#            date       tau225        Tb[K]      pwv[mm] lwp[kg*m^-2] iwp[kg*m^-2]       o3[DU]
20191003_12:00:00   7.6472e-01   1.5445e+02   1.2945e+01   0.0000e+00   0.0000e+00   2.5287e+02
20191003_13:00:00   7.6153e-01   1.5405e+02   1.2879e+01   0.0000e+00   0.0000e+00   2.5339e+02
20191003_14:00:00   7.6019e-01   1.5385e+02   1.2872e+01   0.0000e+00   0.0000e+00   2.5379e+02
20191003_15:00:00   0.0000e+00   0.0000e+00   0.0000e+00   0.0000e+00   0.0000e+00   0.0000e+00
20191003_16:00:00   9.0973e-01   1.7153e+02   1.5391e+01   6.2635e-03   1.2422e-06   2.5353e+02
20191003_17:00:00   0.0000e+00   0.0000e+00   0.0000e+00   0.0000e+00   0.0000e+00   0.0000e+00
20191003_19:00:00   1.0258e+00   1.8364e+02   1.7353e+01   1.5236e-03   0.0000e+00   2.5194e+02
20191003_20:00:00   0.0000e+00   0.0000e+00   0.0000e+00   0.0000e+00   0.0000e+00   0.0000e+00
20191003_21:00:00   4.9444e-01   1.1078e+02   9.1405e+00   0.0000e+00   0.0000e+00   2.6783e+02
20191003_22:00:00   1.1941e+00   1.9927e+02   1.7770e+01   5.3440e-02   0.0000e+00   2.5541e+02
20191004_00:00:00   0.0000e+00   0.0000e+00   0.0000e+00   0.0000e+00   0.0000e+00   0.0000e+00
20191004_01:00:00   8.8649e-01   1.6941e+02   1.4832e+01   1.3414e-03   0.0000e+00   2.5539e+02
20191004_02:00:00   8.6008e-01   1.6638e+02   1.4452e+01   0.0000e+00   0.0000e+00   2.5416e+02
20191004_03:00:00   8.6089e-01   1.6645e+02   1.4450e+01   0.0000e+00   0.0000e+00   2.5200e+02
20191004_04:00:00   4.7117e-01   1.0772e+02   9.2724e+00   1.5528e-04   1.3908e-03   2.6830e+02
20191004_05:00:00   0.0000e+00   2.7000e+00   0.0000e+00   0.0000e+00   0.0000e+00   0.0000e+00
20191004_06:00:00   8.6301e-01   1.6632e+02   1.4667e+01   0.0000e+00   0.0000e+00   2.5384e+02
20191004_07:00:00   8.6139e-01   1.6610e+02   1.4596e+01   0.0000e+00   0.0000e+00   2.5408e+02
20191004_08:00:00   8.4956e-01   1.6466e+02   1.4398e+01   0.0000e+00   0.0000e+00   2.5363e+02
20191004_09:00:00   1.3511e-06   2.7011e+00   0.0000e+00   0.0000e+00   0.0000e+00   5.6666e+00
20191004_10:00:00   8.3791e-01   1.6313e+02   1.4164e+01   0.0000e+00   0.0000e+00   2.5393e+02
20191004_11:00:00   8.2492e-01   1.6151e+02   1.3936e+01   0.0000e+00   0.0000e+00   2.5344e+02
20191004_12:00:00   8.0404e-01   1.5894e+02   1.3557e+01   0.0000e+00   0.0000e+00   2.5319e+02
20191004_13:00:00   8.0857e-01   1.5941e+02   1.3569e+01   0.0000e+00   0.0000e+00   2.5305e+02
20191004_16:00:00   2.1867e+04   2.2620e+02   4.7542e-01   0.0000e+00   1.2062e+06   2.7162e+02
20191004_17:00:00   2.9179e-01   7.4021e+01   5.3418e+00   0.0000e+00   0.0000e+00   2.5397e+02
20191004_18:00:00   5.8829e-01   1.2914e+02   9.9976e+00   0.0000e+00   0.0000e+00   2.5405e+02
20191004_19:00:00   5.8953e-01   1.2947e+02   1.0065e+01   0.0000e+00   0.0000e+00   2.5460e+02
20191004_20:00:00   0.0000e+00   2.7000e+00   0.0000e+00   0.0000e+00   0.0000e+00   0.0000e+00
20191004_21:00:00   6.3510e-01   1.3638e+02   1.1009e+01   0.0000e+00   0.0000e+00   2.5516e+02
20191004_22:00:00   6.1904e-01   1.3397e+02   1.0834e+01   0.0000e+00   0.0000e+00   2.5603e+02
20191004_23:00:00   5.8749e-01   1.2916e+02   1.0358e+01   0.0000e+00   0.0000e+00   2.5660e+02
20191005_00:00:00   5.4777e-01   1.2288e+02   9.6840e+00   0.0000e+00   0.0000e+00   2.5650e+02
20191005_01:00:00   5.1116e-01   1.1686e+02   9.0448e+00   0.0000e+00   0.0000e+00   2.5608e+02
20191005_02:00:00   1.7762e-01   4.9640e+01   3.3969e+00   0.0000e+00   0.0000e+00   2.6751e+02
20191005_03:00:00   4.5756e-01   1.0781e+02   8.0436e+00   0.0000e+00   0.0000e+00   2.5558e+02
20191005_04:00:00   4.3967e-01   1.0468e+02   7.7134e+00   0.0000e+00   0.0000e+00   2.5572e+02
20191005_05:00:00   4.2668e-01   1.0233e+02   7.4733e+00   0.0000e+00   0.0000e+00   2.5673e+02
20191005_06:00:00   4.1360e-01   9.9927e+01   7.2178e+00   0.0000e+00   0.0000e+00   2.5765e+02
20191005_07:00:00   0.0000e+00   2.7000e+00   0.0000e+00   0.0000e+00   0.0000e+00   0.0000e+00
20191005_08:00:00   4.1295e-01   9.9811e+01   7.1552e+00   0.0000e+00   0.0000e+00   2.5801e+02
20191005_09:00:00   4.2676e-01   1.0230e+02   7.3625e+00   0.0000e+00   0.0000e+00   2.5775e+02
20191005_10:00:00   4.3964e-01   1.0462e+02   7.5612e+00   0.0000e+00   0.0000e+00   2.5759e+02
20191005_11:00:00   4.5371e-01   1.0704e+02   7.7853e+00   0.0000e+00   0.0000e+00   2.5726e+02
20191005_12:00:00   0.0000e+00   2.7000e+00   0.0000e+00   0.0000e+00   0.0000e+00   0.0000e+00
20191005_13:00:00   4.4552e-01   1.0548e+02   7.6288e+00   0.0000e+00   0.0000e+00   2.5598e+02
20191005_14:00:00   4.3889e-01   1.0426e+02   7.4946e+00   0.0000e+00   0.0000e+00   2.5444e+02
20191005_16:00:00   4.1294e-01   9.9604e+01   7.0660e+00   0.0000e+00   0.0000e+00   2.5299e+02
20191005_17:00:00   0.0000e+00   0.0000e+00   0.0000e+00   0.0000e+00   0.0000e+00   0.0000e+00
20191005_18:00:00   3.8461e-01   9.4348e+01   6.6495e+00   0.0000e+00   0.0000e+00   2.5216e+02
20191005_19:00:00   4.1160e-01   9.9522e+01   7.1579e+00   0.0000e+00   0.0000e+00   2.5272e+02
20191005_21:00:00   4.8144e-01   1.1210e+02   8.5065e+00   0.0000e+00   0.0000e+00   2.5504e+02
20191005_22:00:00   0.0000e+00   2.7000e+00   0.0000e+00   0.0000e+00   0.0000e+00   0.0000e+00
20191005_23:00:00   5.2662e-01   1.1976e+02   9.3330e+00   0.0000e+00   0.0000e+00   2.5471e+02
20191006_01:00:00   5.2723e-01   1.1970e+02   9.4077e+00   0.0000e+00   0.0000e+00   2.5375e+02
20191006_02:00:00   4.8687e-01   1.1291e+02   8.7472e+00   0.0000e+00   0.0000e+00   2.5319e+02
20191006_03:00:00   4.6260e-01   1.0862e+02   8.3693e+00   0.0000e+00   1.0376e-05   2.5212e+02
20191006_04:00:00   4.3249e-01   1.0320e+02   7.8528e+00   0.0000e+00   1.4782e-05   2.5105e+02
20191006_05:00:00   4.1241e-01   9.9481e+01   7.4955e+00   0.0000e+00   1.4006e-05   2.5114e+02
20191006_06:00:00   4.0258e-01   9.7561e+01   7.3648e+00   0.0000e+00   2.5980e-05   2.5116e+02
20191006_07:00:00   3.8352e-01   9.3919e+01   7.0764e+00   0.0000e+00   2.2280e-05   2.5109e+02
20191006_08:00:00   2.3560e-01   6.3165e+01   4.7335e+00   0.0000e+00   0.0000e+00   2.6568e+02
20191006_09:00:00   0.0000e+00   0.0000e+00   0.0000e+00   0.0000e+00   0.0000e+00   0.0000e+00
20191006_10:00:00   0.0000e+00   0.0000e+00   0.0000e+00   0.0000e+00   0.0000e+00   0.0000e+00
20191006_11:00:00   0.0000e+00   0.0000e+00   0.0000e+00   0.0000e+00   0.0000e+00   0.0000e+00
20191006_12:00:00   0.0000e+00   2.7000e+00   0.0000e+00   0.0000e+00   0.0000e+00   0.0000e+00
20191006_13:00:00   4.3007e-01   1.0269e+02   7.6520e+00   0.0000e+00   2.2060e-04   2.5032e+02
20191006_15:00:00   4.2244e-01   1.0127e+02   7.5225e+00   0.0000e+00   1.2428e-04   2.4937e+02
20191006_16:00:00   4.2172e-01   1.0115e+02   7.5149e+00   0.0000e+00   5.9200e-05   2.4899e+02
20191006_17:00:00   4.1178e-01   9.9319e+01   7.3664e+00   0.0000e+00   6.0540e-05   2.4842e+02
20191006_18:00:00   0.0000e+00   0.0000e+00   0.0000e+00   0.0000e+00   0.0000e+00   0.0000e+00
20191006_19:00:00   3.9549e-01   9.6249e+01   7.1497e+00   0.0000e+00   1.2937e-03   2.4663e+02
20191006_20:00:00   4.0703e-01   9.8462e+01   7.4139e+00   0.0000e+00   2.5438e-03   2.4646e+02
20191006_21:00:00   4.1636e-01   1.0019e+02   7.6730e+00   0.0000e+00   3.9146e-03   2.4736e+02
20191006_22:00:00   4.3124e-01   1.0286e+02   8.0188e+00   0.0000e+00   3.8859e-03   2.4900e+02
20191006_23:00:00   2.0957e-01   5.7574e+01   4.3123e+00   0.0000e+00   4.9959e-03   2.5097e+02
20191007_00:00:00   4.0066e-01   9.7148e+01   7.5393e+00   0.0000e+00   2.8878e-03   2.5193e+02
20191007_01:00:00   3.6707e-01   9.0741e+01   6.9509e+00   0.0000e+00   3.9756e-03   2.5226e+02
20191007_02:00:00   3.7065e-01   9.1520e+01   7.0305e+00   0.0000e+00   2.2680e-03   2.5256e+02
20191007_03:00:00   4.0851e-01   9.8800e+01   7.7046e+00   0.0000e+00   2.1416e-03   2.5239e+02
20191007_04:00:00   4.4140e-01   1.0490e+02   8.2763e+00   0.0000e+00   1.1592e-03   2.5212e+02
20191007_05:00:00   4.5424e-01   1.0720e+02   8.5138e+00   0.0000e+00   1.0814e-03   2.5211e+02
20191007_06:00:00   4.8173e-01   1.1199e+02   9.0555e+00   0.0000e+00   9.6818e-04   2.5191e+02
20191007_07:00:00   5.0847e-01   1.1641e+02   9.5994e+00   0.0000e+00   1.4041e-03   2.5228e+02
20191007_08:00:00   5.1798e-01   1.1789e+02   9.8357e+00   0.0000e+00   1.0522e-03   2.5286e+02
20191007_09:00:00   5.4317e-01   1.2197e+02   1.0287e+01   0.0000e+00   1.3512e-03   2.5211e+02
20191007_10:00:00   0.0000e+00   0.0000e+00   0.0000e+00   0.0000e+00   0.0000e+00   0.0000e+00
20191007_11:00:00   5.5721e-01   1.2421e+02   1.0515e+01   0.0000e+00   2.0940e-03   2.5234e+02
20191007_12:00:00   5.9023e-01   1.2941e+02   1.1070e+01   0.0000e+00   1.7688e-03   2.5233e+02
20191007_13:00:00   6.2958e-01   1.3545e+02   1.1709e+01   0.0000e+00   1.9750e-03   2.5219e+02
20191007_14:00:00   6.6500e-01   1.4065e+02   1.2270e+01   0.0000e+00   1.2882e-03   2.5282e+02
20191007_15:00:00   6.6131e-01   1.4009e+02   1.2208e+01   0.0000e+00   1.3673e-03   2.5353e+02
20191007_16:00:00   6.2529e-01   1.3479e+02   1.1589e+01   0.0000e+00   1.2840e-03   2.5374e+02
20191007_17:00:00   5.6320e-01   1.2520e+02   1.0522e+01   0.0000e+00   1.0352e-05   2.5432e+02
20191007_18:00:00   5.2475e-01   1.1897e+02   9.8258e+00   0.0000e+00   0.0000e+00   2.5351e+02
20191007_19:00:00   5.5238e-01   1.2350e+02   1.0279e+01   0.0000e+00   1.8714e-04   2.5263e+02
20191007_21:00:00   6.0163e-01   1.3128e+02   1.1357e+01   0.0000e+00   0.0000e+00   2.5176e+02
20191007_23:00:00   0.0000e+00   2.7000e+00   0.0000e+00   0.0000e+00   0.0000e+00   0.0000e+00
20191008_00:00:00   5.8306e-01   1.2801e+02   1.1376e+01   0.0000e+00   0.0000e+00   2.5284e+02
20191008_01:00:00   0.0000e+00   2.7000e+00   0.0000e+00   0.0000e+00   0.0000e+00   0.0000e+00
20191008_02:00:00   5.4155e-01   1.2186e+02   1.0297e+01   0.0000e+00   0.0000e+00   2.5319e+02
20191008_03:00:00   5.1458e-01   1.1676e+02   1.0530e+01   0.0000e+00   0.0000e+00   2.5611e+02
20191008_04:00:00   4.4621e-01   1.0570e+02   8.4699e+00   0.0000e+00   0.0000e+00   2.5420e+02
20191008_05:00:00   3.8327e-01   9.4081e+01   7.2672e+00   0.0000e+00   0.0000e+00   2.5434e+02
20191008_06:00:00   3.5239e-01   8.8092e+01   6.6569e+00   0.0000e+00   0.0000e+00   2.5484e+02
20191008_07:00:00   3.3528e-01   8.4629e+01   6.3352e+00   0.0000e+00   0.0000e+00   2.5506e+02
20191008_08:00:00   3.2105e-01   8.1590e+01   6.1397e+00   0.0000e+00   0.0000e+00   2.5485e+02
20191008_09:00:00   3.1204e-01   7.9539e+01   6.0638e+00   0.0000e+00   0.0000e+00   2.5488e+02
20191008_10:00:00   4.9633e-01   1.1164e+02   9.5364e+00   0.0000e+00   0.0000e+00   2.6405e+02
20191008_11:00:00   2.9860e-01   7.6382e+01   5.9676e+00   0.0000e+00   0.0000e+00   2.5502e+02
20191008_12:00:00   3.1125e-01   7.8825e+01   6.2831e+00   0.0000e+00   0.0000e+00   2.5536e+02
20191008_15:00:00   3.3255e-01   8.2833e+01   6.8207e+00   0.0000e+00   0.0000e+00   2.5671e+02
20191008_18:00:00   0.0000e+00   2.7000e+00   0.0000e+00   0.0000e+00   0.0000e+00   0.0000e+00
20191008_21:00:00   0.0000e+00   2.7000e+00   0.0000e+00   0.0000e+00   0.0000e+00   0.0000e+00
20191009_00:00:00   0.0000e+00   2.7000e+00   0.0000e+00   0.0000e+00   0.0000e+00   0.0000e+00
20191009_03:00:00   4.1260e-01   9.8813e+01   8.1944e+00   0.0000e+00   0.0000e+00   2.5860e+02
20191009_06:00:00   5.5590e-01   1.2098e+02   1.1030e+01   0.0000e+00   8.8476e-02   2.6641e+02
20191009_09:00:00   4.0252e-01   9.6686e+01   7.9696e+00   0.0000e+00   0.0000e+00   2.6130e+02
20191009_12:00:00   3.8363e-01   9.3151e+01   7.5443e+00   0.0000e+00   0.0000e+00   2.5952e+02
20191009_15:00:00   3.7049e-01   9.0860e+01   7.1709e+00   0.0000e+00   0.0000e+00   2.6159e+02
20191009_18:00:00   2.8038e-01   7.2807e+01   5.4035e+00   0.0000e+00   0.0000e+00   2.6274e+02
20191009_21:00:00   2.4806e-01   6.5976e+01   4.7652e+00   0.0000e+00   0.0000e+00   2.6323e+02
20191010_00:00:00   2.0306e-01   5.5761e+01   3.9396e+00   0.0000e+00   0.0000e+00   2.6597e+02
20191010_03:00:00   1.6184e-01   4.5862e+01   3.1938e+00   0.0000e+00   0.0000e+00   2.6449e+02
20191010_06:00:00   1.7330e-01   4.8537e+01   3.4075e+00   0.0000e+00   0.0000e+00   2.6550e+02
20191010_09:00:00   2.2466e-01   6.0379e+01   4.3763e+00   0.0000e+00   0.0000e+00   2.6797e+02
20191010_12:00:00   2.4797e-01   6.5543e+01   4.7640e+00   0.0000e+00   0.0000e+00   2.6676e+02
20191010_15:00:00   2.5929e-01   6.7967e+01   4.9327e+00   0.0000e+00   0.0000e+00   2.6883e+02
20191010_18:00:00   2.5269e-01   6.6715e+01   4.7369e+00   0.0000e+00   0.0000e+00   2.6854e+02
20191010_21:00:00   3.3179e-01   8.3285e+01   6.1686e+00   0.0000e+00   0.0000e+00   2.6834e+02
20191011_00:00:00   3.3760e-01   8.4555e+01   6.2701e+00   0.0000e+00   0.0000e+00   2.6999e+02
20191011_03:00:00   3.0559e-01   7.8186e+01   5.6487e+00   0.0000e+00   0.0000e+00   2.7096e+02
20191011_06:00:00   0.0000e+00   0.0000e+00   0.0000e+00   0.0000e+00   0.0000e+00   0.0000e+00
20191011_09:00:00   2.7495e-01   7.1722e+01   5.0968e+00   0.0000e+00   0.0000e+00   2.7293e+02
20191011_12:00:00   2.7792e-01   7.2256e+01   5.1648e+00   0.0000e+00   0.0000e+00   2.7157e+02
20191011_15:00:00   2.9388e-01   7.5507e+01   5.4842e+00   0.0000e+00   0.0000e+00   2.7077e+02
20191011_18:00:00   3.1763e-01   8.0493e+01   5.8792e+00   0.0000e+00   0.0000e+00   2.7006e+02
20191011_21:00:00   4.1669e-01   9.9777e+01   7.6481e+00   0.0000e+00   0.0000e+00   2.6803e+02
20191012_03:00:00   4.5798e-01   1.0726e+02   8.3751e+00   0.0000e+00   0.0000e+00   2.6747e+02
20191012_06:00:00   4.1267e-01   9.9038e+01   7.6158e+00   0.0000e+00   0.0000e+00   2.6656e+02
20191012_09:00:00   4.2150e-01   1.0044e+02   7.8166e+00   0.0000e+00   0.0000e+00   2.6782e+02
20191012_12:00:00   4.6104e-01   1.0730e+02   8.5441e+00   0.0000e+00   0.0000e+00   2.6666e+02
20191012_15:00:00   4.7634e-01   1.0980e+02   8.8674e+00   0.0000e+00   7.3034e-05   2.6805e+02
20191012_18:00:00   4.7626e-01   1.0983e+02   8.8381e+00   0.0000e+00   0.0000e+00   2.6755e+02
20191012_21:00:00   5.3883e-01   1.2033e+02   1.0078e+01   0.0000e+00   0.0000e+00   2.6168e+02
20191013_00:00:00   4.9495e-01   1.1313e+02   9.3198e+00   0.0000e+00   0.0000e+00   2.6497e+02
20191013_03:00:00   0.0000e+00   2.7000e+00   0.0000e+00   0.0000e+00   0.0000e+00   0.0000e+00
20191013_06:00:00   3.9404e-01   9.5144e+01   7.4327e+00   0.0000e+00   0.0000e+00   2.6320e+02
20191013_09:00:00   3.7459e-01   9.1245e+01   7.0861e+00   0.0000e+00   0.0000e+00   2.6685e+02
20191013_12:00:00   0.0000e+00   0.0000e+00   0.0000e+00   0.0000e+00   0.0000e+00   0.0000e+00
20191013_21:00:00   0.0000e+00   2.7000e+00   0.0000e+00   0.0000e+00   0.0000e+00   0.0000e+00
20191014_00:00:00   0.0000e+00   0.0000e+00   0.0000e+00   0.0000e+00   0.0000e+00   0.0000e+00
20191014_03:00:00   0.0000e+00   0.0000e+00   0.0000e+00   0.0000e+00   0.0000e+00   0.0000e+00
20191014_06:00:00   4.1270e-01   9.6606e+01   8.3261e+00   0.0000e+00   7.7439e-03   2.6801e+02
20191014_09:00:00   3.4985e-01   8.5341e+01   6.8817e+00   0.0000e+00   0.0000e+00   2.7026e+02
20191014_12:00:00   2.6558e-01   6.8455e+01   5.1958e+00   0.0000e+00   0.0000e+00   2.6773e+02
20191014_15:00:00   2.5003e-01   6.5449e+01   4.8217e+00   0.0000e+00   0.0000e+00   2.6529e+02
20191014_18:00:00   3.1283e-01   7.8693e+01   5.9927e+00   0.0000e+00   0.0000e+00   2.6350e+02
20191014_21:00:00   3.5527e-01   8.7286e+01   6.7952e+00   0.0000e+00   0.0000e+00   2.6389e+02
20191015_00:00:00   0.0000e+00   0.0000e+00   0.0000e+00   0.0000e+00   0.0000e+00   0.0000e+00
20191015_06:00:00   3.1102e-01   7.8838e+01   5.9206e+00   0.0000e+00   0.0000e+00   2.6788e+02
20191015_09:00:00   2.9724e-01   7.6063e+01   5.6049e+00   0.0000e+00   0.0000e+00   2.6680e+02
20191015_12:00:00   2.8391e-01   7.3174e+01   5.3764e+00   0.0000e+00   0.0000e+00   2.6455e+02
20191015_15:00:00   6.7370e-01   1.3973e+02   1.2451e+01   0.0000e+00   0.0000e+00   2.5449e+02
20191015_18:00:00   0.0000e+00   2.7000e+00   0.0000e+00   0.0000e+00   0.0000e+00   0.0000e+00
20191015_21:00:00   2.9218e-01   7.4642e+01   5.6812e+00   0.0000e+00   0.0000e+00   2.6149e+02
20191016_00:00:00   2.7875e-01   7.1928e+01   5.4049e+00   0.0000e+00   0.0000e+00   2.6263e+02
20191016_06:00:00   2.1578e-01   5.8329e+01   4.1375e+00   0.0000e+00   0.0000e+00   2.6503e+02
20191016_09:00:00   4.1788e-01   9.8653e+01   7.9994e+00   0.0000e+00   0.0000e+00   2.5430e+02
20191016_12:00:00   4.6660e-01   1.0698e+02   8.7162e+00   0.0000e+00   0.0000e+00   2.6111e+02
20191016_15:00:00   2.7414e-01   7.0758e+01   5.2585e+00   0.0000e+00   6.5163e-03   2.6615e+02
20191016_18:00:00   2.8277e-01   7.2561e+01   5.4040e+00   0.0000e+00   3.0250e-03   2.6567e+02
20191016_21:00:00   3.2002e-01   8.0529e+01   5.9819e+00   0.0000e+00   7.3809e-03   2.6364e+02
20191017_00:00:00   3.1926e-01   8.0419e+01   5.9654e+00   0.0000e+00   5.6021e-03   2.6567e+02
20191017_03:00:00   2.5700e-01   6.7533e+01   4.7793e+00   0.0000e+00   1.7433e-04   2.6674e+02
20191017_06:00:00   2.1747e-01   5.8825e+01   4.0431e+00   0.0000e+00   1.1994e-04   2.6523e+02
20191017_09:00:00   0.0000e+00   2.7000e+00   0.0000e+00   0.0000e+00   0.0000e+00   0.0000e+00
20191017_12:00:00   2.3767e-01   6.2828e+01   4.5729e+00   0.0000e+00   1.2844e-02   2.6702e+02
20191017_15:00:00   0.0000e+00   0.0000e+00   0.0000e+00   0.0000e+00   0.0000e+00   0.0000e+00
20191017_18:00:00   2.7626e-01   7.0956e+01   5.3549e+00   0.0000e+00   2.7906e-03   2.6868e+02
20191017_21:00:00   3.1125e-01   7.8526e+01   5.9362e+00   0.0000e+00   1.0663e-03   2.6874e+02
20191018_00:00:00   2.8609e-01   7.3697e+01   5.3459e+00   0.0000e+00   0.0000e+00   2.6732e+02
20191018_03:00:00   0.0000e+00   2.7000e+00   0.0000e+00   0.0000e+00   0.0000e+00   0.0000e+00
20191018_06:00:00   2.8101e-01   7.2584e+01   5.2869e+00   0.0000e+00   0.0000e+00   2.6589e+02
20191018_09:00:00   0.0000e+00   2.7000e+00   0.0000e+00   0.0000e+00   0.0000e+00   0.0000e+00
20191018_12:00:00   3.3602e-01   8.3362e+01   6.4475e+00   0.0000e+00   0.0000e+00   2.6804e+02
20191018_15:00:00   0.0000e+00   2.7000e+00   0.0000e+00   0.0000e+00   0.0000e+00   0.0000e+00
20191018_18:00:00   3.5825e-01   8.7182e+01   6.9392e+00   0.0000e+00   0.0000e+00   2.6863e+02
20191018_21:00:00   3.8736e-01   9.2705e+01   7.4819e+00   0.0000e+00   0.0000e+00   2.6819e+02
20191019_00:00:00   3.3206e-01   8.1380e+01   6.6633e+00   0.0000e+00   0.0000e+00   2.6913e+02
20191019_03:00:00   0.0000e+00   0.0000e+00   0.0000e+00   0.0000e+00   0.0000e+00   0.0000e+00
20191019_06:00:00   0.0000e+00   2.7000e+00   0.0000e+00   0.0000e+00   0.0000e+00   0.0000e+00
20191019_09:00:00   0.0000e+00   0.0000e+00   0.0000e+00   0.0000e+00   0.0000e+00   0.0000e+00
20191019_12:00:00   3.5780e-01   8.7069e+01   6.5490e+00   0.0000e+00   0.0000e+00   2.7121e+02
