#            date       tau225        Tb[K]      pwv[mm] lwp[kg*m^-2] iwp[kg*m^-2]       o3[DU]
20191031_00:00:00   5.7474e-02   1.9165e+01   9.1060e-01   0.0000e+00   6.1277e-04   2.8389e+02
20191031_01:00:00   5.4710e-02   1.8556e+01   8.2633e-01   0.0000e+00   5.6657e-04   2.8493e+02
20191031_02:00:00   5.3211e-02   1.8230e+01   7.8076e-01   0.0000e+00   1.0053e-03   2.8510e+02
20191031_03:00:00   5.0595e-02   1.7577e+01   7.2184e-01   0.0000e+00   5.0291e-04   2.8447e+02
20191031_04:00:00   4.8684e-02   1.7089e+01   6.7971e-01   0.0000e+00   3.9549e-04   2.8400e+02
20191031_05:00:00   4.8960e-02   1.7166e+01   6.8644e-01   0.0000e+00   3.7815e-04   2.8225e+02
20191031_06:00:00   5.1286e-02   1.7795e+01   7.3348e-01   0.0000e+00   5.3224e-04   2.8176e+02
20191031_07:00:00   5.3957e-02   1.8521e+01   7.8711e-01   0.0000e+00   3.2460e-04   2.8200e+02
20191031_08:00:00   5.8454e-02   1.9726e+01   8.7523e-01   0.0000e+00   1.2088e-05   2.8126e+02
20191031_09:00:00   6.4734e-02   2.1408e+01   9.9215e-01   0.0000e+00   0.0000e+00   2.8162e+02
20191031_10:00:00   6.7985e-02   2.2250e+01   1.0594e+00   0.0000e+00   0.0000e+00   2.8260e+02
20191031_11:00:00   6.9829e-02   2.2740e+01   1.0965e+00   0.0000e+00   0.0000e+00   2.8279e+02
20191031_12:00:00   7.4719e-02   2.3984e+01   1.2012e+00   0.0000e+00   0.0000e+00   2.8300e+02
20191031_13:00:00   7.9409e-02   2.5181e+01   1.2963e+00   0.0000e+00   0.0000e+00   2.8322e+02
20191031_14:00:00   8.2897e-02   2.6096e+01   1.3571e+00   0.0000e+00   0.0000e+00   2.8416e+02
20191031_15:00:00   8.5494e-02   2.6746e+01   1.4137e+00   0.0000e+00   0.0000e+00   2.8541e+02
20191031_16:00:00   9.0399e-02   2.7942e+01   1.5284e+00   0.0000e+00   0.0000e+00   2.8608e+02
20191031_17:00:00   9.4079e-02   2.8874e+01   1.6047e+00   0.0000e+00   0.0000e+00   2.8554e+02
20191031_18:00:00   9.2393e-02   2.8534e+01   1.5530e+00   0.0000e+00   0.0000e+00   2.8639e+02
20191031_19:00:00   9.5925e-02   2.9349e+01   1.6501e+00   0.0000e+00   0.0000e+00   2.8688e+02
20191031_20:00:00   1.0560e-01   3.1663e+01   1.8761e+00   0.0000e+00   0.0000e+00   2.8601e+02
20191031_21:00:00   1.2788e-01   3.7011e+01   2.3620e+00   0.0000e+00   0.0000e+00   2.8536e+02
20191031_22:00:00   1.6355e-01   4.5470e+01   3.0956e+00   0.0000e+00   0.0000e+00   2.8369e+02
20191031_23:00:00   1.8545e-01   5.0559e+01   3.5429e+00   0.0000e+00   0.0000e+00   2.8202e+02
20191101_00:00:00   1.9505e-01   5.2832e+01   3.7219e+00   0.0000e+00   0.0000e+00   2.8133e+02
20191101_01:00:00   1.9838e-01   5.3654e+01   3.7881e+00   0.0000e+00   0.0000e+00   2.8019e+02
20191101_02:00:00   1.9819e-01   5.3700e+01   3.7726e+00   0.0000e+00   0.0000e+00   2.7933e+02
20191101_03:00:00   1.9978e-01   5.4035e+01   3.8236e+00   0.0000e+00   0.0000e+00   2.7736e+02
20191101_04:00:00   2.0177e-01   5.4410e+01   3.8912e+00   0.0000e+00   0.0000e+00   2.7692e+02
20191101_05:00:00   2.0458e-01   5.4991e+01   3.9679e+00   0.0000e+00   0.0000e+00   2.7788e+02
20191101_06:00:00   2.1066e-01   5.6305e+01   4.0984e+00   0.0000e+00   0.0000e+00   2.7697e+02
20191101_07:00:00   2.1545e-01   5.7431e+01   4.1716e+00   0.0000e+00   0.0000e+00   2.7715e+02
20191101_08:00:00   2.2140e-01   5.8824e+01   4.2606e+00   0.0000e+00   0.0000e+00   2.7776e+02
20191101_09:00:00   2.2738e-01   6.0126e+01   4.3832e+00   0.0000e+00   0.0000e+00   2.7772e+02
20191101_10:00:00   2.2851e-01   6.0409e+01   4.4004e+00   0.0000e+00   0.0000e+00   2.7799e+02
20191101_11:00:00   2.2845e-01   6.0418e+01   4.3930e+00   0.0000e+00   0.0000e+00   2.7853e+02
20191101_12:00:00   2.2582e-01   5.9851e+01   4.3351e+00   0.0000e+00   0.0000e+00   2.7828e+02
20191101_13:00:00   2.1735e-01   5.8016e+01   4.1564e+00   0.0000e+00   0.0000e+00   2.7785e+02
20191101_14:00:00   2.0756e-01   5.5861e+01   3.9571e+00   0.0000e+00   0.0000e+00   2.7814e+02
20191101_15:00:00   1.9691e-01   5.3479e+01   3.7444e+00   0.0000e+00   0.0000e+00   2.7918e+02
20191101_16:00:00   1.8696e-01   5.1291e+01   3.5305e+00   0.0000e+00   0.0000e+00   2.7951e+02
20191101_17:00:00   1.7731e-01   4.9133e+01   3.3197e+00   0.0000e+00   0.0000e+00   2.7952e+02
20191101_18:00:00   1.7050e-01   4.7605e+01   3.1716e+00   0.0000e+00   0.0000e+00   2.7958e+02
20191101_19:00:00   1.8393e-01   5.0717e+01   3.4332e+00   0.0000e+00   0.0000e+00   2.7999e+02
20191101_20:00:00   2.0821e-01   5.6185e+01   3.9237e+00   0.0000e+00   9.3166e-06   2.8050e+02
20191101_21:00:00   2.3925e-01   6.2955e+01   4.5642e+00   0.0000e+00   7.1303e-05   2.7970e+02
20191101_22:00:00   2.6417e-01   6.8276e+01   5.0638e+00   0.0000e+00   1.0352e-06   2.7898e+02
20191101_23:00:00   2.6808e-01   6.9195e+01   5.1166e+00   0.0000e+00   0.0000e+00   2.7910e+02
20191102_00:00:00   2.6181e-01   6.7970e+01   4.9632e+00   0.0000e+00   0.0000e+00   2.7865e+02
20191102_01:00:00   2.5684e-01   6.6922e+01   4.8819e+00   0.0000e+00   0.0000e+00   2.7796e+02
20191102_02:00:00   2.5538e-01   6.6570e+01   4.8789e+00   0.0000e+00   0.0000e+00   2.7782e+02
20191102_03:00:00   2.5388e-01   6.6193e+01   4.8680e+00   0.0000e+00   0.0000e+00   2.7747e+02
20191102_04:00:00   2.5093e-01   6.5531e+01   4.8188e+00   0.0000e+00   0.0000e+00   2.7777e+02
20191102_05:00:00   2.5278e-01   6.5850e+01   4.8847e+00   0.0000e+00   9.0040e-05   2.7791e+02
20191102_06:00:00   2.6468e-01   6.8235e+01   5.1495e+00   0.0000e+00   1.7580e-03   2.7823e+02
20191102_07:00:00   2.8118e-01   7.1587e+01   5.4955e+00   0.0000e+00   1.0098e-03   2.7875e+02
20191102_08:00:00   3.1154e-01   7.7574e+01   6.1316e+00   0.0000e+00   4.3890e-05   2.7900e+02
20191102_09:00:00   3.5362e-01   8.5509e+01   7.0286e+00   0.0000e+00   0.0000e+00   2.7928e+02
20191102_10:00:00   3.8294e-01   9.0856e+01   7.6435e+00   0.0000e+00   0.0000e+00   2.7926e+02
20191102_11:00:00   4.0368e-01   9.4556e+01   8.0819e+00   0.0000e+00   7.7560e-04   2.7914e+02
20191102_12:00:00   4.1291e-01   9.6135e+01   8.2727e+00   0.0000e+00   1.1836e-03   2.7896e+02
20191102_13:00:00   4.1913e-01   9.7139e+01   8.4117e+00   0.0000e+00   1.4728e-03   2.7869e+02
20191102_14:00:00   4.2035e-01   9.7374e+01   8.4330e+00   0.0000e+00   7.9400e-04   2.7915e+02
20191102_15:00:00   4.1666e-01   9.6662e+01   8.3488e+00   0.0000e+00   1.6414e-04   2.8016e+02
20191102_16:00:00   4.1187e-01   9.5771e+01   8.2420e+00   0.0000e+00   7.8301e-04   2.8107e+02
20191102_17:00:00   4.0756e-01   9.4938e+01   8.1598e+00   0.0000e+00   1.4258e-03   2.8211e+02
20191102_18:00:00   4.1416e-01   9.5996e+01   8.3134e+00   0.0000e+00   6.5768e-03   2.8291e+02
20191102_19:00:00   4.2223e-01   9.7486e+01   8.4627e+00   0.0000e+00   5.7520e-03   2.8143e+02
20191102_20:00:00   4.3887e-01   1.0062e+02   8.7235e+00   0.0000e+00   9.7879e-03   2.8008e+02
20191102_21:00:00   4.4200e-01   1.0150e+02   8.7133e+00   0.0000e+00   1.1313e-03   2.7921e+02
20191102_22:00:00   4.3481e-01   1.0048e+02   8.5313e+00   0.0000e+00   9.0857e-04   2.7899e+02
20191102_23:00:00   4.2318e-01   9.8634e+01   8.2552e+00   0.0000e+00   1.7886e-05   2.7926e+02
20191103_00:00:00   4.2262e-01   9.8710e+01   8.2014e+00   0.0000e+00   0.0000e+00   2.8018e+02
20191103_01:00:00   4.4347e-01   1.0227e+02   8.6060e+00   0.0000e+00   2.3145e-04   2.8010e+02
20191103_02:00:00   4.5072e-01   1.0341e+02   8.7577e+00   0.0000e+00   1.1504e-04   2.7945e+02
20191103_03:00:00   4.6399e-01   1.0558e+02   9.0342e+00   0.0000e+00   3.4338e-04   2.7721e+02
20191103_04:00:00   4.9100e-01   1.1007e+02   9.5405e+00   0.0000e+00   6.2084e-03   2.7496e+02
20191103_05:00:00   5.1578e-01   1.1418e+02   9.9691e+00   0.0000e+00   3.0720e-02   2.7469e+02
20191103_06:00:00   5.4007e-01   1.1832e+02   1.0328e+01   0.0000e+00   1.1299e-02   2.7394e+02
20191103_07:00:00   5.8599e-01   1.2564e+02   1.1070e+01   0.0000e+00   3.4137e-03   2.7224e+02
20191103_08:00:00   6.2018e-01   1.3086e+02   1.1590e+01   0.0000e+00   1.5822e-04   2.7141e+02
20191103_09:00:00   6.4539e-01   1.3451e+02   1.1991e+01   0.0000e+00   2.0182e-04   2.7062e+02
20191103_10:00:00   6.4885e-01   1.3512e+02   1.1968e+01   0.0000e+00   3.2197e-05   2.6962e+02
20191103_11:00:00   6.5499e-01   1.3617e+02   1.1968e+01   0.0000e+00   0.0000e+00   2.6805e+02
20191103_12:00:00   6.4827e-01   1.3530e+02   1.1753e+01   0.0000e+00   0.0000e+00   2.6731e+02
20191103_13:00:00   6.3487e-01   1.3330e+02   1.1488e+01   0.0000e+00   0.0000e+00   2.6718e+02
20191103_14:00:00   6.1185e-01   1.2990e+02   1.1060e+01   0.0000e+00   0.0000e+00   2.6842e+02
20191103_15:00:00   5.8431e-01   1.2581e+02   1.0536e+01   0.0000e+00   0.0000e+00   2.6903e+02
20191103_16:00:00   5.5614e-01   1.2155e+02   1.0000e+01   0.0000e+00   0.0000e+00   2.6844e+02
20191103_17:00:00   5.3227e-01   1.1783e+02   9.5449e+00   0.0000e+00   0.0000e+00   2.6760e+02
20191103_18:00:00   5.0130e-01   1.1276e+02   8.9950e+00   0.0000e+00   0.0000e+00   2.6792e+02
20191103_19:00:00   4.5771e-01   1.0543e+02   8.1975e+00   0.0000e+00   0.0000e+00   2.6866e+02
20191103_20:00:00   4.2352e-01   9.9470e+01   7.5637e+00   0.0000e+00   0.0000e+00   2.6941e+02
20191103_21:00:00   4.0972e-01   9.6936e+01   7.3389e+00   0.0000e+00   0.0000e+00   2.7037e+02
20191103_22:00:00   3.9629e-01   9.4429e+01   7.1285e+00   0.0000e+00   0.0000e+00   2.7154e+02
20191103_23:00:00   3.6678e-01   8.8866e+01   6.6196e+00   0.0000e+00   0.0000e+00   2.7224e+02
20191104_00:00:00   3.4329e-01   8.4326e+01   6.2025e+00   0.0000e+00   0.0000e+00   2.7339e+02
20191104_01:00:00   3.2214e-01   8.0202e+01   5.8119e+00   0.0000e+00   0.0000e+00   2.7371e+02
20191104_02:00:00   3.0459e-01   7.6712e+01   5.4787e+00   0.0000e+00   0.0000e+00   2.7387e+02
20191104_03:00:00   2.8603e-01   7.2908e+01   5.1337e+00   0.0000e+00   0.0000e+00   2.7069e+02
20191104_04:00:00   2.7549e-01   7.0734e+01   4.9330e+00   0.0000e+00   0.0000e+00   2.6817e+02
20191104_05:00:00   2.7025e-01   6.9671e+01   4.8206e+00   0.0000e+00   0.0000e+00   2.6447e+02
20191104_06:00:00   2.7668e-01   7.1021e+01   4.9232e+00   0.0000e+00   0.0000e+00   2.6376e+02
20191104_07:00:00   2.8145e-01   7.2042e+01   4.9880e+00   0.0000e+00   0.0000e+00   2.6350e+02
20191104_08:00:00   2.8317e-01   7.2431e+01   4.9956e+00   0.0000e+00   0.0000e+00   2.6248e+02
20191104_09:00:00   2.8632e-01   7.3086e+01   5.0318e+00   0.0000e+00   0.0000e+00   2.6185e+02
20191104_10:00:00   2.7364e-01   7.0462e+01   4.7968e+00   0.0000e+00   0.0000e+00   2.6160e+02
20191104_11:00:00   2.5446e-01   6.6427e+01   4.4535e+00   0.0000e+00   0.0000e+00   2.5885e+02
20191104_12:00:00   2.3900e-01   6.3132e+01   4.1742e+00   0.0000e+00   0.0000e+00   2.5701e+02
20191104_13:00:00   2.2557e-01   6.0235e+01   3.9211e+00   0.0000e+00   0.0000e+00   2.5653e+02
20191104_14:00:00   2.1587e-01   5.8124e+01   3.7340e+00   0.0000e+00   0.0000e+00   2.5775e+02
20191104_15:00:00   2.1054e-01   5.6944e+01   3.6409e+00   0.0000e+00   0.0000e+00   2.5956e+02
20191104_16:00:00   2.0459e-01   5.5586e+01   3.5461e+00   0.0000e+00   0.0000e+00   2.6092e+02
20191104_17:00:00   2.0284e-01   5.5176e+01   3.5258e+00   0.0000e+00   0.0000e+00   2.6168e+02
20191104_18:00:00   2.0215e-01   5.5017e+01   3.5232e+00   0.0000e+00   0.0000e+00   2.6211e+02
20191104_19:00:00   2.2876e-01   6.0928e+01   4.0162e+00   0.0000e+00   0.0000e+00   2.6253e+02
20191104_20:00:00   2.5166e-01   6.5853e+01   4.4686e+00   0.0000e+00   0.0000e+00   2.6265e+02
20191104_21:00:00   2.6577e-01   6.8838e+01   4.7536e+00   0.0000e+00   0.0000e+00   2.6238e+02
20191104_22:00:00   2.7202e-01   7.0165e+01   4.8947e+00   0.0000e+00   0.0000e+00   2.6253e+02
20191104_23:00:00   2.7500e-01   7.0789e+01   4.9622e+00   0.0000e+00   0.0000e+00   2.6250e+02
20191105_00:00:00   2.7499e-01   7.0764e+01   4.9640e+00   0.0000e+00   0.0000e+00   2.6228e+02
20191105_03:00:00   2.3910e-01   6.3098e+01   4.3293e+00   0.0000e+00   0.0000e+00   2.6352e+02
20191105_06:00:00   2.1138e-01   5.6966e+01   3.8250e+00   0.0000e+00   0.0000e+00   2.6593e+02
20191105_09:00:00   2.4836e-01   6.5061e+01   4.4695e+00   0.0000e+00   0.0000e+00   2.7038e+02
20191105_12:00:00   2.6718e-01   6.8998e+01   4.7851e+00   0.0000e+00   0.0000e+00   2.7363e+02
20191105_15:00:00   2.5342e-01   6.6163e+01   4.5034e+00   0.0000e+00   0.0000e+00   2.7571e+02
20191105_18:00:00   2.4130e-01   6.3666e+01   4.2619e+00   0.0000e+00   0.0000e+00   2.7568e+02
20191105_21:00:00   2.6771e-01   6.9368e+01   4.7731e+00   0.0000e+00   0.0000e+00   2.7677e+02
20191106_00:00:00   2.8933e-01   7.3871e+01   5.2136e+00   0.0000e+00   0.0000e+00   2.7831e+02
20191106_03:00:00   2.8190e-01   7.2355e+01   5.0905e+00   0.0000e+00   0.0000e+00   2.7904e+02
20191106_06:00:00   2.8704e-01   7.3264e+01   5.2492e+00   0.0000e+00   0.0000e+00   2.7607e+02
20191106_09:00:00   2.6238e-01   6.8047e+01   4.7921e+00   0.0000e+00   0.0000e+00   2.7619e+02
20191106_12:00:00   2.6291e-01   6.7916e+01   4.8974e+00   0.0000e+00   0.0000e+00   2.7681e+02
20191106_15:00:00   2.5138e-01   6.5365e+01   4.7543e+00   0.0000e+00   0.0000e+00   2.7717e+02
20191106_18:00:00   2.5004e-01   6.4996e+01   4.7648e+00   0.0000e+00   0.0000e+00   2.7638e+02
20191106_21:00:00   2.7773e-01   7.1008e+01   5.3640e+00   0.0000e+00   0.0000e+00   2.7733e+02
20191107_00:00:00   2.8356e-01   7.2141e+01   5.5302e+00   0.0000e+00   0.0000e+00   2.8000e+02
20191107_03:00:00   2.6121e-01   6.7415e+01   5.1072e+00   0.0000e+00   0.0000e+00   2.7815e+02
20191107_06:00:00   2.3358e-01   6.1365e+01   4.5972e+00   0.0000e+00   0.0000e+00   2.7714e+02
20191107_09:00:00   2.2309e-01   5.8992e+01   4.3915e+00   0.0000e+00   5.7713e-04   2.7486e+02
20191107_12:00:00   2.7990e-01   7.1115e+01   5.5348e+00   0.0000e+00   0.0000e+00   2.7490e+02
20191107_15:00:00   4.4003e-01   1.0185e+02   8.5873e+00   0.0000e+00   8.2864e-05   2.7454e+02
20191107_18:00:00   7.1382e-01   1.4405e+02   1.3589e+01   0.0000e+00   3.4452e-03   2.7214e+02
20191107_21:00:00   9.6425e-01   1.7286e+02   1.7931e+01   1.4514e-03   2.0234e-01   2.7219e+02
20191108_00:00:00   1.1050e+00   1.8657e+02   2.0174e+01   1.4448e-03   1.7884e-01   2.7149e+02
20191108_03:00:00   1.1929e+00   1.9395e+02   2.0629e+01   2.0960e-02   5.0328e-01   2.7144e+02
20191108_06:00:00   2.5094e+00   2.5548e+02   2.1594e+01   5.2832e-01   4.3816e-01   2.6652e+02
20191108_09:00:00   1.3336e+00   2.0509e+02   1.9461e+01   1.0048e-01   1.1640e-02   2.6998e+02
20191108_12:00:00   1.0939e+00   1.8539e+02   1.9335e+01   4.7600e-03   2.4782e-01   2.6667e+02
20191108_15:00:00   1.0042e+00   1.7692e+02   1.8025e+01   1.4882e-03   9.0258e-02   2.6324e+02
20191108_18:00:00   8.3836e-01   1.5995e+02   1.4457e+01   0.0000e+00   1.6537e-04   2.6218e+02
20191108_21:00:00   6.9293e-01   1.4207e+02   1.1164e+01   9.5908e-03   0.0000e+00   2.5933e+02
20191109_00:00:00   5.7125e-01   1.2408e+02   9.6921e+00   3.8080e-04   0.0000e+00   2.5577e+02
20191109_03:00:00   4.8714e-01   1.1014e+02   8.5018e+00   0.0000e+00   0.0000e+00   2.5509e+02
20191109_06:00:00   3.7013e-01   8.9071e+01   6.4529e+00   0.0000e+00   0.0000e+00   2.5345e+02
20191109_09:00:00   2.6583e-01   6.8091e+01   4.8182e+00   0.0000e+00   0.0000e+00   2.5667e+02
20191109_12:00:00   2.6950e-01   6.8792e+01   5.0838e+00   0.0000e+00   2.0582e-03   2.6277e+02
20191109_15:00:00   2.8548e-01   7.2211e+01   5.3509e+00   0.0000e+00   8.1894e-04   2.6441e+02
20191109_18:00:00   2.9067e-01   7.3127e+01   5.5791e+00   0.0000e+00   4.3040e-04   2.6352e+02
20191109_21:00:00   3.8542e-01   9.1487e+01   7.3651e+00   0.0000e+00   1.0824e-02   2.6276e+02
20191110_00:00:00   4.0337e-01   9.4614e+01   7.9752e+00   0.0000e+00   3.9118e-03   2.6131e+02
20191110_03:00:00   4.0082e-01   9.4257e+01   7.9883e+00   0.0000e+00   1.5336e-06   2.5811e+02
20191110_06:00:00   3.7345e-01   8.9090e+01   7.6004e+00   0.0000e+00   2.0326e-04   2.5464e+02
20191110_09:00:00   3.8239e-01   9.0630e+01   7.8107e+00   0.0000e+00   1.8039e-03   2.5532e+02
20191110_12:00:00   3.5236e-01   8.5087e+01   7.2215e+00   0.0000e+00   2.2977e-03   2.5819e+02
20191110_15:00:00   3.3456e-01   8.2001e+01   6.7805e+00   0.0000e+00   2.8861e-05   2.5878e+02
20191110_18:00:00   3.4017e-01   8.3302e+01   6.8573e+00   0.0000e+00   7.0540e-05   2.5848e+02
20191110_21:00:00   3.5738e-01   8.6957e+01   7.0964e+00   0.0000e+00   2.2740e-04   2.5798e+02
20191111_00:00:00   3.4591e-01   8.4848e+01   6.9121e+00   0.0000e+00   8.1580e-06   2.6023e+02
20191111_03:00:00   3.1620e-01   7.8694e+01   6.5429e+00   0.0000e+00   0.0000e+00   2.5631e+02
20191111_06:00:00   3.0741e-01   7.6804e+01   6.4455e+00   0.0000e+00   1.6551e-04   2.5482e+02
20191111_09:00:00   3.1193e-01   7.7762e+01   6.5168e+00   0.0000e+00   0.0000e+00   2.5602e+02
20191111_12:00:00   3.1249e-01   7.7982e+01   6.5338e+00   0.0000e+00   1.2716e-03   2.5395e+02
20191111_15:00:00   3.0452e-01   7.6531e+01   6.3555e+00   0.0000e+00   1.0035e-03   2.5031e+02
20191111_18:00:00   2.8917e-01   7.3592e+01   6.0045e+00   0.0000e+00   4.2980e-05   2.4982e+02
20191111_21:00:00   3.0812e-01   7.7797e+01   6.2513e+00   0.0000e+00   0.0000e+00   2.5194e+02
20191112_00:00:00   3.0102e-01   7.6345e+01   6.1357e+00   0.0000e+00   0.0000e+00   2.5244e+02
20191112_03:00:00   2.7139e-01   6.9999e+01   5.6204e+00   0.0000e+00   0.0000e+00   2.5214e+02
20191112_06:00:00   2.7287e-01   7.0311e+01   5.6651e+00   0.0000e+00   0.0000e+00   2.5236e+02
20191112_09:00:00   2.7743e-01   7.1312e+01   5.7534e+00   0.0000e+00   0.0000e+00   2.5363e+02
20191112_12:00:00   2.7869e-01   7.1599e+01   5.7646e+00   0.0000e+00   0.0000e+00   2.5326e+02
20191112_15:00:00   2.7119e-01   7.0099e+01   5.5855e+00   0.0000e+00   0.0000e+00   2.5379e+02
20191112_18:00:00   2.7561e-01   7.1007e+01   5.6913e+00   0.0000e+00   0.0000e+00   2.5345e+02
20191112_21:00:00   3.1452e-01   7.9147e+01   6.4150e+00   0.0000e+00   0.0000e+00   2.5194e+02
20191113_00:00:00   3.1406e-01   7.9365e+01   6.2917e+00   0.0000e+00   0.0000e+00   2.5499e+02
20191113_03:00:00   2.9881e-01   7.5981e+01   6.0944e+00   0.0000e+00   0.0000e+00   2.5645e+02
20191113_06:00:00   3.0294e-01   7.6510e+01   6.2694e+00   0.0000e+00   0.0000e+00   2.5632e+02
20191113_09:00:00   2.7160e-01   6.9789e+01   5.6465e+00   0.0000e+00   4.4940e-05   2.5699e+02
20191113_12:00:00   2.1773e-01   5.8507e+01   4.4010e+00   0.0000e+00   0.0000e+00   2.5568e+02
20191113_15:00:00   2.4422e-01   6.3707e+01   5.1132e+00   0.0000e+00   3.8080e-06   2.5533e+02
20191113_18:00:00   2.8249e-01   7.1516e+01   5.9926e+00   0.0000e+00   7.7804e-04   2.5537e+02
20191113_21:00:00   3.0896e-01   7.7084e+01   6.4708e+00   0.0000e+00   7.1838e-05   2.5624e+02
20191114_00:00:00   3.1251e-01   7.8024e+01   6.4259e+00   0.0000e+00   0.0000e+00   2.5502e+02
20191114_03:00:00   2.7667e-01   7.0649e+01   5.7611e+00   0.0000e+00   7.6180e-06   2.5566e+02
20191114_06:00:00   3.0180e-01   7.5771e+01   6.2638e+00   0.0000e+00   6.6650e-04   2.5704e+02
20191114_09:00:00   3.0746e-01   7.6531e+01   6.5270e+00   0.0000e+00   0.0000e+00   2.5695e+02
20191114_12:00:00   3.2467e-01   7.9537e+01   6.9110e+00   0.0000e+00   3.4472e-04   2.5407e+02
20191114_15:00:00   3.5491e-01   8.5533e+01   7.4651e+00   0.0000e+00   2.0864e-03   2.5479e+02
20191114_18:00:00   3.6498e-01   8.7128e+01   7.7291e+00   0.0000e+00   4.7268e-03   2.5580e+02
20191114_21:00:00   4.5215e-01   1.0223e+02   9.5930e+00   0.0000e+00   5.8043e-02   2.5822e+02
20191115_00:00:00   5.2939e-01   1.1483e+02   1.1187e+01   0.0000e+00   9.1976e-03   2.6082e+02
20191115_03:00:00   5.4280e-01   1.1655e+02   1.1544e+01   0.0000e+00   1.4147e-02   2.6004e+02
20191115_06:00:00   5.5865e-01   1.1878e+02   1.1873e+01   0.0000e+00   6.8653e-03   2.6108e+02
20191115_09:00:00   5.2456e-01   1.1382e+02   1.1041e+01   0.0000e+00   6.5411e-03   2.6223e+02
20191115_12:00:00   5.7104e-01   1.2144e+02   1.1605e+01   0.0000e+00   4.1285e-03   2.6173e+02
20191115_15:00:00   6.1077e-01   1.2711e+02   1.2187e+01   0.0000e+00   1.7787e-02   2.6376e+02
20191115_18:00:00   7.7215e-01   1.4871e+02   1.4930e+01   0.0000e+00   9.7464e-02   2.6552e+02
20191115_21:00:00   1.8724e+00   2.3237e+02   1.8631e+01   3.4364e-01   5.9946e-01   2.6698e+02
20191116_00:00:00   8.4108e-01   1.5804e+02   1.4160e+01   1.1458e-02   1.3551e-02   2.7153e+02
