#            date       tau225        Tb[K]      pwv[mm] lwp[kg*m^-2] iwp[kg*m^-2]       o3[DU]
20191129_06:00:00   5.4110e-01   1.1614e+02   9.2301e+00   1.1034e-02   2.7074e-02   2.9276e+02
20191129_07:00:00   6.3674e-01   1.3022e+02   1.0297e+01   2.2218e-02   3.0924e-03   2.9064e+02
20191129_08:00:00   1.5133e+00   2.1325e+02   1.1123e+01   3.6149e-01   1.7687e-01   2.9855e+02
20191129_09:00:00   1.3511e+00   2.0304e+02   1.1854e+01   2.7476e-01   1.4234e-01   3.0197e+02
20191129_10:00:00   8.5082e-01   1.5732e+02   1.2788e+01   4.6748e-02   3.0157e-01   3.0924e+02
20191129_11:00:00   2.0036e+00   2.3744e+02   1.3159e+01   5.1149e-01   5.0227e-01   3.1547e+02
20191129_12:00:00   1.4892e+00   2.1206e+02   1.2537e+01   3.1351e-01   3.7762e-01   3.1713e+02
20191129_13:00:00   1.3315e+00   2.0189e+02   1.2008e+01   2.6106e-01   2.0638e-02   3.1926e+02
20191129_14:00:00   3.0280e+00   2.5953e+02   1.2184e+01   9.7621e-01   6.4933e-01   3.1695e+02
20191129_15:00:00   1.0567e+00   1.7727e+02   1.0310e+01   1.8998e-01   3.0370e-01   3.1111e+02
20191129_16:00:00   2.1300e+00   2.3986e+02   9.1896e+00   6.5585e-01   4.1021e-01   3.0933e+02
20191129_17:00:00   2.1705e+00   2.4054e+02   7.9587e+00   7.1242e-01   1.5684e-01   3.0668e+02
20191129_18:00:00   7.0233e-01   1.3831e+02   6.0701e+00   1.3515e-01   2.2857e-02   3.0986e+02
20191129_19:00:00   7.9961e-01   1.5051e+02   5.2458e+00   1.9823e-01   2.7482e-03   3.0757e+02
20191129_20:00:00   3.1450e-01   7.5781e+01   4.5862e+00   1.2533e-02   3.3840e-03   3.0084e+02
20191129_21:00:00   2.9501e-01   7.1953e+01   4.4672e+00   8.6180e-03   2.2524e-03   2.9735e+02
20191129_22:00:00   2.5806e-01   6.4497e+01   4.2517e+00   1.2812e-03   2.8668e-03   2.9730e+02
20191129_23:00:00   2.3439e-01   5.9524e+01   3.9927e+00   1.1417e-03   3.3506e-03   2.9290e+02
20191130_00:00:00   2.4444e-01   6.1534e+01   4.0752e+00   4.8980e-03   1.9464e-03   2.9336e+02
20191130_01:00:00   2.2533e-01   5.7501e+01   3.9930e+00   2.0700e-04   1.5657e-03   2.9252e+02
20191130_02:00:00   2.1726e-01   5.5870e+01   3.8863e+00   0.0000e+00   1.9942e-03   2.9299e+02
20191130_03:00:00   2.1549e-01   5.5645e+01   3.7985e+00   0.0000e+00   2.3940e-03   2.9540e+02
20191130_04:00:00   2.2520e-01   5.7753e+01   3.9470e+00   0.0000e+00   1.9637e-03   2.9805e+02
20191130_05:00:00   2.3793e-01   6.0426e+01   4.2310e+00   0.0000e+00   0.0000e+00   2.9839e+02
20191130_06:00:00   2.5162e-01   6.3255e+01   4.4850e+00   0.0000e+00   3.8510e-05   2.9734e+02
20191130_07:00:00   2.6954e-01   6.6763e+01   4.9367e+00   0.0000e+00   0.0000e+00   2.9633e+02
20191130_08:00:00   2.8672e-01   7.0140e+01   5.3466e+00   0.0000e+00   0.0000e+00   2.9702e+02
20191130_09:00:00   2.8534e-01   7.0042e+01   5.3071e+00   0.0000e+00   0.0000e+00   2.9634e+02
20191130_10:00:00   2.7715e-01   6.8557e+01   5.1535e+00   0.0000e+00   0.0000e+00   2.9358e+02
20191130_11:00:00   2.7492e-01   6.8271e+01   5.0589e+00   0.0000e+00   0.0000e+00   2.9074e+02
20191130_12:00:00   2.5843e-01   6.5108e+01   4.6582e+00   0.0000e+00   0.0000e+00   2.8796e+02
20191130_13:00:00   2.5271e-01   6.4034e+01   4.4845e+00   0.0000e+00   2.2288e-04   2.8608e+02
20191130_14:00:00   2.5561e-01   6.4698e+01   4.5124e+00   0.0000e+00   2.5132e-04   2.8510e+02
20191130_15:00:00   2.5353e-01   6.4268e+01   4.4981e+00   0.0000e+00   2.1817e-04   2.8564e+02
20191130_16:00:00   2.5010e-01   6.3542e+01   4.5422e+00   0.0000e+00   3.2960e-04   2.8379e+02
20191130_17:00:00   2.3293e-01   6.0020e+01   4.2743e+00   0.0000e+00   1.1258e-05   2.8270e+02
20191130_18:00:00   2.2787e-01   5.8933e+01   4.2003e+00   0.0000e+00   1.2742e-04   2.8209e+02
20191130_19:00:00   2.3904e-01   6.1107e+01   4.5531e+00   0.0000e+00   2.3649e-03   2.8067e+02
20191130_20:00:00   2.4026e-01   6.1513e+01   4.4946e+00   0.0000e+00   6.0268e-03   2.8026e+02
20191130_21:00:00   2.3795e-01   6.1002e+01   4.4713e+00   0.0000e+00   1.7898e-02   2.7927e+02
20191130_22:00:00   2.2313e-01   5.7977e+01   4.2268e+00   0.0000e+00   1.2137e-02   2.7926e+02
20191130_23:00:00   2.1111e-01   5.5503e+01   4.0068e+00   0.0000e+00   4.2336e-03   2.7933e+02
20191201_00:00:00   2.0180e-01   5.3541e+01   3.8431e+00   0.0000e+00   5.5727e-03   2.7892e+02
20191201_01:00:00   1.8829e-01   5.0586e+01   3.6283e+00   0.0000e+00   7.1980e-03   2.7627e+02
20191201_02:00:00   1.8016e-01   4.8841e+01   3.4673e+00   0.0000e+00   6.3820e-03   2.7450e+02
20191201_03:00:00   1.8669e-01   5.0318e+01   3.5958e+00   0.0000e+00   3.5004e-03   2.7409e+02
20191201_04:00:00   1.8293e-01   4.9583e+01   3.5182e+00   0.0000e+00   3.2262e-03   2.7330e+02
20191201_05:00:00   1.7470e-01   4.7826e+01   3.3385e+00   0.0000e+00   2.9383e-03   2.7286e+02
20191201_06:00:00   1.7182e-01   4.7197e+01   3.2848e+00   0.0000e+00   2.0709e-03   2.7162e+02
20191201_07:00:00   1.7112e-01   4.7060e+01   3.2661e+00   0.0000e+00   1.9738e-03   2.7117e+02
20191201_08:00:00   1.7370e-01   4.7617e+01   3.3259e+00   0.0000e+00   0.0000e+00   2.7119e+02
20191201_09:00:00   1.8400e-01   4.9782e+01   3.5886e+00   0.0000e+00   0.0000e+00   2.7204e+02
20191201_10:00:00   1.8568e-01   5.0130e+01   3.6364e+00   0.0000e+00   1.1018e-03   2.7173e+02
20191201_11:00:00   1.8176e-01   4.9393e+01   3.5024e+00   0.0000e+00   5.6380e-04   2.7232e+02
20191201_12:00:00   1.7575e-01   4.8134e+01   3.3686e+00   0.0000e+00   0.0000e+00   2.7288e+02
20191201_13:00:00   1.6924e-01   4.6773e+01   3.2003e+00   0.0000e+00   0.0000e+00   2.7376e+02
20191201_14:00:00   1.6601e-01   4.6103e+01   3.1129e+00   0.0000e+00   0.0000e+00   2.7472e+02
20191201_15:00:00   1.6446e-01   4.5817e+01   3.0580e+00   0.0000e+00   0.0000e+00   2.7469e+02
20191201_16:00:00   1.6668e-01   4.6344e+01   3.0944e+00   0.0000e+00   0.0000e+00   2.7455e+02
20191201_17:00:00   1.6454e-01   4.5904e+01   3.0421e+00   0.0000e+00   0.0000e+00   2.7461e+02
20191201_18:00:00   1.6281e-01   4.5543e+01   3.0032e+00   0.0000e+00   0.0000e+00   2.7581e+02
20191201_19:00:00   1.6364e-01   4.5758e+01   3.0153e+00   0.0000e+00   0.0000e+00   2.7662e+02
20191201_20:00:00   1.6810e-01   4.6817e+01   3.0898e+00   0.0000e+00   0.0000e+00   2.7750e+02
20191201_21:00:00   1.7741e-01   4.8995e+01   3.2523e+00   0.0000e+00   0.0000e+00   2.7884e+02
20191201_22:00:00   1.7865e-01   4.9316e+01   3.2853e+00   0.0000e+00   0.0000e+00   2.7998e+02
20191201_23:00:00   1.8275e-01   5.0275e+01   3.3636e+00   0.0000e+00   0.0000e+00   2.7856e+02
20191202_00:00:00   1.8197e-01   5.0157e+01   3.3349e+00   0.0000e+00   0.0000e+00   2.7711e+02
20191202_01:00:00   1.8186e-01   5.0183e+01   3.3317e+00   0.0000e+00   0.0000e+00   2.7593e+02
20191202_02:00:00   1.8074e-01   4.9938e+01   3.3109e+00   0.0000e+00   0.0000e+00   2.7649e+02
20191202_03:00:00   1.7769e-01   4.9230e+01   3.2664e+00   0.0000e+00   0.0000e+00   2.7559e+02
20191202_04:00:00   1.7834e-01   4.9368e+01   3.2849e+00   0.0000e+00   1.1580e-04   2.7478e+02
20191202_05:00:00   1.8285e-01   5.0345e+01   3.3784e+00   0.0000e+00   1.0838e-03   2.7580e+02
20191202_06:00:00   1.7997e-01   4.9684e+01   3.3248e+00   0.0000e+00   5.5179e-04   2.7549e+02
20191202_07:00:00   1.7406e-01   4.8298e+01   3.2347e+00   0.0000e+00   2.4919e-03   2.7565e+02
20191202_08:00:00   1.7320e-01   4.8033e+01   3.2426e+00   0.0000e+00   3.8927e-03   2.7670e+02
20191202_09:00:00   1.7274e-01   4.7867e+01   3.2620e+00   0.0000e+00   4.2840e-03   2.7726e+02
20191202_10:00:00   1.8032e-01   4.9588e+01   3.4050e+00   0.0000e+00   1.4148e-03   2.7749e+02
20191202_11:00:00   1.8920e-01   5.1455e+01   3.6236e+00   0.0000e+00   5.9783e-03   2.7784e+02
20191202_12:00:00   1.9113e-01   5.1878e+01   3.6726e+00   0.0000e+00   4.3003e-03   2.7816e+02
20191202_13:00:00   2.0265e-01   5.4169e+01   3.9921e+00   0.0000e+00   1.1140e-02   2.7739e+02
20191202_14:00:00   2.0458e-01   5.4488e+01   4.0808e+00   0.0000e+00   9.3003e-04   2.7565e+02
20191202_15:00:00   1.9699e-01   5.2826e+01   3.9286e+00   0.0000e+00   2.1862e-04   2.7539e+02
20191202_16:00:00   1.9449e-01   5.2183e+01   3.9196e+00   0.0000e+00   2.9500e-03   2.7604e+02
20191202_17:00:00   2.0528e-01   5.4430e+01   4.2014e+00   0.0000e+00   6.6125e-03   2.7529e+02
20191202_18:00:00   2.1103e-01   5.5596e+01   4.3728e+00   0.0000e+00   4.1958e-03   2.7530e+02
20191202_19:00:00   2.1322e-01   5.6086e+01   4.4254e+00   0.0000e+00   7.6997e-03   2.7471e+02
20191202_20:00:00   2.2205e-01   5.7930e+01   4.6392e+00   0.0000e+00   2.0186e-03   2.7334e+02
20191202_21:00:00   2.0733e-01   5.5007e+01   4.2426e+00   0.0000e+00   3.8619e-03   2.7277e+02
20191202_22:00:00   2.2166e-01   5.7941e+01   4.5967e+00   0.0000e+00   1.0597e-03   2.7264e+02
20191202_23:00:00   2.1837e-01   5.7091e+01   4.5943e+00   0.0000e+00   1.3585e-03   2.7152e+02
20191203_00:00:00   2.3123e-01   5.9697e+01   4.9226e+00   0.0000e+00   3.1841e-04   2.7035e+02
20191203_01:00:00   2.4731e-01   6.2891e+01   5.3198e+00   0.0000e+00   3.8846e-04   2.7026e+02
20191203_02:00:00   2.5589e-01   6.4549e+01   5.5388e+00   0.0000e+00   1.3585e-03   2.7014e+02
20191203_03:00:00   2.5751e-01   6.4811e+01   5.6056e+00   0.0000e+00   4.5804e-03   2.6937e+02
20191203_04:00:00   2.7385e-01   6.7991e+01   5.9908e+00   0.0000e+00   3.3935e-03   2.6777e+02
20191203_05:00:00   3.1080e-01   7.5102e+01   6.8347e+00   0.0000e+00   5.9448e-03   2.6717e+02
20191203_06:00:00   3.3541e-01   7.9747e+01   7.3764e+00   0.0000e+00   3.7476e-02   2.6731e+02
20191203_07:00:00   3.3249e-01   7.9275e+01   7.3100e+00   0.0000e+00   2.4944e-02   2.6584e+02
20191203_08:00:00   3.5319e-01   8.3156e+01   7.7680e+00   0.0000e+00   1.1607e-02   2.6490e+02
20191203_09:00:00   3.5811e-01   8.3962e+01   7.8885e+00   0.0000e+00   1.7532e-02   2.6566e+02
20191203_10:00:00   3.5449e-01   8.3370e+01   7.7675e+00   0.0000e+00   6.0516e-03   2.6691e+02
20191203_11:00:00   3.5219e-01   8.2906e+01   7.6900e+00   0.0000e+00   6.1543e-03   2.6790e+02
20191203_12:00:00   3.6909e-01   8.5995e+01   8.0652e+00   0.0000e+00   1.2839e-02   2.6863e+02
20191203_13:00:00   3.8263e-01   8.8572e+01   8.3106e+00   0.0000e+00   1.1329e-02   2.6857e+02
20191203_14:00:00   4.1176e-01   9.3727e+01   8.9148e+00   0.0000e+00   4.6389e-02   2.6942e+02
20191203_15:00:00   4.3847e-01   9.8268e+01   9.3555e+00   0.0000e+00   1.9758e-01   2.6828e+02
20191203_16:00:00   4.5456e-01   1.0093e+02   9.7333e+00   0.0000e+00   9.4228e-02   2.6726e+02
20191203_17:00:00   4.6791e-01   1.0324e+02   9.9753e+00   0.0000e+00   7.0314e-02   2.6829e+02
20191203_18:00:00   4.8862e-01   1.0667e+02   1.0418e+01   0.0000e+00   5.0351e-02   2.6887e+02
20191203_19:00:00   5.1373e-01   1.1073e+02   1.0871e+01   0.0000e+00   9.2590e-02   2.6950e+02
20191203_20:00:00   6.4092e-01   1.3015e+02   1.3074e+01   1.8155e-03   2.5144e-01   2.6880e+02
20191203_21:00:00   9.8925e-01   1.7258e+02   1.5601e+01   8.5850e-02   2.5330e-01   2.6901e+02
20191203_22:00:00   1.1283e+00   1.8718e+02   1.7687e+01   8.8199e-02   1.0013e-01   2.6987e+02
20191203_23:00:00   9.1924e-01   1.6692e+02   1.6175e+01   3.4180e-02   3.4741e-02   2.7126e+02
20191204_00:00:00   8.2289e-01   1.5577e+02   1.4993e+01   1.9048e-02   6.7587e-02   2.7200e+02
20191204_01:00:00   8.5362e-01   1.5946e+02   1.5016e+01   2.3600e-02   2.4793e-01   2.7312e+02
20191204_02:00:00   1.2697e+00   1.9941e+02   1.6578e+01   1.5010e-01   2.8604e-01   2.7487e+02
20191204_03:00:00   9.4177e-01   1.6990e+02   1.6515e+01   1.9177e-02   1.8900e-01   2.7755e+02
20191204_04:00:00   8.2898e-01   1.5728e+02   1.5429e+01   6.7060e-04   5.9377e-02   2.7847e+02
20191204_05:00:00   7.4923e-01   1.4731e+02   1.4156e+01   0.0000e+00   2.6761e-02   2.7919e+02
20191204_06:00:00   7.0148e-01   1.4109e+02   1.3330e+01   0.0000e+00   4.3843e-03   2.8154e+02
20191204_09:00:00   6.8122e-01   1.3836e+02   1.2934e+01   0.0000e+00   1.9472e-02   2.8439e+02
20191204_12:00:00   6.5753e-01   1.3587e+02   1.1837e+01   0.0000e+00   0.0000e+00   2.8872e+02
20191204_15:00:00   1.1004e+00   1.8649e+02   1.2384e+01   1.4573e-01   1.9558e-05   2.8734e+02
20191204_18:00:00   7.1269e-01   1.4346e+02   1.1815e+01   2.7928e-03   0.0000e+00   2.8713e+02
20191204_21:00:00   1.4591e+00   2.1289e+02   1.3455e+01   2.6740e-01   7.0861e-03   2.8921e+02
20191205_00:00:00   1.4174e+00   2.1121e+02   1.2032e+01   2.7577e-01   4.3292e-04   2.9071e+02
20191205_03:00:00   5.6242e-01   1.2084e+02   8.7964e+00   1.1380e-02   3.7620e-05   2.9035e+02
20191205_06:00:00   4.2225e-01   9.7837e+01   7.0333e+00   0.0000e+00   0.0000e+00   2.9189e+02
20191205_09:00:00   4.1778e-01   9.7036e+01   6.7837e+00   3.2920e-03   1.4879e-04   2.9319e+02
20191205_12:00:00   3.8598e-01   9.1247e+01   6.5054e+00   0.0000e+00   4.3044e-04   2.9391e+02
20191205_15:00:00   3.3383e-01   8.1333e+01   5.8255e+00   0.0000e+00   1.2749e-03   2.8999e+02
20191205_18:00:00   3.1085e-01   7.6578e+01   5.6383e+00   0.0000e+00   6.9457e-04   2.8566e+02
20191205_21:00:00   3.4494e-01   8.2713e+01   6.5376e+00   0.0000e+00   1.3374e-02   2.8187e+02
20191206_00:00:00   3.6419e-01   8.6085e+01   7.0355e+00   0.0000e+00   6.2050e-02   2.7977e+02
20191206_03:00:00   3.7159e-01   8.7449e+01   7.1625e+00   0.0000e+00   4.5659e-02   2.8024e+02
20191206_06:00:00   3.2509e-01   7.8411e+01   6.4341e+00   0.0000e+00   5.1538e-05   2.7876e+02
20191206_09:00:00   3.4075e-01   8.0564e+01   7.0157e+00   0.0000e+00   1.1981e-02   2.8094e+02
20191206_12:00:00   4.1879e-01   9.4501e+01   8.5874e+00   0.0000e+00   1.0173e-02   2.7655e+02
20191206_15:00:00   7.5732e-01   1.4602e+02   1.4252e+01   0.0000e+00   3.7838e-01   2.7631e+02
20191206_18:00:00   7.9686e-01   1.5153e+02   1.4936e+01   3.6240e-04   2.0645e-02   2.7166e+02
20191206_21:00:00   7.8017e-01   1.4878e+02   1.4692e+01   0.0000e+00   2.4266e-01   2.7270e+02
20191207_00:00:00   2.6475e+00   2.5547e+02   1.8308e+01   6.6419e-01   6.3313e-01   2.7386e+02
20191207_03:00:00   2.4714e+00   2.5215e+02   1.7887e+01   5.9916e-01   4.1489e-02   2.7485e+02
20191207_06:00:00   1.0156e+00   1.7602e+02   1.5878e+01   5.4064e-02   4.9423e-02   2.7720e+02
20191207_09:00:00   1.3246e+00   2.0276e+02   1.6406e+01   1.5645e-01   2.3746e-02   2.7916e+02
20191207_12:00:00   8.2602e-01   1.5692e+02   1.3323e+01   1.3659e-02   2.2069e-04   2.8298e+02
20191207_15:00:00   6.9866e-01   1.4106e+02   1.1051e+01   1.0201e-02   4.6963e-03   2.8482e+02
20191207_18:00:00   6.2955e-01   1.3130e+02   1.0431e+01   0.0000e+00   4.3591e-02   2.8823e+02
20191207_21:00:00   5.8852e-01   1.2507e+02   9.8479e+00   3.4420e-03   6.8762e-02   2.9051e+02
20191208_00:00:00   4.0221e-01   9.4617e+01   6.7561e+00   0.0000e+00   1.4738e-04   2.8751e+02
20191208_03:00:00   2.5984e-01   6.6775e+01   4.3414e+00   0.0000e+00   0.0000e+00   2.9032e+02
20191208_06:00:00   1.5560e-01   4.3582e+01   2.6383e+00   0.0000e+00   0.0000e+00   2.9366e+02
20191208_09:00:00   2.1242e-01   5.6329e+01   3.5873e+00   0.0000e+00   0.0000e+00   2.9886e+02
20191208_12:00:00   2.2235e-01   5.8356e+01   3.7949e+00   2.4160e-04   4.0725e-04   3.0236e+02
20191208_15:00:00   7.9242e-01   1.5240e+02   4.3437e+00   2.1460e-01   3.6217e-03   3.0112e+02
20191208_18:00:00   1.9692e-01   5.2307e+01   3.3209e+00   1.4499e-04   1.8294e-03   3.0541e+02
20191208_21:00:00   1.6381e-01   4.4901e+01   2.7249e+00   0.0000e+00   6.3304e-05   3.0975e+02
20191209_00:00:00   1.4045e-01   3.9361e+01   2.3360e+00   0.0000e+00   0.0000e+00   3.0487e+02
20191209_03:00:00   1.0307e-01   3.0573e+01   1.6545e+00   0.0000e+00   0.0000e+00   3.0386e+02
20191209_06:00:00   1.0026e-01   3.0183e+01   1.5068e+00   0.0000e+00   0.0000e+00   3.0115e+02
20191209_09:00:00   1.1245e-01   3.3064e+01   1.8012e+00   0.0000e+00   0.0000e+00   2.9999e+02
20191209_12:00:00   1.2199e-01   3.5040e+01   2.1829e+00   0.0000e+00   0.0000e+00   2.9819e+02
20191209_15:00:00   1.3593e-01   3.8115e+01   2.6257e+00   0.0000e+00   0.0000e+00   2.9526e+02
20191209_18:00:00   1.4481e-01   4.0300e+01   2.8258e+00   0.0000e+00   0.0000e+00   2.9432e+02
20191209_21:00:00   1.3648e-01   3.8551e+01   2.6445e+00   0.0000e+00   0.0000e+00   2.9155e+02
20191210_00:00:00   1.4085e-01   3.9767e+01   2.7397e+00   0.0000e+00   0.0000e+00   2.8575e+02
20191210_03:00:00   1.6325e-01   4.4960e+01   3.2632e+00   0.0000e+00   0.0000e+00   2.8480e+02
20191210_06:00:00   1.9596e-01   5.2278e+01   4.0130e+00   0.0000e+00   0.0000e+00   2.8431e+02
20191210_09:00:00   2.4664e-01   6.3471e+01   5.0800e+00   0.0000e+00   1.3268e-05   2.8463e+02
20191210_12:00:00   2.7680e-01   7.0206e+01   5.6269e+00   0.0000e+00   0.0000e+00   2.8214e+02
20191210_15:00:00   2.8383e-01   7.1878e+01   5.7265e+00   0.0000e+00   0.0000e+00   2.8120e+02
20191210_18:00:00   2.8662e-01   7.2591e+01   5.7483e+00   0.0000e+00   0.0000e+00   2.8150e+02
20191210_21:00:00   2.7542e-01   7.0338e+01   5.4919e+00   0.0000e+00   3.8080e-06   2.7664e+02
20191211_00:00:00   2.5474e-01   6.6133e+01   5.0315e+00   0.0000e+00   2.6623e-04   2.7723e+02
20191211_03:00:00   2.5026e-01   6.4706e+01   5.0254e+00   0.0000e+00   3.3212e-02   2.7928e+02
20191211_06:00:00   2.2703e-01   5.9301e+01   4.6031e+00   0.0000e+00   2.5267e-02   2.7883e+02
20191211_09:00:00   2.5583e-01   6.4523e+01   5.3298e+00   0.0000e+00   1.8225e-02   2.7748e+02
20191211_12:00:00   2.6201e-01   6.5579e+01   5.4470e+00   0.0000e+00   2.4842e-05   2.8019e+02
20191211_15:00:00   1.9419e-01   5.1448e+01   3.8860e+00   0.0000e+00   0.0000e+00   2.9078e+02
20191211_18:00:00   1.8957e-01   5.1261e+01   3.5969e+00   0.0000e+00   2.8064e-04   2.8686e+02
20191211_21:00:00   2.3175e-01   6.1009e+01   4.2826e+00   0.0000e+00   0.0000e+00   2.7961e+02
20191212_00:00:00   2.4247e-01   6.3109e+01   4.6620e+00   0.0000e+00   3.7018e-04   2.7240e+02
20191212_03:00:00   2.6522e-01   6.7610e+01   5.2808e+00   0.0000e+00   9.1620e-06   2.7054e+02
20191212_06:00:00   3.3174e-01   8.0856e+01   6.7813e+00   0.0000e+00   1.0256e-03   2.6777e+02
20191212_09:00:00   4.1803e-01   9.6849e+01   8.5801e+00   0.0000e+00   1.0626e-03   2.6771e+02
20191212_12:00:00   4.5960e-01   1.0433e+02   9.3411e+00   0.0000e+00   2.5385e-03   2.6560e+02
20191212_15:00:00   3.7730e-01   9.0107e+01   7.4602e+00   0.0000e+00   1.1912e-04   2.6371e+02
20191212_18:00:00   3.6033e-01   8.7110e+01   7.0850e+00   0.0000e+00   0.0000e+00   2.6158e+02
20191212_21:00:00   4.5037e-01   1.0377e+02   8.6552e+00   0.0000e+00   0.0000e+00   2.5866e+02
20191213_00:00:00   4.7046e-01   1.0723e+02   9.0741e+00   0.0000e+00   0.0000e+00   2.5505e+02
20191213_03:00:00   5.0262e-01   1.1261e+02   9.6944e+00   0.0000e+00   0.0000e+00   2.5638e+02
20191213_06:00:00   5.3165e-01   1.1742e+02   1.0192e+01   0.0000e+00   0.0000e+00   2.5669e+02
20191213_09:00:00   5.6284e-01   1.2211e+02   1.0702e+01   0.0000e+00   0.0000e+00   2.6060e+02
20191213_12:00:00   4.3321e-01   1.0039e+02   7.9455e+00   0.0000e+00   0.0000e+00   2.6014e+02
20191213_15:00:00   4.1000e-01   9.5956e+01   7.4486e+00   0.0000e+00   0.0000e+00   2.5762e+02
20191213_18:00:00   3.2490e-01   8.0036e+01   5.9818e+00   0.0000e+00   0.0000e+00   2.5869e+02
20191213_21:00:00   2.9055e-01   7.3199e+01   5.2816e+00   0.0000e+00   0.0000e+00   2.5812e+02
20191214_00:00:00   1.6820e-01   4.6711e+01   3.1194e+00   0.0000e+00   0.0000e+00   2.5690e+02
20191214_03:00:00   1.5977e-01   4.4722e+01   2.9766e+00   0.0000e+00   0.0000e+00   2.5366e+02
20191214_06:00:00   1.6056e-01   4.4940e+01   3.0228e+00   0.0000e+00   0.0000e+00   2.5361e+02
20191214_09:00:00   1.4854e-01   4.2035e+01   2.8707e+00   0.0000e+00   0.0000e+00   2.5500e+02
20191214_12:00:00   1.5300e-01   4.2781e+01   3.0914e+00   0.0000e+00   4.5540e-03   2.5361e+02
20191214_15:00:00   1.8388e-01   4.9441e+01   3.8521e+00   0.0000e+00   1.9919e-02   2.5293e+02
20191214_18:00:00   1.9644e-01   5.2177e+01   4.1286e+00   0.0000e+00   1.6713e-03   2.5336e+02
20191214_21:00:00   2.0382e-01   5.3842e+01   4.2665e+00   0.0000e+00   7.3795e-03   2.5416e+02
20191215_00:00:00   2.2370e-01   5.8017e+01   4.7168e+00   0.0000e+00   1.6387e-02   2.5448e+02
20191215_03:00:00   2.0954e-01   5.5373e+01   4.2994e+00   0.0000e+00   9.8538e-05   2.5403e+02
20191215_06:00:00   2.3983e-01   6.1659e+01   5.0036e+00   0.0000e+00   0.0000e+00   2.5209e+02
