#            date       tau225        Tb[K]      pwv[mm] lwp[kg*m^-2] iwp[kg*m^-2]       o3[DU]
20191111_06:00:00   1.2904e+00   2.0085e+02   1.7246e+01   1.5765e-01   1.5523e-02   2.6475e+02
20191111_07:00:00   1.2773e+00   1.9969e+02   1.7392e+01   1.4705e-01   9.6340e-02   2.6276e+02
20191111_08:00:00   1.0934e+00   1.8441e+02   1.7504e+01   6.7777e-02   1.1534e-01   2.6294e+02
20191111_09:00:00   1.0922e+00   1.8441e+02   1.7708e+01   6.2853e-02   2.6535e-02   2.6301e+02
20191111_10:00:00   1.1140e+00   1.8650e+02   1.7645e+01   7.1591e-02   1.6540e-02   2.6186e+02
20191111_11:00:00   1.0196e+00   1.7770e+02   1.7473e+01   3.1638e-02   1.6823e-03   2.6141e+02
20191111_12:00:00   9.7396e-01   1.7321e+02   1.7700e+01   5.1278e-03   2.1156e-03   2.6321e+02
20191111_13:00:00   9.7149e-01   1.7315e+02   1.7634e+01   3.9608e-03   2.4423e-03   2.6451e+02
20191111_14:00:00   1.0143e+00   1.7758e+02   1.7840e+01   1.0442e-02   6.4370e-05   2.6426e+02
20191111_15:00:00   1.0646e+00   1.8249e+02   1.8285e+01   2.1214e-02   1.2831e-03   2.6266e+02
20191111_16:00:00   1.0476e+00   1.8081e+02   1.8714e+01   6.2572e-03   7.5367e-03   2.6352e+02
20191111_17:00:00   1.1004e+00   1.8563e+02   1.9020e+01   1.9813e-02   7.8065e-02   2.6469e+02
20191111_18:00:00   1.1155e+00   1.8694e+02   1.9140e+01   2.2796e-02   1.9553e-02   2.6563e+02
20191111_19:00:00   1.2344e+00   1.9716e+02   1.8786e+01   7.6159e-02   1.2085e-03   2.6566e+02
20191111_20:00:00   1.3470e+00   2.0581e+02   1.8411e+01   1.2789e-01   6.3544e-04   2.6462e+02
20191111_21:00:00   1.5166e+00   2.1694e+02   1.8059e+01   2.0292e-01   6.0286e-04   2.6207e+02
20191111_22:00:00   1.4834e+00   2.1492e+02   1.7740e+01   1.9575e-01   1.4875e-03   2.6130e+02
20191111_23:00:00   9.9694e-01   1.7684e+02   1.7019e+01   1.2297e-02   2.0859e-04   2.6223e+02
20191112_00:00:00   9.1452e-01   1.6851e+02   1.6062e+01   2.2360e-04   1.1232e-05   2.6253e+02
20191112_01:00:00   8.5115e-01   1.6164e+02   1.4885e+01   0.0000e+00   0.0000e+00   2.6190e+02
20191112_02:00:00   8.2781e-01   1.5905e+02   1.4436e+01   0.0000e+00   1.7886e-06   2.6120e+02
20191112_03:00:00   8.2536e-01   1.5875e+02   1.4396e+01   0.0000e+00   1.7886e-06   2.6244e+02
20191112_04:00:00   8.1994e-01   1.5818e+02   1.4306e+01   0.0000e+00   0.0000e+00   2.6283e+02
20191112_05:00:00   8.3180e-01   1.5952e+02   1.4485e+01   0.0000e+00   0.0000e+00   2.6276e+02
20191112_06:00:00   8.1797e-01   1.5787e+02   1.4250e+01   0.0000e+00   0.0000e+00   2.6244e+02
20191112_07:00:00   8.1018e-01   1.5697e+02   1.4094e+01   0.0000e+00   0.0000e+00   2.6263e+02
20191112_08:00:00   8.2410e-01   1.5858e+02   1.4340e+01   0.0000e+00   0.0000e+00   2.6397e+02
20191112_09:00:00   8.3206e-01   1.5943e+02   1.4496e+01   0.0000e+00   0.0000e+00   2.6411e+02
20191112_10:00:00   8.4725e-01   1.6122e+02   1.4732e+01   0.0000e+00   0.0000e+00   2.6318e+02
20191112_11:00:00   8.6265e-01   1.6306e+02   1.4980e+01   4.4100e-05   1.0122e-05   2.6208e+02
20191112_12:00:00   8.6435e-01   1.6336e+02   1.4995e+01   0.0000e+00   1.4109e-06   2.6157e+02
20191112_13:00:00   8.5239e-01   1.6196e+02   1.4798e+01   0.0000e+00   0.0000e+00   2.6229e+02
20191112_14:00:00   8.1514e-01   1.5763e+02   1.4198e+01   0.0000e+00   0.0000e+00   2.6314e+02
20191112_15:00:00   7.8294e-01   1.5379e+02   1.3698e+01   0.0000e+00   0.0000e+00   2.6373e+02
20191112_16:00:00   7.4669e-01   1.4930e+02   1.3128e+01   0.0000e+00   0.0000e+00   2.6538e+02
20191112_17:00:00   7.1820e-01   1.4564e+02   1.2657e+01   0.0000e+00   0.0000e+00   2.6674e+02
20191112_18:00:00   6.9894e-01   1.4302e+02   1.2323e+01   0.0000e+00   0.0000e+00   2.6681e+02
20191112_19:00:00   6.7268e-01   1.3947e+02   1.1899e+01   0.0000e+00   0.0000e+00   2.6700e+02
20191112_20:00:00   6.4171e-01   1.3513e+02   1.1359e+01   0.0000e+00   0.0000e+00   2.6867e+02
20191112_21:00:00   6.1902e-01   1.3186e+02   1.0946e+01   0.0000e+00   0.0000e+00   2.6838e+02
20191112_22:00:00   6.0659e-01   1.3007e+02   1.0740e+01   0.0000e+00   0.0000e+00   2.6796e+02
20191112_23:00:00   5.9153e-01   1.2783e+02   1.0471e+01   0.0000e+00   0.0000e+00   2.6937e+02
20191113_00:00:00   5.7767e-01   1.2571e+02   1.0236e+01   0.0000e+00   0.0000e+00   2.7031e+02
20191113_01:00:00   5.4829e-01   1.2117e+02   9.7570e+00   0.0000e+00   0.0000e+00   2.6931e+02
20191113_02:00:00   5.0630e-01   1.1438e+02   9.0798e+00   0.0000e+00   0.0000e+00   2.6812e+02
20191113_03:00:00   4.5720e-01   1.0600e+02   8.3043e+00   0.0000e+00   0.0000e+00   2.6809e+02
20191113_04:00:00   4.2079e-01   9.9432e+01   7.7473e+00   0.0000e+00   0.0000e+00   2.6903e+02
20191113_05:00:00   3.7758e-01   9.1322e+01   7.0970e+00   0.0000e+00   0.0000e+00   2.6711e+02
20191113_06:00:00   3.5329e-01   8.6581e+01   6.7232e+00   0.0000e+00   0.0000e+00   2.6667e+02
20191113_07:00:00   3.4839e-01   8.5550e+01   6.6582e+00   0.0000e+00   0.0000e+00   2.6661e+02
20191113_08:00:00   3.5205e-01   8.6233e+01   6.7348e+00   0.0000e+00   0.0000e+00   2.6727e+02
20191113_09:00:00   3.4564e-01   8.4938e+01   6.6527e+00   0.0000e+00   0.0000e+00   2.6836e+02
20191113_10:00:00   3.7086e-01   8.9558e+01   7.2040e+00   0.0000e+00   0.0000e+00   2.6868e+02
20191113_11:00:00   3.9144e-01   9.3137e+01   7.6962e+00   0.0000e+00   0.0000e+00   2.6775e+02
20191113_12:00:00   3.9834e-01   9.4291e+01   7.8758e+00   0.0000e+00   0.0000e+00   2.6634e+02
20191113_13:00:00   4.0316e-01   9.5091e+01   7.9943e+00   0.0000e+00   0.0000e+00   2.6584e+02
20191113_14:00:00   4.1085e-01   9.6404e+01   8.1705e+00   0.0000e+00   0.0000e+00   2.6469e+02
20191113_15:00:00   4.0927e-01   9.6054e+01   8.1788e+00   0.0000e+00   0.0000e+00   2.6470e+02
20191113_16:00:00   4.0679e-01   9.5575e+01   8.1524e+00   0.0000e+00   0.0000e+00   2.6431e+02
20191113_17:00:00   4.0541e-01   9.5275e+01   8.1395e+00   0.0000e+00   0.0000e+00   2.6515e+02
20191113_18:00:00   4.0781e-01   9.5673e+01   8.1894e+00   0.0000e+00   0.0000e+00   2.6612e+02
20191113_19:00:00   4.2019e-01   9.8034e+01   8.3601e+00   0.0000e+00   0.0000e+00   2.6691e+02
20191113_20:00:00   4.2971e-01   9.9871e+01   8.5036e+00   0.0000e+00   0.0000e+00   2.6848e+02
20191113_21:00:00   4.3849e-01   1.0152e+02   8.6649e+00   0.0000e+00   9.3820e-06   2.6892e+02
20191113_22:00:00   4.4234e-01   1.0216e+02   8.7767e+00   0.0000e+00   2.0460e-05   2.6932e+02
20191113_23:00:00   4.3596e-01   1.0101e+02   8.6865e+00   0.0000e+00   8.4079e-05   2.6985e+02
20191114_00:00:00   4.2709e-01   9.9397e+01   8.5239e+00   0.0000e+00   2.1144e-03   2.7091e+02
20191114_01:00:00   4.0670e-01   9.5650e+01   8.1986e+00   0.0000e+00   6.0614e-03   2.7028e+02
20191114_02:00:00   4.0068e-01   9.4549e+01   8.1104e+00   0.0000e+00   2.7006e-03   2.7187e+02
20191114_03:00:00   3.9375e-01   9.3230e+01   8.0032e+00   0.0000e+00   2.3817e-03   2.7149e+02
20191114_04:00:00   3.9066e-01   9.2657e+01   7.9493e+00   0.0000e+00   1.9634e-04   2.7149e+02
20191114_05:00:00   3.8168e-01   9.0935e+01   7.7974e+00   0.0000e+00   5.2499e-04   2.7057e+02
20191114_06:00:00   3.7495e-01   8.9710e+01   7.6284e+00   0.0000e+00   1.7548e-04   2.7078e+02
20191114_07:00:00   3.6515e-01   8.7909e+01   7.4045e+00   0.0000e+00   1.1910e-05   2.7084e+02
20191114_08:00:00   3.6192e-01   8.7263e+01   7.3248e+00   0.0000e+00   2.7806e-04   2.7168e+02
20191114_09:00:00   3.5774e-01   8.6445e+01   7.2408e+00   0.0000e+00   2.1823e-04   2.7407e+02
20191114_10:00:00   3.6003e-01   8.6849e+01   7.2912e+00   0.0000e+00   4.9476e-03   2.7554e+02
20191114_11:00:00   3.5812e-01   8.6423e+01   7.2783e+00   0.0000e+00   2.3582e-03   2.7778e+02
20191114_12:00:00   3.6710e-01   8.8099e+01   7.4422e+00   0.0000e+00   4.6936e-03   2.7911e+02
20191114_13:00:00   3.7111e-01   8.8749e+01   7.5402e+00   0.0000e+00   5.7041e-03   2.7946e+02
20191114_14:00:00   3.7706e-01   8.9793e+01   7.6636e+00   0.0000e+00   7.0107e-03   2.7901e+02
20191114_15:00:00   3.7902e-01   9.0119e+01   7.7068e+00   0.0000e+00   5.7398e-03   2.7838e+02
20191114_16:00:00   3.7870e-01   9.0049e+01   7.7033e+00   0.0000e+00   5.1095e-03   2.7792e+02
20191114_17:00:00   3.8247e-01   9.0765e+01   7.7689e+00   0.0000e+00   6.9594e-03   2.7765e+02
20191114_18:00:00   3.8499e-01   9.1231e+01   7.8112e+00   0.0000e+00   1.3786e-02   2.7735e+02
20191114_19:00:00   4.0192e-01   9.4432e+01   8.0928e+00   0.0000e+00   9.9176e-03   2.7768e+02
20191114_20:00:00   4.1685e-01   9.7192e+01   8.3603e+00   0.0000e+00   9.8571e-03   2.7735e+02
20191114_21:00:00   4.3556e-01   1.0063e+02   8.6647e+00   0.0000e+00   1.1983e-02   2.7742e+02
20191114_22:00:00   4.4472e-01   1.0237e+02   8.8066e+00   0.0000e+00   8.2835e-03   2.7838e+02
20191114_23:00:00   4.5366e-01   1.0401e+02   8.9417e+00   0.0000e+00   5.2902e-03   2.7880e+02
20191115_00:00:00   4.5407e-01   1.0417e+02   8.9334e+00   0.0000e+00   8.1752e-04   2.7901e+02
20191115_01:00:00   4.5261e-01   1.0402e+02   8.8786e+00   0.0000e+00   0.0000e+00   2.7921e+02
20191115_02:00:00   4.4746e-01   1.0324e+02   8.7327e+00   0.0000e+00   1.7018e-04   2.7860e+02
20191115_03:00:00   4.3322e-01   1.0077e+02   8.4721e+00   0.0000e+00   2.0723e-03   2.7772e+02
20191115_04:00:00   4.1521e-01   9.7504e+01   8.1816e+00   0.0000e+00   3.7709e-03   2.7664e+02
20191115_05:00:00   4.1241e-01   9.6964e+01   8.1479e+00   0.0000e+00   4.4528e-03   2.7640e+02
20191115_06:00:00   4.0568e-01   9.5711e+01   8.0321e+00   0.0000e+00   1.5266e-03   2.7692e+02
20191115_07:00:00   3.9144e-01   9.3119e+01   7.7798e+00   0.0000e+00   2.4311e-04   2.7695e+02
20191115_08:00:00   3.9691e-01   9.4119e+01   7.8431e+00   0.0000e+00   1.9362e-03   2.7573e+02
20191115_09:00:00   3.9688e-01   9.4059e+01   7.8569e+00   0.0000e+00   3.8275e-03   2.7551e+02
20191115_10:00:00   3.9704e-01   9.4003e+01   7.8823e+00   0.0000e+00   2.5167e-03   2.7537e+02
20191115_11:00:00   3.9638e-01   9.3834e+01   7.8741e+00   0.0000e+00   5.3212e-03   2.7476e+02
20191115_12:00:00   4.0047e-01   9.4605e+01   7.9384e+00   0.0000e+00   1.0208e-02   2.7473e+02
20191115_13:00:00   4.1195e-01   9.6711e+01   8.1155e+00   0.0000e+00   8.9698e-03   2.7501e+02
20191115_14:00:00   4.2235e-01   9.8492e+01   8.3219e+00   0.0000e+00   1.0426e-02   2.7397e+02
20191115_15:00:00   4.2119e-01   9.8322e+01   8.2856e+00   0.0000e+00   7.0527e-03   2.7306e+02
20191115_16:00:00   4.1640e-01   9.7606e+01   8.1175e+00   0.0000e+00   5.3685e-03   2.7217e+02
20191115_17:00:00   4.1007e-01   9.6491e+01   7.9754e+00   0.0000e+00   3.3420e-03   2.7189e+02
20191115_18:00:00   4.0810e-01   9.6137e+01   7.9167e+00   0.0000e+00   3.5978e-03   2.7170e+02
20191115_19:00:00   4.1713e-01   9.7759e+01   8.0601e+00   0.0000e+00   2.1127e-03   2.7117e+02
20191115_20:00:00   4.3452e-01   1.0095e+02   8.3358e+00   0.0000e+00   1.3931e-03   2.7020e+02
20191115_21:00:00   4.5122e-01   1.0393e+02   8.5937e+00   0.0000e+00   5.5680e-05   2.7048e+02
20191115_22:00:00   4.6827e-01   1.0690e+02   8.8771e+00   0.0000e+00   1.1870e-04   2.7075e+02
20191115_23:00:00   4.7013e-01   1.0723e+02   8.8995e+00   0.0000e+00   1.0286e-03   2.7072e+02
20191116_00:00:00   4.5803e-01   1.0514e+02   8.6750e+00   0.0000e+00   5.1468e-04   2.7101e+02
20191116_01:00:00   4.4310e-01   1.0251e+02   8.4149e+00   0.0000e+00   4.3048e-03   2.7170e+02
20191116_02:00:00   4.4564e-01   1.0286e+02   8.4918e+00   0.0000e+00   8.2200e-03   2.7204e+02
20191116_03:00:00   4.5741e-01   1.0464e+02   8.8063e+00   0.0000e+00   1.6445e-02   2.7238e+02
20191116_04:00:00   4.8292e-01   1.0864e+02   9.3586e+00   0.0000e+00   5.6067e-02   2.7294e+02
20191116_05:00:00   5.0987e-01   1.1292e+02   9.8872e+00   0.0000e+00   7.7712e-02   2.7334e+02
20191116_06:00:00   5.2421e-01   1.1510e+02   1.0183e+01   0.0000e+00   5.6283e-02   2.7378e+02
20191116_09:00:00   4.8078e-01   1.0843e+02   9.0696e+00   0.0000e+00   7.7816e-03   2.7652e+02
20191116_12:00:00   4.7574e-01   1.0762e+02   8.7807e+00   0.0000e+00   3.1056e-06   2.7927e+02
20191116_15:00:00   4.7283e-01   1.0697e+02   8.6951e+00   0.0000e+00   0.0000e+00   2.7888e+02
20191116_18:00:00   5.1910e-01   1.1459e+02   9.3871e+00   0.0000e+00   0.0000e+00   2.7627e+02
20191116_21:00:00   5.8804e-01   1.2530e+02   1.0441e+01   0.0000e+00   3.5780e-06   2.7959e+02
20191117_00:00:00   5.5278e-01   1.2011e+02   9.7308e+00   0.0000e+00   0.0000e+00   2.8414e+02
20191117_03:00:00   4.8070e-01   1.0885e+02   8.3137e+00   0.0000e+00   0.0000e+00   2.8291e+02
20191117_06:00:00   3.8490e-01   9.2138e+01   6.6565e+00   0.0000e+00   0.0000e+00   2.8008e+02
20191117_09:00:00   2.7978e-01   7.1629e+01   4.8847e+00   0.0000e+00   0.0000e+00   2.7670e+02
20191117_12:00:00   2.6958e-01   6.9328e+01   4.7798e+00   0.0000e+00   0.0000e+00   2.7415e+02
20191117_15:00:00   2.9997e-01   7.5218e+01   5.6151e+00   0.0000e+00   0.0000e+00   2.7172e+02
20191117_18:00:00   3.4017e-01   8.3025e+01   6.4325e+00   0.0000e+00   0.0000e+00   2.7205e+02
20191117_21:00:00   3.9043e-01   9.2366e+01   7.5866e+00   0.0000e+00   1.1009e-04   2.6725e+02
20191118_00:00:00   3.9934e-01   9.3822e+01   7.9313e+00   0.0000e+00   6.6758e-03   2.6358e+02
20191118_03:00:00   3.8848e-01   9.1649e+01   7.9636e+00   0.0000e+00   4.5835e-04   2.6265e+02
20191118_06:00:00   3.8663e-01   9.1037e+01   8.0752e+00   0.0000e+00   3.3372e-04   2.6209e+02
20191118_09:00:00   3.5184e-01   8.4577e+01   7.4109e+00   0.0000e+00   3.3931e-03   2.6289e+02
20191118_12:00:00   3.7856e-01   8.9379e+01   8.0819e+00   0.0000e+00   1.1396e-04   2.6294e+02
20191118_15:00:00   3.9950e-01   9.3070e+01   8.5738e+00   0.0000e+00   8.7702e-05   2.6073e+02
20191118_18:00:00   3.6412e-01   8.7125e+01   7.6166e+00   0.0000e+00   2.9314e-03   2.5742e+02
20191118_21:00:00   3.8731e-01   9.1807e+01   7.9050e+00   0.0000e+00   3.5402e-03   2.5768e+02
20191119_00:00:00   3.6841e-01   8.8595e+01   7.4416e+00   0.0000e+00   1.5763e-03   2.5915e+02
20191119_03:00:00   3.1918e-01   7.8927e+01   6.5607e+00   0.0000e+00   3.3120e-06   2.5841e+02
20191119_06:00:00   3.1824e-01   7.8906e+01   6.4168e+00   0.0000e+00   0.0000e+00   2.6036e+02
20191119_09:00:00   3.0309e-01   7.5927e+01   6.0022e+00   0.0000e+00   0.0000e+00   2.6427e+02
20191119_12:00:00   2.5630e-01   6.6167e+01   5.0570e+00   0.0000e+00   0.0000e+00   2.6678e+02
20191119_15:00:00   2.6491e-01   6.7613e+01   5.2340e+00   0.0000e+00   3.2021e-04   2.6631e+02
20191119_18:00:00   3.0761e-01   7.6121e+01   5.8886e+00   0.0000e+00   7.5066e-04   2.6761e+02
20191119_21:00:00   3.6697e-01   8.7742e+01   6.7678e+00   0.0000e+00   8.6461e-04   2.6938e+02
20191120_00:00:00   3.0464e-01   7.5158e+01   5.7942e+00   0.0000e+00   8.4647e-04   2.7464e+02
20191120_03:00:00   2.9135e-01   7.1892e+01   5.6851e+00   0.0000e+00   3.5075e-02   2.7397e+02
20191120_06:00:00   2.6257e-01   6.5778e+01   5.0934e+00   0.0000e+00   8.2431e-02   2.7307e+02
20191120_09:00:00   2.2324e-01   5.7453e+01   4.3045e+00   0.0000e+00   1.4206e-02   2.7176e+02
20191120_12:00:00   2.2354e-01   5.7658e+01   4.2088e+00   2.8182e-04   2.6008e-03   2.7701e+02
20191120_15:00:00   2.0551e-01   5.3822e+01   3.6017e+00   6.0800e-03   0.0000e+00   2.7878e+02
20191120_18:00:00   2.1790e-01   5.6690e+01   3.9240e+00   0.0000e+00   0.0000e+00   2.7799e+02
20191120_21:00:00   2.6506e-01   6.6583e+01   4.7149e+00   0.0000e+00   3.5717e-04   2.7473e+02
20191121_00:00:00   2.4215e-01   6.1934e+01   4.1510e+00   0.0000e+00   3.5522e-04   2.7324e+02
20191121_03:00:00   2.0990e-01   5.5539e+01   3.3569e+00   0.0000e+00   0.0000e+00   2.7531e+02
20191121_06:00:00   2.1652e-01   5.6787e+01   3.4416e+00   0.0000e+00   7.1540e-06   2.7405e+02
20191121_09:00:00   1.8013e-01   4.8584e+01   2.9424e+00   0.0000e+00   0.0000e+00   2.7217e+02
20191121_12:00:00   1.6445e-01   4.5154e+01   2.6535e+00   0.0000e+00   0.0000e+00   2.6735e+02
20191121_15:00:00   1.2173e-01   3.5235e+01   1.9653e+00   0.0000e+00   0.0000e+00   2.6470e+02
20191121_18:00:00   1.1210e-01   3.2758e+01   1.8727e+00   0.0000e+00   0.0000e+00   2.6426e+02
20191121_21:00:00   1.3491e-01   3.7957e+01   2.4077e+00   0.0000e+00   1.6219e-05   2.6125e+02
20191122_00:00:00   1.4832e-01   4.0712e+01   2.8042e+00   0.0000e+00   3.0308e-03   2.6245e+02
20191122_03:00:00   1.3779e-01   3.8252e+01   2.6235e+00   0.0000e+00   1.0707e-04   2.6536e+02
20191122_06:00:00   1.4163e-01   3.9112e+01   2.7104e+00   0.0000e+00   0.0000e+00   2.6633e+02
20191122_09:00:00   1.6283e-01   4.3972e+01   3.1520e+00   0.0000e+00   2.7380e-05   2.6474e+02
20191122_12:00:00   1.4404e-01   4.0328e+01   2.6112e+00   0.0000e+00   0.0000e+00   2.6577e+02
20191122_15:00:00   9.8731e-02   3.0118e+01   1.5465e+00   0.0000e+00   1.0352e-06   2.6514e+02
20191122_18:00:00   9.8715e-02   3.0093e+01   1.5621e+00   0.0000e+00   0.0000e+00   2.6474e+02
20191122_21:00:00   1.0566e-01   3.1721e+01   1.7403e+00   0.0000e+00   0.0000e+00   2.6634e+02
20191123_00:00:00   1.0315e-01   3.1079e+01   1.7367e+00   0.0000e+00   0.0000e+00   2.6861e+02
20191123_03:00:00   1.0924e-01   3.2563e+01   1.8961e+00   0.0000e+00   0.0000e+00   2.6223e+02
20191123_06:00:00   1.1741e-01   3.4564e+01   2.0883e+00   0.0000e+00   0.0000e+00   2.6149e+02
20191123_09:00:00   1.2612e-01   3.6716e+01   2.2736e+00   0.0000e+00   0.0000e+00   2.6369e+02
20191123_12:00:00   1.3449e-01   3.8679e+01   2.4743e+00   0.0000e+00   0.0000e+00   2.6351e+02
20191123_15:00:00   1.4511e-01   4.1174e+01   2.7231e+00   0.0000e+00   0.0000e+00   2.6167e+02
20191123_18:00:00   1.5058e-01   4.2392e+01   2.8636e+00   0.0000e+00   0.0000e+00   2.6176e+02
20191123_21:00:00   1.5021e-01   4.2470e+01   2.8110e+00   0.0000e+00   0.0000e+00   2.5943e+02
20191124_00:00:00   1.4433e-01   4.1220e+01   2.6584e+00   0.0000e+00   0.0000e+00   2.5738e+02
20191124_03:00:00   1.2368e-01   3.6395e+01   2.2025e+00   0.0000e+00   0.0000e+00   2.5138e+02
20191124_06:00:00   1.2958e-01   3.7394e+01   2.4338e+00   0.0000e+00   0.0000e+00   2.4829e+02
20191124_09:00:00   2.0939e-01   5.5119e+01   4.2298e+00   0.0000e+00   7.1120e-04   2.5015e+02
20191124_12:00:00   2.4175e-01   6.2127e+01   4.8357e+00   0.0000e+00   2.3616e-03   2.4947e+02
20191124_15:00:00   2.4811e-01   6.3521e+01   4.8983e+00   0.0000e+00   5.0880e-03   2.4604e+02
20191124_18:00:00   2.1072e-01   5.5528e+01   4.1052e+00   0.0000e+00   5.6840e-03   2.4699e+02
20191124_21:00:00   2.2921e-01   5.9395e+01   4.5159e+00   0.0000e+00   1.0190e-02   2.4967e+02
20191125_00:00:00   2.2220e-01   5.7351e+01   4.5301e+00   0.0000e+00   2.3028e-02   2.4949e+02
20191125_03:00:00   2.1054e-01   5.4226e+01   4.4384e+00   0.0000e+00   1.1519e-02   2.5020e+02
20191125_06:00:00   2.5816e-01   6.3919e+01   5.3186e+00   0.0000e+00   1.9034e-01   2.5318e+02
20191125_09:00:00   2.9669e-01   7.1416e+01   6.0664e+00   0.0000e+00   2.0893e-01   2.5747e+02
20191125_12:00:00   2.3858e-01   6.0040e+01   4.7768e+00   0.0000e+00   1.6148e-02   2.5887e+02
20191125_15:00:00   1.4072e-01   3.9464e+01   2.5619e+00   0.0000e+00   0.0000e+00   2.5419e+02
20191125_18:00:00   1.4959e-01   4.1670e+01   2.6872e+00   0.0000e+00   0.0000e+00   2.5056e+02
20191125_21:00:00   1.7426e-01   4.7445e+01   3.1041e+00   0.0000e+00   0.0000e+00   2.5265e+02
20191126_00:00:00   2.4239e-01   6.2594e+01   4.2153e+00   0.0000e+00   0.0000e+00   2.5622e+02
20191126_03:00:00   1.5846e-01   4.4052e+01   2.7087e+00   0.0000e+00   0.0000e+00   2.5765e+02
20191126_06:00:00   1.5001e-01   4.1887e+01   2.6292e+00   0.0000e+00   0.0000e+00   2.6218e+02
20191126_09:00:00   1.6397e-01   4.5038e+01   2.9429e+00   0.0000e+00   0.0000e+00   2.5997e+02
20191126_12:00:00   1.6357e-01   4.5045e+01   2.9157e+00   0.0000e+00   0.0000e+00   2.5308e+02
20191126_15:00:00   1.4107e-01   3.9843e+01   2.5494e+00   0.0000e+00   0.0000e+00   2.4976e+02
20191126_18:00:00   1.3935e-01   3.9570e+01   2.4998e+00   0.0000e+00   0.0000e+00   2.4696e+02
20191126_21:00:00   1.4525e-01   4.1230e+01   2.5284e+00   0.0000e+00   0.0000e+00   2.4681e+02
20191127_00:00:00   1.5355e-01   4.3013e+01   2.7529e+00   0.0000e+00   1.0198e-05   2.4950e+02
20191127_03:00:00   1.3128e-01   3.7879e+01   2.2951e+00   0.0000e+00   3.8080e-06   2.4857e+02
20191127_06:00:00   1.1483e-01   3.4002e+01   1.9374e+00   0.0000e+00   0.0000e+00   2.5279e+02
