#            date       tau225        Tb[K]      pwv[mm] lwp[kg*m^-2] iwp[kg*m^-2]       o3[DU]
20191115_06:00:00   3.5163e-01   8.5309e+01   7.1366e+00   0.0000e+00   0.0000e+00   2.7949e+02
20191115_07:00:00   3.5012e-01   8.5043e+01   7.0976e+00   0.0000e+00   0.0000e+00   2.7946e+02
20191115_08:00:00   3.4828e-01   8.4689e+01   7.0608e+00   0.0000e+00   6.5583e-05   2.7836e+02
20191115_09:00:00   3.4986e-01   8.4994e+01   7.0846e+00   0.0000e+00   9.6003e-04   2.7810e+02
20191115_10:00:00   3.5572e-01   8.6083e+01   7.1974e+00   0.0000e+00   2.9105e-03   2.7772e+02
20191115_11:00:00   3.5520e-01   8.5928e+01   7.1936e+00   0.0000e+00   4.3048e-03   2.7796e+02
20191115_12:00:00   3.5361e-01   8.5591e+01   7.1590e+00   0.0000e+00   6.2396e-03   2.7901e+02
20191115_13:00:00   3.5109e-01   8.5135e+01   7.0977e+00   0.0000e+00   9.3501e-03   2.7898e+02
20191115_14:00:00   3.4214e-01   8.3417e+01   6.9151e+00   0.0000e+00   1.1945e-02   2.7908e+02
20191115_15:00:00   3.3256e-01   8.1523e+01   6.7407e+00   0.0000e+00   1.0351e-02   2.8019e+02
20191115_16:00:00   3.3592e-01   8.2152e+01   6.8143e+00   0.0000e+00   1.0208e-02   2.8101e+02
20191115_17:00:00   3.3745e-01   8.2430e+01   6.8531e+00   0.0000e+00   6.8782e-03   2.8113e+02
20191115_18:00:00   3.4936e-01   8.4734e+01   7.0734e+00   0.0000e+00   1.1047e-02   2.8039e+02
20191115_19:00:00   3.6356e-01   8.7486e+01   7.3047e+00   0.0000e+00   1.6891e-02   2.7918e+02
20191115_20:00:00   3.8755e-01   9.2005e+01   7.7268e+00   0.0000e+00   3.0011e-02   2.7976e+02
20191115_21:00:00   4.1115e-01   9.6309e+01   8.1819e+00   0.0000e+00   2.7602e-02   2.7983e+02
20191115_22:00:00   4.2012e-01   9.8077e+01   8.2927e+00   0.0000e+00   2.9684e-02   2.7746e+02
20191115_23:00:00   4.3151e-01   9.9996e+01   8.5294e+00   0.0000e+00   4.1023e-02   2.7530e+02
20191116_00:00:00   4.2388e-01   9.8736e+01   8.3353e+00   0.0000e+00   5.4167e-02   2.7555e+02
20191116_01:00:00   4.0533e-01   9.5480e+01   7.9619e+00   0.0000e+00   3.8623e-02   2.7608e+02
20191116_02:00:00   3.9343e-01   9.3286e+01   7.7251e+00   0.0000e+00   3.4494e-02   2.7654e+02
20191116_03:00:00   3.8463e-01   9.1633e+01   7.5754e+00   0.0000e+00   2.2865e-02   2.7658e+02
20191116_04:00:00   3.8565e-01   9.1672e+01   7.6224e+00   0.0000e+00   3.3624e-02   2.7637e+02
20191116_05:00:00   4.0888e-01   9.5676e+01   8.1204e+00   0.0000e+00   3.3796e-02   2.7802e+02
20191116_06:00:00   4.1061e-01   9.6156e+01   8.0863e+00   0.0000e+00   3.7845e-03   2.7951e+02
20191116_07:00:00   4.1325e-01   9.6737e+01   8.0658e+00   0.0000e+00   1.7107e-03   2.7976e+02
20191116_08:00:00   4.3910e-01   1.0120e+02   8.5568e+00   0.0000e+00   1.1182e-02   2.7994e+02
20191116_09:00:00   4.6694e-01   1.0593e+02   9.0656e+00   0.0000e+00   2.2694e-02   2.7993e+02
20191116_10:00:00   4.9223e-01   1.1014e+02   9.5307e+00   0.0000e+00   1.6155e-03   2.8050e+02
20191116_11:00:00   5.2641e-01   1.1559e+02   1.0149e+01   0.0000e+00   6.0171e-03   2.8111e+02
20191116_12:00:00   5.2779e-01   1.1563e+02   1.0213e+01   0.0000e+00   9.1111e-03   2.8223e+02
20191116_13:00:00   5.3357e-01   1.1642e+02   1.0329e+01   0.0000e+00   8.5901e-02   2.8286e+02
20191116_14:00:00   5.3094e-01   1.1608e+02   1.0206e+01   0.0000e+00   9.2331e-02   2.8350e+02
20191116_15:00:00   4.7734e-01   1.0744e+02   9.1846e+00   0.0000e+00   9.9091e-02   2.8320e+02
20191116_16:00:00   4.8727e-01   1.0908e+02   9.3088e+00   0.0000e+00   1.2942e-01   2.8327e+02
20191116_17:00:00   4.5911e-01   1.0448e+02   8.7912e+00   0.0000e+00   8.8868e-03   2.8369e+02
20191116_18:00:00   4.6445e-01   1.0567e+02   8.7300e+00   0.0000e+00   9.6204e-04   2.8393e+02
20191116_19:00:00   4.6528e-01   1.0604e+02   8.6200e+00   0.0000e+00   1.7894e-03   2.8501e+02
20191116_20:00:00   4.7824e-01   1.0835e+02   8.7986e+00   0.0000e+00   3.9758e-04   2.8770e+02
20191116_21:00:00   5.0812e-01   1.1332e+02   9.3072e+00   0.0000e+00   2.5325e-04   2.8899e+02
20191116_22:00:00   5.2794e-01   1.1655e+02   9.6346e+00   0.0000e+00   0.0000e+00   2.8934e+02
20191116_23:00:00   5.4242e-01   1.1882e+02   9.8923e+00   0.0000e+00   0.0000e+00   2.8995e+02
20191117_00:00:00   5.3650e-01   1.1791e+02   9.7866e+00   0.0000e+00   0.0000e+00   2.9038e+02
20191117_01:00:00   5.2168e-01   1.1556e+02   9.5237e+00   0.0000e+00   0.0000e+00   2.9079e+02
20191117_02:00:00   4.8914e-01   1.1028e+02   8.9431e+00   0.0000e+00   0.0000e+00   2.9009e+02
20191117_03:00:00   4.7075e-01   1.0725e+02   8.6124e+00   0.0000e+00   0.0000e+00   2.8968e+02
20191117_04:00:00   4.6933e-01   1.0702e+02   8.5758e+00   0.0000e+00   0.0000e+00   2.9033e+02
20191117_05:00:00   4.7659e-01   1.0823e+02   8.6874e+00   0.0000e+00   0.0000e+00   2.8971e+02
20191117_06:00:00   4.9666e-01   1.1153e+02   9.0066e+00   0.0000e+00   0.0000e+00   2.9013e+02
20191117_07:00:00   4.9305e-01   1.1093e+02   8.9258e+00   0.0000e+00   0.0000e+00   2.8981e+02
20191117_08:00:00   4.9045e-01   1.1052e+02   8.8670e+00   0.0000e+00   0.0000e+00   2.8882e+02
20191117_09:00:00   4.7797e-01   1.0853e+02   8.6150e+00   0.0000e+00   0.0000e+00   2.8816e+02
20191117_10:00:00   4.4884e-01   1.0365e+02   8.1073e+00   0.0000e+00   0.0000e+00   2.8733e+02
20191117_11:00:00   4.2184e-01   9.8938e+01   7.6392e+00   0.0000e+00   0.0000e+00   2.8754e+02
20191117_12:00:00   3.8756e-01   9.2744e+01   7.0422e+00   0.0000e+00   0.0000e+00   2.8832e+02
20191117_13:00:00   3.6929e-01   8.9342e+01   6.7201e+00   0.0000e+00   0.0000e+00   2.8938e+02
20191117_14:00:00   3.3669e-01   8.3133e+01   6.1481e+00   0.0000e+00   0.0000e+00   2.8952e+02
20191117_15:00:00   3.0881e-01   7.7634e+01   5.6659e+00   0.0000e+00   0.0000e+00   2.8982e+02
20191117_16:00:00   2.7912e-01   7.1609e+01   5.1524e+00   0.0000e+00   0.0000e+00   2.9124e+02
20191117_17:00:00   2.6150e-01   6.7947e+01   4.8497e+00   0.0000e+00   0.0000e+00   2.9107e+02
20191117_18:00:00   2.6297e-01   6.8305e+01   4.8598e+00   0.0000e+00   0.0000e+00   2.9088e+02
20191117_19:00:00   2.6579e-01   6.8964e+01   4.8980e+00   0.0000e+00   0.0000e+00   2.9075e+02
20191117_20:00:00   2.7205e-01   7.0353e+01   5.0061e+00   0.0000e+00   0.0000e+00   2.9054e+02
20191117_21:00:00   2.8955e-01   7.4060e+01   5.3089e+00   0.0000e+00   0.0000e+00   2.8880e+02
20191117_22:00:00   3.0554e-01   7.7394e+01   5.5841e+00   0.0000e+00   0.0000e+00   2.8602e+02
20191117_23:00:00   3.0397e-01   7.7139e+01   5.5546e+00   0.0000e+00   0.0000e+00   2.8517e+02
20191118_00:00:00   2.9539e-01   7.5428e+01   5.4103e+00   0.0000e+00   0.0000e+00   2.8669e+02
20191118_01:00:00   2.9483e-01   7.5343e+01   5.4081e+00   0.0000e+00   0.0000e+00   2.8822e+02
20191118_02:00:00   2.8908e-01   7.4195e+01   5.2978e+00   0.0000e+00   0.0000e+00   2.8938e+02
20191118_03:00:00   2.8080e-01   7.2507e+01   5.1434e+00   0.0000e+00   0.0000e+00   2.8933e+02
20191118_04:00:00   2.6853e-01   6.9960e+01   4.9244e+00   0.0000e+00   0.0000e+00   2.8758e+02
20191118_05:00:00   2.5084e-01   6.6186e+01   4.6243e+00   0.0000e+00   0.0000e+00   2.8581e+02
20191118_06:00:00   2.3018e-01   6.1675e+01   4.2664e+00   0.0000e+00   0.0000e+00   2.8521e+02
20191118_07:00:00   2.2035e-01   5.9446e+01   4.1070e+00   0.0000e+00   0.0000e+00   2.8530e+02
20191118_08:00:00   2.1969e-01   5.9278e+01   4.1149e+00   0.0000e+00   0.0000e+00   2.8294e+02
20191118_09:00:00   2.3061e-01   6.1656e+01   4.3504e+00   0.0000e+00   0.0000e+00   2.8181e+02
20191118_10:00:00   2.4345e-01   6.4398e+01   4.6254e+00   0.0000e+00   0.0000e+00   2.8132e+02
20191118_11:00:00   2.4963e-01   6.5697e+01   4.7757e+00   0.0000e+00   0.0000e+00   2.8129e+02
20191118_12:00:00   2.4627e-01   6.4965e+01   4.7277e+00   0.0000e+00   0.0000e+00   2.8084e+02
20191118_13:00:00   2.3342e-01   6.2172e+01   4.4930e+00   0.0000e+00   0.0000e+00   2.7856e+02
20191118_14:00:00   2.2967e-01   6.1365e+01   4.4016e+00   0.0000e+00   0.0000e+00   2.7616e+02
20191118_15:00:00   2.2818e-01   6.1025e+01   4.3620e+00   0.0000e+00   0.0000e+00   2.7482e+02
20191118_16:00:00   2.2864e-01   6.1095e+01   4.3835e+00   0.0000e+00   0.0000e+00   2.7497e+02
20191118_17:00:00   2.3387e-01   6.2183e+01   4.4960e+00   0.0000e+00   0.0000e+00   2.7404e+02
20191118_18:00:00   2.4081e-01   6.3641e+01   4.6436e+00   0.0000e+00   0.0000e+00   2.7261e+02
20191118_19:00:00   2.5361e-01   6.6378e+01   4.8819e+00   0.0000e+00   0.0000e+00   2.7182e+02
20191118_20:00:00   2.6871e-01   6.9556e+01   5.1738e+00   0.0000e+00   0.0000e+00   2.7134e+02
20191118_21:00:00   2.8621e-01   7.3182e+01   5.5297e+00   0.0000e+00   0.0000e+00   2.7086e+02
20191118_22:00:00   3.0259e-01   7.6526e+01   5.8544e+00   0.0000e+00   0.0000e+00   2.7051e+02
20191118_23:00:00   3.1672e-01   7.9194e+01   6.2109e+00   0.0000e+00   0.0000e+00   2.6995e+02
20191119_00:00:00   3.3495e-01   8.2713e+01   6.5821e+00   0.0000e+00   0.0000e+00   2.6987e+02
20191119_01:00:00   3.6512e-01   8.8455e+01   7.1694e+00   0.0000e+00   0.0000e+00   2.7082e+02
20191119_02:00:00   3.7946e-01   9.0872e+01   7.5540e+00   0.0000e+00   8.3067e-03   2.7304e+02
20191119_03:00:00   4.1840e-01   9.7774e+01   8.3828e+00   0.0000e+00   1.3306e-02   2.7483e+02
20191119_04:00:00   4.2487e-01   9.9373e+01   8.3503e+00   0.0000e+00   3.3520e-05   2.7530e+02
20191119_05:00:00   4.4906e-01   1.0396e+02   8.7033e+00   0.0000e+00   0.0000e+00   2.7510e+02
20191119_06:00:00   5.1177e-01   1.1495e+02   9.6957e+00   0.0000e+00   0.0000e+00   2.7520e+02
20191119_07:00:00   6.3666e-01   1.3430e+02   1.1749e+01   0.0000e+00   0.0000e+00   2.7592e+02
20191119_08:00:00   7.5016e-01   1.4962e+02   1.3620e+01   0.0000e+00   0.0000e+00   2.7616e+02
20191119_09:00:00   7.7266e-01   1.5236e+02   1.3910e+01   0.0000e+00   0.0000e+00   2.7587e+02
20191119_10:00:00   7.3022e-01   1.4686e+02   1.3030e+01   9.5860e-05   0.0000e+00   2.7548e+02
20191119_11:00:00   6.9709e-01   1.4243e+02   1.2082e+01   5.2380e-03   0.0000e+00   2.7547e+02
20191119_12:00:00   6.9325e-01   1.4193e+02   1.1508e+01   1.2981e-02   0.0000e+00   2.7588e+02
20191119_13:00:00   6.2803e-01   1.3287e+02   1.0850e+01   0.0000e+00   0.0000e+00   2.7629e+02
20191119_14:00:00   5.9713e-01   1.2818e+02   1.0354e+01   0.0000e+00   0.0000e+00   2.7626e+02
20191119_15:00:00   5.3647e-01   1.1860e+02   9.4739e+00   0.0000e+00   1.7912e-04   2.7616e+02
20191119_16:00:00   6.1656e-01   1.3045e+02   1.1127e+01   0.0000e+00   1.5674e-03   2.7571e+02
20191119_17:00:00   8.1911e-01   1.5708e+02   1.4751e+01   1.0352e-04   1.1158e-02   2.7547e+02
20191119_18:00:00   1.1580e+00   1.9148e+02   1.9064e+01   3.2014e-02   3.9638e-02   2.7637e+02
20191119_19:00:00   1.2569e+00   1.9937e+02   2.0106e+01   4.7317e-02   9.3531e-02   2.7672e+02
20191119_20:00:00   1.0552e+00   1.8164e+02   1.8845e+01   0.0000e+00   1.2977e-02   2.7723e+02
20191119_21:00:00   1.0077e+00   1.7697e+02   1.7988e+01   9.5220e-04   2.6405e-02   2.7601e+02
20191119_22:00:00   8.3284e-01   1.5808e+02   1.4800e+01   4.0540e-03   7.3258e-02   2.7551e+02
20191119_23:00:00   7.7232e-01   1.5066e+02   1.3701e+01   2.4724e-03   1.0314e-01   2.7561e+02
20191120_00:00:00   7.6512e-01   1.4946e+02   1.3768e+01   0.0000e+00   7.1084e-02   2.7554e+02
20191120_01:00:00   6.3716e-01   1.3216e+02   1.1508e+01   0.0000e+00   2.0035e-02   2.7539e+02
20191120_02:00:00   6.0979e-01   1.2845e+02   1.0413e+01   7.4720e-03   1.1885e-04   2.7575e+02
20191120_03:00:00   5.3706e-01   1.1716e+02   9.4757e+00   0.0000e+00   3.5780e-06   2.7618e+02
20191120_04:00:00   4.5741e-01   1.0389e+02   8.2162e+00   0.0000e+00   0.0000e+00   2.7712e+02
20191120_05:00:00   3.9794e-01   9.3264e+01   7.3177e+00   0.0000e+00   0.0000e+00   2.8053e+02
20191120_06:00:00   3.7896e-01   8.9609e+01   7.0544e+00   0.0000e+00   3.8080e-06   2.8249e+02
20191120_09:00:00   4.5170e-01   1.0259e+02   8.1806e+00   0.0000e+00   6.3419e-03   2.8164e+02
20191120_12:00:00   5.3369e-01   1.1580e+02   9.5991e+00   8.1050e-03   1.4316e-03   2.7820e+02
20191120_15:00:00   5.3501e-01   1.1648e+02   7.4055e+00   4.8780e-02   4.9657e-03   2.7930e+02
20191120_18:00:00   5.9290e-01   1.2536e+02   8.7375e+00   3.4991e-02   0.0000e+00   2.8335e+02
20191120_21:00:00   1.8755e+00   2.3314e+02   9.7956e+00   5.2682e-01   2.8057e-04   2.8529e+02
20191121_00:00:00   4.6940e-01   1.0534e+02   6.9449e+00   1.9134e-02   5.3831e-06   2.8092e+02
20191121_03:00:00   4.8284e-01   1.0683e+02   5.8692e+00   5.6645e-02   1.7231e-02   2.8066e+02
20191121_06:00:00   1.2911e+00   1.9741e+02   7.9077e+00   3.4108e-01   5.9968e-02   2.8527e+02
20191121_09:00:00   5.0001e-01   1.0912e+02   6.5262e+00   3.8944e-02   1.1643e-02   2.9107e+02
20191121_12:00:00   1.9537e+00   2.3353e+02   7.9735e+00   6.2071e-01   2.2047e-01   2.9177e+02
20191121_15:00:00   1.2005e+00   1.9024e+02   7.3617e+00   3.1770e-01   1.2246e-01   2.9370e+02
20191121_18:00:00   5.6557e-01   1.1935e+02   6.5875e+00   6.7422e-02   3.0816e-03   2.9626e+02
20191121_21:00:00   7.4577e-01   1.4385e+02   7.1252e+00   1.3286e-01   9.3653e-03   2.9803e+02
20191122_00:00:00   4.4095e-01   9.8682e+01   7.4153e+00   5.7140e-04   1.5623e-04   2.9159e+02
20191122_03:00:00   4.0651e-01   9.3170e+01   6.7705e+00   0.0000e+00   6.6241e-06   2.8240e+02
20191122_06:00:00   3.3035e-01   7.9505e+01   5.4760e+00   0.0000e+00   0.0000e+00   2.7175e+02
20191122_09:00:00   2.9791e-01   7.3321e+01   4.9447e+00   0.0000e+00   0.0000e+00   2.7006e+02
20191122_12:00:00   2.6266e-01   6.6267e+01   4.4012e+00   0.0000e+00   0.0000e+00   2.6583e+02
20191122_15:00:00   2.4110e-01   6.1752e+01   4.1634e+00   0.0000e+00   3.0471e-04   2.6554e+02
20191122_18:00:00   2.1789e-01   5.6829e+01   3.8272e+00   0.0000e+00   1.3744e-03   2.6709e+02
20191122_21:00:00   2.3201e-01   6.0062e+01   3.9742e+00   0.0000e+00   7.9933e-03   2.7125e+02
20191123_00:00:00   2.0446e-01   5.4378e+01   3.4259e+00   0.0000e+00   6.1256e-04   2.7098e+02
20191123_03:00:00   1.5825e-01   4.3862e+01   2.7607e+00   0.0000e+00   1.0840e-03   2.7083e+02
20191123_06:00:00   1.4676e-01   4.1179e+01   2.5867e+00   0.0000e+00   8.8056e-05   2.6818e+02
20191123_09:00:00   1.3508e-01   3.8503e+01   2.3556e+00   0.0000e+00   0.0000e+00   2.6507e+02
20191123_12:00:00   1.2598e-01   3.6159e+01   2.2772e+00   0.0000e+00   0.0000e+00   2.6089e+02
20191123_15:00:00   1.3006e-01   3.6893e+01   2.4480e+00   0.0000e+00   6.3259e-06   2.5680e+02
20191123_18:00:00   1.4506e-01   4.0072e+01   2.8829e+00   0.0000e+00   2.6799e-05   2.5344e+02
20191123_21:00:00   1.7976e-01   4.7860e+01   3.6382e+00   0.0000e+00   2.2751e-03   2.5336e+02
20191124_00:00:00   2.0453e-01   5.3169e+01   4.2299e+00   0.0000e+00   2.7039e-02   2.5490e+02
20191124_03:00:00   2.4654e-01   6.2015e+01   5.1780e+00   0.0000e+00   2.1416e-02   2.5342e+02
20191124_06:00:00   2.6821e-01   6.6322e+01   5.6872e+00   0.0000e+00   3.1789e-02   2.5249e+02
20191124_09:00:00   2.8583e-01   6.9379e+01   6.1109e+00   0.0000e+00   1.0872e-01   2.5451e+02
20191124_12:00:00   3.1996e-01   7.5982e+01   6.8833e+00   0.0000e+00   1.0806e-02   2.5316e+02
20191124_15:00:00   3.4091e-01   8.0091e+01   7.2615e+00   0.0000e+00   1.1970e-02   2.5251e+02
20191124_18:00:00   3.4235e-01   8.0679e+01   7.2602e+00   0.0000e+00   4.0092e-03   2.5211e+02
20191124_21:00:00   3.2980e-01   7.8835e+01   6.8757e+00   0.0000e+00   1.7487e-02   2.5252e+02
20191125_00:00:00   3.1669e-01   7.6784e+01   6.5189e+00   0.0000e+00   2.5779e-03   2.5101e+02
20191125_03:00:00   2.9926e-01   7.3341e+01   6.1951e+00   0.0000e+00   1.1571e-03   2.4991e+02
20191125_06:00:00   2.9791e-01   7.2982e+01   6.1790e+00   0.0000e+00   1.7393e-03   2.5200e+02
20191125_09:00:00   3.5202e-01   8.3286e+01   7.2709e+00   0.0000e+00   1.3058e-02   2.5453e+02
20191125_12:00:00   4.5047e-01   1.0083e+02   9.2278e+00   0.0000e+00   6.6594e-02   2.5639e+02
20191125_15:00:00   4.8251e-01   1.0641e+02   9.6430e+00   0.0000e+00   1.2271e-01   2.6179e+02
20191125_18:00:00   3.9168e-01   9.0609e+01   7.8181e+00   0.0000e+00   1.8093e-01   2.6454e+02
20191125_21:00:00   5.8818e-01   1.2276e+02   1.1115e+01   3.4142e-03   1.3872e-01   2.6633e+02
20191126_00:00:00   7.0631e-01   1.3893e+02   1.2564e+01   6.7936e-03   3.4582e-01   2.7020e+02
20191126_03:00:00   1.8213e+00   2.2920e+02   1.3587e+01   4.3000e-01   1.5702e-01   2.7981e+02
20191126_06:00:00   2.4978e+00   2.5143e+02   1.2274e+01   7.4010e-01   6.3433e-03   2.8043e+02
20191126_09:00:00   1.3359e+00   2.0108e+02   1.1727e+01   2.7476e-01   4.8036e-02   2.7426e+02
20191126_12:00:00   1.0402e+00   1.7809e+02   1.1097e+01   1.6018e-01   7.7193e-04   2.5863e+02
20191126_15:00:00   7.5281e-01   1.4619e+02   1.0304e+01   6.2807e-02   1.9522e-04   2.5273e+02
20191126_18:00:00   5.9113e-01   1.2433e+02   9.4201e+00   1.8313e-02   3.3120e-06   2.5350e+02
20191126_21:00:00   6.3374e-01   1.3034e+02   1.0236e+01   1.8988e-02   7.0961e-03   2.5503e+02
20191127_00:00:00   5.5620e-01   1.1872e+02   9.6816e+00   3.0401e-03   6.3884e-03   2.5655e+02
20191127_03:00:00   4.7970e-01   1.0643e+02   8.6560e+00   0.0000e+00   4.1022e-02   2.5834e+02
20191127_06:00:00   4.0360e-01   9.3655e+01   7.1799e+00   0.0000e+00   3.7543e-03   2.6057e+02
20191127_09:00:00   3.2373e-01   7.9211e+01   5.4735e+00   0.0000e+00   0.0000e+00   2.6088e+02
20191127_12:00:00   3.0708e-01   7.5559e+01   5.3861e+00   0.0000e+00   0.0000e+00   2.5951e+02
20191127_15:00:00   2.8127e-01   6.9928e+01   5.0791e+00   0.0000e+00   1.0727e-02   2.6162e+02
20191127_18:00:00   3.2521e-01   7.8493e+01   5.7261e+00   0.0000e+00   2.0461e-02   2.6158e+02
20191127_21:00:00   3.5452e-01   8.4517e+01   5.3254e+00   1.7782e-02   6.5181e-03   2.6644e+02
20191128_00:00:00   5.5944e-01   1.1972e+02   5.8148e+00   8.3515e-02   6.3079e-05   2.6885e+02
20191128_03:00:00   4.0632e-01   9.3726e+01   6.3045e+00   8.2220e-03   2.4863e-04   2.7458e+02
20191128_06:00:00   1.4050e+00   2.0626e+02   7.3558e+00   3.9899e-01   6.4757e-02   2.7590e+02
20191128_09:00:00   1.4081e+00   2.0577e+02   8.1436e+00   3.7657e-01   4.1697e-01   2.8157e+02
20191128_12:00:00   8.2437e-01   1.5292e+02   7.8189e+00   1.4512e-01   2.2470e-01   2.9014e+02
20191128_15:00:00   3.1279e-01   7.5087e+01   5.1650e+00   0.0000e+00   0.0000e+00   2.8842e+02
20191128_18:00:00   3.2228e-01   7.7211e+01   4.9645e+00   9.5360e-03   6.4500e-05   2.7828e+02
20191128_21:00:00   6.6516e-01   1.3354e+02   5.8349e+00   1.2783e-01   6.6688e-04   2.7077e+02
20191129_00:00:00   3.4388e-01   8.1795e+01   5.5147e+00   1.7816e-03   1.0034e-04   2.6601e+02
20191129_03:00:00   2.8913e-01   7.1455e+01   4.7416e+00   0.0000e+00   0.0000e+00   2.6453e+02
20191129_06:00:00   2.3584e-01   6.0804e+01   3.8849e+00   0.0000e+00   0.0000e+00   2.6359e+02
20191129_09:00:00   2.0580e-01   5.4208e+01   3.5529e+00   0.0000e+00   2.0720e-05   2.5663e+02
20191129_12:00:00   2.1276e-01   5.5392e+01   3.9389e+00   0.0000e+00   8.6880e-04   2.5583e+02
20191129_15:00:00   2.1791e-01   5.6485e+01   4.1253e+00   0.0000e+00   4.8330e-03   2.5343e+02
20191129_18:00:00   2.3294e-01   5.9798e+01   4.4748e+00   0.0000e+00   0.0000e+00   2.5385e+02
20191129_21:00:00   2.7191e-01   6.8219e+01   5.1132e+00   0.0000e+00   0.0000e+00   2.5063e+02
20191130_00:00:00   2.5722e-01   6.5189e+01   4.9623e+00   0.0000e+00   0.0000e+00   2.5252e+02
20191130_03:00:00   2.3451e-01   6.0610e+01   4.4889e+00   0.0000e+00   0.0000e+00   2.5251e+02
20191130_06:00:00   2.1899e-01   5.7373e+01   4.1622e+00   0.0000e+00   0.0000e+00   2.5309e+02
20191130_09:00:00   2.3424e-01   6.0513e+01   4.4553e+00   0.0000e+00   2.3206e-03   2.5629e+02
20191130_12:00:00   2.8186e-01   6.9713e+01   5.4819e+00   0.0000e+00   2.2374e-02   2.6426e+02
20191130_15:00:00   3.9980e-01   9.2265e+01   7.5099e+00   0.0000e+00   0.0000e+00   2.6703e+02
20191130_18:00:00   3.4175e-01   8.2365e+01   6.2731e+00   0.0000e+00   0.0000e+00   2.6440e+02
20191130_21:00:00   2.9724e-01   7.3664e+01   5.5067e+00   0.0000e+00   0.0000e+00   2.6524e+02
20191201_00:00:00   2.5309e-01   6.4727e+01   4.6502e+00   0.0000e+00   0.0000e+00   2.6840e+02
20191201_03:00:00   2.7181e-01   6.8464e+01   5.0722e+00   0.0000e+00   2.1404e-05   2.7003e+02
20191201_06:00:00   2.5403e-01   6.4312e+01   4.9195e+00   0.0000e+00   0.0000e+00   2.7041e+02
