#            date       tau225        Tb[K]      pwv[mm] lwp[kg*m^-2] iwp[kg*m^-2]       o3[DU]
20191010_00:00:00   3.2309e-01   8.1384e+01   6.2772e+00   0.0000e+00   0.0000e+00   2.7439e+02
20191010_01:00:00   0.0000e+00   0.0000e+00   0.0000e+00   0.0000e+00   0.0000e+00   0.0000e+00
20191010_02:00:00   3.0377e-01   7.7289e+01   5.9779e+00   0.0000e+00   0.0000e+00   2.7594e+02
20191010_03:00:00   0.0000e+00   2.7000e+00   0.0000e+00   0.0000e+00   0.0000e+00   0.0000e+00
20191010_04:00:00   2.4727e-01   6.4898e+01   5.0112e+00   0.0000e+00   0.0000e+00   2.7561e+02
20191010_05:00:00   1.7592e+00   2.3461e+02   3.0385e+01   2.9746e-02   2.7699e-02   2.5545e+02
20191010_06:00:00   0.0000e+00   0.0000e+00   0.0000e+00   0.0000e+00   0.0000e+00   0.0000e+00
20191010_08:00:00   2.4702e-01   6.5015e+01   4.9473e+00   0.0000e+00   0.0000e+00   2.7701e+02
20191010_09:00:00   2.5357e-01   6.6482e+01   5.0411e+00   0.0000e+00   0.0000e+00   2.7710e+02
20191010_10:00:00   2.5783e-01   6.7455e+01   5.0640e+00   0.0000e+00   0.0000e+00   2.7610e+02
20191010_11:00:00   2.5537e-01   6.7006e+01   4.9700e+00   0.0000e+00   0.0000e+00   2.7367e+02
20191010_12:00:00   2.5609e-01   6.7211e+01   4.9462e+00   0.0000e+00   0.0000e+00   2.7477e+02
20191010_13:00:00   0.0000e+00   2.7000e+00   0.0000e+00   0.0000e+00   0.0000e+00   0.0000e+00
20191010_14:00:00   2.6913e-01   6.9986e+01   5.1104e+00   0.0000e+00   0.0000e+00   2.7539e+02
20191010_15:00:00   0.0000e+00   2.7000e+00   0.0000e+00   0.0000e+00   0.0000e+00   0.0000e+00
20191010_16:00:00   1.3959e+00   2.1684e+02   2.5117e+01   0.0000e+00   0.0000e+00   2.5028e+02
20191010_17:00:00   2.5055e-01   6.6073e+01   4.6662e+00   0.0000e+00   0.0000e+00   2.7420e+02
20191010_18:00:00   0.0000e+00   0.0000e+00   0.0000e+00   0.0000e+00   0.0000e+00   0.0000e+00
20191010_19:00:00   2.5157e-01   6.6269e+01   4.6484e+00   0.0000e+00   0.0000e+00   2.7366e+02
20191010_20:00:00   0.0000e+00   0.0000e+00   0.0000e+00   0.0000e+00   0.0000e+00   0.0000e+00
20191010_21:00:00   2.4833e-01   6.5637e+01   4.5582e+00   0.0000e+00   0.0000e+00   2.7152e+02
20191010_22:00:00   2.5360e-01   6.6847e+01   4.6380e+00   0.0000e+00   0.0000e+00   2.7070e+02
20191010_23:00:00   2.7950e-01   7.2364e+01   5.1054e+00   0.0000e+00   0.0000e+00   2.7070e+02
20191011_00:00:00   3.0370e-01   7.7398e+01   5.5108e+00   0.0000e+00   0.0000e+00   2.7053e+02
20191011_01:00:00   2.8981e-01   7.4518e+01   5.2380e+00   0.0000e+00   0.0000e+00   2.7089e+02
20191011_02:00:00   1.9727e-01   5.5393e+01   4.1118e+00   0.0000e+00   0.0000e+00   2.6187e+02
20191011_04:00:00   2.2037e-01   5.9466e+01   4.0253e+00   0.0000e+00   0.0000e+00   2.6983e+02
20191011_05:00:00   2.1671e-01   5.8597e+01   3.9648e+00   0.0000e+00   0.0000e+00   2.6823e+02
20191011_06:00:00   0.0000e+00   0.0000e+00   0.0000e+00   0.0000e+00   0.0000e+00   0.0000e+00
20191011_07:00:00   2.2107e-01   5.9395e+01   4.0889e+00   0.0000e+00   0.0000e+00   2.6805e+02
20191011_09:00:00   2.1911e-01   5.8839e+01   4.0642e+00   0.0000e+00   0.0000e+00   2.6937e+02
20191011_10:00:00   2.2018e-01   5.9024e+01   4.0866e+00   0.0000e+00   0.0000e+00   2.6863e+02
20191011_11:00:00   2.1712e-01   5.8333e+01   4.0292e+00   0.0000e+00   0.0000e+00   2.6803e+02
20191011_12:00:00   0.0000e+00   0.0000e+00   0.0000e+00   0.0000e+00   0.0000e+00   0.0000e+00
20191011_13:00:00   2.3318e-01   6.1837e+01   4.3390e+00   0.0000e+00   0.0000e+00   2.6832e+02
20191011_14:00:00   2.3963e-01   6.3219e+01   4.4608e+00   0.0000e+00   0.0000e+00   2.6907e+02
20191011_15:00:00   2.3420e-01   6.2053e+01   4.3685e+00   0.0000e+00   0.0000e+00   2.6987e+02
20191011_16:00:00   0.0000e+00   2.7000e+00   0.0000e+00   0.0000e+00   0.0000e+00   0.0000e+00
20191011_17:00:00   2.2035e-01   5.9011e+01   4.1333e+00   0.0000e+00   0.0000e+00   2.7020e+02
20191011_18:00:00   0.0000e+00   2.7000e+00   0.0000e+00   0.0000e+00   0.0000e+00   0.0000e+00
20191011_19:00:00   3.0456e-01   7.7068e+01   5.6633e+00   0.0000e+00   0.0000e+00   2.6736e+02
20191011_20:00:00   3.6742e-01   8.9482e+01   6.8682e+00   0.0000e+00   0.0000e+00   2.6615e+02
20191011_21:00:00   4.0823e-01   9.7142e+01   7.6802e+00   0.0000e+00   0.0000e+00   2.6546e+02
20191011_22:00:00   4.3842e-01   1.0255e+02   8.3289e+00   0.0000e+00   0.0000e+00   2.6547e+02
20191012_00:00:00   1.7014e+00   2.3404e+02   2.9476e+01   1.0527e-02   5.0782e-04   2.5157e+02
20191012_01:00:00   4.7935e-01   1.0951e+02   9.1698e+00   0.0000e+00   0.0000e+00   2.6355e+02
20191012_02:00:00   4.8927e-01   1.1118e+02   9.3494e+00   0.0000e+00   0.0000e+00   2.6268e+02
20191012_03:00:00   4.8520e-01   1.1047e+02   9.2972e+00   0.0000e+00   0.0000e+00   2.6301e+02
20191012_04:00:00   4.8910e-01   1.1115e+02   9.3791e+00   0.0000e+00   0.0000e+00   2.6330e+02
20191012_05:00:00   5.0401e-01   1.1375e+02   9.6165e+00   0.0000e+00   0.0000e+00   2.6238e+02
20191012_06:00:00   5.1121e-01   1.1497e+02   9.7493e+00   0.0000e+00   0.0000e+00   2.6288e+02
20191012_07:00:00   5.1038e-01   1.1474e+02   9.7543e+00   0.0000e+00   0.0000e+00   2.6383e+02
20191012_08:00:00   4.9924e-01   1.1281e+02   9.5681e+00   0.0000e+00   0.0000e+00   2.6454e+02
20191012_09:00:00   4.7787e-01   1.0907e+02   9.2130e+00   0.0000e+00   0.0000e+00   2.6541e+02
20191012_10:00:00   0.0000e+00   2.7000e+00   0.0000e+00   0.0000e+00   0.0000e+00   0.0000e+00
20191012_11:00:00   4.7322e-01   1.0811e+02   9.1239e+00   0.0000e+00   0.0000e+00   2.6722e+02
20191012_12:00:00   0.0000e+00   0.0000e+00   0.0000e+00   0.0000e+00   0.0000e+00   0.0000e+00
20191012_13:00:00   1.7947e+02   3.6987e+01   1.2346e+00   0.0000e+00   2.7558e+06   2.6314e+02
20191012_14:00:00   4.7659e-01   1.0867e+02   9.0746e+00   0.0000e+00   0.0000e+00   2.6342e+02
20191012_15:00:00   4.6440e-01   1.0665e+02   8.8108e+00   0.0000e+00   0.0000e+00   2.6373e+02
20191012_16:00:00   4.5114e-01   1.0439e+02   8.5356e+00   0.0000e+00   0.0000e+00   2.6427e+02
20191012_17:00:00   0.0000e+00   2.7000e+00   0.0000e+00   0.0000e+00   0.0000e+00   0.0000e+00
20191012_18:00:00   4.4200e-01   1.0291e+02   8.2896e+00   0.0000e+00   0.0000e+00   2.6497e+02
20191012_19:00:00   0.0000e+00   0.0000e+00   0.0000e+00   0.0000e+00   0.0000e+00   0.0000e+00
20191012_20:00:00   1.0778e-02   6.3331e+00   7.1265e-02   0.0000e+00   0.0000e+00   2.6879e+02
20191012_21:00:00   0.0000e+00   2.7000e+00   0.0000e+00   0.0000e+00   0.0000e+00   0.0000e+00
20191012_23:00:00   0.0000e+00   0.0000e+00   0.0000e+00   0.0000e+00   0.0000e+00   0.0000e+00
20191013_00:00:00   4.3348e-01   1.0165e+02   8.0810e+00   0.0000e+00   0.0000e+00   2.6453e+02
20191013_02:00:00   0.0000e+00   0.0000e+00   0.0000e+00   0.0000e+00   0.0000e+00   0.0000e+00
20191013_03:00:00   2.5850e-01   6.4443e+01   6.2323e+00   0.0000e+00   1.5909e-02   2.5335e+02
20191013_04:00:00   3.6731e-01   8.9628e+01   6.8491e+00   0.0000e+00   0.0000e+00   2.6844e+02
20191013_06:00:00   3.3982e-01   8.4291e+01   6.3331e+00   0.0000e+00   0.0000e+00   2.6760e+02
20191013_07:00:00   3.2390e-01   8.1079e+01   6.0431e+00   0.0000e+00   0.0000e+00   2.6676e+02
20191013_08:00:00   3.1563e-01   7.9381e+01   5.8930e+00   0.0000e+00   0.0000e+00   2.6548e+02
20191013_09:00:00   3.1094e-01   7.8433e+01   5.8106e+00   0.0000e+00   0.0000e+00   2.6489e+02
20191013_10:00:00   0.0000e+00   0.0000e+00   0.0000e+00   0.0000e+00   0.0000e+00   0.0000e+00
20191013_12:00:00   3.0451e-01   7.7071e+01   5.7084e+00   0.0000e+00   0.0000e+00   2.6335e+02
20191013_13:00:00   3.2243e-01   8.0691e+01   6.0002e+00   0.0000e+00   0.0000e+00   2.6334e+02
20191013_14:00:00   3.4285e-01   8.4789e+01   6.3338e+00   0.0000e+00   0.0000e+00   2.6307e+02
20191013_15:00:00   0.0000e+00   0.0000e+00   0.0000e+00   0.0000e+00   0.0000e+00   0.0000e+00
20191013_16:00:00   0.0000e+00   0.0000e+00   0.0000e+00   0.0000e+00   0.0000e+00   0.0000e+00
20191013_17:00:00   3.3416e-01   8.2956e+01   6.2575e+00   0.0000e+00   0.0000e+00   2.6224e+02
20191013_18:00:00   3.7183e-01   9.0259e+01   6.9228e+00   0.0000e+00   0.0000e+00   2.6119e+02
20191013_19:00:00   0.0000e+00   2.7000e+00   0.0000e+00   0.0000e+00   0.0000e+00   0.0000e+00
20191013_20:00:00   3.9128e-01   9.4006e+01   7.3172e+00   0.0000e+00   0.0000e+00   2.5857e+02
20191013_21:00:00   0.0000e+00   2.7000e+00   0.0000e+00   0.0000e+00   0.0000e+00   0.0000e+00
20191013_22:00:00   4.2826e-01   1.0076e+02   8.0161e+00   0.0000e+00   0.0000e+00   2.5804e+02
20191013_23:00:00   4.3435e-01   1.0186e+02   8.1290e+00   0.0000e+00   0.0000e+00   2.5850e+02
20191014_00:00:00   0.0000e+00   2.7000e+00   0.0000e+00   0.0000e+00   0.0000e+00   0.0000e+00
20191014_01:00:00   0.0000e+00   0.0000e+00   0.0000e+00   0.0000e+00   0.0000e+00   0.0000e+00
20191014_02:00:00   6.6842e-01   1.3991e+02   1.2908e+01   0.0000e+00   0.0000e+00   2.6183e+02
20191014_03:00:00   3.8441e-01   9.2741e+01   7.2622e+00   0.0000e+00   0.0000e+00   2.5833e+02
20191014_04:00:00   3.7956e-01   9.1788e+01   7.1990e+00   0.0000e+00   0.0000e+00   2.5847e+02
20191014_05:00:00   3.8067e-01   9.1975e+01   7.2301e+00   0.0000e+00   8.2820e-07   2.5835e+02
20191014_06:00:00   3.8534e-01   9.2895e+01   7.2932e+00   0.0000e+00   5.9500e-05   2.5866e+02
20191014_07:00:00   3.9398e-01   9.4540e+01   7.4238e+00   0.0000e+00   4.1400e-06   2.5889e+02
20191014_08:00:00   4.0001e-01   9.5584e+01   7.5326e+00   0.0000e+00   1.6564e-06   2.5939e+02
20191014_10:00:00   3.6669e-01   8.9218e+01   6.9579e+00   0.0000e+00   8.2820e-07   2.5899e+02
20191014_11:00:00   3.4235e-01   8.4474e+01   6.5251e+00   0.0000e+00   0.0000e+00   2.5817e+02
20191014_13:00:00   3.1976e-01   8.0005e+01   6.0855e+00   0.0000e+00   2.6923e-05   2.5815e+02
20191014_14:00:00   0.0000e+00   2.7000e+00   0.0000e+00   0.0000e+00   0.0000e+00   0.0000e+00
20191014_15:00:00   3.1023e-01   7.8125e+01   5.8690e+00   0.0000e+00   8.0238e-04   2.6032e+02
20191014_16:00:00   3.1355e-01   7.8823e+01   5.9029e+00   0.0000e+00   4.3476e-06   2.5986e+02
20191014_17:00:00   3.1547e-01   7.9271e+01   5.9149e+00   0.0000e+00   1.5386e-05   2.6013e+02
20191014_18:00:00   4.2378e-02   1.4077e+01   3.7466e-01   0.0000e+00   2.7927e-02   1.9983e+02
20191014_19:00:00   3.5947e-01   8.8150e+01   6.6547e+00   0.0000e+00   7.8220e-05   2.5982e+02
20191014_20:00:00   3.8052e-01   9.2211e+01   7.0335e+00   0.0000e+00   2.8300e-05   2.5820e+02
20191014_21:00:00   3.8948e-01   9.3982e+01   7.2029e+00   0.0000e+00   0.0000e+00   2.5724e+02
20191014_22:00:00   8.9808e-01   1.7244e+02   1.3466e+01   4.0900e-02   0.0000e+00   2.5741e+02
20191015_00:00:00   3.9121e-01   9.4558e+01   7.1995e+00   0.0000e+00   0.0000e+00   2.5839e+02
20191015_03:00:00   0.0000e+00   2.7000e+00   0.0000e+00   0.0000e+00   0.0000e+00   0.0000e+00
20191015_06:00:00   0.0000e+00   0.0000e+00   0.0000e+00   0.0000e+00   0.0000e+00   0.0000e+00
20191015_09:00:00   3.2915e-01   8.2544e+01   6.1174e+00   0.0000e+00   0.0000e+00   2.5522e+02
20191015_12:00:00   0.0000e+00   0.0000e+00   0.0000e+00   0.0000e+00   0.0000e+00   0.0000e+00
20191015_15:00:00   0.0000e+00   0.0000e+00   0.0000e+00   0.0000e+00   0.0000e+00   0.0000e+00
20191015_21:00:00   4.3176e-01   1.0191e+02   8.3019e+00   0.0000e+00   0.0000e+00   2.5041e+02
20191016_00:00:00   0.0000e+00   0.0000e+00   0.0000e+00   0.0000e+00   0.0000e+00   0.0000e+00
20191016_03:00:00   0.0000e+00   2.7000e+00   0.0000e+00   0.0000e+00   0.0000e+00   0.0000e+00
20191016_06:00:00   0.0000e+00   0.0000e+00   0.0000e+00   0.0000e+00   0.0000e+00   0.0000e+00
20191016_09:00:00   0.0000e+00   0.0000e+00   0.0000e+00   0.0000e+00   0.0000e+00   0.0000e+00
20191016_12:00:00   1.0467e+00   1.8450e+02   1.9535e+01   0.0000e+00   3.7491e-04   2.5117e+02
20191016_15:00:00   1.0740e+00   1.8690e+02   1.9947e+01   0.0000e+00   8.4941e-04   2.5274e+02
20191016_18:00:00   1.0808e+00   1.8735e+02   2.0327e+01   0.0000e+00   5.1225e-03   2.5186e+02
20191016_21:00:00   0.0000e+00   2.7000e+00   0.0000e+00   0.0000e+00   0.0000e+00   0.0000e+00
20191017_00:00:00   1.0366e+00   1.8329e+02   1.9868e+01   0.0000e+00   2.1841e-03   2.5302e+02
20191017_03:00:00   8.9816e-01   1.6917e+02   1.6971e+01   0.0000e+00   8.2223e-04   2.5362e+02
20191017_06:00:00   8.0189e-01   1.5828e+02   1.4695e+01   0.0000e+00   0.0000e+00   2.5510e+02
20191017_09:00:00   7.3612e-01   1.4990e+02   1.3350e+01   0.0000e+00   0.0000e+00   2.5640e+02
20191017_12:00:00   5.8808e-01   1.2911e+02   1.0189e+01   0.0000e+00   0.0000e+00   2.6003e+02
20191017_15:00:00   0.0000e+00   0.0000e+00   0.0000e+00   0.0000e+00   0.0000e+00   0.0000e+00
20191017_18:00:00   0.0000e+00   0.0000e+00   0.0000e+00   0.0000e+00   0.0000e+00   0.0000e+00
20191017_21:00:00   5.4579e-01   1.2168e+02   1.0275e+01   0.0000e+00   0.0000e+00   2.5926e+02
20191018_03:00:00   5.0918e-01   1.1543e+02   9.8338e+00   0.0000e+00   0.0000e+00   2.6711e+02
20191018_06:00:00   0.0000e+00   0.0000e+00   0.0000e+00   0.0000e+00   0.0000e+00   0.0000e+00
20191018_09:00:00   4.2351e-01   9.9966e+01   8.4220e+00   0.0000e+00   0.0000e+00   2.6646e+02
20191018_12:00:00   3.4830e-01   8.5658e+01   7.0179e+00   0.0000e+00   0.0000e+00   2.6913e+02
20191018_15:00:00   3.1947e-01   8.0272e+01   6.3245e+00   0.0000e+00   0.0000e+00   2.6961e+02
20191018_18:00:00   3.2355e-01   8.1242e+01   6.3236e+00   0.0000e+00   0.0000e+00   2.6588e+02
20191018_21:00:00   3.9135e-01   9.4656e+01   7.5105e+00   0.0000e+00   0.0000e+00   2.6295e+02
20191019_00:00:00   0.0000e+00   2.7000e+00   0.0000e+00   0.0000e+00   0.0000e+00   0.0000e+00
20191019_03:00:00   2.5387e-01   6.6605e+01   5.1062e+00   0.0000e+00   0.0000e+00   2.6245e+02
20191019_06:00:00   3.2095e-01   8.0619e+01   6.3408e+00   0.0000e+00   0.0000e+00   2.6129e+02
20191019_09:00:00   0.0000e+00   2.7000e+00   0.0000e+00   0.0000e+00   0.0000e+00   0.0000e+00
20191019_15:00:00   4.3196e-01   1.0064e+02   8.7747e+00   0.0000e+00   0.0000e+00   2.6944e+02
20191019_18:00:00   4.5486e-01   1.0492e+02   9.0281e+00   0.0000e+00   0.0000e+00   2.6719e+02
20191019_21:00:00   0.0000e+00   0.0000e+00   0.0000e+00   0.0000e+00   0.0000e+00   0.0000e+00
20191020_00:00:00   4.9252e-01   1.1177e+02   9.4983e+00   0.0000e+00   0.0000e+00   2.7192e+02
20191020_03:00:00   4.4953e-01   1.0476e+02   8.4088e+00   0.0000e+00   0.0000e+00   2.7580e+02
20191020_06:00:00   4.2305e-01   1.0015e+02   7.6550e+00   0.0000e+00   0.0000e+00   2.7302e+02
20191020_09:00:00   4.2903e-01   1.0118e+02   7.6547e+00   0.0000e+00   0.0000e+00   2.7205e+02
20191020_12:00:00   3.9029e-01   9.3495e+01   7.1944e+00   0.0000e+00   0.0000e+00   2.7393e+02
20191020_15:00:00   3.4436e-01   8.4558e+01   6.4344e+00   0.0000e+00   0.0000e+00   2.7603e+02
20191020_18:00:00   4.2496e-01   9.9593e+01   7.8194e+00   0.0000e+00   0.0000e+00   2.7759e+02
20191020_21:00:00   5.1012e-01   1.1453e+02   9.1182e+00   0.0000e+00   0.0000e+00   2.7622e+02
20191021_03:00:00   0.0000e+00   0.0000e+00   0.0000e+00   0.0000e+00   0.0000e+00   0.0000e+00
20191021_06:00:00   0.0000e+00   2.7000e+00   0.0000e+00   0.0000e+00   0.0000e+00   0.0000e+00
20191021_09:00:00   0.0000e+00   2.7000e+00   0.0000e+00   0.0000e+00   0.0000e+00   0.0000e+00
20191021_12:00:00   7.0097e-02   2.2777e+01   1.1140e+00   0.0000e+00   0.0000e+00   2.7956e+02
20191021_15:00:00   0.0000e+00   0.0000e+00   0.0000e+00   0.0000e+00   0.0000e+00   0.0000e+00
20191021_18:00:00   2.8193e-01   6.8522e+01   3.8495e+00   3.2807e-02   1.3179e-03   3.0943e+02
20191021_21:00:00   1.3438e-01   3.8573e+01   2.1433e+00   0.0000e+00   0.0000e+00   2.8544e+02
20191022_00:00:00   1.5498e-01   4.3164e+01   2.5919e+00   0.0000e+00   0.0000e+00   2.8745e+02
20191022_03:00:00   0.0000e+00   0.0000e+00   0.0000e+00   0.0000e+00   0.0000e+00   0.0000e+00
20191022_06:00:00   2.3615e-01   6.1495e+01   4.0669e+00   0.0000e+00   0.0000e+00   2.9067e+02
20191022_12:00:00   1.2107e+00   1.9251e+02   1.1534e+01   2.1770e-01   6.3817e-02   3.0403e+02
20191022_15:00:00   2.9918e-01   7.4137e+01   5.0371e+00   0.0000e+00   0.0000e+00   2.8752e+02
20191022_18:00:00   4.1822e-01   9.6163e+01   7.3855e+00   0.0000e+00   0.0000e+00   2.9364e+02
20191022_21:00:00   0.0000e+00   0.0000e+00   0.0000e+00   0.0000e+00   0.0000e+00   0.0000e+00
20191023_00:00:00   6.0907e-01   1.2648e+02   1.0897e+01   0.0000e+00   4.8303e-04   2.9443e+02
20191023_03:00:00   4.9723e-01   1.0926e+02   9.1098e+00   0.0000e+00   9.5864e-04   2.9959e+02
20191023_06:00:00   0.0000e+00   0.0000e+00   0.0000e+00   0.0000e+00   0.0000e+00   0.0000e+00
20191023_09:00:00   6.0971e-01   1.2653e+02   1.0827e+01   0.0000e+00   1.7819e-02   3.0265e+02
20191023_12:00:00   5.7685e-01   1.2184e+02   1.0346e+01   0.0000e+00   2.7635e-03   3.0510e+02
20191023_15:00:00   5.5423e-01   1.1836e+02   1.0008e+01   0.0000e+00   8.7734e-03   3.0643e+02
20191023_21:00:00   0.0000e+00   2.7000e+00   0.0000e+00   0.0000e+00   0.0000e+00   0.0000e+00
20191024_00:00:00   0.0000e+00   2.7000e+00   0.0000e+00   0.0000e+00   0.0000e+00   0.0000e+00
20191024_03:00:00   4.7608e-01   1.0676e+02   8.8408e+00   0.0000e+00   0.0000e+00   2.8172e+02
20191024_12:00:00   8.3598e-01   1.5957e+02   1.3537e+01   2.0179e-02   0.0000e+00   2.5731e+02
20191024_15:00:00   0.0000e+00   2.7000e+00   0.0000e+00   0.0000e+00   0.0000e+00   0.0000e+00
20191024_21:00:00   1.0783e+00   1.8568e+02   1.4278e+01   9.7760e-02   6.7560e-06   2.5117e+02
20191025_00:00:00   8.0767e-01   1.5715e+02   1.3606e+01   1.0496e-02   0.0000e+00   2.4945e+02
20191025_03:00:00   6.0203e-01   1.2911e+02   1.0749e+01   0.0000e+00   0.0000e+00   2.5087e+02
20191025_06:00:00   0.0000e+00   2.7000e+00   0.0000e+00   0.0000e+00   0.0000e+00   0.0000e+00
20191025_09:00:00   3.7438e-01   9.0379e+01   6.9736e+00   0.0000e+00   0.0000e+00   2.5001e+02
20191025_12:00:00   3.2189e-01   8.0114e+01   6.0825e+00   0.0000e+00   0.0000e+00   2.5024e+02
20191025_21:00:00   4.4711e-01   1.0370e+02   8.3210e+00   0.0000e+00   0.0000e+00   2.4819e+02
20191026_00:00:00   0.0000e+00   2.7000e+00   0.0000e+00   0.0000e+00   0.0000e+00   0.0000e+00
