#            date       tau225        Tb[K]      pwv[mm] lwp[kg*m^-2] iwp[kg*m^-2]       o3[DU]
20191006_18:00:00   3.3680e-01   8.4828e+01   6.1097e+00   0.0000e+00   1.7110e-03   2.6189e+02
20191006_19:00:00   3.8016e-01   9.3341e+01   6.8628e+00   0.0000e+00   1.9939e-03   2.6187e+02
20191006_20:00:00   2.4959e-01   6.2970e+01   5.8565e+00   0.0000e+00   2.3329e-05   2.5583e+02
20191006_21:00:00   0.0000e+00   0.0000e+00   0.0000e+00   0.0000e+00   0.0000e+00   0.0000e+00
20191006_22:00:00   4.0113e-01   9.7355e+01   7.4565e+00   0.0000e+00   0.0000e+00   2.6234e+02
20191006_23:00:00   3.9128e-01   9.5475e+01   7.3246e+00   0.0000e+00   2.6458e-06   2.6323e+02
20191007_00:00:00   3.6249e-01   8.9870e+01   6.8539e+00   0.0000e+00   4.3885e-04   2.6384e+02
20191007_01:00:00   3.2432e-01   8.2232e+01   6.1919e+00   0.0000e+00   1.2422e-05   2.6301e+02
20191007_04:00:00   3.9347e-01   9.5337e+01   7.6452e+00   0.0000e+00   1.9181e-03   2.6105e+02
20191007_06:00:00   3.9480e-01   9.6111e+01   7.4897e+00   0.0000e+00   1.5284e-03   2.5759e+02
20191007_07:00:00   0.0000e+00   0.0000e+00   0.0000e+00   0.0000e+00   0.0000e+00   0.0000e+00
20191007_08:00:00   0.0000e+00   0.0000e+00   0.0000e+00   0.0000e+00   0.0000e+00   0.0000e+00
20191007_10:00:00   6.0432e-01   1.3154e+02   1.1193e+01   0.0000e+00   0.0000e+00   2.5824e+02
20191007_11:00:00   0.0000e+00   2.7000e+00   0.0000e+00   0.0000e+00   0.0000e+00   0.0000e+00
20191007_12:00:00   6.5849e-01   1.3930e+02   1.2252e+01   0.0000e+00   0.0000e+00   2.5998e+02
20191007_14:00:00   0.0000e+00   0.0000e+00   0.0000e+00   0.0000e+00   0.0000e+00   0.0000e+00
20191007_15:00:00   6.0062e-01   1.3092e+02   1.1165e+01   0.0000e+00   0.0000e+00   2.5902e+02
20191007_16:00:00   0.0000e+00   0.0000e+00   0.0000e+00   0.0000e+00   0.0000e+00   0.0000e+00
20191007_17:00:00   0.0000e+00   0.0000e+00   0.0000e+00   0.0000e+00   0.0000e+00   0.0000e+00
20191007_18:00:00   2.2350e-01   6.0223e+01   4.5262e+00   0.0000e+00   0.0000e+00   2.6665e+02
20191007_19:00:00   0.0000e+00   0.0000e+00   0.0000e+00   0.0000e+00   0.0000e+00   0.0000e+00
20191007_20:00:00   0.0000e+00   2.7000e+00   0.0000e+00   0.0000e+00   0.0000e+00   0.0000e+00
20191007_21:00:00   0.0000e+00   0.0000e+00   0.0000e+00   0.0000e+00   0.0000e+00   0.0000e+00
20191007_22:00:00   0.0000e+00   2.7000e+00   0.0000e+00   0.0000e+00   0.0000e+00   0.0000e+00
20191007_23:00:00   2.2202e-04   2.7949e+00   0.0000e+00   0.0000e+00   0.0000e+00   1.1943e+02
20191008_00:00:00   0.0000e+00   0.0000e+00   0.0000e+00   0.0000e+00   0.0000e+00   0.0000e+00
20191008_01:00:00   2.9249e+00   2.6993e+02   3.0559e+01   4.7325e-01   1.9500e-04   2.5915e+02
20191008_02:00:00   6.7753e-01   1.4299e+02   1.2322e+01   0.0000e+00   0.0000e+00   2.5738e+02
20191008_03:00:00   0.0000e+00   2.7000e+00   0.0000e+00   0.0000e+00   0.0000e+00   0.0000e+00
20191008_04:00:00   0.0000e+00   2.7000e+00   0.0000e+00   0.0000e+00   0.0000e+00   0.0000e+00
20191008_06:00:00   0.0000e+00   2.7000e+00   0.0000e+00   0.0000e+00   0.0000e+00   0.0000e+00
20191008_07:00:00   7.2013e-01   1.4865e+02   1.2945e+01   0.0000e+00   0.0000e+00   2.5953e+02
20191008_08:00:00   7.0481e-01   1.4645e+02   1.2655e+01   0.0000e+00   0.0000e+00   2.6054e+02
20191008_09:00:00   2.1363e-01   5.8134e+01   4.2225e+00   0.0000e+00   0.0000e+00   2.7057e+02
20191008_10:00:00   7.5817e-01   1.5341e+02   1.3427e+01   0.0000e+00   0.0000e+00   2.6038e+02
20191008_11:00:00   7.3285e-01   1.4993e+02   1.3039e+01   0.0000e+00   0.0000e+00   2.5964e+02
20191008_12:00:00   6.8892e-01   1.4377e+02   1.2365e+01   0.0000e+00   0.0000e+00   2.5993e+02
20191008_13:00:00   4.3410e-01   1.0012e+02   8.9077e+00   0.0000e+00   0.0000e+00   2.5680e+02
20191008_14:00:00   5.7618e-01   1.2704e+02   1.0480e+01   0.0000e+00   0.0000e+00   2.6229e+02
20191008_15:00:00   5.1827e-01   1.1767e+02   9.5279e+00   0.0000e+00   0.0000e+00   2.6313e+02
20191008_16:00:00   4.4595e-01   1.0512e+02   8.3321e+00   0.0000e+00   0.0000e+00   2.6275e+02
20191008_17:00:00   3.8400e-01   9.3562e+01   7.3057e+00   0.0000e+00   0.0000e+00   2.6227e+02
20191008_18:00:00   3.4929e-01   8.6856e+01   6.6559e+00   0.0000e+00   0.0000e+00   2.6312e+02
20191008_19:00:00   0.0000e+00   2.7000e+00   0.0000e+00   0.0000e+00   0.0000e+00   0.0000e+00
20191008_21:00:00   0.0000e+00   2.7000e+00   0.0000e+00   0.0000e+00   0.0000e+00   0.0000e+00
20191008_22:00:00   3.8398e-01   9.3484e+01   7.7734e+00   0.0000e+00   0.0000e+00   2.5557e+02
20191008_23:00:00   3.5178e-01   8.7331e+01   6.7777e+00   0.0000e+00   0.0000e+00   2.6656e+02
20191009_00:00:00   3.4950e-01   8.6907e+01   6.7090e+00   0.0000e+00   0.0000e+00   2.6690e+02
20191009_01:00:00   3.4525e-01   8.6123e+01   6.6018e+00   0.0000e+00   0.0000e+00   2.6658e+02
20191009_02:00:00   3.3796e-01   8.4703e+01   6.4513e+00   0.0000e+00   0.0000e+00   2.6596e+02
20191009_03:00:00   3.2274e-01   8.1637e+01   6.1685e+00   0.0000e+00   0.0000e+00   2.6511e+02
20191009_04:00:00   3.2394e-01   8.1954e+01   6.1429e+00   0.0000e+00   0.0000e+00   2.6457e+02
20191009_05:00:00   3.4589e-01   8.6473e+01   6.4339e+00   0.0000e+00   0.0000e+00   2.6483e+02
20191009_06:00:00   0.0000e+00   2.7000e+00   0.0000e+00   0.0000e+00   0.0000e+00   0.0000e+00
20191009_07:00:00   3.7499e-01   9.2259e+01   6.7840e+00   0.0000e+00   1.9073e-04   2.6528e+02
20191009_08:00:00   3.5065e-01   8.7392e+01   6.3855e+00   0.0000e+00   4.9781e-04   2.6575e+02
20191009_09:00:00   0.0000e+00   0.0000e+00   0.0000e+00   0.0000e+00   0.0000e+00   0.0000e+00
20191009_10:00:00   2.9296e-01   7.5479e+01   5.4355e+00   0.0000e+00   3.2115e-04   2.6555e+02
20191009_11:00:00   3.0005e-01   7.6944e+01   5.5353e+00   0.0000e+00   3.8224e-05   2.6477e+02
20191009_12:00:00   3.4726e-01   8.6483e+01   6.3159e+00   0.0000e+00   1.2231e-05   2.6472e+02
20191009_13:00:00   3.8150e-01   9.3095e+01   6.8956e+00   0.0000e+00   2.2364e-04   2.6499e+02
20191009_17:00:00   3.4809e-01   8.6474e+01   6.4086e+00   0.0000e+00   4.5246e-05   2.6914e+02
20191009_18:00:00   1.9343e-01   5.4020e+01   3.8870e+00   0.0000e+00   0.0000e+00   2.6996e+02
20191009_19:00:00   3.2720e-01   8.2427e+01   6.0770e+00   0.0000e+00   0.0000e+00   2.6963e+02
20191009_20:00:00   3.1847e-01   8.0663e+01   5.9592e+00   0.0000e+00   0.0000e+00   2.6978e+02
20191009_22:00:00   3.1284e-01   7.9322e+01   5.9943e+00   0.0000e+00   0.0000e+00   2.6958e+02
20191009_23:00:00   3.1388e-01   7.9370e+01   6.0787e+00   0.0000e+00   0.0000e+00   2.6910e+02
20191010_00:00:00   4.1239e-01   9.8913e+01   8.6500e+00   0.0000e+00   2.7421e-04   2.5845e+02
20191010_01:00:00   2.6714e-01   6.9184e+01   5.3791e+00   0.0000e+00   0.0000e+00   2.6786e+02
20191010_02:00:00   2.6193e-01   6.7889e+01   5.3513e+00   0.0000e+00   0.0000e+00   2.6776e+02
20191010_03:00:00   2.6326e-01   6.8047e+01   5.4102e+00   0.0000e+00   0.0000e+00   2.6811e+02
20191010_04:00:00   2.7862e-01   7.1279e+01   5.7149e+00   0.0000e+00   0.0000e+00   2.6851e+02
20191010_06:00:00   2.9426e-01   7.4734e+01   5.9269e+00   0.0000e+00   0.0000e+00   2.6899e+02
20191010_07:00:00   2.9246e-01   7.4385e+01   5.8640e+00   0.0000e+00   0.0000e+00   2.6965e+02
20191010_08:00:00   2.8305e-01   7.2434e+01   5.6697e+00   0.0000e+00   0.0000e+00   2.7091e+02
20191010_09:00:00   2.7891e-01   7.1563e+01   5.5706e+00   0.0000e+00   0.0000e+00   2.7233e+02
20191010_10:00:00   2.7977e-01   7.1755e+01   5.5617e+00   0.0000e+00   0.0000e+00   2.7245e+02
20191010_11:00:00   2.7962e-01   7.1675e+01   5.5614e+00   0.0000e+00   0.0000e+00   2.7336e+02
20191010_12:00:00   2.7584e-01   7.0834e+01   5.4824e+00   0.0000e+00   0.0000e+00   2.7392e+02
20191010_14:00:00   2.6221e-01   6.8072e+01   5.1169e+00   0.0000e+00   0.0000e+00   2.7599e+02
20191010_15:00:00   0.0000e+00   0.0000e+00   0.0000e+00   0.0000e+00   0.0000e+00   0.0000e+00
20191010_16:00:00   2.4334e-01   6.4208e+01   4.6279e+00   0.0000e+00   0.0000e+00   2.7685e+02
20191010_17:00:00   2.4481e-01   6.4623e+01   4.5559e+00   0.0000e+00   0.0000e+00   2.7497e+02
20191010_18:00:00   0.0000e+00   0.0000e+00   0.0000e+00   0.0000e+00   0.0000e+00   0.0000e+00
20191010_19:00:00   2.9568e-01   7.5491e+01   5.3151e+00   0.0000e+00   0.0000e+00   2.7223e+02
20191010_20:00:00   0.0000e+00   0.0000e+00   0.0000e+00   0.0000e+00   0.0000e+00   0.0000e+00
20191010_21:00:00   0.0000e+00   2.7000e+00   0.0000e+00   0.0000e+00   0.0000e+00   0.0000e+00
20191010_22:00:00   3.2179e-01   8.0838e+01   5.7657e+00   0.0000e+00   0.0000e+00   2.7090e+02
20191010_23:00:00   3.0741e-01   7.7953e+01   5.5120e+00   0.0000e+00   0.0000e+00   2.7090e+02
20191011_00:00:00   2.7370e-01   7.1018e+01   4.8846e+00   0.0000e+00   0.0000e+00   2.7243e+02
20191011_01:00:00   2.1813e-01   5.8978e+01   3.8896e+00   0.0000e+00   0.0000e+00   2.7300e+02
20191011_02:00:00   1.7304e-01   4.8674e+01   3.0734e+00   0.0000e+00   0.0000e+00   2.7277e+02
20191011_03:00:00   1.5944e-01   4.5467e+01   2.8110e+00   0.0000e+00   0.0000e+00   2.7340e+02
20191011_04:00:00   1.4949e-01   4.3096e+01   2.6151e+00   0.0000e+00   0.0000e+00   2.7342e+02
20191011_05:00:00   1.4250e-01   4.1419e+01   2.4733e+00   0.0000e+00   0.0000e+00   2.7345e+02
20191011_06:00:00   1.4466e-01   4.1910e+01   2.5102e+00   0.0000e+00   0.0000e+00   2.7301e+02
20191011_07:00:00   1.4822e-01   4.2718e+01   2.5727e+00   0.0000e+00   0.0000e+00   2.7181e+02
20191011_08:00:00   1.3971e-01   4.0645e+01   2.4242e+00   0.0000e+00   0.0000e+00   2.7304e+02
20191011_09:00:00   0.0000e+00   2.7000e+00   0.0000e+00   0.0000e+00   0.0000e+00   0.0000e+00
20191011_10:00:00   1.4122e-01   4.0937e+01   2.4627e+00   0.0000e+00   0.0000e+00   2.7165e+02
20191011_11:00:00   0.0000e+00   0.0000e+00   0.0000e+00   0.0000e+00   0.0000e+00   0.0000e+00
20191011_12:00:00   1.4975e-01   4.2876e+01   2.6508e+00   0.0000e+00   0.0000e+00   2.7130e+02
20191011_13:00:00   1.5885e-01   4.4964e+01   2.8438e+00   0.0000e+00   0.0000e+00   2.7145e+02
20191011_14:00:00   1.5689e-01   4.4442e+01   2.8347e+00   0.0000e+00   0.0000e+00   2.7118e+02
20191011_15:00:00   1.4690e-01   4.2015e+01   2.6798e+00   0.0000e+00   0.0000e+00   2.7135e+02
20191011_16:00:00   1.4801e-01   4.2251e+01   2.7229e+00   0.0000e+00   0.0000e+00   2.7022e+02
20191011_17:00:00   1.5441e-01   4.3782e+01   2.8514e+00   0.0000e+00   0.0000e+00   2.6863e+02
20191011_18:00:00   1.7066e-01   4.7618e+01   3.1479e+00   0.0000e+00   0.0000e+00   2.6747e+02
20191011_21:00:00   3.0430e-01   7.6971e+01   5.6485e+00   0.0000e+00   0.0000e+00   2.6325e+02
20191012_00:00:00   3.7419e-01   9.0752e+01   7.0396e+00   0.0000e+00   2.8900e-05   2.6450e+02
20191012_03:00:00   3.5605e-01   8.7258e+01   6.7667e+00   0.0000e+00   4.2660e-05   2.6396e+02
20191012_06:00:00   0.0000e+00   2.7000e+00   0.0000e+00   0.0000e+00   0.0000e+00   0.0000e+00
20191012_09:00:00   3.7734e-01   9.1315e+01   7.1693e+00   0.0000e+00   5.5300e-05   2.6412e+02
20191012_12:00:00   3.7767e-01   9.1389e+01   7.1128e+00   0.0000e+00   7.1540e-06   2.6468e+02
20191012_15:00:00   0.0000e+00   0.0000e+00   0.0000e+00   0.0000e+00   0.0000e+00   0.0000e+00
20191012_18:00:00   4.0185e-01   9.5936e+01   7.4569e+00   0.0000e+00   0.0000e+00   2.6433e+02
20191012_21:00:00   0.0000e+00   2.7000e+00   0.0000e+00   0.0000e+00   0.0000e+00   0.0000e+00
20191013_00:00:00   4.4670e-01   1.0413e+02   8.5076e+00   0.0000e+00   0.0000e+00   2.6073e+02
20191013_03:00:00   4.2407e-01   9.9816e+01   8.1851e+00   0.0000e+00   3.6800e-06   2.6133e+02
20191013_06:00:00   3.5895e-01   8.7598e+01   7.0282e+00   0.0000e+00   0.0000e+00   2.6106e+02
20191013_09:00:00   2.8979e-01   7.3647e+01   5.7449e+00   0.0000e+00   0.0000e+00   2.6216e+02
20191013_12:00:00   3.0369e-01   7.5706e+01   6.2824e+00   0.0000e+00   0.0000e+00   2.6178e+02
20191013_15:00:00   2.8276e-01   7.1345e+01   5.8667e+00   0.0000e+00   0.0000e+00   2.6188e+02
20191013_18:00:00   0.0000e+00   0.0000e+00   0.0000e+00   0.0000e+00   0.0000e+00   0.0000e+00
20191013_21:00:00   0.0000e+00   0.0000e+00   0.0000e+00   0.0000e+00   0.0000e+00   0.0000e+00
20191014_00:00:00   0.0000e+00   2.7000e+00   0.0000e+00   0.0000e+00   0.0000e+00   0.0000e+00
20191014_03:00:00   2.6328e-01   6.8233e+01   5.2201e+00   0.0000e+00   1.0352e-06   2.6091e+02
20191014_06:00:00   2.3892e-01   6.3162e+01   4.6944e+00   0.0000e+00   0.0000e+00   2.5917e+02
20191014_09:00:00   0.0000e+00   0.0000e+00   0.0000e+00   0.0000e+00   0.0000e+00   0.0000e+00
20191014_12:00:00   2.1909e-01   5.8769e+01   4.3037e+00   0.0000e+00   1.6248e-03   2.5823e+02
20191014_15:00:00   2.1074e-01   5.6890e+01   4.1426e+00   0.0000e+00   0.0000e+00   2.5790e+02
20191014_18:00:00   2.2388e-01   5.9852e+01   4.4117e+00   0.0000e+00   0.0000e+00   2.5546e+02
20191014_21:00:00   5.7036e-01   1.2658e+02   1.2048e+01   0.0000e+00   4.5380e-03   2.5490e+02
20191015_00:00:00   0.0000e+00   0.0000e+00   0.0000e+00   0.0000e+00   0.0000e+00   0.0000e+00
20191015_03:00:00   3.7723e-01   9.1397e+01   7.5527e+00   0.0000e+00   3.0668e-04   2.5352e+02
20191015_06:00:00   2.9916e-01   7.5510e+01   6.2449e+00   0.0000e+00   2.2001e-04   2.5261e+02
20191015_12:00:00   3.5863e-01   8.6424e+01   7.7275e+00   0.0000e+00   0.0000e+00   2.5430e+02
20191015_15:00:00   0.0000e+00   0.0000e+00   0.0000e+00   0.0000e+00   0.0000e+00   0.0000e+00
20191015_21:00:00   0.0000e+00   0.0000e+00   0.0000e+00   0.0000e+00   0.0000e+00   0.0000e+00
20191016_00:00:00   7.5397e-01   1.4831e+02   1.5758e+01   0.0000e+00   5.3136e-03   2.5260e+02
20191016_03:00:00   0.0000e+00   2.7000e+00   0.0000e+00   0.0000e+00   0.0000e+00   0.0000e+00
20191016_06:00:00   0.0000e+00   0.0000e+00   0.0000e+00   0.0000e+00   0.0000e+00   0.0000e+00
20191016_09:00:00   6.0333e-01   1.2799e+02   1.2491e+01   0.0000e+00   1.7956e-02   2.5600e+02
20191016_12:00:00   0.0000e+00   0.0000e+00   0.0000e+00   0.0000e+00   0.0000e+00   0.0000e+00
20191016_15:00:00   0.0000e+00   0.0000e+00   0.0000e+00   0.0000e+00   0.0000e+00   0.0000e+00
20191016_18:00:00   7.6438e-01   1.4897e+02   1.5789e+01   1.5528e-04   2.9409e-01   2.6109e+02
20191016_21:00:00   9.3426e-01   1.6889e+02   1.8606e+01   0.0000e+00   3.5934e-01   2.5834e+02
20191017_00:00:00   0.0000e+00   0.0000e+00   0.0000e+00   0.0000e+00   0.0000e+00   0.0000e+00
20191017_03:00:00   0.0000e+00   2.7000e+00   0.0000e+00   0.0000e+00   0.0000e+00   0.0000e+00
20191017_06:00:00   1.0658e+00   1.8347e+02   1.8262e+01   4.4916e-02   4.1971e-02   2.6050e+02
20191017_09:00:00   9.6395e-01   1.7397e+02   1.7241e+01   2.0577e-02   1.5915e-02   2.6111e+02
20191017_12:00:00   9.6013e-01   1.7364e+02   1.8146e+01   6.7288e-04   2.6518e-02   2.6188e+02
20191017_15:00:00   1.0619e+00   1.8416e+02   1.7924e+01   3.5697e-02   2.2164e-03   2.5987e+02
20191017_18:00:00   9.3096e-01   1.7089e+02   1.7546e+01   0.0000e+00   4.4717e-02   2.5767e+02
20191017_21:00:00   1.0359e+00   1.8144e+02   2.0122e+01   2.2040e-04   1.7961e-02   2.5637e+02
20191018_00:00:00   0.0000e+00   2.7000e+00   0.0000e+00   0.0000e+00   0.0000e+00   0.0000e+00
20191018_03:00:00   1.0274e+00   1.8117e+02   1.9832e+01   1.6788e-03   5.7596e-04   2.5563e+02
20191018_06:00:00   1.1865e+00   1.9626e+02   2.2240e+01   2.2360e-04   1.7886e-05   2.5205e+02
20191018_09:00:00   0.0000e+00   0.0000e+00   0.0000e+00   0.0000e+00   0.0000e+00   0.0000e+00
20191018_12:00:00   1.1606e+00   1.9518e+02   2.0394e+01   0.0000e+00   0.0000e+00   2.5323e+02
20191018_15:00:00   1.1391e+00   1.9331e+02   2.0013e+01   0.0000e+00   0.0000e+00   2.5414e+02
20191018_18:00:00   1.0670e+00   1.8695e+02   1.8843e+01   0.0000e+00   0.0000e+00   2.5303e+02
20191018_21:00:00   1.0371e+00   1.8442e+02   1.8031e+01   3.0960e-03   0.0000e+00   2.4992e+02
20191019_00:00:00   0.0000e+00   0.0000e+00   0.0000e+00   0.0000e+00   0.0000e+00   0.0000e+00
20191019_03:00:00   8.2012e-01   1.6114e+02   1.4530e+01   0.0000e+00   0.0000e+00   2.5016e+02
20191019_09:00:00   7.0993e-01   1.4686e+02   1.2721e+01   0.0000e+00   0.0000e+00   2.5047e+02
20191019_12:00:00   0.0000e+00   0.0000e+00   0.0000e+00   0.0000e+00   0.0000e+00   0.0000e+00
20191019_15:00:00   0.0000e+00   0.0000e+00   0.0000e+00   0.0000e+00   0.0000e+00   0.0000e+00
20191019_18:00:00   7.9962e-01   1.5840e+02   1.4170e+01   0.0000e+00   0.0000e+00   2.5218e+02
20191019_21:00:00   0.0000e+00   0.0000e+00   0.0000e+00   0.0000e+00   0.0000e+00   0.0000e+00
20191020_00:00:00   8.8773e-01   1.6918e+02   1.5879e+01   0.0000e+00   0.0000e+00   2.4990e+02
20191020_03:00:00   6.9328e-01   1.4488e+02   1.2236e+01   0.0000e+00   0.0000e+00   2.5150e+02
20191020_06:00:00   1.3991e-06   2.7012e+00   0.0000e+00   0.0000e+00   0.0000e+00   5.9846e+00
20191020_09:00:00   0.0000e+00   2.7000e+00   0.0000e+00   0.0000e+00   0.0000e+00   0.0000e+00
20191020_12:00:00   0.0000e+00   0.0000e+00   0.0000e+00   0.0000e+00   0.0000e+00   0.0000e+00
20191020_15:00:00   0.0000e+00   2.7000e+00   0.0000e+00   0.0000e+00   0.0000e+00   0.0000e+00
20191020_18:00:00   6.3718e-01   1.3596e+02   1.1172e+01   0.0000e+00   0.0000e+00   2.6160e+02
20191020_21:00:00   6.8421e-01   1.4305e+02   1.2078e+01   0.0000e+00   0.0000e+00   2.6199e+02
20191021_00:00:00   3.7561e-01   8.8508e+01   7.1110e+00   0.0000e+00   1.5477e-02   2.7874e+02
20191021_03:00:00   6.6588e-01   1.4047e+02   1.1754e+01   0.0000e+00   1.2653e-05   2.6371e+02
20191021_06:00:00   0.0000e+00   2.7000e+00   0.0000e+00   0.0000e+00   0.0000e+00   0.0000e+00
20191021_09:00:00   0.0000e+00   2.7000e+00   0.0000e+00   0.0000e+00   0.0000e+00   0.0000e+00
20191021_12:00:00   0.0000e+00   0.0000e+00   0.0000e+00   0.0000e+00   0.0000e+00   0.0000e+00
20191021_15:00:00   5.4064e-01   1.2111e+02   9.7271e+00   0.0000e+00   0.0000e+00   2.6779e+02
20191021_18:00:00   0.0000e+00   0.0000e+00   0.0000e+00   0.0000e+00   0.0000e+00   0.0000e+00
20191021_21:00:00   6.0439e-01   1.3131e+02   1.0953e+01   0.0000e+00   0.0000e+00   2.6498e+02
20191022_00:00:00   0.0000e+00   0.0000e+00   0.0000e+00   0.0000e+00   0.0000e+00   0.0000e+00
20191022_03:00:00   6.3319e-01   1.3512e+02   1.1971e+01   0.0000e+00   1.4109e-05   2.6622e+02
20191022_06:00:00   6.4379e-01   1.3637e+02   1.2293e+01   0.0000e+00   1.0282e-04   2.6321e+02
20191022_09:00:00   6.1050e-01   1.3122e+02   1.1864e+01   0.0000e+00   0.0000e+00   2.6200e+02
20191022_12:00:00   6.2880e-01   1.3372e+02   1.2335e+01   0.0000e+00   0.0000e+00   2.6118e+02
20191022_15:00:00   6.0197e-01   1.2973e+02   1.1876e+01   0.0000e+00   0.0000e+00   2.6200e+02
20191022_18:00:00   5.8613e-01   1.2741e+02   1.1512e+01   0.0000e+00   0.0000e+00   2.6184e+02
