#            date       tau225        Tb[K]      pwv[mm] lwp[kg*m^-2] iwp[kg*m^-2]       o3[DU]
20191102_00:00:00   3.5042e-01   8.3637e+01   6.1467e+00   2.6002e-02   3.3811e-03   2.8325e+02
20191102_01:00:00   3.2272e-01   7.8825e+01   6.6441e+00   0.0000e+00   1.1615e-02   2.8261e+02
20191102_02:00:00   3.3817e-01   8.1725e+01   6.9881e+00   0.0000e+00   7.4755e-03   2.8195e+02
20191102_03:00:00   3.5795e-01   8.5504e+01   7.3734e+00   0.0000e+00   3.8491e-03   2.8157e+02
20191102_04:00:00   3.6409e-01   8.6750e+01   7.5034e+00   0.0000e+00   3.2238e-03   2.8104e+02
20191102_05:00:00   3.8990e-01   9.1309e+01   8.0122e+00   0.0000e+00   1.7794e-02   2.8074e+02
20191102_06:00:00   4.0448e-01   9.3920e+01   8.2789e+00   0.0000e+00   6.2555e-03   2.8148e+02
20191102_07:00:00   4.4594e-01   1.0123e+02   9.1140e+00   0.0000e+00   1.9934e-02   2.8134e+02
20191102_08:00:00   4.5273e-01   1.0260e+02   9.2267e+00   0.0000e+00   4.1845e-03   2.8144e+02
20191102_09:00:00   4.5315e-01   1.0287e+02   9.2081e+00   0.0000e+00   1.8748e-03   2.8187e+02
20191102_10:00:00   4.5618e-01   1.0353e+02   9.2348e+00   0.0000e+00   9.3306e-04   2.8160e+02
20191102_11:00:00   4.5786e-01   1.0386e+02   9.2572e+00   0.0000e+00   1.1610e-03   2.8103e+02
20191102_12:00:00   4.3886e-01   1.0080e+02   8.8096e+00   0.0000e+00   1.5796e-04   2.8210e+02
20191102_13:00:00   4.2793e-01   9.8821e+01   8.5941e+00   0.0000e+00   1.4232e-05   2.8291e+02
20191102_14:00:00   4.3520e-01   9.9781e+01   8.8044e+00   0.0000e+00   6.1124e-03   2.8305e+02
20191102_15:00:00   4.4663e-01   1.0169e+02   9.0468e+00   0.0000e+00   2.3590e-02   2.8378e+02
20191102_16:00:00   4.4410e-01   1.0134e+02   8.9886e+00   0.0000e+00   8.0615e-03   2.8358e+02
20191102_17:00:00   4.4374e-01   1.0127e+02   8.9835e+00   0.0000e+00   1.8942e-02   2.8258e+02
20191102_18:00:00   4.4990e-01   1.0229e+02   9.1328e+00   0.0000e+00   2.9655e-02   2.8149e+02
20191102_19:00:00   4.4058e-01   1.0092e+02   8.8999e+00   0.0000e+00   2.1116e-02   2.8025e+02
20191102_20:00:00   4.3631e-01   1.0053e+02   8.7242e+00   0.0000e+00   1.0975e-03   2.8058e+02
20191102_21:00:00   4.4826e-01   1.0286e+02   8.9019e+00   0.0000e+00   3.4361e-04   2.8030e+02
20191102_22:00:00   4.6039e-01   1.0506e+02   9.1248e+00   0.0000e+00   7.5140e-04   2.8038e+02
20191102_23:00:00   4.8305e-01   1.0872e+02   9.6228e+00   0.0000e+00   7.3450e-03   2.7967e+02
20191103_00:00:00   4.8629e-01   1.0917e+02   9.7119e+00   0.0000e+00   2.4115e-02   2.7877e+02
20191103_01:00:00   4.6197e-01   1.0535e+02   9.1416e+00   0.0000e+00   1.8384e-02   2.7773e+02
20191103_02:00:00   4.6587e-01   1.0605e+02   9.2077e+00   0.0000e+00   1.0352e-02   2.7669e+02
20191103_03:00:00   5.2904e-01   1.1665e+02   1.0344e+01   0.0000e+00   7.9259e-03   2.7608e+02
20191103_04:00:00   6.1161e-01   1.2966e+02   1.1727e+01   0.0000e+00   4.8790e-03   2.7557e+02
20191103_05:00:00   5.9073e-01   1.2680e+02   1.1254e+01   0.0000e+00   3.7465e-03   2.7419e+02
20191103_06:00:00   5.7177e-01   1.2397e+02   1.0833e+01   0.0000e+00   3.9016e-03   2.7345e+02
20191103_07:00:00   5.8047e-01   1.2529e+02   1.0963e+01   0.0000e+00   6.0972e-03   2.7163e+02
20191103_08:00:00   5.9494e-01   1.2745e+02   1.1224e+01   0.0000e+00   6.7970e-03   2.7133e+02
20191103_09:00:00   5.7572e-01   1.2467e+02   1.0792e+01   0.0000e+00   1.2486e-03   2.7064e+02
20191103_10:00:00   5.3745e-01   1.1882e+02   9.9976e+00   0.0000e+00   1.4585e-03   2.6950e+02
20191103_11:00:00   5.1570e-01   1.1522e+02   9.6109e+00   0.0000e+00   4.9678e-03   2.6960e+02
20191103_12:00:00   4.8872e-01   1.1078e+02   9.0853e+00   0.0000e+00   3.7702e-03   2.6967e+02
20191103_13:00:00   4.6947e-01   1.0757e+02   8.6705e+00   0.0000e+00   3.4321e-03   2.7100e+02
20191103_14:00:00   4.6648e-01   1.0699e+02   8.6021e+00   0.0000e+00   2.8562e-03   2.7160e+02
20191103_15:00:00   4.5981e-01   1.0592e+02   8.4384e+00   0.0000e+00   1.7584e-03   2.7224e+02
20191103_16:00:00   4.5130e-01   1.0444e+02   8.2740e+00   0.0000e+00   2.2299e-03   2.7343e+02
20191103_17:00:00   4.2839e-01   1.0045e+02   7.8364e+00   0.0000e+00   7.3614e-04   2.7482e+02
20191103_18:00:00   4.0100e-01   9.5463e+01   7.3493e+00   0.0000e+00   3.2649e-04   2.7500e+02
20191103_19:00:00   3.7496e-01   9.0540e+01   6.8993e+00   0.0000e+00   2.1875e-03   2.7298e+02
20191103_20:00:00   3.6727e-01   8.9066e+01   6.7736e+00   0.0000e+00   3.8821e-03   2.7114e+02
20191103_21:00:00   3.7638e-01   9.0797e+01   6.9299e+00   0.0000e+00   4.2036e-03   2.6815e+02
20191103_22:00:00   3.7786e-01   9.1090e+01   6.9511e+00   0.0000e+00   1.7458e-03   2.6744e+02
20191103_23:00:00   3.7591e-01   9.0720e+01   6.9056e+00   0.0000e+00   4.9560e-05   2.6535e+02
20191104_00:00:00   3.6450e-01   8.8603e+01   6.6729e+00   0.0000e+00   0.0000e+00   2.6175e+02
20191104_01:00:00   3.4005e-01   8.3913e+01   6.2079e+00   0.0000e+00   0.0000e+00   2.5834e+02
20191104_02:00:00   3.2675e-01   8.1260e+01   5.9686e+00   0.0000e+00   0.0000e+00   2.5690e+02
20191104_03:00:00   3.1932e-01   7.9750e+01   5.8318e+00   0.0000e+00   0.0000e+00   2.5539e+02
20191104_04:00:00   3.1448e-01   7.8754e+01   5.7330e+00   0.0000e+00   8.0480e-05   2.5385e+02
20191104_05:00:00   3.0875e-01   7.7641e+01   5.6017e+00   0.0000e+00   0.0000e+00   2.5195e+02
20191104_06:00:00   2.9413e-01   7.4675e+01   5.3292e+00   0.0000e+00   0.0000e+00   2.5071e+02
20191104_07:00:00   2.7561e-01   7.0834e+01   4.9942e+00   0.0000e+00   0.0000e+00   2.5154e+02
20191104_08:00:00   2.6660e-01   6.8853e+01   4.8400e+00   0.0000e+00   0.0000e+00   2.5046e+02
20191104_09:00:00   2.5546e-01   6.6461e+01   4.6410e+00   0.0000e+00   0.0000e+00   2.4951e+02
20191104_10:00:00   2.5533e-01   6.6366e+01   4.6410e+00   0.0000e+00   0.0000e+00   2.5032e+02
20191104_11:00:00   2.5182e-01   6.5561e+01   4.5829e+00   0.0000e+00   0.0000e+00   2.5027e+02
20191104_12:00:00   2.4747e-01   6.4603e+01   4.5027e+00   0.0000e+00   0.0000e+00   2.5030e+02
20191104_13:00:00   2.4075e-01   6.3123e+01   4.3800e+00   0.0000e+00   0.0000e+00   2.5236e+02
20191104_14:00:00   2.3181e-01   6.1177e+01   4.2120e+00   0.0000e+00   0.0000e+00   2.5455e+02
20191104_15:00:00   2.2208e-01   5.9084e+01   4.0196e+00   0.0000e+00   0.0000e+00   2.5757e+02
20191104_16:00:00   2.1691e-01   5.7958e+01   3.9216e+00   0.0000e+00   0.0000e+00   2.6036e+02
20191104_17:00:00   2.1270e-01   5.7043e+01   3.8369e+00   0.0000e+00   0.0000e+00   2.6440e+02
20191104_18:00:00   2.2464e-01   5.9717e+01   4.0336e+00   0.0000e+00   0.0000e+00   2.6696e+02
20191104_19:00:00   2.4297e-01   6.3734e+01   4.3647e+00   0.0000e+00   0.0000e+00   2.6888e+02
20191104_20:00:00   2.5530e-01   6.6305e+01   4.6225e+00   0.0000e+00   0.0000e+00   2.7019e+02
20191104_21:00:00   2.5738e-01   6.6708e+01   4.6896e+00   0.0000e+00   0.0000e+00   2.7145e+02
20191104_22:00:00   2.5634e-01   6.6490e+01   4.6802e+00   0.0000e+00   0.0000e+00   2.7265e+02
20191104_23:00:00   2.5339e-01   6.5913e+01   4.6168e+00   0.0000e+00   0.0000e+00   2.7358e+02
20191105_00:00:00   2.4644e-01   6.4463e+01   4.4736e+00   0.0000e+00   0.0000e+00   2.7416e+02
20191105_01:00:00   2.4148e-01   6.3428e+01   4.3686e+00   0.0000e+00   0.0000e+00   2.7383e+02
20191105_02:00:00   2.3472e-01   6.2018e+01   4.2200e+00   0.0000e+00   0.0000e+00   2.7399e+02
20191105_03:00:00   2.2849e-01   6.0679e+01   4.0970e+00   0.0000e+00   0.0000e+00   2.7375e+02
20191105_04:00:00   2.2246e-01   5.9331e+01   3.9924e+00   0.0000e+00   0.0000e+00   2.7424e+02
20191105_05:00:00   2.3312e-01   6.1521e+01   4.2244e+00   0.0000e+00   0.0000e+00   2.7583e+02
20191105_06:00:00   2.3744e-01   6.2417e+01   4.3177e+00   0.0000e+00   0.0000e+00   2.7649e+02
20191105_07:00:00   2.4322e-01   6.3578e+01   4.4456e+00   0.0000e+00   0.0000e+00   2.7691e+02
20191105_08:00:00   2.7168e-01   6.9482e+01   4.9945e+00   0.0000e+00   0.0000e+00   2.7836e+02
20191105_09:00:00   3.1467e-01   7.8251e+01   5.7459e+00   0.0000e+00   0.0000e+00   2.7883e+02
20191105_10:00:00   3.4886e-01   8.5069e+01   6.2870e+00   0.0000e+00   0.0000e+00   2.7924e+02
20191105_11:00:00   3.7469e-01   9.0036e+01   6.7215e+00   0.0000e+00   0.0000e+00   2.7931e+02
20191105_12:00:00   4.0919e-01   9.6421e+01   7.3197e+00   0.0000e+00   4.1400e-07   2.7893e+02
20191105_13:00:00   4.4598e-01   1.0280e+02   7.9589e+00   5.1760e-05   7.4540e-06   2.8045e+02
20191105_14:00:00   4.5319e-01   1.0396e+02   8.0899e+00   0.0000e+00   1.7524e-05   2.8265e+02
20191105_15:00:00   4.4833e-01   1.0317e+02   8.0004e+00   0.0000e+00   5.5160e-06   2.8354e+02
20191105_16:00:00   4.3973e-01   1.0174e+02   7.8407e+00   0.0000e+00   0.0000e+00   2.8387e+02
20191105_17:00:00   4.3543e-01   1.0105e+02   7.7654e+00   0.0000e+00   0.0000e+00   2.8421e+02
20191105_18:00:00   4.4120e-01   1.0209e+02   7.8670e+00   0.0000e+00   0.0000e+00   2.8374e+02
20191105_19:00:00   4.5978e-01   1.0530e+02   8.1885e+00   0.0000e+00   0.0000e+00   2.8350e+02
20191105_20:00:00   4.5832e-01   1.0506e+02   8.1877e+00   0.0000e+00   0.0000e+00   2.8296e+02
20191105_21:00:00   4.6607e-01   1.0646e+02   8.3540e+00   0.0000e+00   3.3120e-06   2.8337e+02
20191105_22:00:00   4.7917e-01   1.0871e+02   8.6181e+00   0.0000e+00   0.0000e+00   2.8423e+02
20191105_23:00:00   4.8830e-01   1.1022e+02   8.7953e+00   0.0000e+00   1.4907e-05   2.8494e+02
20191106_00:00:00   4.7906e-01   1.0870e+02   8.6114e+00   3.1060e-04   1.5774e-04   2.8603e+02
20191106_01:00:00   4.5143e-01   1.0404e+02   8.0976e+00   0.0000e+00   0.0000e+00   2.8547e+02
20191106_02:00:00   4.4522e-01   1.0307e+02   7.9560e+00   0.0000e+00   0.0000e+00   2.8472e+02
20191106_03:00:00   4.4386e-01   1.0291e+02   7.9138e+00   0.0000e+00   0.0000e+00   2.8411e+02
20191106_04:00:00   4.2985e-01   1.0053e+02   7.6681e+00   0.0000e+00   0.0000e+00   2.8282e+02
20191106_05:00:00   4.2804e-01   1.0027e+02   7.6282e+00   0.0000e+00   0.0000e+00   2.8282e+02
20191106_06:00:00   4.2192e-01   9.9235e+01   7.5107e+00   0.0000e+00   0.0000e+00   2.8291e+02
20191106_07:00:00   4.1460e-01   9.7980e+01   7.3764e+00   0.0000e+00   0.0000e+00   2.8205e+02
20191106_08:00:00   4.2336e-01   9.9559e+01   7.5181e+00   0.0000e+00   0.0000e+00   2.8219e+02
20191106_09:00:00   4.1935e-01   9.8904e+01   7.4197e+00   0.0000e+00   0.0000e+00   2.8091e+02
20191106_10:00:00   3.9719e-01   9.4959e+01   6.9972e+00   0.0000e+00   0.0000e+00   2.8038e+02
20191106_11:00:00   3.8393e-01   9.2542e+01   6.7423e+00   0.0000e+00   0.0000e+00   2.8046e+02
20191106_12:00:00   3.7306e-01   9.0520e+01   6.5366e+00   0.0000e+00   0.0000e+00   2.8133e+02
20191106_13:00:00   3.5693e-01   8.7461e+01   6.2412e+00   0.0000e+00   0.0000e+00   2.8203e+02
20191106_14:00:00   3.4382e-01   8.4950e+01   6.0043e+00   0.0000e+00   0.0000e+00   2.8299e+02
20191106_15:00:00   3.2837e-01   8.1945e+01   5.7274e+00   0.0000e+00   0.0000e+00   2.8163e+02
20191106_16:00:00   3.2077e-01   8.0472e+01   5.5907e+00   0.0000e+00   0.0000e+00   2.8161e+02
20191106_17:00:00   3.1936e-01   8.0189e+01   5.5703e+00   0.0000e+00   0.0000e+00   2.8155e+02
20191106_18:00:00   3.1659e-01   7.9660e+01   5.5353e+00   0.0000e+00   0.0000e+00   2.8072e+02
20191106_19:00:00   3.4203e-01   8.4653e+01   6.0094e+00   0.0000e+00   0.0000e+00   2.7962e+02
20191106_20:00:00   3.6239e-01   8.8577e+01   6.4184e+00   0.0000e+00   0.0000e+00   2.7865e+02
20191106_21:00:00   3.6690e-01   8.9482e+01   6.5438e+00   0.0000e+00   0.0000e+00   2.7753e+02
20191106_22:00:00   3.7658e-01   9.1346e+01   6.7413e+00   0.0000e+00   0.0000e+00   2.7689e+02
20191106_23:00:00   3.8381e-01   9.2723e+01   6.8667e+00   0.0000e+00   0.0000e+00   2.7743e+02
20191107_00:00:00   3.7902e-01   9.1901e+01   6.7489e+00   0.0000e+00   0.0000e+00   2.7905e+02
20191107_03:00:00   3.4383e-01   8.4986e+01   6.2088e+00   0.0000e+00   2.7960e-04   2.8099e+02
20191107_06:00:00   3.5859e-01   8.7514e+01   6.6308e+00   0.0000e+00   7.9181e-03   2.7951e+02
20191107_09:00:00   3.7694e-01   9.0707e+01   7.0633e+00   0.0000e+00   2.0554e-02   2.7805e+02
20191107_12:00:00   3.6875e-01   8.9183e+01   6.9067e+00   0.0000e+00   1.8412e-02   2.7716e+02
20191107_15:00:00   3.4848e-01   8.5545e+01   6.4512e+00   0.0000e+00   1.3188e-02   2.7458e+02
20191107_18:00:00   3.3286e-01   8.2608e+01   6.1511e+00   0.0000e+00   2.1850e-02   2.7425e+02
20191107_21:00:00   3.3801e-01   8.3939e+01   6.1889e+00   0.0000e+00   2.6792e-02   2.7337e+02
20191108_00:00:00   3.2392e-01   8.1247e+01   5.9576e+00   0.0000e+00   2.6371e-02   2.7442e+02
20191108_03:00:00   3.4429e-01   8.5540e+01   6.2532e+00   0.0000e+00   1.0574e-03   2.7249e+02
20191108_06:00:00   3.6753e-01   9.0192e+01   6.5755e+00   0.0000e+00   2.3530e-02   2.6814e+02
20191108_09:00:00   3.1502e-01   7.9783e+01   5.7017e+00   0.0000e+00   1.8810e-02   2.6732e+02
20191108_12:00:00   2.8968e-01   7.4518e+01   5.2595e+00   0.0000e+00   2.9402e-02   2.6503e+02
20191108_15:00:00   2.8495e-01   7.3415e+01   5.2234e+00   0.0000e+00   9.2930e-02   2.6272e+02
20191108_18:00:00   3.6003e-01   8.8445e+01   6.6938e+00   0.0000e+00   4.9323e-02   2.5853e+02
20191108_21:00:00   4.7418e-01   1.0898e+02   8.8446e+00   0.0000e+00   9.5920e-02   2.5696e+02
20191109_00:00:00   7.4851e-01   1.4985e+02   1.3875e+01   0.0000e+00   1.9960e-01   2.5607e+02
20191109_03:00:00   9.5844e-01   1.7399e+02   1.8011e+01   0.0000e+00   2.5296e-01   2.5709e+02
20191109_06:00:00   1.1666e+00   1.9356e+02   2.1693e+01   0.0000e+00   7.5417e-02   2.5827e+02
20191109_09:00:00   2.8015e+00   2.6197e+02   2.4351e+01   5.9279e-01   6.2499e-01   2.6060e+02
20191109_12:00:00   3.8371e+00   2.7259e+02   2.5324e+01   9.8870e-01   4.6851e-01   2.5791e+02
20191109_15:00:00   2.9151e+00   2.6395e+02   2.5045e+01   6.0534e-01   6.4883e-01   2.6241e+02
20191109_18:00:00   2.2242e+00   2.4773e+02   2.2997e+01   3.8028e-01   2.4735e-01   2.6329e+02
20191109_21:00:00   1.5698e+00   2.2168e+02   2.0765e+01   1.4368e-01   7.6153e-05   2.5808e+02
20191110_00:00:00   2.0525e+00   2.4297e+02   1.7722e+01   4.0684e-01   5.1915e-05   2.5770e+02
20191110_03:00:00   8.9133e-01   1.6578e+02   1.5665e+01   1.1273e-04   0.0000e+00   2.5700e+02
20191110_06:00:00   6.5050e-01   1.3519e+02   1.2059e+01   0.0000e+00   7.2560e-05   2.5317e+02
20191110_09:00:00   4.7576e-01   1.0711e+02   9.2851e+00   0.0000e+00   7.0261e-03   2.5887e+02
20191110_12:00:00   3.5716e-01   8.5735e+01   7.0244e+00   0.0000e+00   2.2829e-02   2.6530e+02
20191110_15:00:00   3.5918e-01   8.6707e+01   6.7640e+00   0.0000e+00   3.6157e-03   2.6918e+02
20191110_18:00:00   4.0471e-01   9.5887e+01   7.1438e+00   0.0000e+00   2.6159e-03   2.7072e+02
20191110_21:00:00   4.2268e-01   9.8905e+01   7.5844e+00   0.0000e+00   4.1400e-06   2.7566e+02
20191111_00:00:00   3.5344e-01   8.4828e+01   6.9885e+00   0.0000e+00   0.0000e+00   2.7025e+02
20191111_03:00:00   3.2211e-01   7.8018e+01   6.6149e+00   0.0000e+00   0.0000e+00   2.7557e+02
20191111_06:00:00   3.2516e-01   7.9240e+01   6.4085e+00   0.0000e+00   1.8588e-05   2.7607e+02
20191111_09:00:00   3.2226e-01   7.9175e+01   6.1240e+00   0.0000e+00   7.3520e-05   2.7122e+02
20191111_12:00:00   3.1479e-01   7.8097e+01   5.8770e+00   0.0000e+00   0.0000e+00   2.6310e+02
20191111_15:00:00   2.5908e-01   6.6825e+01   4.8795e+00   0.0000e+00   0.0000e+00   2.5872e+02
20191111_18:00:00   2.4622e-01   6.3793e+01   4.7714e+00   0.0000e+00   0.0000e+00   2.5199e+02
20191111_21:00:00   2.8162e-01   7.1020e+01   5.6046e+00   0.0000e+00   0.0000e+00   2.4803e+02
20191112_00:00:00   2.7502e-01   6.9721e+01   5.5372e+00   0.0000e+00   0.0000e+00   2.5174e+02
20191112_03:00:00   2.7500e-01   6.9839e+01   5.5040e+00   0.0000e+00   0.0000e+00   2.5165e+02
20191112_06:00:00   2.8474e-01   7.1859e+01   5.7144e+00   0.0000e+00   0.0000e+00   2.5036e+02
20191112_09:00:00   3.1530e-01   7.7981e+01   6.2974e+00   0.0000e+00   0.0000e+00   2.4917e+02
20191112_12:00:00   3.1744e-01   7.8484e+01   6.2963e+00   0.0000e+00   0.0000e+00   2.5127e+02
20191112_15:00:00   3.4359e-01   8.3571e+01   6.8418e+00   0.0000e+00   0.0000e+00   2.4969e+02
20191112_18:00:00   3.7906e-01   9.0391e+01   7.3488e+00   0.0000e+00   0.0000e+00   2.5276e+02
20191112_21:00:00   4.2187e-01   9.8274e+01   8.0477e+00   0.0000e+00   0.0000e+00   2.5450e+02
20191113_00:00:00   4.1246e-01   9.6605e+01   7.9035e+00   0.0000e+00   0.0000e+00   2.5388e+02
20191113_03:00:00   4.3488e-01   1.0071e+02   8.2343e+00   0.0000e+00   1.9044e-05   2.5669e+02
20191113_06:00:00   3.6012e-01   8.7282e+01   6.6882e+00   0.0000e+00   3.4683e-03   2.5691e+02
20191113_09:00:00   3.6182e-01   8.7577e+01   6.6600e+00   0.0000e+00   1.7341e-03   2.6137e+02
20191113_12:00:00   3.2650e-01   8.0606e+01   6.1427e+00   0.0000e+00   0.0000e+00   2.6374e+02
20191113_15:00:00   3.1059e-01   7.7098e+01   6.0338e+00   0.0000e+00   0.0000e+00   2.5981e+02
20191113_18:00:00   3.1058e-01   7.7217e+01   5.9960e+00   0.0000e+00   0.0000e+00   2.5924e+02
20191113_21:00:00   3.5358e-01   8.5787e+01   6.7377e+00   0.0000e+00   0.0000e+00   2.5812e+02
20191114_00:00:00   3.4367e-01   8.3913e+01   6.5663e+00   0.0000e+00   0.0000e+00   2.5818e+02
20191114_03:00:00   3.1832e-01   7.9041e+01   6.0722e+00   0.0000e+00   0.0000e+00   2.5904e+02
20191114_06:00:00   3.1876e-01   7.9174e+01   6.0648e+00   0.0000e+00   8.0505e-04   2.5898e+02
20191114_09:00:00   3.2047e-01   7.9146e+01   6.2142e+00   0.0000e+00   8.4520e-03   2.5817e+02
20191114_12:00:00   3.3876e-01   8.2447e+01   6.5873e+00   0.0000e+00   6.6187e-03   2.6025e+02
20191114_15:00:00   3.2986e-01   8.0353e+01   6.5337e+00   0.0000e+00   1.1211e-02   2.5979e+02
20191114_18:00:00   3.1212e-01   7.6852e+01   6.1752e+00   0.0000e+00   3.7262e-06   2.6483e+02
20191114_21:00:00   3.1980e-01   7.8990e+01   6.0473e+00   0.0000e+00   0.0000e+00   2.6465e+02
20191115_00:00:00   2.8280e-01   7.1507e+01   5.3969e+00   0.0000e+00   0.0000e+00   2.6488e+02
20191115_03:00:00   2.7398e-01   6.9592e+01   5.2796e+00   0.0000e+00   0.0000e+00   2.6486e+02
20191115_06:00:00   3.0001e-01   7.4861e+01   5.7865e+00   0.0000e+00   0.0000e+00   2.6417e+02
20191115_09:00:00   3.3301e-01   8.1375e+01   6.3988e+00   0.0000e+00   1.7262e-04   2.6339e+02
20191115_12:00:00   3.4551e-01   8.3775e+01   6.6468e+00   0.0000e+00   4.0116e-05   2.6030e+02
20191115_15:00:00   3.7557e-01   8.9165e+01   7.3683e+00   0.0000e+00   5.8620e-05   2.5858e+02
20191115_18:00:00   3.9404e-01   9.2477e+01   7.7363e+00   0.0000e+00   8.2800e-06   2.5952e+02
20191115_21:00:00   4.7349e-01   1.0584e+02   9.4463e+00   0.0000e+00   1.8753e-02   2.5775e+02
20191116_00:00:00   4.1311e-01   9.6438e+01   7.8628e+00   0.0000e+00   0.0000e+00   2.6083e+02
20191116_03:00:00   4.0345e-01   9.4787e+01   7.6996e+00   0.0000e+00   0.0000e+00   2.6035e+02
20191116_06:00:00   3.9199e-01   9.2779e+01   7.4766e+00   0.0000e+00   0.0000e+00   2.6116e+02
20191116_09:00:00   3.8217e-01   9.0734e+01   7.3858e+00   0.0000e+00   0.0000e+00   2.6045e+02
20191116_12:00:00   4.0443e-01   9.4640e+01   7.8850e+00   0.0000e+00   0.0000e+00   2.6349e+02
20191116_15:00:00   4.1391e-01   9.6377e+01   8.0371e+00   0.0000e+00   4.7340e-05   2.6045e+02
20191116_18:00:00   4.0857e-01   9.5509e+01   7.8733e+00   0.0000e+00   4.4500e-05   2.6291e+02
20191116_21:00:00   4.3296e-01   1.0001e+02   8.2499e+00   0.0000e+00   2.0700e-06   2.6279e+02
20191117_00:00:00   4.4841e-01   1.0263e+02   8.5676e+00   0.0000e+00   0.0000e+00   2.6149e+02
20191117_03:00:00   4.2225e-01   9.7733e+01   8.2051e+00   0.0000e+00   1.2216e-03   2.6528e+02
20191117_06:00:00   4.0044e-01   9.3620e+01   7.8269e+00   0.0000e+00   6.0215e-03   2.6576e+02
20191117_09:00:00   3.4798e-01   8.4060e+01   6.6188e+00   0.0000e+00   2.9249e-04   2.6902e+02
20191117_12:00:00   2.5871e-01   6.6719e+01   4.7683e+00   0.0000e+00   0.0000e+00   2.6921e+02
20191117_15:00:00   2.1357e-01   5.7242e+01   3.7213e+00   0.0000e+00   0.0000e+00   2.7123e+02
20191117_18:00:00   1.8392e-01   5.0525e+01   3.1980e+00   0.0000e+00   0.0000e+00   2.7497e+02
20191117_21:00:00   1.8810e-01   5.1407e+01   3.3095e+00   0.0000e+00   0.0000e+00   2.7445e+02
20191118_00:00:00   1.7650e-01   4.8555e+01   3.2014e+00   0.0000e+00   0.0000e+00   2.7373e+02
