#            date       tau225        Tb[K]      pwv[mm] lwp[kg*m^-2] iwp[kg*m^-2]       o3[DU]
20191114_06:00:00   1.2067e-01   3.4217e+01   2.3026e+00   0.0000e+00   1.3053e-04   3.1799e+02
20191114_07:00:00   1.3057e-01   3.6508e+01   2.5087e+00   0.0000e+00   3.2060e-04   3.1670e+02
20191114_08:00:00   1.6829e-01   4.4837e+01   3.3329e+00   0.0000e+00   6.6628e-03   3.1501e+02
20191114_09:00:00   2.2725e-01   5.7338e+01   4.5278e+00   1.0030e-04   1.3013e-02   3.1505e+02
20191114_10:00:00   2.8209e-01   6.8506e+01   5.4359e+00   2.8510e-03   5.2403e-02   3.1577e+02
20191114_11:00:00   4.7665e-01   1.0367e+02   6.5852e+00   5.9030e-02   3.1984e-02   3.1542e+02
20191114_12:00:00   1.1491e+00   1.8373e+02   7.3555e+00   3.2739e-01   2.0029e-01   3.1769e+02
20191114_13:00:00   9.9185e-01   1.6866e+02   7.0555e+00   2.6755e-01   2.7968e-01   3.2145e+02
20191114_14:00:00   1.3815e+00   2.0020e+02   6.2155e+00   4.5470e-01   4.2748e-01   3.2787e+02
20191114_15:00:00   3.3315e-01   7.7207e+01   5.4252e+00   1.4398e-02   2.6672e-01   3.3235e+02
20191114_16:00:00   1.9683e-01   5.0824e+01   1.7673e+00   4.1970e-02   1.7315e-02   3.3636e+02
20191114_17:00:00   1.0763e-01   3.0846e+01   1.3354e+00   1.0842e-02   1.4202e-03   3.3960e+02
20191114_18:00:00   2.3779e-01   5.9146e+01   2.2015e+00   4.7125e-02   4.4585e-03   3.4790e+02
20191114_19:00:00   5.5817e-01   1.1502e+02   2.5434e+00   1.8340e-01   5.3467e-02   3.6204e+02
20191114_20:00:00   2.1888e-01   5.5309e+01   1.8516e+00   4.7117e-02   4.7540e-03   3.6942e+02
20191114_21:00:00   2.5399e-01   6.2468e+01   1.8246e+00   6.3445e-02   6.1470e-03   3.7224e+02
20191114_22:00:00   2.4246e-01   6.0159e+01   1.6265e+00   6.3005e-02   4.3695e-03   3.7381e+02
20191114_23:00:00   9.4854e-02   2.7581e+01   1.3439e+00   3.8863e-03   6.9054e-04   3.7711e+02
20191115_00:00:00   1.1670e-01   3.2457e+01   1.8567e+00   1.8651e-03   1.2865e-04   3.8018e+02
20191115_01:00:00   1.3527e-01   3.6668e+01   2.2168e+00   1.1460e-03   5.3949e-05   3.7959e+02
20191115_02:00:00   1.0480e-01   2.9747e+01   1.6815e+00   5.9640e-04   9.2076e-05   3.8021e+02
20191115_03:00:00   1.0471e-01   2.9686e+01   1.6800e+00   6.9320e-04   1.1499e-04   3.8129e+02
20191115_04:00:00   1.0521e-01   2.9761e+01   1.7141e+00   1.7570e-05   1.4105e-04   3.8568e+02
20191115_05:00:00   1.0031e-01   2.8630e+01   1.6183e+00   3.9050e-05   7.6830e-05   3.8881e+02
20191115_06:00:00   1.0439e-01   2.9570e+01   1.6946e+00   0.0000e+00   6.2968e-05   3.9224e+02
20191115_07:00:00   1.0508e-01   2.9737e+01   1.7035e+00   0.0000e+00   1.6721e-04   3.9788e+02
20191115_08:00:00   1.1484e-01   3.1953e+01   1.8826e+00   0.0000e+00   2.2331e-04   4.0404e+02
20191115_09:00:00   1.2132e-01   3.3442e+01   1.9894e+00   0.0000e+00   2.9198e-05   4.0679e+02
20191115_10:00:00   1.3350e-01   3.6110e+01   2.2051e+00   0.0000e+00   9.1916e-04   4.0532e+02
20191115_11:00:00   1.5495e-01   4.0754e+01   2.5747e+00   1.0640e-04   3.1122e-03   4.0535e+02
20191115_12:00:00   1.5705e-01   4.1210e+01   2.5825e+00   2.6690e-04   2.2563e-03   4.0387e+02
20191115_13:00:00   1.4999e-01   3.9644e+01   2.4372e+00   1.7120e-04   3.8416e-02   4.0178e+02
20191115_14:00:00   1.3479e-01   3.6357e+01   2.1715e+00   2.4170e-04   6.9389e-03   4.0045e+02
20191115_15:00:00   1.2385e-01   3.3947e+01   1.9808e+00   1.5880e-04   7.9380e-04   3.9846e+02
20191115_16:00:00   1.2036e-01   3.3167e+01   1.9203e+00   1.7320e-04   2.5739e-04   3.9712e+02
20191115_17:00:00   1.2098e-01   3.3293e+01   1.9401e+00   3.1500e-05   8.9560e-04   3.9822e+02
20191115_18:00:00   1.2967e-01   3.5214e+01   2.1005e+00   2.2520e-05   1.9066e-04   4.0257e+02
20191115_19:00:00   1.3399e-01   3.6225e+01   2.1731e+00   3.5280e-05   8.7425e-05   4.0289e+02
20191115_20:00:00   1.3144e-01   3.5732e+01   2.1200e+00   0.0000e+00   5.1010e-05   4.0203e+02
20191115_21:00:00   1.3280e-01   3.6045e+01   2.1378e+00   1.0750e-05   6.8370e-05   4.0316e+02
20191115_22:00:00   1.3819e-01   3.7222e+01   2.2362e+00   8.3640e-06   7.2384e-06   4.0131e+02
20191115_23:00:00   1.3437e-01   3.6395e+01   2.1712e+00   0.0000e+00   3.2270e-06   3.9957e+02
20191116_00:00:00   1.2391e-01   3.4086e+01   1.9884e+00   0.0000e+00   5.9790e-07   3.9858e+02
20191116_01:00:00   1.1894e-01   3.2946e+01   1.9038e+00   0.0000e+00   0.0000e+00   4.0146e+02
20191116_02:00:00   1.1369e-01   3.1741e+01   1.8151e+00   0.0000e+00   0.0000e+00   4.0579e+02
20191116_03:00:00   1.1348e-01   3.1667e+01   1.8127e+00   0.0000e+00   0.0000e+00   4.0875e+02
20191116_04:00:00   1.1241e-01   3.1448e+01   1.7886e+00   0.0000e+00   0.0000e+00   4.0747e+02
20191116_05:00:00   1.0875e-01   3.0657e+01   1.7151e+00   0.0000e+00   0.0000e+00   4.0626e+02
20191116_06:00:00   1.0902e-01   3.0745e+01   1.7143e+00   0.0000e+00   0.0000e+00   4.0503e+02
20191116_07:00:00   1.0328e-01   2.9465e+01   1.6070e+00   0.0000e+00   0.0000e+00   4.0590e+02
20191116_08:00:00   9.3526e-02   2.7264e+01   1.4277e+00   0.0000e+00   0.0000e+00   4.0701e+02
20191116_09:00:00   8.5938e-02   2.5525e+01   1.2874e+00   0.0000e+00   0.0000e+00   4.0604e+02
20191116_10:00:00   7.6508e-02   2.3317e+01   1.1170e+00   0.0000e+00   0.0000e+00   4.0298e+02
20191116_11:00:00   6.7890e-02   2.1228e+01   9.7095e-01   0.0000e+00   0.0000e+00   3.9312e+02
20191116_12:00:00   7.6355e-02   2.3173e+01   1.1631e+00   0.0000e+00   0.0000e+00   3.7878e+02
20191116_13:00:00   9.7391e-02   2.8078e+01   1.5866e+00   0.0000e+00   0.0000e+00   3.6463e+02
20191116_14:00:00   1.0518e-01   2.9892e+01   1.7550e+00   0.0000e+00   0.0000e+00   3.5575e+02
20191116_15:00:00   1.1780e-01   3.2789e+01   2.0200e+00   0.0000e+00   0.0000e+00   3.4747e+02
20191116_16:00:00   1.2332e-01   3.4137e+01   2.1311e+00   0.0000e+00   0.0000e+00   3.4490e+02
20191116_17:00:00   1.2284e-01   3.4110e+01   2.1339e+00   0.0000e+00   0.0000e+00   3.4208e+02
20191116_18:00:00   1.1563e-01   3.2592e+01   1.9869e+00   0.0000e+00   0.0000e+00   3.4134e+02
20191116_19:00:00   1.0988e-01   3.1322e+01   1.8843e+00   0.0000e+00   0.0000e+00   3.3985e+02
20191116_20:00:00   1.0923e-01   3.1201e+01   1.8750e+00   0.0000e+00   0.0000e+00   3.3610e+02
20191116_21:00:00   1.1008e-01   3.1436e+01   1.8905e+00   0.0000e+00   0.0000e+00   3.3274e+02
20191116_22:00:00   1.1060e-01   3.1549e+01   1.9169e+00   0.0000e+00   0.0000e+00   3.3168e+02
20191116_23:00:00   1.1342e-01   3.2161e+01   2.0046e+00   0.0000e+00   0.0000e+00   3.3011e+02
20191117_00:00:00   1.0720e-01   3.0685e+01   1.9149e+00   0.0000e+00   0.0000e+00   3.2777e+02
20191117_01:00:00   1.0462e-01   2.9993e+01   1.9173e+00   0.0000e+00   0.0000e+00   3.2477e+02
20191117_02:00:00   1.0732e-01   3.0545e+01   2.0198e+00   0.0000e+00   0.0000e+00   3.2346e+02
20191117_03:00:00   1.1893e-01   3.3246e+01   2.2756e+00   0.0000e+00   0.0000e+00   3.2353e+02
20191117_04:00:00   1.3692e-01   3.7403e+01   2.6425e+00   0.0000e+00   0.0000e+00   3.2477e+02
20191117_05:00:00   1.6246e-01   4.3225e+01   3.1338e+00   0.0000e+00   0.0000e+00   3.2629e+02
20191117_06:00:00   2.0413e-01   5.2421e+01   3.9043e+00   0.0000e+00   0.0000e+00   3.2713e+02
20191117_07:00:00   2.3056e-01   5.8080e+01   4.3715e+00   0.0000e+00   0.0000e+00   3.2559e+02
20191117_08:00:00   2.6180e-01   6.4485e+01   4.9256e+00   0.0000e+00   6.9097e-04   3.2400e+02
20191117_09:00:00   2.7768e-01   6.7667e+01   5.1946e+00   0.0000e+00   2.1305e-03   3.2121e+02
20191117_10:00:00   2.8961e-01   6.9982e+01   5.3823e+00   0.0000e+00   7.0221e-03   3.2313e+02
20191117_11:00:00   3.0282e-01   7.2525e+01   5.4899e+00   2.8771e-03   3.2326e-03   3.2421e+02
20191117_12:00:00   5.7202e-01   1.1857e+02   5.6251e+00   1.1446e-01   5.5136e-02   3.2460e+02
20191117_13:00:00   5.6183e-01   1.1692e+02   5.3286e+00   1.1711e-01   8.2889e-02   3.2510e+02
20191117_14:00:00   5.2563e-01   1.1165e+02   4.4700e+00   1.2295e-01   9.2873e-03   3.2653e+02
20191117_15:00:00   3.7016e-01   8.5059e+01   5.5616e+00   3.3730e-02   2.7171e-03   3.2579e+02
20191117_16:00:00   3.6556e-01   8.4178e+01   6.4160e+00   1.0470e-02   4.1465e-04   3.2641e+02
20191117_17:00:00   4.8440e-01   1.0495e+02   6.6439e+00   5.3497e-02   1.2944e-03   3.2565e+02
20191117_18:00:00   5.7422e-01   1.1920e+02   6.4954e+00   9.4000e-02   9.2111e-04   3.2462e+02
20191117_19:00:00   3.6543e-01   8.4532e+01   6.2202e+00   1.0668e-02   7.9420e-04   3.2367e+02
20191117_20:00:00   6.1756e-01   1.2599e+02   5.0758e+00   1.4179e-01   9.8463e-04   3.2262e+02
20191117_21:00:00   6.5075e-01   1.3072e+02   4.2352e+00   1.7370e-01   1.9841e-03   3.2202e+02
20191117_22:00:00   2.0066e-01   5.2514e+01   3.0834e+00   8.7377e-03   2.2592e-04   3.2158e+02
20191117_23:00:00   6.4630e-02   2.0943e+01   9.6036e-01   4.7090e-04   2.2230e-06   3.1985e+02
20191118_00:00:00   5.5877e-02   1.8683e+01   8.2226e-01   0.0000e+00   0.0000e+00   3.1925e+02
20191118_01:00:00   6.1691e-02   2.0165e+01   9.3007e-01   0.0000e+00   0.0000e+00   3.2029e+02
20191118_02:00:00   8.6008e-02   2.6216e+01   1.3773e+00   0.0000e+00   0.0000e+00   3.2264e+02
20191118_03:00:00   1.0295e-01   3.0302e+01   1.6839e+00   0.0000e+00   3.0010e-05   3.2446e+02
20191118_04:00:00   7.7472e-02   2.4116e+01   1.2234e+00   0.0000e+00   0.0000e+00   3.2641e+02
20191118_05:00:00   6.7958e-02   2.1750e+01   1.0460e+00   0.0000e+00   0.0000e+00   3.2793e+02
20191118_06:00:00   6.7809e-02   2.1709e+01   1.0437e+00   0.0000e+00   0.0000e+00   3.2857e+02
20191118_07:00:00   6.7462e-02   2.1624e+01   1.0325e+00   1.2770e-04   1.8470e-06   3.2974e+02
20191118_08:00:00   6.2779e-02   2.0464e+01   9.2580e-01   4.6070e-04   2.5500e-06   3.2815e+02
20191118_09:00:00   5.7247e-02   1.9091e+01   8.1563e-01   3.2950e-04   2.0430e-06   3.2604e+02
20191118_10:00:00   5.4660e-02   1.8455e+01   7.1656e-01   1.2460e-03   4.2610e-06   3.2244e+02
20191118_11:00:00   4.6560e-02   1.6351e+01   6.1958e-01   0.0000e+00   0.0000e+00   3.2233e+02
20191118_12:00:00   4.4723e-02   1.5873e+01   5.8264e-01   0.0000e+00   0.0000e+00   3.2383e+02
20191118_13:00:00   4.1408e-02   1.5018e+01   5.1756e-01   0.0000e+00   0.0000e+00   3.2139e+02
20191118_14:00:00   3.9666e-02   1.4525e+01   4.9561e-01   0.0000e+00   0.0000e+00   3.1841e+02
20191118_15:00:00   3.8789e-02   1.4284e+01   4.8151e-01   0.0000e+00   0.0000e+00   3.1770e+02
20191118_16:00:00   3.7952e-02   1.4058e+01   4.6825e-01   0.0000e+00   0.0000e+00   3.1461e+02
20191118_17:00:00   3.7558e-02   1.3946e+01   4.6445e-01   0.0000e+00   0.0000e+00   3.1333e+02
20191118_18:00:00   3.8524e-02   1.4151e+01   4.9974e-01   0.0000e+00   0.0000e+00   3.1209e+02
20191118_19:00:00   4.0112e-02   1.4535e+01   5.4402e-01   0.0000e+00   0.0000e+00   3.1160e+02
20191118_20:00:00   4.3949e-02   1.5445e+01   6.4846e-01   0.0000e+00   0.0000e+00   3.1166e+02
20191118_21:00:00   4.7936e-02   1.6393e+01   7.5178e-01   0.0000e+00   0.0000e+00   3.1043e+02
20191118_22:00:00   5.1876e-02   1.7351e+01   8.4783e-01   0.0000e+00   0.0000e+00   3.1008e+02
20191118_23:00:00   5.8174e-02   1.8888e+01   1.0021e+00   0.0000e+00   0.0000e+00   3.1000e+02
20191119_00:00:00   6.5383e-02   2.0653e+01   1.1713e+00   0.0000e+00   0.0000e+00   3.1020e+02
20191119_01:00:00   7.0231e-02   2.1824e+01   1.2862e+00   0.0000e+00   0.0000e+00   3.1047e+02
20191119_02:00:00   8.0170e-02   2.4129e+01   1.5319e+00   0.0000e+00   2.2943e-04   3.1131e+02
20191119_03:00:00   8.5075e-02   2.5260e+01   1.6492e+00   0.0000e+00   9.6640e-06   3.1245e+02
20191119_04:00:00   9.1007e-02   2.6626e+01   1.7901e+00   0.0000e+00   4.7278e-04   3.1329e+02
20191119_05:00:00   9.7140e-02   2.8009e+01   1.9395e+00   0.0000e+00   2.2897e-03   3.1169e+02
20191119_06:00:00   9.6906e-02   2.7899e+01   1.9419e+00   0.0000e+00   5.7154e-03   3.1033e+02
20191119_09:00:00   6.4778e-02   2.0338e+01   1.1792e+00   0.0000e+00   1.1398e-02   3.0641e+02
20191119_12:00:00   6.7743e-02   2.1377e+01   1.1736e+00   0.0000e+00   2.0834e-02   3.0429e+02
20191119_15:00:00   6.0358e-02   1.9725e+01   9.6694e-01   0.0000e+00   1.6190e-02   3.0840e+02
20191119_18:00:00   1.2356e-01   3.5132e+01   2.1700e+00   9.9990e-04   1.2718e-02   3.1510e+02
20191119_21:00:00   2.9746e-01   7.0949e+01   5.9368e+00   0.0000e+00   1.8834e-02   3.0662e+02
20191120_00:00:00   3.9342e-01   8.9747e+01   7.1969e+00   1.2649e-03   1.3144e-03   2.9797e+02
20191120_03:00:00   4.3361e-01   9.6649e+01   7.7574e+00   6.7122e-03   4.6008e-03   2.9602e+02
20191120_06:00:00   4.5545e-01   1.0024e+02   7.9121e+00   1.4471e-02   4.0087e-03   2.9488e+02
20191120_09:00:00   4.4549e-01   9.8347e+01   8.5215e+00   6.1780e-05   2.3474e-03   2.8955e+02
20191120_12:00:00   4.5690e-01   1.0043e+02   8.7800e+00   2.3190e-05   1.7174e-03   2.8508e+02
20191120_15:00:00   4.8414e-01   1.0501e+02   9.3574e+00   0.0000e+00   3.2995e-03   2.8371e+02
20191120_18:00:00   5.3192e-01   1.1255e+02   1.0267e+01   1.8380e-04   6.0097e-02   2.8474e+02
20191120_21:00:00   5.0146e-01   1.0781e+02   9.7611e+00   0.0000e+00   6.1172e-02   2.8404e+02
20191121_00:00:00   4.8943e-01   1.0606e+02   9.2782e+00   8.1705e-03   6.1790e-03   2.8060e+02
20191121_03:00:00   6.3554e-01   1.2815e+02   1.0078e+01   5.0651e-02   7.9438e-02   2.7884e+02
20191121_06:00:00   4.5101e-01   9.9629e+01   8.9196e+00   6.4260e-04   7.4499e-02   2.8188e+02
20191121_09:00:00   4.9436e-01   1.0688e+02   9.6853e+00   0.0000e+00   1.0831e-01   2.8287e+02
20191121_12:00:00   1.2065e+00   1.9130e+02   1.1487e+01   2.4444e-01   4.0514e-01   2.8544e+02
20191121_15:00:00   1.6303e+00   2.1906e+02   1.1396e+01   4.2912e-01   1.4180e-01   2.9113e+02
20191121_18:00:00   8.7595e-01   1.5931e+02   1.0862e+01   1.2737e-01   2.7439e-02   2.9643e+02
20191121_21:00:00   5.1174e-01   1.1035e+02   9.8006e+00   0.0000e+00   1.4560e-03   2.9427e+02
20191122_00:00:00   4.7724e-01   1.0471e+02   9.1715e+00   0.0000e+00   7.2482e-02   2.9351e+02
20191122_03:00:00   3.7362e-01   8.6520e+01   7.4229e+00   0.0000e+00   5.9302e-02   2.9263e+02
20191122_06:00:00   1.6387e+00   2.2070e+02   8.2462e+00   4.9467e-01   3.2638e-02   2.9063e+02
20191122_09:00:00   3.1440e-01   7.5274e+01   6.1784e+00   1.4598e-03   3.8340e-02   2.9070e+02
20191122_12:00:00   2.1238e-01   5.4416e+01   4.3341e+00   0.0000e+00   2.7957e-02   2.8906e+02
20191122_15:00:00   3.0139e-01   7.2183e+01   6.1694e+00   0.0000e+00   1.7241e-02   2.8851e+02
20191122_18:00:00   8.7455e-01   1.5793e+02   1.0614e+01   1.3351e-01   2.8288e-01   2.9380e+02
20191122_21:00:00   7.7093e-01   1.4530e+02   9.5936e+00   1.1251e-01   3.4225e-01   2.9568e+02
20191123_00:00:00   4.8242e-01   1.0385e+02   9.1100e+00   0.0000e+00   4.2460e-01   2.9945e+02
20191123_03:00:00   4.2191e-01   9.3653e+01   8.1073e+00   0.0000e+00   1.3860e-01   3.0370e+02
20191123_06:00:00   4.9359e-01   1.0578e+02   8.6683e+00   1.4726e-02   1.5716e-01   3.0825e+02
20191123_09:00:00   4.2724e-01   9.5183e+01   7.1355e+00   1.5852e-02   5.1882e-02   3.1525e+02
20191123_12:00:00   7.3401e-01   1.4140e+02   6.6223e+00   1.5304e-01   2.0734e-01   3.2582e+02
20191123_15:00:00   1.1563e+00   1.8378e+02   6.6375e+00   3.4662e-01   3.1492e-01   3.4582e+02
20191123_18:00:00   1.1621e+00   1.8434e+02   6.7178e+00   3.4125e-01   5.7060e-01   3.4776e+02
20191123_21:00:00   3.8173e-01   8.6845e+01   5.7390e+00   2.8715e-02   4.0849e-02   3.5341e+02
20191124_00:00:00   2.5497e-01   6.2654e+01   4.4755e+00   1.9114e-03   1.5569e-02   3.5127e+02
20191124_03:00:00   1.0174e-01   2.9323e+01   1.7440e+00   0.0000e+00   8.7582e-04   3.5039e+02
20191124_06:00:00   7.8874e-02   2.3999e+01   1.2622e+00   0.0000e+00   0.0000e+00   3.4233e+02
20191124_09:00:00   1.0789e-01   3.0788e+01   1.8381e+00   0.0000e+00   0.0000e+00   3.3905e+02
20191124_12:00:00   2.2100e-01   5.5395e+01   3.9699e+00   0.0000e+00   3.3826e-04   3.3508e+02
20191124_15:00:00   2.8177e-01   6.7779e+01   4.9864e+00   9.0300e-04   3.9231e-03   3.1730e+02
20191124_18:00:00   3.0190e-01   7.1795e+01   5.3344e+00   3.3050e-04   2.7629e-02   3.1171e+02
20191124_21:00:00   2.9360e-01   7.0251e+01   5.2780e+00   0.0000e+00   1.3825e-02   3.1317e+02
20191125_00:00:00   2.8187e-01   6.7848e+01   5.2999e+00   0.0000e+00   2.7070e-03   3.1123e+02
20191125_03:00:00   2.4391e-01   6.0422e+01   4.6744e+00   0.0000e+00   6.4207e-04   3.1199e+02
20191125_06:00:00   2.9245e-01   7.0274e+01   5.5972e+00   0.0000e+00   1.3932e-02   3.0966e+02
20191125_09:00:00   3.5942e-01   8.3017e+01   6.7574e+00   0.0000e+00   4.0263e-04   3.1158e+02
20191125_12:00:00   2.6745e-01   6.5545e+01   5.1729e+00   0.0000e+00   5.9843e-03   3.0694e+02
20191125_15:00:00   1.7806e-01   4.6497e+01   3.5747e+00   0.0000e+00   2.2231e-02   3.0299e+02
20191125_18:00:00   1.9958e-01   5.0834e+01   4.0365e+00   0.0000e+00   6.6534e-02   3.0603e+02
20191125_21:00:00   3.0105e-01   7.1491e+01   5.9510e+00   0.0000e+00   6.2273e-02   3.0755e+02
20191126_00:00:00   2.7546e-01   6.6594e+01   5.4366e+00   0.0000e+00   6.7248e-03   3.0077e+02
20191126_03:00:00   3.3524e-01   7.8094e+01   6.5210e+00   0.0000e+00   7.9934e-03   3.0172e+02
20191126_06:00:00   1.2499e+00   1.9291e+02   8.2638e+00   3.4228e-01   1.4960e-01   2.9330e+02
20191126_09:00:00   1.2153e+00   1.9025e+02   8.6643e+00   3.1868e-01   1.1151e-01   2.8739e+02
20191126_12:00:00   1.0801e+00   1.7835e+02   9.0498e+00   2.5436e-01   1.6573e-01   2.8583e+02
20191126_15:00:00   1.0645e+00   1.7760e+02   8.1570e+00   2.6371e-01   5.8213e-02   2.8785e+02
20191126_18:00:00   7.2929e-01   1.4060e+02   7.1249e+00   1.4545e-01   6.2008e-02   2.8950e+02
20191126_21:00:00   2.5643e-01   6.3930e+01   4.6258e+00   2.2233e-04   4.6850e-06   2.9338e+02
20191127_00:00:00   2.4686e-01   6.1948e+01   4.4280e+00   0.0000e+00   0.0000e+00   2.9069e+02
20191127_03:00:00   2.6393e-01   6.5103e+01   4.8603e+00   0.0000e+00   0.0000e+00   2.8712e+02
20191127_06:00:00   2.7882e-01   6.7804e+01   5.1719e+00   3.0630e-04   3.3604e-04   2.8865e+02
20191127_09:00:00   3.5171e-01   8.1083e+01   6.6451e+00   0.0000e+00   2.7535e-02   2.8769e+02
20191127_12:00:00   9.9287e-01   1.7003e+02   7.4800e+00   2.4325e-01   5.5222e-01   2.8941e+02
20191127_15:00:00   3.2229e-01   7.5798e+01   5.7111e+00   5.5852e-03   1.0119e-01   2.9589e+02
20191127_18:00:00   1.0243e+00   1.7282e+02   5.8601e+00   3.0348e-01   2.9688e-02   2.9649e+02
20191127_21:00:00   3.5737e-01   8.2321e+01   6.5248e+00   8.7915e-04   2.2070e-02   2.9399e+02
20191128_00:00:00   1.0804e+00   1.7787e+02   7.3294e+00   2.8283e-01   9.2378e-01   2.8929e+02
20191128_03:00:00   4.3509e-01   9.5679e+01   6.6519e+00   2.6299e-02   4.5663e-01   2.9552e+02
20191128_06:00:00   3.7145e-01   8.4498e+01   5.5356e+00   2.5766e-02   2.5044e-01   3.0459e+02
20191128_09:00:00   1.1060e-01   3.1464e+01   1.8569e+00   0.0000e+00   0.0000e+00   3.1038e+02
20191128_12:00:00   2.0510e-01   5.2232e+01   3.5414e+00   9.0250e-04   4.9426e-04   3.1481e+02
20191128_15:00:00   4.0568e-01   9.0622e+01   4.3135e+00   7.1760e-02   7.6335e-03   3.2965e+02
20191128_18:00:00   6.9331e-01   1.3418e+02   4.9004e+00   1.7935e-01   4.4873e-01   3.2710e+02
20191128_21:00:00   1.3418e-01   3.6769e+01   2.2584e+00   2.0780e-04   5.2507e-05   3.1895e+02
20191129_00:00:00   1.0554e-01   3.0206e+01   1.7299e+00   0.0000e+00   0.0000e+00   3.1325e+02
20191129_03:00:00   1.2846e-01   3.5541e+01   2.1836e+00   0.0000e+00   0.0000e+00   3.0655e+02
20191129_06:00:00   1.2848e-01   3.5587e+01   2.2145e+00   0.0000e+00   0.0000e+00   3.0782e+02
20191129_09:00:00   1.6590e-01   4.4001e+01   2.9190e+00   0.0000e+00   0.0000e+00   3.0603e+02
20191129_12:00:00   1.8196e-01   4.7554e+01   3.1841e+00   0.0000e+00   0.0000e+00   3.0596e+02
20191129_15:00:00   1.2279e-01   3.4705e+01   2.0700e+00   0.0000e+00   0.0000e+00   3.0329e+02
20191129_18:00:00   1.0114e-01   2.9605e+01   1.7361e+00   0.0000e+00   0.0000e+00   2.9484e+02
20191129_21:00:00   9.3688e-02   2.8047e+01   1.5746e+00   0.0000e+00   0.0000e+00   2.8758e+02
20191130_00:00:00   7.7303e-02   2.4201e+01   1.2493e+00   0.0000e+00   0.0000e+00   2.8542e+02
20191130_03:00:00   9.1745e-02   2.7737e+01   1.5561e+00   0.0000e+00   0.0000e+00   2.8332e+02
20191130_06:00:00   9.7338e-02   2.9009e+01   1.7074e+00   0.0000e+00   0.0000e+00   2.8234e+02
