#            date       tau225        Tb[K]      pwv[mm] lwp[kg*m^-2] iwp[kg*m^-2]       o3[DU]
20191107_18:00:00   4.4327e-02   1.5695e+01   6.0337e-01   0.0000e+00   5.3640e-05   2.9340e+02
20191107_19:00:00   5.3756e-02   1.8006e+01   8.1869e-01   0.0000e+00   6.7580e-05   2.9537e+02
20191107_20:00:00   7.0014e-02   2.1977e+01   1.1711e+00   0.0000e+00   0.0000e+00   2.9911e+02
20191107_21:00:00   8.9517e-02   2.6676e+01   1.5835e+00   0.0000e+00   0.0000e+00   3.0228e+02
20191107_22:00:00   1.0627e-01   3.0622e+01   1.9310e+00   0.0000e+00   0.0000e+00   3.0592e+02
20191107_23:00:00   1.1936e-01   3.3699e+01   2.1806e+00   0.0000e+00   3.7340e-07   3.0893e+02
20191108_00:00:00   1.2782e-01   3.5705e+01   2.3268e+00   3.4170e-05   2.7340e-07   3.1171e+02
20191108_01:00:00   1.4084e-01   3.8636e+01   2.5822e+00   1.9330e-04   3.1050e-06   3.1306e+02
20191108_02:00:00   1.5785e-01   4.2408e+01   2.9035e+00   1.5120e-04   2.8960e-06   3.1325e+02
20191108_03:00:00   1.6535e-01   4.4014e+01   3.0270e+00   0.0000e+00   2.4860e-07   3.1341e+02
20191108_04:00:00   1.7860e-01   4.6897e+01   3.2350e+00   0.0000e+00   1.3144e-04   3.1568e+02
20191108_05:00:00   1.6782e-01   4.4594e+01   2.9614e+00   0.0000e+00   3.3799e-05   3.1881e+02
20191108_06:00:00   1.4820e-01   4.0231e+01   2.5126e+00   4.0850e-04   2.3524e-05   3.2009e+02
20191108_07:00:00   1.3834e-01   3.7993e+01   2.1089e+00   3.7967e-03   6.3795e-04   3.2227e+02
20191108_08:00:00   1.2660e-01   3.5204e+01   2.0147e+00   0.0000e+00   4.5212e-05   3.2597e+02
20191108_09:00:00   1.2449e-01   3.4670e+01   1.9638e+00   8.5960e-06   1.4645e-05   3.3148e+02
20191108_10:00:00   1.0314e-01   2.9820e+01   1.5715e+00   9.1220e-05   4.6010e-05   3.3839e+02
20191108_11:00:00   7.1608e-02   2.2416e+01   1.0042e+00   1.6900e-04   4.5340e-06   3.4399e+02
20191108_12:00:00   5.5846e-02   1.8549e+01   7.3073e-01   0.0000e+00   2.6190e-06   3.4194e+02
20191108_13:00:00   5.4169e-02   1.8128e+01   7.0762e-01   0.0000e+00   9.9630e-08   3.3728e+02
20191108_14:00:00   5.7042e-02   1.8867e+01   7.6454e-01   0.0000e+00   0.0000e+00   3.3341e+02
20191108_15:00:00   5.4974e-02   1.8361e+01   7.3199e-01   0.0000e+00   0.0000e+00   3.2750e+02
20191108_16:00:00   5.1214e-02   1.7419e+01   6.6633e-01   0.0000e+00   0.0000e+00   3.2487e+02
20191108_17:00:00   4.5927e-02   1.6065e+01   5.7514e-01   0.0000e+00   0.0000e+00   3.2451e+02
20191108_18:00:00   4.9505e-02   1.6961e+01   6.5631e-01   0.0000e+00   0.0000e+00   3.2488e+02
20191108_19:00:00   5.6382e-02   1.8659e+01   8.1001e-01   0.0000e+00   0.0000e+00   3.2682e+02
20191108_20:00:00   6.2784e-02   2.0164e+01   9.7071e-01   0.0000e+00   0.0000e+00   3.2545e+02
20191108_21:00:00   7.0553e-02   2.1988e+01   1.1564e+00   0.0000e+00   0.0000e+00   3.2268e+02
20191108_22:00:00   8.0287e-02   2.4242e+01   1.3902e+00   0.0000e+00   0.0000e+00   3.2150e+02
20191108_23:00:00   8.5958e-02   2.5558e+01   1.5262e+00   0.0000e+00   0.0000e+00   3.1996e+02
20191109_00:00:00   8.6805e-02   2.5781e+01   1.5519e+00   0.0000e+00   0.0000e+00   3.1609e+02
20191109_01:00:00   9.1009e-02   2.6811e+01   1.6433e+00   0.0000e+00   0.0000e+00   3.1610e+02
20191109_02:00:00   9.8364e-02   2.8574e+01   1.8022e+00   0.0000e+00   1.2832e-03   3.1915e+02
20191109_03:00:00   1.0612e-01   3.0433e+01   1.9681e+00   0.0000e+00   2.8821e-03   3.2141e+02
20191109_04:00:00   1.2232e-01   3.4281e+01   2.2983e+00   0.0000e+00   2.8964e-03   3.1999e+02
20191109_05:00:00   1.4422e-01   3.9320e+01   2.7388e+00   0.0000e+00   2.1554e-03   3.1874e+02
20191109_06:00:00   1.6038e-01   4.3008e+01   3.0497e+00   0.0000e+00   9.5768e-05   3.1957e+02
20191109_07:00:00   1.8578e-01   4.8655e+01   3.5426e+00   0.0000e+00   0.0000e+00   3.1966e+02
20191109_08:00:00   2.1264e-01   5.4515e+01   4.0369e+00   0.0000e+00   7.0960e-05   3.1905e+02
20191109_09:00:00   2.3233e-01   5.8683e+01   4.4071e+00   0.0000e+00   4.9826e-04   3.1938e+02
20191109_10:00:00   2.4137e-01   6.0630e+01   4.5701e+00   0.0000e+00   2.1086e-03   3.1970e+02
20191109_11:00:00   2.5012e-01   6.2488e+01   4.7258e+00   0.0000e+00   9.0970e-04   3.1660e+02
20191109_12:00:00   2.5938e-01   6.4472e+01   4.8649e+00   0.0000e+00   4.0786e-04   3.1684e+02
20191109_13:00:00   2.6173e-01   6.4955e+01   4.9286e+00   0.0000e+00   6.0780e-06   3.1685e+02
20191109_14:00:00   2.6141e-01   6.4897e+01   4.9486e+00   0.0000e+00   0.0000e+00   3.1615e+02
20191109_15:00:00   2.7164e-01   6.6886e+01   5.1436e+00   0.0000e+00   1.2113e-03   3.1632e+02
20191109_16:00:00   2.8583e-01   6.9578e+01   5.4369e+00   0.0000e+00   2.1893e-02   3.1614e+02
20191109_17:00:00   3.2012e-01   7.6102e+01   6.1068e+00   0.0000e+00   4.1178e-02   3.1763e+02
20191109_18:00:00   3.5811e-01   8.3147e+01   6.7884e+00   0.0000e+00   5.7912e-02   3.2049e+02
20191109_19:00:00   3.7796e-01   8.6874e+01   7.0762e+00   0.0000e+00   1.1831e-02   3.2223e+02
20191109_20:00:00   3.4623e-01   8.1212e+01   6.4596e+00   0.0000e+00   4.7656e-03   3.2349e+02
20191109_21:00:00   5.2461e-01   1.1217e+02   5.8103e+00   8.8090e-02   1.8019e-03   3.2406e+02
20191109_22:00:00   3.2035e-01   7.6494e+01   4.9097e+00   2.2530e-02   1.1358e-03   3.2364e+02
20191109_23:00:00   2.0593e-01   5.3361e+01   3.3340e+00   1.1810e-02   2.9794e-04   3.2569e+02
20191110_00:00:00   1.6050e-01   4.3397e+01   2.8569e+00   2.9640e-03   1.7181e-04   3.2668e+02
20191110_01:00:00   1.3508e-01   3.7462e+01   2.5302e+00   7.3190e-05   7.4688e-04   3.2775e+02
20191110_02:00:00   1.5043e-01   4.0817e+01   2.8561e+00   1.5520e-04   2.2730e-03   3.2904e+02
20191110_03:00:00   1.4052e-01   3.8340e+01   2.7086e+00   0.0000e+00   3.3601e-03   3.2995e+02
20191110_04:00:00   1.5514e-01   4.1421e+01   3.0381e+00   0.0000e+00   8.7791e-03   3.3128e+02
20191110_05:00:00   1.7304e-01   4.5419e+01   3.3912e+00   0.0000e+00   9.8982e-03   3.3155e+02
20191110_06:00:00   1.9701e-01   5.0465e+01   3.8838e+00   0.0000e+00   1.9938e-02   3.3329e+02
20191110_07:00:00   2.0927e-01   5.3035e+01   4.1079e+00   0.0000e+00   2.1980e-02   3.3468e+02
20191110_08:00:00   2.3172e-01   5.7627e+01   4.5425e+00   0.0000e+00   4.1136e-02   3.3568e+02
20191110_09:00:00   2.4506e-01   6.0249e+01   4.8148e+00   0.0000e+00   3.0605e-02   3.3558e+02
20191110_10:00:00   2.6976e-01   6.5049e+01   5.2763e+00   0.0000e+00   4.1078e-02   3.3803e+02
20191110_11:00:00   2.9435e-01   6.9782e+01   5.7205e+00   0.0000e+00   5.2243e-02   3.3699e+02
20191110_12:00:00   3.0877e-01   7.2437e+01   5.9518e+00   0.0000e+00   1.0684e-01   3.3519e+02
20191110_13:00:00   3.0845e-01   7.2375e+01   5.9421e+00   0.0000e+00   5.4860e-02   3.3357e+02
20191110_14:00:00   3.0796e-01   7.2267e+01   5.9154e+00   0.0000e+00   4.2560e-02   3.3392e+02
20191110_15:00:00   2.9564e-01   6.9880e+01   5.6719e+00   0.0000e+00   4.7972e-02   3.3311e+02
20191110_16:00:00   2.7133e-01   6.5102e+01   5.1851e+00   5.4700e-04   4.1897e-02   3.3221e+02
20191110_17:00:00   2.7299e-01   6.5411e+01   5.1148e+00   1.6760e-03   2.4835e-02   3.3081e+02
20191110_18:00:00   3.0537e-01   7.1644e+01   5.1014e+00   1.3255e-02   6.6923e-02   3.3164e+02
20191110_19:00:00   3.3322e-01   7.6902e+01   4.9670e+00   2.7716e-02   8.4644e-02   3.3424e+02
20191110_20:00:00   3.6739e-01   8.3428e+01   4.0988e+00   6.2401e-02   6.7907e-02   3.3537e+02
20191110_21:00:00   3.0840e-01   7.2839e+01   3.3457e+00   5.0117e-02   1.1354e-01   3.3943e+02
20191110_22:00:00   1.9966e-01   5.1149e+01   2.8624e+00   1.2770e-02   3.9692e-02   3.3878e+02
20191110_23:00:00   1.7747e-01   4.6549e+01   2.3789e+00   1.5548e-02   2.9115e-02   3.3757e+02
20191111_00:00:00   1.1218e-01   3.1939e+01   1.8724e+00   4.8573e-04   1.4279e-04   3.3640e+02
20191111_01:00:00   9.7530e-02   2.8552e+01   1.6590e+00   5.2263e-04   5.3672e-05   3.3337e+02
20191111_02:00:00   9.0642e-02   2.6880e+01   1.6120e+00   0.0000e+00   2.0127e-04   3.3184e+02
20191111_03:00:00   9.8336e-02   2.8668e+01   1.8099e+00   0.0000e+00   3.0144e-05   3.2941e+02
20191111_04:00:00   1.1582e-01   3.2647e+01   2.2548e+00   0.0000e+00   3.4560e-05   3.2711e+02
20191111_05:00:00   1.5137e-01   4.0578e+01   3.1010e+00   0.0000e+00   1.4454e-05   3.2391e+02
20191111_06:00:00   1.7640e-01   4.6058e+01   3.6541e+00   0.0000e+00   1.6606e-03   3.2135e+02
20191111_07:00:00   2.0390e-01   5.1934e+01   4.2811e+00   0.0000e+00   1.6931e-03   3.2013e+02
20191111_08:00:00   2.4341e-01   6.0130e+01   5.1273e+00   0.0000e+00   7.6442e-04   3.2000e+02
20191111_09:00:00   2.6531e-01   6.4547e+01   5.5821e+00   0.0000e+00   5.4762e-03   3.2032e+02
20191111_10:00:00   2.8636e-01   6.8515e+01   5.9682e+00   0.0000e+00   4.3860e-02   3.1919e+02
20191111_11:00:00   3.1057e-01   7.3224e+01   6.4684e+00   0.0000e+00   2.7628e-02   3.1882e+02
20191111_12:00:00   3.2594e-01   7.6327e+01   6.6748e+00   0.0000e+00   3.3273e-03   3.1692e+02
20191111_13:00:00   3.6489e-01   8.3540e+01   7.2648e+00   2.4797e-03   1.9094e-02   3.1316e+02
20191111_14:00:00   3.9761e-01   8.9287e+01   7.7722e+00   5.4105e-03   1.7455e-02   3.0916e+02
20191111_15:00:00   3.8950e-01   8.8228e+01   7.7140e+00   0.0000e+00   7.7615e-03   3.0537e+02
20191111_16:00:00   3.5615e-01   8.2489e+01   7.0341e+00   0.0000e+00   3.5571e-03   3.0192e+02
20191111_17:00:00   2.9950e-01   7.1974e+01   5.9438e+00   0.0000e+00   2.9440e-03   3.0100e+02
20191111_18:00:00   2.5296e-01   6.2794e+01   5.0117e+00   0.0000e+00   2.1710e-03   3.0087e+02
20191111_19:00:00   2.0690e-01   5.3284e+01   4.0756e+00   0.0000e+00   1.7028e-04   2.9990e+02
20191111_20:00:00   1.7002e-01   4.5289e+01   3.3361e+00   0.0000e+00   6.5986e-05   2.9866e+02
20191111_21:00:00   1.4466e-01   3.9600e+01   2.8083e+00   0.0000e+00   1.1603e-04   3.0082e+02
20191111_22:00:00   1.2835e-01   3.5909e+01   2.4511e+00   0.0000e+00   0.0000e+00   3.0327e+02
20191111_23:00:00   1.1406e-01   3.2629e+01   2.1348e+00   0.0000e+00   2.1897e-05   3.0437e+02
20191112_00:00:00   1.0413e-01   3.0335e+01   1.9104e+00   0.0000e+00   2.7140e-05   3.0398e+02
20191112_01:00:00   9.3002e-02   2.7712e+01   1.6683e+00   0.0000e+00   3.8817e-05   3.0315e+02
20191112_02:00:00   8.1094e-02   2.4835e+01   1.4234e+00   0.0000e+00   0.0000e+00   3.0349e+02
20191112_03:00:00   7.5943e-02   2.3526e+01   1.3309e+00   0.0000e+00   0.0000e+00   3.0441e+02
20191112_04:00:00   7.3201e-02   2.2810e+01   1.2877e+00   0.0000e+00   0.0000e+00   3.0385e+02
20191112_05:00:00   7.1116e-02   2.2257e+01   1.2519e+00   0.0000e+00   0.0000e+00   3.0414e+02
20191112_06:00:00   7.0593e-02   2.2084e+01   1.2555e+00   0.0000e+00   0.0000e+00   3.0450e+02
20191112_07:00:00   7.1240e-02   2.2197e+01   1.2820e+00   0.0000e+00   1.4426e-05   3.0566e+02
20191112_08:00:00   7.2739e-02   2.2544e+01   1.3205e+00   0.0000e+00   8.4360e-05   3.0519e+02
20191112_09:00:00   7.3642e-02   2.2753e+01   1.3413e+00   0.0000e+00   2.2520e-05   3.0323e+02
20191112_10:00:00   7.6440e-02   2.3451e+01   1.4002e+00   0.0000e+00   0.0000e+00   3.0214e+02
20191112_11:00:00   8.1363e-02   2.4671e+01   1.5066e+00   0.0000e+00   3.2000e-05   3.0256e+02
20191112_12:00:00   8.8005e-02   2.6295e+01   1.6506e+00   0.0000e+00   8.6640e-05   3.0232e+02
20191112_13:00:00   9.5481e-02   2.8120e+01   1.8166e+00   0.0000e+00   8.0320e-05   3.0045e+02
20191112_14:00:00   1.0049e-01   2.9353e+01   1.9274e+00   0.0000e+00   3.3921e-04   2.9988e+02
20191112_15:00:00   1.0550e-01   3.0602e+01   2.0403e+00   0.0000e+00   2.3762e-04   2.9883e+02
20191112_16:00:00   1.1160e-01   3.2066e+01   2.1751e+00   0.0000e+00   6.1560e-05   2.9835e+02
20191112_17:00:00   1.2369e-01   3.4879e+01   2.4421e+00   0.0000e+00   4.9603e-05   2.9664e+02
20191112_18:00:00   1.3484e-01   3.7414e+01   2.6958e+00   0.0000e+00   6.9300e-04   2.9459e+02
20191112_21:00:00   1.8633e-01   4.8623e+01   3.8651e+00   0.0000e+00   2.1396e-04   2.9066e+02
20191113_00:00:00   2.9549e-01   7.0999e+01   6.0316e+00   0.0000e+00   5.7112e-05   2.9070e+02
20191113_03:00:00   2.4464e-01   6.2038e+01   4.5803e+00   0.0000e+00   0.0000e+00   2.9510e+02
20191113_06:00:00   1.6991e-01   4.6063e+01   3.1282e+00   0.0000e+00   0.0000e+00   3.0183e+02
20191113_09:00:00   1.1065e-01   3.2250e+01   1.9838e+00   0.0000e+00   0.0000e+00   3.0612e+02
20191113_12:00:00   8.9444e-01   1.6158e+02   3.5730e+00   2.8972e-01   3.3726e-03   3.0725e+02
20191113_15:00:00   1.1435e+00   1.8515e+02   3.2275e+00   4.0456e-01   4.5053e-03   3.1262e+02
20191113_18:00:00   6.3571e-01   1.2903e+02   2.5737e+00   2.0505e-01   1.0425e-03   3.1602e+02
20191113_21:00:00   8.9260e-02   2.7090e+01   1.2269e+00   5.6380e-03   4.0348e-05   3.1785e+02
20191114_00:00:00   5.1405e-02   1.7603e+01   7.3505e-01   0.0000e+00   0.0000e+00   3.1438e+02
20191114_03:00:00   6.6212e-02   2.1214e+01   1.0709e+00   0.0000e+00   0.0000e+00   3.1488e+02
20191114_06:00:00   1.0206e-01   2.9670e+01   1.8756e+00   0.0000e+00   0.0000e+00   3.1864e+02
20191114_09:00:00   1.5600e-01   4.1911e+01   3.0387e+00   0.0000e+00   1.1341e-03   3.1786e+02
20191114_12:00:00   1.9060e-01   4.9737e+01   3.7205e+00   0.0000e+00   3.6346e-04   3.1568e+02
20191114_15:00:00   1.8291e-01   4.8201e+01   3.5630e+00   0.0000e+00   1.5052e-05   3.1791e+02
20191114_18:00:00   1.9555e-01   5.0907e+01   3.8412e+00   0.0000e+00   3.6670e-03   3.1511e+02
20191114_21:00:00   2.5216e-01   6.2135e+01   5.0710e+00   1.1990e-04   5.5196e-02   3.1529e+02
20191115_00:00:00   2.8085e-01   6.8317e+01   3.8361e+00   3.6244e-02   3.6064e-03   3.1528e+02
20191115_03:00:00   1.5239e-01   4.1217e+01   2.2938e+00   1.2314e-02   3.0123e-03   3.1591e+02
20191115_06:00:00   8.3941e-02   2.5232e+01   1.4573e+00   0.0000e+00   2.1359e-04   3.2533e+02
20191115_09:00:00   1.0792e-01   3.0786e+01   1.7582e+00   0.0000e+00   0.0000e+00   3.2987e+02
20191115_12:00:00   1.2872e-01   3.5369e+01   1.9869e+00   8.2710e-04   3.8340e-03   3.4427e+02
20191115_15:00:00   1.5894e-01   4.1925e+01   2.3276e+00   5.9880e-03   1.2394e-02   3.5614e+02
20191115_18:00:00   1.4909e-01   3.9738e+01   2.2141e+00   3.5180e-03   5.5581e-02   3.6659e+02
20191115_21:00:00   1.3930e-01   3.7469e+01   2.1945e+00   1.1570e-05   3.4945e-02   3.7605e+02
20191116_00:00:00   1.2974e-01   3.5270e+01   2.0569e+00   0.0000e+00   1.5694e-02   3.8511e+02
20191116_03:00:00   1.1238e-01   3.1435e+01   1.7203e+00   0.0000e+00   2.0754e-03   3.9182e+02
20191116_06:00:00   9.2455e-02   2.6847e+01   1.3802e+00   0.0000e+00   7.9930e-07   3.9373e+02
20191116_09:00:00   7.8427e-02   2.3551e+01   1.1246e+00   0.0000e+00   1.2320e-07   4.0621e+02
20191116_12:00:00   8.7362e-02   2.5649e+01   1.2786e+00   0.0000e+00   1.9661e-04   4.0262e+02
20191116_15:00:00   1.1600e-01   3.2086e+01   1.8574e+00   0.0000e+00   1.0418e-04   3.9392e+02
20191116_18:00:00   1.7220e-01   4.4501e+01   2.8893e+00   0.0000e+00   3.7251e-02   3.9106e+02
20191116_21:00:00   1.7424e-01   4.5191e+01   2.9443e+00   7.0747e-04   7.5127e-03   3.8072e+02
20191117_00:00:00   1.6876e-01   4.4239e+01   2.9221e+00   1.2730e-04   1.5947e-04   3.7285e+02
20191117_03:00:00   1.5982e-01   4.2358e+01   2.7474e+00   1.9940e-04   1.5672e-04   3.5751e+02
20191117_06:00:00   1.5202e-01   4.0745e+01   2.5949e+00   6.1100e-04   3.0123e-05   3.4535e+02
20191117_09:00:00   1.3683e-01   3.7541e+01   2.2698e+00   6.2020e-04   1.3790e-05   3.4660e+02
20191117_12:00:00   1.3073e-01   3.6261e+01   2.1708e+00   0.0000e+00   9.4330e-07   3.2632e+02
20191117_15:00:00   1.2606e-01   3.5297e+01   2.0498e+00   2.1200e-04   6.7600e-06   3.2168e+02
20191117_18:00:00   1.0771e-01   3.1076e+01   1.7332e+00   5.8250e-04   1.3510e-05   3.1327e+02
20191117_21:00:00   9.9463e-02   2.9057e+01   1.6593e+00   0.0000e+00   5.3290e-07   3.1650e+02
20191118_00:00:00   7.9115e-02   2.4294e+01   1.2664e+00   0.0000e+00   0.0000e+00   3.1236e+02
20191118_03:00:00   7.1855e-02   2.2547e+01   1.1656e+00   0.0000e+00   0.0000e+00   3.1215e+02
20191118_06:00:00   8.4813e-02   2.5563e+01   1.5118e+00   0.0000e+00   0.0000e+00   3.0946e+02
20191118_09:00:00   1.2168e-01   3.4040e+01   2.3676e+00   0.0000e+00   0.0000e+00   3.0990e+02
20191118_12:00:00   1.5389e-01   4.1396e+01   3.0377e+00   0.0000e+00   0.0000e+00   3.0790e+02
20191118_15:00:00   1.8638e-01   4.8685e+01   3.6691e+00   0.0000e+00   0.0000e+00   3.0268e+02
20191118_18:00:00   2.3451e-01   5.8746e+01   4.6218e+00   0.0000e+00   0.0000e+00   3.0028e+02
20191118_21:00:00   2.4086e-01   6.0166e+01   4.6699e+00   0.0000e+00   0.0000e+00   3.0314e+02
20191119_00:00:00   2.0634e-01   5.3064e+01   3.9305e+00   0.0000e+00   0.0000e+00   3.0181e+02
20191119_03:00:00   1.9019e-01   4.9574e+01   3.6012e+00   0.0000e+00   0.0000e+00   3.0408e+02
20191119_06:00:00   1.7419e-01   4.6321e+01   3.1922e+00   0.0000e+00   0.0000e+00   3.1323e+02
20191119_09:00:00   1.3980e-01   3.8815e+01   2.4631e+00   0.0000e+00   0.0000e+00   3.1410e+02
20191119_12:00:00   1.4379e-01   3.9841e+01   2.4938e+00   0.0000e+00   0.0000e+00   3.2002e+02
20191119_15:00:00   8.0202e-02   2.4836e+01   1.2824e+00   0.0000e+00   0.0000e+00   3.2102e+02
20191119_18:00:00   1.5312e-01   4.2040e+01   1.6881e+00   2.0475e-02   7.5950e-04   3.1875e+02
20191119_21:00:00   2.4344e-01   6.1327e+01   1.7800e+00   5.7434e-02   5.7665e-03   3.1131e+02
20191120_00:00:00   1.3735e-01   3.7970e+01   1.8627e+00   1.2856e-02   1.9208e-03   3.0814e+02
20191120_03:00:00   9.8517e-02   2.8489e+01   1.8765e+00   0.0000e+00   5.2383e-03   3.0922e+02
20191120_06:00:00   1.3293e-01   3.6171e+01   2.6094e+00   0.0000e+00   3.5622e-02   3.1144e+02
20191120_09:00:00   9.0420e-02   2.6863e+01   1.5787e+00   0.0000e+00   0.0000e+00   3.1146e+02
20191120_12:00:00   8.1012e-02   2.4771e+01   1.3446e+00   0.0000e+00   0.0000e+00   3.1847e+02
20191120_15:00:00   2.0077e-01   5.2445e+01   3.1525e+00   6.2940e-03   1.4309e-04   3.2012e+02
20191120_18:00:00   1.2405e+00   1.9150e+02   6.4986e+00   3.7471e-01   3.0050e-01   3.1556e+02
20191120_21:00:00   1.0413e+00   1.7400e+02   6.7575e+00   2.8463e-01   5.2259e-01   3.1477e+02
20191121_00:00:00   3.5587e-01   8.2659e+01   2.6697e+00   8.4876e-02   8.6646e-02   3.1570e+02
20191121_03:00:00   3.0329e-01   7.3351e+01   2.0557e+00   7.7924e-02   1.2440e-02   3.1617e+02
20191121_06:00:00   9.1000e-02   2.7385e+01   1.4212e+00   1.7065e-03   2.7612e-05   3.1461e+02
20191121_09:00:00   7.8524e-02   2.4302e+01   1.2418e+00   2.7260e-04   6.3940e-06   3.0603e+02
20191121_12:00:00   7.1136e-02   2.2458e+01   1.0562e+00   9.5120e-04   1.2350e-05   3.0196e+02
20191121_15:00:00   7.4149e-02   2.3189e+01   1.1210e+00   6.4930e-04   8.1230e-06   3.0160e+02
20191121_18:00:00   6.8656e-02   2.1811e+01   1.0435e+00   1.1070e-05   4.5990e-07   3.0132e+02
20191121_21:00:00   7.1853e-02   2.2612e+01   1.0799e+00   0.0000e+00   0.0000e+00   3.0079e+02
20191122_00:00:00   7.0315e-02   2.2225e+01   1.0475e+00   0.0000e+00   0.0000e+00   2.9677e+02
20191122_03:00:00   6.9946e-02   2.2110e+01   1.0157e+00   5.9210e-04   5.0880e-06   2.9835e+02
20191122_06:00:00   6.2948e-02   2.0345e+01   9.0651e-01   2.0600e-05   4.9440e-07   2.9932e+02
20191122_09:00:00   6.6199e-02   2.1048e+01   9.7232e-01   0.0000e+00   0.0000e+00   3.0255e+02
20191122_12:00:00   7.6406e-02   2.3470e+01   1.1153e+00   1.1910e-03   3.6458e-05   3.1365e+02
20191122_15:00:00   9.4606e-02   2.7789e+01   1.3199e+00   4.5165e-03   1.4510e-03   3.2134e+02
20191122_18:00:00   8.3935e-02   2.5123e+01   1.3194e+00   2.7613e-04   3.5079e-05   3.2116e+02
20191122_21:00:00   8.1781e-02   2.4553e+01   1.2933e+00   1.7800e-05   1.8510e-06   3.2208e+02
20191123_00:00:00   7.6188e-02   2.3220e+01   1.1832e+00   0.0000e+00   0.0000e+00   3.1926e+02
20191123_03:00:00   7.0858e-02   2.1961e+01   1.0762e+00   0.0000e+00   0.0000e+00   3.2207e+02
20191123_06:00:00   7.5593e-02   2.3106e+01   1.1632e+00   0.0000e+00   0.0000e+00   3.2431e+02
20191123_09:00:00   8.3322e-02   2.4968e+01   1.3053e+00   0.0000e+00   0.0000e+00   3.2480e+02
20191123_12:00:00   8.6534e-02   2.5831e+01   1.3431e+00   0.0000e+00   0.0000e+00   3.2541e+02
20191123_15:00:00   1.0528e-01   3.0211e+01   1.6994e+00   3.5810e-05   2.7998e-04   3.1919e+02
20191123_18:00:00   1.0548e-01   3.0283e+01   1.7016e+00   0.0000e+00   1.4700e-06   3.1755e+02
