#            date       tau225        Tb[K]      pwv[mm] lwp[kg*m^-2] iwp[kg*m^-2]       o3[DU]
20191108_18:00:00   8.2670e-02   2.5379e+01   1.8944e+00   0.0000e+00   3.4412e-03   2.5424e+02
20191108_19:00:00   8.1686e-02   2.5184e+01   1.8526e+00   0.0000e+00   4.2336e-03   2.5570e+02
20191108_20:00:00   7.8558e-02   2.4460e+01   1.7619e+00   0.0000e+00   2.6600e-03   2.5467e+02
20191108_21:00:00   7.8627e-02   2.4425e+01   1.7793e+00   0.0000e+00   8.5080e-04   2.5358e+02
20191108_22:00:00   7.7923e-02   2.4279e+01   1.7569e+00   0.0000e+00   2.9307e-04   2.5275e+02
20191108_23:00:00   7.9335e-02   2.4664e+01   1.7813e+00   0.0000e+00   1.3914e-04   2.5195e+02
20191109_00:00:00   8.0333e-02   2.4900e+01   1.8072e+00   0.0000e+00   1.9671e-04   2.5100e+02
20191109_01:00:00   8.2701e-02   2.5453e+01   1.8592e+00   1.4350e-04   4.7957e-03   2.4965e+02
20191109_02:00:00   8.7205e-02   2.6529e+01   1.9754e+00   0.0000e+00   1.5441e-02   2.4893e+02
20191109_03:00:00   8.5707e-02   2.6153e+01   1.9432e+00   0.0000e+00   1.3976e-02   2.4981e+02
20191109_04:00:00   8.5506e-02   2.6212e+01   1.9142e+00   0.0000e+00   3.2344e-03   2.5148e+02
20191109_05:00:00   8.4266e-02   2.5970e+01   1.8596e+00   0.0000e+00   8.2633e-04   2.5315e+02
20191109_06:00:00   8.4202e-02   2.5951e+01   1.8564e+00   0.0000e+00   4.2793e-03   2.5411e+02
20191109_07:00:00   8.8783e-02   2.7066e+01   1.9616e+00   0.0000e+00   1.0619e-02   2.5300e+02
20191109_08:00:00   9.6143e-02   2.8882e+01   2.1247e+00   0.0000e+00   3.5937e-03   2.5339e+02
20191109_09:00:00   1.0262e-01   3.0478e+01   2.2603e+00   0.0000e+00   2.1064e-03   2.5345e+02
20191109_10:00:00   1.0897e-01   3.1994e+01   2.4065e+00   0.0000e+00   2.1087e-03   2.5440e+02
20191109_11:00:00   1.1248e-01   3.2810e+01   2.4974e+00   0.0000e+00   2.0872e-03   2.5518e+02
20191109_12:00:00   1.1669e-01   3.3790e+01   2.5945e+00   0.0000e+00   1.9298e-03   2.5566e+02
20191109_13:00:00   1.2368e-01   3.5417e+01   2.7649e+00   0.0000e+00   2.7480e-03   2.5587e+02
20191109_14:00:00   1.3925e-01   3.8969e+01   3.1595e+00   0.0000e+00   5.2471e-03   2.5565e+02
20191109_15:00:00   1.6484e-01   4.4688e+01   3.7759e+00   0.0000e+00   3.4815e-03   2.5524e+02
20191109_16:00:00   1.8544e-01   4.9243e+01   4.2259e+00   0.0000e+00   2.6426e-03   2.5440e+02
20191109_17:00:00   2.0034e-01   5.2526e+01   4.5219e+00   0.0000e+00   2.2714e-03   2.5447e+02
20191109_18:00:00   1.9992e-01   5.2449e+01   4.4793e+00   0.0000e+00   8.8418e-04   2.5447e+02
20191109_19:00:00   1.8491e-01   4.9193e+01   4.1394e+00   0.0000e+00   3.6978e-05   2.5455e+02
20191109_20:00:00   1.6557e-01   4.4907e+01   3.6953e+00   0.0000e+00   0.0000e+00   2.5386e+02
20191109_21:00:00   1.4234e-01   3.9654e+01   3.1605e+00   0.0000e+00   0.0000e+00   2.5256e+02
20191109_22:00:00   1.3027e-01   3.6879e+01   2.8718e+00   0.0000e+00   2.6600e-06   2.5261e+02
20191109_23:00:00   1.3303e-01   3.7492e+01   2.9363e+00   0.0000e+00   7.3140e-06   2.5322e+02
20191110_00:00:00   1.3676e-01   3.8279e+01   3.0481e+00   0.0000e+00   0.0000e+00   2.5244e+02
20191110_01:00:00   1.3766e-01   3.8457e+01   3.0748e+00   0.0000e+00   2.7320e-07   2.5150e+02
20191110_02:00:00   1.2937e-01   3.6580e+01   2.8698e+00   0.0000e+00   6.6500e-07   2.5217e+02
20191110_03:00:00   1.2611e-01   3.5879e+01   2.7544e+00   2.5344e-04   4.2573e-05   2.5329e+02
20191110_04:00:00   1.1912e-01   3.4213e+01   2.6059e+00   0.0000e+00   3.1723e-04   2.5556e+02
20191110_05:00:00   1.1385e-01   3.2943e+01   2.5027e+00   0.0000e+00   1.8013e-03   2.5542e+02
20191110_06:00:00   1.1583e-01   3.3373e+01   2.5606e+00   0.0000e+00   3.0685e-03   2.5482e+02
20191110_07:00:00   1.3692e-01   3.8238e+01   3.0453e+00   0.0000e+00   2.3704e-03   2.5518e+02
20191110_08:00:00   1.7580e-01   4.6834e+01   3.9537e+00   0.0000e+00   9.4544e-04   2.5620e+02
20191110_09:00:00   1.9833e-01   5.1722e+01   4.4673e+00   0.0000e+00   1.3137e-04   2.5694e+02
20191110_10:00:00   1.9166e-01   5.0353e+01   4.2881e+00   0.0000e+00   5.3200e-07   2.5691e+02
20191110_11:00:00   1.5070e-01   4.1724e+01   3.1977e+00   0.0000e+00   0.0000e+00   2.5540e+02
20191110_12:00:00   1.4892e-01   4.1425e+01   3.1048e+00   0.0000e+00   0.0000e+00   2.5307e+02
20191110_13:00:00   1.5905e-01   4.3706e+01   3.3191e+00   0.0000e+00   0.0000e+00   2.5199e+02
20191110_14:00:00   1.6299e-01   4.4543e+01   3.4166e+00   0.0000e+00   0.0000e+00   2.5187e+02
20191110_15:00:00   1.6731e-01   4.5386e+01   3.5462e+00   0.0000e+00   0.0000e+00   2.5218e+02
20191110_16:00:00   1.6051e-01   4.3830e+01   3.4258e+00   0.0000e+00   0.0000e+00   2.5315e+02
20191110_17:00:00   1.6554e-01   4.4901e+01   3.5532e+00   0.0000e+00   0.0000e+00   2.5432e+02
20191110_18:00:00   1.7445e-01   4.6908e+01   3.7481e+00   0.0000e+00   0.0000e+00   2.5414e+02
20191110_19:00:00   1.7451e-01   4.6902e+01   3.7709e+00   0.0000e+00   0.0000e+00   2.5392e+02
20191110_20:00:00   1.7413e-01   4.6802e+01   3.7856e+00   0.0000e+00   0.0000e+00   2.5414e+02
20191110_21:00:00   1.6550e-01   4.4910e+01   3.6005e+00   0.0000e+00   0.0000e+00   2.5391e+02
20191110_22:00:00   1.6155e-01   4.4051e+01   3.5099e+00   0.0000e+00   0.0000e+00   2.5361e+02
20191110_23:00:00   1.6099e-01   4.3930e+01   3.4977e+00   0.0000e+00   0.0000e+00   2.5228e+02
20191111_00:00:00   1.5570e-01   4.2678e+01   3.4070e+00   0.0000e+00   0.0000e+00   2.5140e+02
20191111_01:00:00   1.4287e-01   3.9736e+01   3.1481e+00   0.0000e+00   0.0000e+00   2.5089e+02
20191111_02:00:00   1.2764e-01   3.6158e+01   2.8437e+00   0.0000e+00   0.0000e+00   2.5007e+02
20191111_03:00:00   1.2330e-01   3.5082e+01   2.7767e+00   0.0000e+00   0.0000e+00   2.5111e+02
20191111_04:00:00   1.1303e-01   3.2796e+01   2.4907e+00   2.3560e-04   0.0000e+00   2.5397e+02
20191111_05:00:00   1.1307e-01   3.2904e+01   2.4782e+00   0.0000e+00   0.0000e+00   2.5374e+02
20191111_06:00:00   1.0937e-01   3.2043e+01   2.3958e+00   0.0000e+00   0.0000e+00   2.5245e+02
20191111_07:00:00   1.0374e-01   3.0745e+01   2.2454e+00   0.0000e+00   0.0000e+00   2.4993e+02
20191111_08:00:00   9.7345e-02   2.9203e+01   2.0954e+00   0.0000e+00   0.0000e+00   2.4933e+02
20191111_09:00:00   9.6977e-02   2.9111e+01   2.0805e+00   0.0000e+00   0.0000e+00   2.4937e+02
20191111_10:00:00   8.9862e-02   2.7387e+01   1.9210e+00   0.0000e+00   0.0000e+00   2.4912e+02
20191111_11:00:00   8.8974e-02   2.7171e+01   1.9018e+00   0.0000e+00   0.0000e+00   2.4930e+02
20191111_12:00:00   9.1396e-02   2.7726e+01   1.9704e+00   0.0000e+00   0.0000e+00   2.4888e+02
20191111_13:00:00   9.7348e-02   2.9131e+01   2.1237e+00   0.0000e+00   0.0000e+00   2.4776e+02
20191111_14:00:00   9.8570e-02   2.9442e+01   2.1568e+00   0.0000e+00   0.0000e+00   2.4753e+02
20191111_15:00:00   9.8055e-02   2.9353e+01   2.1408e+00   0.0000e+00   0.0000e+00   2.4754e+02
20191111_16:00:00   9.8928e-02   2.9630e+01   2.1538e+00   0.0000e+00   0.0000e+00   2.4664e+02
20191111_17:00:00   1.0317e-01   3.0702e+01   2.2536e+00   0.0000e+00   0.0000e+00   2.4658e+02
20191111_18:00:00   1.0645e-01   3.1522e+01   2.3302e+00   0.0000e+00   0.0000e+00   2.4647e+02
20191111_19:00:00   1.0940e-01   3.2249e+01   2.3980e+00   0.0000e+00   0.0000e+00   2.4699e+02
20191111_20:00:00   1.1053e-01   3.2503e+01   2.4349e+00   0.0000e+00   0.0000e+00   2.4704e+02
20191111_21:00:00   1.1057e-01   3.2522e+01   2.4356e+00   0.0000e+00   0.0000e+00   2.4593e+02
20191111_22:00:00   1.0957e-01   3.2285e+01   2.4172e+00   0.0000e+00   0.0000e+00   2.4595e+02
20191111_23:00:00   1.1029e-01   3.2464e+01   2.4279e+00   1.6290e-04   0.0000e+00   2.4601e+02
20191112_00:00:00   1.1435e-01   3.3464e+01   2.4976e+00   5.5900e-04   0.0000e+00   2.4684e+02
20191112_01:00:00   1.1398e-01   3.3356e+01   2.5291e+00   0.0000e+00   0.0000e+00   2.4601e+02
20191112_02:00:00   1.1501e-01   3.3586e+01   2.5648e+00   0.0000e+00   0.0000e+00   2.4566e+02
20191112_03:00:00   1.1648e-01   3.3955e+01   2.5841e+00   3.2220e-04   0.0000e+00   2.4514e+02
20191112_04:00:00   1.1652e-01   3.3945e+01   2.5717e+00   6.5220e-04   0.0000e+00   2.4525e+02
20191112_05:00:00   1.1324e-01   3.3145e+01   2.5357e+00   0.0000e+00   6.9080e-06   2.4516e+02
20191112_06:00:00   1.1398e-01   3.3315e+01   2.5510e+00   0.0000e+00   1.6286e-05   2.4635e+02
20191112_07:00:00   1.1436e-01   3.3394e+01   2.5642e+00   0.0000e+00   2.3760e-06   2.4640e+02
20191112_08:00:00   1.1545e-01   3.3615e+01   2.5972e+00   0.0000e+00   2.3760e-06   2.4574e+02
20191112_09:00:00   1.1543e-01   3.3594e+01   2.5973e+00   0.0000e+00   9.8160e-06   2.4440e+02
20191112_10:00:00   1.1398e-01   3.3235e+01   2.5688e+00   0.0000e+00   7.1884e-05   2.4359e+02
20191112_11:00:00   1.1258e-01   3.2901e+01   2.5366e+00   0.0000e+00   3.3945e-04   2.4335e+02
20191112_12:00:00   1.1266e-01   3.2913e+01   2.5414e+00   0.0000e+00   2.3984e-04   2.4235e+02
20191112_13:00:00   1.1351e-01   3.3110e+01   2.5636e+00   0.0000e+00   6.6460e-05   2.4109e+02
20191112_14:00:00   1.1385e-01   3.3178e+01   2.5778e+00   0.0000e+00   2.8480e-05   2.3994e+02
20191112_15:00:00   1.1385e-01   3.3200e+01   2.5721e+00   0.0000e+00   8.9320e-05   2.3999e+02
20191112_16:00:00   1.1378e-01   3.3198e+01   2.5713e+00   0.0000e+00   1.4048e-04   2.4052e+02
20191112_17:00:00   1.1452e-01   3.3377e+01   2.5918e+00   0.0000e+00   2.1005e-06   2.4098e+02
20191112_18:00:00   1.1567e-01   3.3653e+01   2.6197e+00   0.0000e+00   7.4925e-06   2.4221e+02
20191112_19:00:00   1.1702e-01   3.3973e+01   2.6537e+00   0.0000e+00   5.3920e-06   2.4318e+02
20191112_20:00:00   1.1785e-01   3.4177e+01   2.6793e+00   0.0000e+00   5.3920e-06   2.4415e+02
20191112_21:00:00   1.1760e-01   3.4112e+01   2.6819e+00   0.0000e+00   5.3920e-06   2.4406e+02
20191112_22:00:00   1.1745e-01   3.4064e+01   2.6873e+00   0.0000e+00   6.4860e-06   2.4416e+02
20191112_23:00:00   1.2053e-01   3.4780e+01   2.7658e+00   0.0000e+00   1.9728e-05   2.4419e+02
20191113_00:00:00   1.2421e-01   3.5620e+01   2.8616e+00   0.0000e+00   2.9693e-05   2.4430e+02
20191113_01:00:00   1.3058e-01   3.7088e+01   3.0202e+00   0.0000e+00   1.1164e-05   2.4449e+02
20191113_02:00:00   1.3675e-01   3.8520e+01   3.1646e+00   0.0000e+00   0.0000e+00   2.4472e+02
20191113_03:00:00   1.4431e-01   4.0278e+01   3.3349e+00   0.0000e+00   0.0000e+00   2.4459e+02
20191113_04:00:00   1.4744e-01   4.1010e+01   3.4008e+00   0.0000e+00   0.0000e+00   2.4413e+02
20191113_05:00:00   1.4730e-01   4.0982e+01   3.3942e+00   0.0000e+00   0.0000e+00   2.4375e+02
20191113_06:00:00   1.4936e-01   4.1473e+01   3.4381e+00   0.0000e+00   0.0000e+00   2.4350e+02
20191113_07:00:00   1.4785e-01   4.1124e+01   3.4100e+00   0.0000e+00   0.0000e+00   2.4387e+02
20191113_08:00:00   1.4651e-01   4.0781e+01   3.3886e+00   0.0000e+00   0.0000e+00   2.4388e+02
20191113_09:00:00   1.4951e-01   4.1465e+01   3.4544e+00   0.0000e+00   0.0000e+00   2.4327e+02
20191113_10:00:00   1.5241e-01   4.2127e+01   3.5133e+00   0.0000e+00   0.0000e+00   2.4228e+02
20191113_11:00:00   1.5239e-01   4.2105e+01   3.5053e+00   0.0000e+00   0.0000e+00   2.4191e+02
20191113_12:00:00   1.5376e-01   4.2429e+01   3.5232e+00   0.0000e+00   0.0000e+00   2.4199e+02
20191113_13:00:00   1.5205e-01   4.2044e+01   3.4823e+00   0.0000e+00   0.0000e+00   2.4165e+02
20191113_14:00:00   1.5173e-01   4.1968e+01   3.4806e+00   0.0000e+00   0.0000e+00   2.4131e+02
20191113_15:00:00   1.5780e-01   4.3378e+01   3.6185e+00   0.0000e+00   0.0000e+00   2.4121e+02
20191113_16:00:00   1.6097e-01   4.4146e+01   3.6784e+00   0.0000e+00   0.0000e+00   2.4099e+02
20191113_17:00:00   1.6034e-01   4.4044e+01   3.6668e+00   0.0000e+00   0.0000e+00   2.4035e+02
20191113_18:00:00   1.5639e-01   4.3158e+01   3.5751e+00   0.0000e+00   0.0000e+00   2.4028e+02
20191113_21:00:00   1.5634e-01   4.3152e+01   3.5643e+00   0.0000e+00   0.0000e+00   2.4094e+02
20191114_00:00:00   1.5253e-01   4.2233e+01   3.4775e+00   2.3990e-04   5.2500e-06   2.3941e+02
20191114_03:00:00   1.7145e-01   4.6596e+01   3.8917e+00   0.0000e+00   0.0000e+00   2.3854e+02
20191114_06:00:00   1.7703e-01   4.7919e+01   3.9750e+00   0.0000e+00   0.0000e+00   2.3787e+02
20191114_09:00:00   1.6908e-01   4.6121e+01   3.7852e+00   0.0000e+00   0.0000e+00   2.3892e+02
20191114_12:00:00   1.6562e-01   4.5355e+01   3.6657e+00   0.0000e+00   0.0000e+00   2.3673e+02
20191114_15:00:00   1.6982e-01   4.6383e+01   3.7141e+00   0.0000e+00   0.0000e+00   2.3657e+02
20191114_18:00:00   1.4597e-01   4.0928e+01   3.2125e+00   0.0000e+00   0.0000e+00   2.3777e+02
20191114_21:00:00   1.4994e-01   4.1887e+01   3.2841e+00   0.0000e+00   0.0000e+00   2.4097e+02
20191115_00:00:00   1.5850e-01   4.3896e+01   3.4335e+00   0.0000e+00   0.0000e+00   2.4251e+02
20191115_03:00:00   1.8302e-01   4.9314e+01   4.0100e+00   0.0000e+00   3.5779e-04   2.4090e+02
20191115_06:00:00   1.9223e-01   5.1284e+01   4.2180e+00   0.0000e+00   3.2740e-05   2.4248e+02
20191115_09:00:00   2.1996e-01   5.7213e+01   4.8203e+00   0.0000e+00   6.0005e-04   2.4333e+02
20191115_12:00:00   2.5881e-01   6.5045e+01   5.7787e+00   0.0000e+00   1.0708e-03   2.4322e+02
20191115_15:00:00   2.8922e-01   7.1135e+01   6.4020e+00   0.0000e+00   1.8140e-05   2.4316e+02
20191115_18:00:00   2.5444e-01   6.4055e+01   5.6651e+00   0.0000e+00   3.7037e-04   2.4737e+02
20191115_21:00:00   2.2218e-01   5.7097e+01   5.0923e+00   0.0000e+00   7.4080e-06   2.5026e+02
20191116_00:00:00   2.3096e-01   5.8827e+01   5.2767e+00   1.0370e-03   0.0000e+00   2.4674e+02
20191116_03:00:00   2.9399e-01   7.1332e+01   6.7608e+00   6.4560e-04   1.1198e-02   2.4414e+02
20191116_06:00:00   2.6527e-01   6.5162e+01   6.2200e+00   0.0000e+00   1.1228e-01   2.4465e+02
20191116_09:00:00   2.6180e-01   6.4542e+01   6.1950e+00   0.0000e+00   7.0147e-03   2.4622e+02
20191116_12:00:00   2.9247e-01   7.0694e+01   6.8362e+00   0.0000e+00   9.6769e-03   2.4357e+02
20191116_15:00:00   2.6247e-01   6.4929e+01   6.1316e+00   0.0000e+00   3.8113e-04   2.4149e+02
20191116_18:00:00   2.3478e-01   5.9498e+01   5.4319e+00   0.0000e+00   6.5872e-04   2.4206e+02
20191116_21:00:00   1.8447e-01   4.9130e+01   4.1670e+00   0.0000e+00   5.1529e-03   2.4481e+02
20191117_00:00:00   2.2686e-01   5.8840e+01   4.4128e+00   9.0850e-03   8.9080e-06   2.4683e+02
20191117_03:00:00   3.2007e-01   7.7896e+01   5.3961e+00   2.7186e-02   1.8800e-05   2.4628e+02
20191117_06:00:00   3.0489e-01   7.4652e+01   5.9318e+00   1.1814e-02   1.1064e-04   2.4761e+02
20191117_09:00:00   2.3295e-01   5.9748e+01   5.1689e+00   0.0000e+00   1.8410e-05   2.4609e+02
20191117_12:00:00   2.1112e-01   5.4893e+01   4.8210e+00   0.0000e+00   4.9082e-06   2.4289e+02
20191117_15:00:00   1.9288e-01   5.0967e+01   4.4143e+00   0.0000e+00   5.2344e-05   2.3830e+02
20191117_18:00:00   1.8306e-01   4.8820e+01   4.2466e+00   0.0000e+00   3.2996e-05   2.3727e+02
20191117_21:00:00   1.7158e-01   4.6290e+01   4.0074e+00   0.0000e+00   4.0438e-04   2.3877e+02
20191118_00:00:00   2.3796e-01   6.0849e+01   4.8965e+00   1.0760e-02   4.1519e-03   2.3732e+02
20191118_03:00:00   3.6214e-01   8.5492e+01   7.2786e+00   1.3590e-02   8.4444e-04   2.3537e+02
20191118_06:00:00   2.7645e-01   6.8817e+01   6.2001e+00   0.0000e+00   3.6022e-04   2.3701e+02
20191118_09:00:00   1.9527e-01   5.1483e+01   4.5564e+00   0.0000e+00   9.7768e-06   2.3939e+02
20191118_12:00:00   2.0053e-01   5.2642e+01   4.6639e+00   0.0000e+00   1.4853e-05   2.3908e+02
20191118_15:00:00   1.9838e-01   5.2244e+01   4.5790e+00   0.0000e+00   4.8220e-05   2.4029e+02
20191118_18:00:00   1.9610e-01   5.1713e+01   4.5476e+00   0.0000e+00   4.5780e-05   2.3914e+02
20191118_21:00:00   1.9438e-01   5.1263e+01   4.5349e+00   0.0000e+00   6.5260e-06   2.3762e+02
20191119_00:00:00   1.8618e-01   4.9441e+01   4.3451e+00   0.0000e+00   2.4637e-04   2.3754e+02
20191119_03:00:00   1.9279e-01   5.0927e+01   4.4703e+00   0.0000e+00   1.0573e-05   2.3492e+02
20191119_06:00:00   1.9035e-01   5.0447e+01   4.3358e+00   0.0000e+00   1.6318e-06   2.3749e+02
20191119_09:00:00   1.9168e-01   5.0716e+01   4.3204e+00   0.0000e+00   4.3140e-07   2.3808e+02
20191119_12:00:00   1.9543e-01   5.1541e+01   4.3509e+00   0.0000e+00   0.0000e+00   2.3533e+02
20191119_15:00:00   1.7033e-01   4.6107e+01   3.7577e+00   0.0000e+00   3.7330e-05   2.3454e+02
20191119_18:00:00   1.4637e-01   4.0859e+01   3.1313e+00   0.0000e+00   9.7890e-06   2.3882e+02
20191119_21:00:00   1.5431e-01   4.2644e+01   3.2899e+00   0.0000e+00   0.0000e+00   2.4170e+02
20191120_00:00:00   1.7935e-01   4.7989e+01   3.9513e+00   0.0000e+00   0.0000e+00   2.4294e+02
20191120_03:00:00   2.0195e-01   5.2922e+01   4.4360e+00   0.0000e+00   0.0000e+00   2.4152e+02
20191120_06:00:00   3.0077e-01   7.3066e+01   6.5341e+00   0.0000e+00   7.8860e-06   2.4334e+02
20191120_09:00:00   3.3727e-01   8.0158e+01   7.1510e+00   2.2980e-03   0.0000e+00   2.4460e+02
20191120_12:00:00   1.9410e-01   5.1140e+01   4.2524e+00   0.0000e+00   0.0000e+00   2.4246e+02
20191120_15:00:00   1.8949e-01   5.0240e+01   4.1120e+00   2.2670e-04   0.0000e+00   2.4076e+02
20191120_18:00:00   2.0950e-01   5.4531e+01   4.5923e+00   0.0000e+00   0.0000e+00   2.3851e+02
20191120_21:00:00   1.7766e-01   4.7699e+01   3.8934e+00   0.0000e+00   0.0000e+00   2.3917e+02
20191121_00:00:00   1.5761e-01   4.3236e+01   3.4412e+00   0.0000e+00   0.0000e+00   2.3833e+02
20191121_03:00:00   1.4807e-01   4.1131e+01   3.2278e+00   0.0000e+00   0.0000e+00   2.3637e+02
20191121_06:00:00   1.4328e-01   4.0058e+01   3.1065e+00   0.0000e+00   0.0000e+00   2.3934e+02
20191121_09:00:00   1.3358e-01   3.7795e+01   2.8842e+00   0.0000e+00   0.0000e+00   2.4245e+02
20191121_12:00:00   1.2168e-01   3.4999e+01   2.6306e+00   0.0000e+00   0.0000e+00   2.4234e+02
20191121_15:00:00   1.2157e-01   3.4878e+01   2.6562e+00   0.0000e+00   0.0000e+00   2.4339e+02
20191121_18:00:00   1.1976e-01   3.4441e+01   2.6225e+00   0.0000e+00   0.0000e+00   2.4434e+02
20191121_21:00:00   1.2004e-01   3.4503e+01   2.6419e+00   0.0000e+00   0.0000e+00   2.4688e+02
20191122_00:00:00   1.2730e-01   3.6110e+01   2.8331e+00   0.0000e+00   2.6920e-05   2.4831e+02
20191122_03:00:00   1.3274e-01   3.7449e+01   2.9413e+00   0.0000e+00   0.0000e+00   2.4953e+02
20191122_06:00:00   1.3983e-01   3.9056e+01   3.1014e+00   0.0000e+00   0.0000e+00   2.5264e+02
20191122_09:00:00   1.4781e-01   4.0901e+01   3.2623e+00   0.0000e+00   0.0000e+00   2.5464e+02
20191122_12:00:00   1.4997e-01   4.1339e+01   3.3110e+00   0.0000e+00   0.0000e+00   2.5291e+02
20191122_15:00:00   1.4905e-01   4.1040e+01   3.3192e+00   0.0000e+00   2.2600e-05   2.5029e+02
20191122_18:00:00   1.4418e-01   3.9884e+01   3.2470e+00   0.0000e+00   1.7762e-04   2.5062e+02
20191122_21:00:00   1.4690e-01   4.0480e+01   3.3288e+00   0.0000e+00   6.7068e-04   2.4988e+02
20191123_00:00:00   1.5183e-01   4.1507e+01   3.4683e+00   0.0000e+00   4.5688e-03   2.4883e+02
20191123_03:00:00   1.6169e-01   4.3573e+01   3.7353e+00   0.0000e+00   2.3861e-02   2.4964e+02
20191123_06:00:00   1.6755e-01   4.4771e+01   3.9099e+00   0.0000e+00   1.3076e-02   2.4885e+02
20191123_09:00:00   1.7804e-01   4.6950e+01   4.1785e+00   0.0000e+00   1.1648e-02   2.4482e+02
20191123_12:00:00   1.9171e-01   4.9767e+01   4.5318e+00   0.0000e+00   2.7819e-02   2.4543e+02
20191123_15:00:00   1.9740e-01   5.0924e+01   4.6770e+00   0.0000e+00   2.4050e-02   2.4468e+02
20191123_18:00:00   2.1368e-01   5.4299e+01   5.0628e+00   0.0000e+00   1.7965e-02   2.4609e+02
20191123_21:00:00   2.3106e-01   5.7980e+01   5.4669e+00   0.0000e+00   8.1544e-03   2.4845e+02
20191124_00:00:00   2.3166e-01   5.8000e+01   5.4073e+00   7.2440e-05   1.7403e-01   2.4876e+02
20191124_03:00:00   2.4550e-01   6.0828e+01   5.7148e+00   0.0000e+00   1.8990e-01   2.4537e+02
20191124_06:00:00   2.4460e-01   6.0861e+01   5.7316e+00   0.0000e+00   3.2384e-02   2.4758e+02
20191124_09:00:00   2.6776e-01   6.5725e+01   6.1821e+00   0.0000e+00   3.8892e-02   2.4912e+02
20191124_12:00:00   2.8379e-01   6.9090e+01   6.4176e+00   0.0000e+00   2.5938e-02   2.4984e+02
20191124_15:00:00   2.7834e-01   6.8123e+01   6.2768e+00   0.0000e+00   1.0049e-02   2.5182e+02
20191124_18:00:00   2.7919e-01   6.8449e+01   6.2391e+00   0.0000e+00   7.0624e-03   2.5227e+02
