#            date       tau225        Tb[K]      pwv[mm] lwp[kg*m^-2] iwp[kg*m^-2]       o3[DU]
20191111_18:00:00   1.3331e-01   3.7934e+01   2.9237e+00   0.0000e+00   0.0000e+00   2.4762e+02
20191111_19:00:00   1.2568e-01   3.6151e+01   2.7590e+00   0.0000e+00   0.0000e+00   2.4963e+02
20191111_20:00:00   1.1449e-01   3.3456e+01   2.5306e+00   0.0000e+00   0.0000e+00   2.5041e+02
20191111_21:00:00   1.1489e-01   3.3532e+01   2.5469e+00   0.0000e+00   0.0000e+00   2.5115e+02
20191111_22:00:00   1.2086e-01   3.4973e+01   2.6809e+00   0.0000e+00   0.0000e+00   2.4984e+02
20191111_23:00:00   1.2566e-01   3.6097e+01   2.7960e+00   0.0000e+00   0.0000e+00   2.4926e+02
20191112_00:00:00   1.3183e-01   3.7574e+01   2.9264e+00   0.0000e+00   0.0000e+00   2.4783e+02
20191112_01:00:00   1.3329e-01   3.7971e+01   2.9474e+00   0.0000e+00   0.0000e+00   2.4539e+02
20191112_02:00:00   1.4012e-01   3.9576e+01   3.0945e+00   0.0000e+00   0.0000e+00   2.4588e+02
20191112_03:00:00   1.4267e-01   4.0162e+01   3.1652e+00   0.0000e+00   3.1920e-05   2.4524e+02
20191112_04:00:00   1.4525e-01   4.0763e+01   3.2168e+00   1.6640e-04   4.5840e-05   2.4412e+02
20191112_05:00:00   1.4588e-01   4.0920e+01   3.2360e+00   0.0000e+00   7.3650e-06   2.4345e+02
20191112_06:00:00   1.4721e-01   4.1233e+01   3.2627e+00   0.0000e+00   1.2767e-06   2.4405e+02
20191112_07:00:00   1.4750e-01   4.1276e+01   3.2844e+00   0.0000e+00   8.3520e-06   2.4455e+02
20191112_08:00:00   1.5493e-01   4.2952e+01   3.4628e+00   0.0000e+00   1.7231e-05   2.4546e+02
20191112_09:00:00   1.5796e-01   4.3615e+01   3.5506e+00   0.0000e+00   3.6700e-05   2.4595e+02
20191112_10:00:00   1.6038e-01   4.4129e+01   3.6135e+00   0.0000e+00   4.3803e-05   2.4418e+02
20191112_11:00:00   1.6103e-01   4.4256e+01   3.6365e+00   0.0000e+00   8.6980e-05   2.4289e+02
20191112_12:00:00   1.5910e-01   4.3820e+01   3.5888e+00   0.0000e+00   7.5590e-05   2.4177e+02
20191112_13:00:00   1.5470e-01   4.2847e+01   3.4870e+00   0.0000e+00   5.9990e-05   2.4146e+02
20191112_14:00:00   1.5527e-01   4.2974e+01   3.5101e+00   0.0000e+00   5.9982e-05   2.4211e+02
20191112_15:00:00   1.5605e-01   4.3138e+01   3.5361e+00   0.0000e+00   7.4863e-05   2.4291e+02
20191112_16:00:00   1.5693e-01   4.3333e+01   3.5620e+00   0.0000e+00   9.5859e-05   2.4306e+02
20191112_17:00:00   1.5552e-01   4.3003e+01   3.5387e+00   0.0000e+00   9.5660e-05   2.4257e+02
20191112_18:00:00   1.5234e-01   4.2306e+01   3.4631e+00   0.0000e+00   6.9556e-05   2.4305e+02
20191112_19:00:00   1.4954e-01   4.1693e+01   3.3931e+00   0.0000e+00   1.1902e-04   2.4311e+02
20191112_20:00:00   1.4732e-01   4.1211e+01   3.3386e+00   0.0000e+00   9.8504e-05   2.4297e+02
20191112_21:00:00   1.4438e-01   4.0526e+01   3.2825e+00   0.0000e+00   7.6160e-05   2.4296e+02
20191112_22:00:00   1.4212e-01   3.9977e+01   3.2336e+00   0.0000e+00   4.9440e-05   2.4266e+02
20191112_23:00:00   1.4158e-01   3.9824e+01   3.2294e+00   0.0000e+00   1.4316e-05   2.4205e+02
20191113_00:00:00   1.4130e-01   3.9766e+01   3.2185e+00   0.0000e+00   1.3378e-05   2.4029e+02
20191113_01:00:00   1.4077e-01   3.9649e+01   3.2031e+00   0.0000e+00   5.6180e-05   2.3981e+02
20191113_02:00:00   1.4472e-01   4.0589e+01   3.2439e+00   8.8010e-04   3.7260e-05   2.3985e+02
20191113_03:00:00   1.4899e-01   4.1538e+01   3.3078e+00   1.8730e-03   0.0000e+00   2.4058e+02
20191113_04:00:00   1.4602e-01   4.0775e+01   3.3319e+00   4.1420e-04   0.0000e+00   2.4219e+02
20191113_05:00:00   1.4498e-01   4.0517e+01   3.3290e+00   0.0000e+00   0.0000e+00   2.4233e+02
20191113_06:00:00   1.4262e-01   3.9975e+01   3.2728e+00   0.0000e+00   0.0000e+00   2.4248e+02
20191113_07:00:00   1.3932e-01   3.9244e+01   3.1882e+00   0.0000e+00   0.0000e+00   2.4331e+02
20191113_08:00:00   1.3508e-01   3.8304e+01   3.0702e+00   0.0000e+00   0.0000e+00   2.4366e+02
20191113_09:00:00   1.3257e-01   3.7758e+01   2.9980e+00   0.0000e+00   0.0000e+00   2.4320e+02
20191113_10:00:00   1.2994e-01   3.7164e+01   2.9278e+00   0.0000e+00   0.0000e+00   2.4267e+02
20191113_11:00:00   1.2737e-01   3.6579e+01   2.8633e+00   0.0000e+00   0.0000e+00   2.4157e+02
20191113_12:00:00   1.2605e-01   3.6291e+01   2.8198e+00   0.0000e+00   0.0000e+00   2.4091e+02
20191113_13:00:00   1.2472e-01   3.6004e+01   2.7797e+00   0.0000e+00   0.0000e+00   2.4000e+02
20191113_14:00:00   1.2337e-01   3.5701e+01   2.7381e+00   0.0000e+00   0.0000e+00   2.3862e+02
20191113_15:00:00   1.2057e-01   3.5051e+01   2.6671e+00   0.0000e+00   0.0000e+00   2.3830e+02
20191113_16:00:00   1.1797e-01   3.4449e+01   2.6043e+00   0.0000e+00   0.0000e+00   2.3864e+02
20191113_17:00:00   1.1707e-01   3.4227e+01   2.5878e+00   0.0000e+00   0.0000e+00   2.3923e+02
20191113_18:00:00   1.1558e-01   3.3861e+01   2.5693e+00   0.0000e+00   0.0000e+00   2.4010e+02
20191113_19:00:00   1.1637e-01   3.4022e+01   2.5972e+00   0.0000e+00   0.0000e+00   2.4162e+02
20191113_20:00:00   1.1591e-01   3.3892e+01   2.5963e+00   0.0000e+00   0.0000e+00   2.4272e+02
20191113_21:00:00   1.1601e-01   3.3903e+01   2.6101e+00   0.0000e+00   0.0000e+00   2.4261e+02
20191113_22:00:00   1.1538e-01   3.3742e+01   2.6006e+00   0.0000e+00   0.0000e+00   2.4254e+02
20191113_23:00:00   1.1590e-01   3.3867e+01   2.6145e+00   0.0000e+00   0.0000e+00   2.4239e+02
20191114_00:00:00   1.1703e-01   3.4136e+01   2.6408e+00   0.0000e+00   0.0000e+00   2.4182e+02
20191114_01:00:00   1.1834e-01   3.4452e+01   2.6656e+00   0.0000e+00   0.0000e+00   2.4093e+02
20191114_02:00:00   1.1929e-01   3.4692e+01   2.6795e+00   0.0000e+00   0.0000e+00   2.4083e+02
20191114_03:00:00   1.1884e-01   3.4611e+01   2.6577e+00   0.0000e+00   0.0000e+00   2.4129e+02
20191114_04:00:00   1.1640e-01   3.4065e+01   2.5914e+00   0.0000e+00   0.0000e+00   2.4166e+02
20191114_05:00:00   1.1577e-01   3.3933e+01   2.5692e+00   0.0000e+00   0.0000e+00   2.4137e+02
20191114_06:00:00   1.1511e-01   3.3777e+01   2.5489e+00   0.0000e+00   0.0000e+00   2.4120e+02
20191114_07:00:00   1.1426e-01   3.3581e+01   2.5254e+00   0.0000e+00   0.0000e+00   2.4166e+02
20191114_08:00:00   1.1527e-01   3.3816e+01   2.5442e+00   0.0000e+00   0.0000e+00   2.4212e+02
20191114_09:00:00   1.1750e-01   3.4347e+01   2.5908e+00   0.0000e+00   0.0000e+00   2.4193e+02
20191114_10:00:00   1.1702e-01   3.4230e+01   2.5784e+00   0.0000e+00   0.0000e+00   2.4163e+02
20191114_11:00:00   1.1566e-01   3.3903e+01   2.5502e+00   0.0000e+00   0.0000e+00   2.4134e+02
20191114_12:00:00   1.1575e-01   3.3909e+01   2.5525e+00   0.0000e+00   0.0000e+00   2.4111e+02
20191114_13:00:00   1.1505e-01   3.3738e+01   2.5356e+00   0.0000e+00   0.0000e+00   2.4024e+02
20191114_14:00:00   1.1272e-01   3.3189e+01   2.4818e+00   0.0000e+00   0.0000e+00   2.3940e+02
20191114_15:00:00   1.1089e-01   3.2754e+01   2.4424e+00   0.0000e+00   0.0000e+00   2.3971e+02
20191114_16:00:00   1.0913e-01   3.2330e+01   2.4042e+00   0.0000e+00   0.0000e+00   2.4008e+02
20191114_17:00:00   1.0817e-01   3.2098e+01   2.3824e+00   0.0000e+00   0.0000e+00   2.4053e+02
20191114_18:00:00   1.0683e-01   3.1770e+01   2.3515e+00   0.0000e+00   0.0000e+00   2.4124e+02
20191114_19:00:00   1.0431e-01   3.1177e+01   2.2919e+00   0.0000e+00   0.0000e+00   2.4185e+02
20191114_20:00:00   1.0245e-01   3.0734e+01   2.2464e+00   0.0000e+00   0.0000e+00   2.4199e+02
20191114_21:00:00   1.0105e-01   3.0392e+01   2.2121e+00   0.0000e+00   0.0000e+00   2.4242e+02
20191114_22:00:00   9.8960e-02   2.9875e+01   2.1609e+00   0.0000e+00   0.0000e+00   2.4248e+02
20191114_23:00:00   9.8575e-02   2.9778e+01   2.1495e+00   0.0000e+00   0.0000e+00   2.4279e+02
20191115_00:00:00   1.0081e-01   3.0331e+01   2.1956e+00   0.0000e+00   0.0000e+00   2.4304e+02
20191115_01:00:00   1.0444e-01   3.1236e+01   2.2746e+00   0.0000e+00   0.0000e+00   2.4326e+02
20191115_02:00:00   1.0509e-01   3.1397e+01   2.2919e+00   0.0000e+00   0.0000e+00   2.4250e+02
20191115_03:00:00   1.0394e-01   3.1136e+01   2.2608e+00   0.0000e+00   0.0000e+00   2.4185e+02
20191115_04:00:00   1.0410e-01   3.1174e+01   2.2615e+00   0.0000e+00   6.5620e-06   2.4154e+02
20191115_05:00:00   1.0277e-01   3.0820e+01   2.2411e+00   0.0000e+00   7.0040e-04   2.4162e+02
20191115_06:00:00   1.0261e-01   3.0743e+01   2.2458e+00   0.0000e+00   1.4550e-03   2.4272e+02
20191115_07:00:00   1.0357e-01   3.0932e+01   2.2743e+00   0.0000e+00   8.3310e-04   2.4388e+02
20191115_08:00:00   1.0377e-01   3.0921e+01   2.2880e+00   0.0000e+00   1.1564e-03   2.4462e+02
20191115_09:00:00   1.0147e-01   3.0350e+01   2.2345e+00   0.0000e+00   1.4315e-04   2.4432e+02
20191115_10:00:00   9.8675e-02   2.9644e+01   2.1750e+00   0.0000e+00   8.3294e-04   2.4370e+02
20191115_11:00:00   9.7405e-02   2.9296e+01   2.1532e+00   0.0000e+00   3.6758e-03   2.4322e+02
20191115_12:00:00   9.5617e-02   2.8835e+01   2.1097e+00   0.0000e+00   4.3518e-03   2.4304e+02
20191115_13:00:00   9.2146e-02   2.7982e+01   2.0280e+00   0.0000e+00   4.2712e-04   2.4279e+02
20191115_14:00:00   9.7263e-02   2.9082e+01   2.1959e+00   0.0000e+00   0.0000e+00   2.4248e+02
20191115_15:00:00   1.0702e-01   3.1349e+01   2.4509e+00   0.0000e+00   0.0000e+00   2.4148e+02
20191115_16:00:00   1.1356e-01   3.2944e+01   2.5969e+00   0.0000e+00   0.0000e+00   2.4126e+02
20191115_17:00:00   1.1992e-01   3.4472e+01   2.7485e+00   0.0000e+00   0.0000e+00   2.4238e+02
20191115_18:00:00   1.3527e-01   3.8000e+01   3.1346e+00   0.0000e+00   0.0000e+00   2.4413e+02
20191115_19:00:00   1.5514e-01   4.2511e+01   3.6300e+00   0.0000e+00   0.0000e+00   2.4515e+02
20191115_20:00:00   1.7352e-01   4.6635e+01   4.0676e+00   0.0000e+00   0.0000e+00   2.4494e+02
20191115_21:00:00   1.9047e-01   5.0375e+01   4.4640e+00   0.0000e+00   9.2600e-06   2.4505e+02
20191115_22:00:00   2.0660e-01   5.3833e+01   4.8472e+00   0.0000e+00   1.1879e-04   2.4485e+02
20191115_23:00:00   2.3168e-01   5.9150e+01   5.4224e+00   0.0000e+00   2.1465e-04   2.4474e+02
20191116_00:00:00   2.7138e-01   6.7304e+01   6.3042e+00   8.2250e-05   1.1578e-04   2.4413e+02
20191116_01:00:00   3.1691e-01   7.6505e+01   6.8855e+00   7.1890e-03   1.9634e-04   2.4364e+02
20191116_02:00:00   3.9716e-01   9.1796e+01   7.4347e+00   2.8540e-02   1.8710e-04   2.4306e+02
20191116_03:00:00   4.2120e-01   9.6001e+01   7.8889e+00   2.9354e-02   2.6227e-04   2.4171e+02
20191116_04:00:00   3.6184e-01   8.4868e+01   8.1422e+00   1.0455e-03   5.7977e-04   2.4107e+02
20191116_05:00:00   3.5272e-01   8.3064e+01   8.0283e+00   2.0221e-04   1.2866e-03   2.4043e+02
20191116_06:00:00   3.3461e-01   7.9571e+01   7.6533e+00   2.3741e-04   1.2868e-03   2.4031e+02
20191116_07:00:00   3.2213e-01   7.7170e+01   7.4100e+00   0.0000e+00   1.1185e-03   2.4086e+02
20191116_08:00:00   3.2622e-01   7.7969e+01   7.4767e+00   0.0000e+00   3.4393e-03   2.4142e+02
20191116_09:00:00   3.3206e-01   7.9117e+01   7.5685e+00   0.0000e+00   1.8864e-03   2.4222e+02
20191116_10:00:00   3.3500e-01   7.9719e+01   7.6159e+00   0.0000e+00   1.3367e-03   2.4291e+02
20191116_11:00:00   3.4665e-01   8.1935e+01   7.8139e+00   0.0000e+00   5.5458e-04   2.4252e+02
20191116_12:00:00   3.7212e-01   8.6561e+01   8.3186e+00   0.0000e+00   8.2653e-04   2.4120e+02
20191116_13:00:00   3.7560e-01   8.7110e+01   8.4255e+00   0.0000e+00   1.9702e-03   2.4036e+02
20191116_14:00:00   3.5731e-01   8.3737e+01   8.0579e+00   0.0000e+00   1.3710e-03   2.4068e+02
20191116_15:00:00   3.4835e-01   8.2034e+01   7.8734e+00   0.0000e+00   4.6586e-03   2.4161e+02
20191116_16:00:00   3.5553e-01   8.3324e+01   8.0086e+00   0.0000e+00   2.0363e-02   2.4165e+02
20191116_17:00:00   3.6111e-01   8.4432e+01   8.0833e+00   0.0000e+00   7.8551e-03   2.4181e+02
20191116_18:00:00   3.6543e-01   8.5251e+01   8.1822e+00   0.0000e+00   7.1452e-03   2.4330e+02
20191116_21:00:00   4.5751e-01   1.0111e+02   1.0049e+01   0.0000e+00   2.4485e-01   2.4311e+02
20191117_00:00:00   5.7044e-01   1.1931e+02   1.1291e+01   2.0761e-02   2.0552e-02   2.4257e+02
20191117_03:00:00   2.0036e+00   2.3662e+02   1.2137e+01   5.9253e-01   2.6476e-01   2.4237e+02
20191117_06:00:00   1.2168e+00   1.9208e+02   1.1899e+01   2.7274e-01   2.6912e-01   2.4447e+02
20191117_09:00:00   6.6616e-01   1.3293e+02   1.1521e+01   5.0787e-02   4.4195e-01   2.4887e+02
20191117_12:00:00   8.5952e-01   1.5746e+02   8.8913e+00   1.8666e-01   1.1554e-01   2.4862e+02
20191117_15:00:00   2.8873e-01   7.0883e+01   6.0132e+00   1.5902e-03   7.5385e-03   2.4912e+02
20191117_18:00:00   2.5851e-01   6.4725e+01   5.5564e+00   8.8300e-05   1.1807e-02   2.4949e+02
20191117_21:00:00   3.1948e-01   7.7038e+01   6.0518e+00   1.4542e-02   4.0034e-03   2.5233e+02
20191118_00:00:00   2.2258e-01   5.7133e+01   4.8671e+00   0.0000e+00   0.0000e+00   2.5414e+02
20191118_03:00:00   1.2615e-01   3.5990e+01   2.4338e+00   4.8761e-03   0.0000e+00   2.5499e+02
20191118_06:00:00   5.9594e-02   1.9943e+01   1.1275e+00   0.0000e+00   0.0000e+00   2.5570e+02
20191118_09:00:00   6.4469e-02   2.1089e+01   1.2642e+00   0.0000e+00   0.0000e+00   2.5353e+02
20191118_12:00:00   8.3489e-02   2.5753e+01   1.7223e+00   0.0000e+00   0.0000e+00   2.4697e+02
20191118_15:00:00   1.1208e-01   3.2650e+01   2.3431e+00   0.0000e+00   0.0000e+00   2.4693e+02
20191118_18:00:00   1.5415e-01   4.2367e+01   3.3072e+00   0.0000e+00   0.0000e+00   2.4877e+02
20191118_21:00:00   1.4720e-01   4.0791e+01   3.1239e+00   0.0000e+00   0.0000e+00   2.4913e+02
20191119_00:00:00   1.8512e-01   4.9380e+01   3.4139e+00   1.0260e-02   0.0000e+00   2.4893e+02
20191119_03:00:00   2.1585e-01   5.6030e+01   4.2474e+00   5.7930e-03   0.0000e+00   2.4850e+02
20191119_06:00:00   2.6397e-01   6.5639e+01   5.6599e+00   0.0000e+00   0.0000e+00   2.4766e+02
20191119_09:00:00   2.6976e-01   6.6841e+01   5.7914e+00   0.0000e+00   0.0000e+00   2.4887e+02
20191119_12:00:00   2.3269e-01   5.9170e+01   5.0921e+00   0.0000e+00   0.0000e+00   2.4487e+02
20191119_15:00:00   2.7075e-01   6.7037e+01   5.8324e+00   0.0000e+00   0.0000e+00   2.4397e+02
20191119_18:00:00   3.1938e-01   7.6697e+01   6.7436e+00   0.0000e+00   0.0000e+00   2.4290e+02
20191119_21:00:00   2.2774e-01   5.8423e+01   4.9684e+00   0.0000e+00   0.0000e+00   2.4337e+02
20191120_00:00:00   1.9856e-01   5.2266e+01   4.2800e+00   1.2800e-03   0.0000e+00   2.4093e+02
20191120_03:00:00   1.7738e-01   4.7688e+01   3.8748e+00   0.0000e+00   0.0000e+00   2.3991e+02
20191120_06:00:00   2.0616e-01   5.4056e+01   4.4609e+00   0.0000e+00   0.0000e+00   2.4085e+02
20191120_09:00:00   2.4888e-01   6.3261e+01   5.2300e+00   0.0000e+00   0.0000e+00   2.4176e+02
20191120_12:00:00   2.6634e-01   6.6889e+01   5.5682e+00   0.0000e+00   0.0000e+00   2.4062e+02
20191120_15:00:00   2.6248e-01   6.6065e+01   5.4837e+00   0.0000e+00   0.0000e+00   2.3797e+02
20191120_18:00:00   2.6664e-01   6.6927e+01   5.5388e+00   3.1320e-05   0.0000e+00   2.3874e+02
20191120_21:00:00   3.2659e-01   7.8758e+01   6.3458e+00   7.8560e-03   4.4578e-05   2.3864e+02
20191121_00:00:00   4.1817e-01   9.5306e+01   7.4441e+00   2.3936e-02   5.4150e-03   2.3963e+02
20191121_03:00:00   5.5856e-01   1.1830e+02   7.7067e+00   7.9970e-02   1.3524e-02   2.3934e+02
20191121_06:00:00   3.1694e-01   7.6403e+01   6.7695e+00   0.0000e+00   1.7206e-03   2.4041e+02
20191121_09:00:00   3.0137e-01   7.3139e+01   6.2581e+00   4.9220e-03   1.8435e-02   2.4276e+02
20191121_12:00:00   2.7154e-01   6.7064e+01   5.9375e+00   0.0000e+00   1.7359e-02   2.4271e+02
20191121_15:00:00   2.6077e-01   6.4711e+01   5.7277e+00   0.0000e+00   5.1639e-02   2.4429e+02
20191121_18:00:00   2.6519e-01   6.5448e+01   5.8934e+00   0.0000e+00   6.3009e-02   2.4913e+02
20191121_21:00:00   2.6561e-01   6.5408e+01   5.9213e+00   0.0000e+00   7.8567e-02   2.5239e+02
20191122_00:00:00   2.5008e-01   6.2105e+01   5.6460e+00   2.5600e-05   4.2959e-02   2.5445e+02
20191122_03:00:00   2.2332e-01   5.6799e+01   5.0144e+00   0.0000e+00   1.3907e-03   2.5469e+02
20191122_06:00:00   2.3521e-01   5.9384e+01   5.2139e+00   0.0000e+00   6.8395e-04   2.5668e+02
20191122_09:00:00   2.5554e-01   6.3424e+01   5.6715e+00   0.0000e+00   2.9066e-03   2.5970e+02
20191122_12:00:00   2.1360e-01   5.4452e+01   4.8632e+00   0.0000e+00   3.1307e-03   2.5784e+02
20191122_15:00:00   2.3019e-01   5.7944e+01   5.2338e+00   0.0000e+00   1.2189e-02   2.5605e+02
20191122_18:00:00   2.3822e-01   5.9665e+01   5.4353e+00   0.0000e+00   1.0474e-02   2.5659e+02
20191122_21:00:00   3.5334e-01   8.2281e+01   7.8374e+00   0.0000e+00   2.5258e-02   2.5727e+02
20191123_00:00:00   3.6651e-01   8.4589e+01   8.1498e+00   2.2160e-04   2.2594e-01   2.5404e+02
20191123_03:00:00   3.1604e-01   7.5383e+01   7.2188e+00   8.6760e-05   3.1286e-02   2.5052e+02
20191123_06:00:00   2.5409e-01   6.2956e+01   5.9866e+00   0.0000e+00   7.0991e-02   2.5157e+02
20191123_09:00:00   2.8013e-01   6.8371e+01   6.5860e+00   0.0000e+00   1.3616e-02   2.5023e+02
20191123_12:00:00   3.0533e-01   7.3366e+01   7.1430e+00   0.0000e+00   4.5199e-02   2.4948e+02
20191123_15:00:00   2.6582e-01   6.5595e+01   6.2927e+00   0.0000e+00   8.0022e-03   2.4754e+02
20191123_18:00:00   3.1312e-01   7.5353e+01   7.2318e+00   0.0000e+00   1.3696e-03   2.4668e+02
20191123_21:00:00   3.6061e-01   8.4389e+01   8.2541e+00   0.0000e+00   9.5540e-04   2.4672e+02
20191124_00:00:00   4.4277e-01   9.9029e+01   9.8848e+00   0.0000e+00   1.4944e-02   2.4716e+02
20191124_03:00:00   4.1326e-01   9.3780e+01   9.4091e+00   0.0000e+00   3.6820e-02   2.4461e+02
20191124_06:00:00   3.6586e-01   8.5260e+01   8.4268e+00   8.2880e-05   3.4390e-03   2.4500e+02
20191124_09:00:00   3.0414e-01   7.3398e+01   7.1732e+00   0.0000e+00   1.5468e-02   2.4635e+02
20191124_12:00:00   2.5128e-01   6.2962e+01   5.9657e+00   0.0000e+00   3.7694e-04   2.4645e+02
20191124_15:00:00   2.4210e-01   6.1217e+01   5.7318e+00   0.0000e+00   3.5822e-05   2.4384e+02
20191124_18:00:00   2.3233e-01   5.9310e+01   5.4717e+00   0.0000e+00   0.0000e+00   2.4215e+02
20191124_21:00:00   1.9484e-01   5.1397e+01   4.5847e+00   0.0000e+00   0.0000e+00   2.4576e+02
20191125_00:00:00   1.8872e-01   5.0090e+01   4.4420e+00   0.0000e+00   7.4080e-06   2.4463e+02
20191125_03:00:00   1.6401e-01   4.4608e+01   3.8506e+00   0.0000e+00   1.8200e-05   2.4288e+02
20191125_06:00:00   1.1495e-01   3.3168e+01   2.6948e+00   0.0000e+00   1.2380e-03   2.4483e+02
20191125_09:00:00   7.1210e-02   2.2490e+01   1.6110e+00   0.0000e+00   3.9319e-03   2.4569e+02
20191125_12:00:00   5.9825e-02   1.9648e+01   1.3108e+00   0.0000e+00   5.6192e-03   2.4749e+02
20191125_15:00:00   5.6080e-02   1.8670e+01   1.2188e+00   0.0000e+00   1.4025e-02   2.4705e+02
20191125_18:00:00   5.4962e-02   1.8415e+01   1.1867e+00   0.0000e+00   4.3485e-03   2.4773e+02
20191125_21:00:00   5.3585e-02   1.8130e+01   1.1363e+00   0.0000e+00   7.7919e-05   2.5002e+02
20191126_00:00:00   5.8298e-02   1.9282e+01   1.2736e+00   0.0000e+00   1.4590e-05   2.4743e+02
20191126_03:00:00   7.9141e-02   2.4423e+01   1.8217e+00   0.0000e+00   1.3157e-04   2.4555e+02
20191126_06:00:00   1.0613e-01   3.0756e+01   2.5365e+00   0.0000e+00   4.0392e-04   2.4493e+02
20191126_09:00:00   1.2903e-01   3.5918e+01   3.1451e+00   0.0000e+00   7.4514e-04   2.4507e+02
20191126_12:00:00   1.4387e-01   3.9231e+01   3.5378e+00   0.0000e+00   2.0546e-03   2.4488e+02
20191126_15:00:00   2.4901e-01   6.1744e+01   6.0434e+00   0.0000e+00   2.3232e-02   2.4240e+02
20191126_18:00:00   4.1668e-01   9.3834e+01   9.4835e+00   0.0000e+00   1.4101e-02   2.4239e+02
20191126_21:00:00   7.1549e-01   1.3960e+02   1.1447e+01   7.5258e-02   3.6770e-01   2.4246e+02
20191127_00:00:00   2.0656e+00   2.3787e+02   1.1838e+01   6.2891e-01   2.3279e-01   2.4145e+02
20191127_03:00:00   1.2930e+00   1.9723e+02   1.1267e+01   3.2029e-01   3.8862e-01   2.3890e+02
20191127_06:00:00   3.5355e-01   8.2076e+01   8.1477e+00   0.0000e+00   2.2197e-01   2.3968e+02
20191127_09:00:00   2.6189e-01   6.4200e+01   6.1758e+00   0.0000e+00   2.0599e-01   2.4094e+02
20191127_12:00:00   2.2876e-01   5.7431e+01   5.4470e+00   0.0000e+00   1.2324e-01   2.4013e+02
20191127_15:00:00   2.7533e-01   6.6802e+01   6.3069e+00   8.4990e-04   3.9046e-01   2.4432e+02
20191127_18:00:00   1.6035e-01   4.3125e+01   3.7292e+00   1.2024e-03   3.0410e-02   2.4161e+02
