#            date       tau225        Tb[K]      pwv[mm] lwp[kg*m^-2] iwp[kg*m^-2]       o3[DU]
20191024_06:00:00   1.2864e-01   3.6235e+01   3.0692e+00   0.0000e+00   3.2477e-03   2.4592e+02
20191024_07:00:00   1.3219e-01   3.7058e+01   3.1567e+00   0.0000e+00   1.8503e-03   2.4698e+02
20191024_08:00:00   1.3636e-01   3.7953e+01   3.2664e+00   0.0000e+00   2.9336e-03   2.4746e+02
20191024_09:00:00   1.3562e-01   3.7750e+01   3.2488e+00   0.0000e+00   6.7261e-03   2.4740e+02
20191024_10:00:00   1.3518e-01   3.7643e+01   3.2297e+00   0.0000e+00   1.4043e-02   2.4663e+02
20191024_11:00:00   1.3649e-01   3.7952e+01   3.2610e+00   0.0000e+00   7.9374e-03   2.4518e+02
20191024_12:00:00   1.4163e-01   3.9168e+01   3.3817e+00   0.0000e+00   2.3671e-03   2.4481e+02
20191024_13:00:00   1.4946e-01   4.0958e+01   3.5628e+00   0.0000e+00   9.7536e-03   2.4489e+02
20191024_14:00:00   1.5758e-01   4.2777e+01   3.7635e+00   0.0000e+00   1.5599e-02   2.4473e+02
20191024_15:00:00   1.5628e-01   4.2571e+01   3.7159e+00   0.0000e+00   2.1227e-03   2.4522e+02
20191024_16:00:00   1.5242e-01   4.1782e+01   3.6036e+00   0.0000e+00   1.2904e-04   2.4641e+02
20191024_17:00:00   1.4907e-01   4.1059e+01   3.5111e+00   0.0000e+00   2.8035e-05   2.4716e+02
20191024_18:00:00   1.4734e-01   4.0673e+01   3.4600e+00   0.0000e+00   2.7720e-05   2.4851e+02
20191024_19:00:00   1.4342e-01   3.9805e+01   3.3598e+00   0.0000e+00   0.0000e+00   2.4841e+02
20191024_20:00:00   1.3862e-01   3.8708e+01   3.2383e+00   0.0000e+00   0.0000e+00   2.4741e+02
20191024_21:00:00   1.3676e-01   3.8242e+01   3.2037e+00   0.0000e+00   0.0000e+00   2.4644e+02
20191024_22:00:00   1.3392e-01   3.7550e+01   3.1420e+00   0.0000e+00   0.0000e+00   2.4728e+02
20191024_23:00:00   1.3310e-01   3.7335e+01   3.1356e+00   0.0000e+00   3.2157e-04   2.4798e+02
20191025_00:00:00   1.3633e-01   3.8051e+01   3.2186e+00   0.0000e+00   5.5860e-04   2.4846e+02
20191025_01:00:00   1.4064e-01   3.9033e+01   3.3115e+00   2.2770e-04   2.9781e-04   2.4801e+02
20191025_02:00:00   1.4413e-01   3.9843e+01   3.4029e+00   0.0000e+00   2.2526e-04   2.4745e+02
20191025_03:00:00   1.4484e-01   4.0007e+01   3.3963e+00   3.8480e-04   2.2962e-04   2.4761e+02
20191025_04:00:00   1.4338e-01   3.9654e+01   3.3763e+00   7.8430e-05   1.3448e-04   2.4777e+02
20191025_05:00:00   1.4213e-01   3.9372e+01   3.3438e+00   1.6070e-04   1.8060e-04   2.4799e+02
20191025_06:00:00   1.4304e-01   3.9604e+01   3.3653e+00   0.0000e+00   4.3100e-05   2.4822e+02
20191025_07:00:00   1.4625e-01   4.0374e+01   3.4309e+00   0.0000e+00   0.0000e+00   2.4786e+02
20191025_08:00:00   1.4940e-01   4.1095e+01   3.5016e+00   0.0000e+00   0.0000e+00   2.4708e+02
20191025_09:00:00   1.5097e-01   4.1419e+01   3.5408e+00   0.0000e+00   0.0000e+00   2.4739e+02
20191025_10:00:00   1.5147e-01   4.1523e+01   3.5539e+00   0.0000e+00   0.0000e+00   2.4850e+02
20191025_11:00:00   1.5623e-01   4.2574e+01   3.6740e+00   0.0000e+00   3.0184e-05   2.5015e+02
20191025_12:00:00   1.5992e-01   4.3375e+01   3.7713e+00   0.0000e+00   1.5951e-04   2.5014e+02
20191025_13:00:00   1.5716e-01   4.2776e+01   3.6970e+00   0.0000e+00   7.1940e-05   2.4999e+02
20191025_14:00:00   1.5447e-01   4.2160e+01   3.6341e+00   0.0000e+00   5.6620e-05   2.5010e+02
20191025_15:00:00   1.5314e-01   4.1786e+01   3.6200e+00   0.0000e+00   2.9660e-05   2.5054e+02
20191025_16:00:00   1.5447e-01   4.2032e+01   3.6612e+00   0.0000e+00   8.4541e-05   2.5082e+02
20191025_17:00:00   1.5293e-01   4.1661e+01   3.6271e+00   0.0000e+00   1.9566e-05   2.5133e+02
20191025_18:00:00   1.4980e-01   4.0956e+01   3.5518e+00   0.0000e+00   0.0000e+00   2.5224e+02
20191025_19:00:00   1.4946e-01   4.0844e+01   3.5492e+00   0.0000e+00   0.0000e+00   2.5289e+02
20191025_20:00:00   1.4726e-01   4.0334e+01   3.4975e+00   0.0000e+00   1.2536e-04   2.5218e+02
20191025_21:00:00   1.4309e-01   3.9403e+01   3.3941e+00   0.0000e+00   0.0000e+00   2.5219e+02
20191025_22:00:00   1.3987e-01   3.8692e+01   3.3107e+00   0.0000e+00   0.0000e+00   2.5285e+02
20191025_23:00:00   1.3956e-01   3.8596e+01   3.3083e+00   0.0000e+00   6.7363e-05   2.5323e+02
20191026_00:00:00   1.4183e-01   3.9091e+01   3.3722e+00   0.0000e+00   5.7581e-04   2.5416e+02
20191026_01:00:00   1.4267e-01   3.9315e+01   3.3875e+00   0.0000e+00   5.0946e-04   2.5282e+02
20191026_02:00:00   1.4427e-01   3.9691e+01   3.4249e+00   0.0000e+00   7.2434e-04   2.5207e+02
20191026_03:00:00   1.4633e-01   4.0210e+01   3.4659e+00   0.0000e+00   1.3838e-03   2.5293e+02
20191026_04:00:00   1.5143e-01   4.1416e+01   3.5775e+00   0.0000e+00   7.6414e-04   2.5250e+02
20191026_05:00:00   1.5626e-01   4.2534e+01   3.6875e+00   0.0000e+00   1.4898e-03   2.5215e+02
20191026_06:00:00   1.5863e-01   4.3098e+01   3.7270e+00   0.0000e+00   2.6450e-03   2.5340e+02
20191026_07:00:00   1.6122e-01   4.3685e+01   3.7872e+00   0.0000e+00   6.1625e-03   2.5426e+02
20191026_08:00:00   1.6496e-01   4.4530e+01   3.8694e+00   0.0000e+00   6.4322e-03   2.5585e+02
20191026_09:00:00   1.6381e-01   4.4257e+01   3.8410e+00   0.0000e+00   5.8305e-03   2.5609e+02
20191026_10:00:00   1.6230e-01   4.3865e+01   3.8221e+00   0.0000e+00   8.9753e-03   2.5620e+02
20191026_11:00:00   1.5954e-01   4.3216e+01   3.7505e+00   0.0000e+00   2.2901e-02   2.5427e+02
20191026_12:00:00   1.5662e-01   4.2592e+01   3.6858e+00   0.0000e+00   7.2000e-03   2.5143e+02
20191026_13:00:00   1.5276e-01   4.1739e+01   3.5869e+00   0.0000e+00   1.8536e-02   2.4969e+02
20191026_14:00:00   1.5364e-01   4.1896e+01   3.6159e+00   0.0000e+00   2.0092e-02   2.5099e+02
20191026_15:00:00   1.5597e-01   4.2399e+01   3.6687e+00   0.0000e+00   4.0581e-02   2.5221e+02
20191026_16:00:00   1.6084e-01   4.3487e+01   3.7830e+00   0.0000e+00   5.1788e-02   2.5155e+02
20191026_17:00:00   1.6629e-01   4.4696e+01   3.9110e+00   0.0000e+00   5.5416e-02   2.5200e+02
20191026_18:00:00   1.7326e-01   4.6149e+01   4.0944e+00   0.0000e+00   7.2713e-02   2.5372e+02
20191026_19:00:00   1.7651e-01   4.6807e+01   4.2171e+00   0.0000e+00   2.5177e-02   2.5449e+02
20191026_20:00:00   1.7726e-01   4.6968e+01   4.2280e+00   0.0000e+00   4.1286e-02   2.5542e+02
20191026_21:00:00   1.8214e-01   4.8002e+01   4.3468e+00   0.0000e+00   5.8079e-02   2.5682e+02
20191026_22:00:00   1.8929e-01   4.9518e+01   4.5220e+00   0.0000e+00   6.0561e-02   2.5733e+02
20191026_23:00:00   1.9857e-01   5.1493e+01   4.7472e+00   0.0000e+00   4.4804e-02   2.5813e+02
20191027_00:00:00   2.1744e-01   5.5419e+01   5.1443e+00   0.0000e+00   1.5565e-01   2.5901e+02
20191027_01:00:00   2.3028e-01   5.8174e+01   5.4536e+00   0.0000e+00   1.0054e-01   2.5850e+02
20191027_02:00:00   2.2491e-01   5.7268e+01   5.3108e+00   0.0000e+00   4.7220e-02   2.5870e+02
20191027_03:00:00   2.2560e-01   5.7508e+01   5.2957e+00   0.0000e+00   3.1909e-02   2.5885e+02
20191027_04:00:00   2.2704e-01   5.7920e+01   5.2806e+00   0.0000e+00   2.4788e-02   2.5911e+02
20191027_05:00:00   2.1994e-01   5.6573e+01   5.0589e+00   0.0000e+00   3.2627e-02   2.5896e+02
20191027_06:00:00   2.0317e-01   5.3234e+01   4.6054e+00   0.0000e+00   1.4171e-03   2.5961e+02
20191027_07:00:00   1.8840e-01   5.0087e+01   4.2478e+00   0.0000e+00   0.0000e+00   2.6010e+02
20191027_08:00:00   1.7484e-01   4.7058e+01   3.9391e+00   0.0000e+00   0.0000e+00   2.6242e+02
20191027_09:00:00   1.6065e-01   4.3875e+01   3.6155e+00   0.0000e+00   0.0000e+00   2.6370e+02
20191027_10:00:00   1.5120e-01   4.1716e+01   3.4023e+00   0.0000e+00   0.0000e+00   2.6426e+02
20191027_11:00:00   1.4476e-01   4.0263e+01   3.2442e+00   0.0000e+00   0.0000e+00   2.6370e+02
20191027_12:00:00   1.4097e-01   3.9448e+01   3.1392e+00   0.0000e+00   0.0000e+00   2.6293e+02
20191027_13:00:00   1.3570e-01   3.8283e+01   2.9989e+00   0.0000e+00   0.0000e+00   2.6188e+02
20191027_14:00:00   1.2578e-01   3.6006e+01   2.7640e+00   0.0000e+00   0.0000e+00   2.5987e+02
20191027_15:00:00   1.1301e-01   3.3035e+01   2.4560e+00   0.0000e+00   0.0000e+00   2.5927e+02
20191027_16:00:00   1.0637e-01   3.1470e+01   2.2953e+00   0.0000e+00   0.0000e+00   2.5873e+02
20191027_17:00:00   1.0283e-01   3.0630e+01   2.2110e+00   0.0000e+00   8.1420e-05   2.5917e+02
20191027_18:00:00   1.0257e-01   3.0584e+01   2.2035e+00   0.0000e+00   7.4400e-05   2.6018e+02
20191027_19:00:00   1.0119e-01   3.0256e+01   2.1735e+00   0.0000e+00   2.4760e-04   2.6045e+02
20191027_20:00:00   1.0105e-01   3.0212e+01   2.1777e+00   0.0000e+00   3.1020e-04   2.5996e+02
20191027_21:00:00   9.8634e-02   2.9627e+01   2.1264e+00   0.0000e+00   3.4480e-04   2.5973e+02
20191027_22:00:00   9.4204e-02   2.8548e+01   2.0250e+00   0.0000e+00   3.3440e-04   2.5947e+02
20191027_23:00:00   9.0168e-02   2.7552e+01   1.9359e+00   0.0000e+00   4.5460e-04   2.5885e+02
20191028_00:00:00   8.7154e-02   2.6806e+01   1.8660e+00   0.0000e+00   2.9532e-04   2.5819e+02
20191028_01:00:00   8.5418e-02   2.6377e+01   1.8270e+00   0.0000e+00   1.4827e-04   2.5743e+02
20191028_02:00:00   8.4239e-02   2.6080e+01   1.8010e+00   0.0000e+00   1.4756e-04   2.5635e+02
20191028_03:00:00   8.3867e-02   2.5975e+01   1.7971e+00   0.0000e+00   1.8680e-04   2.5588e+02
20191028_04:00:00   8.3333e-02   2.5836e+01   1.7876e+00   0.0000e+00   1.7310e-04   2.5615e+02
20191028_05:00:00   8.3646e-02   2.5903e+01   1.7987e+00   0.0000e+00   2.7955e-04   2.5713e+02
20191028_06:00:00   8.4681e-02   2.6149e+01   1.8285e+00   0.0000e+00   3.1736e-04   2.5674e+02
20191028_07:00:00   8.4456e-02   2.6088e+01   1.8271e+00   0.0000e+00   3.0257e-04   2.5601e+02
20191028_08:00:00   8.2464e-02   2.5577e+01   1.7852e+00   0.0000e+00   2.2651e-04   2.5615e+02
20191028_09:00:00   8.1779e-02   2.5382e+01   1.7754e+00   0.0000e+00   1.7813e-04   2.5632e+02
20191028_10:00:00   8.1242e-02   2.5239e+01   1.7639e+00   0.0000e+00   1.4668e-04   2.5611e+02
20191028_11:00:00   7.9953e-02   2.4905e+01   1.7345e+00   0.0000e+00   1.4168e-04   2.5533e+02
20191028_12:00:00   7.9308e-02   2.4734e+01   1.7238e+00   0.0000e+00   1.9030e-04   2.5423e+02
20191028_13:00:00   7.8690e-02   2.4582e+01   1.7061e+00   0.0000e+00   1.3394e-04   2.5383e+02
20191028_14:00:00   7.7908e-02   2.4389e+01   1.6847e+00   0.0000e+00   8.9280e-05   2.5416e+02
20191028_15:00:00   7.6887e-02   2.4135e+01   1.6581e+00   0.0000e+00   2.0520e-05   2.5506e+02
20191028_16:00:00   7.5693e-02   2.3844e+01   1.6266e+00   0.0000e+00   1.0862e-05   2.5618e+02
20191028_17:00:00   7.4494e-02   2.3559e+01   1.5931e+00   0.0000e+00   0.0000e+00   2.5760e+02
20191028_18:00:00   7.4479e-02   2.3550e+01   1.5936e+00   0.0000e+00   0.0000e+00   2.5882e+02
20191028_19:00:00   7.4537e-02   2.3561e+01   1.5970e+00   0.0000e+00   0.0000e+00   2.5942e+02
20191028_20:00:00   7.4537e-02   2.3573e+01   1.5948e+00   0.0000e+00   0.0000e+00   2.5955e+02
20191028_21:00:00   7.5204e-02   2.3731e+01   1.6146e+00   0.0000e+00   0.0000e+00   2.5914e+02
20191028_22:00:00   7.6299e-02   2.3975e+01   1.6503e+00   0.0000e+00   0.0000e+00   2.5848e+02
20191028_23:00:00   8.1138e-02   2.5170e+01   1.7343e+00   6.4600e-04   0.0000e+00   2.5788e+02
20191029_00:00:00   1.3269e-01   3.7871e+01   1.8549e+00   1.9180e-02   0.0000e+00   2.5692e+02
20191029_01:00:00   2.6574e-01   6.7642e+01   1.9471e+00   7.0870e-02   0.0000e+00   2.5682e+02
20191029_02:00:00   2.5878e-01   6.6153e+01   1.9948e+00   6.7360e-02   0.0000e+00   2.5711e+02
20191029_03:00:00   2.5518e-01   6.5388e+01   2.0219e+00   6.5490e-02   0.0000e+00   2.5752e+02
20191029_04:00:00   2.3966e-01   6.2041e+01   2.0668e+00   5.8650e-02   0.0000e+00   2.5788e+02
20191029_05:00:00   1.5743e-01   4.3569e+01   2.1474e+00   2.4540e-02   0.0000e+00   2.5737e+02
20191029_06:00:00   1.0005e-01   2.9685e+01   2.2359e+00   2.2390e-04   0.0000e+00   2.5754e+02
20191029_09:00:00   9.8651e-02   2.9310e+01   2.2219e+00   0.0000e+00   0.0000e+00   2.5553e+02
20191029_12:00:00   9.7659e-02   2.9021e+01   2.2072e+00   0.0000e+00   0.0000e+00   2.5453e+02
20191029_15:00:00   1.0013e-01   2.9591e+01   2.2720e+00   0.0000e+00   0.0000e+00   2.5333e+02
20191029_18:00:00   1.0292e-01   3.0218e+01   2.3323e+00   0.0000e+00   0.0000e+00   2.5296e+02
20191029_21:00:00   1.0928e-01   3.1754e+01   2.4708e+00   0.0000e+00   0.0000e+00   2.5452e+02
20191030_00:00:00   1.1351e-01   3.2784e+01   2.5317e+00   4.2200e-04   0.0000e+00   2.5609e+02
20191030_03:00:00   1.2736e-01   3.6098e+01   2.7544e+00   1.9900e-03   0.0000e+00   2.5405e+02
20191030_06:00:00   1.5262e-01   4.1871e+01   3.0142e+00   8.2880e-03   0.0000e+00   2.5469e+02
20191030_09:00:00   1.5433e-01   4.2030e+01   3.5295e+00   0.0000e+00   0.0000e+00   2.5469e+02
20191030_12:00:00   1.5610e-01   4.2397e+01   3.5484e+00   0.0000e+00   0.0000e+00   2.5334e+02
20191030_15:00:00   1.4393e-01   3.9739e+01   3.1935e+00   0.0000e+00   0.0000e+00   2.5401e+02
20191030_18:00:00   1.3940e-01   3.8862e+01   3.0193e+00   0.0000e+00   2.9877e-03   2.5453e+02
20191030_21:00:00   1.3134e-01   3.7187e+01   2.7971e+00   0.0000e+00   1.5532e-03   2.6100e+02
20191031_00:00:00   1.5301e-01   4.2141e+01   3.2642e+00   4.9460e-04   3.1383e-03   2.6055e+02
20191031_03:00:00   1.5461e-01   4.2634e+01   3.2848e+00   0.0000e+00   1.3740e-03   2.6067e+02
20191031_06:00:00   1.3525e-01   3.8267e+01   2.8407e+00   0.0000e+00   0.0000e+00   2.5941e+02
20191031_09:00:00   1.1555e-01   3.3723e+01   2.3851e+00   0.0000e+00   0.0000e+00   2.5884e+02
20191031_12:00:00   1.0079e-01   3.0242e+01   2.0417e+00   0.0000e+00   0.0000e+00   2.5511e+02
20191031_15:00:00   9.0113e-02   2.7673e+01   1.7957e+00   0.0000e+00   0.0000e+00   2.5306e+02
20191031_18:00:00   8.3418e-02   2.6022e+01   1.6575e+00   0.0000e+00   0.0000e+00   2.5278e+02
20191031_21:00:00   8.8290e-02   2.7217e+01   1.7709e+00   0.0000e+00   0.0000e+00   2.5272e+02
20191101_00:00:00   1.2976e-01   3.7037e+01   2.7695e+00   0.0000e+00   9.1220e-06   2.5339e+02
20191101_03:00:00   1.6903e-01   4.6166e+01   3.3312e+00   5.0241e-03   5.0230e-08   2.5239e+02
20191101_06:00:00   1.5124e-01   4.2080e+01   3.2120e+00   6.4830e-05   0.0000e+00   2.5043e+02
20191101_09:00:00   1.4455e-01   4.0578e+01   3.0582e+00   0.0000e+00   0.0000e+00   2.5015e+02
20191101_12:00:00   1.4924e-01   4.1648e+01   3.1500e+00   0.0000e+00   0.0000e+00   2.4726e+02
20191101_15:00:00   1.3083e-01   3.7280e+01   2.7970e+00   0.0000e+00   0.0000e+00   2.4893e+02
20191101_18:00:00   1.2163e-01   3.5085e+01   2.6240e+00   0.0000e+00   0.0000e+00   2.4907e+02
20191101_21:00:00   1.2224e-01   3.5253e+01   2.6392e+00   0.0000e+00   0.0000e+00   2.5027e+02
20191102_00:00:00   1.3673e-01   3.8711e+01   2.8424e+00   2.2071e-03   0.0000e+00   2.4909e+02
20191102_03:00:00   4.9622e-01   1.0970e+02   4.5561e+00   1.1501e-01   1.7627e-04   2.4761e+02
20191102_06:00:00   4.7192e-01   1.0562e+02   5.1666e+00   9.1820e-02   5.0642e-05   2.4707e+02
20191102_09:00:00   1.9407e-01   5.1675e+01   4.2011e+00   0.0000e+00   0.0000e+00   2.4620e+02
20191102_12:00:00   1.5992e-01   4.3938e+01   3.5329e+00   0.0000e+00   0.0000e+00   2.4452e+02
20191102_15:00:00   1.4248e-01   3.9839e+01   3.1870e+00   0.0000e+00   0.0000e+00   2.4280e+02
20191102_18:00:00   1.3649e-01   3.8438e+01   3.0686e+00   0.0000e+00   0.0000e+00   2.4264e+02
20191102_21:00:00   1.3866e-01   3.8997e+01   3.1139e+00   0.0000e+00   0.0000e+00   2.4446e+02
20191103_00:00:00   1.4714e-01   4.1045e+01   3.2644e+00   1.5670e-04   0.0000e+00   2.4487e+02
20191103_03:00:00   1.6801e-01   4.5923e+01   3.6891e+00   0.0000e+00   0.0000e+00   2.4379e+02
20191103_06:00:00   1.5514e-01   4.2968e+01   3.4162e+00   0.0000e+00   0.0000e+00   2.4243e+02
20191103_09:00:00   1.3477e-01   3.8212e+01   2.9740e+00   0.0000e+00   0.0000e+00   2.4358e+02
20191103_12:00:00   1.2265e-01   3.5345e+01   2.7064e+00   0.0000e+00   0.0000e+00   2.4184e+02
20191103_15:00:00   1.1926e-01   3.4529e+01   2.6330e+00   0.0000e+00   1.6724e-05   2.4228e+02
20191103_18:00:00   1.1414e-01   3.3290e+01   2.5254e+00   0.0000e+00   1.3962e-03   2.4330e+02
20191103_21:00:00   1.0775e-01   3.1734e+01   2.3922e+00   0.0000e+00   1.7643e-03   2.4347e+02
20191104_00:00:00   1.0478e-01   3.0986e+01   2.3315e+00   0.0000e+00   4.5644e-03   2.4273e+02
20191104_03:00:00   1.0658e-01   3.1553e+01   2.3396e+00   0.0000e+00   0.0000e+00   2.4380e+02
20191104_06:00:00   1.0574e-01   3.1415e+01   2.2968e+00   0.0000e+00   0.0000e+00   2.4645e+02
20191104_09:00:00   1.0377e-01   3.0874e+01   2.2620e+00   0.0000e+00   0.0000e+00   2.4811e+02
20191104_12:00:00   9.7034e-02   2.9166e+01   2.1168e+00   0.0000e+00   0.0000e+00   2.4716e+02
20191104_15:00:00   9.4359e-02   2.8350e+01   2.1093e+00   0.0000e+00   0.0000e+00   2.4676e+02
20191104_18:00:00   9.0929e-02   2.7479e+01   2.0362e+00   0.0000e+00   0.0000e+00   2.4745e+02
20191104_21:00:00   9.1822e-02   2.7688e+01   2.0637e+00   0.0000e+00   0.0000e+00   2.4816e+02
20191105_00:00:00   9.2434e-02   2.7864e+01   2.0748e+00   0.0000e+00   0.0000e+00   2.4921e+02
20191105_03:00:00   9.3785e-02   2.8237e+01   2.0988e+00   0.0000e+00   0.0000e+00   2.4843e+02
20191105_06:00:00   9.7345e-02   2.9160e+01   2.1734e+00   0.0000e+00   0.0000e+00   2.4926e+02
20191105_09:00:00   1.0034e-01   2.9905e+01   2.2386e+00   0.0000e+00   0.0000e+00   2.4907e+02
20191105_12:00:00   1.1010e-01   3.2266e+01   2.4682e+00   0.0000e+00   0.0000e+00   2.4705e+02
20191105_15:00:00   1.2063e-01   3.4827e+01   2.6979e+00   0.0000e+00   0.0000e+00   2.4565e+02
20191105_18:00:00   1.2929e-01   3.6920e+01   2.8791e+00   0.0000e+00   0.0000e+00   2.4705e+02
20191105_21:00:00   1.2877e-01   3.6834e+01   2.8675e+00   0.0000e+00   0.0000e+00   2.4879e+02
20191106_00:00:00   1.3917e-01   3.9348e+01   3.0866e+00   0.0000e+00   0.0000e+00   2.4806e+02
20191106_03:00:00   1.3935e-01   3.9442e+01   3.0784e+00   0.0000e+00   0.0000e+00   2.4450e+02
20191106_06:00:00   1.3833e-01   3.9192e+01   3.0580e+00   0.0000e+00   0.0000e+00   2.4469e+02
20191106_09:00:00   1.3720e-01   3.8877e+01   3.0442e+00   0.0000e+00   0.0000e+00   2.4432e+02
20191106_12:00:00   1.3552e-01   3.8431e+01   3.0258e+00   0.0000e+00   0.0000e+00   2.4329e+02
20191106_15:00:00   1.2787e-01   3.6649e+01   2.8599e+00   0.0000e+00   0.0000e+00   2.4068e+02
20191106_18:00:00   1.2357e-01   3.5660e+01   2.7563e+00   0.0000e+00   0.0000e+00   2.4272e+02
20191106_21:00:00   1.2422e-01   3.5846e+01   2.7654e+00   0.0000e+00   0.0000e+00   2.4243e+02
20191107_00:00:00   1.2194e-01   3.5348e+01   2.7063e+00   0.0000e+00   0.0000e+00   2.4333e+02
20191107_03:00:00   1.2874e-01   3.7022e+01   2.8489e+00   2.3740e-05   0.0000e+00   2.4197e+02
20191107_06:00:00   1.3473e-01   3.8439e+01   2.9848e+00   0.0000e+00   0.0000e+00   2.4023e+02
20191107_09:00:00   1.3528e-01   3.8587e+01   2.9865e+00   0.0000e+00   0.0000e+00   2.4034e+02
20191107_12:00:00   1.3169e-01   3.7764e+01   2.8884e+00   0.0000e+00   0.0000e+00   2.3896e+02
20191107_15:00:00   1.3308e-01   3.8107e+01   2.9037e+00   0.0000e+00   0.0000e+00   2.4000e+02
20191107_18:00:00   1.3674e-01   3.8973e+01   2.9772e+00   0.0000e+00   0.0000e+00   2.4156e+02
20191107_21:00:00   1.4010e-01   3.9684e+01   3.0745e+00   0.0000e+00   0.0000e+00   2.4185e+02
20191108_00:00:00   1.7409e-01   4.7544e+01   3.1972e+00   1.1470e-02   0.0000e+00   2.4290e+02
20191108_03:00:00   3.5436e-01   8.5156e+01   4.1343e+00   6.4110e-02   0.0000e+00   2.4363e+02
20191108_06:00:00   1.4289e-01   4.0380e+01   3.0519e+00   0.0000e+00   2.4580e-06   2.4209e+02
20191108_09:00:00   1.2174e-01   3.5396e+01   2.5879e+00   0.0000e+00   0.0000e+00   2.4190e+02
20191108_12:00:00   1.2160e-01   3.5348e+01   2.5626e+00   0.0000e+00   0.0000e+00   2.3988e+02
20191108_15:00:00   1.1660e-01   3.4149e+01   2.4518e+00   0.0000e+00   0.0000e+00   2.3949e+02
20191108_18:00:00   1.0363e-01   3.1033e+01   2.1748e+00   0.0000e+00   0.0000e+00   2.3876e+02
20191108_21:00:00   1.0871e-01   3.2265e+01   2.2389e+00   9.9260e-04   5.0643e-04   2.4022e+02
20191109_00:00:00   1.5204e-01   4.2396e+01   3.1187e+00   1.6960e-03   6.7770e-03   2.4141e+02
20191109_03:00:00   1.5096e-01   4.1703e+01   3.3741e+00   1.6590e-05   3.8776e-03   2.3959e+02
20191109_06:00:00   2.8565e-01   7.0335e+01   6.2984e+00   0.0000e+00   0.0000e+00   2.4109e+02
