#            date       tau225        Tb[K]      pwv[mm] lwp[kg*m^-2] iwp[kg*m^-2]       o3[DU]
20191120_00:00:00   2.9661e-01   7.1485e+01   6.5380e+00   0.0000e+00   2.3221e-03   2.4855e+02
20191120_01:00:00   3.0401e-01   7.3068e+01   6.6442e+00   0.0000e+00   1.6796e-04   2.4760e+02
20191120_02:00:00   3.3338e-01   7.8592e+01   7.2856e+00   0.0000e+00   3.6783e-04   2.4370e+02
20191120_03:00:00   3.4150e-01   8.0258e+01   7.4093e+00   0.0000e+00   2.1433e-04   2.4437e+02
20191120_04:00:00   3.4941e-01   8.1753e+01   7.5467e+00   1.3660e-04   5.3140e-05   2.4501e+02
20191120_05:00:00   3.3346e-01   7.8947e+01   7.2148e+00   0.0000e+00   0.0000e+00   2.4376e+02
20191120_06:00:00   3.1672e-01   7.5924e+01   6.8121e+00   0.0000e+00   0.0000e+00   2.4240e+02
20191120_07:00:00   3.0903e-01   7.4537e+01   6.5971e+00   0.0000e+00   0.0000e+00   2.4310e+02
20191120_08:00:00   3.0224e-01   7.3287e+01   6.4508e+00   0.0000e+00   0.0000e+00   2.4330e+02
20191120_09:00:00   2.8971e-01   7.0849e+01   6.2012e+00   0.0000e+00   0.0000e+00   2.4346e+02
20191120_10:00:00   2.7296e-01   6.7574e+01   5.8644e+00   0.0000e+00   0.0000e+00   2.4285e+02
20191120_11:00:00   2.5312e-01   6.3635e+01   5.4415e+00   0.0000e+00   0.0000e+00   2.4248e+02
20191120_12:00:00   2.3778e-01   6.0512e+01   5.1363e+00   0.0000e+00   0.0000e+00   2.4208e+02
20191120_13:00:00   2.2921e-01   5.8739e+01   4.9868e+00   0.0000e+00   0.0000e+00   2.4230e+02
20191120_14:00:00   2.2536e-01   5.7932e+01   4.9225e+00   0.0000e+00   0.0000e+00   2.4131e+02
20191120_15:00:00   2.2274e-01   5.7395e+01   4.8674e+00   0.0000e+00   0.0000e+00   2.3992e+02
20191120_16:00:00   2.1883e-01   5.6551e+01   4.7871e+00   0.0000e+00   0.0000e+00   2.3796e+02
20191120_17:00:00   2.1240e-01   5.5236e+01   4.6442e+00   0.0000e+00   0.0000e+00   2.3809e+02
20191120_18:00:00   2.1389e-01   5.5544e+01   4.6964e+00   0.0000e+00   0.0000e+00   2.3783e+02
20191120_19:00:00   2.1497e-01   5.5790e+01   4.7230e+00   0.0000e+00   0.0000e+00   2.3789e+02
20191120_20:00:00   2.1471e-01   5.5774e+01   4.7022e+00   0.0000e+00   0.0000e+00   2.3882e+02
20191120_21:00:00   2.1333e-01   5.5510e+01   4.6664e+00   0.0000e+00   0.0000e+00   2.3835e+02
20191120_22:00:00   2.1334e-01   5.5510e+01   4.6626e+00   0.0000e+00   0.0000e+00   2.3794e+02
20191120_23:00:00   2.2233e-01   5.7437e+01   4.8586e+00   0.0000e+00   0.0000e+00   2.3689e+02
20191121_00:00:00   2.3173e-01   5.9459e+01   4.9192e+00   3.0360e-03   0.0000e+00   2.3528e+02
20191121_01:00:00   2.6529e-01   6.6549e+01   5.0930e+00   1.3570e-02   0.0000e+00   2.3455e+02
20191121_02:00:00   2.3936e-01   6.1141e+01   4.9192e+00   6.8560e-03   0.0000e+00   2.3494e+02
20191121_03:00:00   2.1212e-01   5.5316e+01   4.6833e+00   0.0000e+00   0.0000e+00   2.3577e+02
20191121_04:00:00   2.0297e-01   5.3348e+01   4.4847e+00   0.0000e+00   0.0000e+00   2.3583e+02
20191121_05:00:00   1.9496e-01   5.1611e+01   4.3028e+00   0.0000e+00   0.0000e+00   2.3505e+02
20191121_06:00:00   1.9152e-01   5.0838e+01   4.2323e+00   0.0000e+00   0.0000e+00   2.3510e+02
20191121_07:00:00   1.8739e-01   4.9891e+01   4.1577e+00   0.0000e+00   0.0000e+00   2.3705e+02
20191121_08:00:00   1.8593e-01   4.9547e+01   4.1430e+00   0.0000e+00   0.0000e+00   2.3818e+02
20191121_09:00:00   1.8784e-01   4.9903e+01   4.2008e+00   0.0000e+00   0.0000e+00   2.3757e+02
20191121_10:00:00   1.8206e-01   4.8674e+01   4.0625e+00   0.0000e+00   0.0000e+00   2.3662e+02
20191121_11:00:00   1.8394e-01   4.9069e+01   4.1004e+00   0.0000e+00   0.0000e+00   2.3764e+02
20191121_12:00:00   1.8311e-01   4.8882e+01   4.0911e+00   0.0000e+00   0.0000e+00   2.3727e+02
20191121_13:00:00   1.8471e-01   4.9248e+01   4.1209e+00   0.0000e+00   0.0000e+00   2.3926e+02
20191121_14:00:00   1.8727e-01   4.9807e+01   4.1784e+00   4.4960e-05   0.0000e+00   2.4059e+02
20191121_15:00:00   1.9663e-01   5.1866e+01   4.3563e+00   7.3870e-05   0.0000e+00   2.4062e+02
20191121_16:00:00   2.0582e-01   5.3812e+01   4.5654e+00   0.0000e+00   0.0000e+00   2.4114e+02
20191121_17:00:00   2.2188e-01   5.7229e+01   4.8796e+00   0.0000e+00   0.0000e+00   2.4181e+02
20191121_18:00:00   2.3527e-01   6.0084e+01   5.1446e+00   0.0000e+00   0.0000e+00   2.4197e+02
20191121_19:00:00   2.5799e-01   6.4781e+01   5.5958e+00   0.0000e+00   0.0000e+00   2.4129e+02
20191121_20:00:00   2.8140e-01   6.9546e+01   6.0531e+00   0.0000e+00   1.2536e-03   2.4116e+02
20191121_21:00:00   2.9187e-01   7.1642e+01   6.2726e+00   1.7120e-05   8.6527e-04   2.4189e+02
20191121_22:00:00   3.0236e-01   7.3647e+01   6.5243e+00   0.0000e+00   4.1012e-04   2.4151e+02
20191121_23:00:00   2.9390e-01   7.1948e+01   6.3968e+00   3.8730e-04   3.3689e-03   2.4056e+02
20191122_00:00:00   2.9513e-01   7.2113e+01   6.3807e+00   2.2780e-03   4.4744e-03   2.3990e+02
20191122_01:00:00   3.2512e-01   7.8042e+01   6.3279e+00   1.6343e-02   8.2305e-03   2.4012e+02
20191122_02:00:00   2.7259e-01   6.7470e+01   5.9966e+00   2.4993e-03   2.1992e-02   2.4131e+02
20191122_03:00:00   2.5691e-01   6.4204e+01   5.6986e+00   2.7000e-03   2.5682e-02   2.4231e+02
20191122_04:00:00   2.4628e-01   6.1877e+01   5.5638e+00   1.8800e-03   2.3342e-02   2.4296e+02
20191122_05:00:00   2.3110e-01   5.8577e+01   5.3470e+00   0.0000e+00   3.7862e-02   2.4322e+02
20191122_06:00:00   2.2240e-01   5.6668e+01   5.1659e+00   0.0000e+00   4.5959e-02   2.4448e+02
20191122_07:00:00   2.1780e-01   5.5648e+01   5.0646e+00   0.0000e+00   8.2679e-02   2.4487e+02
20191122_08:00:00   2.2149e-01   5.6533e+01   5.1426e+00   0.0000e+00   5.2123e-02   2.4527e+02
20191122_09:00:00   2.3802e-01   6.0106e+01   5.4751e+00   0.0000e+00   3.2393e-02   2.4573e+02
20191122_10:00:00   2.5097e-01   6.2833e+01   5.7454e+00   0.0000e+00   1.6811e-02   2.4579e+02
20191122_11:00:00   2.6032e-01   6.4769e+01   5.9374e+00   0.0000e+00   2.1309e-02   2.4513e+02
20191122_12:00:00   2.6475e-01   6.5636e+01   6.0394e+00   0.0000e+00   1.6610e-02   2.4469e+02
20191122_13:00:00   2.6425e-01   6.5542e+01   6.0200e+00   0.0000e+00   2.3718e-02   2.4425e+02
20191122_14:00:00   2.6719e-01   6.6123e+01   6.0749e+00   0.0000e+00   3.7346e-02   2.4454e+02
20191122_15:00:00   2.6089e-01   6.4827e+01   5.9598e+00   0.0000e+00   1.8592e-02   2.4406e+02
20191122_16:00:00   2.5399e-01   6.3437e+01   5.8170e+00   4.0590e-05   7.5242e-03   2.4314e+02
20191122_17:00:00   2.4744e-01   6.2083e+01   5.6813e+00   0.0000e+00   4.2308e-02   2.4202e+02
20191122_18:00:00   2.4439e-01   6.1398e+01   5.6513e+00   0.0000e+00   4.3684e-02   2.4228e+02
20191122_19:00:00   2.2294e-01   5.6790e+01   5.2184e+00   0.0000e+00   7.5159e-02   2.4283e+02
20191122_20:00:00   2.0235e-01   5.2266e+01   4.7989e+00   0.0000e+00   6.2516e-02   2.4303e+02
20191122_21:00:00   1.8816e-01   4.9106e+01   4.5130e+00   0.0000e+00   5.2717e-02   2.4248e+02
20191122_22:00:00   1.8926e-01   4.9292e+01   4.5265e+00   0.0000e+00   1.0944e-01   2.4215e+02
20191122_23:00:00   1.9594e-01   5.0692e+01   4.6753e+00   0.0000e+00   1.4806e-01   2.4181e+02
20191123_00:00:00   2.0286e-01   5.2141e+01   4.8018e+00   6.5390e-05   2.0714e-01   2.4107e+02
20191123_01:00:00   2.1512e-01   5.4845e+01   5.0966e+00   3.4860e-04   1.2975e-01   2.4090e+02
20191123_02:00:00   2.1148e-01   5.4012e+01   5.0436e+00   0.0000e+00   1.3669e-01   2.4004e+02
20191123_03:00:00   1.8911e-01   4.9047e+01   4.5599e+00   0.0000e+00   1.0862e-01   2.3941e+02
20191123_04:00:00   1.6960e-01   4.4677e+01   4.1210e+00   0.0000e+00   7.8347e-02   2.3967e+02
20191123_05:00:00   1.6378e-01   4.3331e+01   3.9809e+00   0.0000e+00   7.8301e-02   2.4091e+02
20191123_06:00:00   1.5779e-01   4.1959e+01   3.8197e+00   0.0000e+00   9.7047e-02   2.4230e+02
20191123_07:00:00   1.5489e-01   4.1323e+01   3.7675e+00   0.0000e+00   6.0330e-02   2.4351e+02
20191123_08:00:00   1.5850e-01   4.2112e+01   3.8389e+00   0.0000e+00   8.9814e-02   2.4411e+02
20191123_09:00:00   1.6449e-01   4.3477e+01   4.0160e+00   0.0000e+00   3.2724e-02   2.4474e+02
20191123_10:00:00   1.6366e-01   4.3253e+01   3.9926e+00   0.0000e+00   4.0557e-02   2.4400e+02
20191123_11:00:00   1.6002e-01   4.2459e+01   3.9059e+00   0.0000e+00   3.8458e-02   2.4457e+02
20191123_12:00:00   1.5774e-01   4.1981e+01   3.8602e+00   0.0000e+00   2.3283e-02   2.4584e+02
20191123_13:00:00   1.5129e-01   4.0577e+01   3.7109e+00   0.0000e+00   7.9008e-03   2.4575e+02
20191123_14:00:00   1.4446e-01   3.9105e+01   3.5406e+00   0.0000e+00   8.7044e-04   2.4676e+02
20191123_15:00:00   1.3775e-01   3.7571e+01   3.3733e+00   4.0270e-05   1.5495e-03   2.4738e+02
20191123_16:00:00   1.4560e-01   3.9544e+01   3.5169e+00   3.4950e-04   4.7647e-03   2.4802e+02
20191123_17:00:00   1.5709e-01   4.2262e+01   3.7600e+00   4.1120e-04   1.1832e-02   2.4915e+02
20191123_18:00:00   1.5295e-01   4.1277e+01   3.6572e+00   6.6681e-04   3.3499e-02   2.5108e+02
20191123_19:00:00   1.5793e-01   4.2420e+01   3.8009e+00   3.5970e-04   2.7345e-02   2.5123e+02
20191123_20:00:00   1.5421e-01   4.1615e+01   3.7207e+00   3.6340e-04   4.7316e-03   2.5070e+02
20191123_21:00:00   1.5769e-01   4.2298e+01   3.8449e+00   6.4650e-06   1.7548e-02   2.4839e+02
20191123_22:00:00   1.5736e-01   4.2246e+01   3.8313e+00   7.6000e-05   1.2314e-02   2.4802e+02
20191123_23:00:00   1.7048e-01   4.5157e+01   4.1306e+00   3.6910e-04   4.4253e-02   2.4803e+02
20191124_00:00:00   1.7617e-01   4.6388e+01   4.2976e+00   3.0160e-06   4.8591e-02   2.4685e+02
20191124_01:00:00   1.8192e-01   4.7551e+01   4.4098e+00   0.0000e+00   1.1028e-01   2.4553e+02
20191124_02:00:00   1.8795e-01   4.8720e+01   4.5375e+00   0.0000e+00   1.8774e-01   2.4478e+02
20191124_03:00:00   1.9958e-01   5.1196e+01   4.7826e+00   0.0000e+00   2.6505e-01   2.4394e+02
20191124_04:00:00   2.2034e-01   5.5631e+01   5.2355e+00   0.0000e+00   3.3421e-01   2.4395e+02
20191124_05:00:00   2.4030e-01   6.0010e+01   5.7745e+00   0.0000e+00   9.9374e-02   2.4390e+02
20191124_06:00:00   2.5170e-01   6.2305e+01   6.0537e+00   0.0000e+00   8.9168e-02   2.4391e+02
20191124_07:00:00   2.3750e-01   5.9337e+01   5.7607e+00   0.0000e+00   6.1832e-02   2.4551e+02
20191124_08:00:00   2.1593e-01   5.4617e+01   5.2341e+00   0.0000e+00   1.8016e-01   2.4663e+02
20191124_09:00:00   2.2397e-01   5.5953e+01   5.2175e+00   0.0000e+00   6.5948e-01   2.4693e+02
20191124_10:00:00   2.7631e-01   6.6762e+01   6.3924e+00   0.0000e+00   7.1011e-01   2.4789e+02
20191124_11:00:00   3.3359e-01   7.8171e+01   7.7620e+00   0.0000e+00   4.0264e-01   2.4830e+02
20191124_12:00:00   3.8061e-01   8.6882e+01   8.6479e+00   0.0000e+00   5.8267e-01   2.4696e+02
20191124_13:00:00   4.2244e-01   9.4564e+01   9.5580e+00   0.0000e+00   4.2665e-01   2.4440e+02
20191124_14:00:00   4.1263e-01   9.2986e+01   9.5041e+00   0.0000e+00   1.4393e-01   2.4435e+02
20191124_15:00:00   4.2222e-01   9.4502e+01   9.5525e+00   3.2820e-04   3.7789e-01   2.4456e+02
20191124_16:00:00   5.1154e-01   1.0979e+02   1.1160e+01   7.7418e-04   4.3246e-01   2.4343e+02
20191124_17:00:00   6.0186e-01   1.2384e+02   1.2012e+01   2.0140e-02   2.8999e-01   2.4319e+02
20191124_18:00:00   5.3784e-01   1.1415e+02   1.1659e+01   2.1788e-03   2.0706e-01   2.4474e+02
20191124_19:00:00   5.5493e-01   1.1678e+02   1.1738e+01   6.3552e-03   3.4964e-01   2.4537e+02
20191124_20:00:00   5.6210e-01   1.1787e+02   1.2037e+01   2.9803e-03   3.1610e-01   2.4452e+02
20191124_21:00:00   6.0213e-01   1.2403e+02   1.1957e+01   2.2210e-02   1.5384e-01   2.4476e+02
20191124_22:00:00   6.0383e-01   1.2412e+02   1.2353e+01   1.2151e-02   3.9118e-01   2.4423e+02
20191124_23:00:00   1.0920e+00   1.8109e+02   1.2910e+01   1.9685e-01   1.0833e+00   2.4313e+02
20191125_00:00:00   1.4905e+00   2.1152e+02   1.2918e+01   3.6425e-01   5.9128e-01   2.4351e+02
20191125_03:00:00   2.1802e+00   2.4260e+02   1.2915e+01   6.5042e-01   3.0748e-01   2.4035e+02
20191125_06:00:00   1.8006e+00   2.2826e+02   1.2628e+01   4.9898e-01   3.0712e-01   2.4079e+02
20191125_09:00:00   7.3649e-01   1.4327e+02   1.1371e+01   8.5510e-02   6.7275e-02   2.4356e+02
20191125_12:00:00   5.4236e-01   1.1542e+02   1.1643e+01   8.6280e-04   8.0630e-02   2.4237e+02
20191125_15:00:00   5.5924e-01   1.1785e+02   1.2148e+01   0.0000e+00   8.4071e-02   2.4186e+02
20191125_18:00:00   5.2738e-01   1.1313e+02   1.1628e+01   0.0000e+00   1.7362e-02   2.4145e+02
20191125_21:00:00   5.2915e-01   1.1345e+02   1.1714e+01   0.0000e+00   1.5130e-02   2.3973e+02
20191126_00:00:00   5.3814e-01   1.1480e+02   1.1917e+01   0.0000e+00   7.2139e-03   2.4028e+02
20191126_03:00:00   5.6132e-01   1.1829e+02   1.2424e+01   0.0000e+00   8.4048e-02   2.4012e+02
20191126_06:00:00   5.5498e-01   1.1737e+02   1.2295e+01   0.0000e+00   7.9972e-02   2.3881e+02
20191126_09:00:00   5.4130e-01   1.1520e+02   1.1954e+01   0.0000e+00   1.7037e-01   2.3861e+02
20191126_12:00:00   5.1175e-01   1.1081e+02   1.1410e+01   0.0000e+00   8.3670e-03   2.3918e+02
20191126_15:00:00   4.9866e-01   1.0895e+02   1.1095e+01   0.0000e+00   4.4388e-04   2.3909e+02
20191126_18:00:00   4.8220e-01   1.0653e+02   1.0657e+01   0.0000e+00   8.2510e-06   2.3698e+02
20191126_21:00:00   4.5832e-01   1.0268e+02   1.0130e+01   0.0000e+00   2.5441e-05   2.4086e+02
20191127_00:00:00   4.6430e-01   1.0365e+02   1.0179e+01   1.5260e-04   1.0061e-04   2.3981e+02
20191127_03:00:00   4.7154e-01   1.0491e+02   1.0302e+01   0.0000e+00   4.5458e-04   2.3640e+02
20191127_06:00:00   4.9158e-01   1.0814e+02   1.0704e+01   0.0000e+00   7.4875e-03   2.3722e+02
20191127_09:00:00   4.8925e-01   1.0769e+02   1.0647e+01   0.0000e+00   4.0511e-02   2.3878e+02
20191127_12:00:00   4.6478e-01   1.0371e+02   1.0201e+01   0.0000e+00   1.9475e-03   2.4114e+02
20191127_15:00:00   4.4292e-01   1.0012e+02   9.7401e+00   0.0000e+00   1.6007e-03   2.4109e+02
20191127_18:00:00   4.3434e-01   9.8778e+01   9.4780e+00   0.0000e+00   1.1532e-04   2.4305e+02
20191127_21:00:00   4.1180e-01   9.4940e+01   9.0625e+00   0.0000e+00   7.2780e-05   2.4630e+02
20191128_00:00:00   3.5831e-01   8.5063e+01   8.0778e+00   0.0000e+00   2.4832e-05   2.4582e+02
20191128_03:00:00   2.8871e-01   7.1017e+01   6.7489e+00   0.0000e+00   6.5260e-06   2.4483e+02
20191128_06:00:00   2.0420e-01   5.3143e+01   4.9012e+00   0.0000e+00   1.9007e-06   2.4535e+02
20191128_09:00:00   1.6761e-01   4.4986e+01   4.0475e+00   0.0000e+00   2.3718e-05   2.4594e+02
20191128_12:00:00   1.3182e-01   3.6813e+01   3.1890e+00   0.0000e+00   2.2220e-05   2.4668e+02
20191128_15:00:00   1.0254e-01   3.0013e+01   2.4535e+00   0.0000e+00   1.2658e-05   2.4566e+02
20191128_18:00:00   9.8037e-02   2.8985e+01   2.3355e+00   0.0000e+00   6.9520e-06   2.4751e+02
20191128_21:00:00   9.8831e-02   2.9301e+01   2.3328e+00   0.0000e+00   4.8000e-06   2.4978e+02
20191129_00:00:00   9.5447e-02   2.8519e+01   2.2427e+00   0.0000e+00   0.0000e+00   2.4883e+02
20191129_03:00:00   7.5255e-02   2.3808e+01   1.6672e+00   0.0000e+00   0.0000e+00   2.4929e+02
20191129_06:00:00   5.9411e-02   1.9996e+01   1.2007e+00   0.0000e+00   0.0000e+00   2.5161e+02
20191129_09:00:00   5.4507e-02   1.8759e+01   1.0660e+00   0.0000e+00   0.0000e+00   2.5120e+02
20191129_12:00:00   6.0903e-02   2.0441e+01   1.2059e+00   0.0000e+00   7.4080e-06   2.5073e+02
20191129_15:00:00   6.3172e-02   2.1012e+01   1.2604e+00   0.0000e+00   3.3480e-05   2.4889e+02
20191129_18:00:00   6.0709e-02   2.0389e+01   1.1923e+00   0.0000e+00   1.1402e-04   2.4769e+02
20191129_21:00:00   5.8172e-02   1.9729e+01   1.1365e+00   0.0000e+00   1.7284e-05   2.5003e+02
20191130_00:00:00   5.8220e-02   1.9727e+01   1.1420e+00   0.0000e+00   0.0000e+00   2.4886e+02
20191130_03:00:00   5.9742e-02   2.0092e+01   1.1812e+00   0.0000e+00   5.7820e-06   2.4857e+02
20191130_06:00:00   5.9318e-02   1.9974e+01   1.1688e+00   0.0000e+00   1.1160e-05   2.4802e+02
20191130_09:00:00   7.2062e-02   2.3237e+01   1.4625e+00   0.0000e+00   7.5060e-07   2.4930e+02
20191130_12:00:00   9.1480e-02   2.8045e+01   1.9153e+00   0.0000e+00   4.2200e-05   2.4997e+02
20191130_15:00:00   9.8231e-02   2.9633e+01   2.0985e+00   0.0000e+00   1.1582e-04   2.4790e+02
20191130_18:00:00   8.7525e-02   2.6913e+01   1.8820e+00   0.0000e+00   1.2548e-04   2.4710e+02
20191130_21:00:00   1.0322e-01   3.0739e+01   2.2505e+00   0.0000e+00   6.4940e-05   2.4984e+02
20191201_00:00:00   1.1774e-01   3.4212e+01   2.5886e+00   0.0000e+00   3.7878e-06   2.4884e+02
20191201_03:00:00   1.1563e-01   3.3501e+01   2.5919e+00   0.0000e+00   1.9292e-04   2.4844e+02
20191201_06:00:00   1.0080e-01   2.9859e+01   2.2631e+00   0.0000e+00   2.7652e-04   2.4797e+02
20191201_09:00:00   9.6867e-02   2.8679e+01   2.2327e+00   0.0000e+00   8.0220e-04   2.4983e+02
20191201_12:00:00   1.0728e-01   3.1019e+01   2.5134e+00   0.0000e+00   9.3451e-04   2.4761e+02
20191201_15:00:00   1.7097e-01   4.5312e+01   4.1090e+00   0.0000e+00   1.8244e-03   2.4876e+02
20191201_18:00:00   2.3343e-01   5.8586e+01   5.5618e+00   0.0000e+00   1.0601e-03   2.5216e+02
20191201_21:00:00   2.4414e-01   6.0784e+01   5.8224e+00   0.0000e+00   1.6814e-03   2.5387e+02
20191202_00:00:00   2.5729e-01   6.3481e+01   6.1330e+00   0.0000e+00   1.6503e-02   2.5627e+02
20191202_03:00:00   2.5986e-01   6.3964e+01   6.1992e+00   0.0000e+00   2.0441e-02   2.5568e+02
20191202_06:00:00   2.6070e-01   6.4037e+01   6.2083e+00   0.0000e+00   3.7790e-02   2.5669e+02
20191202_09:00:00   2.5028e-01   6.1971e+01   5.9685e+00   0.0000e+00   1.4504e-02   2.5920e+02
20191202_12:00:00   2.3500e-01   5.8941e+01   5.6089e+00   0.0000e+00   5.0836e-03   2.5955e+02
20191202_15:00:00   2.1171e-01   5.4095e+01   5.0640e+00   0.0000e+00   5.0259e-03   2.5980e+02
20191202_18:00:00   2.0745e-01   5.3162e+01   4.9717e+00   0.0000e+00   8.2166e-03   2.5884e+02
20191202_21:00:00   1.7939e-01   4.7069e+01   4.3360e+00   0.0000e+00   5.4223e-03   2.5939e+02
20191203_00:00:00   1.5578e-01   4.1712e+01   3.7881e+00   6.8460e-05   1.3400e-03   2.5848e+02
20191203_03:00:00   1.6392e-01   4.3379e+01   4.0054e+00   0.0000e+00   1.3222e-02   2.5706e+02
20191203_06:00:00   1.7748e-01   4.6240e+01   4.3316e+00   0.0000e+00   4.6306e-02   2.5640e+02
20191203_09:00:00   1.7921e-01   4.6744e+01   4.3740e+00   0.0000e+00   1.7230e-02   2.5707e+02
20191203_12:00:00   1.8595e-01   4.8261e+01   4.5376e+00   0.0000e+00   2.8895e-02   2.5795e+02
20191203_15:00:00   2.1912e-01   5.5358e+01   5.2928e+00   0.0000e+00   9.4436e-02   2.5676e+02
20191203_18:00:00   2.5706e-01   6.3189e+01   6.1648e+00   0.0000e+00   8.2112e-02   2.5482e+02
20191203_21:00:00   3.0694e-01   7.3326e+01   7.2484e+00   0.0000e+00   1.1440e-02   2.5694e+02
20191204_00:00:00   3.9343e-01   8.9400e+01   9.0125e+00   0.0000e+00   5.3963e-02   2.5590e+02
20191204_03:00:00   4.1906e-01   9.3780e+01   9.4330e+00   1.9860e-04   3.3322e-01   2.5428e+02
20191204_06:00:00   3.4271e-01   7.9835e+01   8.0010e+00   0.0000e+00   1.8007e-01   2.5343e+02
20191204_09:00:00   4.9264e-01   1.0646e+02   1.0691e+01   4.0362e-03   1.4849e-01   2.5603e+02
20191204_12:00:00   9.1467e-01   1.6321e+02   1.1957e+01   1.5332e-01   8.7788e-02   2.5677e+02
20191204_15:00:00   2.2549e+00   2.4441e+02   1.2256e+01   6.9919e-01   2.1327e-01   2.5395e+02
20191204_18:00:00   1.3676e+00   2.0372e+02   1.1830e+01   3.3764e-01   5.3526e-02   2.5065e+02
20191204_21:00:00   7.5056e-01   1.4430e+02   1.2612e+01   6.5020e-02   6.4279e-01   2.4904e+02
20191205_00:00:00   1.3602e+00   2.0297e+02   1.2875e+01   3.1031e-01   8.0782e-01   2.4921e+02
20191205_03:00:00   1.1191e+00   1.8426e+02   1.3281e+01   2.0366e-01   6.1480e-01   2.4756e+02
20191205_06:00:00   1.9514e+00   2.3467e+02   1.3571e+01   5.3974e-01   1.0695e+00   2.4566e+02
20191205_09:00:00   7.3247e-01   1.4196e+02   1.2847e+01   5.7833e-02   5.4236e-01   2.4723e+02
20191205_12:00:00   1.0930e+00   1.8114e+02   1.2244e+01   2.1633e-01   7.1428e-01   2.4743e+02
20191205_15:00:00   1.0512e+00   1.7711e+02   1.2286e+01   1.9492e-01   9.4395e-01   2.4590e+02
20191205_18:00:00   1.4677e+00   2.0953e+02   1.1987e+01   3.7516e-01   7.0137e-01   2.4322e+02
20191205_21:00:00   9.8147e-01   1.7017e+02   1.2040e+01   1.7575e-01   3.8783e-01   2.4295e+02
20191206_00:00:00   5.8190e-01   1.2031e+02   1.1444e+01   1.9557e-02   5.3959e-01   2.4436e+02
