#            date       tau225        Tb[K]      pwv[mm] lwp[kg*m^-2] iwp[kg*m^-2]       o3[DU]
20191106_06:00:00   2.9386e-01   7.0486e+01   6.8544e+00   2.5983e-03   3.9516e-02   2.4377e+02
20191106_07:00:00   2.8787e-01   6.9304e+01   6.7885e+00   0.0000e+00   1.4629e-01   2.4444e+02
20191106_08:00:00   3.1078e-01   7.3928e+01   7.3094e+00   0.0000e+00   9.4869e-02   2.4602e+02
20191106_09:00:00   3.3696e-01   7.9048e+01   7.8824e+00   0.0000e+00   5.6793e-02   2.4706e+02
20191106_10:00:00   3.5813e-01   8.3078e+01   8.3096e+00   0.0000e+00   1.0981e-01   2.4655e+02
20191106_11:00:00   3.6786e-01   8.4973e+01   8.5379e+00   0.0000e+00   4.3891e-02   2.4571e+02
20191106_12:00:00   3.6571e-01   8.4626e+01   8.4929e+00   0.0000e+00   3.5574e-02   2.4631e+02
20191106_13:00:00   3.6775e-01   8.5029e+01   8.4903e+00   0.0000e+00   1.2427e-01   2.4762e+02
20191106_14:00:00   3.7304e-01   8.6128e+01   8.6184e+00   0.0000e+00   8.3915e-02   2.4771e+02
20191106_15:00:00   3.4463e-01   8.0882e+01   8.0513e+00   0.0000e+00   8.6608e-03   2.4794e+02
20191106_16:00:00   3.3212e-01   7.8601e+01   7.7979e+00   0.0000e+00   4.3898e-03   2.4799e+02
20191106_17:00:00   3.2563e-01   7.7405e+01   7.6628e+00   0.0000e+00   1.2363e-02   2.4836e+02
20191106_18:00:00   3.1862e-01   7.6013e+01   7.4985e+00   0.0000e+00   1.5295e-02   2.4733e+02
20191106_19:00:00   3.0724e-01   7.3936e+01   7.2461e+00   0.0000e+00   1.0158e-02   2.4838e+02
20191106_20:00:00   3.0706e-01   7.3896e+01   7.2525e+00   0.0000e+00   3.0607e-02   2.5079e+02
20191106_21:00:00   3.2255e-01   7.6767e+01   7.5965e+00   0.0000e+00   3.5694e-02   2.5191e+02
20191106_22:00:00   3.2529e-01   7.7282e+01   7.6650e+00   0.0000e+00   2.0350e-02   2.4953e+02
20191106_23:00:00   3.3521e-01   7.9041e+01   7.8238e+00   0.0000e+00   2.0537e-01   2.4970e+02
20191107_00:00:00   3.4381e-01   8.0531e+01   7.9204e+00   0.0000e+00   4.1914e-01   2.5085e+02
20191107_01:00:00   3.2767e-01   7.7557e+01   7.5805e+00   0.0000e+00   3.6794e-01   2.5020e+02
20191107_02:00:00   2.7112e-01   6.6800e+01   6.3677e+00   0.0000e+00   1.2331e-01   2.5113e+02
20191107_03:00:00   2.3580e-01   5.9766e+01   5.5424e+00   0.0000e+00   5.9969e-02   2.5240e+02
20191107_04:00:00   2.0709e-01   5.3830e+01   4.8528e+00   0.0000e+00   4.2162e-02   2.5357e+02
20191107_05:00:00   1.8471e-01   4.9056e+01   4.2668e+00   0.0000e+00   7.0320e-02   2.5501e+02
20191107_06:00:00   1.5710e-01   4.3122e+01   3.5713e+00   0.0000e+00   1.6178e-02   2.5804e+02
20191107_07:00:00   1.3448e-01   3.8276e+01   2.9180e+00   0.0000e+00   1.0342e-02   2.5998e+02
20191107_08:00:00   1.2591e-01   3.6476e+01   2.6391e+00   0.0000e+00   6.6600e-04   2.6141e+02
20191107_09:00:00   1.2411e-01   3.6082e+01   2.5751e+00   0.0000e+00   0.0000e+00   2.6335e+02
20191107_10:00:00   1.2532e-01   3.6332e+01   2.6082e+00   0.0000e+00   0.0000e+00   2.6503e+02
20191107_11:00:00   1.2098e-01   3.5272e+01   2.5282e+00   0.0000e+00   0.0000e+00   2.6446e+02
20191107_12:00:00   1.0892e-01   3.2342e+01   2.2963e+00   0.0000e+00   0.0000e+00   2.6122e+02
20191107_13:00:00   1.0072e-01   3.0321e+01   2.1248e+00   0.0000e+00   0.0000e+00   2.5937e+02
20191107_14:00:00   9.2509e-02   2.8315e+01   1.9508e+00   0.0000e+00   0.0000e+00   2.5880e+02
20191107_15:00:00   9.0864e-02   2.7898e+01   1.9183e+00   0.0000e+00   0.0000e+00   2.5782e+02
20191107_16:00:00   9.1036e-02   2.7926e+01   1.9322e+00   0.0000e+00   0.0000e+00   2.5623e+02
20191107_17:00:00   9.4210e-02   2.8668e+01   2.0213e+00   0.0000e+00   0.0000e+00   2.5589e+02
20191107_18:00:00   9.7429e-02   2.9449e+01   2.0950e+00   0.0000e+00   0.0000e+00   2.5577e+02
20191107_19:00:00   9.5087e-02   2.8901e+01   2.0516e+00   0.0000e+00   0.0000e+00   2.5727e+02
20191107_20:00:00   9.3545e-02   2.8494e+01   2.0277e+00   0.0000e+00   0.0000e+00   2.5766e+02
20191107_21:00:00   8.8913e-02   2.7310e+01   1.9343e+00   0.0000e+00   0.0000e+00   2.5772e+02
20191107_22:00:00   8.4708e-02   2.6227e+01   1.8552e+00   0.0000e+00   3.2420e-06   2.5760e+02
20191107_23:00:00   8.3378e-02   2.5846e+01   1.8468e+00   0.0000e+00   8.6360e-06   2.5674e+02
20191108_00:00:00   8.3684e-02   2.5855e+01   1.8780e+00   0.0000e+00   1.0328e-04   2.5561e+02
20191108_01:00:00   8.3706e-02   2.5827e+01   1.8882e+00   0.0000e+00   3.0734e-04   2.5312e+02
20191108_02:00:00   8.2644e-02   2.5568e+01   1.8671e+00   0.0000e+00   3.0073e-04   2.5183e+02
20191108_03:00:00   8.1355e-02   2.5257e+01   1.8384e+00   0.0000e+00   0.0000e+00   2.5119e+02
20191108_04:00:00   8.2085e-02   2.5420e+01   1.8614e+00   0.0000e+00   0.0000e+00   2.5089e+02
20191108_05:00:00   8.3256e-02   2.5688e+01   1.8953e+00   0.0000e+00   0.0000e+00   2.5139e+02
20191108_06:00:00   8.5247e-02   2.6138e+01   1.9559e+00   0.0000e+00   0.0000e+00   2.5257e+02
20191108_07:00:00   8.7384e-02   2.6615e+01   2.0195e+00   0.0000e+00   3.6760e-05   2.5284e+02
20191108_08:00:00   8.7891e-02   2.6722e+01   2.0366e+00   0.0000e+00   3.9960e-05   2.5409e+02
20191108_09:00:00   8.6453e-02   2.6354e+01   1.9997e+00   0.0000e+00   6.0318e-04   2.5411e+02
20191108_10:00:00   8.6015e-02   2.6246e+01   1.9866e+00   0.0000e+00   2.0724e-03   2.5317e+02
20191108_11:00:00   8.6419e-02   2.6341e+01   1.9959e+00   0.0000e+00   3.3824e-03   2.5336e+02
20191108_12:00:00   8.8263e-02   2.6788e+01   2.0404e+00   0.0000e+00   2.7038e-03   2.5377e+02
20191108_13:00:00   9.3505e-02   2.8022e+01   2.1815e+00   0.0000e+00   3.4115e-03   2.5319e+02
20191108_14:00:00   1.0185e-01   2.9963e+01   2.4072e+00   0.0000e+00   4.1405e-03   2.5224e+02
20191108_15:00:00   1.0758e-01   3.1368e+01   2.5397e+00   0.0000e+00   4.7127e-04   2.5181e+02
20191108_16:00:00   1.1105e-01   3.2229e+01   2.6138e+00   0.0000e+00   6.8979e-04   2.5181e+02
20191108_17:00:00   1.1515e-01   3.3196e+01   2.7164e+00   0.0000e+00   3.9417e-04   2.5156e+02
20191108_18:00:00   1.1845e-01   3.3950e+01   2.8079e+00   0.0000e+00   4.6336e-04   2.5269e+02
20191108_19:00:00   1.2106e-01   3.4549e+01   2.8765e+00   0.0000e+00   1.9737e-05   2.5354e+02
20191108_20:00:00   1.2530e-01   3.5507e+01   2.9957e+00   0.0000e+00   0.0000e+00   2.5398e+02
20191108_21:00:00   1.2487e-01   3.5430e+01   2.9799e+00   0.0000e+00   0.0000e+00   2.5234e+02
20191108_22:00:00   1.2400e-01   3.5251e+01   2.9545e+00   0.0000e+00   2.7840e-04   2.5120e+02
20191108_23:00:00   1.2428e-01   3.5330e+01   2.9593e+00   0.0000e+00   4.5966e-04   2.5060e+02
20191109_00:00:00   1.2471e-01   3.5411e+01   2.9732e+00   0.0000e+00   1.3303e-03   2.5135e+02
20191109_01:00:00   1.2170e-01   3.4702e+01   2.8976e+00   0.0000e+00   4.5206e-03   2.5065e+02
20191109_02:00:00   1.1863e-01   3.3996e+01   2.8071e+00   7.0530e-05   8.9119e-03   2.4974e+02
20191109_03:00:00   1.1350e-01   3.2748e+01   2.6921e+00   0.0000e+00   7.4766e-03   2.4891e+02
20191109_04:00:00   1.0751e-01   3.1292e+01   2.5475e+00   0.0000e+00   3.5217e-03   2.4836e+02
20191109_05:00:00   1.0766e-01   3.1307e+01   2.5490e+00   0.0000e+00   6.9717e-03   2.4873e+02
20191109_06:00:00   1.0840e-01   3.1534e+01   2.5447e+00   0.0000e+00   4.8389e-03   2.4886e+02
20191109_07:00:00   1.1545e-01   3.3311e+01   2.6741e+00   0.0000e+00   2.7346e-03   2.4988e+02
20191109_08:00:00   1.2341e-01   3.5266e+01   2.8269e+00   0.0000e+00   2.2671e-03   2.5124e+02
20191109_09:00:00   1.3109e-01   3.7143e+01   2.9632e+00   0.0000e+00   6.8293e-04   2.5141e+02
20191109_10:00:00   1.3821e-01   3.8857e+01   3.0865e+00   0.0000e+00   2.8505e-05   2.5188e+02
20191109_11:00:00   1.3903e-01   3.9092e+01   3.0796e+00   0.0000e+00   0.0000e+00   2.5250e+02
20191109_12:00:00   1.3668e-01   3.8551e+01   3.0171e+00   0.0000e+00   0.0000e+00   2.5194e+02
20191109_13:00:00   1.3555e-01   3.8255e+01   2.9960e+00   0.0000e+00   0.0000e+00   2.5126e+02
20191109_14:00:00   1.3735e-01   3.8632e+01   3.0453e+00   0.0000e+00   0.0000e+00   2.5135e+02
20191109_15:00:00   1.4111e-01   3.9467e+01   3.1266e+00   0.0000e+00   2.6960e-06   2.5083e+02
20191109_16:00:00   1.4164e-01   3.9545e+01   3.1379e+00   0.0000e+00   6.3200e-04   2.5074e+02
20191109_17:00:00   1.4761e-01   4.0861e+01   3.2834e+00   0.0000e+00   1.2933e-03   2.5043e+02
20191109_18:00:00   1.4663e-01   4.0649e+01   3.2545e+00   0.0000e+00   1.4118e-05   2.5085e+02
20191109_19:00:00   1.4903e-01   4.1196e+01   3.3004e+00   0.0000e+00   0.0000e+00   2.5084e+02
20191109_20:00:00   1.5695e-01   4.3002e+01   3.4601e+00   0.0000e+00   0.0000e+00   2.5180e+02
20191109_21:00:00   1.6065e-01   4.3858e+01   3.5278e+00   0.0000e+00   0.0000e+00   2.5306e+02
20191109_22:00:00   1.6559e-01   4.4976e+01   3.6324e+00   0.0000e+00   0.0000e+00   2.5350e+02
20191109_23:00:00   1.6955e-01   4.5846e+01   3.7179e+00   0.0000e+00   0.0000e+00   2.5438e+02
20191110_00:00:00   1.8014e-01   4.8155e+01   3.9476e+00   0.0000e+00   0.0000e+00   2.5551e+02
20191110_01:00:00   1.8981e-01   5.0263e+01   4.1536e+00   0.0000e+00   0.0000e+00   2.5832e+02
20191110_02:00:00   2.0235e-01   5.2851e+01   4.4629e+00   0.0000e+00   6.8300e-23   2.5901e+02
20191110_03:00:00   2.0651e-01   5.3805e+01   4.5086e+00   0.0000e+00   0.0000e+00   2.5873e+02
20191110_04:00:00   2.1356e-01   5.5145e+01   4.7195e+00   0.0000e+00   2.9316e-03   2.5867e+02
20191110_05:00:00   2.6033e-01   6.4478e+01   5.8597e+00   0.0000e+00   1.8867e-03   2.5853e+02
20191110_06:00:00   2.5005e-01   6.2475e+01   5.6013e+00   0.0000e+00   8.2238e-05   2.5854e+02
20191110_07:00:00   2.2788e-01   5.7967e+01   5.1028e+00   0.0000e+00   3.9756e-04   2.5788e+02
20191110_08:00:00   2.3531e-01   5.9546e+01   5.2718e+00   0.0000e+00   7.5230e-05   2.5732e+02
20191110_09:00:00   2.2483e-01   5.7549e+01   4.9611e+00   0.0000e+00   3.7744e-05   2.5633e+02
20191110_10:00:00   2.4184e-01   6.1081e+01   5.3448e+00   0.0000e+00   3.9895e-06   2.5492e+02
20191110_11:00:00   2.4144e-01   6.1132e+01   5.2918e+00   0.0000e+00   0.0000e+00   2.5348e+02
20191110_12:00:00   2.1705e-01   5.5977e+01   4.7719e+00   0.0000e+00   0.0000e+00   2.5279e+02
20191110_13:00:00   1.7729e-01   4.7355e+01   3.9529e+00   0.0000e+00   0.0000e+00   2.5153e+02
20191110_14:00:00   1.8433e-01   4.8911e+01   4.1245e+00   0.0000e+00   0.0000e+00   2.5126e+02
20191110_15:00:00   1.6681e-01   4.4987e+01   3.7525e+00   0.0000e+00   0.0000e+00   2.5167e+02
20191110_16:00:00   1.5019e-01   4.1154e+01   3.4094e+00   0.0000e+00   1.3482e-05   2.5235e+02
20191110_17:00:00   1.7146e-01   4.5886e+01   3.9113e+00   0.0000e+00   0.0000e+00   2.5236e+02
20191110_18:00:00   1.9187e-01   5.0330e+01   4.3865e+00   0.0000e+00   4.0159e-04   2.5066e+02
20191110_19:00:00   2.0956e-01   5.4048e+01   4.8139e+00   0.0000e+00   3.4975e-03   2.5001e+02
20191110_20:00:00   2.1562e-01   5.5201e+01   4.9718e+00   0.0000e+00   3.8583e-02   2.4916e+02
20191110_21:00:00   2.0766e-01   5.3592e+01   4.7820e+00   0.0000e+00   1.3757e-02   2.4853e+02
20191110_22:00:00   2.0764e-01   5.3634e+01   4.7496e+00   0.0000e+00   1.3656e-02   2.4786e+02
20191110_23:00:00   2.1994e-01   5.6034e+01   5.0922e+00   0.0000e+00   5.5116e-02   2.4792e+02
20191111_00:00:00   2.4795e-01   6.1814e+01   5.7585e+00   0.0000e+00   2.0362e-02   2.4699e+02
20191111_01:00:00   2.8893e-01   6.9990e+01   6.6694e+00   0.0000e+00   1.7105e-02   2.4607e+02
20191111_02:00:00   2.7893e-01   6.8137e+01   6.4328e+00   0.0000e+00   5.5910e-03   2.4534e+02
20191111_03:00:00   2.9110e-01   7.0285e+01   6.6674e+00   0.0000e+00   1.6670e-01   2.4443e+02
20191111_04:00:00   3.1046e-01   7.4342e+01   7.0797e+00   0.0000e+00   1.9292e-02   2.4372e+02
20191111_05:00:00   3.1142e-01   7.4798e+01   7.0329e+00   0.0000e+00   1.6962e-03   2.4282e+02
20191111_06:00:00   2.9683e-01   7.2305e+01   6.5976e+00   0.0000e+00   1.0501e-06   2.4299e+02
20191111_09:00:00   2.3499e-01   6.0212e+01   5.1462e+00   0.0000e+00   0.0000e+00   2.4608e+02
20191111_12:00:00   2.0207e-01   5.3180e+01   4.4526e+00   0.0000e+00   9.2600e-06   2.4327e+02
20191111_15:00:00   1.9778e-01   5.2145e+01   4.4211e+00   0.0000e+00   0.0000e+00   2.4238e+02
20191111_18:00:00   1.9699e-01   5.2150e+01   4.3885e+00   0.0000e+00   0.0000e+00   2.4342e+02
20191111_21:00:00   1.7400e-01   4.7083e+01   3.9423e+00   0.0000e+00   0.0000e+00   2.4154e+02
20191112_00:00:00   1.7731e-01   4.7705e+01   4.0809e+00   0.0000e+00   0.0000e+00   2.4360e+02
20191112_03:00:00   2.1612e-01   5.5818e+01   5.1174e+00   0.0000e+00   0.0000e+00   2.4056e+02
20191112_06:00:00   2.1422e-01   5.5486e+01   5.0504e+00   0.0000e+00   0.0000e+00   2.4098e+02
20191112_09:00:00   2.0965e-01   5.4775e+01   4.8185e+00   0.0000e+00   0.0000e+00   2.4343e+02
20191112_12:00:00   1.9602e-01   5.1843e+01   4.4862e+00   0.0000e+00   0.0000e+00   2.4039e+02
20191112_15:00:00   2.1819e-01   5.6602e+01   4.9892e+00   0.0000e+00   0.0000e+00   2.3999e+02
20191112_18:00:00   1.9587e-01   5.1933e+01   4.4557e+00   0.0000e+00   0.0000e+00   2.3856e+02
20191112_21:00:00   1.7876e-01   4.8186e+01   4.0778e+00   0.0000e+00   0.0000e+00   2.3903e+02
20191113_00:00:00   1.7691e-01   4.7727e+01   4.0592e+00   0.0000e+00   0.0000e+00   2.3940e+02
20191113_03:00:00   1.6812e-01   4.5780e+01   3.8622e+00   7.6410e-05   0.0000e+00   2.3798e+02
20191113_06:00:00   1.4742e-01   4.1159e+01   3.3447e+00   0.0000e+00   0.0000e+00   2.3748e+02
20191113_09:00:00   1.4257e-01   3.9998e+01   3.2260e+00   0.0000e+00   0.0000e+00   2.3760e+02
20191113_12:00:00   1.5340e-01   4.2387e+01   3.4958e+00   0.0000e+00   0.0000e+00   2.3545e+02
20191113_15:00:00   1.6160e-01   4.4260e+01   3.6948e+00   0.0000e+00   2.5886e-06   2.3363e+02
20191113_18:00:00   1.5872e-01   4.3739e+01   3.5842e+00   0.0000e+00   5.3700e-06   2.3463e+02
20191113_21:00:00   1.6035e-01   4.4122e+01   3.6239e+00   0.0000e+00   0.0000e+00   2.3667e+02
20191114_00:00:00   1.9202e-01   5.1445e+01   3.5756e+00   1.3370e-02   0.0000e+00   2.3613e+02
20191114_03:00:00   7.1202e-01   1.4239e+02   4.5383e+00   2.0339e-01   1.9905e-05   2.3469e+02
20191114_06:00:00   1.4972e+00   2.1486e+02   5.2514e+00   5.0530e-01   0.0000e+00   2.3513e+02
20191114_09:00:00   7.8361e-01   1.5128e+02   5.2444e+00   2.1922e-01   5.2570e-05   2.3764e+02
20191114_12:00:00   2.2422e-01   5.8149e+01   4.4690e+00   1.1420e-02   0.0000e+00   2.3715e+02
20191114_15:00:00   1.8615e-01   4.9557e+01   4.3024e+00   0.0000e+00   0.0000e+00   2.3536e+02
20191114_18:00:00   1.8055e-01   4.8341e+01   4.1737e+00   0.0000e+00   0.0000e+00   2.3613e+02
20191114_21:00:00   1.7241e-01   4.6607e+01   3.9628e+00   0.0000e+00   0.0000e+00   2.3744e+02
20191115_00:00:00   2.4273e-01   6.2244e+01   4.1373e+00   2.4330e-02   0.0000e+00   2.3797e+02
20191115_03:00:00   8.7809e-01   1.6228e+02   5.1547e+00   2.5996e-01   3.9910e-05   2.3869e+02
20191115_06:00:00   2.0902e-01   5.4883e+01   4.2596e+00   7.8510e-03   0.0000e+00   2.4047e+02
20191115_09:00:00   1.9906e-01   5.2605e+01   4.1632e+00   5.6690e-03   0.0000e+00   2.4374e+02
20191115_12:00:00   1.7884e-01   4.8055e+01   3.9956e+00   0.0000e+00   0.0000e+00   2.4367e+02
20191115_15:00:00   1.7484e-01   4.7204e+01   3.8772e+00   0.0000e+00   0.0000e+00   2.4231e+02
20191115_18:00:00   1.7918e-01   4.8222e+01   3.9356e+00   0.0000e+00   0.0000e+00   2.4347e+02
20191115_21:00:00   1.7819e-01   4.8014e+01   3.9091e+00   0.0000e+00   0.0000e+00   2.4487e+02
20191116_00:00:00   2.0827e-01   5.4465e+01   4.5652e+00   7.6390e-04   0.0000e+00   2.4631e+02
20191116_03:00:00   2.2221e-01   5.7486e+01   4.8527e+00   0.0000e+00   1.7152e-05   2.4508e+02
20191116_06:00:00   2.0398e-01   5.3504e+01   4.4557e+00   0.0000e+00   3.5452e-03   2.4333e+02
20191116_09:00:00   1.9695e-01   5.1882e+01   4.3216e+00   0.0000e+00   3.8531e-03   2.4336e+02
20191116_12:00:00   2.0334e-01   5.3108e+01   4.5015e+00   0.0000e+00   1.4788e-04   2.4295e+02
20191116_15:00:00   2.1055e-01   5.4565e+01   4.7110e+00   0.0000e+00   0.0000e+00   2.3935e+02
20191116_18:00:00   2.7790e-01   6.8289e+01   6.1953e+00   0.0000e+00   4.7697e-04   2.3915e+02
20191116_21:00:00   2.7566e-01   6.7902e+01   6.0795e+00   0.0000e+00   1.6178e-05   2.3966e+02
20191117_00:00:00   3.5540e-01   8.2767e+01   7.8166e+00   0.0000e+00   1.0361e-02   2.4077e+02
20191117_03:00:00   4.9722e-01   1.0725e+02   8.9898e+00   3.4560e-02   3.3390e-02   2.4338e+02
20191117_06:00:00   4.2347e-01   9.4520e+01   9.1150e+00   0.0000e+00   1.2483e-01   2.5061e+02
20191117_09:00:00   2.5367e-01   6.3167e+01   5.5408e+00   0.0000e+00   2.8374e-04   2.5599e+02
20191117_12:00:00   1.5256e-01   4.2221e+01   3.0626e+00   0.0000e+00   0.0000e+00   2.6024e+02
20191117_15:00:00   1.9222e-01   5.0661e+01   4.1462e+00   0.0000e+00   0.0000e+00   2.5223e+02
20191117_18:00:00   1.1307e-01   3.3140e+01   2.2692e+00   1.7280e-05   0.0000e+00   2.4794e+02
20191117_21:00:00   1.0528e-01   3.1355e+01   2.1165e+00   0.0000e+00   0.0000e+00   2.4646e+02
20191118_00:00:00   1.0280e-01   3.0797e+01   2.0630e+00   0.0000e+00   0.0000e+00   2.4503e+02
20191118_03:00:00   7.8478e-02   2.4819e+01   1.5579e+00   0.0000e+00   0.0000e+00   2.4461e+02
20191118_06:00:00   5.4376e-02   1.8633e+01   1.0381e+00   0.0000e+00   0.0000e+00   2.4404e+02
20191118_09:00:00   5.5699e-02   1.8953e+01   1.0804e+00   0.0000e+00   0.0000e+00   2.4421e+02
20191118_12:00:00   5.3056e-02   1.8221e+01   1.0360e+00   0.0000e+00   0.0000e+00   2.4312e+02
20191118_15:00:00   5.2445e-02   1.8045e+01   1.0355e+00   0.0000e+00   0.0000e+00   2.4258e+02
20191118_18:00:00   5.5912e-02   1.8882e+01   1.1463e+00   0.0000e+00   0.0000e+00   2.4198e+02
20191118_21:00:00   6.6802e-02   2.1429e+01   1.4689e+00   0.0000e+00   2.4689e-02   2.4196e+02
20191119_00:00:00   8.4832e-02   2.5586e+01   1.9681e+00   0.0000e+00   9.4835e-02   2.4087e+02
20191119_03:00:00   8.3107e-02   2.5304e+01   1.9451e+00   0.0000e+00   1.9673e-02   2.4162e+02
20191119_06:00:00   1.0042e-01   2.9341e+01   2.4012e+00   0.0000e+00   6.1126e-02   2.4306e+02
20191119_09:00:00   9.6492e-02   2.8538e+01   2.2948e+00   0.0000e+00   5.0552e-03   2.4361e+02
20191119_12:00:00   9.3876e-02   2.7940e+01   2.2210e+00   0.0000e+00   7.2977e-03   2.4243e+02
20191119_15:00:00   9.1819e-02   2.7560e+01   2.1423e+00   0.0000e+00   5.3470e-03   2.3865e+02
20191119_18:00:00   9.1071e-02   2.7447e+01   2.1025e+00   0.0000e+00   4.8451e-03   2.3842e+02
20191119_21:00:00   9.0785e-02   2.7405e+01   2.0858e+00   0.0000e+00   1.0790e-02   2.4067e+02
20191120_00:00:00   8.7969e-02   2.6758e+01   2.0078e+00   0.0000e+00   5.6572e-03   2.3940e+02
20191120_03:00:00   9.0738e-02   2.7444e+01   2.0759e+00   0.0000e+00   6.7283e-03   2.3642e+02
20191120_06:00:00   9.3030e-02   2.7967e+01   2.1392e+00   0.0000e+00   5.1162e-03   2.3794e+02
20191120_09:00:00   9.7538e-02   2.9133e+01   2.2270e+00   0.0000e+00   6.8411e-03   2.3748e+02
20191120_12:00:00   9.5245e-02   2.8592e+01   2.1626e+00   0.0000e+00   2.3265e-03   2.3737e+02
20191120_15:00:00   9.1510e-02   2.7734e+01   2.0642e+00   0.0000e+00   4.2288e-04   2.3603e+02
20191120_18:00:00   9.0781e-02   2.7599e+01   2.0387e+00   0.0000e+00   2.5419e-03   2.3849e+02
20191120_21:00:00   8.9151e-02   2.7268e+01   1.9849e+00   0.0000e+00   2.0384e-04   2.3949e+02
20191121_00:00:00   9.3061e-02   2.8297e+01   2.0596e+00   0.0000e+00   2.6115e-04   2.3762e+02
20191121_03:00:00   9.5683e-02   2.8939e+01   2.1250e+00   0.0000e+00   3.4802e-04   2.3777e+02
20191121_06:00:00   8.3996e-02   2.6003e+01   1.8513e+00   0.0000e+00   9.5192e-05   2.3782e+02
20191121_09:00:00   7.5119e-02   2.3798e+01   1.6185e+00   0.0000e+00   6.6452e-05   2.3908e+02
20191121_12:00:00   7.0665e-02   2.2688e+01   1.5032e+00   0.0000e+00   8.5772e-05   2.3859e+02
20191121_15:00:00   7.0527e-02   2.2647e+01   1.4972e+00   0.0000e+00   1.1730e-04   2.3694e+02
20191121_18:00:00   6.6411e-02   2.1572e+01   1.4153e+00   0.0000e+00   1.8092e-03   2.3868e+02
20191121_21:00:00   6.4942e-02   2.1199e+01   1.3818e+00   0.0000e+00   8.4826e-04   2.3985e+02
20191122_00:00:00   6.4894e-02   2.1183e+01   1.3807e+00   0.0000e+00   9.8970e-04   2.3857e+02
20191122_03:00:00   6.8954e-02   2.2109e+01   1.5067e+00   0.0000e+00   5.7459e-03   2.3817e+02
20191122_06:00:00   6.8510e-02   2.2112e+01   1.4618e+00   0.0000e+00   1.1608e-03   2.3990e+02
