#            date       tau225        Tb[K]      pwv[mm] lwp[kg*m^-2] iwp[kg*m^-2]       o3[DU]
20191116_00:00:00   1.3084e-01   3.7023e+01   3.0180e+00   0.0000e+00   3.1718e-04   2.3943e+02
20191116_01:00:00   1.4273e-01   3.9682e+01   3.3224e+00   0.0000e+00   1.3164e-03   2.3674e+02
20191116_02:00:00   1.6196e-01   4.4020e+01   3.7660e+00   0.0000e+00   4.2536e-03   2.3527e+02
20191116_03:00:00   1.7449e-01   4.6834e+01   4.0486e+00   0.0000e+00   8.3663e-03   2.3478e+02
20191116_04:00:00   1.7818e-01   4.7682e+01   4.1153e+00   0.0000e+00   7.4260e-04   2.3598e+02
20191116_05:00:00   1.6970e-01   4.5873e+01   3.8866e+00   0.0000e+00   3.0336e-04   2.3674e+02
20191116_06:00:00   1.5939e-01   4.3563e+01   3.6382e+00   0.0000e+00   2.2504e-04   2.3724e+02
20191116_07:00:00   1.6147e-01   4.3916e+01   3.7158e+00   0.0000e+00   2.7137e-04   2.3948e+02
20191116_08:00:00   1.7240e-01   4.6229e+01   4.0114e+00   0.0000e+00   1.3171e-05   2.4040e+02
20191116_09:00:00   1.8379e-01   4.8618e+01   4.3083e+00   0.0000e+00   0.0000e+00   2.4260e+02
20191116_10:00:00   1.9503e-01   5.0961e+01   4.5892e+00   0.0000e+00   0.0000e+00   2.4418e+02
20191116_11:00:00   2.0323e-01   5.2671e+01   4.7825e+00   0.0000e+00   4.2104e-04   2.4466e+02
20191116_12:00:00   2.0933e-01   5.3937e+01   4.9227e+00   0.0000e+00   8.2596e-04   2.4445e+02
20191116_13:00:00   2.1435e-01   5.5002e+01   5.0410e+00   0.0000e+00   2.1431e-03   2.4252e+02
20191116_14:00:00   2.2282e-01   5.6755e+01   5.2508e+00   0.0000e+00   7.0336e-03   2.4002e+02
20191116_15:00:00   2.3829e-01   5.9958e+01   5.6047e+00   0.0000e+00   4.8612e-03   2.3984e+02
20191116_16:00:00   2.4875e-01   6.2147e+01   5.8230e+00   0.0000e+00   7.5382e-04   2.3955e+02
20191116_17:00:00   2.5628e-01   6.3664e+01   5.9918e+00   0.0000e+00   6.2210e-04   2.4024e+02
20191116_18:00:00   2.6230e-01   6.4881e+01   6.1065e+00   0.0000e+00   5.2929e-04   2.4075e+02
20191116_19:00:00   2.7209e-01   6.6762e+01   6.3571e+00   0.0000e+00   3.4019e-03   2.4101e+02
20191116_20:00:00   2.8366e-01   6.9032e+01   6.6268e+00   0.0000e+00   2.3055e-03   2.4188e+02
20191116_21:00:00   2.9558e-01   7.1404e+01   6.8741e+00   0.0000e+00   4.4703e-03   2.4232e+02
20191116_22:00:00   3.0588e-01   7.3494e+01   7.0637e+00   0.0000e+00   2.2083e-03   2.4296e+02
20191116_23:00:00   3.2417e-01   7.6938e+01   7.4523e+00   8.2650e-05   2.5859e-03   2.4287e+02
20191117_00:00:00   3.5786e-01   8.3190e+01   8.1437e+00   0.0000e+00   1.7443e-02   2.4380e+02
20191117_01:00:00   3.6853e-01   8.5155e+01   8.3444e+00   0.0000e+00   1.7586e-02   2.4457e+02
20191117_02:00:00   3.6254e-01   8.4071e+01   8.2124e+00   0.0000e+00   5.6230e-03   2.4528e+02
20191117_03:00:00   3.7071e-01   8.5439e+01   8.3720e+00   0.0000e+00   8.4657e-02   2.4712e+02
20191117_04:00:00   3.8974e-01   8.8808e+01   8.6365e+00   0.0000e+00   2.8569e-01   2.4751e+02
20191117_05:00:00   3.8881e-01   8.8843e+01   8.6734e+00   0.0000e+00   9.3735e-02   2.4805e+02
20191117_06:00:00   3.6121e-01   8.4023e+01   8.0833e+00   0.0000e+00   1.9293e-02   2.4883e+02
20191117_07:00:00   3.4119e-01   8.0466e+01   7.5838e+00   0.0000e+00   1.0983e-02   2.4995e+02
20191117_08:00:00   3.0098e-01   7.3153e+01   6.5471e+00   0.0000e+00   5.8520e-06   2.5170e+02
20191117_09:00:00   2.8316e-01   6.9741e+01   6.1025e+00   0.0000e+00   0.0000e+00   2.5251e+02
20191117_10:00:00   2.7235e-01   6.7512e+01   5.9064e+00   0.0000e+00   0.0000e+00   2.5264e+02
20191117_11:00:00   2.7034e-01   6.7042e+01   5.8777e+00   0.0000e+00   0.0000e+00   2.5347e+02
20191117_12:00:00   2.6127e-01   6.5238e+01   5.6566e+00   0.0000e+00   0.0000e+00   2.5385e+02
20191117_13:00:00   2.5741e-01   6.4389e+01   5.5945e+00   0.0000e+00   0.0000e+00   2.5400e+02
20191117_14:00:00   2.4764e-01   6.2447e+01   5.3602e+00   0.0000e+00   0.0000e+00   2.5446e+02
20191117_15:00:00   2.3257e-01   5.9410e+01   4.9910e+00   0.0000e+00   7.2280e-06   2.5416e+02
20191117_16:00:00   2.3489e-01   5.9775e+01   5.1091e+00   0.0000e+00   3.2303e-05   2.5376e+02
20191117_17:00:00   2.3444e-01   5.9731e+01   5.0623e+00   0.0000e+00   6.9440e-04   2.5489e+02
20191117_18:00:00   2.4954e-01   6.2847e+01   5.3131e+00   0.0000e+00   4.7178e-04   2.5364e+02
20191117_19:00:00   2.4387e-01   6.1647e+01   5.2122e+00   0.0000e+00   9.1969e-04   2.5366e+02
20191117_20:00:00   2.4331e-01   6.1510e+01   5.1876e+00   0.0000e+00   2.5016e-04   2.5395e+02
20191117_21:00:00   2.4047e-01   6.0936e+01   5.1282e+00   0.0000e+00   2.9735e-04   2.5483e+02
20191117_22:00:00   2.3342e-01   5.9444e+01   5.0015e+00   0.0000e+00   1.6356e-03   2.5627e+02
20191117_23:00:00   2.1031e-01   5.4557e+01   4.5579e+00   0.0000e+00   4.3363e-03   2.5825e+02
20191118_00:00:00   1.9434e-01   5.1112e+01   4.2164e+00   0.0000e+00   1.8802e-03   2.5889e+02
20191118_01:00:00   1.7489e-01   4.6929e+01   3.7627e+00   0.0000e+00   5.6203e-03   2.5776e+02
20191118_02:00:00   1.7045e-01   4.5911e+01   3.6798e+00   0.0000e+00   5.2421e-03   2.5773e+02
20191118_03:00:00   1.7771e-01   4.7525e+01   3.8382e+00   0.0000e+00   2.5635e-03   2.5923e+02
20191118_04:00:00   1.7592e-01   4.7196e+01   3.7805e+00   0.0000e+00   7.8953e-04   2.6105e+02
20191118_05:00:00   1.7350e-01   4.6794e+01   3.6571e+00   0.0000e+00   2.1072e-04   2.6205e+02
20191118_06:00:00   1.8025e-01   4.8289e+01   3.7552e+00   0.0000e+00   4.4250e-05   2.6359e+02
20191118_07:00:00   1.8562e-01   4.9406e+01   3.8687e+00   0.0000e+00   4.1200e-04   2.6627e+02
20191118_08:00:00   1.9065e-01   5.0485e+01   3.9654e+00   0.0000e+00   4.1471e-04   2.6903e+02
20191118_09:00:00   1.8983e-01   5.0302e+01   3.9342e+00   0.0000e+00   8.6445e-06   2.7235e+02
20191118_10:00:00   1.8252e-01   4.8634e+01   3.8139e+00   0.0000e+00   0.0000e+00   2.7362e+02
20191118_11:00:00   1.8351e-01   4.8685e+01   3.9048e+00   0.0000e+00   3.8367e-04   2.7257e+02
20191118_12:00:00   1.9293e-01   5.0588e+01   4.1500e+00   0.0000e+00   3.4562e-04   2.7022e+02
20191118_13:00:00   2.0104e-01   5.2279e+01   4.3106e+00   0.0000e+00   2.4066e-04   2.6677e+02
20191118_14:00:00   2.1197e-01   5.4547e+01   4.5316e+00   0.0000e+00   4.4819e-03   2.6591e+02
20191118_15:00:00   2.1419e-01   5.4995e+01   4.5753e+00   0.0000e+00   2.9200e-03   2.6711e+02
20191118_16:00:00   1.9815e-01   5.1681e+01   4.1924e+00   0.0000e+00   1.0608e-04   2.6856e+02
20191118_17:00:00   1.7344e-01   4.6340e+01   3.6897e+00   0.0000e+00   1.9870e-04   2.7120e+02
20191118_18:00:00   1.7037e-01   4.5627e+01   3.6477e+00   0.0000e+00   1.7540e-04   2.7245e+02
20191118_19:00:00   1.7114e-01   4.5775e+01   3.6774e+00   0.0000e+00   1.0292e-04   2.7346e+02
20191118_20:00:00   1.7636e-01   4.6880e+01   3.7984e+00   0.0000e+00   2.4263e-05   2.7169e+02
20191118_21:00:00   1.8157e-01   4.7980e+01   3.9166e+00   0.0000e+00   8.8623e-05   2.7116e+02
20191118_22:00:00   1.9694e-01   5.1182e+01   4.2851e+00   0.0000e+00   1.2296e-04   2.7034e+02
20191118_23:00:00   2.2100e-01   5.6169e+01   4.8204e+00   0.0000e+00   6.0509e-04   2.6772e+02
20191119_00:00:00   2.4216e-01   6.0401e+01   5.3033e+00   0.0000e+00   5.4017e-03   2.6526e+02
20191119_01:00:00   2.6108e-01   6.4129e+01   5.7144e+00   0.0000e+00   4.1216e-02   2.6568e+02
20191119_02:00:00   2.7268e-01   6.6429e+01   5.9710e+00   0.0000e+00   3.5676e-02   2.6709e+02
20191119_03:00:00   2.9450e-01   7.0708e+01   6.3964e+00   0.0000e+00   4.6429e-02   2.6690e+02
20191119_04:00:00   2.9724e-01   7.1324e+01   6.4131e+00   0.0000e+00   2.6610e-02   2.6704e+02
20191119_05:00:00   3.0148e-01   7.2193e+01   6.4769e+00   0.0000e+00   2.0355e-02   2.6937e+02
20191119_06:00:00   3.1716e-01   7.5083e+01   6.7998e+00   0.0000e+00   4.9962e-02   2.6939e+02
20191119_07:00:00   3.3295e-01   7.8026e+01   7.0912e+00   0.0000e+00   1.0009e-01   2.6920e+02
20191119_08:00:00   3.2805e-01   7.7099e+01   6.9895e+00   0.0000e+00   9.8139e-02   2.6987e+02
20191119_09:00:00   3.1032e-01   7.3867e+01   6.6444e+00   0.0000e+00   8.7893e-03   2.7038e+02
20191119_10:00:00   2.9832e-01   7.1551e+01   6.4044e+00   0.0000e+00   3.8456e-03   2.6998e+02
20191119_11:00:00   2.8816e-01   6.9579e+01   6.2015e+00   0.0000e+00   3.2917e-04   2.7103e+02
20191119_12:00:00   2.8464e-01   6.8855e+01   6.1478e+00   0.0000e+00   2.6236e-04   2.7051e+02
20191119_13:00:00   2.8193e-01   6.8329e+01   6.0942e+00   0.0000e+00   1.6539e-04   2.7042e+02
20191119_14:00:00   2.8144e-01   6.8222e+01   6.0751e+00   0.0000e+00   8.8879e-04   2.7108e+02
20191119_15:00:00   2.7589e-01   6.7126e+01   5.9573e+00   0.0000e+00   4.6824e-04   2.6978e+02
20191119_16:00:00   2.6534e-01   6.5021e+01   5.7553e+00   0.0000e+00   1.5712e-03   2.6927e+02
20191119_17:00:00   2.5898e-01   6.3746e+01   5.6237e+00   0.0000e+00   2.0789e-03   2.7032e+02
20191119_18:00:00   2.5380e-01   6.2660e+01   5.5290e+00   0.0000e+00   1.6016e-03   2.7193e+02
20191119_19:00:00   2.4677e-01   6.1240e+01   5.3844e+00   0.0000e+00   2.2227e-03   2.7203e+02
20191119_20:00:00   2.3989e-01   5.9878e+01   5.2303e+00   0.0000e+00   9.1873e-04   2.7148e+02
20191119_21:00:00   2.6392e-01   6.4643e+01   5.6909e+00   1.7064e-03   3.2158e-03   2.6879e+02
20191119_22:00:00   2.9665e-01   7.1107e+01   6.3870e+00   0.0000e+00   3.4233e-02   2.6730e+02
20191119_23:00:00   3.1716e-01   7.5109e+01   6.7554e+00   0.0000e+00   4.1472e-02   2.6689e+02
20191120_00:00:00   3.2244e-01   7.6187e+01   6.8392e+00   0.0000e+00   5.2907e-02   2.6428e+02
20191120_01:00:00   3.2048e-01   7.5805e+01   6.8321e+00   0.0000e+00   3.0157e-02   2.6051e+02
20191120_02:00:00   3.0576e-01   7.3077e+01   6.5705e+00   0.0000e+00   8.8595e-03   2.5625e+02
20191120_03:00:00   2.7800e-01   6.7812e+01   5.9748e+00   0.0000e+00   1.9366e-03   2.5414e+02
20191120_04:00:00   2.5928e-01   6.4169e+01   5.5883e+00   0.0000e+00   4.0638e-05   2.5081e+02
20191120_05:00:00   2.5536e-01   6.3370e+01   5.5325e+00   0.0000e+00   1.4062e-06   2.4823e+02
20191120_06:00:00   2.6772e-01   6.5905e+01   5.7827e+00   0.0000e+00   1.1906e-05   2.4724e+02
20191120_07:00:00   2.5001e-01   6.2432e+01   5.3940e+00   0.0000e+00   0.0000e+00   2.4760e+02
20191120_08:00:00   2.3895e-01   6.0181e+01   5.1831e+00   0.0000e+00   0.0000e+00   2.4845e+02
20191120_09:00:00   2.2207e-01   5.6756e+01   4.8307e+00   0.0000e+00   0.0000e+00   2.4824e+02
20191120_10:00:00   2.0275e-01   5.2702e+01   4.4222e+00   0.0000e+00   0.0000e+00   2.4765e+02
20191120_11:00:00   1.9052e-01   5.0083e+01   4.1836e+00   0.0000e+00   0.0000e+00   2.4611e+02
20191120_12:00:00   1.8580e-01   4.9070e+01   4.0851e+00   0.0000e+00   0.0000e+00   2.4458e+02
20191120_13:00:00   1.8788e-01   4.9524e+01   4.1411e+00   0.0000e+00   0.0000e+00   2.4418e+02
20191120_14:00:00   1.9227e-01   5.0506e+01   4.2379e+00   0.0000e+00   0.0000e+00   2.4503e+02
20191120_15:00:00   1.9709e-01   5.1545e+01   4.3524e+00   0.0000e+00   0.0000e+00   2.4512e+02
20191120_16:00:00   2.0300e-01   5.2781e+01   4.5059e+00   0.0000e+00   0.0000e+00   2.4544e+02
20191120_17:00:00   2.0392e-01   5.2986e+01   4.5316e+00   0.0000e+00   0.0000e+00   2.4680e+02
20191120_18:00:00   2.0270e-01   5.2757e+01   4.5039e+00   0.0000e+00   0.0000e+00   2.4694e+02
20191120_19:00:00   1.9821e-01   5.1845e+01   4.3841e+00   0.0000e+00   0.0000e+00   2.4699e+02
20191120_20:00:00   1.9151e-01   5.0449e+01   4.2178e+00   0.0000e+00   0.0000e+00   2.4669e+02
20191120_21:00:00   1.8993e-01   5.0132e+01   4.1912e+00   0.0000e+00   0.0000e+00   2.4505e+02
20191120_22:00:00   2.0086e-01   5.2549e+01   4.4169e+00   0.0000e+00   0.0000e+00   2.4479e+02
20191120_23:00:00   2.1073e-01   5.4713e+01   4.6028e+00   0.0000e+00   0.0000e+00   2.4404e+02
20191121_00:00:00   2.3229e-01   5.9306e+01   5.0356e+00   0.0000e+00   0.0000e+00   2.4391e+02
20191121_03:00:00   2.5800e-01   6.4624e+01   5.5713e+00   0.0000e+00   4.7260e-05   2.4292e+02
20191121_06:00:00   2.3440e-01   5.9794e+01   5.0567e+00   0.0000e+00   0.0000e+00   2.4664e+02
20191121_09:00:00   2.1165e-01   5.4984e+01   4.5704e+00   0.0000e+00   0.0000e+00   2.4763e+02
20191121_12:00:00   2.1781e-01   5.6202e+01   4.7153e+00   0.0000e+00   0.0000e+00   2.4561e+02
20191121_15:00:00   2.1830e-01   5.6276e+01   4.7366e+00   0.0000e+00   1.8519e-05   2.4491e+02
20191121_18:00:00   2.0551e-01   5.3229e+01   4.6050e+00   0.0000e+00   3.2887e-04   2.4810e+02
20191121_21:00:00   2.0803e-01   5.3540e+01   4.7562e+00   0.0000e+00   8.0483e-03   2.5227e+02
20191122_00:00:00   2.1912e-01   5.5685e+01   5.0606e+00   0.0000e+00   2.5319e-02   2.5045e+02
20191122_03:00:00   2.3112e-01   5.7995e+01   5.3555e+00   0.0000e+00   4.8259e-02   2.5026e+02
20191122_06:00:00   2.3441e-01   5.8528e+01   5.4607e+00   0.0000e+00   3.5111e-02   2.5295e+02
20191122_09:00:00   2.4335e-01   6.0358e+01   5.6402e+00   0.0000e+00   5.7374e-02   2.5207e+02
20191122_12:00:00   2.6097e-01   6.3928e+01   6.0420e+00   0.0000e+00   4.4797e-02   2.5056e+02
20191122_15:00:00   3.1010e-01   7.3830e+01   6.9759e+00   0.0000e+00   1.2654e-01   2.5174e+02
20191122_18:00:00   3.2630e-01   7.6971e+01   7.3300e+00   0.0000e+00   7.0663e-02   2.5197e+02
20191122_21:00:00   3.2326e-01   7.6406e+01   7.2938e+00   0.0000e+00   8.5841e-02   2.5387e+02
20191123_00:00:00   3.1879e-01   7.5664e+01   7.1980e+00   2.0030e-04   6.4252e-02   2.5280e+02
20191123_03:00:00   3.2974e-01   7.8040e+01   7.3666e+00   0.0000e+00   4.0900e-02   2.5039e+02
20191123_06:00:00   3.1885e-01   7.5971e+01   7.2001e+00   0.0000e+00   7.3093e-02   2.5279e+02
20191123_09:00:00   3.3553e-01   7.9079e+01   7.6372e+00   1.7600e-04   4.8217e-02   2.5348e+02
20191123_12:00:00   3.6865e-01   8.5185e+01   8.2906e+00   2.4190e-04   1.4337e-01   2.5055e+02
20191123_15:00:00   4.3120e-01   9.6460e+01   9.3454e+00   3.5822e-03   6.4073e-02   2.5203e+02
20191123_18:00:00   7.5444e-01   1.4521e+02   9.7036e+00   1.3000e-01   1.7984e-02   2.5230e+02
20191123_21:00:00   1.0364e+00   1.7668e+02   1.0198e+01   2.3602e-01   5.4210e-03   2.5192e+02
20191124_00:00:00   6.5742e-01   1.3247e+02   1.0246e+01   7.8557e-02   5.9227e-03   2.5161e+02
20191124_03:00:00   6.8943e-01   1.3669e+02   1.0530e+01   8.7133e-02   3.5118e-03   2.5103e+02
20191124_06:00:00   5.0829e-01   1.0951e+02   1.1023e+01   2.0069e-03   3.0329e-02   2.5156e+02
20191124_09:00:00   4.9115e-01   1.0718e+02   1.0498e+01   0.0000e+00   2.7685e-02   2.4668e+02
20191124_12:00:00   4.0101e-01   9.2395e+01   8.5417e+00   0.0000e+00   2.1165e-03   2.4516e+02
20191124_15:00:00   2.7133e-01   6.8242e+01   5.5239e+00   5.4780e-04   2.1867e-03   2.4548e+02
20191124_18:00:00   2.0191e-01   5.3855e+01   3.9609e+00   2.5400e-03   9.2220e-06   2.4595e+02
20191124_21:00:00   1.4935e-01   4.2093e+01   3.0258e+00   8.3680e-06   5.2500e-06   2.4512e+02
20191125_00:00:00   1.1122e-01   3.3080e+01   2.2046e+00   2.3360e-04   0.0000e+00   2.4396e+02
20191125_03:00:00   8.9013e-02   2.7617e+01   1.7581e+00   0.0000e+00   0.0000e+00   2.4085e+02
20191125_06:00:00   5.3979e-02   1.8674e+01   9.9863e-01   0.0000e+00   0.0000e+00   2.4075e+02
20191125_09:00:00   4.2744e-02   1.5663e+01   7.5561e-01   0.0000e+00   0.0000e+00   2.4430e+02
20191125_12:00:00   4.3946e-02   1.5957e+01   7.9529e-01   0.0000e+00   0.0000e+00   2.4142e+02
20191125_15:00:00   4.7449e-02   1.6862e+01   8.8775e-01   0.0000e+00   0.0000e+00   2.3748e+02
20191125_18:00:00   5.5331e-02   1.8908e+01   1.0892e+00   0.0000e+00   0.0000e+00   2.3688e+02
20191125_21:00:00   5.5405e-02   1.8930e+01   1.0951e+00   0.0000e+00   0.0000e+00   2.3930e+02
20191126_00:00:00   5.9157e-02   1.9895e+01   1.1896e+00   0.0000e+00   0.0000e+00   2.3909e+02
20191126_03:00:00   6.5466e-02   2.1493e+01   1.3517e+00   0.0000e+00   0.0000e+00   2.3651e+02
20191126_06:00:00   6.9628e-02   2.2508e+01   1.4625e+00   0.0000e+00   0.0000e+00   2.3753e+02
20191126_09:00:00   7.6503e-02   2.4231e+01   1.6254e+00   0.0000e+00   0.0000e+00   2.3896e+02
20191126_12:00:00   7.3866e-02   2.3588e+01   1.5548e+00   0.0000e+00   0.0000e+00   2.3816e+02
20191126_15:00:00   7.1218e-02   2.2912e+01   1.4847e+00   0.0000e+00   0.0000e+00   2.3652e+02
20191126_18:00:00   6.7971e-02   2.2139e+01   1.3981e+00   0.0000e+00   0.0000e+00   2.3504e+02
20191126_21:00:00   7.2184e-02   2.3290e+01   1.4843e+00   0.0000e+00   0.0000e+00   2.3631e+02
20191127_00:00:00   7.0638e-02   2.2921e+01   1.4400e+00   0.0000e+00   0.0000e+00   2.3653e+02
20191127_03:00:00   6.6095e-02   2.1775e+01   1.3296e+00   0.0000e+00   0.0000e+00   2.3442e+02
20191127_06:00:00   6.7695e-02   2.2204e+01   1.3579e+00   0.0000e+00   0.0000e+00   2.3363e+02
20191127_09:00:00   6.9074e-02   2.2534e+01   1.3869e+00   0.0000e+00   0.0000e+00   2.3318e+02
20191127_12:00:00   7.3708e-02   2.3697e+01   1.4954e+00   0.0000e+00   0.0000e+00   2.3360e+02
20191127_15:00:00   8.0501e-02   2.5409e+01   1.6400e+00   0.0000e+00   0.0000e+00   2.3390e+02
20191127_18:00:00   9.2222e-02   2.8424e+01   1.8651e+00   0.0000e+00   0.0000e+00   2.3385e+02
20191127_21:00:00   1.3963e-01   3.9880e+01   2.8585e+00   0.0000e+00   0.0000e+00   2.3552e+02
20191128_00:00:00   1.5555e-01   4.3587e+01   3.1757e+00   0.0000e+00   0.0000e+00   2.3538e+02
20191128_03:00:00   1.8966e-01   5.1185e+01   3.9056e+00   0.0000e+00   0.0000e+00   2.3353e+02
20191128_06:00:00   2.4728e-01   6.3393e+01   5.0413e+00   0.0000e+00   0.0000e+00   2.3424e+02
20191128_09:00:00   2.5780e-01   6.5514e+01   5.2917e+00   0.0000e+00   0.0000e+00   2.3610e+02
20191128_12:00:00   3.2815e-01   7.9462e+01   6.6292e+00   0.0000e+00   1.1026e-04   2.3540e+02
20191128_15:00:00   3.2367e-01   7.8615e+01   6.5542e+00   1.5061e-04   0.0000e+00   2.3526e+02
20191128_18:00:00   5.2137e-01   1.1355e+02   6.4595e+00   8.1770e-02   1.3072e-05   2.3486e+02
20191128_21:00:00   3.0585e-01   7.5141e+01   6.2041e+00   0.0000e+00   0.0000e+00   2.3656e+02
20191129_00:00:00   2.7369e-01   6.8750e+01   5.5227e+00   1.8652e-03   0.0000e+00   2.3547e+02
20191129_03:00:00   2.2095e-01   5.7764e+01   4.5810e+00   0.0000e+00   0.0000e+00   2.3313e+02
20191129_06:00:00   1.9094e-01   5.1176e+01   3.9619e+00   0.0000e+00   0.0000e+00   2.3421e+02
20191129_09:00:00   1.8410e-01   4.9529e+01   3.8882e+00   0.0000e+00   0.0000e+00   2.3372e+02
20191129_12:00:00   1.8865e-01   5.0490e+01   3.9839e+00   0.0000e+00   0.0000e+00   2.3481e+02
20191129_15:00:00   1.9231e-01   5.1151e+01   4.1136e+00   0.0000e+00   5.5020e-06   2.3701e+02
20191129_18:00:00   1.8246e-01   4.8936e+01   3.9617e+00   0.0000e+00   1.1831e-03   2.3458e+02
20191129_21:00:00   1.7214e-01   4.6797e+01   3.6773e+00   0.0000e+00   8.0028e-05   2.3701e+02
20191130_00:00:00   1.7406e-01   4.7140e+01   3.7603e+00   0.0000e+00   3.6045e-04   2.3822e+02
20191130_03:00:00   1.8241e-01   4.8794e+01   4.0399e+00   0.0000e+00   3.4071e-03   2.3921e+02
20191130_06:00:00   1.9085e-01   5.0538e+01   4.2520e+00   0.0000e+00   1.6399e-03   2.4143e+02
20191130_09:00:00   1.8782e-01   4.9656e+01   4.3129e+00   0.0000e+00   3.3171e-03   2.4139e+02
20191130_12:00:00   2.0451e-01   5.3193e+01   4.7232e+00   0.0000e+00   1.1000e-03   2.4362e+02
20191130_15:00:00   1.9856e-01   5.1787e+01   4.6753e+00   0.0000e+00   7.9829e-03   2.4253e+02
20191130_18:00:00   1.9231e-01   5.0448e+01   4.5621e+00   0.0000e+00   1.5737e-03   2.4341e+02
20191130_21:00:00   2.0301e-01   5.2743e+01   4.8300e+00   0.0000e+00   5.5517e-04   2.4537e+02
20191201_00:00:00   1.9583e-01   5.1266e+01   4.6752e+00   0.0000e+00   3.6516e-04   2.4633e+02
20191201_03:00:00   1.7793e-01   4.7382e+01   4.2589e+00   0.0000e+00   1.1028e-04   2.4495e+02
20191201_06:00:00   1.7018e-01   4.5682e+01   4.0729e+00   0.0000e+00   1.8063e-05   2.4267e+02
20191201_09:00:00   1.5637e-01   4.2598e+01   3.7215e+00   0.0000e+00   4.1242e-05   2.4402e+02
20191201_12:00:00   1.4294e-01   3.9527e+01   3.3938e+00   0.0000e+00   1.2934e-05   2.4489e+02
20191201_15:00:00   1.3784e-01   3.8380e+01   3.2725e+00   0.0000e+00   1.1136e-05   2.4327e+02
20191201_18:00:00   1.5381e-01   4.2193e+01   3.6145e+00   0.0000e+00   2.9980e-04   2.4448e+02
20191201_21:00:00   1.7896e-01   4.7892e+01   4.1826e+00   0.0000e+00   3.1818e-04   2.4709e+02
20191202_00:00:00   1.7959e-01   4.8022e+01   4.1803e+00   0.0000e+00   1.9401e-04   2.4521e+02
