#            date       tau225        Tb[K]      pwv[mm] lwp[kg*m^-2] iwp[kg*m^-2]       o3[DU]
20191101_12:00:00   8.0055e-02   2.4956e+01   1.6698e+00   0.0000e+00   3.1640e-05   2.5731e+02
20191101_13:00:00   7.6226e-02   2.4041e+01   1.5651e+00   0.0000e+00   2.8260e-05   2.5731e+02
20191101_14:00:00   7.0450e-02   2.2484e+01   1.4537e+00   0.0000e+00   0.0000e+00   2.5717e+02
20191101_15:00:00   7.0079e-02   2.2363e+01   1.4523e+00   0.0000e+00   0.0000e+00   2.5755e+02
20191101_16:00:00   7.2852e-02   2.2981e+01   1.5392e+00   0.0000e+00   0.0000e+00   2.5875e+02
20191101_17:00:00   8.0229e-02   2.4715e+01   1.7378e+00   0.0000e+00   0.0000e+00   2.5979e+02
20191101_18:00:00   1.0018e-01   2.9490e+01   2.2351e+00   0.0000e+00   0.0000e+00   2.5892e+02
20191101_19:00:00   1.0096e-01   2.9830e+01   2.2262e+00   0.0000e+00   0.0000e+00   2.5680e+02
20191101_20:00:00   9.4550e-02   2.8384e+01   2.0570e+00   0.0000e+00   0.0000e+00   2.5780e+02
20191101_21:00:00   9.2990e-02   2.8055e+01   2.0163e+00   0.0000e+00   0.0000e+00   2.5968e+02
20191101_22:00:00   9.1219e-02   2.7639e+01   1.9753e+00   0.0000e+00   0.0000e+00   2.6032e+02
20191101_23:00:00   9.4526e-02   2.8396e+01   2.0706e+00   0.0000e+00   0.0000e+00   2.6033e+02
20191102_00:00:00   9.9417e-02   2.9607e+01   2.1833e+00   0.0000e+00   4.9140e-22   2.5920e+02
20191102_01:00:00   1.0398e-01   3.0740e+01   2.2901e+00   0.0000e+00   3.1580e-23   2.5788e+02
20191102_02:00:00   1.0718e-01   3.1501e+01   2.3753e+00   0.0000e+00   0.0000e+00   2.5647e+02
20191102_03:00:00   1.1414e-01   3.3179e+01   2.5407e+00   0.0000e+00   0.0000e+00   2.5552e+02
20191102_04:00:00   1.1655e-01   3.3807e+01   2.5909e+00   0.0000e+00   0.0000e+00   2.5484e+02
20191102_05:00:00   1.1368e-01   3.3166e+01   2.5191e+00   0.0000e+00   0.0000e+00   2.5396e+02
20191102_06:00:00   1.0981e-01   3.2281e+01   2.4258e+00   0.0000e+00   0.0000e+00   2.5397e+02
20191102_07:00:00   1.1190e-01   3.2768e+01   2.4820e+00   0.0000e+00   0.0000e+00   2.5534e+02
20191102_08:00:00   1.1272e-01   3.2967e+01   2.5008e+00   0.0000e+00   0.0000e+00   2.5620e+02
20191102_09:00:00   1.0958e-01   3.2229e+01   2.4235e+00   0.0000e+00   0.0000e+00   2.5563e+02
20191102_10:00:00   1.0512e-01   3.1178e+01   2.3115e+00   0.0000e+00   0.0000e+00   2.5544e+02
20191102_11:00:00   1.0188e-01   3.0393e+01   2.2332e+00   0.0000e+00   0.0000e+00   2.5480e+02
20191102_12:00:00   9.8149e-02   2.9498e+01   2.1426e+00   0.0000e+00   0.0000e+00   2.5478e+02
20191102_13:00:00   9.4325e-02   2.8572e+01   2.0515e+00   0.0000e+00   0.0000e+00   2.5404e+02
20191102_14:00:00   9.1210e-02   2.7825e+01   1.9704e+00   0.0000e+00   0.0000e+00   2.5314e+02
20191102_15:00:00   9.0033e-02   2.7543e+01   1.9464e+00   0.0000e+00   0.0000e+00   2.5227e+02
20191102_16:00:00   8.9666e-02   2.7452e+01   1.9398e+00   0.0000e+00   5.0540e-07   2.5242e+02
20191102_17:00:00   8.6892e-02   2.6785e+01   1.8726e+00   0.0000e+00   0.0000e+00   2.5205e+02
20191102_18:00:00   8.4858e-02   2.6295e+01   1.8251e+00   0.0000e+00   0.0000e+00   2.5288e+02
20191102_19:00:00   8.3562e-02   2.5992e+01   1.7919e+00   0.0000e+00   0.0000e+00   2.5392e+02
20191102_20:00:00   8.2213e-02   2.5678e+01   1.7546e+00   0.0000e+00   0.0000e+00   2.5526e+02
20191102_21:00:00   8.1607e-02   2.5541e+01   1.7325e+00   0.0000e+00   0.0000e+00   2.5524e+02
20191102_22:00:00   8.0428e-02   2.5264e+01   1.6988e+00   0.0000e+00   0.0000e+00   2.5555e+02
20191102_23:00:00   7.8680e-02   2.4836e+01   1.6519e+00   0.0000e+00   0.0000e+00   2.5554e+02
20191103_00:00:00   7.7033e-02   2.4420e+01   1.6129e+00   0.0000e+00   0.0000e+00   2.5451e+02
20191103_01:00:00   7.6609e-02   2.4323e+01   1.5988e+00   0.0000e+00   0.0000e+00   2.5453e+02
20191103_02:00:00   7.5473e-02   2.4038e+01   1.5700e+00   0.0000e+00   0.0000e+00   2.5440e+02
20191103_03:00:00   7.5412e-02   2.4039e+01   1.5616e+00   0.0000e+00   0.0000e+00   2.5391e+02
20191103_04:00:00   7.4742e-02   2.3874e+01   1.5402e+00   0.0000e+00   0.0000e+00   2.5410e+02
20191103_05:00:00   7.2437e-02   2.3303e+01   1.4834e+00   0.0000e+00   0.0000e+00   2.5439e+02
20191103_06:00:00   7.3588e-02   2.3572e+01   1.5160e+00   0.0000e+00   0.0000e+00   2.5444e+02
20191103_07:00:00   7.5454e-02   2.4021e+01   1.5622e+00   0.0000e+00   0.0000e+00   2.5490e+02
20191103_08:00:00   7.3605e-02   2.3561e+01   1.5194e+00   0.0000e+00   0.0000e+00   2.5546e+02
20191103_09:00:00   7.1722e-02   2.3108e+01   1.4663e+00   0.0000e+00   0.0000e+00   2.5537e+02
20191103_10:00:00   6.8669e-02   2.2347e+01   1.3919e+00   0.0000e+00   0.0000e+00   2.5462e+02
20191103_11:00:00   6.7572e-02   2.2058e+01   1.3662e+00   0.0000e+00   0.0000e+00   2.5396e+02
20191103_12:00:00   6.6323e-02   2.1741e+01   1.3349e+00   0.0000e+00   0.0000e+00   2.5385e+02
20191103_13:00:00   6.4202e-02   2.1215e+01   1.2825e+00   0.0000e+00   0.0000e+00   2.5308e+02
20191103_14:00:00   6.2575e-02   2.0804e+01   1.2436e+00   0.0000e+00   0.0000e+00   2.5209e+02
20191103_15:00:00   6.2056e-02   2.0681e+01   1.2269e+00   0.0000e+00   0.0000e+00   2.5190e+02
20191103_16:00:00   6.1881e-02   2.0645e+01   1.2186e+00   0.0000e+00   0.0000e+00   2.5139e+02
20191103_17:00:00   6.1275e-02   2.0498e+01   1.2021e+00   0.0000e+00   0.0000e+00   2.5080e+02
20191103_18:00:00   6.0698e-02   2.0364e+01   1.1859e+00   0.0000e+00   0.0000e+00   2.5070e+02
20191103_19:00:00   6.0631e-02   2.0356e+01   1.1829e+00   0.0000e+00   0.0000e+00   2.5079e+02
20191103_20:00:00   6.0612e-02   2.0356e+01   1.1807e+00   0.0000e+00   0.0000e+00   2.5166e+02
20191103_21:00:00   6.0944e-02   2.0454e+01   1.1854e+00   0.0000e+00   0.0000e+00   2.5234e+02
20191103_22:00:00   6.0719e-02   2.0401e+01   1.1772e+00   0.0000e+00   0.0000e+00   2.5277e+02
20191103_23:00:00   6.1536e-02   2.0609e+01   1.1963e+00   0.0000e+00   0.0000e+00   2.5337e+02
20191104_00:00:00   6.2575e-02   2.0870e+01   1.2206e+00   0.0000e+00   0.0000e+00   2.5320e+02
20191104_01:00:00   6.3261e-02   2.1057e+01   1.2336e+00   0.0000e+00   0.0000e+00   2.5222e+02
20191104_02:00:00   6.3575e-02   2.1144e+01   1.2389e+00   0.0000e+00   0.0000e+00   2.5206e+02
20191104_03:00:00   6.3600e-02   2.1147e+01   1.2391e+00   0.0000e+00   0.0000e+00   2.5262e+02
20191104_04:00:00   6.3125e-02   2.1020e+01   1.2301e+00   0.0000e+00   0.0000e+00   2.5292e+02
20191104_05:00:00   6.2886e-02   2.0950e+01   1.2253e+00   0.0000e+00   0.0000e+00   2.5363e+02
20191104_06:00:00   6.4129e-02   2.1255e+01   1.2533e+00   0.0000e+00   0.0000e+00   2.5449e+02
20191104_07:00:00   6.5442e-02   2.1577e+01   1.2846e+00   0.0000e+00   0.0000e+00   2.5424e+02
20191104_08:00:00   6.5501e-02   2.1587e+01   1.2852e+00   0.0000e+00   0.0000e+00   2.5313e+02
20191104_09:00:00   6.4937e-02   2.1450e+01   1.2687e+00   0.0000e+00   0.0000e+00   2.5210e+02
20191104_10:00:00   6.4403e-02   2.1299e+01   1.2625e+00   0.0000e+00   0.0000e+00   2.5145e+02
20191104_11:00:00   6.3947e-02   2.1161e+01   1.2565e+00   0.0000e+00   0.0000e+00   2.5085e+02
20191104_12:00:00   6.1918e-02   2.0620e+01   1.2158e+00   0.0000e+00   0.0000e+00   2.5032e+02
20191104_13:00:00   6.1949e-02   2.0590e+01   1.2290e+00   0.0000e+00   4.4300e-05   2.4963e+02
20191104_14:00:00   6.0113e-02   2.0126e+01   1.1841e+00   0.0000e+00   2.6560e-07   2.4935e+02
20191104_15:00:00   6.0746e-02   2.0268e+01   1.2023e+00   0.0000e+00   1.1486e-05   2.4933e+02
20191104_16:00:00   5.7856e-02   1.9549e+01   1.1307e+00   0.0000e+00   1.5622e-05   2.4856e+02
20191104_17:00:00   5.7994e-02   1.9560e+01   1.1410e+00   0.0000e+00   3.1039e-04   2.4830e+02
20191104_18:00:00   5.8819e-02   1.9744e+01   1.1695e+00   0.0000e+00   1.4650e-03   2.4824e+02
20191104_19:00:00   6.0085e-02   2.0057e+01   1.2040e+00   0.0000e+00   3.7960e-04   2.4818e+02
20191104_20:00:00   6.1370e-02   2.0350e+01   1.2443e+00   0.0000e+00   3.0329e-04   2.4828e+02
20191104_21:00:00   6.3453e-02   2.0862e+01   1.3007e+00   0.0000e+00   1.6412e-03   2.4884e+02
20191104_22:00:00   6.6488e-02   2.1573e+01   1.3912e+00   0.0000e+00   3.6611e-03   2.4893e+02
20191104_23:00:00   7.0193e-02   2.2516e+01   1.4760e+00   0.0000e+00   4.9328e-03   2.4803e+02
20191105_00:00:00   7.4537e-02   2.3581e+01   1.5877e+00   0.0000e+00   4.6607e-03   2.4694e+02
20191105_01:00:00   7.7644e-02   2.4355e+01   1.6632e+00   0.0000e+00   3.5802e-03   2.4600e+02
20191105_02:00:00   8.7406e-02   2.6816e+01   1.8763e+00   7.9040e-05   4.0146e-03   2.4568e+02
20191105_03:00:00   9.9750e-02   2.9859e+01   2.1433e+00   3.9790e-04   2.4712e-03   2.4517e+02
20191105_04:00:00   1.1600e-01   3.3864e+01   2.2917e+00   4.0170e-03   6.3121e-04   2.4442e+02
20191105_05:00:00   1.2464e-01   3.5963e+01   2.3663e+00   5.9470e-03   2.3096e-03   2.4329e+02
20191105_06:00:00   1.1491e-01   3.3533e+01   2.4730e+00   2.4880e-04   3.0225e-03   2.4342e+02
20191105_07:00:00   1.1479e-01   3.3516e+01   2.4821e+00   0.0000e+00   2.7383e-05   2.4476e+02
20191105_08:00:00   1.1318e-01   3.3090e+01   2.4116e+00   9.2310e-04   0.0000e+00   2.4550e+02
20191105_09:00:00   1.0864e-01   3.1910e+01   2.3625e+00   4.1910e-04   0.0000e+00   2.4507e+02
20191105_10:00:00   1.0394e-01   3.0649e+01   2.3233e+00   0.0000e+00   0.0000e+00   2.4447e+02
20191105_11:00:00   1.0500e-01   3.0757e+01   2.3964e+00   0.0000e+00   0.0000e+00   2.4354e+02
20191105_12:00:00   1.0704e-01   3.1157e+01   2.4734e+00   0.0000e+00   4.6101e-04   2.4135e+02
20191105_13:00:00   1.1086e-01   3.1952e+01   2.5945e+00   0.0000e+00   6.6580e-03   2.4051e+02
20191105_14:00:00   1.1165e-01   3.2037e+01   2.6414e+00   0.0000e+00   1.1306e-02   2.4028e+02
20191105_15:00:00   1.1233e-01   3.2229e+01   2.6507e+00   0.0000e+00   2.5545e-03   2.4075e+02
20191105_16:00:00   1.1160e-01   3.2010e+01   2.6484e+00   0.0000e+00   2.5292e-03   2.4063e+02
20191105_17:00:00   1.1482e-01   3.2736e+01   2.7356e+00   0.0000e+00   2.5693e-03   2.4116e+02
20191105_18:00:00   1.2275e-01   3.4501e+01   2.9450e+00   0.0000e+00   1.6762e-02   2.4106e+02
20191105_19:00:00   1.3051e-01   3.6246e+01   3.1566e+00   0.0000e+00   8.7664e-03   2.4140e+02
20191105_20:00:00   1.3651e-01   3.7571e+01   3.3132e+00   0.0000e+00   2.1845e-02   2.4179e+02
20191105_21:00:00   1.5128e-01   4.0848e+01   3.6671e+00   0.0000e+00   6.5574e-02   2.4244e+02
20191105_22:00:00   1.8114e-01   4.7260e+01   4.3524e+00   0.0000e+00   1.9740e-01   2.4280e+02
20191105_23:00:00   2.0548e-01   5.2431e+01   4.9860e+00   0.0000e+00   1.3080e-01   2.4334e+02
20191106_00:00:00   2.3140e-01   5.7828e+01   5.5107e+00   0.0000e+00   2.9740e-01   2.4238e+02
20191106_01:00:00   2.6503e-01   6.4877e+01   6.3482e+00   0.0000e+00   1.4254e-01   2.4156e+02
20191106_02:00:00   2.6623e-01   6.5270e+01   6.3482e+00   0.0000e+00   1.1933e-01   2.4111e+02
20191106_03:00:00   2.4220e-01   6.0326e+01   5.7608e+00   0.0000e+00   2.1046e-01   2.4211e+02
20191106_04:00:00   2.3734e-01   5.9312e+01   5.6302e+00   0.0000e+00   2.4356e-01   2.4246e+02
20191106_05:00:00   2.3839e-01   5.9442e+01   5.6615e+00   0.0000e+00   2.5249e-01   2.4222e+02
20191106_06:00:00   2.4154e-01   6.0118e+01   5.7851e+00   0.0000e+00   1.4952e-01   2.4203e+02
20191106_07:00:00   2.5000e-01   6.1761e+01   5.9862e+00   0.0000e+00   1.4529e-01   2.4255e+02
20191106_08:00:00   2.8018e-01   6.7776e+01   6.6375e+00   0.0000e+00   1.7761e-01   2.4315e+02
20191106_09:00:00   3.0407e-01   7.2509e+01   7.1584e+00   0.0000e+00   1.3411e-01   2.4244e+02
20191106_10:00:00   3.2476e-01   7.6571e+01   7.6298e+00   0.0000e+00   7.2242e-02   2.4156e+02
20191106_11:00:00   3.3425e-01   7.8405e+01   7.8139e+00   0.0000e+00   1.1630e-01   2.4139e+02
20191106_12:00:00   3.4208e-01   7.9889e+01   7.9724e+00   0.0000e+00   1.3147e-01   2.4128e+02
20191106_15:00:00   4.0982e-01   9.2559e+01   9.3583e+00   0.0000e+00   9.7936e-02   2.4224e+02
20191106_18:00:00   3.8342e-01   8.8119e+01   8.8148e+00   0.0000e+00   2.0871e-02   2.4417e+02
20191106_21:00:00   3.8797e-01   8.8852e+01   8.8521e+00   0.0000e+00   6.7318e-02   2.4651e+02
20191107_00:00:00   3.6082e-01   8.4066e+01   8.3266e+00   0.0000e+00   1.4363e-02   2.4539e+02
20191107_03:00:00   3.4978e-01   8.1988e+01   8.1162e+00   0.0000e+00   4.9709e-02   2.4567e+02
20191107_06:00:00   3.3160e-01   7.8287e+01   7.6935e+00   0.0000e+00   2.5746e-01   2.4747e+02
20191107_09:00:00   2.6649e-01   6.5776e+01   6.3030e+00   0.0000e+00   8.6538e-02   2.4951e+02
20191107_12:00:00   2.4997e-01   6.2330e+01   5.8891e+00   0.0000e+00   2.0313e-01   2.4994e+02
20191107_15:00:00   2.0340e-01   5.2766e+01   4.6976e+00   0.0000e+00   2.2298e-01   2.5134e+02
20191107_18:00:00   1.4223e-01   3.9516e+01   3.2133e+00   0.0000e+00   1.3865e-01   2.4789e+02
20191107_21:00:00   1.0988e-01   3.2370e+01   2.4115e+00   0.0000e+00   1.3072e-03   2.5046e+02
20191108_00:00:00   9.0755e-02   2.7772e+01   1.9631e+00   0.0000e+00   6.7501e-03   2.5245e+02
20191108_03:00:00   7.4486e-02   2.3892e+01   1.5322e+00   0.0000e+00   0.0000e+00   2.5273e+02
20191108_06:00:00   6.2216e-02   2.0773e+01   1.2395e+00   0.0000e+00   0.0000e+00   2.5164e+02
20191108_09:00:00   5.9963e-02   2.0152e+01   1.2018e+00   0.0000e+00   0.0000e+00   2.5129e+02
20191108_12:00:00   7.7337e-02   2.4454e+01   1.6481e+00   0.0000e+00   0.0000e+00   2.4907e+02
20191108_15:00:00   1.0741e-01   3.1745e+01   2.4084e+00   0.0000e+00   0.0000e+00   2.4943e+02
20191108_18:00:00   1.2141e-01   3.5067e+01   2.7566e+00   0.0000e+00   0.0000e+00   2.4788e+02
20191108_21:00:00   1.4190e-01   3.9812e+01   3.2794e+00   0.0000e+00   0.0000e+00   2.4559e+02
20191109_00:00:00   1.4839e-01   4.1225e+01   3.4681e+00   0.0000e+00   0.0000e+00   2.4359e+02
20191109_03:00:00   1.5846e-01   4.3510e+01   3.6819e+00   5.3810e-04   0.0000e+00   2.4486e+02
20191109_06:00:00   1.6817e-01   4.5729e+01   3.9194e+00   0.0000e+00   0.0000e+00   2.4749e+02
20191109_09:00:00   1.8287e-01   4.9116e+01   4.1646e+00   0.0000e+00   0.0000e+00   2.4756e+02
20191109_12:00:00   1.8486e-01   4.9590e+01   4.1485e+00   0.0000e+00   0.0000e+00   2.4558e+02
20191109_15:00:00   1.7377e-01   4.7246e+01   3.8449e+00   0.0000e+00   0.0000e+00   2.4377e+02
20191109_18:00:00   1.6215e-01   4.4763e+01   3.5492e+00   0.0000e+00   0.0000e+00   2.4544e+02
20191109_21:00:00   1.5405e-01   4.3028e+01   3.3484e+00   0.0000e+00   0.0000e+00   2.4534e+02
20191110_00:00:00   1.7301e-01   4.7282e+01   3.7650e+00   0.0000e+00   0.0000e+00   2.4623e+02
20191110_03:00:00   3.4919e-01   8.4155e+01   4.5379e+00   5.5990e-02   0.0000e+00   2.4493e+02
20191110_06:00:00   2.0474e-01   5.4189e+01   4.4609e+00   0.0000e+00   0.0000e+00   2.4521e+02
20191110_09:00:00   2.2429e-01   5.8153e+01   4.9217e+00   0.0000e+00   0.0000e+00   2.4329e+02
20191110_12:00:00   2.5818e-01   6.4968e+01   5.6870e+00   0.0000e+00   0.0000e+00   2.4263e+02
20191110_15:00:00   2.5207e-01   6.3732e+01   5.5253e+00   0.0000e+00   0.0000e+00   2.4291e+02
20191110_18:00:00   2.3549e-01   6.0425e+01   5.1638e+00   0.0000e+00   0.0000e+00   2.4487e+02
20191110_21:00:00   2.1829e-01   5.6868e+01   4.7918e+00   0.0000e+00   0.0000e+00   2.4463e+02
20191111_00:00:00   1.9807e-01   5.2496e+01   4.3392e+00   0.0000e+00   0.0000e+00   2.4391e+02
20191111_03:00:00   1.9806e-01   5.2462e+01   4.3483e+00   2.4410e-04   0.0000e+00   2.4457e+02
20191111_06:00:00   1.9112e-01   5.0940e+01   4.2212e+00   0.0000e+00   0.0000e+00   2.4441e+02
20191111_09:00:00   1.8865e-01   5.0341e+01   4.1519e+00   0.0000e+00   0.0000e+00   2.4314e+02
20191111_12:00:00   1.7361e-01   4.7049e+01   3.8142e+00   0.0000e+00   0.0000e+00   2.4122e+02
20191111_15:00:00   1.6459e-01   4.5063e+01   3.6447e+00   0.0000e+00   0.0000e+00   2.4076e+02
20191111_18:00:00   1.6769e-01   4.5701e+01   3.7647e+00   0.0000e+00   0.0000e+00   2.3996e+02
20191111_21:00:00   1.6440e-01   4.4923e+01   3.7245e+00   0.0000e+00   0.0000e+00   2.3896e+02
20191112_00:00:00   1.4963e-01   4.1661e+01   3.3615e+00   0.0000e+00   0.0000e+00   2.4152e+02
20191112_03:00:00   1.4330e-01   4.0293e+01   3.1837e+00   0.0000e+00   0.0000e+00   2.3984e+02
20191112_06:00:00   1.4732e-01   4.1184e+01   3.3012e+00   0.0000e+00   0.0000e+00   2.4055e+02
20191112_09:00:00   1.5675e-01   4.3232e+01   3.5529e+00   0.0000e+00   0.0000e+00   2.4142e+02
20191112_12:00:00   1.6259e-01   4.4485e+01   3.6886e+00   0.0000e+00   0.0000e+00   2.3930e+02
20191112_15:00:00   1.6250e-01   4.4435e+01   3.7112e+00   0.0000e+00   0.0000e+00   2.3793e+02
20191112_18:00:00   1.5890e-01   4.3739e+01   3.5895e+00   0.0000e+00   0.0000e+00   2.3683e+02
20191112_21:00:00   1.4849e-01   4.1548e+01   3.2833e+00   0.0000e+00   0.0000e+00   2.3631e+02
20191113_00:00:00   1.3908e-01   3.9426e+01   3.0337e+00   0.0000e+00   0.0000e+00   2.3789e+02
20191113_03:00:00   1.3497e-01   3.8472e+01   2.9411e+00   0.0000e+00   1.8561e-05   2.3827e+02
20191113_06:00:00   1.3018e-01   3.7356e+01   2.8306e+00   0.0000e+00   2.2040e-04   2.3741e+02
20191113_09:00:00   1.3353e-01   3.8043e+01   2.9217e+00   0.0000e+00   2.0700e-04   2.3750e+02
20191113_12:00:00   1.3069e-01   3.7349e+01   2.8484e+00   0.0000e+00   0.0000e+00   2.3668e+02
20191113_15:00:00   1.2440e-01   3.5879e+01   2.7006e+00   0.0000e+00   0.0000e+00   2.3639e+02
20191113_18:00:00   1.1377e-01   3.3416e+01   2.4558e+00   0.0000e+00   3.3260e-04   2.3814e+02
20191113_21:00:00   1.0945e-01   3.2364e+01   2.3668e+00   0.0000e+00   8.2700e-06   2.3764e+02
20191114_00:00:00   1.1029e-01   3.2515e+01   2.4014e+00   0.0000e+00   4.6160e-06   2.3588e+02
20191114_03:00:00   1.1807e-01   3.4243e+01   2.6329e+00   0.0000e+00   5.0540e-07   2.3609e+02
20191114_06:00:00   1.2873e-01   3.6488e+01   2.9688e+00   0.0000e+00   3.0777e-04   2.3687e+02
20191114_09:00:00   1.2234e-01   3.4948e+01   2.8334e+00   0.0000e+00   8.1239e-04   2.4010e+02
20191114_12:00:00   1.3853e-01   3.8783e+01   3.2046e+00   0.0000e+00   0.0000e+00   2.4017e+02
20191114_15:00:00   1.5046e-01   4.1372e+01   3.5137e+00   0.0000e+00   5.3900e-06   2.4082e+02
20191114_18:00:00   1.4563e-01   4.0250e+01   3.4009e+00   0.0000e+00   2.9200e-06   2.4202e+02
20191114_21:00:00   1.5205e-01   4.1604e+01   3.5951e+00   0.0000e+00   0.0000e+00   2.4166e+02
20191115_00:00:00   1.5442e-01   4.2071e+01   3.6761e+00   0.0000e+00   3.9780e-04   2.4128e+02
20191115_03:00:00   1.7426e-01   4.6500e+01   4.1611e+00   0.0000e+00   0.0000e+00   2.4176e+02
20191115_06:00:00   1.7243e-01   4.6116e+01   4.1098e+00   0.0000e+00   0.0000e+00   2.4196e+02
20191115_09:00:00   1.8256e-01   4.8289e+01   4.3640e+00   0.0000e+00   0.0000e+00   2.4376e+02
20191115_12:00:00   1.7490e-01   4.6633e+01   4.1693e+00   0.0000e+00   2.1240e-07   2.4305e+02
20191115_15:00:00   1.6618e-01   4.4843e+01   3.9314e+00   0.0000e+00   0.0000e+00   2.4200e+02
20191115_18:00:00   1.4883e-01   4.1114e+01   3.4900e+00   0.0000e+00   0.0000e+00   2.4567e+02
20191115_21:00:00   1.3582e-01   3.8274e+01   3.1566e+00   0.0000e+00   0.0000e+00   2.4529e+02
20191116_00:00:00   1.3151e-01   3.7329e+01   3.0382e+00   0.0000e+00   0.0000e+00   2.4685e+02
20191116_03:00:00   1.4064e-01   3.9360e+01   3.2758e+00   0.0000e+00   0.0000e+00   2.4493e+02
20191116_06:00:00   1.4447e-01   4.0268e+01   3.3384e+00   0.0000e+00   5.7440e-06   2.4514e+02
20191116_09:00:00   1.3575e-01   3.8209e+01   3.1322e+00   0.0000e+00   3.7287e-04   2.4580e+02
20191116_12:00:00   1.2779e-01   3.6089e+01   3.0405e+00   0.0000e+00   8.5701e-03   2.4429e+02
20191116_15:00:00   1.3018e-01   3.6374e+01   3.1513e+00   0.0000e+00   3.8846e-02   2.4178e+02
20191116_18:00:00   1.3462e-01   3.7515e+01   3.2608e+00   0.0000e+00   1.7319e-04   2.4371e+02
20191116_21:00:00   1.3673e-01   3.8032e+01   3.3137e+00   0.0000e+00   2.0176e-03   2.4514e+02
20191117_00:00:00   1.5097e-01   4.1318e+01   3.6734e+00   0.0000e+00   1.0658e-03   2.4484e+02
20191117_03:00:00   1.7534e-01   4.6698e+01   4.2697e+00   0.0000e+00   1.9815e-03   2.4349e+02
20191117_06:00:00   2.1397e-01   5.5336e+01   5.1264e+00   0.0000e+00   3.9013e-04   2.4194e+02
20191117_09:00:00   2.4424e-01   6.1813e+01   5.7776e+00   0.0000e+00   6.1014e-03   2.4357e+02
20191117_12:00:00   2.3692e-01   6.0498e+01   5.5212e+00   0.0000e+00   5.6118e-05   2.4306e+02
