#            date       tau225        Tb[K]      pwv[mm] lwp[kg*m^-2] iwp[kg*m^-2]       o3[DU]
20191027_00:00:00   2.8872e-01   6.9913e+01   6.6551e+00   0.0000e+00   3.1900e-01   2.5797e+02
20191027_01:00:00   2.6477e-01   6.5184e+01   6.1788e+00   0.0000e+00   1.9491e-01   2.5834e+02
20191027_02:00:00   2.3671e-01   5.9535e+01   5.5566e+00   0.0000e+00   1.5001e-01   2.5882e+02
20191027_03:00:00   2.2346e-01   5.6820e+01   5.2580e+00   0.0000e+00   1.0934e-01   2.5959e+02
20191027_04:00:00   1.9925e-01   5.1899e+01   4.6731e+00   0.0000e+00   2.6020e-02   2.5990e+02
20191027_05:00:00   1.8038e-01   4.7847e+01   4.2088e+00   0.0000e+00   8.4352e-03   2.6234e+02
20191027_06:00:00   1.6337e-01   4.4106e+01   3.7935e+00   0.0000e+00   8.4176e-04   2.6361e+02
20191027_07:00:00   1.5697e-01   4.2763e+01   3.6049e+00   0.0000e+00   2.5260e-06   2.6509e+02
20191027_08:00:00   1.5643e-01   4.2713e+01   3.5706e+00   0.0000e+00   0.0000e+00   2.6734e+02
20191027_09:00:00   1.5369e-01   4.2112e+01   3.4937e+00   0.0000e+00   0.0000e+00   2.7032e+02
20191027_10:00:00   1.4801e-01   4.0862e+01   3.3511e+00   0.0000e+00   0.0000e+00   2.7271e+02
20191027_11:00:00   1.3878e-01   3.8794e+01   3.1233e+00   0.0000e+00   0.0000e+00   2.7189e+02
20191027_12:00:00   1.2699e-01   3.6098e+01   2.8373e+00   0.0000e+00   0.0000e+00   2.6920e+02
20191027_13:00:00   1.1428e-01   3.3129e+01   2.5359e+00   0.0000e+00   0.0000e+00   2.6879e+02
20191027_14:00:00   1.0481e-01   3.0875e+01   2.3121e+00   0.0000e+00   0.0000e+00   2.6693e+02
20191027_15:00:00   9.6497e-02   2.8918e+01   2.1078e+00   0.0000e+00   0.0000e+00   2.6704e+02
20191027_16:00:00   8.8055e-02   2.6931e+01   1.8916e+00   0.0000e+00   0.0000e+00   2.6775e+02
20191027_17:00:00   8.2681e-02   2.5660e+01   1.7518e+00   0.0000e+00   0.0000e+00   2.6704e+02
20191027_18:00:00   8.2671e-02   2.5676e+01   1.7491e+00   0.0000e+00   0.0000e+00   2.6626e+02
20191027_19:00:00   8.4252e-02   2.6068e+01   1.7874e+00   0.0000e+00   0.0000e+00   2.6518e+02
20191027_20:00:00   8.6180e-02   2.6557e+01   1.8324e+00   0.0000e+00   0.0000e+00   2.6481e+02
20191027_21:00:00   8.7217e-02   2.6822e+01   1.8573e+00   0.0000e+00   0.0000e+00   2.6359e+02
20191027_22:00:00   8.5375e-02   2.6395e+01   1.8130e+00   0.0000e+00   0.0000e+00   2.6158e+02
20191027_23:00:00   8.3087e-02   2.5837e+01   1.7599e+00   0.0000e+00   0.0000e+00   2.6102e+02
20191028_00:00:00   8.2904e-02   2.5790e+01   1.7549e+00   0.0000e+00   5.0540e-07   2.6255e+02
20191028_01:00:00   8.4156e-02   2.6095e+01   1.7868e+00   0.0000e+00   0.0000e+00   2.6355e+02
20191028_02:00:00   8.6176e-02   2.6613e+01   1.8316e+00   0.0000e+00   0.0000e+00   2.6257e+02
20191028_03:00:00   8.9241e-02   2.7389e+01   1.8982e+00   0.0000e+00   0.0000e+00   2.6234e+02
20191028_04:00:00   9.0547e-02   2.7715e+01   1.9251e+00   0.0000e+00   0.0000e+00   2.6246e+02
20191028_05:00:00   9.0305e-02   2.7652e+01   1.9191e+00   0.0000e+00   0.0000e+00   2.6214e+02
20191028_06:00:00   8.9762e-02   2.7519e+01   1.9082e+00   0.0000e+00   0.0000e+00   2.6230e+02
20191028_07:00:00   8.8611e-02   2.7243e+01   1.8796e+00   0.0000e+00   0.0000e+00   2.6281e+02
20191028_08:00:00   8.7100e-02   2.6869e+01   1.8461e+00   0.0000e+00   0.0000e+00   2.6211e+02
20191028_09:00:00   8.5606e-02   2.6480e+01   1.8172e+00   0.0000e+00   0.0000e+00   2.6082e+02
20191028_10:00:00   8.4548e-02   2.6193e+01   1.7996e+00   0.0000e+00   0.0000e+00   2.5935e+02
20191028_11:00:00   8.3180e-02   2.5828e+01   1.7720e+00   0.0000e+00   0.0000e+00   2.5859e+02
20191028_12:00:00   8.2636e-02   2.5694e+01   1.7569e+00   0.0000e+00   0.0000e+00   2.5859e+02
20191028_13:00:00   8.2767e-02   2.5714e+01   1.7639e+00   0.0000e+00   0.0000e+00   2.5832e+02
20191028_14:00:00   8.5204e-02   2.6255e+01   1.8421e+00   0.0000e+00   0.0000e+00   2.5711e+02
20191028_15:00:00   8.5398e-02   2.6270e+01   1.8561e+00   0.0000e+00   0.0000e+00   2.5626e+02
20191028_16:00:00   8.5678e-02   2.6328e+01   1.8677e+00   0.0000e+00   0.0000e+00   2.5618e+02
20191028_17:00:00   8.7644e-02   2.6787e+01   1.9227e+00   0.0000e+00   0.0000e+00   2.5700e+02
20191028_18:00:00   8.8858e-02   2.7061e+01   1.9585e+00   0.0000e+00   0.0000e+00   2.5937e+02
20191028_19:00:00   9.0474e-02   2.7420e+01   2.0102e+00   0.0000e+00   0.0000e+00   2.6092e+02
20191028_20:00:00   9.2395e-02   2.7870e+01   2.0658e+00   0.0000e+00   0.0000e+00   2.6001e+02
20191028_21:00:00   9.2199e-02   2.7817e+01   2.0636e+00   0.0000e+00   0.0000e+00   2.5921e+02
20191028_22:00:00   9.3309e-02   2.8072e+01   2.0981e+00   0.0000e+00   0.0000e+00   2.5859e+02
20191028_23:00:00   9.9180e-02   2.9483e+01   2.1709e+00   1.3420e-03   0.0000e+00   2.5823e+02
20191029_00:00:00   1.0672e-01   3.1318e+01   2.2434e+00   3.2280e-03   0.0000e+00   2.5744e+02
20191029_01:00:00   1.1285e-01   3.2765e+01   2.3298e+00   4.3850e-03   0.0000e+00   2.5656e+02
20191029_02:00:00   1.0496e-01   3.0722e+01   2.4185e+00   7.3790e-05   0.0000e+00   2.5657e+02
20191029_03:00:00   1.0935e-01   3.1757e+01   2.5307e+00   0.0000e+00   0.0000e+00   2.5610e+02
20191029_04:00:00   1.1158e-01   3.2276e+01   2.5874e+00   0.0000e+00   0.0000e+00   2.5502e+02
20191029_05:00:00   1.1360e-01   3.2755e+01   2.6279e+00   1.5250e-04   0.0000e+00   2.5439e+02
20191029_06:00:00   1.2290e-01   3.4912e+01   2.7878e+00   1.4690e-03   0.0000e+00   2.5379e+02
20191029_07:00:00   1.2624e-01   3.5597e+01   2.9266e+00   8.5630e-04   0.0000e+00   2.5427e+02
20191029_08:00:00   1.3097e-01   3.6596e+01   3.1131e+00   0.0000e+00   1.9642e-05   2.5451e+02
20191029_09:00:00   1.3452e-01   3.7444e+01   3.1859e+00   0.0000e+00   1.5576e-03   2.5413e+02
20191029_10:00:00   1.3705e-01   3.8087e+01   3.2264e+00   0.0000e+00   1.3704e-03   2.5400e+02
20191029_11:00:00   1.4173e-01   3.9181e+01   3.3285e+00   0.0000e+00   1.8819e-03   2.5343e+02
20191029_12:00:00   1.4491e-01   3.9958e+01   3.3866e+00   0.0000e+00   2.2119e-04   2.5309e+02
20191029_13:00:00   1.4902e-01   4.0935e+01   3.4690e+00   0.0000e+00   1.1276e-05   2.5299e+02
20191029_14:00:00   1.5307e-01   4.1898e+01   3.5487e+00   0.0000e+00   3.1320e-05   2.5351e+02
20191029_15:00:00   1.5993e-01   4.3507e+01   3.6893e+00   0.0000e+00   0.0000e+00   2.5347e+02
20191029_16:00:00   1.6841e-01   4.5414e+01   3.8779e+00   0.0000e+00   0.0000e+00   2.5276e+02
20191029_17:00:00   1.7608e-01   4.7129e+01   4.0466e+00   0.0000e+00   2.7520e-06   2.5182e+02
20191029_18:00:00   1.8079e-01   4.8146e+01   4.1503e+00   0.0000e+00   0.0000e+00   2.5247e+02
20191029_19:00:00   1.8371e-01   4.8767e+01   4.2120e+00   0.0000e+00   0.0000e+00   2.5406e+02
20191029_20:00:00   1.8739e-01   4.9550e+01   4.2960e+00   0.0000e+00   0.0000e+00   2.5491e+02
20191029_21:00:00   1.9130e-01   5.0376e+01   4.3906e+00   0.0000e+00   0.0000e+00   2.5468e+02
20191029_22:00:00   2.0801e-01   5.3869e+01   4.7626e+00   6.1260e-04   0.0000e+00   2.5424e+02
20191029_23:00:00   2.3051e-01   5.8587e+01   5.2087e+00   2.0230e-03   0.0000e+00   2.5439e+02
20191030_00:00:00   2.4513e-01   6.1650e+01   5.4453e+00   3.5390e-03   0.0000e+00   2.5463e+02
20191030_01:00:00   2.7490e-01   6.7708e+01   6.0177e+00   4.9200e-03   0.0000e+00   2.5383e+02
20191030_02:00:00   3.6157e-01   8.4753e+01   6.5410e+00   2.9847e-02   1.3764e-05   2.5378e+02
20191030_03:00:00   4.1733e-01   9.5012e+01   6.8176e+00   4.5574e-02   1.8718e-05   2.5427e+02
20191030_04:00:00   3.1286e-01   7.5429e+01   6.5028e+00   9.2030e-03   5.9443e-05   2.5475e+02
20191030_05:00:00   2.9008e-01   7.0912e+01   6.3270e+00   3.0934e-03   1.0266e-04   2.5528e+02
20191030_06:00:00   2.6311e-01   6.5424e+01   5.9329e+00   4.3840e-04   1.4776e-04   2.5527e+02
20191030_07:00:00   2.4577e-01   6.1875e+01   5.5544e+00   1.1140e-04   0.0000e+00   2.5593e+02
20191030_08:00:00   2.2075e-01   5.6707e+01   4.9760e+00   1.5600e-04   5.2380e-06   2.5644e+02
20191030_09:00:00   1.9482e-01   5.1228e+01   4.3722e+00   0.0000e+00   0.0000e+00   2.5547e+02
20191030_10:00:00   1.7479e-01   4.6892e+01   3.8928e+00   0.0000e+00   0.0000e+00   2.5548e+02
20191030_11:00:00   1.5755e-01   4.3076e+01   3.4798e+00   0.0000e+00   0.0000e+00   2.5492e+02
20191030_12:00:00   1.4253e-01   3.9665e+01   3.1346e+00   0.0000e+00   1.5892e-04   2.5357e+02
20191030_13:00:00   1.3346e-01   3.7589e+01   2.9267e+00   0.0000e+00   6.5820e-05   2.5347e+02
20191030_14:00:00   1.2744e-01   3.6190e+01   2.7848e+00   0.0000e+00   1.3802e-03   2.5431e+02
20191030_15:00:00   1.1978e-01   3.4444e+01   2.5946e+00   0.0000e+00   1.6276e-03   2.5562e+02
20191030_16:00:00   1.1004e-01   3.2219e+01   2.3501e+00   0.0000e+00   2.4397e-03   2.5617e+02
20191030_17:00:00   1.0068e-01   3.0014e+01   2.1252e+00   0.0000e+00   1.6615e-03   2.5497e+02
20191030_18:00:00   9.5026e-02   2.8705e+01   1.9770e+00   0.0000e+00   7.5380e-04   2.5568e+02
20191030_19:00:00   9.3565e-02   2.8360e+01   1.9388e+00   0.0000e+00   1.2034e-03   2.5650e+02
20191030_20:00:00   9.3256e-02   2.8299e+01   1.9263e+00   0.0000e+00   2.2740e-04   2.5771e+02
20191030_21:00:00   9.1763e-02   2.7931e+01   1.8968e+00   0.0000e+00   4.8923e-04   2.5806e+02
20191030_22:00:00   9.2551e-02   2.8121e+01   1.9144e+00   0.0000e+00   1.7870e-03   2.5721e+02
20191030_23:00:00   1.0324e-01   3.0687e+01   2.1690e+00   0.0000e+00   1.5446e-03   2.5627e+02
20191031_00:00:00   1.1903e-01   3.4446e+01   2.5194e+00   7.4560e-05   2.5098e-03   2.5585e+02
20191031_01:00:00   1.3121e-01   3.7361e+01   2.7439e+00   7.4290e-04   3.7179e-04   2.5507e+02
20191031_02:00:00   1.2136e-01   3.5082e+01   2.5611e+00   0.0000e+00   5.6856e-06   2.5476e+02
20191031_03:00:00   1.0457e-01   3.1125e+01   2.1705e+00   0.0000e+00   2.0064e-05   2.5512e+02
20191031_04:00:00   9.7880e-02   2.9497e+01   2.0236e+00   0.0000e+00   2.3615e-04   2.5570e+02
20191031_05:00:00   9.0616e-02   2.7731e+01   1.8584e+00   0.0000e+00   1.7367e-05   2.5592e+02
20191031_06:00:00   9.2082e-02   2.8066e+01   1.8956e+00   0.0000e+00   3.2903e-05   2.5683e+02
20191031_07:00:00   9.0760e-02   2.7731e+01   1.8690e+00   0.0000e+00   2.9801e-04   2.5802e+02
20191031_08:00:00   9.0669e-02   2.7736e+01   1.8602e+00   0.0000e+00   0.0000e+00   2.5900e+02
20191031_09:00:00   9.1861e-02   2.8007e+01   1.8915e+00   0.0000e+00   0.0000e+00   2.5809e+02
20191031_10:00:00   9.0250e-02   2.7629e+01   1.8539e+00   0.0000e+00   0.0000e+00   2.5742e+02
20191031_11:00:00   9.0512e-02   2.7666e+01   1.8679e+00   0.0000e+00   1.0927e-04   2.5645e+02
20191031_12:00:00   9.0475e-02   2.7625e+01   1.8769e+00   0.0000e+00   1.2232e-05   2.5610e+02
20191031_13:00:00   9.1111e-02   2.7739e+01   1.9064e+00   0.0000e+00   1.4070e-03   2.5547e+02
20191031_14:00:00   8.8439e-02   2.7082e+01   1.8508e+00   0.0000e+00   1.8800e-03   2.5573e+02
20191031_15:00:00   8.5129e-02   2.6263e+01   1.7784e+00   0.0000e+00   4.0120e-04   2.5625e+02
20191031_16:00:00   8.3704e-02   2.5896e+01   1.7543e+00   0.0000e+00   1.6127e-03   2.5545e+02
20191031_17:00:00   8.4885e-02   2.6169e+01   1.7888e+00   0.0000e+00   9.3383e-04   2.5447e+02
20191031_18:00:00   8.7351e-02   2.6756e+01   1.8527e+00   0.0000e+00   1.8990e-03   2.5625e+02
20191031_19:00:00   8.8115e-02   2.6928e+01   1.8741e+00   0.0000e+00   2.0043e-03   2.5825e+02
20191031_20:00:00   9.0288e-02   2.7425e+01   1.9386e+00   0.0000e+00   2.4609e-03   2.5891e+02
20191031_21:00:00   9.2080e-02   2.7841e+01   1.9843e+00   0.0000e+00   4.2748e-03   2.5901e+02
20191031_22:00:00   9.3042e-02   2.8063e+01   2.0138e+00   0.0000e+00   5.3612e-03   2.5836e+02
20191031_23:00:00   9.9885e-02   2.9717e+01   2.1745e+00   0.0000e+00   3.4476e-03   2.5764e+02
20191101_00:00:00   1.0365e-01   3.0606e+01   2.2587e+00   0.0000e+00   4.2868e-03   2.5646e+02
20191101_03:00:00   9.6440e-02   2.8859e+01   2.0984e+00   0.0000e+00   6.3698e-03   2.5438e+02
20191101_06:00:00   8.7075e-02   2.6603e+01   1.8688e+00   0.0000e+00   2.3703e-03   2.5367e+02
20191101_09:00:00   7.6412e-02   2.4009e+01   1.5983e+00   0.0000e+00   1.2870e-03   2.5326e+02
20191101_12:00:00   7.0167e-02   2.2373e+01   1.4657e+00   0.0000e+00   1.8936e-02   2.5326e+02
20191101_15:00:00   6.4017e-02   2.0850e+01   1.3185e+00   0.0000e+00   7.3142e-03   2.5403e+02
20191101_18:00:00   5.6409e-02   1.9003e+01   1.1146e+00   0.0000e+00   5.1344e-04   2.5466e+02
20191101_21:00:00   5.9973e-02   1.9818e+01   1.2271e+00   0.0000e+00   0.0000e+00   2.5475e+02
20191102_00:00:00   8.3730e-02   2.5690e+01   1.8170e+00   0.0000e+00   2.6100e-05   2.5550e+02
20191102_03:00:00   9.5126e-02   2.8497e+01   2.0852e+00   0.0000e+00   1.2750e-05   2.5442e+02
20191102_06:00:00   8.9260e-02   2.7063e+01   1.9535e+00   0.0000e+00   0.0000e+00   2.5327e+02
20191102_09:00:00   8.0630e-02   2.4944e+01   1.7469e+00   0.0000e+00   0.0000e+00   2.5338e+02
20191102_12:00:00   7.9624e-02   2.4733e+01   1.7153e+00   0.0000e+00   0.0000e+00   2.5221e+02
20191102_15:00:00   7.5430e-02   2.3716e+01   1.6047e+00   0.0000e+00   0.0000e+00   2.5096e+02
20191102_18:00:00   8.1403e-02   2.5204e+01   1.7475e+00   0.0000e+00   0.0000e+00   2.5197e+02
20191102_21:00:00   1.2087e-01   3.4788e+01   2.6668e+00   0.0000e+00   0.0000e+00   2.5323e+02
20191103_00:00:00   2.2107e-01   5.7502e+01   3.9615e+00   1.6648e-02   0.0000e+00   2.5089e+02
20191103_03:00:00   4.3192e-01   9.8697e+01   5.2890e+00   7.4981e-02   7.7081e-06   2.4957e+02
20191103_06:00:00   2.5375e-01   6.4404e+01   4.7876e+00   1.2558e-02   0.0000e+00   2.5088e+02
20191103_09:00:00   2.1938e-01   5.6800e+01   4.8102e+00   4.1840e-04   0.0000e+00   2.5059e+02
20191103_12:00:00   2.2363e-01   5.7631e+01   4.9217e+00   0.0000e+00   0.0000e+00   2.4883e+02
20191103_15:00:00   2.0691e-01   5.4004e+01   4.5731e+00   0.0000e+00   0.0000e+00   2.4838e+02
20191103_18:00:00   1.7144e-01   4.6376e+01   3.7519e+00   0.0000e+00   0.0000e+00   2.4886e+02
20191103_21:00:00   1.7043e-01   4.6176e+01   3.7093e+00   0.0000e+00   0.0000e+00   2.4833e+02
20191104_00:00:00   1.7485e-01   4.7141e+01   3.8270e+00   0.0000e+00   2.0420e-22   2.4843e+02
20191104_03:00:00   1.3065e-01   3.7120e+01   2.8423e+00   0.0000e+00   0.0000e+00   2.4725e+02
20191104_06:00:00   1.2713e-01   3.6335e+01   2.7436e+00   0.0000e+00   0.0000e+00   2.4664e+02
20191104_09:00:00   1.3502e-01   3.8155e+01   2.9127e+00   0.0000e+00   0.0000e+00   2.4504e+02
20191104_12:00:00   1.5565e-01   4.2830e+01   3.3988e+00   0.0000e+00   1.8410e-03   2.4302e+02
20191104_15:00:00   1.5131e-01   4.1894e+01   3.2791e+00   0.0000e+00   1.8177e-04   2.4000e+02
20191104_18:00:00   1.5733e-01   4.3272e+01   3.3965e+00   0.0000e+00   1.0108e-06   2.4146e+02
20191104_21:00:00   1.9373e-01   5.1435e+01   4.1605e+00   0.0000e+00   1.2634e-06   2.4286e+02
20191105_00:00:00   2.0766e-01   5.4385e+01   4.5322e+00   0.0000e+00   1.9064e-04   2.4216e+02
20191105_03:00:00   2.2125e-01   5.7281e+01   4.8216e+00   0.0000e+00   2.9608e-03   2.4153e+02
20191105_06:00:00   2.2703e-01   5.8380e+01   5.0071e+00   0.0000e+00   6.9378e-03   2.4142e+02
20191105_09:00:00   2.4498e-01   6.1909e+01   5.4535e+00   0.0000e+00   2.1349e-02   2.4256e+02
20191105_12:00:00   2.5873e-01   6.4534e+01   5.8475e+00   0.0000e+00   5.3185e-03   2.4047e+02
20191105_15:00:00   2.6520e-01   6.5616e+01   6.0940e+00   0.0000e+00   1.8415e-02   2.3933e+02
20191105_18:00:00   2.9523e-01   7.1427e+01   6.8062e+00   0.0000e+00   4.3570e-02   2.3998e+02
20191105_21:00:00   2.8286e-01   6.9157e+01   6.5430e+00   0.0000e+00   2.7660e-03   2.4095e+02
20191106_00:00:00   3.1405e-01   7.5105e+01   7.3150e+00   0.0000e+00   4.8826e-03   2.3981e+02
20191106_03:00:00   3.4650e-01   8.1277e+01   8.0003e+00   0.0000e+00   2.3742e-03   2.3835e+02
20191106_06:00:00   3.5607e-01   8.2921e+01   8.1720e+00   0.0000e+00   1.7922e-01   2.3852e+02
20191106_09:00:00   3.6681e-01   8.5007e+01   8.4899e+00   0.0000e+00   1.7674e-02   2.3962e+02
20191106_12:00:00   4.0425e-01   9.1625e+01   9.2301e+00   0.0000e+00   1.3656e-01   2.3742e+02
20191106_15:00:00   4.9354e-01   1.0669e+02   1.0802e+01   0.0000e+00   3.7370e-01   2.3649e+02
20191106_18:00:00   5.2545e-01   1.1219e+02   1.1414e+01   0.0000e+00   1.7057e-01   2.3863e+02
20191106_21:00:00   4.7335e-01   1.0387e+02   1.0520e+01   0.0000e+00   4.3878e-02   2.3810e+02
20191107_00:00:00   4.7189e-01   1.0356e+02   1.0412e+01   0.0000e+00   1.0072e-01   2.3776e+02
20191107_03:00:00   4.6563e-01   1.0253e+02   1.0323e+01   0.0000e+00   1.8067e-02   2.3706e+02
20191107_06:00:00   4.5295e-01   1.0039e+02   1.0129e+01   0.0000e+00   5.9097e-02   2.3799e+02
20191107_09:00:00   4.2515e-01   9.5633e+01   9.5290e+00   0.0000e+00   1.1156e-01   2.3785e+02
20191107_12:00:00   4.1060e-01   9.3047e+01   9.2342e+00   0.0000e+00   9.4791e-02   2.3922e+02
20191107_15:00:00   3.8569e-01   8.8736e+01   8.6798e+00   0.0000e+00   3.7879e-02   2.4082e+02
20191107_18:00:00   3.1351e-01   7.5592e+01   7.0425e+00   0.0000e+00   3.2966e-02   2.4283e+02
20191107_21:00:00   2.5597e-01   6.4276e+01   5.8311e+00   0.0000e+00   1.6781e-02   2.4409e+02
20191108_00:00:00   2.1814e-01   5.6327e+01   4.9391e+00   0.0000e+00   1.2658e-01   2.4655e+02
20191108_03:00:00   1.9285e-01   5.1035e+01   4.3485e+00   0.0000e+00   2.0567e-02   2.4652e+02
20191108_06:00:00   1.3815e-01   3.9043e+01   3.0506e+00   0.0000e+00   1.1411e-02   2.4472e+02
20191108_09:00:00   1.0467e-01   3.1300e+01   2.2313e+00   0.0000e+00   3.0713e-05   2.4723e+02
20191108_12:00:00   9.8453e-02   2.9761e+01   2.0933e+00   0.0000e+00   0.0000e+00   2.4721e+02
20191108_15:00:00   8.7836e-02   2.7115e+01   1.8584e+00   0.0000e+00   0.0000e+00   2.4806e+02
20191108_18:00:00   7.5588e-02   2.4056e+01   1.5733e+00   0.0000e+00   0.0000e+00   2.4876e+02
20191108_21:00:00   7.1052e-02   2.2922e+01   1.4736e+00   0.0000e+00   0.0000e+00   2.4752e+02
20191109_00:00:00   6.8540e-02   2.2312e+01   1.4121e+00   0.0000e+00   0.0000e+00   2.4745e+02
20191109_03:00:00   6.6070e-02   2.1663e+01   1.3565e+00   0.0000e+00   8.1017e-04   2.4631e+02
20191109_06:00:00   6.5587e-02   2.1467e+01   1.3547e+00   0.0000e+00   5.0408e-03   2.4735e+02
20191109_09:00:00   6.8913e-02   2.2203e+01   1.4568e+00   0.0000e+00   5.0643e-03   2.4984e+02
20191109_12:00:00   7.1710e-02   2.2952e+01   1.5104e+00   0.0000e+00   3.8553e-04   2.4975e+02
20191109_15:00:00   9.7503e-02   2.9181e+01   2.1676e+00   0.0000e+00   3.8861e-05   2.4883e+02
20191109_18:00:00   1.0989e-01   3.2056e+01   2.5084e+00   0.0000e+00   1.8230e-03   2.4758e+02
20191109_21:00:00   1.1478e-01   3.3229e+01   2.6313e+00   0.0000e+00   6.3900e-04   2.4762e+02
20191110_00:00:00   1.6238e-01   4.3992e+01   3.8437e+00   0.0000e+00   1.1058e-03   2.4933e+02
20191110_03:00:00   2.0517e-01   5.3203e+01   4.9165e+00   7.6590e-05   7.9965e-04   2.4745e+02
20191110_06:00:00   2.2538e-01   5.7347e+01   5.4338e+00   0.0000e+00   9.1379e-03   2.4719e+02
20191110_09:00:00   2.5919e-01   6.4271e+01   6.2187e+00   0.0000e+00   3.4244e-03   2.4810e+02
20191110_12:00:00   2.9845e-01   7.2010e+01   7.0806e+00   0.0000e+00   1.6829e-03   2.4769e+02
20191110_15:00:00   2.9371e-01   7.1162e+01   6.9467e+00   0.0000e+00   4.1503e-04   2.4803e+02
20191110_18:00:00   3.8754e-01   8.8868e+01   8.8959e+00   0.0000e+00   3.7290e-02   2.4621e+02
20191110_21:00:00   4.4331e-01   9.8973e+01   9.8970e+00   0.0000e+00   7.5554e-03   2.4440e+02
20191111_00:00:00   4.8324e-01   1.0592e+02   1.0394e+01   2.8064e-03   1.6069e-04   2.4457e+02
20191111_03:00:00   9.8099e-01   1.7129e+02   1.1378e+01   1.8755e-01   3.4390e-02   2.4474e+02
20191111_06:00:00   4.6422e-01   1.0262e+02   1.0233e+01   1.7926e-03   5.1321e-03   2.4441e+02
20191111_09:00:00   4.1187e-01   9.3334e+01   9.4342e+00   0.0000e+00   2.9915e-02   2.4472e+02
20191111_12:00:00   4.2368e-01   9.5428e+01   9.6445e+00   0.0000e+00   8.4717e-04   2.4237e+02
20191111_15:00:00   4.7352e-01   1.0415e+02   1.0500e+01   0.0000e+00   9.6823e-04   2.4094e+02
20191111_18:00:00   4.7702e-01   1.0469e+02   1.0599e+01   0.0000e+00   2.6734e-03   2.3935e+02
20191111_21:00:00   5.1291e-01   1.1038e+02   1.1349e+01   0.0000e+00   1.9838e-01   2.3991e+02
20191112_00:00:00   8.9826e-01   1.6189e+02   1.3162e+01   1.1219e-01   8.2906e-01   2.4104e+02
