#            date       tau225        Tb[K]      pwv[mm] lwp[kg*m^-2] iwp[kg*m^-2]       o3[DU]
20191010_12:00:00   6.6185e-01   1.3328e+02   1.1954e+01   4.1257e-02   4.0111e-02   2.5399e+02
20191010_13:00:00   5.8462e-01   1.2204e+02   1.1929e+01   1.0415e-02   3.9043e-02   2.5241e+02
20191010_14:00:00   0.0000e+00   2.7000e+00   0.0000e+00   0.0000e+00   0.0000e+00   0.0000e+00
20191010_15:00:00   2.6659e-01   6.9506e+01   4.9837e+00   0.0000e+00   0.0000e+00   2.7256e+02
20191010_16:00:00   6.8285e-01   1.3598e+02   1.2180e+01   4.6024e-02   1.0670e-01   2.5297e+02
20191010_17:00:00   5.4743e-01   1.1646e+02   1.1683e+01   1.6702e-03   2.2510e-02   2.5250e+02
20191010_18:00:00   0.0000e+00   0.0000e+00   0.0000e+00   0.0000e+00   0.0000e+00   0.0000e+00
20191010_19:00:00   0.0000e+00   0.0000e+00   0.0000e+00   0.0000e+00   0.0000e+00   0.0000e+00
20191010_20:00:00   5.4550e-01   1.1629e+02   1.1817e+01   0.0000e+00   7.5446e-04   2.5268e+02
20191010_21:00:00   5.6907e-01   1.1984e+02   1.2305e+01   0.0000e+00   1.7858e-03   2.5336e+02
20191010_22:00:00   0.0000e+00   0.0000e+00   0.0000e+00   0.0000e+00   0.0000e+00   0.0000e+00
20191011_00:00:00   0.0000e+00   2.7000e+00   0.0000e+00   0.0000e+00   0.0000e+00   0.0000e+00
20191011_01:00:00   2.3825e+00   2.4773e+02   1.3755e+01   7.4804e-01   6.6179e-01   2.4988e+02
20191011_02:00:00   0.0000e+00   2.7000e+00   0.0000e+00   0.0000e+00   0.0000e+00   0.0000e+00
20191011_03:00:00   5.9728e-01   1.2330e+02   1.2856e+01   1.3280e-05   5.7013e-01   2.4999e+02
20191011_04:00:00   5.8906e-01   1.2222e+02   1.2728e+01   8.4380e-06   5.2797e-01   2.4962e+02
20191011_05:00:00   0.0000e+00   0.0000e+00   0.0000e+00   0.0000e+00   0.0000e+00   0.0000e+00
20191011_06:00:00   5.8977e-01   1.2252e+02   1.2732e+01   1.2635e-03   2.5849e-01   2.4772e+02
20191011_07:00:00   0.0000e+00   2.7000e+00   0.0000e+00   0.0000e+00   0.0000e+00   0.0000e+00
20191011_08:00:00   9.9886e-01   1.7294e+02   1.3147e+01   1.6063e-01   1.3521e-01   2.4604e+02
20191011_09:00:00   0.0000e+00   0.0000e+00   0.0000e+00   0.0000e+00   0.0000e+00   0.0000e+00
20191011_10:00:00   1.6169e+00   2.1972e+02   1.3332e+01   4.0793e-01   1.0041e-01   2.4508e+02
20191011_11:00:00   0.0000e+00   0.0000e+00   0.0000e+00   0.0000e+00   0.0000e+00   0.0000e+00
20191011_13:00:00   5.6918e-01   1.1936e+02   1.2256e+01   1.7874e-03   1.2693e-01   2.4446e+02
20191011_14:00:00   5.4736e-01   1.1602e+02   1.1964e+01   0.0000e+00   1.1686e-01   2.4420e+02
20191011_15:00:00   5.4277e-01   1.1538e+02   1.1928e+01   0.0000e+00   5.2890e-02   2.4449e+02
20191011_16:00:00   5.0001e-01   1.0859e+02   1.1177e+01   0.0000e+00   1.2878e-02   2.4486e+02
20191011_17:00:00   0.0000e+00   0.0000e+00   0.0000e+00   0.0000e+00   0.0000e+00   0.0000e+00
20191011_18:00:00   0.0000e+00   0.0000e+00   0.0000e+00   0.0000e+00   0.0000e+00   0.0000e+00
20191011_19:00:00   0.0000e+00   0.0000e+00   0.0000e+00   0.0000e+00   0.0000e+00   0.0000e+00
20191011_20:00:00   3.9899e-01   9.1654e+01   9.1504e+00   0.0000e+00   1.1862e-04   2.4385e+02
20191011_21:00:00   3.4427e-01   8.1724e+01   7.9723e+00   0.0000e+00   8.2044e-05   2.4412e+02
20191011_22:00:00   2.5359e-01   6.3963e+01   5.9590e+00   0.0000e+00   6.8323e-05   2.4405e+02
20191011_23:00:00   1.9762e-01   5.2188e+01   4.6557e+00   0.0000e+00   5.6438e-05   2.4350e+02
20191012_00:00:00   1.6560e-01   4.5152e+01   3.8882e+00   0.0000e+00   1.3150e-04   2.4337e+02
20191012_01:00:00   1.5443e-01   4.2779e+01   3.2909e+00   5.1140e-03   7.4782e-06   2.4474e+02
20191012_02:00:00   1.2726e-01   3.6390e+01   2.8938e+00   9.6930e-04   6.4067e-05   2.4515e+02
20191012_03:00:00   0.0000e+00   0.0000e+00   0.0000e+00   0.0000e+00   0.0000e+00   0.0000e+00
20191012_04:00:00   8.3758e-02   2.5920e+01   1.8796e+00   0.0000e+00   2.2784e-03   2.4302e+02
20191012_06:00:00   3.9899e-01   9.1654e+01   9.1505e+00   0.0000e+00   1.1862e-04   2.4268e+02
20191012_07:00:00   7.5975e-02   2.3974e+01   1.6882e+00   0.0000e+00   6.3583e-03   2.4322e+02
20191012_09:00:00   7.4933e-02   2.3665e+01   1.6767e+00   0.0000e+00   6.3797e-03   2.4495e+02
20191012_10:00:00   0.0000e+00   0.0000e+00   0.0000e+00   0.0000e+00   0.0000e+00   0.0000e+00
20191012_11:00:00   7.0496e-02   2.2553e+01   1.5697e+00   0.0000e+00   3.2105e-03   2.4651e+02
20191012_13:00:00   6.7415e-02   2.1772e+01   1.4936e+00   0.0000e+00   4.6860e-03   2.4359e+02
20191012_14:00:00   0.0000e+00   2.7000e+00   0.0000e+00   0.0000e+00   0.0000e+00   0.0000e+00
20191012_15:00:00   6.6246e-02   2.1475e+01   1.4679e+00   0.0000e+00   1.8170e-03   2.4398e+02
20191012_16:00:00   6.5779e-02   2.1362e+01   1.4567e+00   0.0000e+00   5.5718e-04   2.4390e+02
20191012_17:00:00   0.0000e+00   2.7000e+00   0.0000e+00   0.0000e+00   0.0000e+00   0.0000e+00
20191012_18:00:00   6.7973e-02   2.1878e+01   1.5256e+00   0.0000e+00   2.4486e-03   2.4304e+02
20191012_19:00:00   6.8149e-02   2.1906e+01   1.5345e+00   0.0000e+00   2.4024e-03   2.4293e+02
20191012_21:00:00   6.7159e-02   2.1666e+01   1.5103e+00   0.0000e+00   9.5715e-04   2.4480e+02
20191013_00:00:00   0.0000e+00   2.7000e+00   0.0000e+00   0.0000e+00   0.0000e+00   0.0000e+00
20191013_01:00:00   7.3379e-02   2.3227e+01   1.6761e+00   0.0000e+00   2.3382e-03   2.4629e+02
20191013_02:00:00   7.8012e-02   2.4414e+01   1.7882e+00   0.0000e+00   2.3021e-03   2.4528e+02
20191013_03:00:00   0.0000e+00   0.0000e+00   0.0000e+00   0.0000e+00   0.0000e+00   0.0000e+00
20191013_04:00:00   8.5944e-02   2.6530e+01   1.9449e+00   0.0000e+00   1.1638e-03   2.4478e+02
20191013_06:00:00   9.3190e-02   2.8413e+01   2.0893e+00   0.0000e+00   2.3565e-05   2.4629e+02
20191013_07:00:00   9.1230e-02   2.7948e+01   2.0341e+00   0.0000e+00   0.0000e+00   2.4664e+02
20191013_08:00:00   8.9729e-02   2.7579e+01   1.9954e+00   0.0000e+00   4.8942e-05   2.4539e+02
20191013_09:00:00   8.8507e-02   2.7269e+01   1.9657e+00   0.0000e+00   8.0467e-04   2.4429e+02
20191013_10:00:00   0.0000e+00   2.7000e+00   0.0000e+00   0.0000e+00   0.0000e+00   0.0000e+00
20191013_12:00:00   0.0000e+00   0.0000e+00   0.0000e+00   0.0000e+00   0.0000e+00   0.0000e+00
20191013_13:00:00   8.5705e-02   2.6569e+01   1.8932e+00   0.0000e+00   5.8907e-04   2.4618e+02
20191013_14:00:00   8.3959e-02   2.6146e+01   1.8488e+00   0.0000e+00   1.7554e-04   2.4757e+02
20191013_15:00:00   0.0000e+00   0.0000e+00   0.0000e+00   0.0000e+00   0.0000e+00   0.0000e+00
20191013_16:00:00   0.0000e+00   0.0000e+00   0.0000e+00   0.0000e+00   0.0000e+00   0.0000e+00
20191013_17:00:00   0.0000e+00   0.0000e+00   0.0000e+00   0.0000e+00   0.0000e+00   0.0000e+00
20191013_18:00:00   8.3131e-02   2.5968e+01   1.8093e+00   0.0000e+00   2.6560e-07   2.4984e+02
20191013_19:00:00   8.5705e-02   2.6569e+01   1.8932e+00   0.0000e+00   5.8907e-04   2.4618e+02
20191013_20:00:00   0.0000e+00   0.0000e+00   0.0000e+00   0.0000e+00   0.0000e+00   0.0000e+00
20191013_21:00:00   0.0000e+00   2.7000e+00   0.0000e+00   0.0000e+00   0.0000e+00   0.0000e+00
20191013_22:00:00   1.2464e-01   3.5618e+01   2.9784e+00   0.0000e+00   8.2580e-06   2.5135e+02
20191013_23:00:00   1.2265e-01   3.5112e+01   2.9368e+00   0.0000e+00   3.0280e-05   2.5076e+02
20191014_00:00:00   1.2377e-01   3.5312e+01   2.9812e+00   0.0000e+00   1.0626e-04   2.5053e+02
20191014_01:00:00   0.0000e+00   0.0000e+00   0.0000e+00   0.0000e+00   0.0000e+00   0.0000e+00
20191014_02:00:00   0.0000e+00   0.0000e+00   0.0000e+00   0.0000e+00   0.0000e+00   0.0000e+00
20191014_03:00:00   1.3111e-01   3.6929e+01   3.1880e+00   0.0000e+00   0.0000e+00   2.5154e+02
20191014_06:00:00   0.0000e+00   0.0000e+00   0.0000e+00   0.0000e+00   0.0000e+00   0.0000e+00
20191014_08:00:00   7.2491e-02   2.2973e+01   1.5144e+00   0.0000e+00   8.6278e-03   2.5682e+02
20191014_09:00:00   1.4282e-01   3.9866e+01   3.4133e+00   0.0000e+00   1.6318e-06   2.5451e+02
20191014_10:00:00   1.6512e-01   4.4979e+01   3.9491e+00   0.0000e+00   7.0862e-05   2.5308e+02
20191014_11:00:00   0.0000e+00   2.7000e+00   0.0000e+00   0.0000e+00   0.0000e+00   0.0000e+00
20191014_12:00:00   1.9678e-01   5.2172e+01   4.6453e+00   0.0000e+00   9.9085e-05   2.5206e+02
20191014_13:00:00   1.9617e-01   5.2087e+01   4.6184e+00   0.0000e+00   4.9146e-05   2.5176e+02
20191014_14:00:00   1.9456e-01   5.1715e+01   4.5888e+00   0.0000e+00   3.3377e-04   2.5170e+02
20191014_15:00:00   0.0000e+00   0.0000e+00   0.0000e+00   0.0000e+00   0.0000e+00   0.0000e+00
20191014_16:00:00   1.1218e-01   3.2692e+01   2.3739e+00   7.2260e-06   3.0834e-02   2.5892e+02
20191014_17:00:00   9.9929e-02   2.9783e+01   2.1252e+00   0.0000e+00   8.7960e-03   2.5847e+02
20191014_18:00:00   1.9846e-01   5.2492e+01   4.7203e+00   0.0000e+00   1.5634e-04   2.5108e+02
20191014_19:00:00   0.0000e+00   0.0000e+00   0.0000e+00   0.0000e+00   0.0000e+00   0.0000e+00
20191014_20:00:00   0.0000e+00   0.0000e+00   0.0000e+00   0.0000e+00   0.0000e+00   0.0000e+00
20191014_21:00:00   2.1902e-01   5.6948e+01   5.2113e+00   0.0000e+00   3.8360e-05   2.5211e+02
20191014_23:00:00   0.0000e+00   0.0000e+00   0.0000e+00   0.0000e+00   0.0000e+00   0.0000e+00
20191015_00:00:00   2.1150e-01   5.5130e+01   5.0805e+00   0.0000e+00   2.9312e-05   2.5230e+02
20191015_01:00:00   1.9862e-01   5.2342e+01   4.7697e+00   0.0000e+00   3.7360e-05   2.5196e+02
20191015_02:00:00   0.0000e+00   2.7000e+00   0.0000e+00   0.0000e+00   0.0000e+00   0.0000e+00
20191015_03:00:00   1.9166e-01   5.0950e+01   4.5766e+00   0.0000e+00   3.9711e-06   2.5222e+02
20191015_04:00:00   1.8902e-01   5.0353e+01   4.5093e+00   0.0000e+00   3.6939e-06   2.5213e+02
20191015_06:00:00   1.7159e-01   4.6485e+01   4.0755e+00   0.0000e+00   4.0458e-06   2.5174e+02
20191015_07:00:00   0.0000e+00   0.0000e+00   0.0000e+00   0.0000e+00   0.0000e+00   0.0000e+00
20191015_08:00:00   0.0000e+00   2.7000e+00   0.0000e+00   0.0000e+00   0.0000e+00   0.0000e+00
20191015_09:00:00   0.0000e+00   0.0000e+00   0.0000e+00   0.0000e+00   0.0000e+00   0.0000e+00
20191015_10:00:00   1.2808e-01   3.6622e+01   2.9801e+00   0.0000e+00   1.6318e-06   2.5583e+02
20191015_11:00:00   0.0000e+00   0.0000e+00   0.0000e+00   0.0000e+00   0.0000e+00   0.0000e+00
20191015_12:00:00   0.0000e+00   0.0000e+00   0.0000e+00   0.0000e+00   0.0000e+00   0.0000e+00
20191015_18:00:00   4.7799e-02   1.6922e+01   9.3084e-01   0.0000e+00   0.0000e+00   2.5431e+02
20191015_21:00:00   5.5735e-02   1.8880e+01   1.1730e+00   0.0000e+00   0.0000e+00   2.5692e+02
20191016_00:00:00   1.2370e-01   3.5495e+01   2.9138e+00   0.0000e+00   2.9211e-03   2.5671e+02
20191016_03:00:00   2.2020e-01   5.7020e+01   5.2515e+00   0.0000e+00   1.7228e-02   2.5675e+02
20191016_12:00:00   0.0000e+00   0.0000e+00   0.0000e+00   0.0000e+00   0.0000e+00   0.0000e+00
20191016_15:00:00   2.4750e-01   6.3128e+01   5.6080e+00   0.0000e+00   4.2165e-04   2.6167e+02
20191016_18:00:00   2.3836e-01   6.1276e+01   5.3598e+00   0.0000e+00   2.9243e-05   2.6511e+02
20191016_21:00:00   2.4103e-01   6.1775e+01   5.4264e+00   0.0000e+00   2.5260e-06   2.6467e+02
20191017_00:00:00   0.0000e+00   0.0000e+00   0.0000e+00   0.0000e+00   0.0000e+00   0.0000e+00
20191017_03:00:00   0.0000e+00   0.0000e+00   0.0000e+00   0.0000e+00   0.0000e+00   0.0000e+00
20191017_06:00:00   0.0000e+00   0.0000e+00   0.0000e+00   0.0000e+00   0.0000e+00   0.0000e+00
20191017_09:00:00   0.0000e+00   0.0000e+00   0.0000e+00   0.0000e+00   0.0000e+00   0.0000e+00
20191017_12:00:00   0.0000e+00   0.0000e+00   0.0000e+00   0.0000e+00   0.0000e+00   0.0000e+00
20191017_15:00:00   2.6221e-01   6.5670e+01   5.8490e+00   0.0000e+00   0.0000e+00   2.6644e+02
20191017_18:00:00   2.5439e-01   6.3941e+01   5.6861e+00   0.0000e+00   0.0000e+00   2.6868e+02
20191017_21:00:00   0.0000e+00   0.0000e+00   0.0000e+00   0.0000e+00   0.0000e+00   0.0000e+00
20191018_00:00:00   3.3658e-01   8.0373e+01   6.0205e+00   2.6120e-02   0.0000e+00   2.7273e+02
20191018_03:00:00   0.0000e+00   0.0000e+00   0.0000e+00   0.0000e+00   0.0000e+00   0.0000e+00
20191018_06:00:00   4.6299e-01   1.0375e+02   9.4917e+00   0.0000e+00   0.0000e+00   2.7115e+02
20191018_09:00:00   5.3108e-01   1.1569e+02   1.0615e+01   0.0000e+00   0.0000e+00   2.7060e+02
20191018_12:00:00   0.0000e+00   0.0000e+00   0.0000e+00   0.0000e+00   0.0000e+00   0.0000e+00
20191018_15:00:00   0.0000e+00   2.7000e+00   0.0000e+00   0.0000e+00   0.0000e+00   0.0000e+00
20191018_18:00:00   0.0000e+00   2.7000e+00   0.0000e+00   0.0000e+00   0.0000e+00   0.0000e+00
20191018_21:00:00   1.0078e-01   2.9951e+01   2.0435e+00   0.0000e+00   3.1702e-04   2.5711e+02
20191019_00:00:00   0.0000e+00   2.7000e+00   0.0000e+00   0.0000e+00   0.0000e+00   0.0000e+00
20191019_03:00:00   2.4656e-01   6.2187e+01   5.3357e+00   0.0000e+00   0.0000e+00   2.6409e+02
20191019_09:00:00   2.3091e-01   5.8960e+01   4.9918e+00   0.0000e+00   0.0000e+00   2.6430e+02
20191019_12:00:00   2.3761e-01   6.0371e+01   5.1318e+00   0.0000e+00   0.0000e+00   2.6035e+02
20191019_15:00:00   0.0000e+00   0.0000e+00   0.0000e+00   0.0000e+00   0.0000e+00   0.0000e+00
20191019_18:00:00   2.3165e-01   5.9189e+01   5.0278e+00   0.0000e+00   0.0000e+00   2.5963e+02
20191019_21:00:00   0.0000e+00   2.7000e+00   0.0000e+00   0.0000e+00   0.0000e+00   0.0000e+00
20191020_00:00:00   2.6661e-01   6.6536e+01   5.7263e+00   2.3350e-04   0.0000e+00   2.6112e+02
20191020_03:00:00   0.0000e+00   0.0000e+00   0.0000e+00   0.0000e+00   0.0000e+00   0.0000e+00
20191020_06:00:00   0.0000e+00   2.7000e+00   0.0000e+00   0.0000e+00   0.0000e+00   0.0000e+00
20191020_09:00:00   1.7738e-01   4.7886e+01   3.7631e+00   0.0000e+00   0.0000e+00   2.5537e+02
20191020_12:00:00   0.0000e+00   0.0000e+00   0.0000e+00   0.0000e+00   0.0000e+00   0.0000e+00
20191020_15:00:00   0.0000e+00   0.0000e+00   0.0000e+00   0.0000e+00   0.0000e+00   0.0000e+00
20191020_18:00:00   1.3667e-01   3.8667e+01   2.8920e+00   0.0000e+00   0.0000e+00   2.4895e+02
20191020_21:00:00   1.6705e-01   4.5441e+01   3.6498e+00   0.0000e+00   0.0000e+00   2.4862e+02
20191021_00:00:00   0.0000e+00   2.7000e+00   0.0000e+00   0.0000e+00   0.0000e+00   0.0000e+00
20191021_03:00:00   1.2287e-01   3.4942e+01   2.7779e+00   0.0000e+00   0.0000e+00   2.6754e+02
20191021_06:00:00   1.2504e-01   3.5499e+01   2.8146e+00   0.0000e+00   0.0000e+00   2.6669e+02
20191021_09:00:00   3.1362e-01   7.5254e+01   7.1471e+00   0.0000e+00   1.9954e-02   2.5177e+02
20191021_12:00:00   3.6704e-01   8.5429e+01   8.1728e+00   0.0000e+00   2.3562e-02   2.4978e+02
20191021_15:00:00   3.5871e-01   8.3892e+01   7.9826e+00   0.0000e+00   2.9125e-02   2.4936e+02
20191021_18:00:00   0.0000e+00   0.0000e+00   0.0000e+00   0.0000e+00   0.0000e+00   0.0000e+00
20191021_21:00:00   3.7550e-01   8.7006e+01   8.4038e+00   0.0000e+00   6.2315e-02   2.5358e+02
20191022_00:00:00   4.2585e-01   9.6019e+01   9.2193e+00   3.8417e-03   1.0062e-02   2.5310e+02
20191022_03:00:00   0.0000e+00   0.0000e+00   0.0000e+00   0.0000e+00   0.0000e+00   0.0000e+00
20191022_06:00:00   3.3919e-01   8.0486e+01   7.5610e+00   1.6527e-04   1.5729e-02   2.5160e+02
20191022_09:00:00   0.0000e+00   0.0000e+00   0.0000e+00   0.0000e+00   0.0000e+00   0.0000e+00
20191022_12:00:00   0.0000e+00   0.0000e+00   0.0000e+00   0.0000e+00   0.0000e+00   0.0000e+00
20191022_15:00:00   2.5854e-01   6.4456e+01   5.9658e+00   0.0000e+00   7.5299e-05   2.4792e+02
20191022_18:00:00   0.0000e+00   0.0000e+00   0.0000e+00   0.0000e+00   0.0000e+00   0.0000e+00
20191022_21:00:00   2.2242e-01   5.6789e+01   5.2751e+00   0.0000e+00   9.0680e-04   2.4990e+02
20191023_00:00:00   2.3004e-01   5.8273e+01   5.5023e+00   8.0580e-05   8.2995e-04   2.4824e+02
20191023_03:00:00   0.0000e+00   2.7000e+00   0.0000e+00   0.0000e+00   0.0000e+00   0.0000e+00
20191023_06:00:00   2.1374e-01   5.4933e+01   5.1254e+00   0.0000e+00   4.0489e-04   2.4686e+02
20191023_09:00:00   0.0000e+00   0.0000e+00   0.0000e+00   0.0000e+00   0.0000e+00   0.0000e+00
20191023_15:00:00   4.0886e-01   9.5670e+01   8.3913e+00   0.0000e+00   0.0000e+00   2.4919e+02
20191023_18:00:00   1.2528e-01   3.5815e+01   2.8295e+00   0.0000e+00   8.2580e-06   2.4696e+02
20191023_21:00:00   9.5870e-02   2.9109e+01   2.0307e+00   0.0000e+00   1.0602e-03   2.4789e+02
20191024_00:00:00   6.1240e-01   1.2588e+02   1.2725e+01   8.0835e-03   1.4205e-01   2.5309e+02
20191024_03:00:00   7.6146e-02   2.4405e+01   1.5212e+00   0.0000e+00   0.0000e+00   2.4735e+02
20191024_09:00:00   5.8555e-02   1.9851e+01   1.1312e+00   0.0000e+00   0.0000e+00   2.4662e+02
20191024_12:00:00   0.0000e+00   0.0000e+00   0.0000e+00   0.0000e+00   0.0000e+00   0.0000e+00
20191024_15:00:00   0.0000e+00   0.0000e+00   0.0000e+00   0.0000e+00   0.0000e+00   0.0000e+00
20191024_18:00:00   0.0000e+00   2.7000e+00   0.0000e+00   0.0000e+00   0.0000e+00   0.0000e+00
20191024_21:00:00   0.0000e+00   0.0000e+00   0.0000e+00   0.0000e+00   0.0000e+00   0.0000e+00
20191025_03:00:00   0.0000e+00   0.0000e+00   0.0000e+00   0.0000e+00   0.0000e+00   0.0000e+00
20191025_06:00:00   0.0000e+00   0.0000e+00   0.0000e+00   0.0000e+00   0.0000e+00   0.0000e+00
20191025_09:00:00   9.0691e-02   2.7604e+01   2.0117e+00   0.0000e+00   0.0000e+00   2.4809e+02
20191025_12:00:00   9.3765e-02   2.8332e+01   2.0882e+00   0.0000e+00   0.0000e+00   2.4525e+02
20191025_15:00:00   0.0000e+00   0.0000e+00   0.0000e+00   0.0000e+00   0.0000e+00   0.0000e+00
20191025_18:00:00   9.9414e-02   2.9686e+01   2.2236e+00   0.0000e+00   0.0000e+00   2.4712e+02
20191025_21:00:00   0.0000e+00   2.7000e+00   0.0000e+00   0.0000e+00   0.0000e+00   0.0000e+00
20191026_00:00:00   1.0944e-01   3.2147e+01   2.4608e+00   0.0000e+00   0.0000e+00   2.5175e+02
20191026_03:00:00   1.1168e-01   3.2764e+01   2.4925e+00   0.0000e+00   0.0000e+00   2.5015e+02
20191026_09:00:00   0.0000e+00   0.0000e+00   0.0000e+00   0.0000e+00   0.0000e+00   0.0000e+00
20191026_12:00:00   1.1921e-01   3.4598e+01   2.6366e+00   0.0000e+00   0.0000e+00   2.4929e+02
