#            date       tau225        Tb[K]      pwv[mm] lwp[kg*m^-2] iwp[kg*m^-2]       o3[DU]
20191110_12:00:00   1.0313e-01   3.0761e+01   2.0930e+00   0.0000e+00   0.0000e+00   2.5884e+02
20191110_13:00:00   1.0918e-01   3.2141e+01   2.2514e+00   0.0000e+00   0.0000e+00   2.5757e+02
20191110_14:00:00   1.1325e-01   3.3037e+01   2.3680e+00   0.0000e+00   0.0000e+00   2.5689e+02
20191110_15:00:00   1.1360e-01   3.3067e+01   2.4054e+00   0.0000e+00   0.0000e+00   2.5494e+02
20191110_16:00:00   1.1886e-01   3.4256e+01   2.5428e+00   0.0000e+00   0.0000e+00   2.5262e+02
20191110_17:00:00   1.2250e-01   3.5065e+01   2.6478e+00   0.0000e+00   0.0000e+00   2.5189e+02
20191110_18:00:00   1.3489e-01   3.7931e+01   2.9293e+00   0.0000e+00   0.0000e+00   2.5221e+02
20191110_19:00:00   1.4001e-01   3.9124e+01   3.0407e+00   0.0000e+00   0.0000e+00   2.5283e+02
20191110_20:00:00   1.5078e-01   4.1539e+01   3.2957e+00   0.0000e+00   0.0000e+00   2.5285e+02
20191110_21:00:00   1.4561e-01   4.0422e+01   3.1757e+00   0.0000e+00   0.0000e+00   2.5197e+02
20191110_22:00:00   1.4793e-01   4.0936e+01   3.2462e+00   0.0000e+00   0.0000e+00   2.5129e+02
20191110_23:00:00   1.5004e-01   4.1386e+01   3.3124e+00   0.0000e+00   0.0000e+00   2.5243e+02
20191111_00:00:00   1.5656e-01   4.2919e+01   3.4510e+00   0.0000e+00   3.3040e-21   2.5420e+02
20191111_01:00:00   1.4777e-01   4.0937e+01   3.2512e+00   0.0000e+00   8.2580e-22   2.5471e+02
20191111_02:00:00   1.2997e-01   3.6862e+01   2.8518e+00   0.0000e+00   1.2484e-05   2.5411e+02
20191111_03:00:00   1.1417e-01   3.3146e+01   2.5033e+00   0.0000e+00   0.0000e+00   2.5308e+02
20191111_04:00:00   1.0780e-01   3.1629e+01   2.3603e+00   0.0000e+00   0.0000e+00   2.5230e+02
20191111_05:00:00   1.0776e-01   3.1573e+01   2.3767e+00   0.0000e+00   0.0000e+00   2.5319e+02
20191111_06:00:00   1.0797e-01   3.1589e+01   2.4013e+00   0.0000e+00   0.0000e+00   2.5378e+02
20191111_07:00:00   1.0411e-01   3.0694e+01   2.3015e+00   0.0000e+00   0.0000e+00   2.5356e+02
20191111_08:00:00   1.0356e-01   3.0580e+01   2.2846e+00   0.0000e+00   0.0000e+00   2.5043e+02
20191111_09:00:00   1.0469e-01   3.0853e+01   2.3140e+00   0.0000e+00   0.0000e+00   2.4965e+02
20191111_10:00:00   1.0289e-01   3.0458e+01   2.2668e+00   0.0000e+00   0.0000e+00   2.4998e+02
20191111_11:00:00   1.0216e-01   3.0316e+01   2.2479e+00   0.0000e+00   0.0000e+00   2.4862e+02
20191111_12:00:00   1.0310e-01   3.0557e+01   2.2675e+00   0.0000e+00   0.0000e+00   2.4729e+02
20191111_13:00:00   1.0319e-01   3.0600e+01   2.2630e+00   0.0000e+00   0.0000e+00   2.4581e+02
20191111_14:00:00   1.0081e-01   3.0040e+01   2.2046e+00   0.0000e+00   0.0000e+00   2.4581e+02
20191111_15:00:00   9.8313e-02   2.9442e+01   2.1481e+00   0.0000e+00   0.0000e+00   2.4562e+02
20191111_16:00:00   9.5214e-02   2.8691e+01   2.0780e+00   0.0000e+00   0.0000e+00   2.4574e+02
20191111_17:00:00   9.1906e-02   2.7879e+01   2.0055e+00   0.0000e+00   0.0000e+00   2.4574e+02
20191111_18:00:00   8.9666e-02   2.7349e+01   1.9560e+00   0.0000e+00   0.0000e+00   2.4657e+02
20191111_19:00:00   9.0171e-02   2.7482e+01   1.9683e+00   0.0000e+00   0.0000e+00   2.4714e+02
20191111_20:00:00   9.2019e-02   2.7941e+01   2.0198e+00   0.0000e+00   0.0000e+00   2.4782e+02
20191111_21:00:00   9.4109e-02   2.8447e+01   2.0775e+00   0.0000e+00   0.0000e+00   2.4989e+02
20191111_22:00:00   9.5905e-02   2.8885e+01   2.1241e+00   0.0000e+00   0.0000e+00   2.5112e+02
20191111_23:00:00   9.9131e-02   2.9674e+01   2.1978e+00   0.0000e+00   0.0000e+00   2.5085e+02
20191112_00:00:00   1.0290e-01   3.0611e+01   2.2823e+00   0.0000e+00   0.0000e+00   2.4987e+02
20191112_01:00:00   1.0475e-01   3.1064e+01   2.3268e+00   0.0000e+00   0.0000e+00   2.4906e+02
20191112_02:00:00   1.0735e-01   3.1732e+01   2.3759e+00   0.0000e+00   0.0000e+00   2.4730e+02
20191112_03:00:00   1.1379e-01   3.3334e+01   2.4612e+00   8.4470e-04   0.0000e+00   2.4596e+02
20191112_04:00:00   1.1585e-01   3.3810e+01   2.5626e+00   0.0000e+00   0.0000e+00   2.4560e+02
20191112_05:00:00   1.2296e-01   3.5466e+01   2.7411e+00   0.0000e+00   0.0000e+00   2.4491e+02
20191112_06:00:00   1.2947e-01   3.7022e+01   2.8857e+00   0.0000e+00   0.0000e+00   2.4383e+02
20191112_07:00:00   1.3450e-01   3.8212e+01   2.9985e+00   0.0000e+00   4.1900e-06   2.4399e+02
20191112_08:00:00   1.3878e-01   3.9226e+01   3.0904e+00   0.0000e+00   9.4310e-06   2.4409e+02
20191112_09:00:00   1.4352e-01   4.0332e+01   3.1910e+00   0.0000e+00   1.4729e-05   2.4366e+02
20191112_10:00:00   1.4439e-01   4.0536e+01   3.2051e+00   0.0000e+00   1.2243e-05   2.4307e+02
20191112_11:00:00   1.4393e-01   4.0416e+01   3.1972e+00   0.0000e+00   1.0730e-05   2.4245e+02
20191112_12:00:00   1.4380e-01   4.0391e+01   3.1904e+00   0.0000e+00   3.8690e-05   2.4112e+02
20191112_13:00:00   1.4386e-01   4.0401e+01   3.1871e+00   0.0000e+00   7.7323e-05   2.4051e+02
20191112_14:00:00   1.4619e-01   4.0947e+01   3.2349e+00   0.0000e+00   8.1120e-05   2.4053e+02
20191112_15:00:00   1.4758e-01   4.1266e+01   3.2717e+00   0.0000e+00   4.2002e-05   2.4077e+02
20191112_16:00:00   1.4739e-01   4.1201e+01   3.2820e+00   0.0000e+00   1.8524e-05   2.4106e+02
20191112_17:00:00   1.4262e-01   4.0086e+01   3.1878e+00   0.0000e+00   7.1694e-06   2.4174e+02
20191112_18:00:00   1.3826e-01   3.9073e+01   3.0989e+00   0.0000e+00   1.9314e-06   2.4377e+02
20191112_19:00:00   1.3500e-01   3.8317e+01   3.0328e+00   0.0000e+00   4.2290e-06   2.4497e+02
20191112_20:00:00   1.3176e-01   3.7570e+01   2.9635e+00   0.0000e+00   6.5260e-06   2.4496e+02
20191112_21:00:00   1.2934e-01   3.6993e+01   2.9172e+00   0.0000e+00   1.9314e-06   2.4394e+02
20191112_22:00:00   1.2892e-01   3.6871e+01   2.9196e+00   0.0000e+00   2.0275e-06   2.4294e+02
20191112_23:00:00   1.3276e-01   3.7758e+01   3.0062e+00   0.0000e+00   0.0000e+00   2.4238e+02
20191113_00:00:00   1.4120e-01   3.9745e+01   3.1376e+00   9.9740e-04   1.6738e-06   2.4163e+02
20191113_01:00:00   1.6182e-01   4.4564e+01   3.2922e+00   6.4440e-03   1.6738e-06   2.4142e+02
20191113_02:00:00   2.3881e-01   6.1740e+01   3.5538e+00   3.2355e-02   1.6318e-06   2.4191e+02
20191113_03:00:00   3.8623e-01   9.1162e+01   3.7767e+00   8.7001e-02   1.6318e-06   2.4216e+02
20191113_04:00:00   4.5115e-01   1.0254e+02   4.4471e+00   9.9946e-02   1.1357e-05   2.4302e+02
20191113_05:00:00   2.4480e-01   6.2917e+01   4.3446e+00   1.8814e-02   0.0000e+00   2.4349e+02
20191113_06:00:00   2.0186e-01   5.3622e+01   3.9547e+00   9.5950e-03   2.9230e-05   2.4454e+02
20191113_07:00:00   1.7087e-01   4.6629e+01   3.7518e+00   1.2670e-03   1.3379e-05   2.4520e+02
20191113_08:00:00   1.6832e-01   4.6030e+01   3.7595e+00   0.0000e+00   2.2975e-06   2.4550e+02
20191113_09:00:00   1.6629e-01   4.5566e+01   3.7170e+00   0.0000e+00   1.6318e-06   2.4499e+02
20191113_10:00:00   1.6226e-01   4.4633e+01   3.6303e+00   0.0000e+00   5.2140e-06   2.4392e+02
20191113_11:00:00   1.5980e-01   4.4044e+01   3.5727e+00   0.0000e+00   2.0720e-06   2.4286e+02
20191113_12:00:00   1.5343e-01   4.2583e+01   3.4355e+00   0.0000e+00   2.7970e-06   2.4160e+02
20191113_13:00:00   1.5055e-01   4.1939e+01   3.3692e+00   0.0000e+00   3.2630e-06   2.4125e+02
20191113_14:00:00   1.4613e-01   4.0930e+01   3.2656e+00   0.0000e+00   2.3823e-06   2.4100e+02
20191113_15:00:00   1.4324e-01   4.0288e+01   3.1960e+00   0.0000e+00   2.2975e-06   2.4026e+02
20191113_16:00:00   1.3936e-01   3.9402e+01   3.1079e+00   0.0000e+00   0.0000e+00   2.4008e+02
20191113_17:00:00   1.3820e-01   3.9164e+01   3.0738e+00   0.0000e+00   0.0000e+00   2.4023e+02
20191113_18:00:00   1.3551e-01   3.8555e+01   3.0098e+00   0.0000e+00   0.0000e+00   2.3962e+02
20191113_19:00:00   1.3377e-01   3.8163e+01   2.9676e+00   0.0000e+00   0.0000e+00   2.3953e+02
20191113_20:00:00   1.3446e-01   3.8352e+01   2.9801e+00   0.0000e+00   0.0000e+00   2.3934e+02
20191113_21:00:00   1.3508e-01   3.8505e+01   2.9869e+00   0.0000e+00   0.0000e+00   2.3972e+02
20191113_22:00:00   1.3444e-01   3.8337e+01   2.9741e+00   0.0000e+00   0.0000e+00   2.3981e+02
20191113_23:00:00   1.4145e-01   3.9995e+01   3.0118e+00   2.0980e-03   0.0000e+00   2.3933e+02
20191114_00:00:00   1.8932e-01   5.1076e+01   3.1343e+00   1.9069e-02   0.0000e+00   2.3878e+02
20191114_01:00:00   1.6024e-01   4.4371e+01   3.3593e+00   3.2090e-03   0.0000e+00   2.3862e+02
20191114_02:00:00   1.8124e-01   4.9196e+01   3.6780e+00   5.2230e-03   0.0000e+00   2.3889e+02
20191114_03:00:00   2.5013e-01   6.4296e+01   4.2395e+00   2.1130e-02   0.0000e+00   2.3872e+02
20191114_04:00:00   3.6365e-01   8.7006e+01   4.3748e+00   6.3860e-02   0.0000e+00   2.3812e+02
20191114_05:00:00   2.3653e-01   6.1376e+01   4.2596e+00   1.5098e-02   4.0564e-07   2.3844e+02
20191114_06:00:00   2.4482e-01   6.3249e+01   3.9301e+00   2.5211e-02   6.9540e-07   2.3963e+02
20191114_07:00:00   2.1531e-01   5.6898e+01   3.7530e+00   1.6880e-02   7.1780e-07   2.4091e+02
20191114_08:00:00   2.0464e-01   5.4542e+01   3.6638e+00   1.4320e-02   6.5400e-06   2.4189e+02
20191114_09:00:00   1.8528e-01   5.0171e+01   3.5953e+00   7.8110e-03   5.0540e-07   2.4224e+02
20191114_10:00:00   1.7174e-01   4.7075e+01   3.4849e+00   4.3527e-03   0.0000e+00   2.4178e+02
20191114_11:00:00   1.5524e-01   4.3259e+01   3.3190e+00   9.3060e-04   0.0000e+00   2.4151e+02
20191114_12:00:00   1.4513e-01   4.0901e+01   3.1569e+00   0.0000e+00   0.0000e+00   2.4067e+02
20191114_13:00:00   1.4037e-01   3.9774e+01   3.0532e+00   0.0000e+00   0.0000e+00   2.3955e+02
20191114_14:00:00   1.3656e-01   3.8871e+01   2.9747e+00   0.0000e+00   0.0000e+00   2.3937e+02
20191114_15:00:00   1.3378e-01   3.8213e+01   2.9168e+00   0.0000e+00   0.0000e+00   2.4002e+02
20191114_16:00:00   1.3325e-01   3.8092e+01   2.9051e+00   0.0000e+00   0.0000e+00   2.4072e+02
20191114_17:00:00   1.3273e-01   3.7979e+01   2.8934e+00   0.0000e+00   0.0000e+00   2.4147e+02
20191114_18:00:00   1.3341e-01   3.8138e+01   2.9089e+00   0.0000e+00   0.0000e+00   2.4281e+02
20191114_19:00:00   1.3029e-01   3.7386e+01   2.8423e+00   0.0000e+00   0.0000e+00   2.4388e+02
20191114_20:00:00   1.2749e-01   3.6714e+01   2.7839e+00   0.0000e+00   0.0000e+00   2.4422e+02
20191114_21:00:00   1.2289e-01   3.5618e+01   2.6860e+00   0.0000e+00   0.0000e+00   2.4399e+02
20191114_22:00:00   1.1894e-01   3.4669e+01   2.5975e+00   0.0000e+00   0.0000e+00   2.4423e+02
20191114_23:00:00   1.1493e-01   3.3704e+01   2.5053e+00   0.0000e+00   0.0000e+00   2.4424e+02
20191115_00:00:00   1.1362e-01   3.3400e+01   2.4658e+00   0.0000e+00   0.0000e+00   2.4409e+02
20191115_01:00:00   1.1414e-01   3.3551e+01   2.4691e+00   0.0000e+00   3.2630e-06   2.4410e+02
20191115_02:00:00   1.1183e-01   3.3004e+01   2.4109e+00   0.0000e+00   1.6995e-07   2.4494e+02
20191115_03:00:00   1.1033e-01   3.2639e+01   2.3739e+00   0.0000e+00   0.0000e+00   2.4567e+02
20191115_04:00:00   1.0412e-01   3.1116e+01   2.2427e+00   0.0000e+00   2.2975e-06   2.4589e+02
20191115_05:00:00   9.7853e-02   2.9516e+01   2.1251e+00   0.0000e+00   6.2927e-05   2.4608e+02
20191115_06:00:00   9.3924e-02   2.8451e+01   2.0589e+00   0.0000e+00   1.6329e-03   2.4600e+02
20191115_07:00:00   9.5740e-02   2.8776e+01   2.1366e+00   0.0000e+00   1.5230e-03   2.4617e+02
20191115_08:00:00   9.5935e-02   2.8739e+01   2.1650e+00   0.0000e+00   6.3463e-04   2.4743e+02
20191115_09:00:00   9.7384e-02   2.9037e+01   2.2097e+00   0.0000e+00   1.5087e-04   2.4849e+02
20191115_10:00:00   9.9946e-02   2.9618e+01   2.2780e+00   0.0000e+00   8.4574e-05   2.4871e+02
20191115_11:00:00   1.0231e-01   3.0160e+01   2.3413e+00   0.0000e+00   1.8120e-03   2.4804e+02
20191115_12:00:00   1.0681e-01   3.1276e+01   2.4381e+00   0.0000e+00   4.5377e-03   2.4677e+02
20191115_15:00:00   2.1035e-01   5.4710e+01   4.8575e+00   0.0000e+00   1.2096e-04   2.4509e+02
20191115_18:00:00   3.4469e-01   8.1883e+01   7.6828e+00   0.0000e+00   1.1911e-06   2.4404e+02
20191115_21:00:00   3.8012e-01   8.8384e+01   8.4416e+00   0.0000e+00   0.0000e+00   2.4384e+02
20191116_00:00:00   4.0663e-01   9.3031e+01   8.9191e+00   2.5250e-03   7.0916e-04   2.4299e+02
20191116_03:00:00   4.6974e-01   1.0384e+02   9.7133e+00   1.1564e-02   1.2063e-02   2.4217e+02
20191116_06:00:00   4.7618e-01   1.0449e+02   1.0450e+01   6.9112e-04   1.0241e-02   2.4381e+02
20191116_09:00:00   5.0946e-01   1.0968e+02   1.1182e+01   0.0000e+00   1.1643e-01   2.4280e+02
20191116_12:00:00   5.0139e-01   1.0847e+02   1.0920e+01   3.3280e-04   2.8754e-02   2.4016e+02
20191116_15:00:00   5.1296e-01   1.1031e+02   1.1137e+01   3.4320e-05   1.4081e-02   2.4016e+02
20191116_18:00:00   5.3241e-01   1.1330e+02   1.1515e+01   0.0000e+00   2.1094e-02   2.4085e+02
20191116_21:00:00   8.3242e-01   1.5463e+02   1.1897e+01   1.1349e-01   9.9826e-02   2.3868e+02
20191117_00:00:00   2.1444e+00   2.4111e+02   1.2402e+01   6.4696e-01   3.1578e-01   2.3815e+02
20191117_03:00:00   1.8998e+00   2.3205e+02   1.2105e+01   5.5506e-01   1.7694e-01   2.3627e+02
20191117_06:00:00   1.0741e+00   1.7962e+02   1.2098e+01   2.1079e-01   2.0008e-01   2.3654e+02
20191117_09:00:00   9.8044e-01   1.7052e+02   1.2141e+01   1.6871e-01   4.4546e-01   2.3681e+02
20191117_12:00:00   2.1610e+00   2.4162e+02   1.2127e+01   6.6012e-01   1.4355e-01   2.3625e+02
20191117_15:00:00   9.0373e-01   1.6252e+02   1.1802e+01   1.4643e-01   8.4748e-02   2.3526e+02
20191117_18:00:00   1.0779e+00   1.8001e+02   1.1828e+01   2.1888e-01   4.4540e-02   2.3644e+02
20191117_21:00:00   1.0536e+00   1.7795e+02   1.1997e+01   2.0523e-01   5.6163e-02   2.3612e+02
20191118_00:00:00   6.8343e-01   1.3570e+02   1.2020e+01   5.1087e-02   1.5142e-01   2.3575e+02
20191118_03:00:00   7.5018e-01   1.4461e+02   1.1894e+01   8.2812e-02   3.6309e-02   2.3554e+02
20191118_06:00:00   5.2628e-01   1.1258e+02   1.1393e+01   1.3950e-03   1.7770e-02   2.3445e+02
20191118_09:00:00   4.7100e-01   1.0388e+02   1.0329e+01   0.0000e+00   7.5056e-04   2.3356e+02
20191118_12:00:00   3.1697e-01   7.5988e+01   7.3933e+00   0.0000e+00   1.4306e-04   2.3191e+02
20191118_15:00:00   2.5224e-01   6.2858e+01   6.0477e+00   0.0000e+00   5.4502e-06   2.3234e+02
20191118_18:00:00   2.5825e-01   6.4101e+01   6.1907e+00   0.0000e+00   6.5867e-05   2.3925e+02
20191118_21:00:00   2.4781e-01   6.2074e+01   5.9226e+00   0.0000e+00   2.1102e-04   2.3866e+02
20191119_00:00:00   2.4487e-01   6.1388e+01   5.8617e+00   0.0000e+00   4.2788e-03   2.3501e+02
20191119_03:00:00   2.5048e-01   6.2359e+01   6.0366e+00   0.0000e+00   3.0186e-02   2.3379e+02
20191119_06:00:00   2.4389e-01   6.0917e+01   5.8778e+00   0.0000e+00   1.7236e-02   2.3664e+02
20191119_09:00:00   2.5258e-01   6.2600e+01   6.0985e+00   0.0000e+00   3.2161e-02   2.3947e+02
20191119_12:00:00   2.5265e-01   6.2600e+01   6.1005e+00   0.0000e+00   2.3225e-02   2.3818e+02
20191119_15:00:00   2.2387e-01   5.6841e+01   5.3898e+00   0.0000e+00   7.6802e-03   2.3829e+02
20191119_18:00:00   1.9630e-01   5.1021e+01   4.7295e+00   0.0000e+00   1.9201e-03   2.3829e+02
20191119_21:00:00   1.7045e-01   4.5358e+01   4.0958e+00   0.0000e+00   6.7125e-02   2.3914e+02
20191120_00:00:00   1.4256e-01   3.9051e+01   3.4304e+00   0.0000e+00   4.7468e-02   2.3908e+02
20191120_03:00:00   1.1719e-01   3.3396e+01   2.7795e+00   0.0000e+00   1.9871e-04   2.3959e+02
20191120_06:00:00   1.2399e-01   3.4910e+01   2.9524e+00   0.0000e+00   3.3361e-03   2.4245e+02
20191120_09:00:00   1.2870e-01   3.5903e+01   3.0843e+00   0.0000e+00   1.0663e-02   2.4347e+02
20191120_12:00:00   1.2385e-01   3.4830e+01   2.9529e+00   0.0000e+00   8.0063e-03   2.4621e+02
20191120_15:00:00   1.3177e-01   3.6567e+01   3.1626e+00   0.0000e+00   8.4235e-03   2.4564e+02
20191120_18:00:00   1.4121e-01   3.8741e+01   3.3717e+00   0.0000e+00   2.5250e-02   2.4586e+02
20191120_21:00:00   1.5180e-01   4.1107e+01   3.6404e+00   0.0000e+00   2.5571e-02   2.4736e+02
20191121_00:00:00   1.5498e-01   4.1877e+01   3.7132e+00   0.0000e+00   2.2810e-03   2.4498e+02
20191121_03:00:00   1.4693e-01   4.0257e+01   3.4779e+00   0.0000e+00   0.0000e+00   2.3993e+02
20191121_06:00:00   1.4548e-01   3.9981e+01   3.4138e+00   0.0000e+00   0.0000e+00   2.3948e+02
20191121_09:00:00   1.3755e-01   3.8231e+01   3.1927e+00   0.0000e+00   0.0000e+00   2.4050e+02
20191121_12:00:00   1.3319e-01   3.7271e+01   3.0740e+00   0.0000e+00   0.0000e+00   2.3954e+02
20191121_15:00:00   1.3398e-01   3.7525e+01   3.0823e+00   0.0000e+00   0.0000e+00   2.4142e+02
20191121_18:00:00   1.4219e-01   3.9432e+01   3.2837e+00   0.0000e+00   0.0000e+00   2.4364e+02
20191121_21:00:00   1.4567e-01   4.0205e+01   3.3707e+00   0.0000e+00   0.0000e+00   2.4518e+02
20191122_00:00:00   1.5160e-01   4.1523e+01   3.5079e+00   0.0000e+00   2.6560e-07   2.4429e+02
20191122_03:00:00   1.6051e-01   4.3520e+01   3.7218e+00   0.0000e+00   2.6184e-05   2.4240e+02
20191122_06:00:00   1.8466e-01   4.8833e+01   4.2804e+00   0.0000e+00   1.1963e-03   2.4174e+02
20191122_09:00:00   2.1054e-01   5.4334e+01   4.8815e+00   0.0000e+00   2.1162e-03   2.4502e+02
20191122_12:00:00   2.1934e-01   5.6186e+01   5.0551e+00   0.0000e+00   1.9411e-04   2.4540e+02
20191122_15:00:00   2.2574e-01   5.7487e+01   5.2134e+00   0.0000e+00   6.1070e-04   2.4400e+02
20191122_18:00:00   2.5297e-01   6.3280e+01   5.7183e+00   0.0000e+00   0.0000e+00   2.4586e+02
20191122_21:00:00   2.6569e-01   6.6254e+01   5.8009e+00   0.0000e+00   0.0000e+00   2.4819e+02
20191123_00:00:00   3.5956e-01   8.4967e+01   5.6627e+00   3.9344e-02   6.6650e-06   2.4845e+02
20191123_03:00:00   5.3202e-01   1.1467e+02   5.3208e+00   1.1744e-01   0.0000e+00   2.4405e+02
20191123_06:00:00   2.2492e-01   5.7946e+01   4.8567e+00   0.0000e+00   0.0000e+00   2.4432e+02
20191123_09:00:00   2.4461e-01   6.2174e+01   5.1754e+00   0.0000e+00   0.0000e+00   2.4650e+02
20191123_12:00:00   2.6045e-01   6.5444e+01   5.4276e+00   0.0000e+00   0.0000e+00   2.4565e+02
20191123_15:00:00   2.4173e-01   6.1565e+01   5.0691e+00   0.0000e+00   0.0000e+00   2.4417e+02
20191123_18:00:00   2.3845e-01   6.0912e+01   5.0065e+00   0.0000e+00   0.0000e+00   2.4364e+02
20191123_21:00:00   2.3457e-01   6.0130e+01   4.9669e+00   0.0000e+00   0.0000e+00   2.4714e+02
20191124_00:00:00   2.2079e-01   5.7127e+01   4.7453e+00   0.0000e+00   9.3870e-04   2.4618e+02
20191124_03:00:00   1.9922e-01   5.2580e+01   4.2873e+00   9.4650e-05   0.0000e+00   2.4422e+02
20191124_06:00:00   2.2574e-01   5.8220e+01   4.8718e+00   0.0000e+00   0.0000e+00   2.4644e+02
20191124_09:00:00   1.6493e-01   4.4876e+01   3.5887e+00   0.0000e+00   0.0000e+00   2.4719e+02
20191124_12:00:00   1.2340e-01   3.5313e+01   2.6619e+00   0.0000e+00   0.0000e+00   2.4779e+02
20191124_15:00:00   7.2282e-02   2.2911e+01   1.5024e+00   0.0000e+00   0.0000e+00   2.4505e+02
20191124_18:00:00   5.3824e-02   1.8196e+01   1.0824e+00   0.0000e+00   2.7520e-06   2.4361e+02
20191124_21:00:00   4.8427e-02   1.6814e+01   9.4555e-01   0.0000e+00   1.6516e-05   2.4352e+02
20191125_00:00:00   4.0704e-02   1.4884e+01   7.3525e-01   0.0000e+00   0.0000e+00   2.4510e+02
20191125_03:00:00   4.2309e-02   1.5279e+01   7.8640e-01   0.0000e+00   1.1808e-05   2.4334e+02
20191125_06:00:00   4.3805e-02   1.5662e+01   8.2457e-01   0.0000e+00   1.8376e-05   2.4549e+02
20191125_09:00:00   4.6583e-02   1.6417e+01   8.8603e-01   0.0000e+00   0.0000e+00   2.4649e+02
20191125_12:00:00   5.5307e-02   1.8717e+01   1.0912e+00   0.0000e+00   4.5900e-05   2.4660e+02
20191125_15:00:00   6.4875e-02   2.1216e+01   1.3091e+00   0.0000e+00   9.0740e-06   2.4638e+02
20191125_18:00:00   7.8404e-02   2.4603e+01   1.6311e+00   0.0000e+00   8.8975e-06   2.4594e+02
20191125_21:00:00   1.0291e-01   3.0513e+01   2.2337e+00   0.0000e+00   9.6490e-04   2.4696e+02
20191126_00:00:00   9.8079e-02   2.9233e+01   2.1434e+00   0.0000e+00   6.4450e-03   2.4648e+02
20191126_03:00:00   7.4794e-02   2.3524e+01   1.5934e+00   0.0000e+00   1.1076e-03   2.4238e+02
20191126_06:00:00   5.2688e-02   1.8049e+01   1.0201e+00   0.0000e+00   0.0000e+00   2.4500e+02
20191126_09:00:00   4.1849e-02   1.5390e+01   7.2012e-01   0.0000e+00   0.0000e+00   2.4599e+02
20191126_12:00:00   3.4165e-02   1.3289e+01   5.4031e-01   0.0000e+00   0.0000e+00   2.4509e+02
