#            date       tau225        Tb[K]      pwv[mm] lwp[kg*m^-2] iwp[kg*m^-2]       o3[DU]
20191024_06:00:00   1.2924e-01   3.6382e+01   3.0818e+00   0.0000e+00   3.2690e-03   2.4592e+02
20191024_07:00:00   1.3285e-01   3.7220e+01   3.1710e+00   0.0000e+00   1.8727e-03   2.4698e+02
20191024_08:00:00   1.3703e-01   3.8115e+01   3.2808e+00   0.0000e+00   2.9412e-03   2.4748e+02
20191024_09:00:00   1.3623e-01   3.7897e+01   3.2619e+00   0.0000e+00   6.6960e-03   2.4740e+02
20191024_10:00:00   1.3586e-01   3.7808e+01   3.2445e+00   0.0000e+00   1.3984e-02   2.4663e+02
20191024_11:00:00   1.3708e-01   3.8095e+01   3.2737e+00   0.0000e+00   7.8849e-03   2.4518e+02
20191024_12:00:00   1.4236e-01   3.9344e+01   3.3975e+00   0.0000e+00   2.3544e-03   2.4481e+02
20191024_13:00:00   1.5037e-01   4.1171e+01   3.5837e+00   0.0000e+00   9.7311e-03   2.4489e+02
20191024_14:00:00   1.5845e-01   4.2980e+01   3.7825e+00   0.0000e+00   1.5531e-02   2.4474e+02
20191024_15:00:00   1.5714e-01   4.2772e+01   3.7345e+00   0.0000e+00   2.0783e-03   2.4523e+02
20191024_16:00:00   1.5333e-01   4.1997e+01   3.6234e+00   0.0000e+00   1.2683e-04   2.4641e+02
20191024_17:00:00   1.5002e-01   4.1284e+01   3.5318e+00   0.0000e+00   2.8623e-05   2.4716e+02
20191024_18:00:00   1.4829e-01   4.0898e+01   3.4806e+00   0.0000e+00   2.8296e-05   2.4851e+02
20191024_19:00:00   1.4428e-01   4.0010e+01   3.3784e+00   0.0000e+00   0.0000e+00   2.4841e+02
20191024_20:00:00   1.3950e-01   3.8919e+01   3.2573e+00   0.0000e+00   0.0000e+00   2.4740e+02
20191024_21:00:00   1.3760e-01   3.8445e+01   3.2218e+00   0.0000e+00   0.0000e+00   2.4644e+02
20191024_22:00:00   1.3473e-01   3.7746e+01   3.1593e+00   0.0000e+00   0.0000e+00   2.4728e+02
20191024_23:00:00   1.3395e-01   3.7541e+01   3.1537e+00   0.0000e+00   3.2243e-04   2.4797e+02
20191025_00:00:00   1.3721e-01   3.8263e+01   3.2374e+00   0.0000e+00   5.5940e-04   2.4845e+02
20191025_01:00:00   1.4155e-01   3.9253e+01   3.3305e+00   2.3620e-04   3.0116e-04   2.4801e+02
20191025_02:00:00   1.4516e-01   4.0089e+01   3.4248e+00   0.0000e+00   2.2472e-04   2.4745e+02
20191025_03:00:00   1.4599e-01   4.0282e+01   3.4201e+00   3.9890e-04   2.2839e-04   2.4760e+02
20191025_04:00:00   1.4437e-01   3.9890e+01   3.3973e+00   8.1250e-05   1.3420e-04   2.4776e+02
20191025_05:00:00   1.4312e-01   3.9610e+01   3.3650e+00   1.6630e-04   1.8351e-04   2.4799e+02
20191025_06:00:00   1.4398e-01   3.9829e+01   3.3857e+00   0.0000e+00   4.3973e-05   2.4821e+02
20191025_07:00:00   1.4720e-01   4.0600e+01   3.4513e+00   0.0000e+00   0.0000e+00   2.4787e+02
20191025_08:00:00   1.5031e-01   4.1312e+01   3.5211e+00   0.0000e+00   0.0000e+00   2.4709e+02
20191025_09:00:00   1.5185e-01   4.1630e+01   3.5596e+00   0.0000e+00   0.0000e+00   2.4738e+02
20191025_10:00:00   1.5226e-01   4.1710e+01   3.5706e+00   0.0000e+00   0.0000e+00   2.4849e+02
20191025_11:00:00   1.5700e-01   4.2755e+01   3.6902e+00   0.0000e+00   3.0119e-05   2.5015e+02
20191025_12:00:00   1.6076e-01   4.3573e+01   3.7893e+00   0.0000e+00   1.5946e-04   2.5014e+02
20191025_13:00:00   1.5800e-01   4.2974e+01   3.7151e+00   0.0000e+00   7.3400e-05   2.4999e+02
20191025_14:00:00   1.5527e-01   4.2349e+01   3.6513e+00   0.0000e+00   5.7800e-05   2.5009e+02
20191025_15:00:00   1.5371e-01   4.1920e+01   3.6314e+00   0.0000e+00   3.0280e-05   2.5053e+02
20191025_16:00:00   1.5510e-01   4.2180e+01   3.6746e+00   0.0000e+00   8.4302e-05   2.5082e+02
20191025_17:00:00   1.5346e-01   4.1786e+01   3.6382e+00   0.0000e+00   1.9580e-05   2.5133e+02
20191025_18:00:00   1.5039e-01   4.1096e+01   3.5643e+00   0.0000e+00   0.0000e+00   2.5224e+02
20191025_19:00:00   1.5001e-01   4.0973e+01   3.5607e+00   0.0000e+00   0.0000e+00   2.5290e+02
20191025_20:00:00   1.4775e-01   4.0451e+01   3.5078e+00   0.0000e+00   1.2502e-04   2.5218e+02
20191025_21:00:00   1.4355e-01   3.9515e+01   3.4038e+00   0.0000e+00   0.0000e+00   2.5216e+02
20191025_22:00:00   1.4038e-01   3.8815e+01   3.3215e+00   0.0000e+00   0.0000e+00   2.5283e+02
20191025_23:00:00   1.4007e-01   3.8719e+01   3.3192e+00   0.0000e+00   6.6937e-05   2.5322e+02
20191026_00:00:00   1.4233e-01   3.9210e+01   3.3827e+00   0.0000e+00   5.7280e-04   2.5414e+02
20191026_01:00:00   1.4325e-01   3.9455e+01   3.3999e+00   0.0000e+00   5.0447e-04   2.5282e+02
20191026_02:00:00   1.4485e-01   3.9830e+01   3.4373e+00   0.0000e+00   7.1627e-04   2.5206e+02
20191026_03:00:00   1.4680e-01   4.0324e+01   3.4747e+00   0.0000e+00   1.3734e-03   2.5293e+02
20191026_04:00:00   1.5223e-01   4.1608e+01   3.5944e+00   0.0000e+00   7.5647e-04   2.5250e+02
20191026_05:00:00   1.5706e-01   4.2722e+01   3.7041e+00   0.0000e+00   1.4796e-03   2.5213e+02
20191026_06:00:00   1.5964e-01   4.3335e+01   3.7481e+00   0.0000e+00   2.6434e-03   2.5341e+02
20191026_07:00:00   1.6201e-01   4.3870e+01   3.8037e+00   0.0000e+00   6.1500e-03   2.5426e+02
20191026_08:00:00   1.6587e-01   4.4744e+01   3.8886e+00   0.0000e+00   6.4475e-03   2.5583e+02
20191026_09:00:00   1.6488e-01   4.4509e+01   3.8641e+00   0.0000e+00   5.8101e-03   2.5609e+02
20191026_10:00:00   1.6304e-01   4.4037e+01   3.8373e+00   0.0000e+00   8.9267e-03   2.5620e+02
20191026_11:00:00   1.6023e-01   4.3379e+01   3.7651e+00   0.0000e+00   2.2849e-02   2.5429e+02
20191026_12:00:00   1.5720e-01   4.2728e+01   3.6977e+00   0.0000e+00   7.1901e-03   2.5145e+02
20191026_13:00:00   1.5336e-01   4.1881e+01   3.5994e+00   0.0000e+00   1.8467e-02   2.4971e+02
20191026_14:00:00   1.5433e-01   4.2062e+01   3.6308e+00   0.0000e+00   2.0000e-02   2.5099e+02
20191026_15:00:00   1.5672e-01   4.2577e+01   3.6847e+00   0.0000e+00   4.0650e-02   2.5221e+02
20191026_16:00:00   1.6162e-01   4.3671e+01   3.7997e+00   0.0000e+00   5.1392e-02   2.5154e+02
20191026_17:00:00   1.6706e-01   4.4878e+01   3.9273e+00   0.0000e+00   5.5332e-02   2.5199e+02
20191026_18:00:00   1.7402e-01   4.6328e+01   4.1107e+00   0.0000e+00   7.2443e-02   2.5370e+02
20191026_19:00:00   1.7716e-01   4.6964e+01   4.2298e+00   0.0000e+00   2.4952e-02   2.5450e+02
20191026_20:00:00   1.7793e-01   4.7127e+01   4.2405e+00   0.0000e+00   4.1191e-02   2.5542e+02
20191026_21:00:00   1.8283e-01   4.8162e+01   4.3612e+00   0.0000e+00   5.7891e-02   2.5681e+02
20191026_22:00:00   1.9012e-01   4.9707e+01   4.5396e+00   0.0000e+00   6.0246e-02   2.5733e+02
20191026_23:00:00   1.9948e-01   5.1698e+01   4.7666e+00   0.0000e+00   4.4745e-02   2.5813e+02
20191027_00:00:00   2.1835e-01   5.5619e+01   5.1635e+00   0.0000e+00   1.5576e-01   2.5902e+02
20191027_01:00:00   2.3123e-01   5.8385e+01   5.4736e+00   0.0000e+00   1.0002e-01   2.5851e+02
20191027_02:00:00   2.2593e-01   5.7497e+01   5.3320e+00   0.0000e+00   4.7033e-02   2.5872e+02
20191027_03:00:00   2.2672e-01   5.7755e+01   5.3188e+00   0.0000e+00   3.1932e-02   2.5885e+02
20191027_04:00:00   2.2806e-01   5.8144e+01   5.3012e+00   0.0000e+00   2.4831e-02   2.5912e+02
20191027_05:00:00   2.2101e-01   5.6813e+01   5.0806e+00   0.0000e+00   3.2481e-02   2.5898e+02
20191027_06:00:00   2.0417e-01   5.3463e+01   4.6257e+00   0.0000e+00   1.3836e-03   2.5963e+02
20191027_07:00:00   1.8950e-01   5.0338e+01   4.2704e+00   0.0000e+00   0.0000e+00   2.6012e+02
20191027_08:00:00   1.7561e-01   4.7237e+01   3.9549e+00   0.0000e+00   0.0000e+00   2.6242e+02
20191027_09:00:00   1.6146e-01   4.4068e+01   3.6324e+00   0.0000e+00   0.0000e+00   2.6369e+02
20191027_10:00:00   1.5199e-01   4.1905e+01   3.4189e+00   0.0000e+00   0.0000e+00   2.6426e+02
20191027_11:00:00   1.4556e-01   4.0453e+01   3.2608e+00   0.0000e+00   0.0000e+00   2.6370e+02
20191027_12:00:00   1.4181e-01   3.9648e+01   3.1565e+00   0.0000e+00   0.0000e+00   2.6293e+02
20191027_13:00:00   1.3649e-01   3.8476e+01   3.0153e+00   0.0000e+00   0.0000e+00   2.6188e+02
20191027_14:00:00   1.2653e-01   3.6189e+01   2.7793e+00   0.0000e+00   0.0000e+00   2.5988e+02
20191027_15:00:00   1.1381e-01   3.3234e+01   2.4726e+00   0.0000e+00   0.0000e+00   2.5927e+02
20191027_16:00:00   1.0710e-01   3.1653e+01   2.3106e+00   0.0000e+00   0.0000e+00   2.5873e+02
20191027_17:00:00   1.0366e-01   3.0837e+01   2.2286e+00   0.0000e+00   8.1100e-05   2.5917e+02
20191027_18:00:00   1.0327e-01   3.0758e+01   2.2182e+00   0.0000e+00   7.4840e-05   2.6017e+02
20191027_19:00:00   1.0191e-01   3.0437e+01   2.1888e+00   0.0000e+00   2.4780e-04   2.6046e+02
20191027_20:00:00   1.0171e-01   3.0376e+01   2.1916e+00   0.0000e+00   3.1040e-04   2.5996e+02
20191027_21:00:00   9.9223e-02   2.9774e+01   2.1387e+00   0.0000e+00   3.4420e-04   2.5973e+02
20191027_22:00:00   9.4820e-02   2.8704e+01   2.0381e+00   0.0000e+00   3.3520e-04   2.5946e+02
20191027_23:00:00   9.0756e-02   2.7701e+01   1.9483e+00   0.0000e+00   4.5460e-04   2.5885e+02
20191028_00:00:00   8.7743e-02   2.6956e+01   1.8785e+00   0.0000e+00   2.9503e-04   2.5819e+02
20191028_01:00:00   8.6036e-02   2.6535e+01   1.8400e+00   0.0000e+00   1.4843e-04   2.5744e+02
20191028_02:00:00   8.4848e-02   2.6236e+01   1.8138e+00   0.0000e+00   1.4779e-04   2.5635e+02
20191028_03:00:00   8.4468e-02   2.6129e+01   1.8097e+00   0.0000e+00   1.8681e-04   2.5588e+02
20191028_04:00:00   8.3928e-02   2.5988e+01   1.8002e+00   0.0000e+00   1.7270e-04   2.5615e+02
20191028_05:00:00   8.4233e-02   2.6053e+01   1.8111e+00   0.0000e+00   2.7794e-04   2.5713e+02
20191028_06:00:00   8.5306e-02   2.6308e+01   1.8417e+00   0.0000e+00   3.1614e-04   2.5674e+02
20191028_07:00:00   8.5100e-02   2.6252e+01   1.8407e+00   0.0000e+00   3.0166e-04   2.5602e+02
20191028_08:00:00   8.2969e-02   2.5706e+01   1.7957e+00   0.0000e+00   2.2631e-04   2.5615e+02
20191028_09:00:00   8.2260e-02   2.5506e+01   1.7854e+00   0.0000e+00   1.7838e-04   2.5632e+02
20191028_10:00:00   8.1662e-02   2.5347e+01   1.7724e+00   0.0000e+00   1.4681e-04   2.5613e+02
20191028_11:00:00   8.0443e-02   2.5031e+01   1.7448e+00   0.0000e+00   1.4219e-04   2.5535e+02
20191028_12:00:00   7.9787e-02   2.4857e+01   1.7338e+00   0.0000e+00   1.9122e-04   2.5424e+02
20191028_13:00:00   7.9079e-02   2.4682e+01   1.7140e+00   0.0000e+00   1.3421e-04   2.5384e+02
20191028_14:00:00   7.8346e-02   2.4503e+01   1.6937e+00   0.0000e+00   8.9260e-05   2.5417e+02
20191028_15:00:00   7.7295e-02   2.4240e+01   1.6666e+00   0.0000e+00   2.0220e-05   2.5505e+02
20191028_16:00:00   7.6111e-02   2.3952e+01   1.6353e+00   0.0000e+00   1.0828e-05   2.5617e+02
20191028_17:00:00   7.4928e-02   2.3671e+01   1.6020e+00   0.0000e+00   0.0000e+00   2.5760e+02
20191028_18:00:00   7.4918e-02   2.3663e+01   1.6029e+00   0.0000e+00   0.0000e+00   2.5881e+02
20191028_19:00:00   7.4951e-02   2.3668e+01   1.6056e+00   0.0000e+00   0.0000e+00   2.5942e+02
20191028_20:00:00   7.4988e-02   2.3689e+01   1.6042e+00   0.0000e+00   0.0000e+00   2.5955e+02
20191028_21:00:00   7.5759e-02   2.3874e+01   1.6264e+00   0.0000e+00   0.0000e+00   2.5914e+02
20191028_22:00:00   7.6883e-02   2.4125e+01   1.6628e+00   0.0000e+00   0.0000e+00   2.5847e+02
20191028_23:00:00   8.1855e-02   2.5354e+01   1.7481e+00   6.7150e-04   0.0000e+00   2.5789e+02
20191029_00:00:00   1.3564e-01   3.8579e+01   1.8761e+00   1.9950e-02   0.0000e+00   2.5691e+02
20191029_01:00:00   2.7393e-01   6.9347e+01   1.9699e+00   7.3710e-02   0.0000e+00   2.5682e+02
20191029_02:00:00   2.6666e-01   6.7805e+01   2.0191e+00   7.0050e-02   0.0000e+00   2.5712e+02
20191029_03:00:00   2.6286e-01   6.7005e+01   2.0474e+00   6.8080e-02   0.0000e+00   2.5752e+02
20191029_04:00:00   2.4663e-01   6.3529e+01   2.0929e+00   6.0940e-02   0.0000e+00   2.5787e+02
20191029_05:00:00   1.6091e-01   4.4379e+01   2.1707e+00   2.5490e-02   0.0000e+00   2.5736e+02
20191029_06:00:00   1.0114e-01   2.9957e+01   2.2585e+00   2.3240e-04   0.0000e+00   2.5750e+02
20191029_09:00:00   9.9401e-02   2.9498e+01   2.2378e+00   0.0000e+00   0.0000e+00   2.5551e+02
20191029_12:00:00   9.8172e-02   2.9149e+01   2.2180e+00   0.0000e+00   0.0000e+00   2.5453e+02
20191029_15:00:00   1.0061e-01   2.9710e+01   2.2820e+00   0.0000e+00   0.0000e+00   2.5333e+02
20191029_18:00:00   1.0348e-01   3.0357e+01   2.3443e+00   0.0000e+00   0.0000e+00   2.5296e+02
20191029_21:00:00   1.0996e-01   3.1921e+01   2.4853e+00   0.0000e+00   0.0000e+00   2.5451e+02
20191030_00:00:00   1.1439e-01   3.2998e+01   2.5493e+00   4.3910e-04   0.0000e+00   2.5609e+02
20191030_03:00:00   1.2859e-01   3.6392e+01   2.7755e+00   2.0700e-03   0.0000e+00   2.5405e+02
20191030_06:00:00   1.5461e-01   4.2338e+01   3.0389e+00   8.6070e-03   0.0000e+00   2.5469e+02
20191030_09:00:00   1.5559e-01   4.2327e+01   3.5554e+00   0.0000e+00   0.0000e+00   2.5469e+02
20191030_12:00:00   1.5716e-01   4.2644e+01   3.5699e+00   0.0000e+00   0.0000e+00   2.5334e+02
20191030_15:00:00   1.4483e-01   3.9951e+01   3.2120e+00   0.0000e+00   0.0000e+00   2.5401e+02
20191030_18:00:00   1.4014e-01   3.9037e+01   3.0344e+00   0.0000e+00   2.9750e-03   2.5455e+02
20191030_21:00:00   1.3234e-01   3.7425e+01   2.8175e+00   0.0000e+00   1.5435e-03   2.6100e+02
20191031_00:00:00   1.5458e-01   4.2505e+01   3.2950e+00   5.1460e-04   3.1197e-03   2.6055e+02
20191031_03:00:00   1.5578e-01   4.2905e+01   3.3079e+00   0.0000e+00   1.3636e-03   2.6065e+02
20191031_06:00:00   1.3664e-01   3.8597e+01   2.8687e+00   0.0000e+00   0.0000e+00   2.5942e+02
20191031_09:00:00   1.1665e-01   3.3988e+01   2.4072e+00   0.0000e+00   0.0000e+00   2.5883e+02
20191031_12:00:00   1.0178e-01   3.0485e+01   2.0617e+00   0.0000e+00   0.0000e+00   2.5514e+02
20191031_15:00:00   9.1045e-02   2.7905e+01   1.8146e+00   0.0000e+00   0.0000e+00   2.5306e+02
20191031_18:00:00   8.4464e-02   2.6287e+01   1.6790e+00   0.0000e+00   0.0000e+00   2.5278e+02
20191031_21:00:00   8.9457e-02   2.7510e+01   1.7948e+00   0.0000e+00   0.0000e+00   2.5271e+02
20191101_00:00:00   1.3112e-01   3.7359e+01   2.7971e+00   0.0000e+00   9.0800e-06   2.5338e+02
20191101_03:00:00   1.7078e-01   4.6565e+01   3.3611e+00   5.1117e-03   5.0800e-08   2.5239e+02
20191101_06:00:00   1.5341e-01   4.2586e+01   3.2550e+00   6.8740e-05   0.0000e+00   2.5042e+02
20191101_09:00:00   1.4640e-01   4.1013e+01   3.0945e+00   0.0000e+00   0.0000e+00   2.5016e+02
20191101_12:00:00   1.5093e-01   4.2043e+01   3.1828e+00   0.0000e+00   0.0000e+00   2.4726e+02
20191101_15:00:00   1.3243e-01   3.7660e+01   2.8287e+00   0.0000e+00   0.0000e+00   2.4894e+02
20191101_18:00:00   1.2321e-01   3.5470e+01   2.6562e+00   0.0000e+00   0.0000e+00   2.4907e+02
20191101_21:00:00   1.2367e-01   3.5599e+01   2.6683e+00   0.0000e+00   0.0000e+00   2.5028e+02
20191102_00:00:00   1.3854e-01   3.9141e+01   2.8757e+00   2.2687e-03   0.0000e+00   2.4908e+02
20191102_03:00:00   5.0364e-01   1.1093e+02   4.6218e+00   1.1662e-01   1.7872e-04   2.4762e+02
20191102_06:00:00   4.7856e-01   1.0675e+02   5.2298e+00   9.3130e-02   5.0462e-05   2.4707e+02
20191102_09:00:00   1.9619e-01   5.2150e+01   4.2429e+00   0.0000e+00   0.0000e+00   2.4619e+02
20191102_12:00:00   1.6131e-01   4.4259e+01   3.5610e+00   0.0000e+00   0.0000e+00   2.4451e+02
20191102_15:00:00   1.4373e-01   4.0135e+01   3.2127e+00   0.0000e+00   0.0000e+00   2.4280e+02
20191102_18:00:00   1.3767e-01   3.8719e+01   3.0928e+00   0.0000e+00   0.0000e+00   2.4264e+02
20191102_21:00:00   1.4000e-01   3.9319e+01   3.1417e+00   0.0000e+00   0.0000e+00   2.4444e+02
20191103_00:00:00   1.4859e-01   4.1386e+01   3.2933e+00   1.6240e-04   0.0000e+00   2.4487e+02
20191103_03:00:00   1.6980e-01   4.6338e+01   3.7251e+00   0.0000e+00   0.0000e+00   2.4380e+02
20191103_06:00:00   1.5674e-01   4.3344e+01   3.4490e+00   0.0000e+00   0.0000e+00   2.4243e+02
20191103_09:00:00   1.3604e-01   3.8516e+01   3.0003e+00   0.0000e+00   0.0000e+00   2.4358e+02
20191103_12:00:00   1.2371e-01   3.5603e+01   2.7286e+00   0.0000e+00   0.0000e+00   2.4184e+02
20191103_15:00:00   1.2023e-01   3.4766e+01   2.6529e+00   0.0000e+00   1.7048e-05   2.4229e+02
20191103_18:00:00   1.1502e-01   3.3507e+01   2.5434e+00   0.0000e+00   1.4010e-03   2.4331e+02
20191103_21:00:00   1.0853e-01   3.1926e+01   2.4084e+00   0.0000e+00   1.7573e-03   2.4347e+02
20191104_00:00:00   1.0570e-01   3.1215e+01   2.3509e+00   0.0000e+00   4.5624e-03   2.4272e+02
20191104_03:00:00   1.0754e-01   3.1791e+01   2.3598e+00   0.0000e+00   0.0000e+00   2.4380e+02
20191104_06:00:00   1.0683e-01   3.1687e+01   2.3198e+00   0.0000e+00   0.0000e+00   2.4646e+02
20191104_09:00:00   1.0485e-01   3.1140e+01   2.2843e+00   0.0000e+00   0.0000e+00   2.4811e+02
20191104_12:00:00   9.7844e-02   2.9369e+01   2.1339e+00   0.0000e+00   0.0000e+00   2.4717e+02
20191104_15:00:00   9.4907e-02   2.8486e+01   2.1205e+00   0.0000e+00   0.0000e+00   2.4676e+02
20191104_18:00:00   9.1449e-02   2.7610e+01   2.0472e+00   0.0000e+00   0.0000e+00   2.4746e+02
20191104_21:00:00   9.2340e-02   2.7818e+01   2.0747e+00   0.0000e+00   0.0000e+00   2.4816e+02
20191105_00:00:00   9.3009e-02   2.8009e+01   2.0871e+00   0.0000e+00   0.0000e+00   2.4921e+02
20191105_03:00:00   9.4262e-02   2.8357e+01   2.1088e+00   0.0000e+00   0.0000e+00   2.4843e+02
20191105_06:00:00   9.7922e-02   2.9304e+01   2.1856e+00   0.0000e+00   0.0000e+00   2.4926e+02
20191105_09:00:00   1.0096e-01   3.0058e+01   2.2517e+00   0.0000e+00   0.0000e+00   2.4906e+02
20191105_12:00:00   1.1082e-01   3.2444e+01   2.4833e+00   0.0000e+00   0.0000e+00   2.4705e+02
20191105_15:00:00   1.2146e-01   3.5029e+01   2.7153e+00   0.0000e+00   0.0000e+00   2.4566e+02
20191105_18:00:00   1.3031e-01   3.7167e+01   2.9005e+00   0.0000e+00   0.0000e+00   2.4706e+02
20191105_21:00:00   1.2988e-01   3.7103e+01   2.8909e+00   0.0000e+00   0.0000e+00   2.4879e+02
20191106_00:00:00   1.4045e-01   3.9654e+01   3.1132e+00   0.0000e+00   0.0000e+00   2.4806e+02
20191106_03:00:00   1.4062e-01   3.9745e+01   3.1044e+00   0.0000e+00   0.0000e+00   2.4450e+02
20191106_06:00:00   1.3941e-01   3.9448e+01   3.0802e+00   0.0000e+00   0.0000e+00   2.4469e+02
20191106_09:00:00   1.3837e-01   3.9156e+01   3.0685e+00   0.0000e+00   0.0000e+00   2.4432e+02
20191106_12:00:00   1.3656e-01   3.8682e+01   3.0478e+00   0.0000e+00   0.0000e+00   2.4328e+02
20191106_15:00:00   1.2875e-01   3.6863e+01   2.8785e+00   0.0000e+00   0.0000e+00   2.4068e+02
20191106_18:00:00   1.2466e-01   3.5925e+01   2.7792e+00   0.0000e+00   0.0000e+00   2.4272e+02
20191106_21:00:00   1.2517e-01   3.6078e+01   2.7854e+00   0.0000e+00   0.0000e+00   2.4243e+02
20191107_00:00:00   1.2287e-01   3.5576e+01   2.7258e+00   0.0000e+00   0.0000e+00   2.4335e+02
20191107_03:00:00   1.2999e-01   3.7325e+01   2.8750e+00   2.3420e-05   0.0000e+00   2.4197e+02
20191107_06:00:00   1.3594e-01   3.8730e+01   3.0101e+00   0.0000e+00   0.0000e+00   2.4023e+02
20191107_09:00:00   1.3635e-01   3.8847e+01   3.0093e+00   0.0000e+00   0.0000e+00   2.4034e+02
20191107_12:00:00   1.3276e-01   3.8023e+01   2.9109e+00   0.0000e+00   0.0000e+00   2.3896e+02
20191107_15:00:00   1.3415e-01   3.8363e+01   2.9260e+00   0.0000e+00   0.0000e+00   2.4000e+02
20191107_18:00:00   1.3784e-01   3.9236e+01   3.0001e+00   0.0000e+00   0.0000e+00   2.4156e+02
20191107_21:00:00   1.4121e-01   3.9950e+01   3.0978e+00   0.0000e+00   0.0000e+00   2.4185e+02
20191108_00:00:00   1.7682e-01   4.8173e+01   3.2295e+00   1.1930e-02   0.0000e+00   2.4290e+02
20191108_03:00:00   3.6059e-01   8.6352e+01   4.1868e+00   6.5488e-02   0.0000e+00   2.4363e+02
20191108_06:00:00   1.4444e-01   4.0749e+01   3.0833e+00   0.0000e+00   2.3900e-06   2.4210e+02
20191108_09:00:00   1.2319e-01   3.5748e+01   2.6177e+00   0.0000e+00   0.0000e+00   2.4192e+02
20191108_12:00:00   1.2318e-01   3.5733e+01   2.5952e+00   0.0000e+00   0.0000e+00   2.3987e+02
20191108_15:00:00   1.1799e-01   3.4488e+01   2.4801e+00   0.0000e+00   0.0000e+00   2.3949e+02
20191108_18:00:00   1.0509e-01   3.1397e+01   2.2049e+00   0.0000e+00   0.0000e+00   2.3876e+02
20191108_21:00:00   1.1037e-01   3.2675e+01   2.2708e+00   1.0320e-03   5.1605e-04   2.4023e+02
20191109_00:00:00   1.5383e-01   4.2814e+01   3.1531e+00   1.7120e-03   6.8159e-03   2.4141e+02
20191109_03:00:00   1.5245e-01   4.2055e+01   3.4047e+00   1.6870e-05   3.9245e-03   2.3959e+02
20191109_06:00:00   2.8815e-01   7.0849e+01   6.3463e+00   0.0000e+00   0.0000e+00   2.4109e+02
