#            date       tau225        Tb[K]      pwv[mm] lwp[kg*m^-2] iwp[kg*m^-2]       o3[DU]
20191009_18:00:00   0.0000e+00   0.0000e+00   0.0000e+00   0.0000e+00   0.0000e+00   0.0000e+00
20191009_19:00:00   0.0000e+00   0.0000e+00   0.0000e+00   0.0000e+00   0.0000e+00   0.0000e+00
20191009_20:00:00   2.6906e-02   1.0527e+01   2.9735e-01   0.0000e+00   5.3312e-02   2.8651e+02
20191009_21:00:00   3.5485e-02   1.3536e+01   6.7014e-01   0.0000e+00   0.0000e+00   2.6361e+02
20191009_22:00:00   8.9791e-02   2.8182e+01   1.7633e+00   0.0000e+00   0.0000e+00   2.6519e+02
20191009_23:00:00   0.0000e+00   0.0000e+00   0.0000e+00   0.0000e+00   0.0000e+00   0.0000e+00
20191010_00:00:00   3.0486e-02   1.2197e+01   5.3714e-01   0.0000e+00   0.0000e+00   2.6235e+02
20191010_01:00:00   2.9956e-02   1.2051e+01   5.2542e-01   0.0000e+00   0.0000e+00   2.6266e+02
20191010_02:00:00   0.0000e+00   2.7000e+00   0.0000e+00   0.0000e+00   0.0000e+00   0.0000e+00
20191010_03:00:00   2.8855e-02   1.1750e+01   4.9747e-01   0.0000e+00   0.0000e+00   2.6178e+02
20191010_04:00:00   2.9141e-02   1.1821e+01   5.0365e-01   0.0000e+00   0.0000e+00   2.6027e+02
20191010_05:00:00   2.9985e-02   1.2032e+01   5.2618e-01   0.0000e+00   0.0000e+00   2.5888e+02
20191010_07:00:00   0.0000e+00   0.0000e+00   0.0000e+00   0.0000e+00   0.0000e+00   0.0000e+00
20191010_08:00:00   3.0888e-02   1.2255e+01   5.5298e-01   0.0000e+00   0.0000e+00   2.6119e+02
20191010_09:00:00   3.1093e-02   1.2322e+01   5.5744e-01   0.0000e+00   0.0000e+00   2.6060e+02
20191010_10:00:00   3.1971e-02   1.2560e+01   5.8011e-01   0.0000e+00   0.0000e+00   2.5984e+02
20191010_11:00:00   0.0000e+00   0.0000e+00   0.0000e+00   0.0000e+00   0.0000e+00   0.0000e+00
20191010_12:00:00   3.3498e-02   1.2982e+01   6.1894e-01   0.0000e+00   0.0000e+00   2.6093e+02
20191010_13:00:00   4.1264e+03   2.7380e+02   1.1067e+00   0.0000e+00   1.1470e+05   2.4697e+02
20191010_14:00:00   1.0099e-01   2.9581e+01   2.3709e+00   0.0000e+00   0.0000e+00   2.5963e+02
20191010_15:00:00   4.2595e-02   1.5431e+01   8.5153e-01   0.0000e+00   0.0000e+00   2.6393e+02
20191010_16:00:00   0.0000e+00   0.0000e+00   0.0000e+00   0.0000e+00   0.0000e+00   0.0000e+00
20191010_17:00:00   0.0000e+00   2.7000e+00   0.0000e+00   0.0000e+00   0.0000e+00   0.0000e+00
20191010_18:00:00   6.4914e-02   2.1087e+01   1.4400e+00   0.0000e+00   0.0000e+00   2.6113e+02
20191010_19:00:00   7.0946e-02   2.2530e+01   1.6043e+00   0.0000e+00   7.4320e-06   2.6088e+02
20191010_20:00:00   7.8441e-02   2.4255e+01   1.8088e+00   0.0000e+00   0.0000e+00   2.6144e+02
20191010_21:00:00   7.9990e-02   2.4656e+01   1.8444e+00   0.0000e+00   0.0000e+00   2.6123e+02
20191010_22:00:00   0.0000e+00   0.0000e+00   0.0000e+00   0.0000e+00   0.0000e+00   0.0000e+00
20191010_23:00:00   0.0000e+00   2.7000e+00   0.0000e+00   0.0000e+00   0.0000e+00   0.0000e+00
20191011_00:00:00   4.5773e-02   1.6264e+01   9.2987e-01   0.0000e+00   0.0000e+00   2.5986e+02
20191011_01:00:00   5.8553e-02   1.9430e+01   1.2826e+00   0.0000e+00   0.0000e+00   2.6021e+02
20191011_02:00:00   0.0000e+00   2.7000e+00   0.0000e+00   0.0000e+00   0.0000e+00   0.0000e+00
20191011_03:00:00   9.6586e-02   2.8364e+01   2.2987e+00   0.0000e+00   0.0000e+00   2.6099e+02
20191011_06:00:00   5.6502e-02   1.8917e+01   1.2164e+00   0.0000e+00   0.0000e+00   2.6032e+02
20191011_07:00:00   5.4801e-02   1.8506e+01   1.1687e+00   0.0000e+00   0.0000e+00   2.6158e+02
20191011_08:00:00   5.5587e-02   1.8673e+01   1.1959e+00   0.0000e+00   0.0000e+00   2.6205e+02
20191011_09:00:00   1.3243e-01   3.6535e+01   3.2067e+00   0.0000e+00   7.9746e-02   2.5908e+02
20191011_10:00:00   0.0000e+00   0.0000e+00   0.0000e+00   0.0000e+00   0.0000e+00   0.0000e+00
20191011_12:00:00   6.8273e-02   2.1774e+01   1.5290e+00   0.0000e+00   0.0000e+00   2.6295e+02
20191011_13:00:00   1.2544e-01   3.5496e+01   2.9583e+00   0.0000e+00   0.0000e+00   2.6330e+02
20191011_14:00:00   7.8008e-02   2.4286e+01   1.7637e+00   0.0000e+00   0.0000e+00   2.6261e+02
20191011_15:00:00   0.0000e+00   0.0000e+00   0.0000e+00   0.0000e+00   0.0000e+00   0.0000e+00
20191011_16:00:00   0.0000e+00   0.0000e+00   0.0000e+00   0.0000e+00   0.0000e+00   0.0000e+00
20191011_17:00:00   1.2539e-01   3.5361e+01   2.9904e+00   9.2900e-05   1.4867e-03   2.5937e+02
20191011_18:00:00   0.0000e+00   0.0000e+00   0.0000e+00   0.0000e+00   0.0000e+00   0.0000e+00
20191011_19:00:00   0.0000e+00   2.7000e+00   0.0000e+00   0.0000e+00   0.0000e+00   0.0000e+00
20191011_20:00:00   0.0000e+00   0.0000e+00   0.0000e+00   0.0000e+00   0.0000e+00   0.0000e+00
20191011_21:00:00   0.0000e+00   0.0000e+00   0.0000e+00   0.0000e+00   0.0000e+00   0.0000e+00
20191011_22:00:00   0.0000e+00   2.7000e+00   0.0000e+00   0.0000e+00   0.0000e+00   0.0000e+00
20191011_23:00:00   1.0346e-01   3.0239e+01   2.4526e+00   0.0000e+00   3.7160e-05   2.5718e+02
20191012_00:00:00   1.2729e-01   3.5616e+01   3.0597e+00   0.0000e+00   2.2224e-02   2.5804e+02
20191012_01:00:00   1.3512e-01   3.7288e+01   3.2769e+00   0.0000e+00   8.5713e-03   2.5989e+02
20191012_02:00:00   0.0000e+00   0.0000e+00   0.0000e+00   0.0000e+00   0.0000e+00   0.0000e+00
20191012_03:00:00   0.0000e+00   0.0000e+00   0.0000e+00   0.0000e+00   0.0000e+00   0.0000e+00
20191012_04:00:00   1.1914e-01   3.3857e+01   2.8225e+00   0.0000e+00   0.0000e+00   2.5964e+02
20191012_05:00:00   0.0000e+00   0.0000e+00   0.0000e+00   0.0000e+00   0.0000e+00   0.0000e+00
20191012_06:00:00   1.0285e-01   3.0271e+01   2.3806e+00   0.0000e+00   0.0000e+00   2.6027e+02
20191012_07:00:00   1.1371e-01   3.2724e+01   2.6665e+00   0.0000e+00   0.0000e+00   2.5986e+02
20191012_08:00:00   1.1965e-01   3.4077e+01   2.8139e+00   0.0000e+00   0.0000e+00   2.5987e+02
20191012_09:00:00   0.0000e+00   2.7000e+00   0.0000e+00   0.0000e+00   0.0000e+00   0.0000e+00
20191012_10:00:00   0.0000e+00   0.0000e+00   0.0000e+00   0.0000e+00   0.0000e+00   0.0000e+00
20191012_11:00:00   1.1346e-01   3.2777e+01   2.6275e+00   0.0000e+00   0.0000e+00   2.6180e+02
20191012_12:00:00   0.0000e+00   0.0000e+00   0.0000e+00   0.0000e+00   0.0000e+00   0.0000e+00
20191012_13:00:00   1.1383e-01   3.2945e+01   2.6192e+00   0.0000e+00   0.0000e+00   2.6126e+02
20191012_14:00:00   1.1684e-01   3.3685e+01   2.6930e+00   0.0000e+00   0.0000e+00   2.5969e+02
20191012_15:00:00   1.2206e-01   3.4892e+01   2.8311e+00   0.0000e+00   0.0000e+00   2.5906e+02
20191012_16:00:00   1.3571e-01   3.7945e+01   3.1934e+00   0.0000e+00   3.7160e-05   2.5795e+02
20191012_17:00:00   0.0000e+00   0.0000e+00   0.0000e+00   0.0000e+00   0.0000e+00   0.0000e+00
20191012_18:00:00   1.3931e-01   3.8793e+01   3.2888e+00   0.0000e+00   1.1148e-04   2.5846e+02
20191012_19:00:00   1.2327e-01   3.5124e+01   2.8922e+00   0.0000e+00   0.0000e+00   2.5844e+02
20191012_20:00:00   1.2098e-01   3.4506e+01   2.8419e+00   0.0000e+00   0.0000e+00   2.5913e+02
20191012_21:00:00   1.2543e-01   3.5495e+01   2.9587e+00   0.0000e+00   0.0000e+00   2.6021e+02
20191012_22:00:00   1.1795e-01   3.3891e+01   2.7411e+00   0.0000e+00   0.0000e+00   2.6101e+02
20191012_23:00:00   1.6383e-01   4.4896e+01   3.7213e+00   0.0000e+00   0.0000e+00   2.6132e+02
20191013_00:00:00   0.0000e+00   2.7000e+00   0.0000e+00   0.0000e+00   0.0000e+00   0.0000e+00
20191013_01:00:00   1.4584e-01   3.9987e+01   3.4686e+00   0.0000e+00   0.0000e+00   2.6140e+02
20191013_02:00:00   1.3774e-01   3.8272e+01   3.2333e+00   0.0000e+00   3.0960e-05   2.5892e+02
20191013_03:00:00   0.0000e+00   0.0000e+00   0.0000e+00   0.0000e+00   0.0000e+00   0.0000e+00
20191013_04:00:00   0.0000e+00   0.0000e+00   0.0000e+00   0.0000e+00   0.0000e+00   0.0000e+00
20191013_05:00:00   0.0000e+00   0.0000e+00   0.0000e+00   0.0000e+00   0.0000e+00   0.0000e+00
20191013_06:00:00   0.0000e+00   0.0000e+00   0.0000e+00   0.0000e+00   0.0000e+00   0.0000e+00
20191013_08:00:00   1.2429e-01   3.5212e+01   2.8967e+00   0.0000e+00   0.0000e+00   2.5735e+02
20191013_09:00:00   0.0000e+00   0.0000e+00   0.0000e+00   0.0000e+00   0.0000e+00   0.0000e+00
20191013_10:00:00   1.2816e-01   3.6090e+01   2.9772e+00   0.0000e+00   0.0000e+00   2.5650e+02
20191013_11:00:00   1.3272e-01   3.7093e+01   3.0897e+00   0.0000e+00   0.0000e+00   2.5802e+02
20191013_12:00:00   1.3701e-01   3.8049e+01   3.1964e+00   0.0000e+00   0.0000e+00   2.5858e+02
20191013_13:00:00   0.0000e+00   0.0000e+00   0.0000e+00   0.0000e+00   0.0000e+00   0.0000e+00
20191013_14:00:00   1.5013e-01   4.1026e+01   3.5152e+00   0.0000e+00   2.9826e-07   2.5524e+02
20191013_15:00:00   0.0000e+00   2.7000e+00   0.0000e+00   0.0000e+00   0.0000e+00   0.0000e+00
20191013_16:00:00   0.0000e+00   0.0000e+00   0.0000e+00   0.0000e+00   0.0000e+00   0.0000e+00
20191013_17:00:00   1.8067e-01   4.7794e+01   4.2571e+00   0.0000e+00   1.7136e-03   2.5305e+02
20191013_18:00:00   0.0000e+00   2.7000e+00   0.0000e+00   0.0000e+00   0.0000e+00   0.0000e+00
20191013_19:00:00   1.5876e-01   4.2977e+01   3.7347e+00   0.0000e+00   0.0000e+00   2.5432e+02
20191013_20:00:00   0.0000e+00   2.7000e+00   0.0000e+00   0.0000e+00   0.0000e+00   0.0000e+00
20191013_21:00:00   1.6435e-01   4.3937e+01   3.9412e+00   0.0000e+00   4.5332e-04   2.5308e+02
20191013_22:00:00   1.8620e-01   4.8402e+01   4.4832e+00   0.0000e+00   2.5724e-03   2.5507e+02
20191013_23:00:00   0.0000e+00   0.0000e+00   0.0000e+00   0.0000e+00   0.0000e+00   0.0000e+00
20191014_00:00:00   1.5679e-01   4.2358e+01   3.6937e+00   0.0000e+00   1.4864e-05   2.5606e+02
20191014_01:00:00   1.5281e-01   4.1546e+01   3.5929e+00   0.0000e+00   7.4320e-06   2.5679e+02
20191014_02:00:00   1.6223e-01   4.3576e+01   3.8168e+00   0.0000e+00   2.1560e-04   2.5505e+02
20191014_03:00:00   1.6506e-01   4.4192e+01   3.8624e+00   0.0000e+00   0.0000e+00   2.5718e+02
20191014_04:00:00   0.0000e+00   0.0000e+00   0.0000e+00   0.0000e+00   0.0000e+00   0.0000e+00
20191014_06:00:00   0.0000e+00   0.0000e+00   0.0000e+00   0.0000e+00   0.0000e+00   0.0000e+00
20191014_07:00:00   0.0000e+00   0.0000e+00   0.0000e+00   0.0000e+00   0.0000e+00   0.0000e+00
20191014_08:00:00   1.1722e-01   3.3563e+01   2.5572e+00   0.0000e+00   0.0000e+00   2.6006e+02
20191014_09:00:00   2.3721e-01   6.0778e+01   4.9629e+00   0.0000e+00   0.0000e+00   2.6103e+02
20191014_10:00:00   1.0245e-01   3.0099e+01   2.2006e+00   0.0000e+00   0.0000e+00   2.6208e+02
20191014_11:00:00   0.0000e+00   2.7000e+00   0.0000e+00   0.0000e+00   0.0000e+00   0.0000e+00
20191014_12:00:00   0.0000e+00   0.0000e+00   0.0000e+00   0.0000e+00   0.0000e+00   0.0000e+00
20191014_13:00:00   9.5631e-02   2.8500e+01   2.0546e+00   0.0000e+00   0.0000e+00   2.6270e+02
20191014_14:00:00   0.0000e+00   0.0000e+00   0.0000e+00   0.0000e+00   0.0000e+00   0.0000e+00
20191014_15:00:00   0.0000e+00   0.0000e+00   0.0000e+00   0.0000e+00   0.0000e+00   0.0000e+00
20191014_16:00:00   0.0000e+00   0.0000e+00   0.0000e+00   0.0000e+00   0.0000e+00   0.0000e+00
20191014_17:00:00   9.4851e-02   2.8290e+01   2.0906e+00   0.0000e+00   0.0000e+00   2.6440e+02
20191014_18:00:00   1.0102e-01   2.9719e+01   2.2546e+00   0.0000e+00   0.0000e+00   2.6309e+02
20191014_21:00:00   1.0394e-01   3.0280e+01   2.3374e+00   0.0000e+00   0.0000e+00   2.6253e+02
20191015_03:00:00   0.0000e+00   0.0000e+00   0.0000e+00   0.0000e+00   0.0000e+00   0.0000e+00
20191015_06:00:00   5.4747e-02   1.8476e+01   1.1401e+00   0.0000e+00   0.0000e+00   2.6137e+02
20191015_09:00:00   5.2662e-02   1.7926e+01   1.0994e+00   0.0000e+00   0.0000e+00   2.5999e+02
20191015_12:00:00   0.0000e+00   0.0000e+00   0.0000e+00   0.0000e+00   0.0000e+00   0.0000e+00
20191015_15:00:00   5.1654e-02   1.7648e+01   1.0842e+00   0.0000e+00   0.0000e+00   2.6066e+02
20191015_21:00:00   7.7485e-02   2.4008e+01   1.7111e+00   0.0000e+00   0.0000e+00   2.6178e+02
20191016_00:00:00   6.2677e-02   2.0382e+01   1.3328e+00   0.0000e+00   0.0000e+00   2.6109e+02
20191016_03:00:00   5.2952e-02   1.7931e+01   1.1148e+00   0.0000e+00   0.0000e+00   2.5937e+02
20191016_06:00:00   4.7764e-02   1.6606e+01   9.8762e-01   0.0000e+00   0.0000e+00   2.5939e+02
20191016_09:00:00   0.0000e+00   0.0000e+00   0.0000e+00   0.0000e+00   0.0000e+00   0.0000e+00
20191016_12:00:00   0.0000e+00   2.7000e+00   0.0000e+00   0.0000e+00   0.0000e+00   0.0000e+00
20191016_15:00:00   5.0281e-02   1.7270e+01   1.0467e+00   0.0000e+00   0.0000e+00   2.5689e+02
20191016_18:00:00   0.0000e+00   0.0000e+00   0.0000e+00   0.0000e+00   0.0000e+00   0.0000e+00
20191017_00:00:00   5.8549e-02   1.9364e+01   1.2335e+00   0.0000e+00   0.0000e+00   2.6066e+02
20191017_03:00:00   0.0000e+00   0.0000e+00   0.0000e+00   0.0000e+00   0.0000e+00   0.0000e+00
20191017_06:00:00   4.3640e-02   1.5620e+01   8.7230e-01   0.0000e+00   0.0000e+00   2.5662e+02
20191017_09:00:00   4.6207e-02   1.6263e+01   9.3849e-01   0.0000e+00   0.0000e+00   2.5525e+02
20191017_12:00:00   4.7511e-02   1.6571e+01   9.7292e-01   0.0000e+00   0.0000e+00   2.5526e+02
20191017_15:00:00   0.0000e+00   0.0000e+00   0.0000e+00   0.0000e+00   0.0000e+00   0.0000e+00
20191017_18:00:00   0.0000e+00   0.0000e+00   0.0000e+00   0.0000e+00   0.0000e+00   0.0000e+00
20191017_21:00:00   6.8504e-02   2.1808e+01   1.4790e+00   0.0000e+00   0.0000e+00   2.5241e+02
20191018_00:00:00   0.0000e+00   0.0000e+00   0.0000e+00   0.0000e+00   0.0000e+00   0.0000e+00
20191018_06:00:00   0.0000e+00   2.7000e+00   0.0000e+00   0.0000e+00   0.0000e+00   0.0000e+00
20191018_09:00:00   0.0000e+00   0.0000e+00   0.0000e+00   0.0000e+00   0.0000e+00   0.0000e+00
20191018_12:00:00   0.0000e+00   0.0000e+00   0.0000e+00   0.0000e+00   0.0000e+00   0.0000e+00
20191018_15:00:00   5.7060e-02   1.8926e+01   1.1517e+00   0.0000e+00   6.8224e-04   2.5854e+02
20191018_18:00:00   7.4704e-02   2.3225e+01   1.5767e+00   0.0000e+00   1.6110e-05   2.5826e+02
20191018_21:00:00   0.0000e+00   0.0000e+00   0.0000e+00   0.0000e+00   0.0000e+00   0.0000e+00
20191019_00:00:00   7.4669e-02   2.3236e+01   1.5060e+00   0.0000e+00   0.0000e+00   2.6120e+02
20191019_03:00:00   0.0000e+00   2.7000e+00   0.0000e+00   0.0000e+00   0.0000e+00   0.0000e+00
20191019_06:00:00   5.2441e-02   1.7759e+01   1.0043e+00   0.0000e+00   0.0000e+00   2.6316e+02
20191019_12:00:00   0.0000e+00   0.0000e+00   0.0000e+00   0.0000e+00   0.0000e+00   0.0000e+00
20191019_15:00:00   4.4050e-02   1.5634e+01   8.1039e-01   0.0000e+00   0.0000e+00   2.7768e+02
20191019_21:00:00   5.1664e-02   1.7500e+01   1.0053e+00   0.0000e+00   0.0000e+00   2.7515e+02
20191020_00:00:00   0.0000e+00   0.0000e+00   0.0000e+00   0.0000e+00   0.0000e+00   0.0000e+00
20191020_03:00:00   2.6930e-02   1.1188e+01   4.1612e-01   0.0000e+00   0.0000e+00   2.7710e+02
20191020_09:00:00   3.0973e-02   1.2162e+01   5.4274e-01   0.0000e+00   0.0000e+00   2.7238e+02
20191020_12:00:00   0.0000e+00   0.0000e+00   0.0000e+00   0.0000e+00   0.0000e+00   0.0000e+00
20191020_15:00:00   3.5328e-02   1.3336e+01   6.5200e-01   0.0000e+00   0.0000e+00   2.7351e+02
20191020_21:00:00   5.6924e-02   1.8718e+01   1.1697e+00   0.0000e+00   2.4294e-06   2.6526e+02
20191021_00:00:00   0.0000e+00   0.0000e+00   0.0000e+00   0.0000e+00   0.0000e+00   0.0000e+00
20191021_03:00:00   3.9583e-02   1.4561e+01   7.7040e-01   0.0000e+00   0.0000e+00   2.6936e+02
20191021_09:00:00   1.8086e-01   4.9147e+01   3.6224e+00   0.0000e+00   0.0000e+00   2.6312e+02
20191021_15:00:00   0.0000e+00   0.0000e+00   0.0000e+00   0.0000e+00   0.0000e+00   0.0000e+00
20191021_18:00:00   0.0000e+00   0.0000e+00   0.0000e+00   0.0000e+00   0.0000e+00   0.0000e+00
20191021_21:00:00   3.7827e-02   1.4142e+01   7.2935e-01   0.0000e+00   0.0000e+00   2.5931e+02
20191022_00:00:00   3.3790e-02   1.3080e+01   6.2550e-01   0.0000e+00   0.0000e+00   2.5772e+02
20191022_03:00:00   3.1325e-02   1.2430e+01   5.6316e-01   0.0000e+00   0.0000e+00   2.5613e+02
20191022_06:00:00   2.9010e-02   1.1794e+01   5.0243e-01   0.0000e+00   0.0000e+00   2.5452e+02
20191022_09:00:00   2.9831e-02   1.1999e+01   5.2878e-01   0.0000e+00   0.0000e+00   2.5566e+02
20191022_12:00:00   2.8341e-02   1.1624e+01   4.8525e-01   0.0000e+00   0.0000e+00   2.5746e+02
20191022_15:00:00   0.0000e+00   0.0000e+00   0.0000e+00   0.0000e+00   0.0000e+00   0.0000e+00
20191022_18:00:00   0.0000e+00   2.7000e+00   0.0000e+00   0.0000e+00   0.0000e+00   0.0000e+00
20191022_21:00:00   3.6538e-02   1.3846e+01   7.0053e-01   0.0000e+00   0.0000e+00   2.5532e+02
20191023_00:00:00   3.1899e-02   1.2599e+01   5.8133e-01   0.0000e+00   0.0000e+00   2.5205e+02
20191023_03:00:00   2.9340e-02   1.1869e+01   5.2067e-01   0.0000e+00   0.0000e+00   2.5224e+02
20191023_06:00:00   2.8249e-02   1.1571e+01   4.9214e-01   0.0000e+00   0.0000e+00   2.5154e+02
20191023_09:00:00   2.8822e-02   1.1745e+01   5.0331e-01   0.0000e+00   0.0000e+00   2.5339e+02
20191023_12:00:00   2.8334e-02   1.1619e+01   4.9013e-01   0.0000e+00   0.0000e+00   2.5424e+02
20191023_15:00:00   3.4777e-02   1.3357e+01   6.6310e-01   0.0000e+00   0.0000e+00   2.5494e+02
20191023_18:00:00   1.7543e-02   8.1413e+00   1.1431e-01   0.0000e+00   3.1175e-03   2.9446e+02
20191023_21:00:00   4.1915e-02   1.5230e+01   8.5983e-01   0.0000e+00   0.0000e+00   2.5430e+02
20191024_00:00:00   0.0000e+00   0.0000e+00   0.0000e+00   0.0000e+00   0.0000e+00   0.0000e+00
20191024_03:00:00   5.4681e-02   1.8431e+01   1.2092e+00   0.0000e+00   0.0000e+00   2.5237e+02
20191024_06:00:00   7.8679e-02   2.4637e+01   1.7567e+00   0.0000e+00   0.0000e+00   2.5417e+02
20191024_09:00:00   0.0000e+00   2.7000e+00   0.0000e+00   0.0000e+00   0.0000e+00   0.0000e+00
20191024_12:00:00   0.0000e+00   2.7000e+00   0.0000e+00   0.0000e+00   0.0000e+00   0.0000e+00
20191024_15:00:00   9.6290e-02   2.8824e+01   2.2393e+00   0.0000e+00   0.0000e+00   2.5400e+02
20191024_18:00:00   1.0910e-01   3.1706e+01   2.6158e+00   0.0000e+00   0.0000e+00   2.5299e+02
20191024_21:00:00   8.8261e-02   2.6897e+01   2.0477e+00   0.0000e+00   0.0000e+00   2.5506e+02
20191025_00:00:00   1.1655e-01   3.3443e+01   2.7772e+00   0.0000e+00   0.0000e+00   2.5582e+02
20191025_03:00:00   1.3151e-01   3.6864e+01   3.1643e+00   0.0000e+00   0.0000e+00   2.5751e+02
20191025_06:00:00   1.2792e-01   3.5890e+01   3.0526e+00   0.0000e+00   0.0000e+00   2.5285e+02
20191025_09:00:00   8.1498e-02   2.5092e+01   1.8600e+00   0.0000e+00   0.0000e+00   2.5439e+02
20191025_12:00:00   8.7849e-02   2.6646e+01   2.0071e+00   0.0000e+00   0.0000e+00   2.5295e+02
20191025_15:00:00   0.0000e+00   0.0000e+00   0.0000e+00   0.0000e+00   0.0000e+00   0.0000e+00
20191025_18:00:00   9.4649e-02   2.8424e+01   2.1806e+00   0.0000e+00   0.0000e+00   2.5296e+02
