#            date       tau225        Tb[K]      pwv[mm] lwp[kg*m^-2] iwp[kg*m^-2]       o3[DU]
20191107_06:00:00   5.9066e-02   1.9659e+01   1.2993e+00   0.0000e+00   3.5352e-04   2.5251e+02
20191107_07:00:00   6.1510e-02   2.0309e+01   1.3480e+00   0.0000e+00   0.0000e+00   2.5538e+02
20191107_08:00:00   7.2091e-02   2.2964e+01   1.6077e+00   0.0000e+00   0.0000e+00   2.5419e+02
20191107_09:00:00   8.2465e-02   2.5573e+01   1.8487e+00   0.0000e+00   0.0000e+00   2.5268e+02
20191107_10:00:00   8.0562e-02   2.5144e+01   1.7908e+00   0.0000e+00   0.0000e+00   2.5248e+02
20191107_11:00:00   8.2724e-02   2.5684e+01   1.8365e+00   0.0000e+00   0.0000e+00   2.5280e+02
20191107_12:00:00   8.0546e-02   2.5157e+01   1.7793e+00   0.0000e+00   0.0000e+00   2.5381e+02
20191107_13:00:00   8.2904e-02   2.5752e+01   1.8369e+00   0.0000e+00   0.0000e+00   2.5484e+02
20191107_14:00:00   8.5941e-02   2.6520e+01   1.9163e+00   0.0000e+00   0.0000e+00   2.5646e+02
20191107_15:00:00   9.1052e-02   2.7728e+01   2.0662e+00   0.0000e+00   1.4656e-06   2.5560e+02
20191107_16:00:00   9.4310e-02   2.8482e+01   2.1673e+00   0.0000e+00   8.0960e-04   2.5408e+02
20191107_17:00:00   9.6156e-02   2.8934e+01   2.2111e+00   0.0000e+00   3.0500e-04   2.5277e+02
20191107_18:00:00   8.9397e-02   2.7342e+01   2.0335e+00   0.0000e+00   6.7040e-04   2.5096e+02
20191107_19:00:00   8.0134e-02   2.5082e+01   1.8060e+00   0.0000e+00   5.4420e-04   2.4899e+02
20191107_20:00:00   6.9526e-02   2.2434e+01   1.5387e+00   0.0000e+00   6.7120e-04   2.4752e+02
20191107_21:00:00   7.6154e-02   2.4067e+01   1.6986e+00   0.0000e+00   2.4160e-04   2.4744e+02
20191107_22:00:00   8.8071e-02   2.6964e+01   1.9818e+00   0.0000e+00   1.3580e-03   2.4752e+02
20191107_23:00:00   7.3554e-02   2.3442e+01   1.6051e+00   0.0000e+00   3.4023e-03   2.4823e+02
20191108_00:00:00   5.8398e-02   1.9616e+01   1.2327e+00   0.0000e+00   1.2582e-02   2.4827e+02
20191108_01:00:00   5.4239e-02   1.8516e+01   1.1394e+00   0.0000e+00   1.8482e-02   2.4955e+02
20191108_02:00:00   5.2041e-02   1.7973e+01   1.0967e+00   0.0000e+00   3.0499e-03   2.4988e+02
20191108_03:00:00   5.5324e-02   1.8817e+01   1.1791e+00   0.0000e+00   8.8259e-04   2.5054e+02
20191108_04:00:00   6.2150e-02   2.0530e+01   1.3421e+00   0.0000e+00   1.6835e-04   2.5205e+02
20191108_05:00:00   6.6691e-02   2.1626e+01   1.4564e+00   0.0000e+00   1.2422e-03   2.5229e+02
20191108_06:00:00   6.2190e-02   2.0525e+01   1.3358e+00   0.0000e+00   6.0180e-04   2.5300e+02
20191108_07:00:00   5.8034e-02   1.9502e+01   1.2197e+00   0.0000e+00   9.4440e-05   2.5456e+02
20191108_08:00:00   5.6419e-02   1.9120e+01   1.1667e+00   0.0000e+00   0.0000e+00   2.5490e+02
20191108_09:00:00   5.6575e-02   1.9159e+01   1.1662e+00   0.0000e+00   0.0000e+00   2.5440e+02
20191108_10:00:00   5.3114e-02   1.8284e+01   1.0804e+00   0.0000e+00   0.0000e+00   2.5380e+02
20191108_11:00:00   5.0378e-02   1.7581e+01   1.0159e+00   0.0000e+00   0.0000e+00   2.5302e+02
20191108_12:00:00   5.1492e-02   1.7867e+01   1.0420e+00   0.0000e+00   0.0000e+00   2.5258e+02
20191108_13:00:00   5.7350e-02   1.9369e+01   1.1879e+00   0.0000e+00   0.0000e+00   2.5295e+02
20191108_14:00:00   5.8423e-02   1.9654e+01   1.2174e+00   0.0000e+00   0.0000e+00   2.5290e+02
20191108_15:00:00   5.9695e-02   1.9997e+01   1.2516e+00   0.0000e+00   0.0000e+00   2.5381e+02
20191108_16:00:00   6.5230e-02   2.1412e+01   1.3862e+00   0.0000e+00   0.0000e+00   2.5463e+02
20191108_17:00:00   6.9653e-02   2.2542e+01   1.4919e+00   0.0000e+00   0.0000e+00   2.5530e+02
20191108_18:00:00   7.2453e-02   2.3222e+01   1.5656e+00   0.0000e+00   0.0000e+00   2.5378e+02
20191108_19:00:00   8.0269e-02   2.5097e+01   1.7716e+00   0.0000e+00   0.0000e+00   2.5218e+02
20191108_20:00:00   9.0818e-02   2.7600e+01   2.0395e+00   0.0000e+00   0.0000e+00   2.5180e+02
20191108_21:00:00   1.0041e-01   2.9834e+01   2.2716e+00   0.0000e+00   0.0000e+00   2.5170e+02
20191108_22:00:00   7.5010e-02   2.3760e+01   1.6186e+00   0.0000e+00   0.0000e+00   2.5190e+02
20191108_23:00:00   6.1793e-02   2.0466e+01   1.2826e+00   0.0000e+00   0.0000e+00   2.5174e+02
20191109_00:00:00   5.3347e-02   1.8340e+01   1.0717e+00   0.0000e+00   0.0000e+00   2.5284e+02
20191109_01:00:00   4.9377e-02   1.7338e+01   9.7429e-01   0.0000e+00   0.0000e+00   2.5260e+02
20191109_02:00:00   4.3631e-02   1.5870e+01   8.3911e-01   0.0000e+00   0.0000e+00   2.5101e+02
20191109_03:00:00   3.8949e-02   1.4639e+01   7.2808e-01   0.0000e+00   0.0000e+00   2.4994e+02
20191109_04:00:00   3.6610e-02   1.4012e+01   6.7199e-01   0.0000e+00   0.0000e+00   2.4981e+02
20191109_05:00:00   3.6447e-02   1.3952e+01   6.6939e-01   0.0000e+00   0.0000e+00   2.5105e+02
20191109_06:00:00   3.5300e-02   1.3625e+01   6.4404e-01   0.0000e+00   0.0000e+00   2.5213e+02
20191109_07:00:00   3.4590e-02   1.3412e+01   6.2890e-01   0.0000e+00   0.0000e+00   2.5400e+02
20191109_08:00:00   3.3065e-02   1.2989e+01   5.9367e-01   0.0000e+00   0.0000e+00   2.5587e+02
20191109_09:00:00   3.4428e-02   1.3344e+01   6.2691e-01   0.0000e+00   0.0000e+00   2.5748e+02
20191109_10:00:00   3.3665e-02   1.3132e+01   6.0869e-01   0.0000e+00   0.0000e+00   2.5730e+02
20191109_11:00:00   3.3292e-02   1.3023e+01   6.0080e-01   0.0000e+00   0.0000e+00   2.5709e+02
20191109_12:00:00   3.3731e-02   1.3147e+01   6.1245e-01   0.0000e+00   0.0000e+00   2.5661e+02
20191109_13:00:00   3.4382e-02   1.3326e+01   6.2961e-01   0.0000e+00   0.0000e+00   2.5637e+02
20191109_14:00:00   4.2534e-02   1.5501e+01   8.3670e-01   0.0000e+00   0.0000e+00   2.5617e+02
20191109_15:00:00   5.1925e-02   1.7952e+01   1.0799e+00   0.0000e+00   0.0000e+00   2.5599e+02
20191109_16:00:00   6.4823e-02   2.1216e+01   1.4180e+00   0.0000e+00   0.0000e+00   2.5568e+02
20191109_17:00:00   8.0808e-02   2.5147e+01   1.8345e+00   0.0000e+00   0.0000e+00   2.5682e+02
20191109_18:00:00   9.5426e-02   2.8665e+01   2.2029e+00   0.0000e+00   0.0000e+00   2.5682e+02
20191109_19:00:00   9.3122e-02   2.8091e+01   2.1594e+00   0.0000e+00   0.0000e+00   2.5653e+02
20191109_20:00:00   9.8493e-02   2.9238e+01   2.3200e+00   0.0000e+00   0.0000e+00   2.5628e+02
20191109_21:00:00   9.7091e-02   2.8847e+01   2.2890e+00   0.0000e+00   0.0000e+00   2.5548e+02
20191109_22:00:00   1.0025e-01   2.9730e+01   2.3326e+00   0.0000e+00   0.0000e+00   2.5473e+02
20191109_23:00:00   8.9242e-02   2.7143e+01   2.0545e+00   0.0000e+00   0.0000e+00   2.5541e+02
20191110_00:00:00   8.7048e-02   2.6556e+01   2.0231e+00   0.0000e+00   0.0000e+00   2.5656e+02
20191110_01:00:00   8.7602e-02   2.6671e+01   2.0522e+00   0.0000e+00   0.0000e+00   2.5628e+02
20191110_02:00:00   8.7586e-02   2.6577e+01   2.0708e+00   0.0000e+00   0.0000e+00   2.5650e+02
20191110_03:00:00   9.7175e-02   2.8725e+01   2.3388e+00   0.0000e+00   2.6013e-04   2.5754e+02
20191110_04:00:00   1.0788e-01   3.1210e+01   2.6181e+00   0.0000e+00   4.2956e-04   2.5781e+02
20191110_05:00:00   1.1601e-01   3.3113e+01   2.8155e+00   0.0000e+00   4.2364e-04   2.5691e+02
20191110_06:00:00   1.1690e-01   3.3401e+01   2.8078e+00   0.0000e+00   1.2278e-04   2.5560e+02
20191110_07:00:00   1.2310e-01   3.4915e+01   2.9428e+00   0.0000e+00   5.2400e-07   2.5514e+02
20191110_08:00:00   1.3288e-01   3.7123e+01   3.1864e+00   0.0000e+00   4.0062e-05   2.5553e+02
20191110_09:00:00   1.3741e-01   3.8152e+01   3.2934e+00   0.0000e+00   1.6180e-04   2.5589e+02
20191110_10:00:00   1.4171e-01   3.9216e+01   3.3805e+00   0.0000e+00   2.4940e-06   2.5501e+02
20191110_11:00:00   1.4213e-01   3.9451e+01   3.3708e+00   0.0000e+00   3.7160e-05   2.5575e+02
20191110_12:00:00   1.3349e-01   3.7594e+01   3.1374e+00   0.0000e+00   1.3534e-03   2.5531e+02
20191110_13:00:00   1.4126e-01   3.9389e+01   3.3123e+00   0.0000e+00   3.7595e-03   2.5438e+02
20191110_14:00:00   1.6155e-01   4.3957e+01   3.7799e+00   0.0000e+00   5.0525e-03   2.5276e+02
20191110_15:00:00   1.8815e-01   4.9786e+01   4.4420e+00   0.0000e+00   4.3426e-03   2.5215e+02
20191110_16:00:00   1.9899e-01   5.2051e+01   4.7191e+00   0.0000e+00   2.7081e-02   2.5164e+02
20191110_17:00:00   1.8439e-01   4.8985e+01   4.3910e+00   0.0000e+00   4.3140e-03   2.5146e+02
20191110_18:00:00   1.5337e-01   4.2193e+01   3.6486e+00   0.0000e+00   6.7890e-04   2.5161e+02
20191110_19:00:00   1.3796e-01   3.8686e+01   3.2662e+00   0.0000e+00   2.8758e-03   2.5129e+02
20191110_20:00:00   1.4835e-01   4.0973e+01   3.5306e+00   0.0000e+00   3.4399e-04   2.5150e+02
20191110_21:00:00   1.3359e-01   3.7590e+01   3.1566e+00   0.0000e+00   7.7397e-05   2.5201e+02
20191110_22:00:00   1.0974e-01   3.1998e+01   2.5928e+00   0.0000e+00   0.0000e+00   2.5186e+02
20191110_23:00:00   1.0655e-01   3.1228e+01   2.5421e+00   0.0000e+00   0.0000e+00   2.5250e+02
20191111_00:00:00   1.2316e-01   3.4981e+01   2.9802e+00   0.0000e+00   5.2020e-05   2.5180e+02
20191111_01:00:00   1.2238e-01   3.4839e+01   2.9307e+00   0.0000e+00   0.0000e+00   2.5117e+02
20191111_02:00:00   1.2909e-01   3.6347e+01   3.0951e+00   0.0000e+00   8.3600e-05   2.4958e+02
20191111_03:00:00   1.3580e-01   3.7792e+01   3.2676e+00   0.0000e+00   0.0000e+00   2.5011e+02
20191111_04:00:00   1.4184e-01   3.9101e+01   3.4311e+00   0.0000e+00   3.4149e-03   2.4957e+02
20191111_05:00:00   1.5565e-01   4.2216e+01   3.7369e+00   0.0000e+00   3.2905e-02   2.4912e+02
20191111_06:00:00   1.8696e-01   4.9144e+01   4.4181e+00   0.0000e+00   3.6185e-02   2.4970e+02
20191111_07:00:00   1.9955e-01   5.1894e+01   4.6956e+00   0.0000e+00   2.9738e-02   2.5020e+02
20191111_08:00:00   2.0087e-01   5.2096e+01   4.7419e+00   0.0000e+00   7.1422e-02   2.5071e+02
20191111_09:00:00   2.2404e-01   5.6932e+01   5.2515e+00   0.0000e+00   1.1548e-01   2.5054e+02
20191111_10:00:00   2.4421e-01   6.1098e+01   5.7179e+00   0.0000e+00   4.7217e-02   2.5070e+02
20191111_11:00:00   2.5114e-01   6.2499e+01   5.8672e+00   0.0000e+00   6.9651e-02   2.5044e+02
20191111_12:00:00   2.4853e-01   6.1977e+01   5.8408e+00   0.0000e+00   7.3985e-02   2.4944e+02
20191111_13:00:00   2.6326e-01   6.4872e+01   6.2342e+00   0.0000e+00   4.3691e-02   2.4837e+02
20191111_14:00:00   2.5891e-01   6.4040e+01   6.1489e+00   0.0000e+00   4.4276e-02   2.4744e+02
20191111_15:00:00   2.4266e-01   6.0871e+01   5.7713e+00   0.0000e+00   1.8538e-02   2.4625e+02
20191111_16:00:00   2.4761e-01   6.1861e+01   5.9062e+00   0.0000e+00   5.4518e-02   2.4616e+02
20191111_17:00:00   2.5662e-01   6.3674e+01   6.1384e+00   0.0000e+00   5.7691e-02   2.4597e+02
20191111_18:00:00   2.4715e-01   6.1760e+01   5.9329e+00   0.0000e+00   2.7958e-03   2.4523e+02
20191111_19:00:00   2.1396e-01   5.5012e+01   5.1498e+00   0.0000e+00   1.3838e-04   2.4433e+02
20191111_20:00:00   2.0996e-01   5.4040e+01   5.0764e+00   0.0000e+00   2.7623e-04   2.4410e+02
20191111_21:00:00   1.8198e-01   4.7933e+01   4.4268e+00   0.0000e+00   2.8203e-03   2.4399e+02
20191111_22:00:00   1.5774e-01   4.2514e+01   3.8682e+00   0.0000e+00   2.3393e-02   2.4463e+02
20191111_23:00:00   1.8523e-01   4.8364e+01   4.5737e+00   0.0000e+00   6.8337e-02   2.4600e+02
20191112_00:00:00   2.1697e-01   5.5086e+01   5.3136e+00   0.0000e+00   5.2094e-02   2.4674e+02
20191112_01:00:00   2.2842e-01   5.7619e+01   5.5660e+00   0.0000e+00   9.0689e-03   2.4580e+02
20191112_02:00:00   2.1888e-01   5.5732e+01   5.3146e+00   0.0000e+00   3.9291e-03   2.4460e+02
20191112_03:00:00   2.1383e-01   5.4696e+01   5.1879e+00   0.0000e+00   1.3254e-02   2.4406e+02
20191112_04:00:00   2.1526e-01   5.5007e+01   5.2022e+00   0.0000e+00   3.3808e-02   2.4499e+02
20191112_05:00:00   2.0538e-01   5.2998e+01   4.9582e+00   0.0000e+00   3.7608e-02   2.4495e+02
20191112_06:00:00   1.9286e-01   5.0341e+01   4.6476e+00   0.0000e+00   4.0663e-02   2.4399e+02
20191112_09:00:00   2.0409e-01   5.2751e+01   4.8878e+00   0.0000e+00   4.4613e-02   2.4370e+02
20191112_12:00:00   1.9592e-01   5.1012e+01   4.6947e+00   0.0000e+00   1.6356e-03   2.4322e+02
20191112_15:00:00   2.1041e-01   5.3988e+01   5.1010e+00   0.0000e+00   1.1381e-03   2.4404e+02
20191112_18:00:00   1.9501e-01   5.0657e+01   4.7643e+00   0.0000e+00   5.5641e-02   2.4560e+02
20191112_21:00:00   1.8044e-01   4.7453e+01   4.4503e+00   0.0000e+00   3.3330e-03   2.4666e+02
20191113_00:00:00   1.6305e-01   4.3510e+01   4.0283e+00   0.0000e+00   8.8281e-02   2.4473e+02
20191113_03:00:00   1.0312e-01   3.0085e+01   2.4739e+00   0.0000e+00   0.0000e+00   2.4409e+02
20191113_06:00:00   7.1972e-02   2.2555e+01   1.6950e+00   0.0000e+00   0.0000e+00   2.4532e+02
20191113_09:00:00   6.3311e-02   2.0422e+01   1.4729e+00   0.0000e+00   0.0000e+00   2.4710e+02
20191113_12:00:00   5.0543e-02   1.7292e+01   1.1177e+00   0.0000e+00   0.0000e+00   2.4820e+02
20191113_15:00:00   4.7341e-02   1.6617e+01   9.9045e-01   0.0000e+00   0.0000e+00   2.4721e+02
20191113_18:00:00   5.8620e-02   1.9459e+01   1.2744e+00   0.0000e+00   2.1680e-06   2.4836e+02
20191113_21:00:00   9.3521e-02   2.7957e+01   2.1292e+00   0.0000e+00   0.0000e+00   2.4925e+02
20191114_00:00:00   7.3102e-02   2.3015e+01   1.6041e+00   0.0000e+00   0.0000e+00   2.4743e+02
20191114_03:00:00   6.5082e-02   2.0991e+01   1.4480e+00   0.0000e+00   7.7049e-04   2.4879e+02
20191114_06:00:00   4.0860e-02   1.4990e+01   8.0636e-01   0.0000e+00   9.5300e-06   2.5082e+02
20191114_09:00:00   3.0814e-02   1.2388e+01   5.2603e-01   0.0000e+00   1.1237e-04   2.5617e+02
20191114_12:00:00   2.2896e-02   1.0242e+01   3.2369e-01   0.0000e+00   0.0000e+00   2.5414e+02
20191114_15:00:00   3.1264e-02   1.2564e+01   5.4479e-01   0.0000e+00   0.0000e+00   2.5338e+02
20191114_18:00:00   3.5977e-02   1.3860e+01   6.6119e-01   0.0000e+00   0.0000e+00   2.5384e+02
20191114_21:00:00   5.4207e-02   1.8512e+01   1.1495e+00   0.0000e+00   0.0000e+00   2.5612e+02
20191115_00:00:00   4.8653e-02   1.7192e+01   9.8656e-01   0.0000e+00   0.0000e+00   2.5515e+02
20191115_03:00:00   4.4066e-02   1.6016e+01   8.7759e-01   0.0000e+00   3.7260e-05   2.5636e+02
20191115_06:00:00   4.2000e-02   1.5430e+01   8.3305e-01   0.0000e+00   1.2360e-04   2.5472e+02
20191115_09:00:00   4.2970e-02   1.5659e+01   8.6025e-01   0.0000e+00   7.7870e-05   2.5530e+02
20191115_12:00:00   4.2928e-02   1.5645e+01   8.6102e-01   0.0000e+00   1.3536e-04   2.5549e+02
20191115_15:00:00   5.5170e-02   1.8771e+01   1.1948e+00   0.0000e+00   4.6285e-05   2.5481e+02
20191115_18:00:00   6.0128e-02   1.9971e+01   1.3433e+00   0.0000e+00   8.1441e-05   2.5603e+02
20191115_21:00:00   7.9610e-02   2.4749e+01   1.8550e+00   0.0000e+00   6.4490e-09   2.5713e+02
20191116_00:00:00   7.9187e-02   2.4690e+01   1.8420e+00   0.0000e+00   3.8540e-08   2.5608e+02
20191116_03:00:00   8.1179e-02   2.5039e+01   1.9260e+00   0.0000e+00   5.4670e-05   2.5580e+02
20191116_06:00:00   7.7853e-02   2.4140e+01   1.8332e+00   0.0000e+00   4.6130e-04   2.5558e+02
20191116_09:00:00   5.3176e-02   1.8154e+01   1.1518e+00   0.0000e+00   4.2730e-04   2.6050e+02
20191116_12:00:00   4.8809e-02   1.7083e+01   1.0249e+00   0.0000e+00   8.7658e-05   2.6055e+02
20191116_15:00:00   7.0194e-02   2.2469e+01   1.5920e+00   0.0000e+00   1.3760e-05   2.5807e+02
20191116_18:00:00   7.5308e-02   2.3698e+01   1.7352e+00   0.0000e+00   7.4320e-06   2.6189e+02
20191116_21:00:00   6.2454e-02   2.0580e+01   1.3773e+00   0.0000e+00   1.5047e-04   2.6057e+02
20191117_00:00:00   5.7481e-02   1.9303e+01   1.2461e+00   0.0000e+00   2.5869e-05   2.6167e+02
20191117_03:00:00   5.6015e-02   1.8859e+01   1.2349e+00   0.0000e+00   0.0000e+00   2.6239e+02
20191117_06:00:00   5.4055e-02   1.8365e+01   1.1649e+00   0.0000e+00   5.3370e-05   2.6452e+02
20191117_09:00:00   4.5966e-02   1.6371e+01   9.2858e-01   0.0000e+00   1.4261e-04   2.6145e+02
20191117_12:00:00   4.8464e-02   1.7015e+01   9.9008e-01   0.0000e+00   6.5780e-05   2.6203e+02
20191117_15:00:00   5.0648e-02   1.7581e+01   1.0606e+00   0.0000e+00   3.6180e-05   2.6029e+02
20191117_18:00:00   5.0757e-02   1.7663e+01   1.0536e+00   0.0000e+00   9.6210e-06   2.5989e+02
20191117_21:00:00   5.3811e-02   1.8424e+01   1.1338e+00   0.0000e+00   0.0000e+00   2.5934e+02
20191118_00:00:00   5.1232e-02   1.7767e+01   1.0715e+00   0.0000e+00   0.0000e+00   2.5987e+02
20191118_03:00:00   7.1754e-02   2.2742e+01   1.6486e+00   0.0000e+00   0.0000e+00   2.5855e+02
20191118_06:00:00   8.0245e-02   2.4844e+01   1.8308e+00   0.0000e+00   1.9585e-05   2.5721e+02
20191118_09:00:00   9.3987e-02   2.8297e+01   2.1256e+00   0.0000e+00   1.7838e-05   2.5957e+02
20191118_12:00:00   8.7846e-02   2.6950e+01   1.9476e+00   0.0000e+00   0.0000e+00   2.5776e+02
20191118_15:00:00   1.4329e-01   4.0041e+01   3.2853e+00   0.0000e+00   0.0000e+00   2.5729e+02
20191118_18:00:00   2.2310e-01   5.6799e+01   5.3402e+00   0.0000e+00   6.4776e-02   2.5476e+02
20191118_21:00:00   1.8976e-01   4.9664e+01   4.6495e+00   0.0000e+00   6.7667e-03   2.5332e+02
20191119_00:00:00   1.6934e-01   4.5430e+01   4.0873e+00   0.0000e+00   1.3006e-04   2.5353e+02
20191119_03:00:00   2.3532e-01   5.9615e+01   5.5247e+00   0.0000e+00   1.3404e-02   2.5168e+02
20191119_06:00:00   2.1132e-01   5.4800e+01   4.9089e+00   0.0000e+00   4.8641e-04   2.5348e+02
20191119_09:00:00   1.9773e-01   5.1948e+01   4.5687e+00   0.0000e+00   0.0000e+00   2.5541e+02
20191119_12:00:00   1.9491e-01   5.1330e+01   4.4736e+00   0.0000e+00   0.0000e+00   2.5380e+02
20191119_15:00:00   2.0982e-01   5.4588e+01   4.7961e+00   8.6460e-04   1.9882e-03   2.5185e+02
20191119_18:00:00   2.2284e-01   5.7195e+01   5.2465e+00   0.0000e+00   1.0500e-02   2.5149e+02
20191119_21:00:00   1.1790e-01   3.4116e+01   2.6858e+00   0.0000e+00   0.0000e+00   2.5450e+02
20191120_00:00:00   9.1720e-02   2.7801e+01   2.0741e+00   0.0000e+00   0.0000e+00   2.5326e+02
20191120_03:00:00   1.1648e-01   3.3635e+01   2.6903e+00   0.0000e+00   0.0000e+00   2.5116e+02
20191120_06:00:00   1.3029e-01   3.6725e+01   3.0492e+00   0.0000e+00   0.0000e+00   2.5165e+02
20191120_09:00:00   1.1258e-01   3.2537e+01   2.6460e+00   0.0000e+00   0.0000e+00   2.5405e+02
20191120_12:00:00   8.3525e-02   2.5594e+01   1.9341e+00   0.0000e+00   0.0000e+00   2.5380e+02
20191120_15:00:00   9.4419e-02   2.8194e+01   2.2348e+00   0.0000e+00   0.0000e+00   2.5224e+02
20191120_18:00:00   1.0655e-01   3.1128e+01   2.5433e+00   0.0000e+00   0.0000e+00   2.5299e+02
20191120_21:00:00   1.0851e-01   3.1527e+01   2.5934e+00   0.0000e+00   0.0000e+00   2.5105e+02
20191121_00:00:00   1.1268e-01   3.2612e+01   2.6730e+00   0.0000e+00   0.0000e+00   2.5262e+02
20191121_03:00:00   1.0327e-01   3.0464e+01   2.4342e+00   0.0000e+00   0.0000e+00   2.5279e+02
20191121_06:00:00   1.0042e-01   2.9782e+01   2.3265e+00   0.0000e+00   0.0000e+00   2.5388e+02
20191121_09:00:00   1.0207e-01   3.0127e+01   2.3695e+00   0.0000e+00   0.0000e+00   2.5341e+02
20191121_12:00:00   1.0337e-01   3.0436e+01   2.3952e+00   0.0000e+00   0.0000e+00   2.5373e+02
20191121_15:00:00   1.1655e-01   3.3588e+01   2.7261e+00   0.0000e+00   0.0000e+00   2.5380e+02
20191121_18:00:00   1.1761e-01   3.3909e+01   2.7574e+00   0.0000e+00   0.0000e+00   2.5110e+02
20191121_21:00:00   1.1331e-01   3.2814e+01   2.6610e+00   0.0000e+00   0.0000e+00   2.5371e+02
20191122_00:00:00   1.0393e-01   3.0667e+01   2.4434e+00   0.0000e+00   0.0000e+00   2.5077e+02
20191122_03:00:00   1.1148e-01   3.2370e+01   2.6582e+00   0.0000e+00   0.0000e+00   2.5215e+02
20191122_06:00:00   1.1508e-01   3.3198e+01   2.7132e+00   0.0000e+00   0.0000e+00   2.5363e+02
20191122_09:00:00   1.1587e-01   3.3375e+01   2.7318e+00   0.0000e+00   0.0000e+00   2.5449e+02
20191122_12:00:00   1.2898e-01   3.6463e+01   3.0235e+00   0.0000e+00   9.6360e-08   2.5549e+02
20191122_15:00:00   1.5528e-01   4.2552e+01   3.6848e+00   0.0000e+00   2.3722e-03   2.5506e+02
20191122_18:00:00   2.5777e-01   6.3706e+01   6.0998e+00   2.2060e-03   2.6381e-01   2.5517e+02
20191122_21:00:00   1.5802e-01   4.3063e+01   3.8028e+00   0.0000e+00   1.5318e-03   2.5541e+02
20191123_00:00:00   1.0141e-01   3.0062e+01   2.3943e+00   0.0000e+00   1.4860e-03   2.5613e+02
20191123_03:00:00   1.0103e-01   2.9956e+01   2.4144e+00   0.0000e+00   1.5331e-03   2.5705e+02
20191123_06:00:00   1.1119e-01   3.2290e+01   2.6731e+00   0.0000e+00   1.0948e-03   2.5698e+02
