#            date       tau225        Tb[K]      pwv[mm] lwp[kg*m^-2] iwp[kg*m^-2]       o3[DU]
20191024_06:00:00   3.6982e-02   1.3899e+01   6.9803e-01   0.0000e+00   0.0000e+00   2.6755e+02
20191024_07:00:00   3.4341e-02   1.3192e+01   6.3246e-01   0.0000e+00   0.0000e+00   2.6828e+02
20191024_08:00:00   3.3786e-02   1.3032e+01   6.2065e-01   0.0000e+00   0.0000e+00   2.6846e+02
20191024_09:00:00   3.3164e-02   1.2855e+01   6.0710e-01   0.0000e+00   0.0000e+00   2.6672e+02
20191024_10:00:00   3.1627e-02   1.2449e+01   5.6871e-01   0.0000e+00   0.0000e+00   2.6580e+02
20191024_11:00:00   3.0646e-02   1.2194e+01   5.4200e-01   0.0000e+00   0.0000e+00   2.6624e+02
20191024_12:00:00   2.9709e-02   1.1951e+01   5.1619e-01   0.0000e+00   0.0000e+00   2.6598e+02
20191024_13:00:00   3.0847e-02   1.2262e+01   5.4570e-01   0.0000e+00   0.0000e+00   2.6489e+02
20191024_14:00:00   3.2798e-02   1.2771e+01   5.9847e-01   0.0000e+00   0.0000e+00   2.6330e+02
20191024_15:00:00   3.4091e-02   1.3119e+01   6.3077e-01   0.0000e+00   0.0000e+00   2.6198e+02
20191024_16:00:00   3.6103e-02   1.3649e+01   6.8297e-01   0.0000e+00   0.0000e+00   2.6175e+02
20191024_17:00:00   3.6940e-02   1.3870e+01   7.0433e-01   0.0000e+00   0.0000e+00   2.6182e+02
20191024_18:00:00   4.0039e-02   1.4688e+01   7.8164e-01   0.0000e+00   0.0000e+00   2.6247e+02
20191024_19:00:00   4.4769e-02   1.5931e+01   8.9967e-01   0.0000e+00   0.0000e+00   2.6222e+02
20191024_20:00:00   5.3040e-02   1.8063e+01   1.1050e+00   0.0000e+00   0.0000e+00   2.6241e+02
20191024_21:00:00   5.7656e-02   1.9254e+01   1.2106e+00   0.0000e+00   0.0000e+00   2.6267e+02
20191024_22:00:00   5.5647e-02   1.8762e+01   1.1535e+00   0.0000e+00   0.0000e+00   2.6396e+02
20191024_23:00:00   5.0248e-02   1.7422e+01   1.0098e+00   0.0000e+00   0.0000e+00   2.6430e+02
20191025_00:00:00   4.1037e-02   1.5056e+01   7.7982e-01   0.0000e+00   0.0000e+00   2.6571e+02
20191025_01:00:00   3.5012e-02   1.3472e+01   6.3021e-01   0.0000e+00   0.0000e+00   2.6651e+02
20191025_02:00:00   3.0387e-02   1.2219e+01   5.1775e-01   0.0000e+00   0.0000e+00   2.6544e+02
20191025_03:00:00   2.7111e-02   1.1331e+01   4.3415e-01   0.0000e+00   0.0000e+00   2.6459e+02
20191025_04:00:00   2.6898e-02   1.1272e+01   4.2911e-01   0.0000e+00   0.0000e+00   2.6431e+02
20191025_05:00:00   2.6561e-02   1.1172e+01   4.2188e-01   0.0000e+00   0.0000e+00   2.6466e+02
20191025_06:00:00   2.7230e-02   1.1350e+01   4.4092e-01   0.0000e+00   0.0000e+00   2.6376e+02
20191025_07:00:00   2.8994e-02   1.1827e+01   4.8738e-01   0.0000e+00   0.0000e+00   2.6317e+02
20191025_08:00:00   3.2044e-02   1.2652e+01   5.6622e-01   0.0000e+00   0.0000e+00   2.6359e+02
20191025_09:00:00   3.2652e-02   1.2824e+01   5.7981e-01   0.0000e+00   0.0000e+00   2.6272e+02
20191025_10:00:00   3.2150e-02   1.2691e+01   5.6553e-01   0.0000e+00   0.0000e+00   2.6211e+02
20191025_11:00:00   3.2518e-02   1.2791e+01   5.7474e-01   0.0000e+00   0.0000e+00   2.6308e+02
20191025_12:00:00   3.3771e-02   1.3121e+01   6.0759e-01   0.0000e+00   0.0000e+00   2.6462e+02
20191025_13:00:00   3.5737e-02   1.3646e+01   6.6044e-01   0.0000e+00   0.0000e+00   2.6577e+02
20191025_14:00:00   3.6542e-02   1.3869e+01   6.8143e-01   0.0000e+00   0.0000e+00   2.6511e+02
20191025_15:00:00   3.7381e-02   1.4097e+01   7.0468e-01   0.0000e+00   0.0000e+00   2.6433e+02
20191025_16:00:00   3.9413e-02   1.4618e+01   7.6097e-01   0.0000e+00   0.0000e+00   2.6413e+02
20191025_17:00:00   3.9014e-02   1.4513e+01   7.5110e-01   0.0000e+00   0.0000e+00   2.6317e+02
20191025_18:00:00   3.9840e-02   1.4693e+01   7.7938e-01   0.0000e+00   0.0000e+00   2.6198e+02
20191025_19:00:00   4.1623e-02   1.5131e+01   8.3124e-01   0.0000e+00   0.0000e+00   2.6189e+02
20191025_20:00:00   4.5711e-02   1.6191e+01   9.3780e-01   0.0000e+00   0.0000e+00   2.6219e+02
20191025_21:00:00   4.9281e-02   1.7118e+01   1.0255e+00   0.0000e+00   0.0000e+00   2.6227e+02
20191025_22:00:00   4.7478e-02   1.6681e+01   9.7166e-01   0.0000e+00   0.0000e+00   2.6181e+02
20191025_23:00:00   4.3803e-02   1.5749e+01   8.7444e-01   0.0000e+00   0.0000e+00   2.6042e+02
20191026_00:00:00   4.1017e-02   1.5029e+01   8.0200e-01   0.0000e+00   0.0000e+00   2.5996e+02
20191026_01:00:00   3.8510e-02   1.4378e+01   7.4056e-01   0.0000e+00   0.0000e+00   2.5936e+02
20191026_02:00:00   3.7524e-02   1.4124e+01   7.1521e-01   0.0000e+00   0.0000e+00   2.5859e+02
20191026_03:00:00   3.7219e-02   1.4037e+01   7.0769e-01   0.0000e+00   0.0000e+00   2.5896e+02
20191026_04:00:00   3.5018e-02   1.3447e+01   6.5375e-01   0.0000e+00   0.0000e+00   2.5937e+02
20191026_05:00:00   3.4651e-02   1.3342e+01   6.4403e-01   0.0000e+00   0.0000e+00   2.5809e+02
20191026_06:00:00   3.3792e-02   1.3106e+01   6.2232e-01   0.0000e+00   0.0000e+00   2.5801e+02
20191026_07:00:00   3.3960e-02   1.3138e+01   6.2764e-01   0.0000e+00   0.0000e+00   2.5946e+02
20191026_08:00:00   3.4295e-02   1.3220e+01   6.3596e-01   0.0000e+00   0.0000e+00   2.5892e+02
20191026_09:00:00   3.3643e-02   1.3045e+01   6.1785e-01   0.0000e+00   0.0000e+00   2.5831e+02
20191026_10:00:00   3.3940e-02   1.3110e+01   6.2694e-01   0.0000e+00   0.0000e+00   2.5904e+02
20191026_11:00:00   3.4192e-02   1.3182e+01   6.3111e-01   0.0000e+00   0.0000e+00   2.5971e+02
20191026_12:00:00   3.4941e-02   1.3384e+01   6.4822e-01   0.0000e+00   0.0000e+00   2.5931e+02
20191026_13:00:00   3.4226e-02   1.3200e+01   6.3086e-01   0.0000e+00   0.0000e+00   2.5855e+02
20191026_14:00:00   3.4971e-02   1.3405e+01   6.4981e-01   0.0000e+00   0.0000e+00   2.5666e+02
20191026_15:00:00   3.5784e-02   1.3624e+01   6.7247e-01   0.0000e+00   0.0000e+00   2.5589e+02
20191026_16:00:00   3.6467e-02   1.3804e+01   6.9173e-01   0.0000e+00   0.0000e+00   2.5586e+02
20191026_17:00:00   3.6880e-02   1.3921e+01   7.0229e-01   0.0000e+00   0.0000e+00   2.5521e+02
20191026_18:00:00   3.6686e-02   1.3867e+01   6.9945e-01   0.0000e+00   0.0000e+00   2.5492e+02
20191026_19:00:00   4.0627e-02   1.4907e+01   8.0290e-01   0.0000e+00   0.0000e+00   2.5502e+02
20191026_20:00:00   4.5245e-02   1.6108e+01   9.2223e-01   0.0000e+00   0.0000e+00   2.5564e+02
20191026_21:00:00   4.9206e-02   1.7122e+01   1.0226e+00   0.0000e+00   0.0000e+00   2.5667e+02
20191026_22:00:00   5.6314e-02   1.8950e+01   1.1926e+00   0.0000e+00   0.0000e+00   2.5597e+02
20191026_23:00:00   5.5761e-02   1.8835e+01   1.1633e+00   0.0000e+00   0.0000e+00   2.5597e+02
20191027_00:00:00   4.8389e-02   1.6957e+01   9.7817e-01   0.0000e+00   0.0000e+00   2.5474e+02
20191027_01:00:00   4.2372e-02   1.5408e+01   8.2897e-01   0.0000e+00   0.0000e+00   2.5261e+02
20191027_02:00:00   3.9026e-02   1.4526e+01   7.5070e-01   0.0000e+00   0.0000e+00   2.5166e+02
20191027_03:00:00   3.6262e-02   1.3791e+01   6.8369e-01   0.0000e+00   0.0000e+00   2.5181e+02
20191027_04:00:00   3.3995e-02   1.3178e+01   6.2872e-01   0.0000e+00   0.0000e+00   2.5235e+02
20191027_05:00:00   3.1786e-02   1.2570e+01   5.7548e-01   0.0000e+00   0.0000e+00   2.5165e+02
20191027_06:00:00   3.1224e-02   1.2408e+01   5.6335e-01   0.0000e+00   0.0000e+00   2.5165e+02
20191027_07:00:00   3.0489e-02   1.2206e+01   5.4486e-01   0.0000e+00   0.0000e+00   2.5225e+02
20191027_08:00:00   3.1047e-02   1.2354e+01   5.6117e-01   0.0000e+00   0.0000e+00   2.5247e+02
20191027_09:00:00   3.0912e-02   1.2326e+01   5.5714e-01   0.0000e+00   0.0000e+00   2.5114e+02
20191027_10:00:00   3.1157e-02   1.2398e+01   5.6422e-01   0.0000e+00   0.0000e+00   2.5119e+02
20191027_11:00:00   3.1063e-02   1.2380e+01   5.6060e-01   0.0000e+00   0.0000e+00   2.5200e+02
20191027_12:00:00   3.1484e-02   1.2492e+01   5.7205e-01   0.0000e+00   0.0000e+00   2.5368e+02
20191027_13:00:00   3.2677e-02   1.2813e+01   6.0346e-01   0.0000e+00   0.0000e+00   2.5425e+02
20191027_14:00:00   3.3599e-02   1.3062e+01   6.2769e-01   0.0000e+00   0.0000e+00   2.5358e+02
20191027_15:00:00   3.5263e-02   1.3510e+01   6.7138e-01   0.0000e+00   0.0000e+00   2.5342e+02
20191027_16:00:00   3.7324e-02   1.4063e+01   7.2593e-01   0.0000e+00   0.0000e+00   2.5326e+02
20191027_17:00:00   3.8502e-02   1.4372e+01   7.5844e-01   0.0000e+00   0.0000e+00   2.5388e+02
20191027_18:00:00   3.8956e-02   1.4481e+01   7.7262e-01   0.0000e+00   0.0000e+00   2.5448e+02
20191027_19:00:00   3.7211e-02   1.4011e+01   7.2714e-01   0.0000e+00   0.0000e+00   2.5576e+02
20191027_20:00:00   3.5773e-02   1.3630e+01   6.8824e-01   0.0000e+00   0.0000e+00   2.5503e+02
20191027_21:00:00   3.6746e-02   1.3885e+01   7.1358e-01   0.0000e+00   0.0000e+00   2.5332e+02
20191027_22:00:00   3.9475e-02   1.4619e+01   7.8254e-01   0.0000e+00   0.0000e+00   2.5228e+02
20191027_23:00:00   4.4570e-02   1.5967e+01   9.1092e-01   0.0000e+00   0.0000e+00   2.5252e+02
20191028_00:00:00   4.6243e-02   1.6397e+01   9.5345e-01   0.0000e+00   0.0000e+00   2.5184e+02
20191028_01:00:00   4.5220e-02   1.6121e+01   9.3071e-01   0.0000e+00   0.0000e+00   2.5059e+02
20191028_02:00:00   4.2074e-02   1.5299e+01   8.4953e-01   0.0000e+00   0.0000e+00   2.5193e+02
20191028_03:00:00   3.6997e-02   1.3953e+01   7.2086e-01   0.0000e+00   0.0000e+00   2.5369e+02
20191028_04:00:00   3.4795e-02   1.3350e+01   6.6623e-01   0.0000e+00   0.0000e+00   2.5350e+02
20191028_05:00:00   3.4261e-02   1.3188e+01   6.5532e-01   0.0000e+00   0.0000e+00   2.5261e+02
20191028_06:00:00   3.3308e-02   1.2931e+01   6.2879e-01   0.0000e+00   0.0000e+00   2.5242e+02
20191028_07:00:00   3.2723e-02   1.2764e+01   6.1523e-01   0.0000e+00   0.0000e+00   2.5214e+02
20191028_08:00:00   3.2251e-02   1.2635e+01   6.0114e-01   0.0000e+00   0.0000e+00   2.5196e+02
20191028_09:00:00   3.1995e-02   1.2568e+01   5.9248e-01   0.0000e+00   0.0000e+00   2.5101e+02
20191028_10:00:00   3.2180e-02   1.2599e+01   5.9939e-01   0.0000e+00   0.0000e+00   2.5125e+02
20191028_11:00:00   3.2014e-02   1.2541e+01   5.9768e-01   0.0000e+00   2.8100e-05   2.5248e+02
20191028_12:00:00   3.2062e-02   1.2547e+01   6.0051e-01   0.0000e+00   1.4146e-04   2.5343e+02
20191028_13:00:00   3.2929e-02   1.2788e+01   6.2334e-01   0.0000e+00   2.7720e-04   2.5319e+02
20191028_14:00:00   3.4049e-02   1.3095e+01   6.5274e-01   0.0000e+00   1.1998e-04   2.5374e+02
20191028_15:00:00   3.6434e-02   1.3731e+01   7.1750e-01   0.0000e+00   1.8166e-04   2.5477e+02
20191028_16:00:00   3.8555e-02   1.4311e+01   7.7327e-01   0.0000e+00   1.7772e-04   2.5416e+02
20191028_17:00:00   3.9001e-02   1.4441e+01   7.8499e-01   0.0000e+00   2.5760e-04   2.5258e+02
20191028_18:00:00   3.7982e-02   1.4176e+01   7.5866e-01   0.0000e+00   8.2120e-05   2.5308e+02
20191028_19:00:00   3.6411e-02   1.3757e+01   7.1766e-01   0.0000e+00   5.6940e-05   2.5625e+02
20191028_20:00:00   3.6788e-02   1.3864e+01   7.2593e-01   0.0000e+00   4.7660e-05   2.5729e+02
20191028_21:00:00   4.1269e-02   1.5058e+01   8.4253e-01   0.0000e+00   2.1980e-05   2.5765e+02
20191028_22:00:00   4.4379e-02   1.5891e+01   9.1863e-01   0.0000e+00   1.4310e-05   2.5750e+02
20191028_23:00:00   4.7877e-02   1.6845e+01   9.9751e-01   0.0000e+00   1.0256e-04   2.5848e+02
20191029_00:00:00   4.5153e-02   1.6135e+01   9.2833e-01   0.0000e+00   5.4159e-05   2.5522e+02
20191029_01:00:00   4.0183e-02   1.4822e+01   8.0670e-01   0.0000e+00   9.4139e-04   2.5304e+02
20191029_02:00:00   3.5601e-02   1.3591e+01   6.9105e-01   0.0000e+00   1.3510e-03   2.5208e+02
20191029_03:00:00   3.4086e-02   1.3165e+01   6.5459e-01   0.0000e+00   9.7715e-04   2.5179e+02
20191029_04:00:00   3.3693e-02   1.3035e+01   6.4675e-01   0.0000e+00   6.7119e-04   2.5275e+02
20191029_05:00:00   3.3946e-02   1.3086e+01   6.5438e-01   0.0000e+00   1.0126e-03   2.5317e+02
20191029_06:00:00   3.3934e-02   1.3057e+01   6.5721e-01   0.0000e+00   3.7499e-03   2.5424e+02
20191029_09:00:00   3.2280e-02   1.2587e+01   6.1419e-01   0.0000e+00   2.7626e-03   2.5597e+02
20191029_12:00:00   3.1698e-02   1.2424e+01   5.9947e-01   0.0000e+00   1.6694e-03   2.6061e+02
20191029_15:00:00   3.7563e-02   1.4001e+01   7.5804e-01   0.0000e+00   6.1993e-04   2.6032e+02
20191029_18:00:00   4.0023e-02   1.4653e+01   8.2534e-01   0.0000e+00   1.1693e-04   2.6122e+02
20191029_21:00:00   3.7162e-02   1.3893e+01   7.5490e-01   0.0000e+00   4.8100e-05   2.6197e+02
20191030_00:00:00   4.8080e-02   1.6578e+01   1.0662e+00   0.0000e+00   1.5062e-02   2.5879e+02
20191030_03:00:00   5.6928e-02   1.8724e+01   1.3316e+00   0.0000e+00   4.9301e-03   2.5561e+02
20191030_06:00:00   5.5521e-02   1.8329e+01   1.2893e+00   0.0000e+00   2.6117e-04   2.5940e+02
20191030_09:00:00   6.6499e-02   2.1021e+01   1.5799e+00   0.0000e+00   1.0840e-06   2.5906e+02
20191030_12:00:00   7.6937e-02   2.3697e+01   1.8379e+00   0.0000e+00   4.0537e-03   2.6370e+02
20191030_15:00:00   9.7633e-02   2.8847e+01   2.3648e+00   0.0000e+00   1.3075e-03   2.6044e+02
20191030_18:00:00   1.0090e-01   2.9555e+01   2.4695e+00   0.0000e+00   6.6113e-03   2.6017e+02
20191030_21:00:00   1.0970e-01   3.1216e+01   2.7640e+00   0.0000e+00   3.6113e-02   2.6309e+02
20191031_00:00:00   1.4855e-01   4.0124e+01   3.6943e+00   0.0000e+00   6.2000e-02   2.6337e+02
20191031_03:00:00   1.8242e-01   4.7637e+01   4.4938e+00   0.0000e+00   1.1251e-01   2.5974e+02
20191031_06:00:00   1.6001e-01   4.2940e+01   3.9466e+00   0.0000e+00   1.5398e-03   2.5448e+02
20191031_09:00:00   1.7458e-01   4.6043e+01   4.2933e+00   0.0000e+00   3.2759e-04   2.5787e+02
20191031_12:00:00   1.6470e-01   4.4203e+01   3.9898e+00   0.0000e+00   0.0000e+00   2.5724e+02
20191031_15:00:00   1.7463e-01   4.6520e+01   4.2501e+00   0.0000e+00   2.3040e-04   2.5689e+02
20191031_18:00:00   1.3950e-01   3.8792e+01   3.4119e+00   0.0000e+00   1.5662e-03   2.5557e+02
20191031_21:00:00   1.1643e-01   3.3541e+01   2.7950e+00   0.0000e+00   6.5961e-04   2.5591e+02
20191101_00:00:00   1.2320e-01   3.4945e+01   2.9912e+00   0.0000e+00   3.7160e-05   2.5763e+02
20191101_03:00:00   1.2156e-01   3.4506e+01   2.9464e+00   0.0000e+00   3.2456e-04   2.5640e+02
20191101_06:00:00   1.1542e-01   3.3122e+01   2.7717e+00   0.0000e+00   4.1860e-04   2.5113e+02
20191101_09:00:00   1.0897e-01   3.1545e+01   2.6300e+00   0.0000e+00   7.4320e-06   2.5229e+02
20191101_12:00:00   1.1440e-01   3.2866e+01   2.7670e+00   0.0000e+00   1.0004e-04   2.5489e+02
20191101_15:00:00   1.4207e-01   3.9401e+01   3.4493e+00   0.0000e+00   1.4454e-06   2.5479e+02
20191101_18:00:00   1.7852e-01   4.7498e+01   4.3792e+00   0.0000e+00   1.1940e-03   2.5422e+02
20191101_21:00:00   1.7211e-01   4.6063e+01   4.2037e+00   0.0000e+00   7.3800e-03   2.5483e+02
20191102_00:00:00   1.9702e-01   5.1205e+01   4.8265e+00   0.0000e+00   5.3245e-03   2.5281e+02
20191102_03:00:00   1.6541e-01   4.4543e+01   4.0373e+00   0.0000e+00   7.4340e-05   2.5152e+02
20191102_06:00:00   1.6365e-01   4.3998e+01   3.9783e+00   0.0000e+00   0.0000e+00   2.5028e+02
20191102_09:00:00   1.2358e-01   3.5025e+01   2.9762e+00   0.0000e+00   4.8180e-07   2.4889e+02
20191102_12:00:00   1.1832e-01   3.3792e+01   2.8601e+00   0.0000e+00   8.1660e-06   2.5480e+02
20191102_15:00:00   1.4038e-01   3.8841e+01   3.4308e+00   0.0000e+00   6.2922e-04   2.4988e+02
20191102_18:00:00   1.3687e-01   3.8006e+01   3.3741e+00   0.0000e+00   3.6072e-03   2.4899e+02
20191102_21:00:00   1.3051e-01   3.6654e+01   3.1832e+00   0.0000e+00   1.5652e-02   2.4802e+02
20191103_00:00:00   1.4131e-01   3.9070e+01   3.4301e+00   0.0000e+00   2.1072e-03   2.4849e+02
20191103_03:00:00   1.4020e-01   3.8664e+01   3.4474e+00   0.0000e+00   3.1083e-03   2.4708e+02
20191103_06:00:00   1.2908e-01   3.6106e+01   3.1273e+00   0.0000e+00   1.5237e-03   2.4748e+02
20191103_09:00:00   1.2055e-01   3.4195e+01   2.8646e+00   0.0000e+00   1.0076e-08   2.4758e+02
20191103_12:00:00   1.1041e-01   3.1937e+01   2.5762e+00   0.0000e+00   9.3000e-06   2.4449e+02
20191103_15:00:00   1.0174e-01   3.0052e+01   2.3395e+00   0.0000e+00   1.0076e-08   2.4489e+02
20191103_18:00:00   9.8315e-02   2.9284e+01   2.2576e+00   0.0000e+00   0.0000e+00   2.4702e+02
20191103_21:00:00   1.0589e-01   3.1025e+01   2.4535e+00   0.0000e+00   9.2900e-05   2.4528e+02
20191104_00:00:00   8.0944e-02   2.5141e+01   1.7914e+00   0.0000e+00   2.8800e-04   2.4442e+02
20191104_03:00:00   7.3303e-02   2.3153e+01   1.6552e+00   0.0000e+00   1.9505e-04   2.4572e+02
20191104_06:00:00   9.7866e-02   2.8920e+01   2.3012e+00   0.0000e+00   2.3677e-05   2.4596e+02
20191104_09:00:00   1.0958e-01   3.1631e+01   2.5740e+00   0.0000e+00   2.0438e-04   2.4503e+02
20191104_12:00:00   1.0808e-01   3.1357e+01   2.5221e+00   0.0000e+00   7.5461e-04   2.4431e+02
20191104_15:00:00   1.1626e-01   3.3337e+01   2.7207e+00   0.0000e+00   1.8678e-03   2.4577e+02
20191104_18:00:00   1.2165e-01   3.4646e+01   2.8644e+00   0.0000e+00   2.7441e-05   2.4461e+02
20191104_21:00:00   1.1895e-01   3.3993e+01   2.7501e+00   0.0000e+00   9.7939e-04   2.4843e+02
20191105_00:00:00   1.1352e-01   3.2766e+01   2.5424e+00   0.0000e+00   1.3056e-05   2.4616e+02
20191105_03:00:00   9.3396e-02   2.7912e+01   2.1033e+00   0.0000e+00   8.2787e-05   2.4775e+02
20191105_06:00:00   7.8950e-02   2.4407e+01   1.7394e+00   0.0000e+00   4.2606e-04   2.4826e+02
20191105_09:00:00   5.9578e-02   1.9709e+01   1.2320e+00   0.0000e+00   8.0620e-09   2.4746e+02
20191105_12:00:00   4.5295e-02   1.6117e+01   8.7965e-01   0.0000e+00   8.0620e-09   2.4828e+02
20191105_15:00:00   4.6107e-02   1.6384e+01   8.9693e-01   0.0000e+00   0.0000e+00   2.4864e+02
20191105_18:00:00   6.3983e-02   2.0963e+01   1.3313e+00   0.0000e+00   0.0000e+00   2.5367e+02
20191105_21:00:00   1.0140e-01   2.9952e+01   2.2481e+00   0.0000e+00   0.0000e+00   2.5622e+02
20191106_00:00:00   6.1088e-02   2.0204e+01   1.2557e+00   0.0000e+00   0.0000e+00   2.5626e+02
20191106_03:00:00   4.6252e-02   1.6455e+01   9.1389e-01   0.0000e+00   0.0000e+00   2.5590e+02
20191106_06:00:00   4.6908e-02   1.6602e+01   9.3418e-01   0.0000e+00   0.0000e+00   2.6060e+02
20191106_09:00:00   4.2948e-02   1.5518e+01   8.5627e-01   0.0000e+00   0.0000e+00   2.5975e+02
20191106_12:00:00   4.8565e-02   1.6953e+01   1.0011e+00   0.0000e+00   0.0000e+00   2.6213e+02
20191106_15:00:00   5.4878e-02   1.8618e+01   1.1469e+00   0.0000e+00   0.0000e+00   2.6331e+02
20191106_18:00:00   5.9914e-02   1.9915e+01   1.2801e+00   0.0000e+00   0.0000e+00   2.6107e+02
20191106_21:00:00   5.6134e-02   1.8976e+01   1.1729e+00   0.0000e+00   0.0000e+00   2.6217e+02
20191107_00:00:00   5.3871e-02   1.8437e+01   1.1123e+00   0.0000e+00   0.0000e+00   2.6279e+02
20191107_03:00:00   4.1904e-02   1.5332e+01   8.3206e-01   0.0000e+00   0.0000e+00   2.6350e+02
20191107_06:00:00   4.7408e-02   1.6720e+01   9.8362e-01   0.0000e+00   0.0000e+00   2.6191e+02
20191107_09:00:00   5.0328e-02   1.7459e+01   1.0572e+00   0.0000e+00   0.0000e+00   2.6463e+02
20191107_12:00:00   5.2950e-02   1.8142e+01   1.1192e+00   0.0000e+00   0.0000e+00   2.6625e+02
20191107_15:00:00   6.6306e-02   2.1540e+01   1.4639e+00   0.0000e+00   0.0000e+00   2.6391e+02
20191107_18:00:00   6.4458e-02   2.1128e+01   1.4145e+00   0.0000e+00   0.0000e+00   2.6320e+02
20191107_21:00:00   6.1682e-02   2.0439e+01   1.3299e+00   0.0000e+00   0.0000e+00   2.6194e+02
20191108_00:00:00   6.4778e-02   2.1284e+01   1.3748e+00   0.0000e+00   5.9450e-06   2.6126e+02
20191108_03:00:00   4.8598e-02   1.7134e+01   9.9398e-01   0.0000e+00   1.8416e-05   2.6227e+02
20191108_06:00:00   5.1309e-02   1.7794e+01   1.0639e+00   0.0000e+00   3.7370e-05   2.6428e+02
20191108_09:00:00   5.2731e-02   1.8139e+01   1.1010e+00   0.0000e+00   1.0848e-06   2.5916e+02
20191108_12:00:00   5.5518e-02   1.8855e+01   1.1610e+00   0.0000e+00   2.9730e-06   2.6137e+02
20191108_15:00:00   7.1719e-02   2.2956e+01   1.5759e+00   0.0000e+00   1.8700e-05   2.5862e+02
20191108_18:00:00   9.7989e-02   2.9198e+01   2.2793e+00   0.0000e+00   0.0000e+00   2.5627e+02
20191108_21:00:00   9.8206e-02   2.9256e+01   2.2445e+00   0.0000e+00   0.0000e+00   2.6014e+02
20191109_00:00:00   6.4525e-02   2.1072e+01   1.3886e+00   0.0000e+00   1.9542e-05   2.5999e+02
20191109_03:00:00   5.1545e-02   1.7807e+01   1.0635e+00   0.0000e+00   1.4862e-03   2.5848e+02
20191109_06:00:00   5.7224e-02   1.9189e+01   1.2077e+00   0.0000e+00   2.0123e-04   2.5674e+02
