#            date       tau225        Tb[K]      pwv[mm] lwp[kg*m^-2] iwp[kg*m^-2]       o3[DU]
20191011_12:00:00   5.5299e-02   1.8546e+01   1.1979e+00   0.0000e+00   0.0000e+00   2.6367e+02
20191011_13:00:00   0.0000e+00   0.0000e+00   0.0000e+00   0.0000e+00   0.0000e+00   0.0000e+00
20191011_14:00:00   5.9746e-02   1.9770e+01   1.3001e+00   0.0000e+00   0.0000e+00   2.6134e+02
20191011_15:00:00   6.5686e-02   2.1293e+01   1.4512e+00   0.0000e+00   0.0000e+00   2.6119e+02
20191011_16:00:00   0.0000e+00   2.7000e+00   0.0000e+00   0.0000e+00   0.0000e+00   0.0000e+00
20191011_17:00:00   9.2555e-02   2.7713e+01   2.1691e+00   0.0000e+00   0.0000e+00   2.6053e+02
20191011_18:00:00   0.0000e+00   2.7000e+00   0.0000e+00   0.0000e+00   0.0000e+00   0.0000e+00
20191011_19:00:00   0.0000e+00   2.7000e+00   0.0000e+00   0.0000e+00   0.0000e+00   0.0000e+00
20191011_20:00:00   2.3757e-01   6.1357e+01   5.2345e+00   0.0000e+00   0.0000e+00   2.5898e+02
20191011_22:00:00   0.0000e+00   0.0000e+00   0.0000e+00   0.0000e+00   0.0000e+00   0.0000e+00
20191011_23:00:00   0.0000e+00   0.0000e+00   0.0000e+00   0.0000e+00   0.0000e+00   0.0000e+00
20191012_00:00:00   0.0000e+00   0.0000e+00   0.0000e+00   0.0000e+00   0.0000e+00   0.0000e+00
20191012_01:00:00   0.0000e+00   0.0000e+00   0.0000e+00   0.0000e+00   0.0000e+00   0.0000e+00
20191012_02:00:00   1.2700e-01   3.5430e+01   3.0645e+00   0.0000e+00   1.1655e-02   2.6125e+02
20191012_03:00:00   1.2905e-01   3.5939e+01   3.1112e+00   0.0000e+00   8.5370e-04   2.6141e+02
20191012_04:00:00   1.3361e-01   3.6980e+01   3.2239e+00   0.0000e+00   2.6858e-03   2.6034e+02
20191012_05:00:00   1.2892e-01   3.6000e+01   3.0975e+00   0.0000e+00   1.8047e-03   2.6075e+02
20191012_06:00:00   1.3680e-01   3.7864e+01   3.2704e+00   0.0000e+00   9.0060e-06   2.6159e+02
20191012_07:00:00   1.4767e-01   4.0238e+01   3.5449e+00   0.0000e+00   7.8956e-04   2.6263e+02
20191012_08:00:00   1.4407e-01   3.9526e+01   3.4397e+00   0.0000e+00   3.3585e-05   2.6311e+02
20191012_09:00:00   0.0000e+00   0.0000e+00   0.0000e+00   0.0000e+00   0.0000e+00   0.0000e+00
20191012_10:00:00   1.3334e-01   3.7263e+01   3.1413e+00   0.0000e+00   0.0000e+00   2.6013e+02
20191012_11:00:00   1.3409e-01   3.7445e+01   3.1567e+00   0.0000e+00   0.0000e+00   2.5964e+02
20191012_12:00:00   1.3421e-01   3.7509e+01   3.1523e+00   0.0000e+00   0.0000e+00   2.6026e+02
20191012_13:00:00   1.3297e-01   3.7285e+01   3.1156e+00   0.0000e+00   0.0000e+00   2.6097e+02
20191012_14:00:00   0.0000e+00   0.0000e+00   0.0000e+00   0.0000e+00   0.0000e+00   0.0000e+00
20191012_15:00:00   1.2169e-06   2.7010e+00   0.0000e+00   0.0000e+00   0.0000e+00   5.2967e+00
20191012_16:00:00   1.3855e-01   3.8604e+01   3.2680e+00   0.0000e+00   5.2020e-05   2.5954e+02
20191012_17:00:00   0.0000e+00   0.0000e+00   0.0000e+00   0.0000e+00   0.0000e+00   0.0000e+00
20191012_18:00:00   0.0000e+00   0.0000e+00   0.0000e+00   0.0000e+00   0.0000e+00   0.0000e+00
20191012_19:00:00   0.0000e+00   2.7000e+00   0.0000e+00   0.0000e+00   0.0000e+00   0.0000e+00
20191012_20:00:00   1.1003e-01   3.2061e+01   2.5601e+00   0.0000e+00   0.0000e+00   2.6039e+02
20191012_22:00:00   8.9930e-02   2.7314e+01   2.0456e+00   0.0000e+00   0.0000e+00   2.6023e+02
20191012_23:00:00   1.0128e-01   3.0050e+01   2.3146e+00   0.0000e+00   0.0000e+00   2.6073e+02
20191013_00:00:00   0.0000e+00   0.0000e+00   0.0000e+00   0.0000e+00   0.0000e+00   0.0000e+00
20191013_01:00:00   0.0000e+00   2.7000e+00   0.0000e+00   0.0000e+00   0.0000e+00   0.0000e+00
20191013_02:00:00   0.0000e+00   0.0000e+00   0.0000e+00   0.0000e+00   0.0000e+00   0.0000e+00
20191013_03:00:00   0.0000e+00   0.0000e+00   0.0000e+00   0.0000e+00   0.0000e+00   0.0000e+00
20191013_05:00:00   1.0504e-01   3.0868e+01   2.3944e+00   0.0000e+00   0.0000e+00   2.5750e+02
20191013_06:00:00   1.0395e-01   3.0623e+01   2.3679e+00   0.0000e+00   0.0000e+00   2.5753e+02
20191013_07:00:00   1.0163e-01   3.0069e+01   2.3102e+00   0.0000e+00   0.0000e+00   2.5807e+02
20191013_08:00:00   1.0019e-01   2.9713e+01   2.2791e+00   0.0000e+00   0.0000e+00   2.5830e+02
20191013_10:00:00   0.0000e+00   0.0000e+00   0.0000e+00   0.0000e+00   0.0000e+00   0.0000e+00
20191013_11:00:00   1.0112e-01   2.9900e+01   2.2934e+00   0.0000e+00   0.0000e+00   2.5861e+02
20191013_12:00:00   9.8891e-02   2.9368e+01   2.2390e+00   0.0000e+00   0.0000e+00   2.5904e+02
20191013_13:00:00   0.0000e+00   0.0000e+00   0.0000e+00   0.0000e+00   0.0000e+00   0.0000e+00
20191013_14:00:00   1.1688e-01   3.3539e+01   2.6994e+00   0.0000e+00   0.0000e+00   2.5758e+02
20191013_15:00:00   0.0000e+00   0.0000e+00   0.0000e+00   0.0000e+00   0.0000e+00   0.0000e+00
20191013_16:00:00   1.5101e-01   4.1269e+01   3.5315e+00   0.0000e+00   7.4320e-06   2.5686e+02
20191013_17:00:00   0.0000e+00   0.0000e+00   0.0000e+00   0.0000e+00   0.0000e+00   0.0000e+00
20191013_18:00:00   0.0000e+00   0.0000e+00   0.0000e+00   0.0000e+00   0.0000e+00   0.0000e+00
20191013_19:00:00   2.0864e-01   5.4620e+01   4.7616e+00   0.0000e+00   0.0000e+00   2.5409e+02
20191013_21:00:00   1.2927e-01   3.6335e+01   3.0081e+00   0.0000e+00   0.0000e+00   2.5564e+02
20191013_23:00:00   0.0000e+00   0.0000e+00   0.0000e+00   0.0000e+00   0.0000e+00   0.0000e+00
20191014_00:00:00   0.0000e+00   0.0000e+00   0.0000e+00   0.0000e+00   0.0000e+00   0.0000e+00
20191014_01:00:00   1.3591e-01   3.7846e+01   3.0866e+00   0.0000e+00   1.8563e-05   2.5770e+02
20191014_02:00:00   0.0000e+00   0.0000e+00   0.0000e+00   0.0000e+00   0.0000e+00   0.0000e+00
20191014_03:00:00   1.5052e-01   4.1284e+01   3.3398e+00   0.0000e+00   0.0000e+00   2.5953e+02
20191014_04:00:00   0.0000e+00   2.7000e+00   0.0000e+00   0.0000e+00   0.0000e+00   0.0000e+00
20191014_05:00:00   9.9967e-02   2.9710e+01   2.1528e+00   0.0000e+00   0.0000e+00   2.6166e+02
20191014_06:00:00   9.4569e-02   2.8375e+01   2.0353e+00   0.0000e+00   0.0000e+00   2.6067e+02
20191014_07:00:00   1.1156e-01   3.2282e+01   2.4189e+00   0.0000e+00   0.0000e+00   2.6015e+02
20191014_08:00:00   1.1914e-01   3.3990e+01   2.5930e+00   0.0000e+00   0.0000e+00   2.6143e+02
20191014_09:00:00   0.0000e+00   0.0000e+00   0.0000e+00   0.0000e+00   0.0000e+00   0.0000e+00
20191014_10:00:00   1.1200e-01   3.2332e+01   2.4229e+00   0.0000e+00   0.0000e+00   2.6189e+02
20191014_11:00:00   1.1712e-01   3.3487e+01   2.5439e+00   0.0000e+00   0.0000e+00   2.6136e+02
20191014_12:00:00   1.2433e-01   3.5102e+01   2.7195e+00   0.0000e+00   0.0000e+00   2.6217e+02
20191014_13:00:00   1.2709e-01   3.5760e+01   2.7730e+00   0.0000e+00   0.0000e+00   2.6128e+02
20191014_14:00:00   1.2770e-01   3.5914e+01   2.7777e+00   0.0000e+00   0.0000e+00   2.6127e+02
20191014_15:00:00   0.0000e+00   0.0000e+00   0.0000e+00   0.0000e+00   0.0000e+00   0.0000e+00
20191014_16:00:00   1.2303e-01   3.4871e+01   2.7072e+00   0.0000e+00   0.0000e+00   2.6431e+02
20191014_17:00:00   1.2354e-01   3.4994e+01   2.7354e+00   0.0000e+00   0.0000e+00   2.6450e+02
20191014_18:00:00   1.2751e-01   3.5887e+01   2.8456e+00   0.0000e+00   0.0000e+00   2.6421e+02
20191014_19:00:00   0.0000e+00   0.0000e+00   0.0000e+00   0.0000e+00   0.0000e+00   0.0000e+00
20191014_20:00:00   1.2851e-01   3.6055e+01   2.8909e+00   0.0000e+00   0.0000e+00   2.6159e+02
20191014_21:00:00   1.0901e-01   3.1605e+01   2.4145e+00   0.0000e+00   0.0000e+00   2.6239e+02
20191014_22:00:00   9.9587e-02   2.9387e+01   2.1799e+00   0.0000e+00   0.0000e+00   2.6413e+02
20191014_23:00:00   0.0000e+00   0.0000e+00   0.0000e+00   0.0000e+00   0.0000e+00   0.0000e+00
20191015_00:00:00   8.0770e-02   2.4896e+01   1.7317e+00   0.0000e+00   0.0000e+00   2.6439e+02
20191015_01:00:00   7.3632e-02   2.3182e+01   1.5676e+00   0.0000e+00   0.0000e+00   2.6387e+02
20191015_02:00:00   7.0531e-02   2.2449e+01   1.4902e+00   0.0000e+00   0.0000e+00   2.6367e+02
20191015_03:00:00   0.0000e+00   0.0000e+00   0.0000e+00   0.0000e+00   0.0000e+00   0.0000e+00
20191015_04:00:00   0.0000e+00   0.0000e+00   0.0000e+00   0.0000e+00   0.0000e+00   0.0000e+00
20191015_05:00:00   6.0161e-02   1.9874e+01   1.2501e+00   0.0000e+00   0.0000e+00   2.6273e+02
20191015_06:00:00   5.9704e-02   1.9748e+01   1.2425e+00   0.0000e+00   0.0000e+00   2.6256e+02
20191015_07:00:00   5.7979e-02   1.9312e+01   1.2030e+00   0.0000e+00   0.0000e+00   2.6240e+02
20191015_08:00:00   5.4784e-02   1.8493e+01   1.1300e+00   0.0000e+00   0.0000e+00   2.6308e+02
20191015_10:00:00   9.9109e-02   2.9778e+01   2.0806e+00   0.0000e+00   0.0000e+00   2.6210e+02
20191015_11:00:00   0.0000e+00   0.0000e+00   0.0000e+00   0.0000e+00   0.0000e+00   0.0000e+00
20191015_12:00:00   4.8746e-02   1.6958e+01   9.8843e-01   0.0000e+00   0.0000e+00   2.6106e+02
20191015_13:00:00   0.0000e+00   0.0000e+00   0.0000e+00   0.0000e+00   0.0000e+00   0.0000e+00
20191015_14:00:00   0.0000e+00   0.0000e+00   0.0000e+00   0.0000e+00   0.0000e+00   0.0000e+00
20191015_15:00:00   5.4081e-02   1.8330e+01   1.1243e+00   0.0000e+00   0.0000e+00   2.6147e+02
20191015_16:00:00   6.0581e-02   1.9982e+01   1.2873e+00   0.0000e+00   0.0000e+00   2.6076e+02
20191015_17:00:00   6.8732e-02   2.2015e+01   1.4855e+00   0.0000e+00   0.0000e+00   2.6026e+02
20191015_18:00:00   7.4569e-02   2.3458e+01   1.6276e+00   0.0000e+00   0.0000e+00   2.6003e+02
20191015_19:00:00   8.2151e-02   2.5262e+01   1.8154e+00   0.0000e+00   0.0000e+00   2.6099e+02
20191015_20:00:00   8.9220e-02   2.6920e+01   1.9902e+00   0.0000e+00   0.0000e+00   2.6189e+02
20191015_21:00:00   8.9926e-02   2.7043e+01   2.0125e+00   0.0000e+00   0.0000e+00   2.6262e+02
20191015_22:00:00   0.0000e+00   0.0000e+00   0.0000e+00   0.0000e+00   0.0000e+00   0.0000e+00
20191015_23:00:00   9.1616e-02   2.7406e+01   2.0524e+00   0.0000e+00   0.0000e+00   2.6127e+02
20191016_00:00:00   9.7008e-02   2.8667e+01   2.1829e+00   0.0000e+00   0.0000e+00   2.6011e+02
20191016_01:00:00   9.4128e-02   2.8050e+01   2.1012e+00   0.0000e+00   0.0000e+00   2.5944e+02
20191016_02:00:00   8.5516e-02   2.6045e+01   1.8898e+00   0.0000e+00   0.0000e+00   2.5990e+02
20191016_03:00:00   7.5956e-02   2.3724e+01   1.6551e+00   0.0000e+00   0.0000e+00   2.5849e+02
20191016_04:00:00   7.4904e-02   2.3420e+01   1.6414e+00   0.0000e+00   0.0000e+00   2.5782e+02
20191016_05:00:00   0.0000e+00   2.7000e+00   0.0000e+00   0.0000e+00   0.0000e+00   0.0000e+00
20191016_06:00:00   7.5146e-02   2.3456e+01   1.6506e+00   0.0000e+00   0.0000e+00   2.5836e+02
20191016_07:00:00   7.4872e-02   2.3377e+01   1.6409e+00   0.0000e+00   0.0000e+00   2.5656e+02
20191016_08:00:00   7.4201e-02   2.3216e+01   1.6228e+00   0.0000e+00   0.0000e+00   2.5616e+02
20191016_09:00:00   0.0000e+00   0.0000e+00   0.0000e+00   0.0000e+00   0.0000e+00   0.0000e+00
20191016_11:00:00   0.0000e+00   0.0000e+00   0.0000e+00   0.0000e+00   0.0000e+00   0.0000e+00
20191016_12:00:00   0.0000e+00   0.0000e+00   0.0000e+00   0.0000e+00   0.0000e+00   0.0000e+00
20191016_15:00:00   0.0000e+00   0.0000e+00   0.0000e+00   0.0000e+00   0.0000e+00   0.0000e+00
20191016_18:00:00   0.0000e+00   0.0000e+00   0.0000e+00   0.0000e+00   0.0000e+00   0.0000e+00
20191016_21:00:00   0.0000e+00   2.7000e+00   0.0000e+00   0.0000e+00   0.0000e+00   0.0000e+00
20191017_00:00:00   1.2107e-01   3.4100e+01   2.6748e+00   0.0000e+00   8.0620e-09   2.5968e+02
20191017_03:00:00   1.1645e-01   3.3120e+01   2.5510e+00   0.0000e+00   0.0000e+00   2.5899e+02
20191017_06:00:00   5.0650e-01   1.1044e+02   1.0095e+01   0.0000e+00   0.0000e+00   2.5722e+02
20191017_09:00:00   9.5801e-02   2.8280e+01   2.0765e+00   0.0000e+00   0.0000e+00   2.5930e+02
20191017_12:00:00   0.0000e+00   0.0000e+00   0.0000e+00   0.0000e+00   0.0000e+00   0.0000e+00
20191017_15:00:00   0.0000e+00   0.0000e+00   0.0000e+00   0.0000e+00   0.0000e+00   0.0000e+00
20191017_18:00:00   1.1845e-01   3.3533e+01   2.6431e+00   0.0000e+00   9.6360e-08   2.5904e+02
20191017_21:00:00   1.0223e-01   2.9789e+01   2.2439e+00   0.0000e+00   0.0000e+00   2.5963e+02
20191018_00:00:00   8.3866e-02   2.5473e+01   1.7836e+00   0.0000e+00   0.0000e+00   2.6014e+02
20191018_03:00:00   0.0000e+00   0.0000e+00   0.0000e+00   0.0000e+00   0.0000e+00   0.0000e+00
20191018_06:00:00   5.8377e-02   1.9279e+01   1.2051e+00   0.0000e+00   0.0000e+00   2.5282e+02
20191018_09:00:00   0.0000e+00   0.0000e+00   0.0000e+00   0.0000e+00   0.0000e+00   0.0000e+00
20191018_12:00:00   0.0000e+00   0.0000e+00   0.0000e+00   0.0000e+00   0.0000e+00   0.0000e+00
20191018_15:00:00   7.7378e-02   2.3936e+01   1.6403e+00   0.0000e+00   0.0000e+00   2.5857e+02
20191018_18:00:00   0.0000e+00   0.0000e+00   0.0000e+00   0.0000e+00   0.0000e+00   0.0000e+00
20191019_00:00:00   8.6303e-02   2.6062e+01   1.7926e+00   0.0000e+00   0.0000e+00   2.5731e+02
20191019_03:00:00   6.4575e-02   2.0825e+01   1.3005e+00   0.0000e+00   0.0000e+00   2.5620e+02
20191019_06:00:00   0.0000e+00   0.0000e+00   0.0000e+00   0.0000e+00   0.0000e+00   0.0000e+00
20191019_09:00:00   4.9268e-02   1.6948e+01   9.5043e-01   0.0000e+00   0.0000e+00   2.5854e+02
20191019_12:00:00   4.3304e-02   1.5449e+01   8.0612e-01   0.0000e+00   0.0000e+00   2.6315e+02
20191019_15:00:00   0.0000e+00   0.0000e+00   0.0000e+00   0.0000e+00   0.0000e+00   0.0000e+00
20191019_18:00:00   0.0000e+00   0.0000e+00   0.0000e+00   0.0000e+00   0.0000e+00   0.0000e+00
20191019_21:00:00   0.0000e+00   0.0000e+00   0.0000e+00   0.0000e+00   0.0000e+00   0.0000e+00
20191020_00:00:00   6.4595e-02   2.0790e+01   1.2889e+00   0.0000e+00   0.0000e+00   2.7084e+02
20191020_03:00:00   0.0000e+00   0.0000e+00   0.0000e+00   0.0000e+00   0.0000e+00   0.0000e+00
20191020_06:00:00   2.9068e-02   1.1723e+01   4.8008e-01   0.0000e+00   0.0000e+00   2.6750e+02
20191020_09:00:00   2.8304e-02   1.1501e+01   4.6551e-01   0.0000e+00   0.0000e+00   2.6776e+02
20191020_12:00:00   0.0000e+00   0.0000e+00   0.0000e+00   0.0000e+00   0.0000e+00   0.0000e+00
20191020_15:00:00   0.0000e+00   0.0000e+00   0.0000e+00   0.0000e+00   0.0000e+00   0.0000e+00
20191020_18:00:00   4.6720e-02   1.6204e+01   9.6981e-01   0.0000e+00   0.0000e+00   2.6648e+02
20191020_21:00:00   6.1157e-02   1.9905e+01   1.3164e+00   0.0000e+00   0.0000e+00   2.6499e+02
20191021_00:00:00   5.2648e-02   1.7858e+01   1.0822e+00   0.0000e+00   0.0000e+00   2.6134e+02
20191021_03:00:00   4.7021e-02   1.6428e+01   9.5366e-01   0.0000e+00   0.0000e+00   2.5819e+02
20191021_06:00:00   4.3821e-02   1.5509e+01   9.0201e-01   0.0000e+00   2.9850e-05   2.5898e+02
20191021_12:00:00   0.0000e+00   0.0000e+00   0.0000e+00   0.0000e+00   0.0000e+00   0.0000e+00
20191021_15:00:00   0.0000e+00   0.0000e+00   0.0000e+00   0.0000e+00   0.0000e+00   0.0000e+00
20191021_18:00:00   3.9370e-02   1.4513e+01   7.6518e-01   0.0000e+00   1.8952e-04   2.5807e+02
20191021_21:00:00   4.6009e-02   1.6238e+01   9.2806e-01   0.0000e+00   3.1380e-06   2.5636e+02
20191022_00:00:00   4.0031e-02   1.4709e+01   7.6807e-01   0.0000e+00   0.0000e+00   2.5817e+02
20191022_03:00:00   3.4193e-02   1.3185e+01   6.2422e-01   0.0000e+00   0.0000e+00   2.5658e+02
20191022_06:00:00   0.0000e+00   0.0000e+00   0.0000e+00   0.0000e+00   0.0000e+00   0.0000e+00
20191022_12:00:00   0.0000e+00   2.7000e+00   0.0000e+00   0.0000e+00   0.0000e+00   0.0000e+00
20191022_15:00:00   4.7456e-02   1.6481e+01   9.6127e-01   0.0000e+00   0.0000e+00   2.5889e+02
20191022_18:00:00   5.7706e-02   1.9101e+01   1.1953e+00   0.0000e+00   0.0000e+00   2.6168e+02
20191022_21:00:00   6.1831e-02   1.9973e+01   1.3083e+00   0.0000e+00   0.0000e+00   2.6524e+02
20191023_00:00:00   0.0000e+00   2.7000e+00   0.0000e+00   0.0000e+00   0.0000e+00   0.0000e+00
20191023_09:00:00   0.0000e+00   0.0000e+00   0.0000e+00   0.0000e+00   0.0000e+00   0.0000e+00
20191023_12:00:00   1.5881e-01   4.4041e+01   3.0977e+00   0.0000e+00   0.0000e+00   2.7691e+02
20191023_15:00:00   4.2042e-02   1.5092e+01   8.0028e-01   0.0000e+00   0.0000e+00   2.7553e+02
20191023_18:00:00   5.2172e-02   1.7675e+01   1.0493e+00   0.0000e+00   0.0000e+00   2.7240e+02
20191023_21:00:00   0.0000e+00   0.0000e+00   0.0000e+00   0.0000e+00   0.0000e+00   0.0000e+00
20191024_00:00:00   0.0000e+00   0.0000e+00   0.0000e+00   0.0000e+00   0.0000e+00   0.0000e+00
20191024_03:00:00   4.5036e-02   1.5825e+01   9.0091e-01   0.0000e+00   0.0000e+00   2.7739e+02
20191024_06:00:00   0.0000e+00   0.0000e+00   0.0000e+00   0.0000e+00   0.0000e+00   0.0000e+00
20191024_09:00:00   5.3618e-02   1.7880e+01   1.1476e+00   0.0000e+00   0.0000e+00   2.7796e+02
20191024_12:00:00   5.8854e-02   1.9166e+01   1.2824e+00   0.0000e+00   0.0000e+00   2.7698e+02
20191024_15:00:00   0.0000e+00   0.0000e+00   0.0000e+00   0.0000e+00   0.0000e+00   0.0000e+00
20191024_18:00:00   0.0000e+00   0.0000e+00   0.0000e+00   0.0000e+00   0.0000e+00   0.0000e+00
20191024_21:00:00   8.1333e-02   2.4747e+01   1.8408e+00   0.0000e+00   0.0000e+00   2.7531e+02
20191025_00:00:00   7.4007e-02   2.3075e+01   1.6314e+00   0.0000e+00   0.0000e+00   2.7439e+02
20191025_03:00:00   0.0000e+00   0.0000e+00   0.0000e+00   0.0000e+00   0.0000e+00   0.0000e+00
20191025_06:00:00   0.0000e+00   0.0000e+00   0.0000e+00   0.0000e+00   0.0000e+00   0.0000e+00
20191025_09:00:00   1.7079e-01   4.6022e+01   3.8787e+00   4.4640e-04   7.8601e-08   2.6706e+02
20191025_12:00:00   8.3894e-02   2.5431e+01   1.9397e+00   0.0000e+00   0.0000e+00   2.6887e+02
20191025_15:00:00   0.0000e+00   0.0000e+00   0.0000e+00   0.0000e+00   0.0000e+00   0.0000e+00
20191025_18:00:00   0.0000e+00   2.7000e+00   0.0000e+00   0.0000e+00   0.0000e+00   0.0000e+00
20191025_21:00:00   6.2291e-02   2.0343e+01   1.3548e+00   0.0000e+00   0.0000e+00   2.6917e+02
20191026_00:00:00   5.7247e-02   1.9122e+01   1.2117e+00   0.0000e+00   0.0000e+00   2.6645e+02
20191026_03:00:00   4.9354e-02   1.7105e+01   1.0291e+00   0.0000e+00   0.0000e+00   2.6202e+02
20191026_06:00:00   4.8627e-02   1.6876e+01   1.0195e+00   0.0000e+00   0.0000e+00   2.6217e+02
20191026_09:00:00   4.8095e-02   1.6715e+01   1.0118e+00   0.0000e+00   0.0000e+00   2.6133e+02
20191026_12:00:00   0.0000e+00   0.0000e+00   0.0000e+00   0.0000e+00   0.0000e+00   0.0000e+00
20191026_15:00:00   5.1580e-02   1.7509e+01   1.1380e+00   0.0000e+00   1.5373e-05   2.6156e+02
20191026_18:00:00   5.4272e-02   1.8262e+01   1.1945e+00   0.0000e+00   4.9810e-05   2.6212e+02
20191026_21:00:00   7.3328e-02   2.2968e+01   1.6799e+00   0.0000e+00   6.3090e-06   2.6118e+02
20191027_00:00:00   0.0000e+00   0.0000e+00   0.0000e+00   0.0000e+00   0.0000e+00   0.0000e+00
20191027_03:00:00   5.0163e-02   1.7278e+01   1.0448e+00   0.0000e+00   3.4700e-06   2.6233e+02
20191027_09:00:00   5.1653e-02   1.7537e+01   1.0923e+00   0.0000e+00   5.0860e-05   2.5825e+02
20191027_12:00:00   0.0000e+00   0.0000e+00   0.0000e+00   0.0000e+00   0.0000e+00   0.0000e+00
