#            date       tau225        Tb[K]      pwv[mm] lwp[kg*m^-2] iwp[kg*m^-2]       o3[DU]
20191014_12:00:00   1.0231e-01   3.0143e+01   2.1656e+00   0.0000e+00   0.0000e+00   2.6562e+02
20191014_13:00:00   1.1448e-01   3.2986e+01   2.4346e+00   0.0000e+00   0.0000e+00   2.6569e+02
20191014_14:00:00   1.2276e-01   3.4908e+01   2.6132e+00   0.0000e+00   0.0000e+00   2.6498e+02
20191014_15:00:00   0.0000e+00   0.0000e+00   0.0000e+00   0.0000e+00   0.0000e+00   0.0000e+00
20191014_16:00:00   1.3970e-01   3.8703e+01   3.0104e+00   1.2044e-05   4.8906e-04   2.6337e+02
20191014_17:00:00   1.5753e-01   4.2634e+01   3.4171e+00   1.1418e-04   1.3654e-03   2.6284e+02
20191014_18:00:00   1.8648e-01   4.8851e+01   3.7885e+00   6.4098e-03   1.7122e-02   2.6308e+02
20191014_19:00:00   1.7112e-01   4.5570e+01   3.7578e+00   1.9181e-04   2.2279e-02   2.6307e+02
20191014_20:00:00   1.5569e-01   4.2190e+01   3.4507e+00   0.0000e+00   1.1295e-03   2.6353e+02
20191014_21:00:00   4.7835e-01   1.1015e+02   8.4794e+00   0.0000e+00   0.0000e+00   2.6360e+02
20191014_22:00:00   0.0000e+00   2.7000e+00   0.0000e+00   0.0000e+00   0.0000e+00   0.0000e+00
20191014_23:00:00   0.0000e+00   0.0000e+00   0.0000e+00   0.0000e+00   0.0000e+00   0.0000e+00
20191015_00:00:00   0.0000e+00   0.0000e+00   0.0000e+00   0.0000e+00   0.0000e+00   0.0000e+00
20191015_01:00:00   0.0000e+00   0.0000e+00   0.0000e+00   0.0000e+00   0.0000e+00   0.0000e+00
20191015_02:00:00   0.0000e+00   0.0000e+00   0.0000e+00   0.0000e+00   0.0000e+00   0.0000e+00
20191015_03:00:00   2.2885e-01   5.9882e+01   4.2269e+00   0.0000e+00   0.0000e+00   2.6390e+02
