#            date       tau225        Tb[K]      pwv[mm] lwp[kg*m^-2] iwp[kg*m^-2]       o3[DU]
20191031_00:00:00   1.3114e-01   3.6319e+01   3.2750e+00   0.0000e+00   5.4666e-02   2.5213e+02
20191031_01:00:00   1.3799e-01   3.7766e+01   3.3961e+00   0.0000e+00   1.3858e-01   2.5299e+02
20191031_02:00:00   1.4471e-01   3.9191e+01   3.4783e+00   0.0000e+00   2.6280e-01   2.5243e+02
20191031_03:00:00   1.5348e-01   4.1246e+01   3.7675e+00   0.0000e+00   1.0412e-01   2.5132e+02
20191031_04:00:00   1.4557e-01   3.9736e+01   3.6010e+00   0.0000e+00   1.7777e-03   2.5279e+02
20191031_05:00:00   1.6008e-01   4.3072e+01   3.9232e+00   0.0000e+00   8.6287e-04   2.5298e+02
20191031_06:00:00   1.8082e-01   4.7857e+01   4.3454e+00   0.0000e+00   4.4661e-05   2.5263e+02
20191031_07:00:00   1.9345e-01   5.0561e+01   4.6140e+00   0.0000e+00   1.1190e-05   2.5308e+02
20191031_08:00:00   1.9545e-01   5.0942e+01   4.6706e+00   0.0000e+00   0.0000e+00   2.5314e+02
20191031_09:00:00   1.8914e-01   4.9473e+01   4.5537e+00   0.0000e+00   3.5775e-04   2.5251e+02
20191031_10:00:00   1.8616e-01   4.8753e+01   4.5088e+00   0.0000e+00   1.1657e-03   2.5070e+02
20191031_11:00:00   1.8697e-01   4.8921e+01   4.5371e+00   0.0000e+00   0.0000e+00   2.5142e+02
20191031_12:00:00   1.9284e-01   5.0202e+01   4.6735e+00   0.0000e+00   0.0000e+00   2.5133e+02
20191031_13:00:00   1.9878e-01   5.1489e+01   4.8305e+00   0.0000e+00   3.0905e-04   2.5166e+02
20191031_14:00:00   2.0792e-01   5.3445e+01   5.0509e+00   0.0000e+00   8.7253e-04   2.5284e+02
20191031_15:00:00   2.3210e-01   5.8457e+01   5.3746e+00   5.7219e-03   2.5333e-03   2.5492e+02
20191031_16:00:00   2.4072e-01   6.0344e+01   5.7801e+00   6.2560e-04   8.8581e-02   2.5629e+02
20191031_17:00:00   2.4768e-01   6.1857e+01   5.9463e+00   0.0000e+00   1.1577e-01   2.5578e+02
20191031_18:00:00   2.3801e-01   5.9915e+01   5.7193e+00   0.0000e+00   1.3412e-01   2.5477e+02
20191031_19:00:00   1.9571e-01   5.1377e+01   4.6940e+00   0.0000e+00   2.3100e-04   2.5535e+02
20191031_20:00:00   1.8990e-01   5.0021e+01   4.5071e+00   9.6801e-04   5.0950e-04   2.5543e+02
20191031_21:00:00   1.8198e-01   4.8371e+01   4.3198e+00   0.0000e+00   0.0000e+00   2.5548e+02
20191031_22:00:00   1.9293e-01   5.0603e+01   4.6561e+00   0.0000e+00   0.0000e+00   2.5566e+02
20191031_23:00:00   2.0696e-01   5.3488e+01   5.0085e+00   0.0000e+00   0.0000e+00   2.5619e+02
20191101_00:00:00   2.1943e-01   5.5994e+01   5.3207e+00   0.0000e+00   1.7483e-03   2.5663e+02
20191101_01:00:00   2.1244e-01   5.4623e+01   5.1397e+00   0.0000e+00   5.7160e-04   2.5792e+02
20191101_02:00:00   2.0758e-01   5.3649e+01   4.9793e+00   0.0000e+00   8.5900e-03   2.5728e+02
20191101_03:00:00   1.9204e-01   5.0469e+01   4.5623e+00   0.0000e+00   0.0000e+00   2.5737e+02
20191101_04:00:00   1.8638e-01   4.9262e+01   4.4097e+00   0.0000e+00   0.0000e+00   2.5711e+02
20191101_05:00:00   1.8382e-01   4.8748e+01   4.3315e+00   0.0000e+00   0.0000e+00   2.5679e+02
20191101_06:00:00   1.8141e-01   4.8257e+01   4.2595e+00   0.0000e+00   0.0000e+00   2.5668e+02
20191101_07:00:00   1.8239e-01   4.8445e+01   4.2918e+00   0.0000e+00   0.0000e+00   2.5722e+02
20191101_08:00:00   1.8171e-01   4.8292e+01   4.2733e+00   0.0000e+00   0.0000e+00   2.5735e+02
20191101_09:00:00   1.8307e-01   4.8577e+01   4.3042e+00   0.0000e+00   0.0000e+00   2.5660e+02
20191101_10:00:00   1.8037e-01   4.8049e+01   4.2194e+00   0.0000e+00   9.2900e-06   2.5693e+02
20191101_11:00:00   1.8794e-01   4.9710e+01   4.3758e+00   0.0000e+00   0.0000e+00   2.5687e+02
20191101_12:00:00   1.9569e-01   5.1390e+01   4.5510e+00   0.0000e+00   0.0000e+00   2.5791e+02
20191101_13:00:00   2.0324e-01   5.3049e+01   4.7296e+00   0.0000e+00   0.0000e+00   2.5959e+02
20191101_14:00:00   2.1340e-01   5.5267e+01   4.9628e+00   0.0000e+00   0.0000e+00   2.6045e+02
20191101_15:00:00   2.1218e-01   5.5038e+01   4.9523e+00   0.0000e+00   2.0120e-04   2.5970e+02
20191101_16:00:00   2.1520e-01   5.5676e+01   5.0452e+00   0.0000e+00   4.1061e-03   2.5934e+02
20191101_17:00:00   2.3731e-01   6.0215e+01   5.6014e+00   0.0000e+00   1.7761e-02   2.6044e+02
20191101_18:00:00   2.4691e-01   6.2046e+01   5.8340e+00   0.0000e+00   1.1983e-01   2.6008e+02
20191101_19:00:00   1.9517e-01   5.1490e+01   4.5511e+00   0.0000e+00   7.7720e-07   2.5926e+02
20191101_20:00:00   1.8700e-01   4.9635e+01   4.3595e+00   0.0000e+00   0.0000e+00   2.5926e+02
20191101_21:00:00   1.8332e-01   4.8659e+01   4.3581e+00   0.0000e+00   4.8120e-04   2.5854e+02
20191101_22:00:00   1.7329e-01   4.6368e+01   4.1268e+00   0.0000e+00   3.5477e-02   2.5803e+02
20191101_23:00:00   1.6071e-01   4.3516e+01   3.9097e+00   0.0000e+00   4.4783e-03   2.5701e+02
20191102_00:00:00   1.7832e-01   4.7333e+01   4.3742e+00   0.0000e+00   1.8733e-03   2.5655e+02
20191102_01:00:00   2.0670e-01   5.3398e+01   5.0382e+00   0.0000e+00   1.5995e-04   2.5527e+02
20191102_02:00:00   2.2107e-01   5.6536e+01   5.3423e+00   0.0000e+00   4.8861e-04   2.5448e+02
20191102_03:00:00   2.2799e-01   5.8037e+01   5.4944e+00   0.0000e+00   5.2880e-05   2.5359e+02
20191102_04:00:00   2.4076e-01   6.0780e+01   5.7065e+00   0.0000e+00   0.0000e+00   2.5372e+02
20191102_05:00:00   2.4899e-01   6.2521e+01   5.8352e+00   0.0000e+00   0.0000e+00   2.5479e+02
20191102_06:00:00   2.6587e-01   6.5873e+01   6.1999e+00   0.0000e+00   2.2839e-06   2.5557e+02
20191102_07:00:00   2.8434e-01   6.9373e+01   6.6547e+00   0.0000e+00   3.2915e-04   2.5800e+02
20191102_08:00:00   2.8482e-01   6.9440e+01   6.6551e+00   0.0000e+00   2.2924e-04   2.5897e+02
20191102_09:00:00   2.6705e-01   6.5928e+01   6.3013e+00   0.0000e+00   1.8448e-03   2.5765e+02
20191102_10:00:00   2.6458e-01   6.5452e+01   6.2628e+00   0.0000e+00   3.7110e-03   2.5598e+02
20191102_11:00:00   2.5741e-01   6.4026e+01   6.1076e+00   0.0000e+00   3.3319e-03   2.5692e+02
20191102_12:00:00   2.5468e-01   6.3491e+01   6.0554e+00   0.0000e+00   4.8058e-03   2.5821e+02
20191102_13:00:00   2.5736e-01   6.4101e+01   6.1293e+00   0.0000e+00   1.3936e-02   2.5861e+02
20191102_14:00:00   2.7559e-01   6.7756e+01   6.5641e+00   0.0000e+00   1.2464e-02   2.5877e+02
20191102_15:00:00   3.1149e-01   7.4745e+01   6.8438e+00   1.0970e-02   2.3349e-02   2.5885e+02
20191102_16:00:00   2.9429e-01   7.1508e+01   7.0104e+00   0.0000e+00   5.5529e-02   2.5916e+02
20191102_17:00:00   3.2859e-01   7.7858e+01   7.7616e+00   0.0000e+00   1.7757e-01   2.5948e+02
20191102_18:00:00   3.1131e-01   7.4631e+01   7.4045e+00   5.1100e-04   1.2922e-01   2.5870e+02
20191102_19:00:00   2.9883e-01   7.1842e+01   7.0740e+00   0.0000e+00   3.5244e-01   2.5929e+02
20191102_20:00:00   2.9931e-01   7.2032e+01   7.2082e+00   0.0000e+00   6.6955e-02   2.5977e+02
20191102_21:00:00   2.8594e-01   6.9265e+01   6.8329e+00   0.0000e+00   3.0913e-01   2.6090e+02
20191102_22:00:00   2.6406e-01   6.5026e+01   6.4596e+00   0.0000e+00   1.2817e-01   2.6060e+02
20191102_23:00:00   2.4892e-01   6.2029e+01   6.1485e+00   0.0000e+00   4.4710e-02   2.5894e+02
20191103_00:00:00   2.8815e-01   6.9652e+01   6.8907e+00   0.0000e+00   2.8317e-01   2.5918e+02
20191103_01:00:00   2.9116e-01   7.0492e+01   7.0089e+00   0.0000e+00   1.2902e-01   2.5781e+02
20191103_02:00:00   2.6566e-01   6.5700e+01   6.4044e+00   0.0000e+00   3.2022e-03   2.5763e+02
20191103_03:00:00   2.3517e-01   5.9664e+01   5.6336e+00   0.0000e+00   9.2241e-07   2.5673e+02
20191103_04:00:00   2.2901e-01   5.8415e+01   5.4219e+00   0.0000e+00   2.6020e-04   2.5862e+02
20191103_05:00:00   2.1505e-01   5.5542e+01   5.0441e+00   0.0000e+00   7.7720e-07   2.5884e+02
20191103_06:00:00   2.1507e-01   5.5478e+01   5.0301e+00   0.0000e+00   0.0000e+00   2.5849e+02
20191103_07:00:00   2.2164e-01   5.6759e+01   5.1974e+00   0.0000e+00   4.1883e-07   2.5864e+02
20191103_08:00:00   2.3285e-01   5.8998e+01   5.4646e+00   0.0000e+00   5.2761e-05   2.5812e+02
20191103_09:00:00   2.3874e-01   6.0107e+01   5.6331e+00   0.0000e+00   7.0326e-04   2.5771e+02
20191103_10:00:00   2.3022e-01   5.8377e+01   5.4236e+00   0.0000e+00   4.6144e-04   2.5730e+02
20191103_11:00:00   2.2624e-01   5.7535e+01   5.3436e+00   0.0000e+00   1.1755e-04   2.5836e+02
20191103_12:00:00   2.2422e-01   5.7091e+01   5.3059e+00   0.0000e+00   1.3393e-04   2.5846e+02
20191103_13:00:00   2.2915e-01   5.8110e+01   5.4257e+00   0.0000e+00   6.5113e-05   2.5722e+02
20191103_14:00:00   2.2769e-01   5.7815e+01   5.4204e+00   0.0000e+00   3.0331e-04   2.5660e+02
20191103_15:00:00   2.2754e-01   5.7826e+01   5.4169e+00   0.0000e+00   9.6651e-04   2.5643e+02
20191103_16:00:00   2.1890e-01   5.6078e+01   5.2224e+00   0.0000e+00   3.7363e-04   2.5568e+02
20191103_17:00:00   2.0777e-01   5.3742e+01   4.9653e+00   0.0000e+00   1.7826e-03   2.5626e+02
20191103_18:00:00   1.9490e-01   5.1031e+01   4.6421e+00   0.0000e+00   4.6525e-03   2.5694e+02
20191103_19:00:00   1.9905e-01   5.1817e+01   4.7293e+00   3.0120e-05   1.2765e-02   2.5686e+02
20191103_20:00:00   2.0893e-01   5.3828e+01   4.9663e+00   0.0000e+00   2.0322e-03   2.5670e+02
20191103_21:00:00   1.8382e-01   4.8480e+01   4.3516e+00   0.0000e+00   1.3775e-03   2.5663e+02
20191103_22:00:00   1.6891e-01   4.5258e+01   3.9730e+00   0.0000e+00   1.2816e-03   2.5641e+02
20191103_23:00:00   1.7741e-01   4.7102e+01   4.1520e+00   0.0000e+00   2.6188e-03   2.5443e+02
20191104_00:00:00   1.8015e-01   4.7681e+01   4.2000e+00   0.0000e+00   2.3412e-03   2.5328e+02
20191104_01:00:00   1.8609e-01   4.9005e+01   4.3126e+00   0.0000e+00   2.1506e-04   2.5312e+02
20191104_02:00:00   1.9369e-01   5.0683e+01   4.4744e+00   0.0000e+00   0.0000e+00   2.5315e+02
20191104_03:00:00   1.9537e-01   5.1074e+01   4.5093e+00   0.0000e+00   4.4483e-06   2.5293e+02
20191104_04:00:00   1.9692e-01   5.1418e+01   4.5270e+00   0.0000e+00   0.0000e+00   2.5285e+02
20191104_05:00:00   1.7677e-01   4.7049e+01   4.0675e+00   0.0000e+00   0.0000e+00   2.5143e+02
20191104_06:00:00   1.6186e-01   4.3700e+01   3.7370e+00   0.0000e+00   1.0076e-08   2.5084e+02
20191104_07:00:00   1.4532e-01   3.9968e+01   3.3336e+00   0.0000e+00   1.4960e-05   2.5216e+02
20191104_08:00:00   1.1997e-01   3.4235e+01   2.7177e+00   0.0000e+00   4.0058e-05   2.5359e+02
20191104_09:00:00   9.6252e-02   2.8693e+01   2.1535e+00   0.0000e+00   7.3072e-04   2.5376e+02
20191104_10:00:00   8.7830e-02   2.6672e+01   1.9441e+00   0.0000e+00   9.1500e-04   2.5452e+02
20191104_11:00:00   8.0403e-02   2.4866e+01   1.7713e+00   0.0000e+00   2.5940e-04   2.5454e+02
20191104_12:00:00   7.4121e-02   2.3322e+01   1.6270e+00   0.0000e+00   1.3520e-03   2.5374e+02
20191104_13:00:00   6.7801e-02   2.1782e+01   1.4789e+00   0.0000e+00   1.1604e-03   2.5289e+02
20191104_14:00:00   6.2796e-02   2.0540e+01   1.3663e+00   0.0000e+00   4.0058e-03   2.5239e+02
20191104_15:00:00   6.6817e-02   2.1560e+01   1.4628e+00   0.0000e+00   1.6766e-03   2.5299e+02
20191104_16:00:00   6.8529e-02   2.1974e+01   1.5095e+00   0.0000e+00   5.0390e-03   2.5487e+02
20191104_17:00:00   7.6696e-02   2.3997e+01   1.7029e+00   0.0000e+00   5.5215e-03   2.5610e+02
20191104_18:00:00   8.5442e-02   2.6170e+01   1.8968e+00   0.0000e+00   1.6192e-03   2.5665e+02
20191104_19:00:00   9.5020e-02   2.8460e+01   2.1378e+00   0.0000e+00   1.3060e-03   2.5606e+02
20191104_20:00:00   1.0027e-01   2.9663e+01   2.2700e+00   0.0000e+00   4.3489e-03   2.5559e+02
20191104_21:00:00   9.7500e-02   2.8995e+01   2.1944e+00   0.0000e+00   2.1680e-03   2.5476e+02
20191104_22:00:00   9.9054e-02   2.9363e+01   2.2109e+00   0.0000e+00   3.0700e-04   2.5442e+02
20191104_23:00:00   8.0677e-02   2.4890e+01   1.7911e+00   0.0000e+00   4.7440e-04   2.5425e+02
20191105_00:00:00   6.3540e-02   2.0681e+01   1.3785e+00   0.0000e+00   1.8578e-05   2.5476e+02
20191105_03:00:00   4.7221e-02   1.6571e+01   9.8993e-01   0.0000e+00   4.4592e-03   2.5782e+02
20191105_06:00:00   3.4487e-02   1.3300e+01   6.4916e-01   0.0000e+00   0.0000e+00   2.5368e+02
20191105_09:00:00   2.9547e-02   1.1954e+01   5.3152e-01   0.0000e+00   1.4864e-05   2.5456e+02
20191105_12:00:00   2.9537e-02   1.1980e+01   5.2294e-01   0.0000e+00   9.2900e-06   2.5608e+02
20191105_15:00:00   3.7499e-02   1.4136e+01   7.2371e-01   0.0000e+00   0.0000e+00   2.5414e+02
20191105_18:00:00   6.0961e-02   2.0239e+01   1.3006e+00   0.0000e+00   0.0000e+00   2.5364e+02
20191105_21:00:00   7.7016e-02   2.4183e+01   1.6981e+00   0.0000e+00   7.4680e-03   2.5500e+02
20191106_00:00:00   5.4219e-02   1.8520e+01   1.1361e+00   0.0000e+00   5.4116e-03   2.5530e+02
20191106_03:00:00   3.4579e-02   1.3363e+01   6.6124e-01   0.0000e+00   2.0518e-03   2.5572e+02
20191106_06:00:00   3.6026e-02   1.3698e+01   7.0577e-01   0.0000e+00   3.3113e-03   2.5383e+02
20191106_09:00:00   3.3099e-02   1.2892e+01   6.3025e-01   0.0000e+00   5.7294e-04   2.5634e+02
20191106_12:00:00   2.9115e-02   1.1878e+01   5.1068e-01   0.0000e+00   3.0220e-08   2.5681e+02
20191106_15:00:00   3.8332e-02   1.4379e+01   7.4476e-01   0.0000e+00   9.4300e-06   2.5366e+02
20191106_18:00:00   5.1336e-02   1.7739e+01   1.0861e+00   0.0000e+00   9.8216e-04   2.5440e+02
20191106_21:00:00   7.3160e-02   2.3226e+01   1.6332e+00   0.0000e+00   3.9762e-03   2.5603e+02
20191107_00:00:00   6.0279e-02   2.0031e+01   1.2989e+00   0.0000e+00   9.6590e-03   2.5445e+02
20191107_03:00:00   4.0320e-02   1.4822e+01   8.2885e-01   0.0000e+00   5.9520e-03   2.5355e+02
20191107_06:00:00   4.4041e-02   1.5773e+01   9.2447e-01   0.0000e+00   3.3393e-03   2.5206e+02
20191107_09:00:00   4.1860e-02   1.5171e+01   8.7506e-01   0.0000e+00   6.2200e-04   2.5296e+02
20191107_12:00:00   3.9558e-02   1.4612e+01   8.0863e-01   0.0000e+00   1.2044e-07   2.5202e+02
20191107_15:00:00   5.1966e-02   1.7921e+01   1.1188e+00   0.0000e+00   1.2297e-03   2.4774e+02
20191107_18:00:00   6.2180e-02   2.0546e+01   1.3807e+00   0.0000e+00   1.0900e-05   2.4696e+02
20191107_21:00:00   6.8786e-02   2.2075e+01   1.5773e+00   0.0000e+00   5.5796e-04   2.4809e+02
20191108_00:00:00   8.0010e-02   2.4919e+01   1.8763e+00   0.0000e+00   5.7978e-04   2.4645e+02
20191108_03:00:00   8.4936e-02   2.6057e+01   2.0209e+00   0.0000e+00   3.0695e-03   2.4709e+02
20191108_06:00:00   1.1705e-01   3.3646e+01   2.8075e+00   0.0000e+00   1.0076e-07   2.4883e+02
20191108_09:00:00   1.2930e-01   3.6629e+01   3.0645e+00   0.0000e+00   6.5260e-05   2.4594e+02
20191108_12:00:00   1.5292e-01   4.2142e+01   3.5983e+00   0.0000e+00   3.5693e-03   2.4724e+02
20191108_15:00:00   1.9884e-01   5.2274e+01   4.7227e+00   0.0000e+00   2.3474e-03   2.4708e+02
20191108_18:00:00   2.0569e-01   5.3575e+01   4.9868e+00   0.0000e+00   3.1759e-03   2.4758e+02
20191108_21:00:00   1.3625e-01   3.8130e+01   3.2873e+00   0.0000e+00   4.6802e-03   2.4925e+02
20191109_00:00:00   9.8107e-02   2.9138e+01   2.3964e+00   0.0000e+00   2.8656e-03   2.4921e+02
20191109_03:00:00   7.7790e-02   2.4228e+01   1.8519e+00   0.0000e+00   6.7165e-04   2.4850e+02
20191109_06:00:00   6.7569e-02   2.1712e+01   1.5738e+00   0.0000e+00   1.1092e-04   2.4980e+02
20191109_09:00:00   8.1563e-02   2.5166e+01   1.9287e+00   0.0000e+00   1.8154e-05   2.5007e+02
20191109_12:00:00   1.0182e-01   3.0052e+01   2.4285e+00   0.0000e+00   1.8516e-03   2.5493e+02
20191109_15:00:00   1.4228e-01   3.9509e+01   3.4636e+00   0.0000e+00   1.5396e-03   2.5110e+02
20191109_18:00:00   1.6436e-01   4.4453e+01   4.0634e+00   0.0000e+00   2.0635e-03   2.5115e+02
20191109_21:00:00   1.8615e-01   4.8784e+01   4.6659e+00   0.0000e+00   5.7240e-02   2.5014e+02
20191110_00:00:00   1.7531e-01   4.5969e+01   4.4531e+00   0.0000e+00   1.8085e-01   2.5048e+02
20191110_03:00:00   1.6776e-01   4.4580e+01   4.1400e+00   0.0000e+00   2.1975e-01   2.4949e+02
20191110_06:00:00   1.5687e-01   4.2626e+01   3.7901e+00   0.0000e+00   4.5999e-03   2.4980e+02
20191110_09:00:00   1.7158e-01   4.5952e+01   4.0356e+00   0.0000e+00   6.3191e-03   2.5139e+02
20191110_12:00:00   1.5431e-01   4.2302e+01   3.5296e+00   0.0000e+00   1.9994e-03   2.5062e+02
20191110_15:00:00   1.3030e-01   3.6860e+01   3.0162e+00   0.0000e+00   9.3151e-03   2.4745e+02
20191110_18:00:00   1.0705e-01   3.1392e+01   2.4751e+00   0.0000e+00   1.1222e-02   2.4880e+02
20191110_21:00:00   9.9657e-02   2.9588e+01   2.3053e+00   0.0000e+00   1.0612e-02   2.5021e+02
20191111_00:00:00   7.1650e-02   2.2806e+01   1.5878e+00   0.0000e+00   5.8930e-03   2.5105e+02
20191111_03:00:00   5.9700e-02   1.9847e+01   1.2983e+00   0.0000e+00   6.5016e-03   2.4869e+02
20191111_06:00:00   6.0036e-02   1.9868e+01   1.3278e+00   0.0000e+00   3.8834e-03   2.4773e+02
20191111_09:00:00   5.6390e-02   1.8943e+01   1.2360e+00   0.0000e+00   8.1077e-04   2.5016e+02
20191111_12:00:00   5.4918e-02   1.8552e+01   1.2003e+00   0.0000e+00   4.4288e-03   2.4978e+02
20191111_15:00:00   6.9410e-02   2.2228e+01   1.5527e+00   0.0000e+00   1.6252e-02   2.4692e+02
20191111_18:00:00   8.2370e-02   2.5433e+01   1.8787e+00   0.0000e+00   1.4838e-02   2.4772e+02
20191111_21:00:00   9.8695e-02   2.9348e+01   2.2801e+00   0.0000e+00   2.2902e-03   2.5051e+02
20191112_00:00:00   7.4840e-02   2.3476e+01   1.6992e+00   0.0000e+00   2.2502e-03   2.4805e+02
20191112_03:00:00   5.7485e-02   1.9087e+01   1.2989e+00   0.0000e+00   2.3596e-02   2.4729e+02
20191112_06:00:00   5.0014e-02   1.7066e+01   1.1396e+00   0.0000e+00   2.0024e-02   2.4784e+02
20191112_09:00:00   5.2953e-02   1.7764e+01   1.2296e+00   0.0000e+00   1.3200e-02   2.5041e+02
20191112_12:00:00   5.2452e-02   1.7721e+01   1.1948e+00   0.0000e+00   1.4401e-03   2.5313e+02
20191112_15:00:00   5.4396e-02   1.8369e+01   1.2077e+00   0.0000e+00   1.4622e-04   2.5198e+02
20191112_18:00:00   7.0634e-02   2.2407e+01   1.6339e+00   0.0000e+00   4.1751e-04   2.4784e+02
20191112_21:00:00   1.1278e-01   3.2536e+01   2.6606e+00   0.0000e+00   2.3255e-03   2.5109e+02
20191113_00:00:00   6.5147e-02   2.1073e+01   1.4595e+00   0.0000e+00   1.5822e-03   2.5101e+02
20191113_03:00:00   5.0208e-02   1.7305e+01   1.0945e+00   0.0000e+00   1.8406e-03   2.5068e+02
20191113_06:00:00   4.4045e-02   1.5756e+01   9.1758e-01   0.0000e+00   0.0000e+00   2.5277e+02
20191113_09:00:00   4.0018e-02   1.4636e+01   8.3001e-01   0.0000e+00   0.0000e+00   2.5301e+02
20191113_12:00:00   4.1721e-02   1.5046e+01   8.7616e-01   0.0000e+00   1.2895e-03   2.5550e+02
20191113_15:00:00   4.6278e-02   1.6299e+01   9.6457e-01   0.0000e+00   1.0679e-03   2.5518e+02
20191113_18:00:00   4.6714e-02   1.6437e+01   9.6825e-01   0.0000e+00   4.9871e-03   2.5125e+02
20191113_21:00:00   8.8330e-02   2.6635e+01   2.0089e+00   0.0000e+00   2.6480e-03   2.5202e+02
20191114_00:00:00   5.9470e-02   1.9660e+01   1.2429e+00   0.0000e+00   3.7374e-03   2.5445e+02
20191114_03:00:00   4.2496e-02   1.5394e+01   8.2319e-01   0.0000e+00   3.6351e-03   2.5447e+02
20191114_06:00:00   3.3893e-02   1.3102e+01   6.2557e-01   0.0000e+00   1.7818e-03   2.5772e+02
20191114_09:00:00   3.3698e-02   1.3013e+01   6.3293e-01   0.0000e+00   1.0543e-03   2.5908e+02
20191114_12:00:00   3.2666e-02   1.2773e+01   5.9783e-01   0.0000e+00   5.3550e-05   2.6068e+02
20191114_15:00:00   3.3347e-02   1.3022e+01   6.0201e-01   0.0000e+00   0.0000e+00   2.5734e+02
20191114_18:00:00   3.8482e-02   1.4412e+01   7.2302e-01   0.0000e+00   0.0000e+00   2.5865e+02
20191114_21:00:00   5.2469e-02   1.8022e+01   1.0678e+00   0.0000e+00   0.0000e+00   2.6065e+02
20191115_00:00:00   4.9107e-02   1.7194e+01   9.6920e-01   0.0000e+00   0.0000e+00   2.6172e+02
20191115_03:00:00   3.9222e-02   1.4634e+01   7.3505e-01   0.0000e+00   0.0000e+00   2.6450e+02
20191115_06:00:00   3.8730e-02   1.4466e+01   7.2881e-01   0.0000e+00   0.0000e+00   2.6292e+02
20191115_09:00:00   3.6970e-02   1.3964e+01   6.8676e-01   0.0000e+00   0.0000e+00   2.6394e+02
20191115_12:00:00   5.2703e-02   1.7888e+01   1.1210e+00   0.0000e+00   0.0000e+00   2.6966e+02
20191115_15:00:00   6.1276e-02   2.0038e+01   1.3503e+00   0.0000e+00   0.0000e+00   2.6943e+02
20191115_18:00:00   4.5302e-02   1.6197e+01   8.9118e-01   0.0000e+00   0.0000e+00   2.7242e+02
20191115_21:00:00   4.7836e-02   1.6864e+01   9.4903e-01   0.0000e+00   0.0000e+00   2.7288e+02
20191116_00:00:00   4.1977e-02   1.5364e+01   7.9645e-01   0.0000e+00   0.0000e+00   2.7369e+02
