#            date       tau225        Tb[K]      pwv[mm] lwp[kg*m^-2] iwp[kg*m^-2]       o3[DU]
20191112_00:00:00   2.0043e-01   5.1704e+01   4.8611e+00   0.0000e+00   1.2853e-01   2.3907e+02
20191112_01:00:00   2.1208e-01   5.4145e+01   5.1865e+00   0.0000e+00   9.1611e-02   2.4064e+02
20191112_02:00:00   1.9903e-01   5.1478e+01   4.8840e+00   0.0000e+00   3.2386e-02   2.4194e+02
20191112_03:00:00   2.0752e-01   5.3277e+01   5.0978e+00   0.0000e+00   7.8340e-03   2.4150e+02
20191112_04:00:00   2.1412e-01   5.4591e+01   5.2417e+00   0.0000e+00   6.0073e-03   2.3997e+02
20191112_05:00:00   2.1433e-01   5.4616e+01   5.2624e+00   0.0000e+00   8.0042e-03   2.4060e+02
20191112_06:00:00   2.1953e-01   5.5694e+01   5.3733e+00   0.0000e+00   4.8067e-02   2.4175e+02
20191112_07:00:00   2.1880e-01   5.5530e+01   5.3638e+00   0.0000e+00   1.5598e-02   2.4195e+02
20191112_08:00:00   2.1340e-01   5.4434e+01   5.2488e+00   0.0000e+00   2.7738e-02   2.4132e+02
20191112_09:00:00   2.1925e-01   5.5581e+01   5.3515e+00   0.0000e+00   1.0228e-01   2.4123e+02
20191112_10:00:00   2.1675e-01   5.5056e+01   5.2819e+00   0.0000e+00   9.7401e-02   2.4129e+02
20191112_11:00:00   2.1969e-01   5.5702e+01   5.3717e+00   0.0000e+00   5.3781e-02   2.4126e+02
20191112_12:00:00   2.1480e-01   5.4753e+01   5.2399e+00   0.0000e+00   1.7896e-02   2.4090e+02
20191112_13:00:00   2.1574e-01   5.4941e+01   5.2599e+00   0.0000e+00   3.1233e-02   2.4172e+02
20191112_14:00:00   2.1071e-01   5.3934e+01   5.1247e+00   0.0000e+00   4.2151e-02   2.4276e+02
20191112_15:00:00   2.1524e-01   5.4867e+01   5.2583e+00   0.0000e+00   4.9262e-02   2.4335e+02
20191112_16:00:00   2.1920e-01   5.5737e+01   5.3649e+00   0.0000e+00   1.1154e-02   2.4390e+02
20191112_17:00:00   2.1980e-01   5.5921e+01   5.3528e+00   0.0000e+00   5.1794e-03   2.4379e+02
20191112_18:00:00   2.1824e-01   5.5556e+01   5.3277e+00   0.0000e+00   3.0525e-02   2.4496e+02
20191112_19:00:00   1.9844e-01   5.1449e+01   4.8517e+00   0.0000e+00   4.7308e-03   2.4551e+02
20191112_20:00:00   1.9273e-01   5.0061e+01   4.7495e+00   0.0000e+00   5.1119e-02   2.4467e+02
20191112_21:00:00   1.8141e-01   4.7602e+01   4.4563e+00   5.5930e-04   1.7291e-02   2.4398e+02
20191112_22:00:00   1.7857e-01   4.6935e+01   4.4028e+00   0.0000e+00   3.8282e-03   2.4426e+02
20191112_23:00:00   1.9398e-01   5.0163e+01   4.7514e+00   0.0000e+00   2.4964e-02   2.4438e+02
20191113_00:00:00   1.9570e-01   5.0632e+01   4.7632e+00   0.0000e+00   2.6347e-04   2.4419e+02
20191113_01:00:00   1.9136e-01   4.9754e+01   4.6258e+00   0.0000e+00   0.0000e+00   2.4203e+02
20191113_02:00:00   1.6942e-01   4.5124e+01   4.0449e+00   0.0000e+00   0.0000e+00   2.4185e+02
20191113_03:00:00   1.6180e-01   4.3427e+01   3.8555e+00   0.0000e+00   0.0000e+00   2.4217e+02
20191113_04:00:00   1.5921e-01   4.2863e+01   3.7912e+00   0.0000e+00   0.0000e+00   2.4396e+02
20191113_05:00:00   1.5797e-01   4.2520e+01   3.7878e+00   0.0000e+00   0.0000e+00   2.4566e+02
20191113_06:00:00   1.4646e-01   3.9963e+01   3.5145e+00   0.0000e+00   1.9916e-06   2.4720e+02
20191113_07:00:00   1.2720e-01   3.5642e+01   3.0328e+00   0.0000e+00   0.0000e+00   2.4823e+02
20191113_08:00:00   1.0466e-01   3.0518e+01   2.4348e+00   0.0000e+00   0.0000e+00   2.4926e+02
20191113_09:00:00   8.8737e-02   2.6806e+01   1.9994e+00   0.0000e+00   0.0000e+00   2.4953e+02
20191113_10:00:00   7.0590e-02   2.2471e+01   1.5221e+00   0.0000e+00   0.0000e+00   2.4936e+02
20191113_11:00:00   5.8304e-02   1.9389e+01   1.2376e+00   0.0000e+00   1.3052e-07   2.4962e+02
20191113_12:00:00   5.3310e-02   1.8131e+01   1.1188e+00   0.0000e+00   0.0000e+00   2.4926e+02
20191113_13:00:00   4.6195e-02   1.6376e+01   9.2481e-01   0.0000e+00   0.0000e+00   2.4946e+02
20191113_14:00:00   5.0974e-02   1.7604e+01   1.0474e+00   0.0000e+00   0.0000e+00   2.4964e+02
20191113_15:00:00   5.8493e-02   1.9513e+01   1.2333e+00   0.0000e+00   0.0000e+00   2.4994e+02
20191113_16:00:00   6.3767e-02   2.0880e+01   1.3501e+00   0.0000e+00   0.0000e+00   2.5003e+02
20191113_17:00:00   6.7433e-02   2.1848e+01   1.4198e+00   0.0000e+00   0.0000e+00   2.5084e+02
20191113_18:00:00   6.8378e-02   2.2112e+01   1.4346e+00   0.0000e+00   0.0000e+00   2.5173e+02
20191113_19:00:00   8.5070e-02   2.6213e+01   1.8331e+00   0.0000e+00   0.0000e+00   2.5156e+02
20191113_20:00:00   1.1192e-01   3.2553e+01   2.4746e+00   0.0000e+00   1.9272e-07   2.5087e+02
20191113_21:00:00   1.3027e-01   3.6700e+01   2.9220e+00   0.0000e+00   3.7581e-06   2.5041e+02
20191113_22:00:00   1.3645e-01   3.8073e+01   3.0005e+00   4.8854e-04   1.1436e-04   2.5008e+02
20191113_23:00:00   1.2779e-01   3.6086e+01   2.7691e+00   0.0000e+00   9.7530e-05   2.4947e+02
20191114_00:00:00   1.0900e-01   3.1754e+01   2.3154e+00   0.0000e+00   1.8871e-06   2.4822e+02
20191114_01:00:00   8.8517e-02   2.6932e+01   1.8547e+00   0.0000e+00   8.0620e-09   2.4828e+02
20191114_02:00:00   7.5697e-02   2.3852e+01   1.5640e+00   0.0000e+00   0.0000e+00   2.4895e+02
20191114_03:00:00   6.4370e-02   2.1070e+01   1.3108e+00   0.0000e+00   0.0000e+00   2.4871e+02
20191114_04:00:00   5.0690e-02   1.7634e+01   9.9271e-01   0.0000e+00   0.0000e+00   2.5019e+02
20191114_05:00:00   4.3228e-02   1.5718e+01   8.1332e-01   0.0000e+00   0.0000e+00   2.5148e+02
20191114_06:00:00   4.0295e-02   1.4952e+01   7.4229e-01   0.0000e+00   0.0000e+00   2.5066e+02
20191114_07:00:00   3.5733e-02   1.3745e+01   6.3430e-01   0.0000e+00   0.0000e+00   2.5057e+02
20191114_08:00:00   3.3550e-02   1.3159e+01   5.8114e-01   0.0000e+00   0.0000e+00   2.5044e+02
20191114_09:00:00   3.1534e-02   1.2611e+01   5.3206e-01   0.0000e+00   0.0000e+00   2.5093e+02
20191114_10:00:00   2.9562e-02   1.2073e+01   4.8318e-01   0.0000e+00   0.0000e+00   2.5128e+02
20191114_11:00:00   2.8952e-02   1.1910e+01   4.6678e-01   0.0000e+00   0.0000e+00   2.5299e+02
20191114_12:00:00   3.0867e-02   1.2437e+01   5.1191e-01   0.0000e+00   0.0000e+00   2.5545e+02
20191114_13:00:00   3.2717e-02   1.2944e+01   5.5961e-01   0.0000e+00   0.0000e+00   2.5643e+02
20191114_14:00:00   4.2348e-02   1.5488e+01   8.0323e-01   0.0000e+00   0.0000e+00   2.5685e+02
20191114_15:00:00   5.5744e-02   1.8909e+01   1.1523e+00   0.0000e+00   0.0000e+00   2.5874e+02
20191114_16:00:00   7.0143e-02   2.2533e+01   1.5233e+00   0.0000e+00   0.0000e+00   2.5895e+02
20191114_17:00:00   8.6892e-02   2.6666e+01   1.9407e+00   0.0000e+00   0.0000e+00   2.5722e+02
20191114_18:00:00   1.0091e-01   3.0036e+01   2.2806e+00   0.0000e+00   0.0000e+00   2.5666e+02
20191114_19:00:00   1.0912e-01   3.1934e+01   2.5053e+00   0.0000e+00   0.0000e+00   2.5564e+02
20191114_20:00:00   1.1176e-01   3.2529e+01   2.5831e+00   0.0000e+00   0.0000e+00   2.5495e+02
20191114_21:00:00   1.0560e-01   3.1028e+01   2.4411e+00   0.0000e+00   0.0000e+00   2.5528e+02
20191114_22:00:00   1.0828e-01   3.1643e+01   2.4889e+00   0.0000e+00   0.0000e+00   2.5471e+02
20191114_23:00:00   1.1209e-01   3.2639e+01   2.5558e+00   0.0000e+00   0.0000e+00   2.5326e+02
20191115_00:00:00   1.0675e-01   3.1429e+01   2.4421e+00   0.0000e+00   0.0000e+00   2.5412e+02
20191115_01:00:00   9.7012e-02   2.9130e+01   2.2231e+00   0.0000e+00   0.0000e+00   2.5519e+02
20191115_02:00:00   9.1065e-02   2.7703e+01   2.0840e+00   0.0000e+00   0.0000e+00   2.5538e+02
20191115_03:00:00   8.6060e-02   2.6494e+01   1.9597e+00   0.0000e+00   8.7540e-06   2.5519e+02
20191115_04:00:00   8.2403e-02   2.5585e+01   1.8809e+00   0.0000e+00   6.3980e-05   2.5424e+02
20191115_05:00:00   8.4055e-02   2.5970e+01   1.9253e+00   0.0000e+00   6.4930e-05   2.5396e+02
20191115_06:00:00   9.0669e-02   2.7540e+01   2.0819e+00   0.0000e+00   6.0450e-05   2.5307e+02
20191115_07:00:00   9.6202e-02   2.8854e+01   2.2083e+00   0.0000e+00   6.6530e-05   2.5297e+02
20191115_08:00:00   9.7617e-02   2.9195e+01   2.2374e+00   0.0000e+00   1.1013e-04   2.5311e+02
20191115_09:00:00   9.5193e-02   2.8628e+01   2.1750e+00   0.0000e+00   1.6719e-04   2.5315e+02
20191115_10:00:00   9.4142e-02   2.8394e+01   2.1425e+00   0.0000e+00   2.1424e-04   2.5322e+02
20191115_11:00:00   9.4190e-02   2.8430e+01   2.1388e+00   0.0000e+00   1.7885e-04   2.5438e+02
20191115_12:00:00   9.4156e-02   2.8431e+01   2.1355e+00   0.0000e+00   1.4827e-04   2.5538e+02
20191115_13:00:00   9.7446e-02   2.9274e+01   2.2156e+00   0.0000e+00   1.5507e-04   2.5425e+02
20191115_14:00:00   1.1246e-01   3.2891e+01   2.5819e+00   0.0000e+00   1.2328e-04   2.5386e+02
20191115_15:00:00   1.3129e-01   3.7280e+01   3.0627e+00   0.0000e+00   6.7220e-05   2.5446e+02
20191115_16:00:00   1.5576e-01   4.2750e+01   3.7156e+00   0.0000e+00   5.1620e-05   2.5485e+02
20191115_17:00:00   1.8682e-01   4.9434e+01   4.3904e+00   2.4623e-03   7.8048e-03   2.5517e+02
20191115_18:00:00   2.1824e-01   5.5952e+01   5.2263e+00   0.0000e+00   1.2895e-01   2.5652e+02
20191115_19:00:00   2.6188e-01   6.4594e+01   6.1624e+00   0.0000e+00   3.5847e-01   2.5762e+02
20191115_20:00:00   2.9696e-01   7.1319e+01   6.9345e+00   0.0000e+00   3.8733e-01   2.5780e+02
20191115_21:00:00   2.8547e-01   6.9132e+01   6.7763e+00   0.0000e+00   1.7813e-01   2.5793e+02
20191115_22:00:00   2.7273e-01   6.6622e+01   6.5514e+00   0.0000e+00   1.2092e-01   2.5829e+02
20191115_23:00:00   2.6836e-01   6.5833e+01   6.4658e+00   0.0000e+00   1.1344e-01   2.5947e+02
20191116_00:00:00   2.8994e-01   7.0041e+01   6.8838e+00   0.0000e+00   1.7720e-01   2.5961e+02
20191116_01:00:00   3.3236e-01   7.8099e+01   7.6416e+00   0.0000e+00   3.6571e-01   2.5899e+02
20191116_02:00:00   3.5471e-01   8.2308e+01   8.0574e+00   0.0000e+00   3.9648e-01   2.5679e+02
20191116_03:00:00   3.4076e-01   7.9734e+01   7.8236e+00   0.0000e+00   2.7957e-01   2.5390e+02
20191116_04:00:00   3.3900e-01   7.9340e+01   7.7183e+00   0.0000e+00   3.9012e-01   2.5416e+02
20191116_05:00:00   3.2421e-01   7.6553e+01   7.4253e+00   2.3220e-05   3.1152e-01   2.5481e+02
20191116_06:00:00   3.2092e-01   7.5874e+01   7.3302e+00   0.0000e+00   3.4575e-01   2.5489e+02
20191116_07:00:00   3.1344e-01   7.4437e+01   7.1854e+00   4.6440e-05   2.7487e-01   2.5808e+02
20191116_08:00:00   3.2346e-01   7.6310e+01   7.1956e+00   3.4440e-03   3.1520e-01   2.6034e+02
20191116_09:00:00   3.0988e-01   7.3693e+01   7.0872e+00   0.0000e+00   2.8890e-01   2.6097e+02
20191116_10:00:00   2.8814e-01   6.9542e+01   6.6854e+00   0.0000e+00   2.1625e-01   2.6109e+02
20191116_11:00:00   2.6650e-01   6.5355e+01   6.2843e+00   0.0000e+00   1.0390e-01   2.6229e+02
20191116_12:00:00   2.5196e-01   6.2526e+01   6.0106e+00   0.0000e+00   2.7846e-02   2.6321e+02
20191116_13:00:00   2.4761e-01   6.1702e+01   5.9312e+00   0.0000e+00   2.1676e-02   2.6214e+02
20191116_14:00:00   2.4573e-01   6.1328e+01   5.9129e+00   0.0000e+00   2.9837e-02   2.6093e+02
20191116_15:00:00   2.5821e-01   6.3811e+01   6.2086e+00   0.0000e+00   5.4185e-02   2.6011e+02
20191116_16:00:00   2.6884e-01   6.5975e+01   6.4059e+00   0.0000e+00   1.2439e-01   2.5904e+02
20191116_17:00:00   2.8230e-01   6.8623e+01   6.6711e+00   0.0000e+00   1.6022e-01   2.5976e+02
20191116_18:00:00   2.9360e-01   7.0590e+01   6.8419e+00   0.0000e+00   3.8343e-01   2.5993e+02
20191116_19:00:00   2.9937e-01   7.1634e+01   7.0183e+00   0.0000e+00   2.6583e-01   2.6021e+02
20191116_20:00:00   2.6606e-01   6.5325e+01   6.3522e+00   0.0000e+00   6.0673e-02   2.6146e+02
20191116_21:00:00   2.4276e-01   6.0613e+01   5.7473e+00   0.0000e+00   2.3764e-02   2.6288e+02
20191116_22:00:00   2.1795e-01   5.5510e+01   5.2210e+00   0.0000e+00   6.3602e-03   2.6294e+02
20191116_23:00:00   2.0957e-01   5.3695e+01   5.0558e+00   0.0000e+00   1.7320e-02   2.6427e+02
20191117_00:00:00   2.0710e-01   5.3055e+01   4.9558e+00   3.0620e-06   1.0091e-01   2.6448e+02
20191117_03:00:00   1.6552e-01   4.4284e+01   3.9835e+00   0.0000e+00   1.0728e-03   2.6415e+02
20191117_06:00:00   1.7052e-01   4.5383e+01   4.0691e+00   0.0000e+00   1.3196e-03   2.6878e+02
20191117_09:00:00   1.2140e-01   3.4387e+01   2.8591e+00   0.0000e+00   0.0000e+00   2.6849e+02
20191117_12:00:00   1.0827e-01   3.1514e+01   2.4830e+00   0.0000e+00   0.0000e+00   2.6696e+02
20191117_15:00:00   1.4735e-01   4.0612e+01   3.4172e+00   0.0000e+00   0.0000e+00   2.6434e+02
20191117_18:00:00   1.5979e-01   4.3277e+01   3.7353e+00   0.0000e+00   0.0000e+00   2.6582e+02
20191117_21:00:00   1.6378e-01   4.3988e+01   3.8472e+00   0.0000e+00   0.0000e+00   2.6624e+02
20191118_00:00:00   1.7018e-01   4.5331e+01   4.0510e+00   0.0000e+00   2.9220e-05   2.6359e+02
20191118_03:00:00   2.0979e-01   5.3596e+01   4.9488e+00   0.0000e+00   6.2450e-02   2.5935e+02
20191118_06:00:00   2.0004e-01   5.1652e+01   4.7397e+00   0.0000e+00   6.2348e-03   2.5869e+02
20191118_09:00:00   1.9149e-01   4.9822e+01   4.5058e+00   0.0000e+00   4.4729e-04   2.5871e+02
20191118_12:00:00   1.7404e-01   4.6279e+01   4.0497e+00   0.0000e+00   0.0000e+00   2.6136e+02
20191118_15:00:00   2.2079e-01   5.5936e+01   4.6625e+00   1.2130e-02   7.7935e-03   2.5985e+02
20191118_18:00:00   2.1871e-01   5.5711e+01   5.1436e+00   0.0000e+00   7.0041e-02   2.6032e+02
20191118_21:00:00   1.9953e-01   5.1586e+01   4.7450e+00   0.0000e+00   3.4288e-04   2.6273e+02
20191119_00:00:00   1.7543e-01   4.6379e+01   4.2081e+00   0.0000e+00   0.0000e+00   2.5885e+02
20191119_03:00:00   1.6624e-01   4.4572e+01   3.8669e+00   0.0000e+00   0.0000e+00   2.5972e+02
20191119_06:00:00   2.3133e-01   5.8415e+01   5.2254e+00   0.0000e+00   1.2207e-02   2.6320e+02
20191119_09:00:00   2.0417e-01   5.2774e+01   4.6470e+00   0.0000e+00   2.3802e-04   2.6264e+02
20191119_12:00:00   1.8680e-01   4.9121e+01   4.2427e+00   0.0000e+00   8.0356e-04   2.6223e+02
20191119_15:00:00   1.8959e-01   4.9855e+01   4.3396e+00   9.2900e-05   1.6442e-03   2.5958e+02
20191119_18:00:00   2.0109e-01   5.2236e+01   4.6705e+00   0.0000e+00   2.0698e-03   2.5950e+02
20191119_21:00:00   2.0656e-01   5.3253e+01   4.4830e+00   5.3441e-03   5.3392e-03   2.6165e+02
20191120_00:00:00   1.4708e-01   4.0397e+01   3.3526e+00   0.0000e+00   0.0000e+00   2.6189e+02
20191120_03:00:00   1.0231e-01   3.0226e+01   2.2626e+00   0.0000e+00   0.0000e+00   2.5955e+02
20191120_06:00:00   1.2050e-01   3.4443e+01   2.6849e+00   0.0000e+00   0.0000e+00   2.6221e+02
20191120_09:00:00   1.5373e-01   4.1919e+01   3.4297e+00   0.0000e+00   1.3080e-04   2.5969e+02
20191120_12:00:00   1.4761e-01   4.0639e+01   3.2776e+00   0.0000e+00   0.0000e+00   2.6013e+02
20191120_15:00:00   1.5984e-01   4.3433e+01   3.6133e+00   0.0000e+00   1.2518e-03   2.6007e+02
20191120_18:00:00   1.9132e-01   5.0242e+01   4.3871e+00   0.0000e+00   1.0919e-02   2.5718e+02
20191120_21:00:00   1.7071e-01   4.5718e+01   3.8945e+00   4.6440e-05   2.9640e-04   2.5527e+02
20191121_00:00:00   9.7724e-02   2.9208e+01   2.1231e+00   0.0000e+00   0.0000e+00   2.5566e+02
20191121_03:00:00   1.0124e-01   3.0060e+01   2.1896e+00   0.0000e+00   0.0000e+00   2.5631e+02
20191121_06:00:00   5.5888e-02   1.8975e+01   1.1141e+00   0.0000e+00   0.0000e+00   2.5784e+02
20191121_09:00:00   4.2606e-02   1.5552e+01   7.9638e-01   0.0000e+00   0.0000e+00   2.6049e+02
20191121_12:00:00   4.6010e-02   1.6438e+01   8.8695e-01   0.0000e+00   0.0000e+00   2.5901e+02
20191121_15:00:00   7.3188e-02   2.3318e+01   1.5760e+00   0.0000e+00   0.0000e+00   2.5612e+02
20191121_18:00:00   1.0777e-01   3.1684e+01   2.4162e+00   0.0000e+00   0.0000e+00   2.5655e+02
20191121_21:00:00   1.1627e-01   3.3497e+01   2.6901e+00   0.0000e+00   0.0000e+00   2.5487e+02
20191122_00:00:00   1.0273e-01   3.0433e+01   2.3188e+00   0.0000e+00   0.0000e+00   2.5216e+02
20191122_03:00:00   1.1774e-01   3.3982e+01   2.7046e+00   0.0000e+00   0.0000e+00   2.5193e+02
20191122_06:00:00   1.1983e-01   3.4527e+01   2.7313e+00   0.0000e+00   0.0000e+00   2.5535e+02
20191122_09:00:00   1.2073e-01   3.4683e+01   2.7709e+00   0.0000e+00   0.0000e+00   2.5314e+02
20191122_12:00:00   1.5134e-01   4.1606e+01   3.5122e+00   0.0000e+00   0.0000e+00   2.5445e+02
20191122_15:00:00   1.7969e-01   4.8107e+01   4.1687e+00   0.0000e+00   5.6120e-04   2.5345e+02
20191122_18:00:00   1.7689e-01   4.7383e+01   4.1673e+00   0.0000e+00   1.6079e-03   2.5479e+02
20191122_21:00:00   1.3633e-01   3.8222e+01   3.1656e+00   0.0000e+00   0.0000e+00   2.5427e+02
20191123_00:00:00   1.0796e-01   3.1738e+01   2.4950e+00   0.0000e+00   0.0000e+00   2.5409e+02
20191123_03:00:00   1.1650e-01   3.3749e+01   2.6969e+00   0.0000e+00   0.0000e+00   2.5421e+02
20191123_06:00:00   1.1070e-01   3.2391e+01   2.5506e+00   0.0000e+00   0.0000e+00   2.5636e+02
20191123_09:00:00   1.0090e-01   3.0101e+01   2.2959e+00   0.0000e+00   0.0000e+00   2.5657e+02
20191123_12:00:00   8.5319e-02   2.6397e+01   1.9082e+00   0.0000e+00   0.0000e+00   2.5847e+02
20191123_15:00:00   1.0363e-01   3.0856e+01   2.3996e+00   0.0000e+00   0.0000e+00   2.5923e+02
20191123_18:00:00   1.2907e-01   3.6674e+01   3.1022e+00   0.0000e+00   0.0000e+00   2.5902e+02
20191123_21:00:00   1.1457e-01   3.3273e+01   2.7224e+00   0.0000e+00   0.0000e+00   2.5483e+02
20191124_00:00:00   1.1418e-01   3.3121e+01   2.7517e+00   0.0000e+00   0.0000e+00   2.5646e+02
20191124_03:00:00   1.1830e-01   3.4075e+01   2.8184e+00   0.0000e+00   0.0000e+00   2.5580e+02
20191124_06:00:00   1.7700e-01   4.7479e+01   4.1456e+00   0.0000e+00   7.7090e-09   2.5639e+02
20191124_09:00:00   1.6262e-01   4.4301e+01   3.8079e+00   0.0000e+00   1.4968e-06   2.5723e+02
20191124_12:00:00   1.4103e-01   3.9588e+01   3.2533e+00   0.0000e+00   1.4863e-06   2.5738e+02
20191124_15:00:00   1.5892e-01   4.3701e+01   3.7188e+00   0.0000e+00   2.9730e-06   2.5674e+02
20191124_18:00:00   1.3815e-01   3.8998e+01   3.2268e+00   0.0000e+00   1.6302e-06   2.5603e+02
20191124_21:00:00   9.2030e-02   2.7997e+01   2.0759e+00   0.0000e+00   0.0000e+00   2.5495e+02
20191125_00:00:00   7.4294e-02   2.3651e+01   1.6397e+00   0.0000e+00   0.0000e+00   2.5539e+02
20191125_03:00:00   6.9788e-02   2.2552e+01   1.5301e+00   0.0000e+00   6.2350e-07   2.5376e+02
20191125_06:00:00   5.9124e-02   1.9811e+01   1.2629e+00   0.0000e+00   0.0000e+00   2.5590e+02
20191125_09:00:00   5.0171e-02   1.7529e+01   1.0290e+00   0.0000e+00   0.0000e+00   2.5566e+02
20191125_12:00:00   3.6527e-02   1.3963e+01   6.7740e-01   0.0000e+00   0.0000e+00   2.5623e+02
20191125_15:00:00   3.6162e-02   1.3889e+01   6.6689e-01   0.0000e+00   0.0000e+00   2.5307e+02
20191125_18:00:00   4.4182e-02   1.6014e+01   8.6779e-01   0.0000e+00   0.0000e+00   2.5294e+02
20191125_21:00:00   4.9492e-02   1.7337e+01   1.0054e+00   0.0000e+00   0.0000e+00   2.5095e+02
20191126_00:00:00   3.6839e-02   1.4051e+01   6.7999e-01   0.0000e+00   0.0000e+00   2.5172e+02
20191126_03:00:00   2.8240e-02   1.1747e+01   4.7220e-01   0.0000e+00   0.0000e+00   2.5238e+02
20191126_06:00:00   2.6807e-02   1.1339e+01   4.3431e-01   0.0000e+00   0.0000e+00   2.5143e+02
20191126_09:00:00   2.7468e-02   1.1505e+01   4.5230e-01   0.0000e+00   0.0000e+00   2.5501e+02
20191126_12:00:00   2.7649e-02   1.1550e+01   4.5622e-01   0.0000e+00   1.4864e-05   2.5495e+02
20191126_15:00:00   4.2398e-02   1.5541e+01   8.3309e-01   0.0000e+00   3.3580e-04   2.5327e+02
20191126_18:00:00   5.1450e-02   1.7916e+01   1.0546e+00   0.0000e+00   6.2700e-04   2.5278e+02
20191126_21:00:00   5.2149e-02   1.8059e+01   1.0714e+00   0.0000e+00   0.0000e+00   2.5289e+02
20191127_00:00:00   4.5269e-02   1.6313e+01   8.8185e-01   0.0000e+00   0.0000e+00   2.5232e+02
20191127_03:00:00   3.2704e-02   1.2986e+01   5.8121e-01   0.0000e+00   0.0000e+00   2.5329e+02
20191127_06:00:00   2.6701e-02   1.1325e+01   4.2944e-01   0.0000e+00   0.0000e+00   2.5456e+02
20191127_09:00:00   2.5450e-02   1.0964e+01   3.9912e-01   0.0000e+00   0.0000e+00   2.5698e+02
20191127_12:00:00   2.4914e-02   1.0808e+01   3.8517e-01   0.0000e+00   3.8540e-08   2.5703e+02
20191127_15:00:00   3.5245e-02   1.3633e+01   6.5541e-01   0.0000e+00   0.0000e+00   2.5583e+02
20191127_18:00:00   3.7809e-02   1.4351e+01   7.1732e-01   0.0000e+00   0.0000e+00   2.5524e+02
20191127_21:00:00   3.8197e-02   1.4450e+01   7.2111e-01   0.0000e+00   0.0000e+00   2.5380e+02
20191128_00:00:00   4.3718e-02   1.5945e+01   8.4923e-01   0.0000e+00   0.0000e+00   2.5324e+02
