#            date       tau225        Tb[K]      pwv[mm] lwp[kg*m^-2] iwp[kg*m^-2]       o3[DU]
20191010_06:00:00   4.5527e-02   1.6329e+01   8.5402e-01   0.0000e+00   0.0000e+00   2.5940e+02
20191010_07:00:00   0.0000e+00   0.0000e+00   0.0000e+00   0.0000e+00   0.0000e+00   0.0000e+00
20191010_08:00:00   0.0000e+00   0.0000e+00   0.0000e+00   0.0000e+00   0.0000e+00   0.0000e+00
20191010_09:00:00   3.0891e-02   1.2269e+01   5.5225e-01   0.0000e+00   0.0000e+00   2.6099e+02
20191010_10:00:00   3.0427e-02   1.2148e+01   5.3930e-01   0.0000e+00   5.9450e-06   2.6067e+02
20191010_11:00:00   3.0663e-02   1.2207e+01   5.4667e-01   0.0000e+00   0.0000e+00   2.6034e+02
20191010_12:00:00   3.1334e-02   1.2398e+01   5.6258e-01   0.0000e+00   0.0000e+00   2.6036e+02
20191010_13:00:00   0.0000e+00   2.7000e+00   0.0000e+00   0.0000e+00   0.0000e+00   0.0000e+00
20191010_14:00:00   0.0000e+00   0.0000e+00   0.0000e+00   0.0000e+00   0.0000e+00   0.0000e+00
20191010_16:00:00   4.8672e-02   1.7030e+01   1.0096e+00   0.0000e+00   0.0000e+00   2.6216e+02
20191010_17:00:00   0.0000e+00   0.0000e+00   0.0000e+00   0.0000e+00   0.0000e+00   0.0000e+00
20191010_18:00:00   6.1684e-02   2.0307e+01   1.3531e+00   0.0000e+00   0.0000e+00   2.6001e+02
20191010_19:00:00   6.8083e-02   2.1840e+01   1.5294e+00   0.0000e+00   0.0000e+00   2.5974e+02
20191010_20:00:00   7.5778e-02   2.3634e+01   1.7394e+00   0.0000e+00   0.0000e+00   2.5971e+02
20191010_21:00:00   0.0000e+00   0.0000e+00   0.0000e+00   0.0000e+00   0.0000e+00   0.0000e+00
20191010_22:00:00   6.5911e-02   2.1421e+01   1.4462e+00   0.0000e+00   0.0000e+00   2.5946e+02
20191010_23:00:00   4.9623e-02   1.7317e+01   1.0209e+00   0.0000e+00   0.0000e+00   2.5907e+02
20191011_00:00:00   4.6571e-02   1.6475e+01   9.5430e-01   0.0000e+00   0.0000e+00   2.5980e+02
20191011_01:00:00   6.2315e-02   2.0326e+01   1.3887e+00   0.0000e+00   0.0000e+00   2.6023e+02
20191011_02:00:00   8.2136e-02   2.5025e+01   1.9179e+00   0.0000e+00   0.0000e+00   2.6027e+02
20191011_03:00:00   0.0000e+00   0.0000e+00   0.0000e+00   0.0000e+00   0.0000e+00   0.0000e+00
20191011_04:00:00   6.6618e-02   2.1426e+01   1.4829e+00   0.0000e+00   0.0000e+00   2.5861e+02
20191011_05:00:00   0.0000e+00   0.0000e+00   0.0000e+00   0.0000e+00   0.0000e+00   0.0000e+00
20191011_06:00:00   5.5365e-02   1.8722e+01   1.1695e+00   0.0000e+00   4.9570e-06   2.5950e+02
20191011_08:00:00   0.0000e+00   0.0000e+00   0.0000e+00   0.0000e+00   0.0000e+00   0.0000e+00
20191011_09:00:00   0.0000e+00   0.0000e+00   0.0000e+00   0.0000e+00   0.0000e+00   0.0000e+00
20191011_10:00:00   6.7958e-02   2.1700e+01   1.5217e+00   0.0000e+00   0.0000e+00   2.6093e+02
20191011_11:00:00   6.6910e-02   2.1469e+01   1.4905e+00   0.0000e+00   0.0000e+00   2.6266e+02
20191011_12:00:00   0.0000e+00   2.7000e+00   0.0000e+00   0.0000e+00   0.0000e+00   0.0000e+00
20191011_13:00:00   6.8991e-02   2.2039e+01   1.5359e+00   0.0000e+00   0.0000e+00   2.6114e+02
20191011_14:00:00   7.7006e-02   2.4053e+01   1.7338e+00   0.0000e+00   0.0000e+00   2.6052e+02
20191011_15:00:00   8.9931e-02   2.7218e+01   2.0596e+00   0.0000e+00   0.0000e+00   2.6083e+02
20191011_16:00:00   1.0516e-01   3.0814e+01   2.4538e+00   0.0000e+00   0.0000e+00   2.6108e+02
20191011_17:00:00   1.1969e-01   3.4136e+01   2.8403e+00   0.0000e+00   3.9015e-05   2.6149e+02
20191011_18:00:00   1.3333e-01   3.7156e+01   3.2003e+00   9.2900e-05   1.1753e-02   2.6169e+02
20191011_19:00:00   1.3684e-01   3.7850e+01   3.3052e+00   0.0000e+00   9.5950e-03   2.6078e+02
20191011_20:00:00   1.2820e-01   3.5875e+01   3.1001e+00   0.0000e+00   8.4550e-05   2.6011e+02
20191011_21:00:00   9.7042e-02   2.8809e+01   2.2800e+00   0.0000e+00   0.0000e+00   2.5983e+02
20191011_22:00:00   0.0000e+00   0.0000e+00   0.0000e+00   0.0000e+00   0.0000e+00   0.0000e+00
20191011_23:00:00   0.0000e+00   0.0000e+00   0.0000e+00   0.0000e+00   0.0000e+00   0.0000e+00
20191012_00:00:00   1.2516e-01   3.5131e+01   3.0086e+00   3.7160e-04   3.2700e-03   2.6053e+02
20191012_01:00:00   0.0000e+00   0.0000e+00   0.0000e+00   0.0000e+00   0.0000e+00   0.0000e+00
20191012_02:00:00   3.1447e-01   7.7569e+01   7.0904e+00   0.0000e+00   9.6210e-03   2.6333e+02
20191012_03:00:00   1.8240e-01   4.8665e+01   4.2687e+00   0.0000e+00   0.0000e+00   2.6173e+02
20191012_04:00:00   0.0000e+00   0.0000e+00   0.0000e+00   0.0000e+00   0.0000e+00   0.0000e+00
20191012_05:00:00   1.3178e-01   3.6923e+01   3.0996e+00   0.0000e+00   0.0000e+00   2.6029e+02
20191012_06:00:00   0.0000e+00   0.0000e+00   0.0000e+00   0.0000e+00   0.0000e+00   0.0000e+00
20191012_07:00:00   5.4041e-01   1.1763e+02   1.0951e+01   0.0000e+00   2.7340e-07   2.6219e+02
20191012_08:00:00   0.0000e+00   0.0000e+00   0.0000e+00   0.0000e+00   0.0000e+00   0.0000e+00
20191012_09:00:00   1.3408e-01   3.7525e+01   3.1288e+00   0.0000e+00   0.0000e+00   2.5932e+02
20191012_10:00:00   0.0000e+00   0.0000e+00   0.0000e+00   0.0000e+00   0.0000e+00   0.0000e+00
20191012_11:00:00   1.2635e-01   3.5801e+01   2.9302e+00   0.0000e+00   0.0000e+00   2.6029e+02
20191012_12:00:00   0.0000e+00   0.0000e+00   0.0000e+00   0.0000e+00   0.0000e+00   0.0000e+00
20191012_13:00:00   0.0000e+00   0.0000e+00   0.0000e+00   0.0000e+00   0.0000e+00   0.0000e+00
20191012_14:00:00   0.0000e+00   0.0000e+00   0.0000e+00   0.0000e+00   0.0000e+00   0.0000e+00
20191012_15:00:00   0.0000e+00   0.0000e+00   0.0000e+00   0.0000e+00   0.0000e+00   0.0000e+00
20191012_16:00:00   1.4917e-01   4.0971e+01   3.5245e+00   0.0000e+00   1.3376e-04   2.5974e+02
20191012_17:00:00   0.0000e+00   0.0000e+00   0.0000e+00   0.0000e+00   0.0000e+00   0.0000e+00
20191012_18:00:00   1.5615e-01   4.2559e+01   3.6935e+00   0.0000e+00   1.4120e-04   2.6145e+02
20191012_19:00:00   1.8903e-01   4.9777e+01   4.5346e+00   0.0000e+00   7.0635e-03   2.6309e+02
20191012_20:00:00   0.0000e+00   0.0000e+00   0.0000e+00   0.0000e+00   0.0000e+00   0.0000e+00
20191012_21:00:00   0.0000e+00   0.0000e+00   0.0000e+00   0.0000e+00   0.0000e+00   0.0000e+00
20191012_22:00:00   1.2995e-01   3.6643e+01   3.0348e+00   0.0000e+00   0.0000e+00   2.6445e+02
20191012_23:00:00   1.3198e-01   3.6914e+01   3.1559e+00   0.0000e+00   0.0000e+00   2.6290e+02
20191013_00:00:00   1.5231e-01   4.1247e+01   3.6942e+00   0.0000e+00   1.1804e-03   2.6165e+02
20191013_01:00:00   0.0000e+00   0.0000e+00   0.0000e+00   0.0000e+00   0.0000e+00   0.0000e+00
20191013_04:00:00   0.0000e+00   0.0000e+00   0.0000e+00   0.0000e+00   0.0000e+00   0.0000e+00
20191013_05:00:00   1.0394e-01   3.0649e+01   2.3572e+00   0.0000e+00   0.0000e+00   2.5850e+02
20191013_06:00:00   0.0000e+00   0.0000e+00   0.0000e+00   0.0000e+00   0.0000e+00   0.0000e+00
20191013_07:00:00   0.0000e+00   0.0000e+00   0.0000e+00   0.0000e+00   0.0000e+00   0.0000e+00
20191013_08:00:00   1.1442e-01   3.3023e+01   2.6298e+00   0.0000e+00   0.0000e+00   2.5756e+02
20191013_09:00:00   1.1820e-01   3.3896e+01   2.7158e+00   0.0000e+00   0.0000e+00   2.5720e+02
20191013_10:00:00   1.2241e-01   3.4840e+01   2.8118e+00   0.0000e+00   0.0000e+00   2.5830e+02
20191013_11:00:00   1.2568e-01   3.5590e+01   2.8895e+00   0.0000e+00   0.0000e+00   2.5876e+02
20191013_12:00:00   1.3422e-01   3.7498e+01   3.1005e+00   0.0000e+00   0.0000e+00   2.5910e+02
20191013_13:00:00   0.0000e+00   0.0000e+00   0.0000e+00   0.0000e+00   0.0000e+00   0.0000e+00
20191013_14:00:00   0.0000e+00   0.0000e+00   0.0000e+00   0.0000e+00   0.0000e+00   0.0000e+00
20191013_16:00:00   0.0000e+00   0.0000e+00   0.0000e+00   0.0000e+00   0.0000e+00   0.0000e+00
20191013_17:00:00   1.6768e-01   4.4994e+01   3.9380e+00   0.0000e+00   1.4120e-04   2.5461e+02
20191013_18:00:00   0.0000e+00   0.0000e+00   0.0000e+00   0.0000e+00   0.0000e+00   0.0000e+00
20191013_19:00:00   1.3887e-01   3.8630e+01   3.2301e+00   0.0000e+00   0.0000e+00   2.5593e+02
20191013_20:00:00   0.0000e+00   2.7000e+00   0.0000e+00   0.0000e+00   0.0000e+00   0.0000e+00
20191013_21:00:00   1.4534e-01   3.9909e+01   3.4227e+00   0.0000e+00   0.0000e+00   2.5707e+02
20191013_22:00:00   0.0000e+00   0.0000e+00   0.0000e+00   0.0000e+00   0.0000e+00   0.0000e+00
20191013_23:00:00   0.0000e+00   0.0000e+00   0.0000e+00   0.0000e+00   0.0000e+00   0.0000e+00
20191014_00:00:00   1.5045e-01   4.1096e+01   3.4692e+00   0.0000e+00   0.0000e+00   2.5781e+02
20191014_01:00:00   1.3955e-01   3.8682e+01   3.2106e+00   0.0000e+00   0.0000e+00   2.5927e+02
20191014_02:00:00   1.3492e-01   3.7692e+01   3.0917e+00   0.0000e+00   0.0000e+00   2.5996e+02
20191014_04:00:00   0.0000e+00   2.7000e+00   0.0000e+00   0.0000e+00   0.0000e+00   0.0000e+00
20191014_05:00:00   1.4516e-01   3.9972e+01   3.2450e+00   0.0000e+00   0.0000e+00   2.6088e+02
20191014_06:00:00   0.0000e+00   0.0000e+00   0.0000e+00   0.0000e+00   0.0000e+00   0.0000e+00
20191014_07:00:00   1.1603e-01   3.3305e+01   2.5605e+00   0.0000e+00   0.0000e+00   2.6277e+02
20191014_08:00:00   1.2336e-01   3.4936e+01   2.7237e+00   0.0000e+00   0.0000e+00   2.6324e+02
20191014_09:00:00   1.1673e-01   3.3433e+01   2.5544e+00   0.0000e+00   0.0000e+00   2.6396e+02
20191014_10:00:00   0.0000e+00   2.7000e+00   0.0000e+00   0.0000e+00   0.0000e+00   0.0000e+00
20191014_11:00:00   1.1750e-01   3.3547e+01   2.5817e+00   0.0000e+00   0.0000e+00   2.6422e+02
20191014_12:00:00   1.1330e-01   3.2581e+01   2.4955e+00   0.0000e+00   0.0000e+00   2.6431e+02
20191014_13:00:00   0.0000e+00   0.0000e+00   0.0000e+00   0.0000e+00   0.0000e+00   0.0000e+00
20191014_14:00:00   1.1884e-01   3.3785e+01   2.6842e+00   0.0000e+00   0.0000e+00   2.6344e+02
20191014_15:00:00   1.2069e-01   3.4197e+01   2.7548e+00   0.0000e+00   0.0000e+00   2.6449e+02
20191014_16:00:00   0.0000e+00   0.0000e+00   0.0000e+00   0.0000e+00   0.0000e+00   0.0000e+00
20191014_17:00:00   1.2689e-01   3.5625e+01   2.9010e+00   0.0000e+00   0.0000e+00   2.6451e+02
20191014_18:00:00   1.3054e-01   3.6460e+01   2.9898e+00   0.0000e+00   0.0000e+00   2.6296e+02
20191014_19:00:00   1.3807e-01   3.8172e+01   3.1514e+00   0.0000e+00   4.8180e-07   2.6243e+02
20191014_20:00:00   1.4076e-01   3.8763e+01   3.2138e+00   0.0000e+00   0.0000e+00   2.6325e+02
20191014_21:00:00   1.3370e-01   3.7203e+01   3.0402e+00   0.0000e+00   0.0000e+00   2.6325e+02
20191014_22:00:00   1.3057e-01   3.6462e+01   2.9525e+00   0.0000e+00   0.0000e+00   2.6331e+02
20191014_23:00:00   1.1777e-01   3.3537e+01   2.6410e+00   0.0000e+00   0.0000e+00   2.6295e+02
20191015_00:00:00   1.0490e-01   3.0560e+01   2.3369e+00   0.0000e+00   0.0000e+00   2.6321e+02
20191015_01:00:00   9.5516e-02   2.8390e+01   2.1180e+00   0.0000e+00   0.0000e+00   2.6383e+02
20191015_02:00:00   0.0000e+00   2.7000e+00   0.0000e+00   0.0000e+00   0.0000e+00   0.0000e+00
20191015_04:00:00   0.0000e+00   0.0000e+00   0.0000e+00   0.0000e+00   0.0000e+00   0.0000e+00
20191015_05:00:00   7.9226e-02   2.4554e+01   1.7204e+00   0.0000e+00   0.0000e+00   2.6223e+02
20191015_06:00:00   0.0000e+00   0.0000e+00   0.0000e+00   0.0000e+00   0.0000e+00   0.0000e+00
20191015_09:00:00   6.6739e-02   2.1457e+01   1.4328e+00   0.0000e+00   0.0000e+00   2.6315e+02
20191015_12:00:00   6.5290e-02   2.1075e+01   1.4130e+00   0.0000e+00   0.0000e+00   2.6201e+02
20191015_15:00:00   6.7553e-02   2.1673e+01   1.4720e+00   0.0000e+00   0.0000e+00   2.6321e+02
20191015_18:00:00   8.9879e-02   2.7137e+01   2.0207e+00   0.0000e+00   0.0000e+00   2.6131e+02
20191015_21:00:00   9.6659e-02   2.8652e+01   2.1821e+00   0.0000e+00   0.0000e+00   2.6362e+02
20191016_00:00:00   7.5686e-02   2.3585e+01   1.6680e+00   0.0000e+00   0.0000e+00   2.6204e+02
20191016_03:00:00   0.0000e+00   0.0000e+00   0.0000e+00   0.0000e+00   0.0000e+00   0.0000e+00
20191016_06:00:00   5.7044e-02   1.8984e+01   1.2267e+00   0.0000e+00   0.0000e+00   2.5853e+02
20191016_09:00:00   4.9368e-02   1.7063e+01   1.0252e+00   0.0000e+00   0.0000e+00   2.5924e+02
20191016_12:00:00   5.0521e-02   1.7347e+01   1.0537e+00   0.0000e+00   0.0000e+00   2.5867e+02
20191016_15:00:00   5.6503e-02   1.8873e+01   1.2093e+00   0.0000e+00   0.0000e+00   2.5671e+02
20191016_18:00:00   7.4544e-02   2.3370e+01   1.6555e+00   0.0000e+00   0.0000e+00   2.5632e+02
20191016_21:00:00   8.0100e-02   2.4695e+01   1.7835e+00   0.0000e+00   0.0000e+00   2.5453e+02
20191017_00:00:00   0.0000e+00   0.0000e+00   0.0000e+00   0.0000e+00   0.0000e+00   0.0000e+00
20191017_06:00:00   4.5053e-02   1.5979e+01   9.1909e-01   0.0000e+00   0.0000e+00   2.5484e+02
20191017_09:00:00   4.5895e-02   1.6161e+01   9.4577e-01   0.0000e+00   0.0000e+00   2.5415e+02
20191017_12:00:00   0.0000e+00   0.0000e+00   0.0000e+00   0.0000e+00   0.0000e+00   0.0000e+00
20191017_15:00:00   4.8162e-02   1.6738e+01   1.0021e+00   0.0000e+00   5.4862e-04   2.5253e+02
20191017_18:00:00   0.0000e+00   0.0000e+00   0.0000e+00   0.0000e+00   0.0000e+00   0.0000e+00
20191017_21:00:00   0.0000e+00   0.0000e+00   0.0000e+00   0.0000e+00   0.0000e+00   0.0000e+00
20191018_00:00:00   5.8211e-02   1.9314e+01   1.2100e+00   0.0000e+00   0.0000e+00   2.5281e+02
20191018_03:00:00   4.5538e-02   1.6086e+01   9.2195e-01   0.0000e+00   9.9460e-04   2.5273e+02
20191018_06:00:00   3.8693e-02   1.4303e+01   7.4882e-01   0.0000e+00   1.3586e-04   2.5141e+02
20191018_09:00:00   0.0000e+00   0.0000e+00   0.0000e+00   0.0000e+00   0.0000e+00   0.0000e+00
20191018_12:00:00   3.7820e-02   1.4045e+01   7.4299e-01   0.0000e+00   2.4891e-06   2.5389e+02
20191018_15:00:00   4.5505e-02   1.6052e+01   9.3287e-01   0.0000e+00   1.1870e-04   2.5396e+02
20191018_18:00:00   0.0000e+00   0.0000e+00   0.0000e+00   0.0000e+00   0.0000e+00   0.0000e+00
20191018_21:00:00   7.7332e-02   2.3938e+01   1.6850e+00   0.0000e+00   1.8090e-07   2.5326e+02
20191019_00:00:00   6.6801e-02   2.1327e+01   1.4059e+00   0.0000e+00   9.3100e-06   2.5250e+02
20191019_03:00:00   5.1491e-02   1.7524e+01   1.0569e+00   0.0000e+00   4.9222e-04   2.5001e+02
20191019_06:00:00   4.0338e-02   1.4639e+01   8.0139e-01   0.0000e+00   5.4259e-03   2.5148e+02
20191019_09:00:00   4.2472e-02   1.5192e+01   8.4029e-01   0.0000e+00   1.1310e-03   2.5182e+02
20191019_12:00:00   4.0158e-02   1.4687e+01   7.5301e-01   0.0000e+00   0.0000e+00   2.5502e+02
20191019_15:00:00   7.1551e-02   2.2531e+01   1.4691e+00   0.0000e+00   0.0000e+00   2.5363e+02
20191019_18:00:00   6.8442e-02   2.1738e+01   1.4254e+00   0.0000e+00   3.0160e-05   2.5641e+02
20191019_21:00:00   0.0000e+00   0.0000e+00   0.0000e+00   0.0000e+00   0.0000e+00   0.0000e+00
20191020_00:00:00   0.0000e+00   0.0000e+00   0.0000e+00   0.0000e+00   0.0000e+00   0.0000e+00
20191020_03:00:00   0.0000e+00   0.0000e+00   0.0000e+00   0.0000e+00   0.0000e+00   0.0000e+00
20191020_06:00:00   2.3718e-02   1.0350e+01   3.3657e-01   0.0000e+00   0.0000e+00   2.6238e+02
20191020_09:00:00   2.4900e-02   1.0628e+01   3.7326e-01   0.0000e+00   0.0000e+00   2.6237e+02
20191020_12:00:00   2.6315e-02   1.0968e+01   4.1463e-01   0.0000e+00   0.0000e+00   2.6722e+02
20191020_18:00:00   4.1883e-02   1.5016e+01   8.0843e-01   0.0000e+00   0.0000e+00   2.6607e+02
20191020_21:00:00   5.5557e-02   1.8443e+01   1.1501e+00   0.0000e+00   0.0000e+00   2.6828e+02
20191021_00:00:00   4.9767e-02   1.6963e+01   1.0164e+00   0.0000e+00   0.0000e+00   2.6880e+02
20191021_03:00:00   4.3230e-02   1.5303e+01   8.5980e-01   0.0000e+00   0.0000e+00   2.6956e+02
20191021_06:00:00   4.6837e-02   1.6199e+01   9.5013e-01   0.0000e+00   0.0000e+00   2.6997e+02
20191021_09:00:00   0.0000e+00   0.0000e+00   0.0000e+00   0.0000e+00   0.0000e+00   0.0000e+00
20191021_12:00:00   0.0000e+00   0.0000e+00   0.0000e+00   0.0000e+00   0.0000e+00   0.0000e+00
20191021_15:00:00   0.0000e+00   2.7000e+00   0.0000e+00   0.0000e+00   0.0000e+00   0.0000e+00
20191021_18:00:00   5.5544e-02   1.8578e+01   1.1307e+00   0.0000e+00   0.0000e+00   2.7094e+02
20191021_21:00:00   5.5273e-02   1.8468e+01   1.1472e+00   0.0000e+00   0.0000e+00   2.6789e+02
20191022_00:00:00   5.3329e-02   1.7972e+01   1.0998e+00   0.0000e+00   0.0000e+00   2.6892e+02
20191022_03:00:00   5.4916e-02   1.8360e+01   1.1542e+00   0.0000e+00   0.0000e+00   2.6727e+02
20191022_06:00:00   5.1834e-02   1.7589e+01   1.0805e+00   0.0000e+00   0.0000e+00   2.6620e+02
20191022_09:00:00   4.8129e-02   1.6707e+01   9.7228e-01   0.0000e+00   0.0000e+00   2.6573e+02
20191022_12:00:00   0.0000e+00   0.0000e+00   0.0000e+00   0.0000e+00   0.0000e+00   0.0000e+00
20191022_18:00:00   4.9496e-02   1.7124e+01   9.9727e-01   0.0000e+00   0.0000e+00   2.6476e+02
20191022_21:00:00   6.1006e-02   1.9958e+01   1.2920e+00   0.0000e+00   0.0000e+00   2.6673e+02
20191023_00:00:00   5.6035e-02   1.8653e+01   1.1906e+00   0.0000e+00   0.0000e+00   2.6554e+02
20191023_03:00:00   6.0704e-02   1.9811e+01   1.3215e+00   0.0000e+00   0.0000e+00   2.6482e+02
20191023_09:00:00   0.0000e+00   0.0000e+00   0.0000e+00   0.0000e+00   0.0000e+00   0.0000e+00
20191023_12:00:00   7.0553e-02   2.2254e+01   1.5616e+00   0.0000e+00   0.0000e+00   2.6586e+02
20191023_15:00:00   0.0000e+00   2.7000e+00   0.0000e+00   0.0000e+00   0.0000e+00   0.0000e+00
20191023_18:00:00   0.0000e+00   0.0000e+00   0.0000e+00   0.0000e+00   0.0000e+00   0.0000e+00
20191023_21:00:00   0.0000e+00   2.7000e+00   0.0000e+00   0.0000e+00   0.0000e+00   0.0000e+00
20191024_00:00:00   6.4480e-02   2.0796e+01   1.4092e+00   0.0000e+00   1.3028e-05   2.6703e+02
20191024_03:00:00   6.2563e-02   2.0271e+01   1.3815e+00   0.0000e+00   5.6340e-05   2.6168e+02
20191024_06:00:00   6.6284e-02   2.1089e+01   1.4950e+00   0.0000e+00   0.0000e+00   2.5918e+02
20191024_12:00:00   0.0000e+00   0.0000e+00   0.0000e+00   0.0000e+00   0.0000e+00   0.0000e+00
20191024_15:00:00   4.3255e-02   1.5428e+01   8.9096e-01   0.0000e+00   0.0000e+00   2.6208e+02
20191024_18:00:00   4.5513e-02   1.6008e+01   9.5123e-01   0.0000e+00   0.0000e+00   2.6237e+02
20191024_21:00:00   0.0000e+00   0.0000e+00   0.0000e+00   0.0000e+00   0.0000e+00   0.0000e+00
20191025_00:00:00   0.0000e+00   0.0000e+00   0.0000e+00   0.0000e+00   0.0000e+00   0.0000e+00
20191025_03:00:00   0.0000e+00   2.7000e+00   0.0000e+00   0.0000e+00   0.0000e+00   0.0000e+00
20191025_06:00:00   0.0000e+00   0.0000e+00   0.0000e+00   0.0000e+00   0.0000e+00   0.0000e+00
20191025_09:00:00   3.3451e-02   1.2885e+01   6.2992e-01   0.0000e+00   0.0000e+00   2.5868e+02
20191025_12:00:00   0.0000e+00   2.7000e+00   0.0000e+00   0.0000e+00   0.0000e+00   0.0000e+00
20191025_15:00:00   0.0000e+00   0.0000e+00   0.0000e+00   0.0000e+00   0.0000e+00   0.0000e+00
20191025_18:00:00   3.7953e-02   1.4105e+01   7.3978e-01   0.0000e+00   0.0000e+00   2.6575e+02
20191025_21:00:00   5.2343e-02   1.7855e+01   1.0960e+00   0.0000e+00   0.0000e+00   2.6592e+02
20191026_03:00:00   0.0000e+00   0.0000e+00   0.0000e+00   0.0000e+00   0.0000e+00   0.0000e+00
20191026_06:00:00   1.0854e-01   3.2652e+01   2.1379e+00   0.0000e+00   1.5989e-05   2.6905e+02
