#            date       tau225        Tb[K]      pwv[mm] lwp[kg*m^-2] iwp[kg*m^-2]       o3[DU]
20191107_12:00:00   7.2014e-02   2.2942e+01   1.6344e+00   0.0000e+00   7.1240e-06   2.4629e+02
20191107_13:00:00   7.6083e-02   2.3996e+01   1.7270e+00   0.0000e+00   2.3140e-05   2.4630e+02
20191107_14:00:00   7.3882e-02   2.3452e+01   1.6732e+00   0.0000e+00   2.4540e-04   2.4807e+02
20191107_15:00:00   6.3337e-02   2.0832e+01   1.3952e+00   0.0000e+00   3.7260e-04   2.5044e+02
20191107_16:00:00   5.7441e-02   1.9360e+01   1.2338e+00   0.0000e+00   1.1418e-04   2.5069e+02
20191107_17:00:00   6.4115e-02   2.1071e+01   1.3958e+00   0.0000e+00   1.6086e-05   2.5037e+02
20191107_18:00:00   8.5536e-02   2.6416e+01   1.9269e+00   0.0000e+00   4.2260e-07   2.5073e+02
20191107_19:00:00   1.1366e-01   3.3204e+01   2.6081e+00   0.0000e+00   0.0000e+00   2.5022e+02
20191107_20:00:00   1.2790e-01   3.6531e+01   2.9580e+00   0.0000e+00   0.0000e+00   2.5063e+02
20191107_21:00:00   1.3557e-01   3.8256e+01   3.1595e+00   0.0000e+00   0.0000e+00   2.5247e+02
20191107_22:00:00   1.2801e-01   3.6529e+01   2.9458e+00   3.9620e-04   0.0000e+00   2.5147e+02
20191107_23:00:00   1.1515e-01   3.3524e+01   2.6574e+00   0.0000e+00   0.0000e+00   2.5036e+02
20191108_00:00:00   9.7536e-02   2.9312e+01   2.2418e+00   0.0000e+00   0.0000e+00   2.5157e+02
20191108_01:00:00   7.7863e-02   2.4497e+01   1.7521e+00   0.0000e+00   0.0000e+00   2.5098e+02
20191108_02:00:00   6.0646e-02   2.0190e+01   1.3123e+00   0.0000e+00   0.0000e+00   2.4964e+02
20191108_03:00:00   5.4744e-02   1.8694e+01   1.1569e+00   0.0000e+00   0.0000e+00   2.4972e+02
20191108_04:00:00   5.4782e-02   1.8705e+01   1.1561e+00   0.0000e+00   0.0000e+00   2.4958e+02
20191108_05:00:00   5.3511e-02   1.8371e+01   1.1270e+00   0.0000e+00   0.0000e+00   2.4921e+02
20191108_06:00:00   5.3839e-02   1.8433e+01   1.1411e+00   0.0000e+00   0.0000e+00   2.4795e+02
20191108_07:00:00   5.5551e-02   1.8849e+01   1.1933e+00   0.0000e+00   0.0000e+00   2.4712e+02
20191108_08:00:00   5.8479e-02   1.9623e+01   1.2574e+00   0.0000e+00   0.0000e+00   2.4727e+02
20191108_09:00:00   7.1761e-02   2.3016e+01   1.5703e+00   0.0000e+00   0.0000e+00   2.4746e+02
20191108_10:00:00   8.6039e-02   2.6580e+01   1.9068e+00   0.0000e+00   0.0000e+00   2.4729e+02
20191108_11:00:00   9.0549e-02   2.7696e+01   2.0073e+00   0.0000e+00   0.0000e+00   2.4753e+02
20191108_12:00:00   8.7596e-02   2.6968e+01   1.9402e+00   0.0000e+00   0.0000e+00   2.4626e+02
20191108_13:00:00   7.8948e-02   2.4796e+01   1.7449e+00   0.0000e+00   0.0000e+00   2.4522e+02
20191108_14:00:00   7.6295e-02   2.4127e+01   1.6867e+00   0.0000e+00   0.0000e+00   2.4639e+02
20191108_15:00:00   7.7134e-02   2.4338e+01   1.7136e+00   0.0000e+00   0.0000e+00   2.4644e+02
20191108_16:00:00   8.8464e-02   2.7162e+01   1.9851e+00   0.0000e+00   0.0000e+00   2.4556e+02
20191108_17:00:00   9.9997e-02   2.9980e+01   2.2571e+00   0.0000e+00   0.0000e+00   2.4576e+02
20191108_18:00:00   1.1706e-01   3.4017e+01   2.6746e+00   0.0000e+00   0.0000e+00   2.4825e+02
20191108_19:00:00   1.5094e-01   4.1940e+01   3.1182e+00   6.2000e-03   0.0000e+00   2.4981e+02
20191108_20:00:00   1.8759e-01   5.0216e+01   3.6138e+00   1.2200e-02   7.1240e-06   2.4906e+02
20191108_21:00:00   2.1777e-01   5.6778e+01   4.4013e+00   9.2910e-03   6.0360e-06   2.4759e+02
20191108_22:00:00   2.6116e-01   6.5904e+01   5.4058e+00   6.5280e-03   4.2260e-07   2.4633e+02
20191108_23:00:00   2.8578e-01   7.0882e+01   5.9923e+00   4.5542e-03   0.0000e+00   2.4488e+02
20191109_00:00:00   2.9103e-01   7.1915e+01   6.2338e+00   1.6567e-03   8.2945e-06   2.4444e+02
20191109_01:00:00   2.8928e-01   7.1526e+01   6.2891e+00   0.0000e+00   0.0000e+00   2.4388e+02
20191109_02:00:00   2.8881e-01   7.1455e+01   6.2705e+00   0.0000e+00   2.0020e-06   2.4416e+02
20191109_03:00:00   2.6950e-01   6.7624e+01   5.8567e+00   5.3210e-05   0.0000e+00   2.4575e+02
20191109_04:00:00   2.5338e-01   6.4289e+01   5.4753e+00   1.3010e-03   0.0000e+00   2.4594e+02
20191109_05:00:00   2.5568e-01   6.4733e+01   5.2835e+00   6.3030e-03   2.0020e-06   2.4624e+02
20191109_06:00:00   2.6654e-01   6.6978e+01   5.0609e+00   1.5207e-02   0.0000e+00   2.4639e+02
20191109_07:00:00   2.3941e-01   6.1355e+01   4.9386e+00   6.7910e-03   6.6600e-06   2.4574e+02
20191109_08:00:00   2.1621e-01   5.6410e+01   4.7950e+00   4.0970e-04   1.1878e-07   2.4511e+02
20191109_09:00:00   2.1054e-01   5.5201e+01   4.7140e+00   2.4700e-04   6.6380e-06   2.4386e+02
20191109_10:00:00   2.1367e-01   5.5842e+01   4.8047e+00   0.0000e+00   5.6000e-06   2.4326e+02
20191109_11:00:00   2.2334e-01   5.7873e+01   5.0156e+00   0.0000e+00   2.1220e-06   2.4276e+02
20191109_12:00:00   2.2618e-01   5.8453e+01   5.0821e+00   0.0000e+00   0.0000e+00   2.4282e+02
20191109_13:00:00   2.2918e-01   5.9080e+01   5.1362e+00   0.0000e+00   0.0000e+00   2.4373e+02
20191109_14:00:00   2.2715e-01   5.8672e+01   5.0792e+00   0.0000e+00   0.0000e+00   2.4476e+02
20191109_15:00:00   2.2059e-01   5.7316e+01   4.9315e+00   0.0000e+00   0.0000e+00   2.4572e+02
20191109_16:00:00   2.1888e-01   5.6976e+01   4.8856e+00   0.0000e+00   0.0000e+00   2.4529e+02
20191109_17:00:00   2.2049e-01   5.7350e+01   4.8665e+00   8.9730e-04   0.0000e+00   2.4462e+02
20191109_18:00:00   2.2555e-01   5.8424e+01   4.9546e+00   8.5810e-04   0.0000e+00   2.4483e+02
20191109_19:00:00   2.6373e-01   6.6477e+01   5.0395e+00   1.4750e-02   0.0000e+00   2.4490e+02
20191109_20:00:00   3.0766e-01   7.5362e+01   5.1381e+00   3.0710e-02   0.0000e+00   2.4488e+02
20191109_21:00:00   3.1737e-01   7.7200e+01   5.2641e+00   3.2010e-02   0.0000e+00   2.4439e+02
20191109_22:00:00   3.2554e-01   7.8791e+01   5.2846e+00   3.4989e-02   0.0000e+00   2.4361e+02
20191109_23:00:00   2.7669e-01   6.9061e+01   5.2896e+00   1.4758e-02   0.0000e+00   2.4333e+02
20191110_00:00:00   3.2747e-01   7.9133e+01   5.3218e+00   3.4943e-02   0.0000e+00   2.4307e+02
20191110_01:00:00   3.8076e-01   8.9143e+01   5.3345e+00   5.6514e-02   8.5480e-06   2.4245e+02
20191110_02:00:00   3.8854e-01   9.0579e+01   5.3225e+00   5.9980e-02   4.9750e-05   2.4305e+02
20191110_03:00:00   3.5501e-01   8.4360e+01   5.1925e+00   4.9240e-02   8.5480e-06   2.4354e+02
20191110_04:00:00   2.9070e-01   7.1810e+01   5.2734e+00   2.1409e-02   0.0000e+00   2.4348e+02
20191110_05:00:00   2.9946e-01   7.3547e+01   5.2354e+00   2.6023e-02   0.0000e+00   2.4393e+02
20191110_06:00:00   2.9640e-01   7.2990e+01   5.0520e+00   2.8665e-02   6.6458e-06   2.4445e+02
20191110_07:00:00   2.7373e-01   6.8423e+01   4.9072e+00   2.2390e-02   4.5680e-07   2.4492e+02
20191110_08:00:00   2.0748e-01   5.4402e+01   4.6598e+00   1.2360e-04   5.6980e-06   2.4539e+02
20191110_09:00:00   2.0912e-01   5.4773e+01   4.5568e+00   2.6250e-03   0.0000e+00   2.4604e+02
20191110_10:00:00   2.0523e-01   5.3905e+01   4.4906e+00   2.3290e-03   0.0000e+00   2.4551e+02
20191110_11:00:00   1.9866e-01   5.2488e+01   4.3919e+00   1.2380e-03   0.0000e+00   2.4389e+02
20191110_12:00:00   1.9278e-01   5.1215e+01   4.2664e+00   9.5970e-04   0.0000e+00   2.4296e+02
20191110_13:00:00   1.8704e-01   4.9955e+01   4.1678e+00   8.2090e-05   0.0000e+00   2.4298e+02
20191110_14:00:00   1.7907e-01   4.8204e+01   3.9886e+00   7.5390e-06   0.0000e+00   2.4351e+02
20191110_15:00:00   1.6982e-01   4.6180e+01   3.7814e+00   0.0000e+00   0.0000e+00   2.4385e+02
20191110_16:00:00   1.7088e-01   4.6444e+01   3.7960e+00   0.0000e+00   0.0000e+00   2.4425e+02
20191110_17:00:00   1.7423e-01   4.7225e+01   3.8512e+00   0.0000e+00   0.0000e+00   2.4459e+02
20191110_18:00:00   1.9132e-01   5.1081e+01   3.9381e+00   4.9390e-03   7.1240e-06   2.4385e+02
20191110_19:00:00   2.3795e-01   6.1214e+01   4.0200e+00   2.2560e-02   0.0000e+00   2.4221e+02
20191110_20:00:00   3.1991e-01   7.7872e+01   4.0641e+00   5.5463e-02   0.0000e+00   2.4109e+02
20191110_21:00:00   3.7918e-01   8.9053e+01   4.0074e+00   8.1310e-02   3.3000e-05   2.4065e+02
20191110_22:00:00   1.7518e-01   4.7457e+01   3.8823e+00   0.0000e+00   1.0564e-22   2.4065e+02
20191110_23:00:00   1.7369e-01   4.7120e+01   3.8543e+00   0.0000e+00   0.0000e+00   2.3960e+02
20191111_00:00:00   1.6994e-01   4.6272e+01   3.7868e+00   0.0000e+00   0.0000e+00   2.3879e+02
20191111_01:00:00   1.7150e-01   4.6584e+01   3.8296e+00   0.0000e+00   0.0000e+00   2.3955e+02
20191111_02:00:00   1.6789e-01   4.5753e+01   3.7566e+00   0.0000e+00   0.0000e+00   2.4002e+02
20191111_03:00:00   1.7141e-01   4.6536e+01   3.8338e+00   0.0000e+00   0.0000e+00   2.4057e+02
20191111_04:00:00   1.7559e-01   4.7474e+01   3.9238e+00   0.0000e+00   0.0000e+00   2.3948e+02
20191111_05:00:00   1.7910e-01   4.8267e+01   3.9974e+00   0.0000e+00   0.0000e+00   2.4035e+02
20191111_06:00:00   1.8680e-01   4.9939e+01   4.1655e+00   0.0000e+00   0.0000e+00   2.4168e+02
20191111_07:00:00   1.9929e-01   5.2638e+01   4.4562e+00   0.0000e+00   0.0000e+00   2.4154e+02
20191111_08:00:00   2.1489e-01   5.5931e+01   4.8125e+00   0.0000e+00   0.0000e+00   2.4217e+02
20191111_09:00:00   2.2699e-01   5.8434e+01   5.0815e+00   0.0000e+00   1.1878e-07   2.4215e+02
20191111_10:00:00   2.2761e-01   5.8514e+01   5.1355e+00   0.0000e+00   0.0000e+00   2.4191e+02
20191111_11:00:00   2.2576e-01   5.8066e+01   5.1157e+00   0.0000e+00   0.0000e+00   2.4168e+02
20191111_12:00:00   2.1858e-01   5.6512e+01   4.9876e+00   0.0000e+00   0.0000e+00   2.4079e+02
20191111_13:00:00   2.0638e-01   5.3890e+01   4.7472e+00   0.0000e+00   0.0000e+00   2.4032e+02
20191111_14:00:00   1.9263e-01   5.0902e+01   4.4775e+00   0.0000e+00   0.0000e+00   2.4047e+02
20191111_15:00:00   1.8527e-01   4.9245e+01   4.3336e+00   0.0000e+00   0.0000e+00   2.4058e+02
20191111_16:00:00   1.8387e-01   4.8883e+01   4.3271e+00   0.0000e+00   0.0000e+00   2.3979e+02
20191111_17:00:00   1.8534e-01   4.9161e+01   4.3749e+00   0.0000e+00   7.5380e-07   2.3872e+02
20191111_18:00:00   2.3802e-01   6.0613e+01   4.6611e+00   1.6260e-02   5.8540e-04   2.3815e+02
20191111_19:00:00   2.6328e-01   6.5885e+01   4.7521e+00   2.4770e-02   1.0984e-03   2.3850e+02
20191111_20:00:00   4.0951e-01   9.3970e+01   4.8735e+00   8.2350e-02   8.9741e-04   2.3801e+02
20191111_21:00:00   3.8587e-01   8.9647e+01   4.9744e+00   7.0388e-02   3.2972e-04   2.3746e+02
20191111_22:00:00   2.2288e-01   5.7240e+01   5.1598e+00   0.0000e+00   1.3252e-03   2.3607e+02
20191111_23:00:00   2.3432e-01   5.9571e+01   5.4472e+00   0.0000e+00   3.0226e-03   2.3605e+02
20191112_00:00:00   2.3012e-01   5.8666e+01   5.3600e+00   0.0000e+00   2.7435e-03   2.3642e+02
20191112_01:00:00   2.1510e-01   5.5542e+01   5.0158e+00   0.0000e+00   2.3159e-03   2.3692e+02
20191112_02:00:00   2.0407e-01   5.3178e+01   4.7845e+00   0.0000e+00   5.2301e-04   2.3607e+02
20191112_03:00:00   2.0854e-01   5.4022e+01   4.9301e+00   0.0000e+00   1.2478e-04   2.3708e+02
20191112_04:00:00   2.2440e-01   5.7224e+01   5.3544e+00   0.0000e+00   4.2798e-04   2.3928e+02
20191112_05:00:00   2.3562e-01   5.9498e+01   5.6284e+00   0.0000e+00   3.9315e-04   2.4061e+02
20191112_06:00:00   2.4828e-01   6.2027e+01   5.9343e+00   0.0000e+00   2.6187e-04   2.4181e+02
20191112_07:00:00   2.5040e-01   6.2496e+01   5.9636e+00   0.0000e+00   1.1070e-04   2.4102e+02
20191112_08:00:00   2.4927e-01   6.2338e+01   5.9136e+00   0.0000e+00   3.8639e-05   2.4017e+02
20191112_09:00:00   2.5421e-01   6.3326e+01   6.0033e+00   0.0000e+00   4.6378e-04   2.3965e+02
20191112_10:00:00   2.5673e-01   6.3836e+01   6.0385e+00   0.0000e+00   1.9843e-04   2.3941e+02
20191112_11:00:00   2.5689e-01   6.3817e+01   6.0573e+00   0.0000e+00   1.6244e-03   2.3901e+02
20191112_12:00:00   2.6030e-01   6.4477e+01   6.1500e+00   0.0000e+00   2.2581e-03   2.3974e+02
20191112_15:00:00   2.7763e-01   6.7835e+01   6.5695e+00   0.0000e+00   5.0991e-03   2.3953e+02
20191112_18:00:00   2.9037e-01   7.0522e+01   6.4755e+00   6.2620e-03   2.4683e-03   2.3967e+02
20191112_21:00:00   2.3675e-01   6.0049e+01   5.3011e+00   3.5500e-03   2.9978e-05   2.3726e+02
20191113_00:00:00   2.3003e-01   5.8257e+01   5.5778e+00   0.0000e+00   2.4666e-03   2.3691e+02
20191113_03:00:00   3.1306e-01   7.4810e+01   7.4090e+00   4.7530e-04   3.6306e-02   2.3712e+02
20191113_06:00:00   3.9062e-01   8.9138e+01   8.9462e+00   2.8900e-04   8.6555e-03   2.4107e+02
20191113_09:00:00   3.9434e-01   8.9955e+01   8.8089e+00   1.4126e-03   1.2098e-02   2.3955e+02
20191113_12:00:00   8.4646e-01   1.5540e+02   9.5439e+00   1.7602e-01   1.5178e-01   2.3787e+02
20191113_15:00:00   3.9951e-01   9.0766e+01   9.0422e+00   0.0000e+00   5.7721e-03   2.3610e+02
20191113_18:00:00   3.3947e-01   7.9760e+01   7.9266e+00   0.0000e+00   4.4624e-04   2.3608e+02
20191113_21:00:00   3.3052e-01   7.8100e+01   7.7660e+00   0.0000e+00   1.2243e-02   2.3702e+02
20191114_00:00:00   4.0809e-01   9.2369e+01   9.2552e+00   1.5665e-04   6.7348e-03   2.3184e+02
20191114_03:00:00   3.9902e-01   9.0625e+01   9.0821e+00   0.0000e+00   1.1295e-02   2.3445e+02
20191114_06:00:00   4.1002e-01   9.2589e+01   9.1507e+00   0.0000e+00   2.7222e-02   2.3393e+02
20191114_09:00:00   4.8369e-01   1.0534e+02   8.3462e+00   4.6960e-02   7.5317e-04   2.3406e+02
20191114_12:00:00   3.4037e-01   7.9991e+01   7.6367e+00   1.4950e-03   1.3385e-04   2.3462e+02
20191114_15:00:00   3.0980e-01   7.4074e+01   7.1746e+00   0.0000e+00   1.9386e-03   2.3798e+02
20191114_18:00:00   3.3933e-01   7.9687e+01   7.7007e+00   0.0000e+00   6.6286e-02   2.3981e+02
20191114_21:00:00   3.3219e-01   7.8778e+01   7.4198e+00   0.0000e+00   9.1316e-04   2.3904e+02
20191115_00:00:00   3.1876e-01   7.6264e+01   7.0798e+00   1.1790e-04   1.3269e-04   2.3940e+02
20191115_03:00:00   3.0018e-01   7.2654e+01   6.6611e+00   0.0000e+00   2.7744e-04   2.4012e+02
20191115_06:00:00   3.0210e-01   7.3197e+01   6.6259e+00   7.3550e-05   2.6401e-05   2.4048e+02
20191115_09:00:00   2.7974e-01   6.8979e+01   6.1561e+00   0.0000e+00   0.0000e+00   2.3764e+02
20191115_12:00:00   2.5650e-01   6.4435e+01   5.6359e+00   0.0000e+00   0.0000e+00   2.3802e+02
20191115_15:00:00   2.6536e-01   6.6253e+01   5.8172e+00   0.0000e+00   0.0000e+00   2.4092e+02
20191115_18:00:00   2.6656e-01   6.6526e+01   5.7976e+00   0.0000e+00   0.0000e+00   2.3891e+02
20191115_21:00:00   3.3172e-01   7.9491e+01   5.9226e+00   2.3890e-02   8.5480e-06   2.3724e+02
20191116_00:00:00   2.5157e-01   6.3487e+01   5.4225e+00   0.0000e+00   0.0000e+00   2.3577e+02
20191116_03:00:00   2.5443e-01   6.4103e+01   5.1819e+00   6.3220e-03   0.0000e+00   2.3601e+02
20191116_06:00:00   6.7500e-01   1.3513e+02   4.7640e+00   1.9059e-01   1.4363e-04   2.3840e+02
20191116_09:00:00   2.1351e-01   5.5658e+01   3.8366e+00   1.5400e-02   6.4570e-06   2.3868e+02
20191116_12:00:00   1.5431e-01   4.2561e+01   3.3799e+00   0.0000e+00   0.0000e+00   2.3673e+02
20191116_15:00:00   1.6534e-01   4.5039e+01   3.6430e+00   0.0000e+00   1.1386e-04   2.3790e+02
20191116_18:00:00   1.8851e-01   5.0132e+01   4.2011e+00   0.0000e+00   2.4545e-04   2.4057e+02
20191116_21:00:00   2.2769e-01   5.8617e+01   4.6102e+00   8.3720e-03   5.0619e-05   2.3935e+02
20191117_00:00:00   2.1725e-01   5.6499e+01   4.2898e+00   1.0010e-02   1.1754e-04   2.3698e+02
20191117_03:00:00   1.8610e-01   4.9681e+01   4.1210e+00   0.0000e+00   8.3780e-06   2.3619e+02
20191117_06:00:00   1.8518e-01   4.9423e+01   4.0716e+00   0.0000e+00   7.7000e-06   2.3741e+02
20191117_09:00:00   1.7463e-01   4.7048e+01   3.8816e+00   0.0000e+00   6.4180e-05   2.3781e+02
20191117_12:00:00   1.6188e-01   4.4210e+01   3.6361e+00   0.0000e+00   1.5820e-04   2.3903e+02
20191117_15:00:00   1.6072e-01   4.3992e+01   3.6612e+00   0.0000e+00   6.8145e-04   2.4004e+02
20191117_18:00:00   1.7980e-01   4.8210e+01   4.1012e+00   0.0000e+00   9.0320e-05   2.4018e+02
20191117_21:00:00   1.9211e-01   5.0911e+01   4.3826e+00   0.0000e+00   8.0497e-04   2.3795e+02
20191118_00:00:00   1.7463e-01   4.7171e+01   3.9708e+00   0.0000e+00   2.1325e-03   2.3700e+02
20191118_03:00:00   1.6928e-01   4.5997e+01   3.8118e+00   0.0000e+00   3.8900e-04   2.3640e+02
20191118_06:00:00   1.6703e-01   4.5450e+01   3.7258e+00   0.0000e+00   0.0000e+00   2.3455e+02
20191118_09:00:00   1.7223e-01   4.6501e+01   3.9021e+00   0.0000e+00   0.0000e+00   2.3445e+02
20191118_12:00:00   1.7689e-01   4.7513e+01   4.0538e+00   0.0000e+00   0.0000e+00   2.3269e+02
20191118_15:00:00   1.6608e-01   4.5168e+01   3.7985e+00   0.0000e+00   0.0000e+00   2.3559e+02
20191118_18:00:00   1.5479e-01   4.2693e+01   3.5324e+00   0.0000e+00   4.7510e-08   2.3717e+02
20191118_21:00:00   1.6344e-01   4.4617e+01   3.7274e+00   3.5360e-04   4.1623e-04   2.3564e+02
20191119_00:00:00   1.6147e-01   4.4064e+01   3.7826e+00   0.0000e+00   0.0000e+00   2.3361e+02
20191119_03:00:00   1.3386e-01   3.7795e+01   3.0897e+00   0.0000e+00   0.0000e+00   2.3486e+02
20191119_06:00:00   1.3260e-01   3.7535e+01   3.0213e+00   0.0000e+00   0.0000e+00   2.3469e+02
20191119_09:00:00   1.4175e-01   3.9591e+01   3.2459e+00   0.0000e+00   0.0000e+00   2.3402e+02
20191119_12:00:00   1.6111e-01   4.3933e+01   3.7260e+00   0.0000e+00   0.0000e+00   2.3492e+02
20191119_15:00:00   1.5896e-01   4.3401e+01   3.7230e+00   0.0000e+00   0.0000e+00   2.3572e+02
20191119_18:00:00   1.7904e-01   4.7896e+01   4.1866e+00   1.2130e-04   7.0102e-06   2.3564e+02
20191119_21:00:00   2.7462e-01   6.8095e+01   6.0912e+00   4.4920e-03   4.8136e-04   2.3432e+02
20191120_00:00:00   2.4198e-01   6.1586e+01   5.5112e+00   0.0000e+00   1.6644e-04   2.3332e+02
20191120_03:00:00   2.2906e-01   5.8766e+01   5.2373e+00   0.0000e+00   1.3667e-05   2.3521e+02
20191120_06:00:00   2.4430e-01   6.1644e+01   5.6769e+00   0.0000e+00   6.3440e-05   2.3648e+02
20191120_09:00:00   2.2974e-01   5.8741e+01   5.2936e+00   0.0000e+00   0.0000e+00   2.3514e+02
20191120_12:00:00   2.2559e-01   5.7801e+01   5.2761e+00   0.0000e+00   0.0000e+00   2.3549e+02
20191120_15:00:00   2.1860e-01   5.6416e+01   5.0937e+00   0.0000e+00   0.0000e+00   2.3402e+02
20191120_18:00:00   2.1039e-01   5.5081e+01   4.1431e+00   1.0570e-02   1.9130e-06   2.3470e+02
20191120_21:00:00   6.8741e-01   1.3681e+02   4.6378e+00   2.0128e-01   1.3174e-02   2.3780e+02
20191121_00:00:00   2.9288e-01   7.1566e+01   4.9697e+00   3.3351e-02   2.4531e-02   2.3722e+02
20191121_03:00:00   2.8006e-01   6.8553e+01   6.5159e+00   0.0000e+00   2.1384e-04   2.3616e+02
20191121_06:00:00   3.0085e-01   7.2600e+01   6.8576e+00   8.7740e-04   3.3381e-04   2.3767e+02
20191121_09:00:00   2.9208e-01   7.0830e+01   6.7185e+00   0.0000e+00   1.6933e-05   2.3433e+02
20191121_12:00:00   2.6313e-01   6.5175e+01   6.0288e+00   0.0000e+00   0.0000e+00   2.3382e+02
20191121_15:00:00   2.5411e-01   6.3415e+01   5.8626e+00   0.0000e+00   2.1740e-04   2.3551e+02
20191121_18:00:00   3.0676e-01   7.3899e+01   6.9745e+00   0.0000e+00   0.0000e+00   2.3788e+02
20191121_21:00:00   5.5485e-01   1.1714e+02   7.4381e+00   9.4680e-02   7.5720e-05   2.3743e+02
20191122_00:00:00   8.0501e-01   1.5095e+02   7.4203e+00   2.0121e-01   5.7041e-04   2.3709e+02
20191122_03:00:00   7.8135e-01   1.4779e+02   8.7511e+00   1.6188e-01   3.6082e-01   2.3747e+02
20191122_06:00:00   3.5071e-01   8.1949e+01   7.9318e+00   4.4260e-04   1.9771e-02   2.3769e+02
20191122_09:00:00   3.2525e-01   7.7302e+01   7.3771e+00   0.0000e+00   6.7808e-04   2.4122e+02
20191122_12:00:00   3.1384e-01   7.5246e+01   6.8772e+00   4.8060e-03   0.0000e+00   2.4086e+02
20191122_15:00:00   2.8823e-01   7.0367e+01   6.5650e+00   7.1840e-06   0.0000e+00   2.3964e+02
20191122_18:00:00   2.8130e-01   6.9026e+01   6.4115e+00   0.0000e+00   6.5294e-05   2.3910e+02
20191122_21:00:00   7.0976e-01   1.3939e+02   6.8754e+00   1.6991e-01   5.1015e-03   2.3885e+02
20191123_00:00:00   3.9746e-01   9.0764e+01   7.1489e+00   3.4397e-02   1.3522e-02   2.3684e+02
20191123_03:00:00   3.2340e-01   7.6970e+01   6.8367e+00   9.5180e-03   4.7718e-03   2.3495e+02
20191123_06:00:00   3.1578e-01   7.5453e+01   6.6536e+00   1.0407e-02   3.1688e-03   2.3887e+02
20191123_09:00:00   2.8428e-01   6.9140e+01   6.5399e+00   0.0000e+00   1.0654e-03   2.4116e+02
20191123_12:00:00   2.7815e-01   6.7911e+01   6.4752e+00   0.0000e+00   9.8985e-04   2.3794e+02
