#            date       tau225        Tb[K]      pwv[mm] lwp[kg*m^-2] iwp[kg*m^-2]       o3[DU]
20191006_00:00:00   5.6651e-01   1.1951e+02   9.0720e+00   7.1607e-02   4.5497e-03   2.5615e+02
20191006_01:00:00   4.7058e-01   1.0385e+02   8.9767e+00   3.5153e-02   2.7252e-03   2.5738e+02
20191006_02:00:00   3.7310e-01   8.6572e+01   8.7356e+00   2.4213e-04   1.2477e-03   2.5832e+02
20191006_03:00:00   3.6928e-01   8.5879e+01   8.6399e+00   2.3860e-04   1.3886e-03   2.5705e+02
20191006_04:00:00   6.0244e-01   1.2522e+02   1.1190e+01   3.9576e-02   3.2213e-02   2.5705e+02
20191006_05:00:00   3.7703e-01   8.7250e+01   8.7925e+00   5.9780e-05   1.5235e-04   2.5783e+02
20191006_06:00:00   3.6406e-01   8.4993e+01   8.4654e+00   4.2830e-05   2.1682e-04   2.5741e+02
20191006_07:00:00   3.4466e-01   8.1479e+01   7.9553e+00   1.4576e-04   2.1836e-04   2.5608e+02
20191006_08:00:00   3.2795e-01   7.8398e+01   7.5271e+00   1.3733e-04   2.2634e-04   2.5631e+02
20191006_09:00:00   0.0000e+00   0.0000e+00   0.0000e+00   0.0000e+00   0.0000e+00   0.0000e+00
20191006_11:00:00   2.5055e-01   6.3381e+01   5.6872e+00   0.0000e+00   1.5808e-04   2.6059e+02
20191006_12:00:00   2.1870e-01   5.6777e+01   4.9512e+00   0.0000e+00   6.2566e-05   2.6153e+02
20191006_13:00:00   1.8211e-01   4.8907e+01   4.1113e+00   0.0000e+00   2.8789e-05   2.6192e+02
20191006_14:00:00   0.0000e+00   0.0000e+00   0.0000e+00   0.0000e+00   0.0000e+00   0.0000e+00
20191006_15:00:00   1.5794e-01   4.3389e+01   3.6387e+00   0.0000e+00   0.0000e+00   2.6087e+02
20191006_16:00:00   6.5950e-02   2.1055e+01   1.4626e+00   0.0000e+00   0.0000e+00   2.6607e+02
20191006_17:00:00   1.8840e-01   4.9967e+01   4.4423e+00   0.0000e+00   9.6260e-06   2.5989e+02
20191006_18:00:00   2.6858e-01   6.7025e+01   5.2707e+00   1.8140e-02   9.6260e-06   2.5998e+02
20191006_19:00:00   0.0000e+00   2.7000e+00   0.0000e+00   0.0000e+00   0.0000e+00   0.0000e+00
20191006_20:00:00   2.6935e-01   6.7036e+01   6.0327e+00   3.1560e-03   1.3349e-04   2.5810e+02
20191006_21:00:00   2.8217e-01   6.9641e+01   6.1525e+00   6.7814e-03   6.4305e-04   2.5764e+02
20191006_22:00:00   0.0000e+00   0.0000e+00   0.0000e+00   0.0000e+00   0.0000e+00   0.0000e+00
20191006_23:00:00   2.5510e-01   6.4173e+01   5.9293e+00   5.3202e-05   6.3696e-04   2.5681e+02
20191007_00:00:00   0.0000e+00   2.7000e+00   0.0000e+00   0.0000e+00   0.0000e+00   0.0000e+00
20191007_01:00:00   0.0000e+00   0.0000e+00   0.0000e+00   0.0000e+00   0.0000e+00   0.0000e+00
20191007_02:00:00   1.8533e-01   4.9249e+01   4.4390e+00   0.0000e+00   3.5368e-06   2.5489e+02
20191007_03:00:00   1.9107e-01   5.0454e+01   4.5957e+00   0.0000e+00   3.4660e-06   2.5440e+02
20191007_04:00:00   2.3383e-01   5.9594e+01   5.5424e+00   0.0000e+00   1.8003e-06   2.5444e+02
20191007_05:00:00   2.6611e-01   6.6315e+01   6.2204e+00   0.0000e+00   3.2630e-06   2.5459e+02
20191007_06:00:00   2.7442e-01   6.7993e+01   6.3817e+00   0.0000e+00   1.0399e-05   2.5453e+02
20191007_07:00:00   0.0000e+00   0.0000e+00   0.0000e+00   0.0000e+00   0.0000e+00   0.0000e+00
20191007_08:00:00   2.8369e-01   6.9933e+01   6.5253e+00   0.0000e+00   2.5404e-05   2.5561e+02
20191007_09:00:00   0.0000e+00   0.0000e+00   0.0000e+00   0.0000e+00   0.0000e+00   0.0000e+00
20191007_10:00:00   0.0000e+00   0.0000e+00   0.0000e+00   0.0000e+00   0.0000e+00   0.0000e+00
20191007_11:00:00   0.0000e+00   0.0000e+00   0.0000e+00   0.0000e+00   0.0000e+00   0.0000e+00
20191007_12:00:00   0.0000e+00   0.0000e+00   0.0000e+00   0.0000e+00   0.0000e+00   0.0000e+00
20191007_13:00:00   2.6401e-01   6.5995e+01   6.0541e+00   0.0000e+00   9.0280e-06   2.5491e+02
20191007_14:00:00   0.0000e+00   0.0000e+00   0.0000e+00   0.0000e+00   0.0000e+00   0.0000e+00
20191007_16:00:00   3.5987e-01   8.4421e+01   8.1806e+00   4.1170e-04   1.4519e-04   2.5505e+02
20191007_17:00:00   4.2018e-01   9.5248e+01   8.8515e+00   1.1716e-02   2.4465e-04   2.5591e+02
20191007_19:00:00   1.1565e+00   1.8734e+02   9.5178e+00   3.0343e-01   3.3598e-03   2.5877e+02
20191007_20:00:00   0.0000e+00   0.0000e+00   0.0000e+00   0.0000e+00   0.0000e+00   0.0000e+00
20191007_21:00:00   7.3042e-01   1.4231e+02   9.6854e+00   1.2363e-01   1.6197e-02   2.5707e+02
20191007_22:00:00   0.0000e+00   0.0000e+00   0.0000e+00   0.0000e+00   0.0000e+00   0.0000e+00
20191007_23:00:00   6.0489e-01   1.2506e+02   9.6740e+00   7.1974e-02   1.1970e-02   2.5651e+02
20191008_00:00:00   5.5865e-01   1.1806e+02   9.5071e+00   5.6583e-02   1.2431e-02   2.5587e+02
20191008_01:00:00   4.8675e-01   1.0646e+02   9.5303e+00   2.6960e-02   1.1064e-02   2.5646e+02
20191008_02:00:00   0.0000e+00   2.7000e+00   0.0000e+00   0.0000e+00   0.0000e+00   0.0000e+00
20191008_04:00:00   4.1560e-01   9.4283e+01   9.3470e+00   6.8050e-05   2.7770e-04   2.6005e+02
20191008_05:00:00   4.0290e-01   9.2091e+01   9.0537e+00   2.2910e-04   1.4294e-04   2.5828e+02
20191008_06:00:00   0.0000e+00   0.0000e+00   0.0000e+00   0.0000e+00   0.0000e+00   0.0000e+00
20191008_07:00:00   0.0000e+00   0.0000e+00   0.0000e+00   0.0000e+00   0.0000e+00   0.0000e+00
20191008_08:00:00   1.0199e+00   1.8019e+02   2.0149e+01   1.0912e-02   5.4580e-04   2.5901e+02
20191008_09:00:00   4.3149e-01   9.7207e+01   8.5432e+00   2.1518e-02   1.1248e-03   2.5677e+02
20191008_10:00:00   0.0000e+00   0.0000e+00   0.0000e+00   0.0000e+00   0.0000e+00   0.0000e+00
20191008_11:00:00   0.0000e+00   0.0000e+00   0.0000e+00   0.0000e+00   0.0000e+00   0.0000e+00
20191008_12:00:00   0.0000e+00   0.0000e+00   0.0000e+00   0.0000e+00   0.0000e+00   0.0000e+00
20191008_15:00:00   4.0041e-01   9.1761e+01   8.5218e+00   8.3290e-03   8.2539e-04   2.5691e+02
20191008_16:00:00   3.8680e-01   8.9440e+01   8.3731e+00   4.9170e-03   4.9979e-04   2.5792e+02
20191008_17:00:00   3.8710e-01   8.9563e+01   8.3803e+00   4.8456e-03   4.5271e-04   2.5828e+02
20191008_18:00:00   3.9990e-01   9.1916e+01   8.4863e+00   7.4987e-03   5.2531e-04   2.5796e+02
20191008_19:00:00   0.0000e+00   2.7000e+00   0.0000e+00   0.0000e+00   0.0000e+00   0.0000e+00
20191008_20:00:00   0.0000e+00   2.7000e+00   0.0000e+00   0.0000e+00   0.0000e+00   0.0000e+00
20191008_21:00:00   1.0662e+00   1.8001e+02   8.7119e+00   2.7736e-01   4.7443e-04   2.5748e+02
20191008_22:00:00   1.2601e+00   1.9650e+02   8.7057e+00   3.5680e-01   2.0800e-04   2.5694e+02
20191008_23:00:00   1.4581e+00   2.1020e+02   8.6854e+00   4.3904e-01   1.9137e-04   2.5669e+02
20191009_01:00:00   4.3106e-01   9.7758e+01   7.6667e+00   3.5874e-02   1.2088e-04   2.5669e+02
20191009_03:00:00   0.0000e+00   0.0000e+00   0.0000e+00   0.0000e+00   0.0000e+00   0.0000e+00
20191009_04:00:00   2.7186e-01   6.7985e+01   6.0797e+00   0.0000e+00   3.8880e-06   2.5755e+02
20191009_05:00:00   0.0000e+00   0.0000e+00   0.0000e+00   0.0000e+00   0.0000e+00   0.0000e+00
20191009_06:00:00   0.0000e+00   0.0000e+00   0.0000e+00   0.0000e+00   0.0000e+00   0.0000e+00
20191009_07:00:00   0.0000e+00   0.0000e+00   0.0000e+00   0.0000e+00   0.0000e+00   0.0000e+00
20191009_08:00:00   2.9218e-01   7.2501e+01   6.4484e+00   0.0000e+00   5.5830e-06   2.5718e+02
20191009_09:00:00   1.3364e-01   3.8311e+01   2.9841e+00   0.0000e+00   3.2630e-06   2.5860e+02
20191009_10:00:00   2.3514e-01   6.0392e+01   5.2329e+00   0.0000e+00   2.8033e-06   2.5274e+02
20191009_11:00:00   2.2950e-01   5.9213e+01   5.1173e+00   0.0000e+00   8.0090e-07   2.5312e+02
20191009_13:00:00   2.2270e-01   5.7710e+01   5.0323e+00   0.0000e+00   0.0000e+00   2.5249e+02
20191009_14:00:00   0.0000e+00   0.0000e+00   0.0000e+00   0.0000e+00   0.0000e+00   0.0000e+00
20191009_15:00:00   0.0000e+00   0.0000e+00   0.0000e+00   0.0000e+00   0.0000e+00   0.0000e+00
20191009_17:00:00   0.0000e+00   2.7000e+00   0.0000e+00   0.0000e+00   0.0000e+00   0.0000e+00
20191009_18:00:00   0.0000e+00   2.7000e+00   0.0000e+00   0.0000e+00   0.0000e+00   0.0000e+00
20191009_19:00:00   2.6725e-01   6.7107e+01   5.4650e+00   1.1170e-02   0.0000e+00   2.5037e+02
20191009_20:00:00   3.9161e-01   9.1166e+01   5.7578e+00   5.6780e-02   3.9930e-05   2.4864e+02
20191009_21:00:00   0.0000e+00   0.0000e+00   0.0000e+00   0.0000e+00   0.0000e+00   0.0000e+00
20191010_00:00:00   3.0506e-01   7.4855e+01   5.7738e+00   1.8870e-02   0.0000e+00   2.4697e+02
20191010_01:00:00   2.4957e-01   6.3520e+01   5.4335e+00   2.2550e-03   0.0000e+00   2.4662e+02
20191010_02:00:00   0.0000e+00   0.0000e+00   0.0000e+00   0.0000e+00   0.0000e+00   0.0000e+00
20191010_03:00:00   0.0000e+00   0.0000e+00   0.0000e+00   0.0000e+00   0.0000e+00   0.0000e+00
20191010_04:00:00   0.0000e+00   0.0000e+00   0.0000e+00   0.0000e+00   0.0000e+00   0.0000e+00
20191010_05:00:00   0.0000e+00   0.0000e+00   0.0000e+00   0.0000e+00   0.0000e+00   0.0000e+00
20191010_06:00:00   1.9000e-01   5.0804e+01   4.2582e+00   0.0000e+00   0.0000e+00   2.4885e+02
20191010_07:00:00   0.0000e+00   0.0000e+00   0.0000e+00   0.0000e+00   0.0000e+00   0.0000e+00
20191010_08:00:00   0.0000e+00   0.0000e+00   0.0000e+00   0.0000e+00   0.0000e+00   0.0000e+00
20191010_09:00:00   1.7412e-01   4.7283e+01   3.8793e+00   0.0000e+00   0.0000e+00   2.4864e+02
20191010_10:00:00   1.6560e-01   4.5395e+01   3.6754e+00   0.0000e+00   0.0000e+00   2.4724e+02
20191010_11:00:00   1.6436e-01   4.5121e+01   3.6337e+00   0.0000e+00   0.0000e+00   2.4744e+02
20191010_12:00:00   1.7639e-01   4.7873e+01   3.8659e+00   0.0000e+00   0.0000e+00   2.4757e+02
20191010_14:00:00   2.0788e-01   5.4827e+01   4.4870e+00   0.0000e+00   0.0000e+00   2.4840e+02
20191010_15:00:00   2.3174e-01   5.9895e+01   5.0006e+00   0.0000e+00   4.2260e-07   2.4832e+02
20191010_16:00:00   2.7422e-01   6.8547e+01   5.9932e+00   0.0000e+00   5.0700e-06   2.4861e+02
20191010_17:00:00   0.0000e+00   0.0000e+00   0.0000e+00   0.0000e+00   0.0000e+00   0.0000e+00
20191010_18:00:00   0.0000e+00   2.7000e+00   0.0000e+00   0.0000e+00   0.0000e+00   0.0000e+00
20191010_19:00:00   0.0000e+00   0.0000e+00   0.0000e+00   0.0000e+00   0.0000e+00   0.0000e+00
20191010_21:00:00   3.6025e-01   8.4816e+01   7.9040e+00   3.8420e-03   7.8340e-04   2.4590e+02
20191010_22:00:00   3.4760e-01   8.2391e+01   7.8690e+00   0.0000e+00   1.8358e-03   2.4583e+02
20191011_03:00:00   3.4808e-01   8.2477e+01   7.7573e+00   0.0000e+00   0.0000e+00   2.4768e+02
20191011_06:00:00   0.0000e+00   0.0000e+00   0.0000e+00   0.0000e+00   0.0000e+00   0.0000e+00
20191011_09:00:00   2.9668e-01   7.2498e+01   6.6652e+00   0.0000e+00   1.4618e-04   2.4796e+02
20191011_12:00:00   1.1848e+00   1.9838e+02   2.1240e+01   0.0000e+00   4.1159e-05   2.4740e+02
20191011_15:00:00   1.5603e-01   4.2874e+01   3.6192e+00   0.0000e+00   2.8860e-04   2.4686e+02
20191011_18:00:00   1.6392e-01   4.4655e+01   3.8062e+00   0.0000e+00   4.0300e-04   2.4681e+02
20191011_21:00:00   5.9813e-01   1.2821e+02   1.1899e+01   8.7290e-03   2.3168e-04   2.4604e+02
20191012_00:00:00   0.0000e+00   0.0000e+00   0.0000e+00   0.0000e+00   0.0000e+00   0.0000e+00
20191012_03:00:00   0.0000e+00   2.7000e+00   0.0000e+00   0.0000e+00   0.0000e+00   0.0000e+00
20191012_06:00:00   3.2998e-01   7.8610e+01   7.4704e+00   0.0000e+00   2.3536e-04   2.4486e+02
20191012_12:00:00   0.0000e+00   2.7000e+00   0.0000e+00   0.0000e+00   0.0000e+00   0.0000e+00
20191012_15:00:00   0.0000e+00   2.7000e+00   0.0000e+00   0.0000e+00   0.0000e+00   0.0000e+00
20191012_18:00:00   0.0000e+00   2.7000e+00   0.0000e+00   0.0000e+00   0.0000e+00   0.0000e+00
20191012_21:00:00   3.3384e-01   7.9211e+01   7.0526e+00   1.3308e-02   3.8996e-04   2.4872e+02
20191013_03:00:00   0.0000e+00   2.7000e+00   0.0000e+00   0.0000e+00   0.0000e+00   0.0000e+00
20191013_06:00:00   2.7965e-01   6.8514e+01   6.6620e+00   0.0000e+00   2.5715e-04   2.4404e+02
20191013_09:00:00   2.7398e-01   6.7215e+01   6.5800e+00   0.0000e+00   1.9689e-03   2.4833e+02
20191013_12:00:00   2.5766e-01   6.3861e+01   6.2402e+00   0.0000e+00   6.1586e-04   2.5127e+02
20191013_15:00:00   0.0000e+00   0.0000e+00   0.0000e+00   0.0000e+00   0.0000e+00   0.0000e+00
20191013_18:00:00   2.0441e-01   5.3061e+01   4.9171e+00   3.0040e-04   4.8229e-05   2.5098e+02
20191013_21:00:00   0.0000e+00   0.0000e+00   0.0000e+00   0.0000e+00   0.0000e+00   0.0000e+00
20191014_00:00:00   0.0000e+00   0.0000e+00   0.0000e+00   0.0000e+00   0.0000e+00   0.0000e+00
20191014_03:00:00   0.0000e+00   0.0000e+00   0.0000e+00   0.0000e+00   0.0000e+00   0.0000e+00
20191014_06:00:00   8.3810e-02   2.5802e+01   1.8549e+00   0.0000e+00   0.0000e+00   2.5349e+02
20191014_09:00:00   2.0949e-01   5.4557e+01   4.7846e+00   0.0000e+00   0.0000e+00   2.5112e+02
20191014_12:00:00   2.3101e-01   5.8982e+01   5.3336e+00   0.0000e+00   0.0000e+00   2.5099e+02
20191014_18:00:00   3.2367e-01   7.7872e+01   6.1115e+00   2.2760e-02   9.6180e-07   2.5276e+02
20191014_21:00:00   0.0000e+00   2.7000e+00   0.0000e+00   0.0000e+00   0.0000e+00   0.0000e+00
20191015_00:00:00   0.0000e+00   2.7000e+00   0.0000e+00   0.0000e+00   0.0000e+00   0.0000e+00
20191015_03:00:00   3.4910e-01   8.2232e+01   7.9149e+00   0.0000e+00   0.0000e+00   2.5050e+02
20191015_06:00:00   3.1188e-01   7.5277e+01   7.0579e+00   0.0000e+00   5.5940e-07   2.5036e+02
20191015_09:00:00   0.0000e+00   2.7000e+00   0.0000e+00   0.0000e+00   0.0000e+00   0.0000e+00
20191015_12:00:00   3.4747e-01   8.1778e+01   7.8772e+00   0.0000e+00   3.1280e-06   2.5325e+02
20191015_15:00:00   0.0000e+00   0.0000e+00   0.0000e+00   0.0000e+00   0.0000e+00   0.0000e+00
20191015_18:00:00   2.7721e-01   6.8567e+01   6.1046e+00   4.0930e-03   9.9063e-04   2.5457e+02
20191015_21:00:00   0.0000e+00   2.7000e+00   0.0000e+00   0.0000e+00   0.0000e+00   0.0000e+00
20191016_00:00:00   2.2622e-01   5.7840e+01   5.3975e+00   1.2300e-05   1.0347e-04   2.4976e+02
20191016_06:00:00   0.0000e+00   0.0000e+00   0.0000e+00   0.0000e+00   0.0000e+00   0.0000e+00
20191016_12:00:00   0.0000e+00   0.0000e+00   0.0000e+00   0.0000e+00   0.0000e+00   0.0000e+00
20191016_18:00:00   5.1007e-01   1.1025e+02   8.5994e+00   5.5798e-02   1.1239e-03   2.5168e+02
20191016_21:00:00   4.4752e-01   9.9564e+01   8.9979e+00   2.5224e-02   2.1024e-03   2.4944e+02
20191017_00:00:00   0.0000e+00   2.7000e+00   0.0000e+00   0.0000e+00   0.0000e+00   0.0000e+00
20191017_03:00:00   4.2319e-01   9.5161e+01   9.8060e+00   0.0000e+00   1.7414e-02   2.5219e+02
20191017_06:00:00   0.0000e+00   0.0000e+00   0.0000e+00   0.0000e+00   0.0000e+00   0.0000e+00
20191017_09:00:00   0.0000e+00   0.0000e+00   0.0000e+00   0.0000e+00   0.0000e+00   0.0000e+00
20191017_15:00:00   3.4236e-01   8.0925e+01   8.0123e+00   0.0000e+00   5.5604e-05   2.5488e+02
20191017_18:00:00   3.8443e-01   8.9090e+01   7.7330e+00   2.1880e-02   0.0000e+00   2.5210e+02
20191017_21:00:00   7.8241e-01   1.4915e+02   8.4898e+00   1.7097e-01   5.7052e-04   2.5062e+02
20191018_00:00:00   0.0000e+00   0.0000e+00   0.0000e+00   0.0000e+00   0.0000e+00   0.0000e+00
20191018_03:00:00   2.5298e-01   6.3465e+01   5.0501e+00   7.2680e-05   8.1427e-03   2.6930e+02
20191018_09:00:00   1.4895e-01   4.1217e+01   3.5703e+00   0.0000e+00   2.2992e-05   2.5171e+02
20191018_12:00:00   0.0000e+00   0.0000e+00   0.0000e+00   0.0000e+00   0.0000e+00   0.0000e+00
20191018_15:00:00   4.0432e-01   9.5973e+01   8.1622e+00   0.0000e+00   5.3839e-06   2.5092e+02
20191018_18:00:00   0.0000e+00   0.0000e+00   0.0000e+00   0.0000e+00   0.0000e+00   0.0000e+00
20191019_00:00:00   0.0000e+00   0.0000e+00   0.0000e+00   0.0000e+00   0.0000e+00   0.0000e+00
20191019_06:00:00   1.1545e-01   3.3627e+01   2.6505e+00   0.0000e+00   1.1974e-05   2.4919e+02
20191019_15:00:00   0.0000e+00   2.7000e+00   0.0000e+00   0.0000e+00   0.0000e+00   0.0000e+00
20191019_18:00:00   0.0000e+00   0.0000e+00   0.0000e+00   0.0000e+00   0.0000e+00   0.0000e+00
20191019_21:00:00   9.1357e-02   2.7177e+01   2.0991e+00   0.0000e+00   6.0539e-03   2.7391e+02
20191020_00:00:00   0.0000e+00   0.0000e+00   0.0000e+00   0.0000e+00   0.0000e+00   0.0000e+00
20191020_03:00:00   0.0000e+00   0.0000e+00   0.0000e+00   0.0000e+00   0.0000e+00   0.0000e+00
20191020_06:00:00   0.0000e+00   0.0000e+00   0.0000e+00   0.0000e+00   0.0000e+00   0.0000e+00
20191020_09:00:00   2.4208e-01   6.1551e+01   4.9827e+00   0.0000e+00   1.1730e-05   2.5210e+02
20191020_12:00:00   1.3833e-01   3.9015e+01   3.2588e+00   0.0000e+00   2.7168e-05   2.4704e+02
20191020_18:00:00   2.0865e-01   5.4914e+01   4.6993e+00   4.1200e-05   6.5260e-06   2.4846e+02
20191020_21:00:00   1.9298e-01   5.0169e+01   4.1893e+00   0.0000e+00   1.0152e-04   2.5883e+02
20191021_00:00:00   0.0000e+00   2.7000e+00   0.0000e+00   0.0000e+00   0.0000e+00   0.0000e+00
20191021_03:00:00   2.1315e-01   5.5809e+01   4.6932e+00   0.0000e+00   7.5955e-05   2.4517e+02
20191021_06:00:00   1.6588e-01   4.5520e+01   3.6752e+00   0.0000e+00   8.4574e-05   2.4701e+02
20191021_09:00:00   2.1073e-01   5.5991e+01   4.6055e+00   0.0000e+00   3.2630e-06   2.4779e+02
20191021_12:00:00   1.1151e-01   3.2757e+01   2.5355e+00   0.0000e+00   6.5260e-06   2.4771e+02
20191021_15:00:00   0.0000e+00   0.0000e+00   0.0000e+00   0.0000e+00   0.0000e+00   0.0000e+00
20191021_18:00:00   1.0386e-01   3.0929e+01   2.2012e+00   2.1100e-03   6.5260e-06   2.4821e+02
20191021_21:00:00   1.5044e-01   4.1844e+01   3.3817e+00   6.5368e-04   1.6889e-03   2.4658e+02
20191022_00:00:00   1.0072e-01   3.0090e+01   2.2970e+00   5.2700e-05   6.3861e-04   2.4472e+02
