#            date       tau225        Tb[K]      pwv[mm] lwp[kg*m^-2] iwp[kg*m^-2]       o3[DU]
20191126_18:00:00   9.5160e-02   2.8843e+01   2.1401e+00   0.0000e+00   0.0000e+00   2.4785e+02
20191126_19:00:00   9.6620e-02   2.9200e+01   2.1650e+00   0.0000e+00   0.0000e+00   2.4612e+02
20191126_20:00:00   1.0081e-01   3.0244e+01   2.2387e+00   0.0000e+00   0.0000e+00   2.4445e+02
20191126_21:00:00   9.8709e-02   2.9776e+01   2.1783e+00   0.0000e+00   0.0000e+00   2.4269e+02
20191126_22:00:00   9.6060e-02   2.9156e+01   2.1026e+00   1.1700e-04   8.4520e-07   2.4170e+02
20191126_23:00:00   9.8638e-02   2.9798e+01   2.1373e+00   5.8180e-04   1.4246e-05   2.4029e+02
20191127_00:00:00   9.1761e-02   2.8107e+01   2.0239e+00   0.0000e+00   6.0060e-06   2.3935e+02
20191127_01:00:00   9.6474e-02   2.9254e+01   2.1244e+00   0.0000e+00   1.5016e-05   2.3884e+02
20191127_02:00:00   1.0475e-01   3.1252e+01   2.2991e+00   0.0000e+00   1.0012e-05   2.3786e+02
20191127_03:00:00   1.0456e-01   3.1190e+01   2.2922e+00   0.0000e+00   2.5020e-06   2.3858e+02
20191127_04:00:00   9.7664e-02   2.9513e+01   2.1345e+00   0.0000e+00   0.0000e+00   2.3943e+02
20191127_05:00:00   9.0496e-02   2.7765e+01   1.9766e+00   0.0000e+00   0.0000e+00   2.3966e+02
20191127_06:00:00   8.5718e-02   2.6590e+01   1.8743e+00   0.0000e+00   0.0000e+00   2.3903e+02
20191127_07:00:00   8.5776e-02   2.6593e+01   1.8822e+00   0.0000e+00   0.0000e+00   2.3911e+02
20191127_08:00:00   8.2990e-02   2.5901e+01   1.8195e+00   0.0000e+00   0.0000e+00   2.3945e+02
20191127_09:00:00   8.0536e-02   2.5293e+01   1.7624e+00   0.0000e+00   0.0000e+00   2.4043e+02
20191127_10:00:00   8.1094e-02   2.5423e+01   1.7708e+00   0.0000e+00   0.0000e+00   2.4092e+02
20191127_11:00:00   7.9306e-02   2.4965e+01   1.7264e+00   0.0000e+00   1.4016e-05   2.4102e+02
20191127_12:00:00   7.4016e-02   2.3636e+01   1.6013e+00   0.0000e+00   4.7980e-05   2.3934e+02
20191127_13:00:00   6.8572e-02   2.2247e+01   1.4733e+00   0.0000e+00   1.6136e-05   2.3795e+02
20191127_14:00:00   6.2809e-02   2.0761e+01   1.3344e+00   0.0000e+00   4.0040e-06   2.3713e+02
20191127_15:00:00   6.0866e-02   2.0264e+01   1.2838e+00   0.0000e+00   1.5514e-04   2.3707e+02
20191127_16:00:00   5.9587e-02   1.9940e+01   1.2524e+00   0.0000e+00   1.8520e-05   2.3751e+02
20191127_17:00:00   5.8020e-02   1.9547e+01   1.2174e+00   0.0000e+00   0.0000e+00   2.3643e+02
20191127_18:00:00   5.9453e-02   1.9913e+01   1.2512e+00   0.0000e+00   0.0000e+00   2.3641e+02
20191127_19:00:00   6.0273e-02   2.0124e+01   1.2705e+00   0.0000e+00   0.0000e+00   2.3621e+02
20191127_20:00:00   6.2074e-02   2.0576e+01   1.3157e+00   0.0000e+00   0.0000e+00   2.3615e+02
20191127_21:00:00   6.3663e-02   2.0983e+01   1.3530e+00   0.0000e+00   0.0000e+00   2.3691e+02
20191127_22:00:00   6.4086e-02   2.1096e+01   1.3627e+00   0.0000e+00   0.0000e+00   2.3756e+02
20191127_23:00:00   6.8525e-02   2.2224e+01   1.4699e+00   0.0000e+00   0.0000e+00   2.3728e+02
20191128_00:00:00   7.3967e-02   2.3580e+01   1.6022e+00   0.0000e+00   0.0000e+00   2.3743e+02
20191128_01:00:00   7.2774e-02   2.3276e+01   1.5717e+00   0.0000e+00   0.0000e+00   2.3697e+02
20191128_02:00:00   6.9870e-02   2.2556e+01   1.4955e+00   0.0000e+00   0.0000e+00   2.3612e+02
20191128_03:00:00   6.6180e-02   2.1628e+01   1.4029e+00   0.0000e+00   0.0000e+00   2.3652e+02
20191128_04:00:00   6.5560e-02   2.1459e+01   1.3913e+00   0.0000e+00   0.0000e+00   2.3724e+02
20191128_05:00:00   7.1363e-02   2.2924e+01   1.5315e+00   0.0000e+00   0.0000e+00   2.3717e+02
20191128_06:00:00   7.7485e-02   2.4457e+01   1.6763e+00   0.0000e+00   0.0000e+00   2.3520e+02
20191128_07:00:00   8.7735e-02   2.6977e+01   1.9208e+00   0.0000e+00   0.0000e+00   2.3434e+02
20191128_08:00:00   9.7032e-02   2.9226e+01   2.1420e+00   0.0000e+00   0.0000e+00   2.3437e+02
20191128_09:00:00   1.0655e-01   3.1510e+01   2.3624e+00   0.0000e+00   0.0000e+00   2.3383e+02
20191128_10:00:00   1.1925e-01   3.4531e+01   2.6497e+00   0.0000e+00   0.0000e+00   2.3380e+02
20191128_11:00:00   1.3217e-01   3.7553e+01   2.9374e+00   0.0000e+00   0.0000e+00   2.3384e+02
20191128_12:00:00   1.4302e-01   4.0063e+01   3.1792e+00   0.0000e+00   0.0000e+00   2.3298e+02
20191128_13:00:00   1.5635e-01   4.3086e+01   3.4820e+00   0.0000e+00   0.0000e+00   2.3287e+02
20191128_14:00:00   1.6859e-01   4.5817e+01   3.7603e+00   0.0000e+00   0.0000e+00   2.3244e+02
20191128_15:00:00   1.6890e-01   4.5879e+01   3.7747e+00   0.0000e+00   0.0000e+00   2.3074e+02
20191128_16:00:00   1.6753e-01   4.5567e+01   3.7528e+00   0.0000e+00   0.0000e+00   2.2797e+02
20191128_17:00:00   1.7365e-01   4.6909e+01   3.9069e+00   0.0000e+00   0.0000e+00   2.2626e+02
20191128_18:00:00   1.7944e-01   4.8188e+01   4.0413e+00   0.0000e+00   0.0000e+00   2.2597e+02
20191128_19:00:00   1.8730e-01   4.9897e+01   4.2209e+00   0.0000e+00   0.0000e+00   2.2574e+02
20191128_20:00:00   2.0069e-01   5.2759e+01   4.5168e+00   0.0000e+00   0.0000e+00   2.2604e+02
20191128_21:00:00   2.2086e-01   5.7012e+01   4.9611e+00   4.4810e-05   0.0000e+00   2.2635e+02
20191128_22:00:00   2.3735e-01   6.0471e+01   5.2341e+00   1.9710e-03   0.0000e+00   2.2717e+02
20191128_23:00:00   2.3346e-01   5.9646e+01   5.2435e+00   0.0000e+00   0.0000e+00   2.2748e+02
20191129_00:00:00   2.3207e-01   5.9415e+01   5.1956e+00   0.0000e+00   0.0000e+00   2.2734e+02
20191129_01:00:00   2.5026e-01   6.3127e+01   5.5851e+00   0.0000e+00   0.0000e+00   2.2738e+02
20191129_02:00:00   2.8257e-01   6.9564e+01   6.2967e+00   0.0000e+00   0.0000e+00   2.2811e+02
20191129_03:00:00   3.3080e-01   7.8821e+01   7.3010e+00   0.0000e+00   5.8766e-05   2.2932e+02
20191129_04:00:00   3.7311e-01   8.6494e+01   8.2281e+00   0.0000e+00   7.1559e-04   2.3060e+02
20191129_05:00:00   3.3469e-01   7.9445e+01   7.4651e+00   0.0000e+00   1.4901e-05   2.3140e+02
20191129_06:00:00   2.6618e-01   6.6068e+01   6.0518e+00   0.0000e+00   4.5440e-05   2.3234e+02
20191129_07:00:00   2.5908e-01   6.4516e+01   5.9326e+00   0.0000e+00   2.0974e-03   2.3302e+02
20191129_08:00:00   2.5379e-01   6.3488e+01   5.8028e+00   0.0000e+00   8.6646e-05   2.3362e+02
20191129_09:00:00   2.5475e-01   6.3722e+01   5.8122e+00   0.0000e+00   1.0987e-06   2.3366e+02
20191129_10:00:00   2.7481e-01   6.7761e+01   6.2358e+00   0.0000e+00   6.9600e-05   2.3323e+02
20191129_11:00:00   2.9275e-01   7.1346e+01   6.6030e+00   0.0000e+00   3.2155e-04   2.3345e+02
20191129_12:00:00   2.9830e-01   7.2461e+01   6.7240e+00   0.0000e+00   1.6971e-03   2.3279e+02
20191129_13:00:00   3.0931e-01   7.4545e+01   6.9580e+00   0.0000e+00   1.0388e-02   2.3228e+02
20191129_14:00:00   3.0987e-01   7.4743e+01   6.9626e+00   0.0000e+00   2.5554e-03   2.3133e+02
20191129_15:00:00   3.0422e-01   7.3720e+01   6.8483e+00   0.0000e+00   1.2095e-03   2.3158e+02
20191129_16:00:00   2.9935e-01   7.2803e+01   6.7602e+00   0.0000e+00   2.0373e-03   2.3215e+02
20191129_17:00:00   2.9353e-01   7.1680e+01   6.6529e+00   0.0000e+00   2.8543e-03   2.3214e+02
20191129_18:00:00   2.9430e-01   7.1778e+01   6.7051e+00   0.0000e+00   1.5023e-03   2.3193e+02
20191129_19:00:00   3.0245e-01   7.3332e+01   6.8028e+00   1.6250e-03   2.6101e-03   2.3122e+02
20191129_20:00:00   2.9935e-01   7.2700e+01   6.7930e+00   2.2310e-04   2.7355e-03   2.3057e+02
20191129_21:00:00   2.9561e-01   7.1992e+01   6.6434e+00   1.7670e-03   6.8388e-04   2.3018e+02
20191129_22:00:00   2.9059e-01   7.0934e+01   6.6708e+00   0.0000e+00   4.1973e-04   2.3037e+02
20191129_23:00:00   2.9672e-01   7.2069e+01   6.8321e+00   0.0000e+00   1.1031e-04   2.3085e+02
20191130_00:00:00   3.0561e-01   7.3691e+01   7.0665e+00   0.0000e+00   8.5824e-04   2.3027e+02
20191130_01:00:00   3.1450e-01   7.5299e+01   7.2516e+00   0.0000e+00   4.8703e-03   2.2919e+02
20191130_02:00:00   3.0302e-01   7.3109e+01   7.0019e+00   0.0000e+00   3.9381e-03   2.2835e+02
20191130_03:00:00   2.8230e-01   6.8985e+01   6.5985e+00   0.0000e+00   8.8148e-03   2.2780e+02
20191130_04:00:00   2.6668e-01   6.5717e+01   6.3086e+00   0.0000e+00   5.9953e-03   2.2833e+02
20191130_05:00:00   2.4843e-01   6.1903e+01   5.9402e+00   0.0000e+00   1.0669e-02   2.2839e+02
20191130_06:00:00   2.2236e-01   5.6468e+01   5.3678e+00   0.0000e+00   4.6944e-03   2.2818e+02
20191130_07:00:00   1.9687e-01   5.1019e+01   4.7953e+00   0.0000e+00   2.9293e-03   2.2847e+02
20191130_08:00:00   1.8155e-01   4.7617e+01   4.4525e+00   0.0000e+00   1.3434e-03   2.2923e+02
20191130_09:00:00   1.6958e-01   4.4950e+01   4.1770e+00   0.0000e+00   5.4737e-04   2.2940e+02
20191130_10:00:00   1.5928e-01   4.2663e+01   3.9323e+00   0.0000e+00   4.7707e-05   2.2940e+02
20191130_11:00:00   1.5012e-01   4.0637e+01   3.7051e+00   0.0000e+00   1.0576e-06   2.2924e+02
20191130_12:00:00   1.4118e-01   3.8638e+01   3.4856e+00   0.0000e+00   0.0000e+00   2.2863e+02
20191130_13:00:00   1.3257e-01   3.6685e+01   3.2733e+00   0.0000e+00   8.4520e-07   2.2790e+02
20191130_14:00:00   1.2689e-01   3.5399e+01   3.1357e+00   0.0000e+00   2.4260e-05   2.2757e+02
20191130_15:00:00   1.2454e-01   3.4869e+01   3.0805e+00   0.0000e+00   1.5278e-04   2.2762e+02
20191130_16:00:00   1.2182e-01   3.4241e+01   3.0177e+00   0.0000e+00   1.0571e-04   2.2822e+02
20191130_17:00:00   1.1926e-01   3.3660e+01   2.9534e+00   0.0000e+00   1.0826e-03   2.2872e+02
20191130_18:00:00   1.1813e-01   3.3423e+01   2.9204e+00   0.0000e+00   1.3582e-03   2.2886e+02
20191130_19:00:00   1.2435e-01   3.4950e+01   3.0607e+00   0.0000e+00   9.3183e-04   2.2847e+02
20191130_20:00:00   1.3456e-01   3.7402e+01   3.2876e+00   0.0000e+00   3.0260e-04   2.2835e+02
20191130_21:00:00   1.4845e-01   4.0692e+01   3.5855e+00   0.0000e+00   2.6778e-04   2.2850e+02
20191130_22:00:00   1.5660e-01   4.2614e+01   3.7538e+00   0.0000e+00   0.0000e+00   2.2896e+02
20191130_23:00:00   1.5707e-01   4.2724e+01   3.7739e+00   0.0000e+00   2.5020e-06   2.2929e+02
20191201_00:00:00   1.3354e-01   3.7343e+01   3.2190e+00   0.0000e+00   0.0000e+00   2.2888e+02
20191201_01:00:00   1.2389e-01   3.5107e+01   2.9909e+00   0.0000e+00   0.0000e+00   2.2884e+02
20191201_02:00:00   1.1248e-01   3.2380e+01   2.7261e+00   0.0000e+00   0.0000e+00   2.2868e+02
20191201_03:00:00   1.0483e-01   3.0534e+01   2.5430e+00   0.0000e+00   0.0000e+00   2.2887e+02
20191201_04:00:00   9.9411e-02   2.9258e+01   2.4008e+00   0.0000e+00   0.0000e+00   2.2901e+02
20191201_05:00:00   9.3684e-02   2.7899e+01   2.2523e+00   0.0000e+00   0.0000e+00   2.3014e+02
20191201_06:00:00   8.8886e-02   2.6743e+01   2.1312e+00   0.0000e+00   0.0000e+00   2.3046e+02
20191201_07:00:00   8.5271e-02   2.5877e+01   2.0384e+00   0.0000e+00   0.0000e+00   2.2916e+02
20191201_08:00:00   8.3416e-02   2.5428e+01   1.9910e+00   0.0000e+00   2.9700e-07   2.2864e+02
20191201_09:00:00   8.1702e-02   2.5018e+01   1.9475e+00   0.0000e+00   2.6200e-04   2.2889e+02
20191201_10:00:00   8.0791e-02   2.4776e+01   1.9292e+00   0.0000e+00   1.7234e-03   2.2971e+02
20191201_11:00:00   7.9724e-02   2.4505e+01   1.9060e+00   0.0000e+00   2.4640e-03   2.3046e+02
20191201_12:00:00   7.9917e-02   2.4553e+01   1.9150e+00   0.0000e+00   1.2556e-03   2.3020e+02
20191201_13:00:00   8.0855e-02   2.4775e+01   1.9389e+00   0.0000e+00   2.2337e-03   2.2944e+02
20191201_14:00:00   8.1717e-02   2.4961e+01   1.9662e+00   0.0000e+00   4.1924e-03   2.2938e+02
20191201_15:00:00   8.2861e-02   2.5227e+01   2.0031e+00   0.0000e+00   3.2220e-03   2.2914e+02
20191201_16:00:00   8.2840e-02   2.5234e+01   2.0051e+00   0.0000e+00   1.1335e-03   2.2914e+02
20191201_17:00:00   8.2673e-02   2.5196e+01   2.0014e+00   0.0000e+00   1.7420e-03   2.2909e+02
20191201_18:00:00   8.3698e-02   2.5446e+01   2.0250e+00   0.0000e+00   4.4095e-03   2.2887e+02
20191201_21:00:00   9.5930e-02   2.8440e+01   2.3280e+00   0.0000e+00   9.9964e-03   2.2888e+02
20191202_00:00:00   8.5370e-02   2.5806e+01   2.0814e+00   0.0000e+00   2.8090e-03   2.3066e+02
20191202_03:00:00   8.1021e-02   2.4686e+01   1.9823e+00   0.0000e+00   2.8299e-03   2.3049e+02
20191202_06:00:00   7.5468e-02   2.3356e+01   1.8218e+00   0.0000e+00   1.3858e-02   2.3017e+02
20191202_09:00:00   7.2306e-02   2.2573e+01   1.7481e+00   0.0000e+00   5.9917e-03   2.3126e+02
20191202_12:00:00   6.8756e-02   2.1776e+01   1.6395e+00   0.0000e+00   1.5242e-03   2.3211e+02
20191202_15:00:00   7.0119e-02   2.2228e+01   1.6475e+00   0.0000e+00   0.0000e+00   2.3243e+02
20191202_18:00:00   7.1754e-02   2.2686e+01   1.6753e+00   0.0000e+00   0.0000e+00   2.3353e+02
20191202_21:00:00   8.3126e-02   2.5579e+01   1.9155e+00   2.8680e-04   0.0000e+00   2.3326e+02
20191203_00:00:00   8.0768e-02   2.4932e+01   1.7712e+00   2.2160e-03   2.6520e-06   2.3413e+02
20191203_03:00:00   8.2487e-02   2.5358e+01   1.8701e+00   1.2640e-03   7.4420e-04   2.3201e+02
20191203_06:00:00   7.6820e-02   2.3979e+01   1.7949e+00   0.0000e+00   8.1660e-06   2.3062e+02
20191203_09:00:00   7.9047e-02   2.4570e+01   1.8424e+00   0.0000e+00   1.4030e-04   2.3191e+02
20191203_12:00:00   8.5727e-02   2.6266e+01   2.0007e+00   0.0000e+00   2.2314e-06   2.3348e+02
20191203_15:00:00   9.9103e-02   2.9549e+01   2.3317e+00   0.0000e+00   2.4311e-05   2.3352e+02
20191203_18:00:00   1.0429e-01   3.0812e+01   2.4616e+00   0.0000e+00   5.0538e-04   2.3532e+02
20191203_21:00:00   1.2270e-01   3.5270e+01   2.8708e+00   0.0000e+00   1.5594e-05   2.3594e+02
20191204_00:00:00   1.1705e-01   3.3996e+01   2.7136e+00   0.0000e+00   1.2028e-03   2.3714e+02
20191204_03:00:00   1.0029e-01   2.9997e+01   2.2922e+00   0.0000e+00   1.4860e-04   2.3360e+02
20191204_06:00:00   8.6848e-02   2.6657e+01   1.9968e+00   0.0000e+00   1.4024e-04   2.3468e+02
20191204_09:00:00   7.6595e-02   2.4106e+01   1.7482e+00   0.0000e+00   3.8556e-04   2.3685e+02
20191204_12:00:00   6.7791e-02   2.1881e+01   1.5274e+00   0.0000e+00   6.0630e-05   2.3623e+02
20191204_15:00:00   6.2735e-02   2.0618e+01   1.3885e+00   0.0000e+00   3.8417e-04   2.3778e+02
20191204_18:00:00   6.2409e-02   2.0576e+01   1.3578e+00   0.0000e+00   1.0730e-04   2.3819e+02
20191204_21:00:00   1.0589e-01   3.1408e+01   2.3059e+00   1.9260e-04   9.7986e-04   2.3861e+02
20191205_00:00:00   1.6820e-01   4.5965e+01   3.1221e+00   1.0179e-02   3.7932e-03   2.3719e+02
20191205_03:00:00   8.5396e-02   2.6360e+01   1.8143e+00   8.3860e-04   3.9818e-04   2.3954e+02
20191205_06:00:00   8.1685e-02   2.5379e+01   1.7930e+00   1.7870e-04   2.6262e-04   2.4065e+02
20191205_09:00:00   1.0098e-01   3.0116e+01   2.0879e+00   2.9470e-03   1.2778e-04   2.4014e+02
20191205_12:00:00   2.1685e-01   5.6631e+01   2.4919e+00   4.3351e-02   1.7180e-04   2.4043e+02
20191205_15:00:00   1.4584e-01   4.0845e+01   2.2577e+00   1.8690e-02   3.7273e-04   2.4110e+02
20191205_18:00:00   9.8040e-02   2.9344e+01   2.2350e+00   0.0000e+00   2.3758e-03   2.3986e+02
20191205_21:00:00   1.0357e-01   3.0648e+01   2.3511e+00   0.0000e+00   1.5182e-03   2.3867e+02
20191206_00:00:00   1.1097e-01   3.2402e+01   2.5092e+00   0.0000e+00   1.2532e-04   2.3794e+02
20191206_03:00:00   1.1972e-01   3.4476e+01   2.6833e+00   0.0000e+00   8.5723e-04   2.3808e+02
20191206_06:00:00   1.0794e-01   3.1608e+01   2.4450e+00   0.0000e+00   1.1869e-03   2.3861e+02
20191206_09:00:00   9.8171e-02   2.9145e+01   2.2566e+00   0.0000e+00   1.3305e-03   2.4034e+02
20191206_12:00:00   1.0734e-01   3.1235e+01   2.5019e+00   0.0000e+00   7.1715e-03   2.3980e+02
20191206_15:00:00   1.0037e-01   2.9578e+01   2.3402e+00   0.0000e+00   9.7654e-03   2.3826e+02
20191206_18:00:00   1.0431e-01   3.0492e+01   2.4334e+00   0.0000e+00   2.6233e-02   2.3926e+02
20191206_21:00:00   1.3896e-01   3.8765e+01   2.9892e+00   3.2830e-03   2.2565e-02   2.4092e+02
20191207_00:00:00   1.2730e-01   3.5999e+01   2.9411e+00   0.0000e+00   9.5556e-03   2.3943e+02
20191207_03:00:00   1.3282e-01   3.7343e+01   3.0370e+00   0.0000e+00   4.4979e-04   2.4168e+02
20191207_06:00:00   1.2775e-01   3.6159e+01   2.9189e+00   0.0000e+00   0.0000e+00   2.4215e+02
20191207_09:00:00   1.1794e-01   3.3756e+01   2.7333e+00   0.0000e+00   2.8277e-03   2.4105e+02
20191207_12:00:00   1.2152e-01   3.4479e+01   2.8678e+00   0.0000e+00   1.3027e-03   2.4119e+02
20191207_15:00:00   1.1799e-01   3.3655e+01   2.7910e+00   0.0000e+00   4.2740e-05   2.4153e+02
20191207_18:00:00   1.1805e-01   3.3778e+01   2.7533e+00   0.0000e+00   0.0000e+00   2.4208e+02
20191207_21:00:00   1.3177e-01   3.7114e+01   2.9665e+00   6.0660e-04   0.0000e+00   2.4098e+02
20191208_00:00:00   1.4952e-01   4.1251e+01   3.3770e+00   0.0000e+00   0.0000e+00   2.4035e+02
20191208_03:00:00   1.3325e-01   3.7567e+01   3.0052e+00   0.0000e+00   0.0000e+00   2.4059e+02
20191208_06:00:00   1.1674e-01   3.3630e+01   2.6594e+00   0.0000e+00   2.1435e-04   2.4138e+02
20191208_09:00:00   1.1645e-01   3.3429e+01   2.6930e+00   0.0000e+00   0.0000e+00   2.4136e+02
20191208_12:00:00   1.0952e-01   3.1727e+01   2.5534e+00   0.0000e+00   0.0000e+00   2.4123e+02
20191208_15:00:00   1.0060e-01   2.9596e+01   2.3432e+00   0.0000e+00   0.0000e+00   2.4228e+02
20191208_18:00:00   9.6142e-02   2.8581e+01   2.2176e+00   0.0000e+00   0.0000e+00   2.4407e+02
20191208_21:00:00   1.0768e-01   3.1452e+01   2.4521e+00   0.0000e+00   0.0000e+00   2.4383e+02
20191209_00:00:00   1.1205e-01   3.2503e+01   2.5588e+00   0.0000e+00   0.0000e+00   2.4353e+02
20191209_03:00:00   1.1298e-01   3.2697e+01   2.5824e+00   0.0000e+00   0.0000e+00   2.4240e+02
20191209_06:00:00   1.1530e-01   3.3139e+01   2.6691e+00   0.0000e+00   0.0000e+00   2.4266e+02
20191209_09:00:00   1.1769e-01   3.3736e+01   2.7103e+00   0.0000e+00   0.0000e+00   2.4351e+02
20191209_12:00:00   1.2649e-01   3.5738e+01   2.9407e+00   0.0000e+00   0.0000e+00   2.4286e+02
20191209_15:00:00   1.3783e-01   3.8352e+01   3.2256e+00   0.0000e+00   0.0000e+00   2.4168e+02
20191209_18:00:00   1.4323e-01   3.9722e+01   3.2968e+00   0.0000e+00   0.0000e+00   2.4279e+02
20191209_21:00:00   2.4252e-01   6.1815e+01   3.4548e+00   3.6250e-02   3.0530e-05   2.4322e+02
20191210_00:00:00   1.2275e-01   3.5262e+01   2.7238e+00   0.0000e+00   0.0000e+00   2.4204e+02
20191210_03:00:00   1.0906e-01   3.1801e+01   2.5101e+00   0.0000e+00   8.4520e-07   2.4168e+02
20191210_06:00:00   1.3845e-01   3.8480e+01   3.2810e+00   0.0000e+00   0.0000e+00   2.4315e+02
20191210_09:00:00   1.3130e-01   3.7077e+01   3.0188e+00   0.0000e+00   0.0000e+00   2.4136e+02
20191210_12:00:00   1.1609e-01   3.3584e+01   2.6480e+00   0.0000e+00   0.0000e+00   2.3988e+02
20191210_15:00:00   1.1635e-01   3.3557e+01   2.6925e+00   0.0000e+00   0.0000e+00   2.4054e+02
20191210_18:00:00   1.1887e-01   3.4172e+01   2.7445e+00   0.0000e+00   0.0000e+00   2.4004e+02
20191210_21:00:00   1.3108e-01   3.7036e+01   3.0240e+00   0.0000e+00   0.0000e+00   2.3955e+02
20191211_00:00:00   1.2046e-01   3.4552e+01   2.7859e+00   0.0000e+00   0.0000e+00   2.4014e+02
20191211_03:00:00   1.3873e-01   3.8662e+01   3.2439e+00   0.0000e+00   0.0000e+00   2.3996e+02
20191211_06:00:00   1.4047e-01   3.9014e+01   3.2894e+00   0.0000e+00   2.6000e-04   2.4070e+02
20191211_09:00:00   1.2522e-01   3.5622e+01   2.9089e+00   0.0000e+00   3.1096e-04   2.4049e+02
20191211_12:00:00   1.1511e-01   3.3345e+01   2.6481e+00   0.0000e+00   6.5242e-04   2.3982e+02
20191211_15:00:00   1.1473e-01   3.3281e+01   2.6298e+00   0.0000e+00   1.2738e-03   2.4014e+02
20191211_18:00:00   1.2514e-01   3.5729e+01   2.8618e+00   0.0000e+00   4.4260e-04   2.4052e+02
20191211_21:00:00   1.4609e-01   4.0623e+01   3.0485e+00   4.9770e-03   6.6133e-05   2.3851e+02
20191212_00:00:00   1.4083e-01   3.9331e+01   3.2086e+00   0.0000e+00   2.0596e-03   2.3610e+02
20191212_03:00:00   1.9872e-01   5.2350e+01   4.4377e+00   0.0000e+00   2.6063e-03   2.3683e+02
20191212_06:00:00   1.6775e-01   4.5515e+01   3.7879e+00   0.0000e+00   3.9610e-03   2.3873e+02
20191212_09:00:00   1.4353e-01   3.9946e+01   3.2535e+00   2.4180e-04   5.4780e-03   2.3990e+02
20191212_12:00:00   2.1812e-01   5.6610e+01   3.8332e+00   1.9960e-02   5.1118e-03   2.3893e+02
20191212_15:00:00   1.9062e-01   5.0491e+01   4.2842e+00   0.0000e+00   6.8820e-03   2.4121e+02
20191212_18:00:00   2.4190e-01   6.1409e+01   5.3738e+00   0.0000e+00   4.0353e-03   2.4134e+02
