#            date       tau225        Tb[K]      pwv[mm] lwp[kg*m^-2] iwp[kg*m^-2]       o3[DU]
20191101_12:00:00   2.7166e-01   6.7092e+01   6.3865e+00   1.0440e-04   4.0790e-06   2.4220e+02
20191101_13:00:00   2.7769e-01   6.8413e+01   6.4402e+00   2.2470e-04   3.2630e-06   2.4226e+02
20191101_14:00:00   2.9488e-01   7.2012e+01   6.2055e+00   1.0960e-02   6.5260e-06   2.4155e+02
20191101_15:00:00   2.8914e-01   7.0938e+01   6.1387e+00   9.8470e-03   6.5260e-06   2.4076e+02
20191101_16:00:00   2.9780e-01   7.2764e+01   6.1311e+00   1.2620e-02   6.5260e-06   2.4136e+02
20191101_17:00:00   2.5459e-01   6.4064e+01   5.8774e+00   1.2990e-04   6.5260e-06   2.4305e+02
20191101_18:00:00   2.6567e-01   6.6286e+01   6.1285e+00   0.0000e+00   6.5260e-06   2.4446e+02
20191101_19:00:00   2.6574e-01   6.6322e+01   6.1301e+00   4.4570e-05   6.5260e-06   2.4606e+02
20191101_20:00:00   2.6733e-01   6.6669e+01   6.1102e+00   1.1940e-03   6.5260e-06   2.4561e+02
20191101_21:00:00   2.9537e-01   7.2427e+01   6.0860e+00   1.3090e-02   6.5260e-06   2.4597e+02
20191101_22:00:00   3.2520e-01   7.8345e+01   6.1716e+00   2.3460e-02   8.6230e-06   2.4633e+02
20191101_23:00:00   3.0987e-01   7.5234e+01   6.3377e+00   1.4330e-02   6.5260e-06   2.4732e+02
20191102_00:00:00   2.7914e-01   6.9021e+01   6.4328e+00   0.0000e+00   3.5810e-06   2.4864e+02
20191102_01:00:00   2.8909e-01   7.0993e+01   6.6190e+00   0.0000e+00   4.6530e-06   2.4835e+02
20191102_02:00:00   2.9986e-01   7.3065e+01   6.8348e+00   0.0000e+00   4.8948e-06   2.4882e+02
20191102_03:00:00   3.1639e-01   7.6186e+01   7.1840e+00   0.0000e+00   1.6427e-05   2.4784e+02
20191102_04:00:00   3.2296e-01   7.7410e+01   7.3210e+00   0.0000e+00   2.4545e-05   2.4708e+02
20191102_05:00:00   3.2587e-01   7.7948e+01   7.3584e+00   0.0000e+00   1.0611e-05   2.4684e+02
20191102_06:00:00   3.2351e-01   7.7499e+01   7.2579e+00   0.0000e+00   1.0850e-06   2.4794e+02
20191102_07:00:00   3.1532e-01   7.5956e+01   7.0397e+00   0.0000e+00   2.1382e-07   2.4872e+02
20191102_08:00:00   3.0675e-01   7.4321e+01   6.8466e+00   0.0000e+00   0.0000e+00   2.4955e+02
20191102_09:00:00   3.0384e-01   7.3763e+01   6.7430e+00   1.0060e-03   0.0000e+00   2.4960e+02
20191102_10:00:00   3.0786e-01   7.4573e+01   6.7714e+00   1.8690e-03   0.0000e+00   2.4929e+02
20191102_11:00:00   3.0435e-01   7.3892e+01   6.7864e+00   0.0000e+00   0.0000e+00   2.4839e+02
20191102_12:00:00   3.0398e-01   7.3848e+01   6.7706e+00   0.0000e+00   3.2630e-06   2.4770e+02
20191102_13:00:00   2.9330e-01   7.1811e+01   6.5506e+00   7.4040e-06   2.4623e-06   2.4842e+02
20191102_14:00:00   2.8429e-01   7.0030e+01   6.3900e+00   3.0000e-05   0.0000e+00   2.4936e+02
20191102_15:00:00   2.9187e-01   7.1464e+01   6.5696e+00   1.6650e-04   0.0000e+00   2.4794e+02
20191102_16:00:00   3.2085e-01   7.7143e+01   6.9041e+00   5.6621e-03   0.0000e+00   2.4655e+02
20191102_17:00:00   6.8774e-01   1.3669e+02   7.6345e+00   1.4480e-01   1.5506e-04   2.4691e+02
20191102_18:00:00   1.3082e+00   1.9904e+02   8.4205e+00   3.8860e-01   2.6522e-04   2.4685e+02
20191102_19:00:00   1.4916e+00   2.1101e+02   8.7696e+00   4.5946e-01   9.2853e-04   2.4780e+02
20191102_20:00:00   8.8834e-01   1.6084e+02   8.7920e+00   2.0797e-01   1.0803e-03   2.4672e+02
20191102_21:00:00   5.3833e-01   1.1448e+02   8.8699e+00   6.2154e-02   2.1097e-03   2.4564e+02
20191102_22:00:00   4.4482e-01   9.9071e+01   9.0637e+00   1.9876e-02   8.2919e-04   2.4512e+02
20191102_23:00:00   6.0333e-01   1.2423e+02   9.2697e+00   8.1873e-02   1.0033e-03   2.4546e+02
20191103_00:00:00   1.4847e+00   2.1044e+02   9.3803e+00   4.4719e-01   4.0203e-03   2.4632e+02
20191103_01:00:00   1.4766e+00   2.0976e+02   9.4161e+00   4.4360e-01   4.1541e-02   2.4771e+02
20191103_02:00:00   8.1280e-01   1.5169e+02   9.5930e+00   1.6251e-01   9.9042e-02   2.4799e+02
20191103_03:00:00   1.0297e+00   1.7485e+02   9.9528e+00   2.4462e-01   2.3632e-01   2.4810e+02
20191103_04:00:00   1.1867e+00   1.8880e+02   1.0094e+01   3.0602e-01   3.7476e-01   2.4821e+02
20191103_05:00:00   1.2287e+00   1.9235e+02   9.9919e+00   3.2608e-01   2.6922e-01   2.4769e+02
20191103_06:00:00   1.2742e+00   1.9579e+02   9.9409e+00   3.4722e-01   1.8000e-01   2.4820e+02
20191103_07:00:00   1.4218e+00   2.0613e+02   9.8097e+00   4.1205e-01   1.7057e-01   2.4770e+02
20191103_08:00:00   1.4006e+00   2.0473e+02   9.4485e+00   4.1000e-01   1.9948e-01   2.4660e+02
20191103_09:00:00   1.5340e+00   2.1300e+02   9.1745e+00   4.7271e-01   5.1987e-02   2.4588e+02
20191103_10:00:00   1.2743e+00   1.9564e+02   9.0226e+00   3.6806e-01   2.4335e-02   2.4544e+02
20191103_11:00:00   1.0656e+00   1.7817e+02   8.9070e+00   2.8234e-01   2.5264e-02   2.4572e+02
20191103_12:00:00   9.2443e-01   1.6431e+02   8.7507e+00   2.2557e-01   8.5635e-03   2.4504e+02
20191103_13:00:00   8.8491e-01   1.6016e+02   8.5184e+00   2.1376e-01   2.3897e-03   2.4414e+02
20191103_14:00:00   7.2095e-01   1.4060e+02   8.3608e+00   1.4820e-01   8.8078e-04   2.4366e+02
20191103_15:00:00   4.9023e-01   1.0685e+02   8.2980e+00   5.3120e-02   2.2170e-04   2.4357e+02
20191103_16:00:00   4.4397e-01   9.9153e+01   8.3529e+00   3.3066e-02   2.2349e-05   2.4508e+02
20191103_17:00:00   4.0736e-01   9.2802e+01   8.3137e+00   1.8378e-02   1.0654e-05   2.4532e+02
20191103_18:00:00   3.6446e-01   8.4921e+01   8.2420e+00   1.9510e-03   8.8219e-05   2.4408e+02
20191103_19:00:00   4.2476e-01   9.5911e+01   8.1832e+00   2.7360e-02   1.1360e-07   2.4425e+02
20191103_20:00:00   4.4273e-01   9.9105e+01   8.1355e+00   3.5670e-02   5.6561e-05   2.4436e+02
20191103_21:00:00   3.5838e-01   8.3812e+01   8.0827e+00   1.5700e-03   1.4134e-05   2.4375e+02
20191103_22:00:00   3.5501e-01   8.3169e+01   8.0704e+00   0.0000e+00   0.0000e+00   2.4309e+02
20191103_23:00:00   3.5290e-01   8.2802e+01   8.0143e+00   0.0000e+00   2.3758e-07   2.4281e+02
20191104_00:00:00   3.5210e-01   8.2638e+01   8.0183e+00   0.0000e+00   1.4848e-07   2.4304e+02
20191104_01:00:00   3.5182e-01   8.2569e+01   8.0165e+00   0.0000e+00   8.1165e-06   2.4281e+02
20191104_02:00:00   3.5016e-01   8.2257e+01   7.9578e+00   0.0000e+00   7.6480e-06   2.4282e+02
20191104_03:00:00   3.4359e-01   8.1083e+01   7.8032e+00   0.0000e+00   3.9843e-05   2.4243e+02
20191104_04:00:00   3.3316e-01   7.9165e+01   7.5788e+00   0.0000e+00   4.3576e-04   2.4240e+02
20191104_05:00:00   3.2705e-01   7.8010e+01   7.4387e+00   0.0000e+00   5.9479e-04   2.4241e+02
20191104_06:00:00   3.2080e-01   7.6834e+01   7.2882e+00   0.0000e+00   3.3778e-05   2.4235e+02
20191104_07:00:00   3.1960e-01   7.6576e+01   7.2462e+00   0.0000e+00   4.5680e-07   2.4252e+02
20191104_08:00:00   3.1334e-01   7.5367e+01   7.1009e+00   0.0000e+00   0.0000e+00   2.4246e+02
20191104_09:00:00   3.0767e-01   7.4281e+01   6.9924e+00   0.0000e+00   0.0000e+00   2.4253e+02
20191104_10:00:00   3.0000e-01   7.2824e+01   6.8340e+00   0.0000e+00   3.1760e-05   2.4276e+02
20191104_11:00:00   2.9910e-01   7.2633e+01   6.8113e+00   0.0000e+00   4.6360e-05   2.4217e+02
20191104_12:00:00   2.9837e-01   7.2478e+01   6.7995e+00   0.0000e+00   3.3800e-07   2.4266e+02
20191104_13:00:00   2.9591e-01   7.1992e+01   6.7589e+00   0.0000e+00   0.0000e+00   2.4345e+02
20191104_14:00:00   2.9515e-01   7.1855e+01   6.7269e+00   0.0000e+00   1.1878e-07   2.4361e+02
20191104_15:00:00   2.9603e-01   7.2061e+01   6.7251e+00   0.0000e+00   4.5680e-07   2.4302e+02
20191104_16:00:00   3.0089e-01   7.3040e+01   6.8107e+00   0.0000e+00   0.0000e+00   2.4290e+02
20191104_17:00:00   3.1669e-01   7.6180e+01   6.8454e+00   5.6680e-03   0.0000e+00   2.4269e+02
20191104_18:00:00   3.3918e-01   8.0506e+01   7.0134e+00   1.1550e-02   0.0000e+00   2.4244e+02
20191104_19:00:00   3.8184e-01   8.8448e+01   7.3042e+00   2.3627e-02   1.0064e-04   2.4240e+02
20191104_20:00:00   6.1392e-01   1.2638e+02   7.4385e+00   1.1815e-01   1.1799e-04   2.4206e+02
20191104_21:00:00   5.6728e-01   1.1950e+02   7.3351e+00   1.0077e-01   9.0243e-05   2.4204e+02
20191104_22:00:00   3.9784e-01   9.1462e+01   7.1823e+00   3.3420e-02   7.7654e-05   2.4127e+02
20191104_23:00:00   3.1720e-01   7.6370e+01   6.9522e+00   4.1710e-03   5.5976e-05   2.4153e+02
20191105_00:00:00   3.0682e-01   7.4373e+01   6.8314e+00   1.6636e-03   5.4884e-05   2.4179e+02
20191105_01:00:00   2.9574e-01   7.2215e+01   6.6699e+00   0.0000e+00   4.0655e-05   2.4231e+02
20191105_02:00:00   2.9167e-01   7.1399e+01   6.5729e+00   0.0000e+00   0.0000e+00   2.4317e+02
20191105_03:00:00   2.8923e-01   7.0903e+01   6.5038e+00   0.0000e+00   0.0000e+00   2.4403e+02
20191105_04:00:00   2.8469e-01   7.0018e+01   6.3851e+00   0.0000e+00   0.0000e+00   2.4327e+02
20191105_05:00:00   2.7458e-01   6.8054e+01   6.1519e+00   0.0000e+00   0.0000e+00   2.4291e+02
20191105_06:00:00   2.6109e-01   6.5366e+01   5.8500e+00   0.0000e+00   0.0000e+00   2.4232e+02
20191105_07:00:00   2.4969e-01   6.3033e+01   5.5938e+00   0.0000e+00   0.0000e+00   2.4192e+02
20191105_08:00:00   2.4163e-01   6.1350e+01   5.4123e+00   0.0000e+00   0.0000e+00   2.4151e+02
20191105_09:00:00   2.2913e-01   5.8765e+01   5.1321e+00   0.0000e+00   0.0000e+00   2.4218e+02
20191105_10:00:00   2.1578e-01   5.5959e+01   4.8392e+00   0.0000e+00   0.0000e+00   2.4231e+02
20191105_11:00:00   2.0941e-01   5.4627e+01   4.7038e+00   0.0000e+00   0.0000e+00   2.4187e+02
20191105_12:00:00   2.1340e-01   5.5460e+01   4.8011e+00   0.0000e+00   0.0000e+00   2.4160e+02
20191105_13:00:00   2.2799e-01   5.8534e+01   5.1264e+00   0.0000e+00   0.0000e+00   2.4218e+02
20191105_14:00:00   2.4571e-01   6.2239e+01   5.5103e+00   0.0000e+00   0.0000e+00   2.4287e+02
20191105_15:00:00   2.6073e-01   6.5315e+01   5.8220e+00   0.0000e+00   0.0000e+00   2.4343e+02
20191105_16:00:00   2.6570e-01   6.6343e+01   5.9173e+00   0.0000e+00   0.0000e+00   2.4320e+02
20191105_17:00:00   2.6613e-01   6.6442e+01   5.9333e+00   0.0000e+00   0.0000e+00   2.4195e+02
20191105_18:00:00   2.6888e-01   6.7002e+01   5.9725e+00   4.3420e-04   0.0000e+00   2.4187e+02
20191105_19:00:00   3.0470e-01   7.4189e+01   6.1728e+00   1.1686e-02   0.0000e+00   2.4203e+02
20191105_20:00:00   3.4708e-01   8.2305e+01   6.4929e+00   2.3652e-02   9.3150e-06   2.4212e+02
20191105_21:00:00   4.1647e-01   9.4896e+01   6.8068e+00   4.7528e-02   6.7351e-05   2.4120e+02
20191105_22:00:00   3.6498e-01   8.5455e+01   7.0313e+00   2.2783e-02   3.7258e-05   2.3977e+02
20191105_23:00:00   3.2244e-01   7.7210e+01   7.2823e+00   1.0653e-03   1.4670e-05   2.3900e+02
20191106_00:00:00   3.5233e-01   8.2827e+01   7.6163e+00   7.6540e-03   1.0978e-04   2.3998e+02
20191106_01:00:00   3.5932e-01   8.4005e+01   7.9623e+00   4.2030e-03   1.8597e-04   2.4061e+02
20191106_02:00:00   3.6255e-01   8.4494e+01   8.2354e+00   2.1940e-04   0.0000e+00   2.4103e+02
20191106_03:00:00   3.6939e-01   8.5682e+01   8.4158e+00   0.0000e+00   0.0000e+00   2.4074e+02
20191106_04:00:00   3.7034e-01   8.5858e+01   8.4393e+00   0.0000e+00   0.0000e+00   2.3977e+02
20191106_05:00:00   3.6303e-01   8.4543e+01   8.2630e+00   0.0000e+00   0.0000e+00   2.3902e+02
20191106_06:00:00   3.4306e-01   8.0920e+01   7.8216e+00   0.0000e+00   0.0000e+00   2.3897e+02
20191106_07:00:00   3.2169e-01   7.6966e+01   7.3209e+00   0.0000e+00   0.0000e+00   2.3811e+02
20191106_08:00:00   3.0310e-01   7.3470e+01   6.8914e+00   0.0000e+00   0.0000e+00   2.3809e+02
20191106_09:00:00   2.9963e-01   7.2794e+01   6.7964e+00   0.0000e+00   0.0000e+00   2.4003e+02
20191106_10:00:00   3.0447e-01   7.3740e+01   6.8866e+00   0.0000e+00   5.5070e-07   2.4177e+02
20191106_11:00:00   3.1062e-01   7.4878e+01   7.0213e+00   0.0000e+00   1.4246e-05   2.4227e+02
20191106_12:00:00   3.1442e-01   7.5562e+01   7.1346e+00   0.0000e+00   7.1240e-06   2.4140e+02
20191106_15:00:00   3.2640e-01   7.7682e+01   7.5382e+00   0.0000e+00   0.0000e+00   2.4166e+02
20191106_18:00:00   3.3666e-01   7.9619e+01   7.7258e+00   5.5040e-04   0.0000e+00   2.4266e+02
20191106_21:00:00   3.6733e-01   8.5245e+01   8.1086e+00   7.9360e-03   1.5996e-03   2.4441e+02
20191107_00:00:00   3.6940e-01   8.5415e+01   8.5898e+00   0.0000e+00   2.2812e-03   2.4303e+02
20191107_03:00:00   3.7289e-01   8.6096e+01   8.6499e+00   0.0000e+00   8.9484e-03   2.4462e+02
20191107_06:00:00   1.9521e-01   5.0947e+01   4.7435e+00   0.0000e+00   7.6940e-05   2.4491e+02
20191107_09:00:00   1.5768e-01   4.2930e+01   3.7509e+00   0.0000e+00   0.0000e+00   2.4369e+02
20191107_12:00:00   1.7983e-01   4.7977e+01   4.1865e+00   0.0000e+00   0.0000e+00   2.4245e+02
20191107_15:00:00   1.4915e-01   4.0995e+01   3.5305e+00   0.0000e+00   0.0000e+00   2.4546e+02
20191107_18:00:00   2.0177e-01   5.2781e+01   4.6941e+00   0.0000e+00   0.0000e+00   2.4657e+02
20191107_21:00:00   2.0100e-01   5.2651e+01   4.5281e+00   2.3230e-03   0.0000e+00   2.4451e+02
20191108_00:00:00   1.9665e-01   5.1584e+01   4.6294e+00   0.0000e+00   1.4246e-05   2.4491e+02
20191108_03:00:00   1.5809e-01   4.3061e+01   3.7665e+00   0.0000e+00   0.0000e+00   2.4602e+02
20191108_06:00:00   1.3910e-01   3.8863e+01   3.2560e+00   0.0000e+00   0.0000e+00   2.4679e+02
20191108_09:00:00   1.4790e-01   4.0696e+01   3.5141e+00   0.0000e+00   0.0000e+00   2.4444e+02
20191108_12:00:00   1.4508e-01   4.0080e+01   3.4314e+00   0.0000e+00   0.0000e+00   2.4537e+02
20191108_15:00:00   1.4380e-01   3.9888e+01   3.3698e+00   0.0000e+00   0.0000e+00   2.4468e+02
20191108_18:00:00   1.5421e-01   4.2283e+01   3.5926e+00   8.6800e-05   0.0000e+00   2.4350e+02
20191108_21:00:00   2.4272e-01   6.1876e+01   4.2076e+00   2.3140e-02   0.0000e+00   2.4285e+02
20191109_00:00:00   2.2434e-01   5.7912e+01   4.6262e+00   7.0004e-03   0.0000e+00   2.4313e+02
20191109_03:00:00   2.1401e-01   5.5646e+01   4.7371e+00   0.0000e+00   6.9320e-06   2.4691e+02
20191109_06:00:00   1.9776e-01   5.2233e+01   4.3045e+00   2.1760e-03   0.0000e+00   2.4793e+02
20191109_09:00:00   1.7295e-01   4.6746e+01   3.8788e+00   0.0000e+00   0.0000e+00   2.4716e+02
20191109_12:00:00   1.5692e-01   4.3091e+01   3.5600e+00   0.0000e+00   0.0000e+00   2.4568e+02
20191109_15:00:00   1.5128e-01   4.1845e+01   3.4290e+00   0.0000e+00   0.0000e+00   2.4456e+02
20191109_18:00:00   1.6218e-01   4.4351e+01   3.6601e+00   0.0000e+00   0.0000e+00   2.4428e+02
20191109_21:00:00   2.4226e-01   6.2011e+01   3.8896e+00   2.7600e-02   0.0000e+00   2.4077e+02
20191110_00:00:00   1.9121e-01   5.0905e+01   4.1200e+00   2.0620e-03   0.0000e+00   2.4098e+02
20191110_03:00:00   1.8180e-01   4.8848e+01   3.9927e+00   2.6020e-04   0.0000e+00   2.4290e+02
20191110_06:00:00   1.7799e-01   4.7967e+01   3.9225e+00   0.0000e+00   0.0000e+00   2.4497e+02
20191110_09:00:00   1.5848e-01   4.3582e+01   3.4996e+00   0.0000e+00   0.0000e+00   2.4275e+02
20191110_12:00:00   1.3771e-01   3.8815e+01   3.0543e+00   0.0000e+00   0.0000e+00   2.4139e+02
20191110_15:00:00   1.2764e-01   3.6505e+01   2.8340e+00   0.0000e+00   0.0000e+00   2.4209e+02
20191110_18:00:00   1.3735e-01   3.8779e+01   2.9356e+00   1.9790e-03   1.9790e-06   2.4280e+02
20191110_21:00:00   1.9248e-01   5.1078e+01   4.0556e+00   4.7500e-03   4.2740e-05   2.4389e+02
20191111_00:00:00   1.7832e-01   4.7915e+01   4.0339e+00   0.0000e+00   0.0000e+00   2.4066e+02
20191111_03:00:00   1.4841e-01   4.1201e+01   3.3607e+00   1.2460e-04   0.0000e+00   2.4097e+02
20191111_06:00:00   1.3345e-01   3.7730e+01   3.0302e+00   0.0000e+00   0.0000e+00   2.4138e+02
20191111_09:00:00   1.2444e-01   3.5537e+01   2.8678e+00   0.0000e+00   0.0000e+00   2.3962e+02
20191111_12:00:00   1.1476e-01   3.3260e+01   2.6541e+00   0.0000e+00   0.0000e+00   2.4052e+02
20191111_15:00:00   1.0852e-01   3.1808e+01   2.5112e+00   0.0000e+00   0.0000e+00   2.4050e+02
20191111_18:00:00   1.2438e-01   3.5613e+01   2.8707e+00   0.0000e+00   0.0000e+00   2.3881e+02
20191111_21:00:00   3.2338e-01   7.8247e+01   4.5627e+00   5.0390e-02   1.1308e-03   2.3820e+02
20191112_00:00:00   1.9409e-01   5.1446e+01   4.4109e+00   0.0000e+00   5.0199e-05   2.3818e+02
20191112_03:00:00   1.9296e-01   5.1174e+01   4.3472e+00   8.6960e-04   2.6518e-04   2.3871e+02
20191112_06:00:00   1.7728e-01   4.7738e+01   3.9791e+00   4.9120e-04   1.6540e-04   2.3893e+02
20191112_09:00:00   1.6916e-01   4.5805e+01   3.8904e+00   0.0000e+00   2.3938e-03   2.3715e+02
20191112_12:00:00   1.6234e-01   4.4239e+01   3.7578e+00   0.0000e+00   1.2039e-03   2.3814e+02
20191112_15:00:00   1.6358e-01   4.4497e+01   3.7838e+00   0.0000e+00   4.5198e-03   2.3898e+02
20191112_18:00:00   1.6061e-01   4.3809e+01   3.7305e+00   0.0000e+00   3.4101e-03   2.3855e+02
20191112_21:00:00   1.7995e-01   4.8146e+01   4.1448e+00   4.7110e-04   6.3288e-04   2.3781e+02
20191113_00:00:00   1.7591e-01   4.7210e+01   4.1371e+00   0.0000e+00   1.0226e-03   2.3297e+02
20191113_03:00:00   1.8952e-01   4.9953e+01   4.5375e+00   0.0000e+00   4.5931e-03   2.3330e+02
20191113_06:00:00   2.0926e-01   5.4059e+01   4.9951e+00   0.0000e+00   1.0534e-02   2.3542e+02
20191113_09:00:00   2.2311e-01   5.6880e+01   5.3072e+00   0.0000e+00   7.4131e-03   2.3704e+02
20191113_12:00:00   2.4601e-01   6.1683e+01   5.7612e+00   0.0000e+00   6.4701e-03   2.3591e+02
20191113_15:00:00   2.6011e-01   6.4759e+01   5.7345e+00   6.8180e-03   4.2106e-03   2.3611e+02
20191113_18:00:00   2.7895e-01   6.8778e+01   5.5658e+00   1.7330e-02   5.8654e-04   2.3602e+02
20191113_21:00:00   2.6319e-01   6.5548e+01   5.6033e+00   1.0020e-02   4.9086e-03   2.3555e+02
20191114_00:00:00   2.7224e-01   6.7423e+01   5.8390e+00   8.0130e-03   6.5795e-03   2.3688e+02
20191114_03:00:00   2.9616e-01   7.2007e+01   6.3789e+00   7.9910e-03   5.8296e-03   2.3865e+02
20191114_06:00:00   2.5635e-01   6.3831e+01   5.9819e+00   8.3720e-04   3.9040e-03   2.3676e+02
20191114_09:00:00   2.3331e-01   5.9188e+01   5.4179e+00   6.9470e-04   3.6791e-03   2.3614e+02
20191114_12:00:00   2.4249e-01   6.1185e+01   5.6265e+00   3.4700e-04   5.5206e-03   2.3636e+02
20191114_15:00:00   2.3597e-01   5.9886e+01   5.4951e+00   1.1910e-04   3.0122e-03   2.3839e+02
20191114_18:00:00   2.1349e-01   5.5192e+01   5.0204e+00   0.0000e+00   8.3898e-04   2.3954e+02
20191114_21:00:00   2.1697e-01   5.6016e+01   4.8877e+00   3.9750e-03   1.5524e-03   2.3956e+02
20191115_00:00:00   2.1782e-01   5.6075e+01   5.1417e+00   0.0000e+00   3.4845e-03   2.3910e+02
20191115_03:00:00   2.1949e-01   5.6305e+01   5.2328e+00   0.0000e+00   1.5297e-04   2.3725e+02
20191115_06:00:00   2.1205e-01   5.4674e+01   5.0884e+00   0.0000e+00   7.7000e-06   2.4044e+02
20191115_09:00:00   2.0384e-01   5.2948e+01   4.8911e+00   0.0000e+00   7.8200e-06   2.4130e+02
20191115_12:00:00   2.2010e-01   5.6511e+01   5.2134e+00   0.0000e+00   1.0606e-04   2.4012e+02
20191115_15:00:00   2.1703e-01   5.6008e+01   5.1012e+00   0.0000e+00   2.6797e-04   2.4067e+02
20191115_18:00:00   2.1722e-01   5.6068e+01   5.0846e+00   0.0000e+00   8.6880e-05   2.4102e+02
20191115_21:00:00   2.3052e-01   5.8817e+01   5.3798e+00   0.0000e+00   8.0120e-05   2.3826e+02
20191116_00:00:00   2.3964e-01   6.0677e+01   5.6061e+00   0.0000e+00   9.8233e-05   2.3669e+02
20191116_03:00:00   2.4145e-01   6.0965e+01   5.6720e+00   1.1970e-04   2.9594e-05   2.3634e+02
20191116_06:00:00   2.4269e-01   6.1152e+01   5.5825e+00   2.8260e-03   5.3678e-04   2.3778e+02
20191116_09:00:00   2.2421e-01   5.7335e+01   5.2906e+00   0.0000e+00   8.1580e-06   2.3912e+02
20191116_12:00:00   2.1971e-01   5.6414e+01   5.1589e+00   0.0000e+00   2.0222e-04   2.3918e+02
20191116_15:00:00   2.3095e-01   5.8753e+01   5.4312e+00   0.0000e+00   1.4636e-03   2.3979e+02
20191116_18:00:00   2.5245e-01   6.3101e+01   5.9813e+00   0.0000e+00   9.0241e-03   2.3873e+02
20191116_21:00:00   3.1404e-01   7.5320e+01   6.8246e+00   1.1020e-02   1.0086e-02   2.3593e+02
20191117_00:00:00   2.9267e-01   7.1011e+01   6.9594e+00   0.0000e+00   9.3630e-03   2.3564e+02
20191117_03:00:00   3.0616e-01   7.3555e+01   7.2681e+00   0.0000e+00   2.1707e-03   2.3700e+02
20191117_06:00:00   3.0710e-01   7.3874e+01   7.2017e+00   0.0000e+00   0.0000e+00   2.3734e+02
20191117_09:00:00   2.8983e-01   7.0756e+01   6.6946e+00   0.0000e+00   1.2014e-05   2.3884e+02
20191117_12:00:00   2.8830e-01   7.0457e+01   6.6444e+00   0.0000e+00   7.1240e-06   2.3805e+02
