#            date       tau225        Tb[K]      pwv[mm] lwp[kg*m^-2] iwp[kg*m^-2]       o3[DU]
20191012_00:00:00   1.5763e+00   2.2801e+02   2.6724e+01   1.1519e-02   7.6445e-04   2.5238e+02
20191012_01:00:00   2.1954e-01   5.6888e+01   5.0537e+00   0.0000e+00   1.3586e-03   2.5081e+02
20191012_02:00:00   2.0466e-01   5.3736e+01   4.6763e+00   0.0000e+00   1.6667e-03   2.5059e+02
20191012_03:00:00   0.0000e+00   0.0000e+00   0.0000e+00   0.0000e+00   0.0000e+00   0.0000e+00
20191012_04:00:00   0.0000e+00   0.0000e+00   0.0000e+00   0.0000e+00   0.0000e+00   0.0000e+00
20191012_05:00:00   2.6527e-01   6.6021e+01   6.1816e+00   0.0000e+00   5.4444e-03   2.4997e+02
20191012_06:00:00   0.0000e+00   0.0000e+00   0.0000e+00   0.0000e+00   0.0000e+00   0.0000e+00
20191012_07:00:00   0.0000e+00   0.0000e+00   0.0000e+00   0.0000e+00   0.0000e+00   0.0000e+00
20191012_08:00:00   3.9283e-01   9.0420e+01   8.8853e+00   2.4120e-04   1.6857e-03   2.5284e+02
20191012_09:00:00   3.3090e-01   7.8879e+01   7.5340e+00   0.0000e+00   1.7376e-03   2.5065e+02
20191012_10:00:00   2.9491e-01   7.2043e+01   6.7351e+00   0.0000e+00   3.8064e-03   2.5042e+02
20191012_11:00:00   2.6481e-01   6.6121e+01   6.0677e+00   3.5720e-04   2.6447e-03   2.5095e+02
20191012_12:00:00   2.2323e-01   5.7524e+01   5.1853e+00   1.1970e-04   6.5120e-04   2.5144e+02
20191012_13:00:00   3.1403e-01   7.6563e+01   6.8751e+00   1.6815e-03   2.6039e-03   2.5032e+02
20191012_14:00:00   0.0000e+00   2.7000e+00   0.0000e+00   0.0000e+00   0.0000e+00   0.0000e+00
20191012_15:00:00   2.9457e-01   7.1804e+01   6.8546e+00   0.0000e+00   2.8686e-03   2.5188e+02
20191012_16:00:00   3.3716e-01   7.9914e+01   7.8034e+00   0.0000e+00   2.1786e-03   2.5179e+02
20191012_17:00:00   0.0000e+00   0.0000e+00   0.0000e+00   0.0000e+00   0.0000e+00   0.0000e+00
20191012_18:00:00   4.3254e-01   9.7185e+01   8.9370e+00   1.7229e-02   5.4968e-03   2.5166e+02
20191012_19:00:00   0.0000e+00   0.0000e+00   0.0000e+00   0.0000e+00   0.0000e+00   0.0000e+00
20191012_20:00:00   4.6400e-01   1.0264e+02   8.3019e+00   4.4417e-02   3.3366e-02   2.5150e+02
20191012_21:00:00   0.0000e+00   0.0000e+00   0.0000e+00   0.0000e+00   0.0000e+00   0.0000e+00
20191012_22:00:00   4.0168e-01   9.1864e+01   7.9211e+00   2.6647e-02   4.1076e-02   2.5401e+02
20191012_23:00:00   0.0000e+00   0.0000e+00   0.0000e+00   0.0000e+00   0.0000e+00   0.0000e+00
20191013_00:00:00   9.9365e+04   2.4800e+02   5.4412e+00   0.0000e+00   3.3470e+06   2.5644e+02
20191013_01:00:00   2.7287e-01   6.7609e+01   6.3018e+00   2.6436e-03   1.3821e-02   2.5592e+02
20191013_02:00:00   2.3746e-01   6.0286e+01   5.6649e+00   0.0000e+00   6.0655e-03   2.5638e+02
20191013_04:00:00   0.0000e+00   2.7000e+00   0.0000e+00   0.0000e+00   0.0000e+00   0.0000e+00
20191013_05:00:00   2.2678e-01   5.7932e+01   5.4523e+00   0.0000e+00   4.5201e-04   2.5806e+02
20191013_06:00:00   2.2512e-01   5.7550e+01   5.4264e+00   0.0000e+00   1.3193e-04   2.5774e+02
20191013_07:00:00   0.0000e+00   0.0000e+00   0.0000e+00   0.0000e+00   0.0000e+00   0.0000e+00
20191013_08:00:00   0.0000e+00   2.7000e+00   0.0000e+00   0.0000e+00   0.0000e+00   0.0000e+00
20191013_09:00:00   2.2387e-01   5.7450e+01   5.3030e+00   0.0000e+00   1.2056e-05   2.5616e+02
20191013_10:00:00   0.0000e+00   0.0000e+00   0.0000e+00   0.0000e+00   0.0000e+00   0.0000e+00
20191013_11:00:00   0.0000e+00   0.0000e+00   0.0000e+00   0.0000e+00   0.0000e+00   0.0000e+00
20191013_12:00:00   0.0000e+00   0.0000e+00   0.0000e+00   0.0000e+00   0.0000e+00   0.0000e+00
20191013_13:00:00   1.8834e-01   5.0036e+01   4.4225e+00   0.0000e+00   7.7700e-06   2.5603e+02
20191013_14:00:00   0.0000e+00   0.0000e+00   0.0000e+00   0.0000e+00   0.0000e+00   0.0000e+00
20191013_15:00:00   2.0056e-01   5.2618e+01   4.7696e+00   0.0000e+00   8.6140e-06   2.5839e+02
20191013_16:00:00   2.1519e-01   5.5727e+01   5.1295e+00   0.0000e+00   6.8450e-06   2.5899e+02
20191013_17:00:00   2.3814e-01   6.0526e+01   5.6695e+00   0.0000e+00   6.7970e-06   2.5869e+02
20191013_18:00:00   0.0000e+00   0.0000e+00   0.0000e+00   0.0000e+00   0.0000e+00   0.0000e+00
20191013_19:00:00   1.9509e-01   5.0831e+01   4.8317e+00   0.0000e+00   2.3300e-05   2.5514e+02
20191013_20:00:00   3.5412e-01   8.3351e+01   7.5294e+00   1.3880e-02   8.4204e-05   2.5228e+02
20191013_21:00:00   3.5014e-01   8.2603e+01   7.7711e+00   7.1470e-03   5.8787e-04   2.5119e+02
20191013_22:00:00   3.2894e-01   7.8679e+01   7.5930e+00   7.9470e-04   2.8460e-04   2.5143e+02
20191013_23:00:00   3.1221e-01   7.5562e+01   7.2199e+00   2.4020e-04   1.3925e-05   2.5193e+02
20191014_00:00:00   0.0000e+00   2.7000e+00   0.0000e+00   0.0000e+00   0.0000e+00   0.0000e+00
20191014_01:00:00   2.9735e-01   7.2697e+01   6.9052e+00   0.0000e+00   1.0149e-05   2.5052e+02
20191014_02:00:00   2.7050e-01   6.7454e+01   6.2463e+00   0.0000e+00   6.1940e-06   2.5143e+02
20191014_03:00:00   2.2579e-01   5.8325e+01   5.1894e+00   0.0000e+00   4.7650e-06   2.5260e+02
20191014_04:00:00   1.8837e-01   5.0253e+01   4.3513e+00   0.0000e+00   4.6770e-06   2.5335e+02
20191014_05:00:00   0.0000e+00   0.0000e+00   0.0000e+00   0.0000e+00   0.0000e+00   0.0000e+00
20191014_06:00:00   0.0000e+00   0.0000e+00   0.0000e+00   0.0000e+00   0.0000e+00   0.0000e+00
20191014_07:00:00   1.4227e-01   3.9769e+01   3.3387e+00   0.0000e+00   4.5870e-06   2.5498e+02
20191014_08:00:00   5.9264e-01   1.2458e+02   1.1885e+01   0.0000e+00   1.7009e-05   2.5777e+02
20191014_09:00:00   1.9609e-01   5.1975e+01   3.3586e+00   4.2460e-03   2.7475e-04   2.8436e+02
20191014_10:00:00   0.0000e+00   0.0000e+00   0.0000e+00   0.0000e+00   0.0000e+00   0.0000e+00
20191014_11:00:00   0.0000e+00   0.0000e+00   0.0000e+00   0.0000e+00   0.0000e+00   0.0000e+00
20191014_12:00:00   0.0000e+00   0.0000e+00   0.0000e+00   0.0000e+00   0.0000e+00   0.0000e+00
20191014_13:00:00   0.0000e+00   2.7000e+00   0.0000e+00   0.0000e+00   0.0000e+00   0.0000e+00
20191014_14:00:00   0.0000e+00   2.7000e+00   0.0000e+00   0.0000e+00   0.0000e+00   0.0000e+00
20191014_15:00:00   2.0716e-01   5.4288e+01   4.8217e+00   0.0000e+00   5.3190e-05   2.5482e+02
20191014_16:00:00   3.4298e-02   1.2179e+01   2.4985e-01   0.0000e+00   3.2632e-05   1.9854e+02
20191014_17:00:00   2.9832e-01   7.3724e+01   6.5697e+00   4.3430e-04   4.1810e-05   2.5499e+02
20191014_18:00:00   0.0000e+00   0.0000e+00   0.0000e+00   0.0000e+00   0.0000e+00   0.0000e+00
20191014_19:00:00   0.0000e+00   0.0000e+00   0.0000e+00   0.0000e+00   0.0000e+00   0.0000e+00
20191014_20:00:00   2.5742e-01   6.4759e+01   5.5808e+00   7.5080e-03   3.5036e-04   2.5364e+02
20191014_21:00:00   2.4939e-01   6.3169e+01   5.4687e+00   5.4717e-03   2.6243e-04   2.5305e+02
20191014_22:00:00   0.0000e+00   0.0000e+00   0.0000e+00   0.0000e+00   0.0000e+00   0.0000e+00
20191014_23:00:00   2.2126e-01   5.7382e+01   5.0630e+00   0.0000e+00   4.7490e-05   2.5363e+02
20191015_00:00:00   0.0000e+00   0.0000e+00   0.0000e+00   0.0000e+00   0.0000e+00   0.0000e+00
20191015_01:00:00   2.0119e-01   5.3084e+01   4.6088e+00   0.0000e+00   3.5830e-05   2.5564e+02
20191015_02:00:00   0.0000e+00   0.0000e+00   0.0000e+00   0.0000e+00   0.0000e+00   0.0000e+00
20191015_03:00:00   1.9714e-01   5.2016e+01   4.6145e+00   0.0000e+00   5.1870e-05   2.5414e+02
20191015_04:00:00   1.9907e-01   5.2769e+01   4.6225e+00   0.0000e+00   1.2002e-05   2.5283e+02
20191015_05:00:00   1.9224e-01   5.1276e+01   4.4672e+00   0.0000e+00   9.2020e-06   2.5150e+02
20191015_06:00:00   2.1430e-01   5.5604e+01   5.0381e+00   0.0000e+00   2.0799e-05   2.5378e+02
20191015_07:00:00   0.0000e+00   0.0000e+00   0.0000e+00   0.0000e+00   0.0000e+00   0.0000e+00
20191015_08:00:00   0.0000e+00   0.0000e+00   0.0000e+00   0.0000e+00   0.0000e+00   0.0000e+00
20191015_09:00:00   0.0000e+00   0.0000e+00   0.0000e+00   0.0000e+00   0.0000e+00   0.0000e+00
20191015_10:00:00   2.0084e-01   5.2582e+01   4.7904e+00   0.0000e+00   1.7190e-05   2.5418e+02
20191015_11:00:00   2.0070e-01   5.2574e+01   4.7787e+00   0.0000e+00   5.5703e-05   2.5310e+02
20191015_12:00:00   0.0000e+00   0.0000e+00   0.0000e+00   0.0000e+00   0.0000e+00   0.0000e+00
20191015_13:00:00   2.4023e-01   6.0925e+01   5.7009e+00   0.0000e+00   3.9084e-05   2.5359e+02
20191015_14:00:00   2.5170e-01   6.3392e+01   5.9228e+00   0.0000e+00   2.7004e-05   2.5489e+02
20191015_15:00:00   2.3729e-01   6.0490e+01   5.5840e+00   0.0000e+00   5.3358e-05   2.5566e+02
20191015_16:00:00   1.1147e-01   3.2278e+01   2.5802e+00   0.0000e+00   0.0000e+00   2.5818e+02
20191015_17:00:00   2.1449e-01   5.5682e+01   5.0743e+00   0.0000e+00   2.9404e-05   2.5676e+02
20191015_18:00:00   0.0000e+00   2.7000e+00   0.0000e+00   0.0000e+00   0.0000e+00   0.0000e+00
20191015_19:00:00   2.4684e-01   6.2387e+01   5.7706e+00   6.8410e-04   1.1349e-04   2.5581e+02
20191015_20:00:00   3.7228e-01   8.9959e+01   7.0661e+00   0.0000e+00   0.0000e+00   2.7507e+02
20191015_21:00:00   0.0000e+00   2.7000e+00   0.0000e+00   0.0000e+00   0.0000e+00   0.0000e+00
20191015_22:00:00   2.6875e-01   6.7066e+01   5.8227e+00   6.6740e-03   1.7061e-03   2.5482e+02
20191015_23:00:00   2.5747e-01   6.4737e+01   5.6859e+00   4.6570e-03   6.4873e-03   2.5302e+02
20191016_00:00:00   0.0000e+00   0.0000e+00   0.0000e+00   0.0000e+00   0.0000e+00   0.0000e+00
20191016_01:00:00   2.6002e-01   6.5233e+01   5.9480e+00   0.0000e+00   3.4944e-03   2.5375e+02
20191016_02:00:00   7.7299e-02   2.4157e+01   1.6894e+00   0.0000e+00   0.0000e+00   2.5995e+02
20191016_03:00:00   0.0000e+00   0.0000e+00   0.0000e+00   0.0000e+00   0.0000e+00   0.0000e+00
20191016_04:00:00   3.7503e-01   8.7240e+01   8.4693e+00   0.0000e+00   4.0244e-03   2.5534e+02
20191016_05:00:00   1.5619e-01   4.2917e+01   3.2907e+00   0.0000e+00   0.0000e+00   2.7411e+02
20191016_06:00:00   3.7557e-01   8.7255e+01   8.5320e+00   0.0000e+00   7.3271e-04   2.5572e+02
20191016_07:00:00   4.2134e-01   9.5366e+01   9.4463e+00   0.0000e+00   3.2859e-03   2.5544e+02
20191016_08:00:00   4.4607e-01   9.9582e+01   9.8270e+00   2.7467e-03   6.7609e-03   2.5498e+02
20191016_09:00:00   0.0000e+00   0.0000e+00   0.0000e+00   0.0000e+00   0.0000e+00   0.0000e+00
20191016_10:00:00   0.0000e+00   0.0000e+00   0.0000e+00   0.0000e+00   0.0000e+00   0.0000e+00
20191016_11:00:00   0.0000e+00   0.0000e+00   0.0000e+00   0.0000e+00   0.0000e+00   0.0000e+00
20191016_12:00:00   0.0000e+00   0.0000e+00   0.0000e+00   0.0000e+00   0.0000e+00   0.0000e+00
20191016_13:00:00   0.0000e+00   2.7000e+00   0.0000e+00   0.0000e+00   0.0000e+00   0.0000e+00
20191016_14:00:00   0.0000e+00   2.7000e+00   0.0000e+00   0.0000e+00   0.0000e+00   0.0000e+00
20191016_15:00:00   3.5172e-01   8.3592e+01   7.2795e+00   6.5470e-04   8.7930e-05   2.5726e+02
20191016_16:00:00   2.1880e+00   2.4152e+02   1.1803e+01   6.9765e-01   4.6763e-01   2.5836e+02
20191016_17:00:00   2.0610e+00   2.3762e+02   1.2023e+01   6.3600e-01   5.2584e-01   2.5918e+02
20191016_18:00:00   1.9160e+00   2.3232e+02   1.1846e+01   5.7754e-01   3.9345e-01   2.5787e+02
20191016_19:00:00   0.0000e+00   0.0000e+00   0.0000e+00   0.0000e+00   0.0000e+00   0.0000e+00
20191016_20:00:00   2.2980e+00   2.4547e+02   1.1824e+01   7.3765e-01   2.3778e-01   2.5504e+02
20191016_21:00:00   0.0000e+00   0.0000e+00   0.0000e+00   0.0000e+00   0.0000e+00   0.0000e+00
20191016_22:00:00   2.2109e+00   2.4311e+02   1.1576e+01   7.0648e-01   1.1139e-01   2.5173e+02
20191016_23:00:00   8.1975e+03   1.6251e+02   2.5462e+00   0.0000e+00   5.7640e+05   2.5004e+02
20191017_00:00:00   0.0000e+00   0.0000e+00   0.0000e+00   0.0000e+00   0.0000e+00   0.0000e+00
20191017_03:00:00   1.7759e+00   2.2680e+02   1.0345e+01   5.4757e-01   1.1686e-02   2.5365e+02
20191017_06:00:00   8.6258e-01   1.5808e+02   1.1063e+01   1.5599e-01   7.4198e-02   2.5412e+02
20191017_09:00:00   1.3999e+00   2.0549e+02   1.1294e+01   3.7334e-01   3.8441e-01   2.5408e+02
20191017_12:00:00   2.4439e+00   2.4906e+02   1.1192e+01   8.1232e-01   1.0164e-01   2.5471e+02
20191017_15:00:00   3.4884e+00   2.6981e+02   2.1299e+01   9.7922e-01   3.6638e-02   2.5547e+02
20191017_18:00:00   1.9633e+00   2.3616e+02   1.5109e+01   5.1718e-01   1.6154e-01   2.5195e+02
20191017_21:00:00   0.0000e+00   0.0000e+00   0.0000e+00   0.0000e+00   0.0000e+00   0.0000e+00
20191018_00:00:00   1.2672e+00   1.9647e+02   1.1706e+01   3.1013e-01   4.6198e-02   2.4833e+02
20191018_03:00:00   2.1602e+00   2.4145e+02   1.1554e+01   6.8513e-01   9.9501e-02   2.4845e+02
20191018_06:00:00   1.6281e-04   2.8129e+00   1.9235e-04   0.0000e+00   0.0000e+00   1.5784e+02
20191018_09:00:00   0.0000e+00   0.0000e+00   0.0000e+00   0.0000e+00   0.0000e+00   0.0000e+00
20191018_12:00:00   0.0000e+00   0.0000e+00   0.0000e+00   0.0000e+00   0.0000e+00   0.0000e+00
20191018_15:00:00   1.1707e+00   1.8881e+02   1.0701e+01   2.8735e-01   9.7963e-03   2.4931e+02
20191018_18:00:00   7.8491e-02   2.4353e+01   1.6372e+00   0.0000e+00   0.0000e+00   2.5612e+02
20191018_21:00:00   0.0000e+00   2.7000e+00   0.0000e+00   0.0000e+00   0.0000e+00   0.0000e+00
20191019_00:00:00   2.6584e+00   2.5323e+02   1.2702e+01   8.9735e-01   5.1660e-01   2.4713e+02
20191019_03:00:00   0.0000e+00   0.0000e+00   0.0000e+00   0.0000e+00   0.0000e+00   0.0000e+00
20191019_06:00:00   0.0000e+00   0.0000e+00   0.0000e+00   0.0000e+00   0.0000e+00   0.0000e+00
20191019_09:00:00   0.0000e+00   0.0000e+00   0.0000e+00   0.0000e+00   0.0000e+00   0.0000e+00
20191019_12:00:00   1.8376e-01   4.9859e+01   3.9143e+00   0.0000e+00   0.0000e+00   2.5866e+02
20191019_15:00:00   4.1634e-01   9.4544e+01   9.6358e+00   0.0000e+00   1.3690e-02   2.5039e+02
20191019_18:00:00   0.0000e+00   2.7000e+00   0.0000e+00   0.0000e+00   0.0000e+00   0.0000e+00
20191019_21:00:00   0.0000e+00   0.0000e+00   0.0000e+00   0.0000e+00   0.0000e+00   0.0000e+00
20191020_00:00:00   5.0662e-01   1.0952e+02   1.1391e+01   3.7724e-03   4.2549e-03   2.4594e+02
20191020_03:00:00   0.0000e+00   0.0000e+00   0.0000e+00   0.0000e+00   0.0000e+00   0.0000e+00
20191020_06:00:00   0.0000e+00   0.0000e+00   0.0000e+00   0.0000e+00   0.0000e+00   0.0000e+00
20191020_09:00:00   1.0683e+00   1.7920e+02   1.1589e+01   2.3092e-01   3.1052e-01   2.4705e+02
20191020_12:00:00   5.8097e-01   1.2106e+02   1.1192e+01   3.8150e-02   3.4141e-02   2.5014e+02
20191020_15:00:00   4.6197e-01   1.0257e+02   9.5912e+00   1.8386e-02   5.1672e-05   2.4772e+02
20191020_18:00:00   0.0000e+00   0.0000e+00   0.0000e+00   0.0000e+00   0.0000e+00   0.0000e+00
20191020_21:00:00   4.7190e-01   1.0400e+02   1.0886e+01   4.7160e-04   5.4266e-03   2.4479e+02
20191021_00:00:00   5.3783e-01   1.1421e+02   1.1953e+01   3.1864e-03   2.7850e-01   2.4618e+02
20191021_03:00:00   2.2327e-02   9.9436e+00   2.9305e-01   0.0000e+00   0.0000e+00   2.6949e+02
20191021_06:00:00   7.8553e-01   1.4925e+02   1.0859e+01   1.2684e-01   1.4504e-02   2.4412e+02
20191021_09:00:00   6.3810e-02   2.0640e+01   1.3481e+00   0.0000e+00   0.0000e+00   2.6295e+02
20191021_12:00:00   0.0000e+00   2.7000e+00   0.0000e+00   0.0000e+00   0.0000e+00   0.0000e+00
20191021_15:00:00   3.4850e-01   8.2785e+01   7.7477e+00   0.0000e+00   1.2182e-03   2.4725e+02
20191021_18:00:00   0.0000e+00   2.7000e+00   0.0000e+00   0.0000e+00   0.0000e+00   0.0000e+00
20191021_21:00:00   2.9818e-01   7.3203e+01   6.7993e+00   0.0000e+00   7.9782e-03   2.4416e+02
20191022_00:00:00   3.1455e-01   7.6284e+01   7.1687e+00   0.0000e+00   2.6954e-03   2.4166e+02
20191022_03:00:00   3.1264e-01   7.6187e+01   6.7826e+00   0.0000e+00   2.8914e-05   2.4379e+02
20191022_06:00:00   0.0000e+00   0.0000e+00   0.0000e+00   0.0000e+00   0.0000e+00   0.0000e+00
20191022_09:00:00   0.0000e+00   2.7000e+00   0.0000e+00   0.0000e+00   0.0000e+00   0.0000e+00
20191022_12:00:00   0.0000e+00   2.7000e+00   0.0000e+00   0.0000e+00   0.0000e+00   0.0000e+00
20191022_15:00:00   1.7511e-01   4.7076e+01   4.0664e+00   0.0000e+00   4.0446e-03   2.4566e+02
20191022_18:00:00   2.3934e-01   6.0315e+01   5.7610e+00   0.0000e+00   1.7392e-02   2.4526e+02
20191022_21:00:00   0.0000e+00   0.0000e+00   0.0000e+00   0.0000e+00   0.0000e+00   0.0000e+00
20191023_00:00:00   3.2733e-01   7.7608e+01   7.7537e+00   0.0000e+00   4.1420e-02   2.4685e+02
20191023_03:00:00   0.0000e+00   2.7000e+00   0.0000e+00   0.0000e+00   0.0000e+00   0.0000e+00
20191023_06:00:00   0.0000e+00   2.7000e+00   0.0000e+00   0.0000e+00   0.0000e+00   0.0000e+00
20191023_09:00:00   4.0406e-01   9.2037e+01   9.0478e+00   1.3580e-03   2.6518e-03   2.5049e+02
20191023_12:00:00   0.0000e+00   0.0000e+00   0.0000e+00   0.0000e+00   0.0000e+00   0.0000e+00
20191023_15:00:00   3.6287e-01   8.4399e+01   8.3677e+00   0.0000e+00   1.4677e-03   2.4848e+02
20191023_18:00:00   0.0000e+00   0.0000e+00   0.0000e+00   0.0000e+00   0.0000e+00   0.0000e+00
20191023_21:00:00   3.7300e-01   8.6190e+01   8.5924e+00   0.0000e+00   9.9749e-04   2.4787e+02
20191024_00:00:00   0.0000e+00   0.0000e+00   0.0000e+00   0.0000e+00   0.0000e+00   0.0000e+00
20191024_03:00:00   0.0000e+00   0.0000e+00   0.0000e+00   0.0000e+00   0.0000e+00   0.0000e+00
20191024_06:00:00   4.1656e-01   9.3947e+01   8.8761e+00   1.1760e-02   4.2662e-03   2.4899e+02
20191024_09:00:00   0.0000e+00   0.0000e+00   0.0000e+00   0.0000e+00   0.0000e+00   0.0000e+00
20191024_12:00:00   4.0433e-01   9.2006e+01   8.1115e+00   2.0502e-02   1.3810e-03   2.4902e+02
20191024_15:00:00   3.2662e-01   7.7868e+01   7.4500e+00   0.0000e+00   2.3064e-04   2.4923e+02
20191024_18:00:00   3.4892e-01   8.2215e+01   7.2538e+00   1.3663e-02   6.5564e-05   2.5073e+02
20191024_21:00:00   7.8937e-01   1.4972e+02   7.2876e+00   1.9575e-01   8.3660e-04   2.5211e+02
20191025_00:00:00   0.0000e+00   0.0000e+00   0.0000e+00   0.0000e+00   0.0000e+00   0.0000e+00
20191025_03:00:00   1.6549e-01   4.4240e+01   3.9818e+00   0.0000e+00   1.9813e-03   2.5165e+02
20191025_06:00:00   0.0000e+00   0.0000e+00   0.0000e+00   0.0000e+00   0.0000e+00   0.0000e+00
20191025_09:00:00   2.6500e-01   6.5535e+01   6.1948e+00   0.0000e+00   2.9648e-03   2.5542e+02
20191025_12:00:00   2.6111e-01   6.4831e+01   6.1018e+00   1.3820e-05   3.8574e-04   2.5517e+02
20191025_15:00:00   3.8654e-01   8.9690e+01   8.3900e+00   9.9727e-04   2.4961e-03   2.5513e+02
20191025_18:00:00   2.6443e-01   6.5711e+01   6.0622e+00   6.1560e-04   3.6724e-03   2.5276e+02
20191025_21:00:00   3.6808e-01   8.5824e+01   6.9747e+00   2.5248e-02   3.3708e-03   2.5152e+02
20191026_00:00:00   3.5442e-01   8.3423e+01   6.9252e+00   2.0028e-02   1.6311e-03   2.5221e+02
20191026_03:00:00   3.3641e-01   8.0147e+01   6.6648e+00   1.6480e-02   2.4552e-04   2.5412e+02
20191026_06:00:00   2.8817e-01   7.0506e+01   6.5542e+00   0.0000e+00   2.5867e-03   2.5482e+02
20191026_09:00:00   2.6506e-01   6.5927e+01   5.9895e+00   1.1610e-04   2.3758e-08   2.5480e+02
20191026_12:00:00   2.5616e-01   6.4083e+01   5.8101e+00   1.1680e-04   3.6540e-08   2.5467e+02
20191026_15:00:00   0.0000e+00   0.0000e+00   0.0000e+00   0.0000e+00   0.0000e+00   0.0000e+00
20191026_18:00:00   2.7804e-01   6.8331e+01   6.4526e+00   8.4230e-04   0.0000e+00   2.5234e+02
20191026_21:00:00   3.0731e-01   7.3940e+01   7.1674e+00   0.0000e+00   0.0000e+00   2.5157e+02
20191027_00:00:00   0.0000e+00   2.7000e+00   0.0000e+00   0.0000e+00   0.0000e+00   0.0000e+00
20191027_03:00:00   0.0000e+00   2.7000e+00   0.0000e+00   0.0000e+00   0.0000e+00   0.0000e+00
20191027_06:00:00   0.0000e+00   2.7000e+00   0.0000e+00   0.0000e+00   0.0000e+00   0.0000e+00
20191027_09:00:00   2.5007e-01   6.3183e+01   5.5459e+00   0.0000e+00   0.0000e+00   2.5259e+02
20191027_12:00:00   3.2679e-01   7.9161e+01   6.9838e+00   0.0000e+00   4.2420e-07   2.5127e+02
20191027_15:00:00   0.0000e+00   2.7000e+00   0.0000e+00   0.0000e+00   0.0000e+00   0.0000e+00
20191027_18:00:00   1.8707e-01   5.0030e+01   4.1814e+00   0.0000e+00   0.0000e+00   2.4719e+02
20191027_21:00:00   0.0000e+00   0.0000e+00   0.0000e+00   0.0000e+00   0.0000e+00   0.0000e+00
20191028_00:00:00   1.5484e-01   4.2900e+01   3.4297e+00   0.0000e+00   0.0000e+00   2.4362e+02
