#            date       tau225        Tb[K]      pwv[mm] lwp[kg*m^-2] iwp[kg*m^-2]       o3[DU]
20191028_00:00:00   3.6622e-01   8.5486e+01   8.2619e+00   4.1816e-03   3.3721e-02   2.5044e+02
20191028_01:00:00   3.7666e-01   8.7404e+01   8.2413e+00   8.3500e-03   1.1943e-02   2.5120e+02
20191028_02:00:00   3.6032e-01   8.4408e+01   8.0990e+00   3.4945e-03   1.2880e-02   2.5128e+02
20191028_03:00:00   3.3498e-01   7.9753e+01   7.6933e+00   4.0588e-04   8.9992e-03   2.5082e+02
20191028_04:00:00   3.2764e-01   7.8375e+01   7.5280e+00   7.4240e-07   7.0318e-03   2.4979e+02
20191028_05:00:00   3.2193e-01   7.7307e+01   7.3788e+00   0.0000e+00   6.6158e-03   2.5018e+02
20191028_06:00:00   3.1082e-01   7.5162e+01   7.1415e+00   0.0000e+00   7.0649e-03   2.5143e+02
20191028_07:00:00   3.0542e-01   7.4104e+01   7.0241e+00   0.0000e+00   8.3958e-03   2.5139e+02
20191028_08:00:00   2.9409e-01   7.1910e+01   6.7871e+00   0.0000e+00   8.5399e-03   2.5025e+02
20191028_09:00:00   2.8474e-01   7.0085e+01   6.5905e+00   0.0000e+00   7.8807e-03   2.5018e+02
20191028_10:00:00   2.8079e-01   6.9336e+01   6.4965e+00   0.0000e+00   9.6193e-03   2.4952e+02
20191028_11:00:00   2.7707e-01   6.8625e+01   6.4036e+00   0.0000e+00   1.1866e-02   2.4984e+02
20191028_12:00:00   2.7244e-01   6.7697e+01   6.3005e+00   0.0000e+00   1.0036e-02   2.4950e+02
20191028_13:00:00   2.6518e-01   6.6281e+01   6.1467e+00   0.0000e+00   1.1193e-02   2.4945e+02
20191028_14:00:00   2.6180e-01   6.5603e+01   6.0757e+00   0.0000e+00   1.0596e-02   2.5055e+02
20191028_15:00:00   2.6478e-01   6.6231e+01   6.1228e+00   0.0000e+00   7.5763e-03   2.5015e+02
20191028_16:00:00   2.6595e-01   6.6502e+01   6.1294e+00   0.0000e+00   4.5645e-03   2.5083e+02
20191028_17:00:00   2.6421e-01   6.6165e+01   6.0771e+00   0.0000e+00   2.7701e-03   2.5059e+02
20191028_18:00:00   2.6867e-01   6.7076e+01   6.1680e+00   0.0000e+00   3.3269e-03   2.4973e+02
20191028_19:00:00   2.7844e-01   6.9022e+01   6.3938e+00   0.0000e+00   4.0738e-03   2.4837e+02
20191028_20:00:00   2.9717e-01   7.2680e+01   6.8491e+00   0.0000e+00   5.1352e-03   2.4671e+02
20191028_21:00:00   3.0488e-01   7.4104e+01   7.0848e+00   0.0000e+00   4.6125e-03   2.4553e+02
20191028_22:00:00   3.0790e-01   7.4655e+01   7.1822e+00   0.0000e+00   3.9687e-03   2.4478e+02
20191028_23:00:00   3.0889e-01   7.4808e+01   7.1930e+00   0.0000e+00   1.7230e-03   2.4472e+02
20191029_00:00:00   3.1050e-01   7.5153e+01   7.1296e+00   8.6340e-04   8.4486e-04   2.4533e+02
20191029_01:00:00   3.1416e-01   7.5842e+01   7.2022e+00   8.7400e-04   1.7974e-03   2.4619e+02
20191029_02:00:00   3.1767e-01   7.6458e+01   7.3214e+00   0.0000e+00   1.1396e-03   2.4696e+02
20191029_03:00:00   3.2117e-01   7.7157e+01   7.2665e+00   1.4944e-03   4.7322e-03   2.4717e+02
20191029_04:00:00   3.4669e-01   8.2121e+01   7.0678e+00   1.5064e-02   4.2005e-03   2.4755e+02
20191029_05:00:00   3.5152e-01   8.3099e+01   6.8229e+00   2.1409e-02   2.6647e-03   2.4612e+02
20191029_06:00:00   3.4361e-01   8.1616e+01   6.5909e+00   2.2523e-02   2.0259e-03   2.4526e+02
20191029_07:00:00   3.1169e-01   7.5405e+01   6.4277e+00   1.2550e-02   1.7199e-03   2.4619e+02
20191029_08:00:00   2.7059e-01   6.7250e+01   6.1801e+00   0.0000e+00   2.7367e-05   2.4585e+02
20191029_09:00:00   2.5745e-01   6.4589e+01   5.9102e+00   0.0000e+00   1.0012e-05   2.4598e+02
20191029_10:00:00   2.4522e-01   6.2064e+01   5.6487e+00   0.0000e+00   7.7434e-04   2.4707e+02
20191029_11:00:00   2.3200e-01   5.9301e+01   5.3755e+00   0.0000e+00   2.7275e-03   2.4869e+02
20191029_12:00:00   2.2768e-01   5.8345e+01   5.2922e+00   0.0000e+00   1.5743e-03   2.4894e+02
20191029_13:00:00   2.2186e-01   5.7090e+01   5.1938e+00   0.0000e+00   4.4500e-04   2.4991e+02
20191029_14:00:00   2.2137e-01   5.6951e+01   5.2119e+00   0.0000e+00   2.1730e-04   2.5060e+02
20191029_15:00:00   2.2144e-01   5.6969e+01   5.2409e+00   0.0000e+00   7.5080e-06   2.4997e+02
20191029_16:00:00   2.2640e-01   5.8049e+01   5.3470e+00   0.0000e+00   8.1580e-06   2.4962e+02
20191029_17:00:00   2.3637e-01   6.0191e+01   5.5441e+00   0.0000e+00   0.0000e+00   2.4953e+02
20191029_18:00:00   2.7611e-01   6.8444e+01   5.9674e+00   8.4110e-03   5.4136e-04   2.4916e+02
20191029_19:00:00   3.2836e-01   7.8726e+01   6.5469e+00   1.9730e-02   1.2538e-03   2.4954e+02
20191029_20:00:00   3.3647e-01   8.0078e+01   7.1908e+00   1.1900e-02   2.5166e-03   2.4990e+02
20191029_21:00:00   3.2300e-01   7.7346e+01   7.5416e+00   2.0360e-04   1.4482e-03   2.4991e+02
20191029_22:00:00   3.4133e-01   8.0755e+01   7.9657e+00   0.0000e+00   1.7135e-03   2.4868e+02
20191029_23:00:00   3.5247e-01   8.2809e+01   8.2048e+00   1.1590e-04   2.1349e-03   2.4777e+02
20191030_00:00:00   3.4717e-01   8.1832e+01   8.0568e+00   4.6660e-04   8.8423e-04   2.4804e+02
20191030_01:00:00   3.3099e-01   7.8771e+01   7.7411e+00   0.0000e+00   1.3810e-03   2.4759e+02
20191030_02:00:00   3.2587e-01   7.7806e+01   7.6170e+00   0.0000e+00   1.9762e-02   2.4750e+02
20191030_03:00:00   3.3879e-01   8.0225e+01   7.8623e+00   0.0000e+00   4.0101e-02   2.4728e+02
20191030_04:00:00   3.6493e-01   8.5020e+01   8.4192e+00   0.0000e+00   4.4918e-02   2.4737e+02
20191030_05:00:00   3.8495e-01   8.8633e+01   8.8445e+00   0.0000e+00   1.2735e-02   2.4604e+02
20191030_06:00:00   3.8379e-01   8.8445e+01   8.8121e+00   0.0000e+00   5.4596e-03   2.4581e+02
20191030_07:00:00   3.5405e-01   8.3104e+01   8.1623e+00   0.0000e+00   3.2585e-03   2.4630e+02
20191030_08:00:00   3.1859e-01   7.6502e+01   7.3703e+00   0.0000e+00   7.2949e-04   2.4743e+02
20191030_09:00:00   2.8562e-01   7.0083e+01   6.6343e+00   0.0000e+00   1.0366e-03   2.4778e+02
20191030_10:00:00   2.5506e-01   6.3932e+01   5.9613e+00   0.0000e+00   9.1061e-04   2.4704e+02
20191030_11:00:00   2.2710e-01   5.8145e+01   5.3506e+00   0.0000e+00   2.4408e-04   2.4757e+02
20191030_12:00:00   2.1410e-01   5.5439e+01   5.0435e+00   0.0000e+00   1.4050e-05   2.4821e+02
20191030_13:00:00   2.0988e-01   5.4588e+01   4.9152e+00   0.0000e+00   1.4848e-07   2.4787e+02
20191030_14:00:00   2.0342e-01   5.3299e+01   4.7292e+00   0.0000e+00   0.0000e+00   2.4786e+02
20191030_15:00:00   1.9224e-01   5.0961e+01   4.4572e+00   0.0000e+00   0.0000e+00   2.4792e+02
20191030_16:00:00   1.8237e-01   4.8861e+01   4.2182e+00   0.0000e+00   5.9992e-06   2.5007e+02
20191030_17:00:00   1.8656e-01   4.9845e+01   4.2836e+00   0.0000e+00   3.1492e-05   2.5224e+02
20191030_18:00:00   2.3659e-01   6.0540e+01   5.1529e+00   5.8690e-03   1.3274e-03   2.5300e+02
20191030_19:00:00   2.8597e-01   7.0573e+01   6.0034e+00   1.1540e-02   2.5896e-03   2.5243e+02
20191030_20:00:00   2.8416e-01   6.9982e+01   6.6101e+00   3.4980e-04   3.3171e-03   2.5235e+02
20191030_21:00:00   3.0147e-01   7.3469e+01   6.7901e+00   4.1830e-03   4.6006e-03   2.5235e+02
20191030_22:00:00   2.9710e-01   7.2711e+01   6.5392e+00   5.5940e-03   7.1537e-03   2.5202e+02
20191030_23:00:00   2.9069e-01   7.1562e+01   6.2355e+00   7.3080e-03   5.3521e-03   2.5103e+02
20191031_00:00:00   2.6440e-01   6.6319e+01   5.8902e+00   2.3490e-03   4.2032e-03   2.4993e+02
20191031_01:00:00   2.2795e-01   5.8826e+01   5.1527e+00   0.0000e+00   5.1976e-03   2.4985e+02
20191031_02:00:00   1.9407e-01   5.1544e+01   4.4017e+00   0.0000e+00   4.7401e-03   2.5005e+02
20191031_03:00:00   1.6313e-01   4.4631e+01   3.7268e+00   0.0000e+00   3.7690e-03   2.4891e+02
20191031_04:00:00   1.5089e-01   4.1798e+01   3.4697e+00   0.0000e+00   2.6118e-03   2.4900e+02
20191031_05:00:00   1.4369e-01   4.0112e+01   3.3093e+00   0.0000e+00   9.6543e-04   2.4973e+02
20191031_06:00:00   1.4358e-01   4.0033e+01   3.3188e+00   0.0000e+00   6.0909e-04   2.4913e+02
20191031_07:00:00   1.4181e-01   3.9592e+01   3.2912e+00   0.0000e+00   1.8095e-03   2.4910e+02
20191031_08:00:00   1.3962e-01   3.9109e+01   3.2306e+00   0.0000e+00   9.4191e-04   2.4932e+02
20191031_09:00:00   1.4469e-01   4.0304e+01   3.3300e+00   0.0000e+00   3.5646e-04   2.4916e+02
20191031_10:00:00   1.6130e-01   4.4089e+01   3.6990e+00   0.0000e+00   4.3557e-05   2.4911e+02
20191031_11:00:00   1.9940e-01   5.2488e+01   4.5505e+00   0.0000e+00   4.8648e-07   2.4854e+02
20191031_12:00:00   2.3720e-01   6.0516e+01   5.3392e+00   0.0000e+00   2.7596e-05   2.4804e+02
20191031_13:00:00   2.7582e-01   6.8371e+01   6.1468e+00   0.0000e+00   6.2700e-05   2.4840e+02
20191031_14:00:00   3.1586e-01   7.6209e+01   6.9813e+00   0.0000e+00   1.8284e-04   2.4702e+02
20191031_15:00:00   3.5553e-01   8.3674e+01   7.9274e+00   9.0920e-05   8.3224e-04   2.4647e+02
20191031_16:00:00   4.1754e-01   9.4392e+01   9.1772e+00   2.5456e-03   1.3682e-02   2.4666e+02
20191031_17:00:00   4.7013e-01   1.0325e+02   9.5670e+00   1.8172e-02   1.1975e-01   2.4642e+02
20191031_18:00:00   7.1590e-01   1.3992e+02   9.7397e+00   1.1809e-01   9.1669e-02   2.4495e+02
20191031_19:00:00   1.3107e+00   1.9939e+02   9.8431e+00   3.6359e-01   6.4936e-02   2.4520e+02
20191031_20:00:00   5.7454e-01   1.2013e+02   9.7583e+00   6.0700e-02   6.6089e-02   2.4534e+02
20191031_21:00:00   8.0201e-01   1.5128e+02   9.6345e+00   1.5717e-01   1.3141e-01   2.4476e+02
20191031_22:00:00   6.8527e-01   1.3621e+02   9.6448e+00   1.0829e-01   2.1448e-01   2.4351e+02
20191031_23:00:00   6.7437e-01   1.3472e+02   9.6146e+00   1.0328e-01   2.4003e-01   2.4363e+02
20191101_00:00:00   1.0309e+00   1.7600e+02   9.1964e+00   2.5850e-01   8.1311e-02   2.4356e+02
20191101_01:00:00   4.5355e-01   1.0102e+02   8.6200e+00   3.0760e-02   1.6962e-02   2.4294e+02
20191101_02:00:00   3.5828e-01   8.4168e+01   7.8073e+00   6.9676e-03   1.0755e-03   2.4282e+02
20191101_03:00:00   3.3066e-01   7.9033e+01   7.1279e+00   8.4970e-03   2.4093e-04   2.4389e+02
20191101_04:00:00   3.1662e-01   7.6291e+01   6.9352e+00   6.1800e-03   6.2330e-05   2.4382e+02
20191101_05:00:00   3.0009e-01   7.3025e+01   6.8402e+00   8.7390e-04   1.7292e-06   2.4282e+02
20191101_06:00:00   3.0200e-01   7.3414e+01   6.7278e+00   3.3770e-03   0.0000e+00   2.4304e+02
20191101_07:00:00   2.9681e-01   7.2411e+01   6.6383e+00   2.3700e-03   0.0000e+00   2.4308e+02
20191101_08:00:00   2.9110e-01   7.1293e+01   6.5607e+00   1.5170e-03   0.0000e+00   2.4238e+02
20191101_09:00:00   2.8791e-01   7.0665e+01   6.5122e+00   1.1350e-03   0.0000e+00   2.4251e+02
20191101_10:00:00   2.9437e-01   7.1944e+01   6.6955e+00   0.0000e+00   0.0000e+00   2.4275e+02
20191101_11:00:00   2.9743e-01   7.2567e+01   6.7562e+00   0.0000e+00   0.0000e+00   2.4239e+02
20191101_12:00:00   2.9417e-01   7.1926e+01   6.7004e+00   0.0000e+00   0.0000e+00   2.4284e+02
20191101_13:00:00   2.9290e-01   7.1685e+01   6.6646e+00   0.0000e+00   0.0000e+00   2.4356e+02
20191101_14:00:00   2.8689e-01   7.0536e+01   6.5405e+00   0.0000e+00   0.0000e+00   2.4380e+02
20191101_15:00:00   2.8431e-01   7.0046e+01   6.5024e+00   0.0000e+00   0.0000e+00   2.4413e+02
20191101_16:00:00   2.8305e-01   6.9801e+01   6.4947e+00   0.0000e+00   0.0000e+00   2.4465e+02
20191101_17:00:00   2.7523e-01   6.8253e+01   6.3467e+00   0.0000e+00   0.0000e+00   2.4469e+02
20191101_18:00:00   2.6745e-01   6.6692e+01   6.1723e+00   0.0000e+00   0.0000e+00   2.4459e+02
20191101_19:00:00   2.6383e-01   6.5920e+01   6.0963e+00   0.0000e+00   0.0000e+00   2.4438e+02
20191101_20:00:00   2.5703e-01   6.4549e+01   5.9211e+00   4.2980e-04   0.0000e+00   2.4283e+02
20191101_21:00:00   2.5829e-01   6.4827e+01   5.8715e+00   1.4120e-03   0.0000e+00   2.4092e+02
20191101_22:00:00   2.8541e-01   7.0375e+01   6.0146e+00   9.9100e-03   0.0000e+00   2.4131e+02
20191101_23:00:00   2.6661e-01   6.6477e+01   6.1469e+00   0.0000e+00   0.0000e+00   2.4023e+02
20191102_00:00:00   2.6554e-01   6.6257e+01   6.1089e+00   0.0000e+00   0.0000e+00   2.4108e+02
20191102_03:00:00   2.5496e-01   6.4123e+01   5.8329e+00   0.0000e+00   0.0000e+00   2.4228e+02
20191102_06:00:00   2.9713e-01   7.2513e+01   6.6572e+00   0.0000e+00   0.0000e+00   2.4171e+02
20191102_09:00:00   2.9345e-01   7.1847e+01   6.5578e+00   0.0000e+00   0.0000e+00   2.4027e+02
20191102_12:00:00   2.7350e-01   6.7967e+01   6.0828e+00   1.4010e-03   0.0000e+00   2.4157e+02
20191102_15:00:00   3.1670e-01   7.6634e+01   6.0566e+00   1.8969e-02   5.0680e-06   2.4054e+02
20191102_18:00:00   1.0801e+00   1.8051e+02   7.3235e+00   3.1150e-01   3.4600e-04   2.4156e+02
20191102_21:00:00   6.5799e-01   1.3261e+02   7.7274e+00   1.2963e-01   2.5420e-04   2.4207e+02
20191103_00:00:00   1.0800e+00   1.8026e+02   8.2882e+00   2.9550e-01   3.3320e-04   2.4221e+02
20191103_03:00:00   9.4466e-01   1.6696e+02   9.0644e+00   2.2063e-01   1.0676e-01   2.4296e+02
20191103_06:00:00   9.3635e-01   1.6580e+02   8.7276e+00   2.2376e-01   1.6263e-01   2.4327e+02
20191103_09:00:00   7.3934e-01   1.4316e+02   7.1992e+00   1.7336e-01   2.0987e-03   2.4314e+02
20191103_12:00:00   5.9407e-01   1.2307e+02   7.4908e+00   1.0799e-01   5.0313e-03   2.4443e+02
20191103_15:00:00   5.1878e-01   1.1107e+02   8.3867e+00   6.0634e-02   1.8125e-02   2.4726e+02
20191103_18:00:00   3.8373e-01   8.8017e+01   8.7805e+00   7.1068e-04   1.0850e-02   2.4665e+02
20191103_21:00:00   6.5213e-01   1.3125e+02   8.9614e+00   1.0648e-01   1.5131e-02   2.4491e+02
20191104_00:00:00   3.7568e-01   8.6886e+01   8.3693e+00   2.5070e-03   3.9701e-04   2.4213e+02
20191104_03:00:00   3.5871e-01   8.3820e+01   7.8561e+00   2.4740e-03   1.0064e-03   2.4289e+02
20191104_06:00:00   3.2894e-01   7.8322e+01   7.4381e+00   0.0000e+00   7.6407e-04   2.4378e+02
20191104_09:00:00   3.1333e-01   7.5293e+01   7.1201e+00   0.0000e+00   1.9638e-04   2.4243e+02
20191104_12:00:00   2.8482e-01   6.9715e+01   6.5440e+00   0.0000e+00   2.1220e-06   2.4223e+02
20191104_15:00:00   2.7332e-01   6.7472e+01   6.3130e+00   0.0000e+00   0.0000e+00   2.4333e+02
20191104_18:00:00   3.0252e-01   7.3476e+01   6.2823e+00   1.2170e-02   0.0000e+00   2.4154e+02
20191104_21:00:00   2.7317e-01   6.7617e+01   6.1532e+00   2.5230e-03   0.0000e+00   2.3789e+02
20191105_00:00:00   2.5866e-01   6.4625e+01   6.0318e+00   0.0000e+00   0.0000e+00   2.3674e+02
20191105_03:00:00   2.5976e-01   6.4832e+01   6.0314e+00   0.0000e+00   3.3120e-05   2.3834e+02
20191105_06:00:00   2.5971e-01   6.4840e+01   5.9908e+00   0.0000e+00   3.2501e-05   2.4038e+02
20191105_09:00:00   2.5838e-01   6.4592e+01   5.9215e+00   0.0000e+00   0.0000e+00   2.3911e+02
20191105_12:00:00   2.4410e-01   6.1734e+01   5.5954e+00   0.0000e+00   2.7243e-05   2.3814e+02
20191105_15:00:00   2.3665e-01   6.0270e+01   5.4022e+00   0.0000e+00   8.4520e-07   2.3816e+02
20191105_18:00:00   2.6178e-01   6.5392e+01   5.9681e+00   0.0000e+00   8.1580e-06   2.3835e+02
20191105_21:00:00   3.0336e-01   7.3470e+01   6.9424e+00   0.0000e+00   3.2000e-04   2.3751e+02
20191106_00:00:00   3.3703e-01   7.9889e+01   7.5762e+00   7.3240e-04   4.2336e-03   2.3635e+02
20191106_03:00:00   4.5243e-01   1.0082e+02   7.9165e+00   4.2220e-02   7.6401e-05   2.3831e+02
20191106_06:00:00   3.3528e-01   7.9505e+01   7.6070e+00   1.6100e-04   3.8294e-06   2.3823e+02
20191106_09:00:00   3.0736e-01   7.4185e+01   6.9514e+00   1.4600e-03   2.3401e-03   2.3946e+02
20191106_12:00:00   8.6706e-01   1.5885e+02   6.7784e+00   2.3634e-01   3.2159e-03   2.3866e+02
20191106_15:00:00   7.4749e-01   1.4457e+02   6.7320e+00   1.8655e-01   4.4426e-04   2.4019e+02
20191106_18:00:00   5.0522e-01   1.0990e+02   6.8376e+00   8.2730e-02   1.9975e-04   2.4014e+02
20191106_21:00:00   4.2834e-01   9.7079e+01   6.8362e+00   5.0980e-02   7.0580e-05   2.4036e+02
20191107_00:00:00   4.9467e-01   1.0829e+02   6.7515e+00   7.9550e-02   1.4247e-04   2.3938e+02
20191107_03:00:00   2.9894e-01   7.2875e+01   6.6887e+00   0.0000e+00   1.3066e-06   2.4077e+02
20191107_06:00:00   2.6435e-01   6.6040e+01   5.9432e+00   0.0000e+00   1.1878e-07   2.4081e+02
20191107_09:00:00   2.3645e-01   6.0244e+01   5.3645e+00   0.0000e+00   1.2562e-05   2.4011e+02
20191107_12:00:00   2.4032e-01   6.1050e+01   5.4522e+00   0.0000e+00   8.5803e-06   2.3918e+02
20191107_15:00:00   2.3416e-01   5.9849e+01   5.3166e+00   0.0000e+00   0.0000e+00   2.3950e+02
20191107_18:00:00   2.1330e-01   5.5523e+01   4.8491e+00   0.0000e+00   0.0000e+00   2.4015e+02
20191107_21:00:00   2.2246e-01   5.7627e+01   4.5272e+00   9.9860e-03   4.8403e-05   2.4109e+02
20191108_00:00:00   2.2081e-01   5.7239e+01   4.8387e+00   3.8700e-03   4.6120e-05   2.4115e+02
20191108_03:00:00   1.6746e-01   4.5468e+01   3.9249e+00   0.0000e+00   8.1580e-06   2.4188e+02
20191108_06:00:00   1.3225e-01   3.7281e+01   3.1415e+00   0.0000e+00   1.3856e-05   2.4198e+02
20191108_09:00:00   1.2495e-01   3.5580e+01   2.9511e+00   0.0000e+00   2.1860e-05   2.4252e+02
20191108_12:00:00   1.0983e-01   3.2047e+01   2.5764e+00   0.0000e+00   8.1580e-06   2.4137e+02
20191108_15:00:00   9.4411e-02   2.8364e+01   2.2043e+00   0.0000e+00   7.7000e-06   2.4268e+02
20191108_18:00:00   9.0189e-02   2.7371e+01   2.0861e+00   0.0000e+00   0.0000e+00   2.4174e+02
20191108_21:00:00   1.2253e-01   3.5297e+01   2.5531e+00   4.2720e-03   0.0000e+00   2.3817e+02
20191109_00:00:00   9.9012e-02   2.9572e+01   2.2747e+00   0.0000e+00   0.0000e+00   2.3713e+02
20191109_03:00:00   8.7324e-02   2.6665e+01   2.0178e+00   0.0000e+00   0.0000e+00   2.3673e+02
20191109_06:00:00   8.6606e-02   2.6501e+01   1.9939e+00   0.0000e+00   0.0000e+00   2.3750e+02
20191109_09:00:00   8.2911e-02   2.5641e+01   1.8912e+00   0.0000e+00   3.0960e-05   2.3689e+02
20191109_12:00:00   7.4257e-02   2.3547e+01   1.6672e+00   0.0000e+00   1.0160e-05   2.3795e+02
20191109_15:00:00   6.8957e-02   2.2245e+01   1.5308e+00   0.0000e+00   1.2400e-05   2.3709e+02
20191109_18:00:00   7.7488e-02   2.4451e+01   1.7094e+00   0.0000e+00   1.0660e-05   2.3683e+02
20191109_21:00:00   1.3654e-01   3.8852e+01   2.6594e+00   6.0330e-03   3.1973e-04   2.3464e+02
20191110_00:00:00   1.3566e-01   3.8659e+01   2.9261e+00   4.1590e-04   2.1657e-04   2.3254e+02
20191110_03:00:00   1.4780e-01   4.1432e+01   3.1970e+00   0.0000e+00   5.1460e-04   2.3354e+02
20191110_06:00:00   1.5912e-01   4.4009e+01   3.3661e+00   9.6870e-04   2.0900e-05   2.3611e+02
20191110_09:00:00   9.7994e-02   2.9565e+01   2.1350e+00   0.0000e+00   0.0000e+00   2.3535e+02
20191110_12:00:00   8.2329e-02   2.5713e+01   1.7898e+00   0.0000e+00   2.2140e-05   2.3604e+02
20191110_15:00:00   8.0743e-02   2.5290e+01   1.7607e+00   0.0000e+00   9.2900e-06   2.3651e+02
20191110_18:00:00   8.9384e-02   2.7366e+01   1.9638e+00   0.0000e+00   9.0500e-05   2.3566e+02
20191110_21:00:00   5.5011e-01   1.1782e+02   3.7277e+00   1.5852e-01   2.3218e-03   2.3555e+02
20191111_00:00:00   4.9323e-01   1.0875e+02   3.6430e+00   1.3597e-01   1.5190e-03   2.3545e+02
20191111_03:00:00   1.9969e-01   5.2701e+01   3.9157e+00   1.1013e-02   7.5185e-03   2.3503e+02
20191111_06:00:00   2.0133e-01   5.2946e+01   4.3963e+00   2.5071e-03   7.1826e-03   2.3587e+02
20191111_09:00:00   1.7052e-01   4.6123e+01   3.8724e+00   0.0000e+00   8.2032e-04   2.3739e+02
20191111_12:00:00   1.3439e-01   3.7876e+01   3.0812e+00   2.4370e-04   2.4099e-06   2.3673e+02
20191111_15:00:00   1.5170e-01   4.1781e+01   3.4153e+00   2.6780e-03   9.2820e-04   2.3748e+02
20191111_18:00:00   1.9691e-01   5.1952e+01   4.1045e+00   8.7970e-03   0.0000e+00   2.3591e+02
20191111_21:00:00   4.4239e-01   9.9906e+01   4.4430e+00   1.0333e-01   9.9795e-04   2.3433e+02
20191112_00:00:00   1.7180e-01   4.6238e+01   3.9943e+00   0.0000e+00   0.0000e+00   2.3340e+02
20191112_03:00:00   1.7230e-01   4.6289e+01   4.0164e+00   0.0000e+00   1.1654e-04   2.3491e+02
20191112_06:00:00   1.6620e-01   4.4856e+01   3.9075e+00   0.0000e+00   8.4759e-04   2.3567e+02
20191112_09:00:00   1.5881e-01   4.3160e+01   3.7272e+00   0.0000e+00   4.8760e-06   2.3496e+02
20191112_12:00:00   1.8922e-01   4.9696e+01   4.4943e+00   0.0000e+00   0.0000e+00   2.3503e+02
20191112_15:00:00   2.3170e-01   5.8538e+01   5.5207e+00   0.0000e+00   9.5020e-07   2.3616e+02
20191112_18:00:00   2.5012e-01   6.2294e+01   5.9334e+00   0.0000e+00   9.0144e-05   2.3550e+02
20191112_21:00:00   3.2685e-01   7.7519e+01   6.8788e+00   1.3278e-02   5.4881e-03   2.3514e+02
20191113_00:00:00   2.8652e-01   6.9668e+01   6.4895e+00   3.7710e-03   2.1221e-03   2.3391e+02
