#            date       tau225        Tb[K]      pwv[mm] lwp[kg*m^-2] iwp[kg*m^-2]       o3[DU]
20191105_18:00:00   1.9494e-01   5.1595e+01   4.4089e+00   4.4560e-05   0.0000e+00   2.4206e+02
20191105_19:00:00   1.9964e-01   5.2623e+01   4.4948e+00   5.2640e-04   0.0000e+00   2.4137e+02
20191105_20:00:00   2.2238e-01   5.7571e+01   4.6697e+00   6.5240e-03   0.0000e+00   2.4049e+02
20191105_21:00:00   2.3371e-01   5.9916e+01   4.9799e+00   5.4010e-03   0.0000e+00   2.4076e+02
20191105_22:00:00   2.6720e-01   6.6911e+01   5.1987e+00   1.4910e-02   0.0000e+00   2.4226e+02
20191105_23:00:00   2.7704e-01   6.8821e+01   5.5969e+00   1.0953e-02   0.0000e+00   2.4131e+02
20191106_00:00:00   2.7134e-01   6.7546e+01   6.0431e+00   0.0000e+00   0.0000e+00   2.4012e+02
20191106_01:00:00   2.8345e-01   6.9906e+01   6.3227e+00   0.0000e+00   0.0000e+00   2.3963e+02
20191106_02:00:00   2.9347e-01   7.1878e+01   6.5222e+00   2.5520e-04   0.0000e+00   2.3996e+02
20191106_03:00:00   3.2317e-01   7.7650e+01   6.9584e+00   3.8620e-03   0.0000e+00   2.4133e+02
20191106_04:00:00   3.4193e-01   8.1257e+01   7.0275e+00   1.0560e-02   0.0000e+00   2.4208e+02
20191106_05:00:00   3.1147e-01   7.5329e+01   6.8704e+00   1.7960e-03   0.0000e+00   2.4156e+02
20191106_06:00:00   3.0230e-01   7.3540e+01   6.7504e+00   8.8290e-04   0.0000e+00   2.4172e+02
20191106_07:00:00   3.0022e-01   7.3108e+01   6.7559e+00   0.0000e+00   0.0000e+00   2.4287e+02
20191106_08:00:00   2.9918e-01   7.2889e+01   6.7382e+00   0.0000e+00   0.0000e+00   2.4345e+02
20191106_09:00:00   2.9314e-01   7.1703e+01   6.6284e+00   0.0000e+00   0.0000e+00   2.4301e+02
20191106_10:00:00   2.7676e-01   6.8505e+01   6.2885e+00   0.0000e+00   0.0000e+00   2.4326e+02
20191106_11:00:00   2.6544e-01   6.6251e+01   6.0381e+00   0.0000e+00   0.0000e+00   2.4380e+02
20191106_12:00:00   2.4786e-01   6.2690e+01   5.6617e+00   0.0000e+00   0.0000e+00   2.4309e+02
20191106_13:00:00   2.2937e-01   5.8832e+01   5.2758e+00   0.0000e+00   0.0000e+00   2.4236e+02
20191106_14:00:00   2.1755e-01   5.6311e+01   5.0287e+00   0.0000e+00   0.0000e+00   2.4127e+02
20191106_15:00:00   2.1162e-01   5.5060e+01   4.8933e+00   0.0000e+00   0.0000e+00   2.4084e+02
20191106_16:00:00   1.9877e-01   5.2287e+01   4.6178e+00   0.0000e+00   0.0000e+00   2.4273e+02
20191106_17:00:00   1.8688e-01   4.9668e+01   4.3743e+00   0.0000e+00   0.0000e+00   2.4400e+02
20191106_18:00:00   1.8536e-01   4.9351e+01   4.3307e+00   0.0000e+00   0.0000e+00   2.4474e+02
20191106_19:00:00   1.7932e-01   4.8017e+01   4.1895e+00   8.8700e-05   0.0000e+00   2.4499e+02
20191106_20:00:00   1.8437e-01   4.9191e+01   4.0149e+00   5.3760e-03   0.0000e+00   2.4491e+02
20191106_21:00:00   1.9573e-01   5.1697e+01   4.1478e+00   7.8700e-03   0.0000e+00   2.4531e+02
20191106_22:00:00   1.9077e-01   5.0578e+01   4.2937e+00   3.2840e-03   0.0000e+00   2.4616e+02
20191106_23:00:00   2.1768e-01   5.6402e+01   5.0485e+00   8.7000e-05   0.0000e+00   2.4637e+02
20191107_00:00:00   2.2050e-01   5.7053e+01   5.1007e+00   0.0000e+00   0.0000e+00   2.4577e+02
20191107_01:00:00   1.9501e-01   5.1549e+01   4.5415e+00   0.0000e+00   0.0000e+00   2.4451e+02
20191107_02:00:00   1.6798e-01   4.5629e+01   3.9175e+00   0.0000e+00   0.0000e+00   2.4554e+02
20191107_03:00:00   1.4094e-01   3.9491e+01   3.2988e+00   0.0000e+00   2.5020e-06   2.4526e+02
20191107_04:00:00   1.1962e-01   3.4529e+01   2.7997e+00   0.0000e+00   0.0000e+00   2.4444e+02
20191107_05:00:00   1.0471e-01   3.0966e+01   2.4382e+00   0.0000e+00   0.0000e+00   2.4351e+02
20191107_06:00:00   9.3582e-02   2.8278e+01   2.1673e+00   0.0000e+00   0.0000e+00   2.4147e+02
20191107_07:00:00   8.6010e-02   2.6429e+01   1.9809e+00   0.0000e+00   0.0000e+00   2.4144e+02
20191107_08:00:00   8.3180e-02   2.5734e+01   1.9127e+00   0.0000e+00   0.0000e+00   2.4112e+02
20191107_09:00:00   8.1254e-02   2.5248e+01   1.8712e+00   0.0000e+00   0.0000e+00   2.4076e+02
20191107_10:00:00   7.9545e-02   2.4837e+01   1.8226e+00   0.0000e+00   2.5020e-06   2.4084e+02
20191107_11:00:00   8.1873e-02   2.5427e+01   1.8718e+00   0.0000e+00   2.4700e-05   2.4017e+02
20191107_12:00:00   9.1375e-02   2.7759e+01   2.1014e+00   0.0000e+00   3.9800e-05   2.3999e+02
20191107_13:00:00   1.0539e-01   3.1148e+01   2.4370e+00   0.0000e+00   3.7560e-05   2.4018e+02
20191107_14:00:00   1.1859e-01   3.4318e+01   2.7526e+00   0.0000e+00   7.7660e-05   2.4089e+02
20191107_15:00:00   1.1742e-01   3.4048e+01   2.7238e+00   0.0000e+00   8.3920e-05   2.4139e+02
20191107_16:00:00   1.1522e-01   3.3558e+01   2.6616e+00   0.0000e+00   5.5180e-05   2.4254e+02
20191107_17:00:00   1.4425e-01   4.0380e+01   3.3400e+00   0.0000e+00   1.4094e-05   2.4188e+02
20191107_18:00:00   1.8796e-01   5.0313e+01   4.2758e+00   0.0000e+00   0.0000e+00   2.4192e+02
20191107_19:00:00   2.2614e-01   5.8636e+01   4.7600e+00   5.9540e-03   0.0000e+00   2.4136e+02
20191107_20:00:00   2.6018e-01   6.5712e+01   5.2200e+00   1.1460e-02   3.6040e-05   2.4236e+02
20191107_21:00:00   3.0532e-01   7.4711e+01   5.6852e+00   2.2019e-02   1.5092e-05   2.4321e+02
20191107_22:00:00   2.8054e-01   6.9593e+01   5.9082e+00   8.7460e-03   1.2367e-05   2.4253e+02
20191107_23:00:00   2.3228e-01   5.9637e+01   5.3381e+00   0.0000e+00   8.1580e-06   2.4200e+02
20191108_00:00:00   1.7684e-01   4.7712e+01   4.0891e+00   0.0000e+00   4.2260e-07   2.4042e+02
20191108_01:00:00   1.2881e-01   3.6711e+01   3.0015e+00   0.0000e+00   0.0000e+00   2.4075e+02
20191108_02:00:00   9.8442e-02   2.9443e+01   2.2925e+00   0.0000e+00   0.0000e+00   2.4194e+02
20191108_03:00:00   8.3823e-02   2.5867e+01   1.9352e+00   0.0000e+00   0.0000e+00   2.4370e+02
20191108_04:00:00   8.0433e-02   2.5008e+01   1.8585e+00   0.0000e+00   0.0000e+00   2.4443e+02
20191108_05:00:00   8.0387e-02   2.4982e+01   1.8636e+00   0.0000e+00   5.8180e-06   2.4522e+02
20191108_06:00:00   8.0818e-02   2.5076e+01   1.8787e+00   0.0000e+00   0.0000e+00   2.4514e+02
20191108_07:00:00   8.5886e-02   2.6303e+01   2.0115e+00   0.0000e+00   0.0000e+00   2.4458e+02
20191108_08:00:00   8.9708e-02   2.7237e+01   2.1045e+00   0.0000e+00   0.0000e+00   2.4364e+02
20191108_09:00:00   9.0086e-02   2.7356e+01   2.1021e+00   0.0000e+00   0.0000e+00   2.4369e+02
20191108_10:00:00   9.2054e-02   2.7841e+01   2.1415e+00   0.0000e+00   0.0000e+00   2.4455e+02
20191108_11:00:00   9.2573e-02   2.7970e+01   2.1487e+00   0.0000e+00   0.0000e+00   2.4551e+02
20191108_12:00:00   9.1132e-02   2.7632e+01   2.1043e+00   0.0000e+00   0.0000e+00   2.4457e+02
20191108_13:00:00   8.8862e-02   2.7088e+01   2.0422e+00   0.0000e+00   0.0000e+00   2.4438e+02
20191108_14:00:00   8.5047e-02   2.6159e+01   1.9462e+00   0.0000e+00   0.0000e+00   2.4480e+02
20191108_15:00:00   8.3474e-02   2.5779e+01   1.9079e+00   0.0000e+00   0.0000e+00   2.4520e+02
20191108_16:00:00   8.3014e-02   2.5670e+01   1.8971e+00   0.0000e+00   0.0000e+00   2.4462e+02
20191108_17:00:00   8.4294e-02   2.5981e+01   1.9324e+00   0.0000e+00   3.7760e-04   2.4380e+02
20191108_18:00:00   8.8072e-02   2.6911e+01   2.0173e+00   0.0000e+00   5.7780e-04   2.4412e+02
20191108_19:00:00   9.4249e-02   2.8452e+01   2.1495e+00   0.0000e+00   3.5620e-05   2.4490e+02
20191108_20:00:00   1.0031e-01   2.9956e+01   2.2356e+00   7.8020e-04   0.0000e+00   2.4491e+02
20191108_21:00:00   1.0708e-01   3.1619e+01   2.3567e+00   1.3390e-03   1.4848e-07   2.4555e+02
20191108_22:00:00   1.2008e-01   3.4723e+01   2.6806e+00   1.0370e-03   1.4242e-05   2.4606e+02
20191108_23:00:00   1.3517e-01   3.8258e+01   3.0794e+00   2.1710e-04   3.2740e-04   2.4630e+02
20191109_00:00:00   1.4645e-01   4.0860e+01   3.3549e+00   0.0000e+00   1.2880e-03   2.4574e+02
20191109_01:00:00   1.6361e-01   4.4775e+01   3.7405e+00   0.0000e+00   1.5974e-03   2.4451e+02
20191109_02:00:00   1.8115e-01   4.8702e+01   4.1191e+00   0.0000e+00   2.5398e-03   2.4424e+02
20191109_03:00:00   2.0000e-01   5.2864e+01   4.5199e+00   0.0000e+00   1.7881e-03   2.4369e+02
20191109_04:00:00   2.1594e-01   5.6293e+01   4.8687e+00   0.0000e+00   4.0256e-04   2.4319e+02
20191109_05:00:00   2.1969e-01   5.7086e+01   4.9500e+00   0.0000e+00   6.7195e-05   2.4421e+02
20191109_06:00:00   2.9562e-01   7.2888e+01   4.9754e+00   3.0050e-02   2.4985e-05   2.4449e+02
20191109_07:00:00   4.4016e-01   9.9744e+01   5.2095e+00   8.4248e-02   1.7757e-05   2.4450e+02
20191109_08:00:00   2.4263e-01   6.1934e+01   5.0956e+00   5.5061e-03   6.1680e-06   2.4437e+02
20191109_09:00:00   2.3894e-01   6.1145e+01   5.0711e+00   4.7631e-03   5.2560e-06   2.4411e+02
20191109_10:00:00   2.2514e-01   5.8229e+01   4.9081e+00   2.6746e-03   4.6620e-06   2.4337e+02
20191109_11:00:00   2.0855e-01   5.4657e+01   4.6690e+00   7.5340e-04   8.6800e-07   2.4263e+02
20191109_12:00:00   1.9973e-01   5.2737e+01   4.5060e+00   3.7610e-04   0.0000e+00   2.4198e+02
20191109_13:00:00   1.8885e-01   5.0356e+01   4.2802e+00   3.7220e-04   0.0000e+00   2.4222e+02
20191109_14:00:00   1.8710e-01   4.9969e+01   4.2538e+00   4.9950e-04   0.0000e+00   2.4249e+02
20191109_15:00:00   1.9309e-01   5.1271e+01   4.4190e+00   0.0000e+00   0.0000e+00   2.4177e+02
20191109_16:00:00   2.0486e-01   5.3816e+01   4.6829e+00   0.0000e+00   0.0000e+00   2.4141e+02
20191109_17:00:00   2.1665e-01   5.6349e+01   4.9375e+00   0.0000e+00   0.0000e+00   2.4083e+02
20191109_18:00:00   2.2913e-01   5.8959e+01   5.1995e+00   0.0000e+00   0.0000e+00   2.4072e+02
20191109_19:00:00   2.3737e-01   6.0661e+01   5.3680e+00   3.0460e-04   0.0000e+00   2.4196e+02
20191109_20:00:00   2.8325e-01   7.0125e+01   5.7424e+00   1.1730e-02   0.0000e+00   2.4254e+02
20191109_21:00:00   3.1642e-01   7.6688e+01   5.9851e+00   2.0370e-02   1.1878e-07   2.4185e+02
20191109_22:00:00   3.2057e-01   7.7502e+01   6.0071e+00   2.1400e-02   2.2400e-06   2.4117e+02
20191109_23:00:00   2.9924e-01   7.3347e+01   5.8630e+00   1.5160e-02   1.4807e-05   2.3967e+02
20191110_00:00:00   2.6060e-01   6.5515e+01   5.6799e+00   2.9000e-03   1.2278e-05   2.3874e+02
20191110_01:00:00   2.5794e-01   6.4956e+01   5.6870e+00   1.6580e-03   9.6260e-06   2.3849e+02
20191110_02:00:00   2.7096e-01   6.7659e+01   5.6269e+00   8.2223e-03   0.0000e+00   2.3866e+02
20191110_03:00:00   4.2141e-01   9.6249e+01   5.6704e+00   6.9180e-02   0.0000e+00   2.3893e+02
20191110_04:00:00   5.8233e-01   1.2238e+02   5.6762e+00   1.3552e-01   3.4802e-05   2.3870e+02
20191110_05:00:00   2.7556e-01   6.8560e+01   5.5599e+00   1.0953e-02   9.7070e-06   2.3913e+02
20191110_06:00:00   3.5259e-01   8.3655e+01   5.5545e+00   4.3194e-02   8.5480e-06   2.3967e+02
20191110_07:00:00   9.3007e-01   1.6634e+02   5.8343e+00   2.7614e-01   1.6822e-04   2.3977e+02
20191110_08:00:00   8.7758e-01   1.6057e+02   5.9169e+00   2.5257e-01   1.8616e-04   2.3831e+02
20191110_09:00:00   5.1169e-01   1.1124e+02   5.6282e+00   1.0653e-01   5.6152e-04   2.3769e+02
20191110_10:00:00   2.6587e-01   6.6631e+01   5.0455e+00   1.6442e-02   1.5812e-03   2.3840e+02
20191110_11:00:00   2.5625e-01   6.4648e+01   4.8835e+00   1.6037e-02   1.8825e-03   2.3910e+02
20191110_12:00:00   2.1101e-01   5.5030e+01   4.7468e+00   2.3259e-04   1.6077e-03   2.3887e+02
20191110_13:00:00   2.0483e-01   5.3672e+01   4.6282e+00   0.0000e+00   6.4263e-04   2.3901e+02
20191110_14:00:00   1.9559e-01   5.1640e+01   4.4643e+00   0.0000e+00   3.4182e-04   2.3911e+02
20191110_15:00:00   1.9216e-01   5.0859e+01   4.4128e+00   0.0000e+00   7.0192e-04   2.3942e+02
20191110_16:00:00   1.8576e-01   4.9436e+01   4.2805e+00   0.0000e+00   5.5446e-04   2.3994e+02
20191110_17:00:00   1.7730e-01   4.7545e+01   4.1115e+00   0.0000e+00   7.5358e-04   2.4018e+02
20191110_18:00:00   1.7554e-01   4.7140e+01   4.0831e+00   0.0000e+00   2.2239e-05   2.3936e+02
20191110_21:00:00   2.0355e-01   5.3369e+01   4.1604e+00   1.0260e-02   2.1459e-03   2.3842e+02
20191111_00:00:00   1.5557e-01   4.2593e+01   3.6538e+00   0.0000e+00   1.0581e-02   2.3661e+02
20191111_03:00:00   1.4391e-01   3.9934e+01   3.3773e+00   0.0000e+00   7.0153e-03   2.3736e+02
20191111_06:00:00   1.6627e-01   4.5147e+01   3.8201e+00   0.0000e+00   3.6861e-04   2.3742e+02
20191111_09:00:00   1.7713e-01   4.7618e+01   4.0275e+00   0.0000e+00   2.4167e-04   2.3769e+02
20191111_12:00:00   1.8963e-01   5.0259e+01   4.3661e+00   0.0000e+00   2.8755e-03   2.3766e+02
20191111_15:00:00   1.9246e-01   5.0791e+01   4.4928e+00   0.0000e+00   6.0705e-03   2.3894e+02
20191111_18:00:00   2.2786e-01   5.8560e+01   4.8638e+00   6.5490e-03   5.8559e-04   2.3849e+02
20191111_21:00:00   2.2755e-01   5.8430e+01   5.1660e+00   0.0000e+00   5.9502e-04   2.3692e+02
20191112_00:00:00   2.0132e-01   5.2752e+01   4.6274e+00   0.0000e+00   1.0613e-03   2.3726e+02
20191112_03:00:00   1.7264e-01   4.6501e+01   3.9552e+00   0.0000e+00   5.6717e-04   2.3776e+02
20191112_06:00:00   1.7286e-01   4.6124e+01   4.1414e+00   0.0000e+00   3.1848e-03   2.3882e+02
20191112_09:00:00   1.7362e-01   4.6262e+01   4.1798e+00   0.0000e+00   2.3743e-05   2.3938e+02
20191112_12:00:00   1.9539e-01   5.1019e+01   4.6588e+00   0.0000e+00   4.4473e-04   2.3942e+02
20191112_15:00:00   2.0306e-01   5.2740e+01   4.7977e+00   0.0000e+00   7.0383e-04   2.4066e+02
20191112_18:00:00   2.2590e-01   5.7712e+01   5.2591e+00   0.0000e+00   4.7940e-04   2.4124e+02
20191112_21:00:00   3.6438e-01   8.5515e+01   5.5325e+00   5.1330e-02   9.6960e-03   2.4105e+02
20191113_00:00:00   2.6855e-01   6.6631e+01   6.1101e+00   1.7940e-04   2.7735e-03   2.3791e+02
20191113_03:00:00   3.8683e-01   8.9355e+01   6.5907e+00   3.9692e-02   1.2921e-02   2.3811e+02
20191113_06:00:00   1.0781e+00   1.7923e+02   9.2512e+00   2.8131e-01   7.2633e-02   2.3739e+02
20191113_09:00:00   8.6300e-01   1.5730e+02   9.3127e+00   1.9026e-01   6.8635e-03   2.3738e+02
20191113_12:00:00   1.0616e+00   1.7764e+02   9.2145e+00   2.7437e-01   5.9680e-02   2.3735e+02
20191113_15:00:00   5.7383e-01   1.1956e+02   8.9539e+00   7.4441e-02   4.0523e-03   2.3738e+02
20191113_18:00:00   8.1298e-01   1.5185e+02   9.1832e+00   1.6582e-01   1.0500e-01   2.3906e+02
20191113_21:00:00   4.0534e-01   9.2196e+01   8.6714e+00   6.8900e-03   1.4873e-03   2.3601e+02
20191114_00:00:00   4.8097e-01   1.0536e+02   8.3150e+00   4.6610e-02   3.9330e-03   2.3573e+02
20191114_03:00:00   5.2079e-01   1.1151e+02   8.8568e+00   5.4410e-02   3.6442e-02   2.3606e+02
20191114_06:00:00   5.2828e-01   1.1217e+02   9.4408e+00   4.5314e-02   1.1257e-01   2.3580e+02
20191114_09:00:00   4.6143e-01   1.0123e+02   9.1698e+00   2.2356e-02   8.9927e-02   2.3316e+02
20191114_12:00:00   1.0829e+00   1.7966e+02   8.8226e+00   2.9144e-01   1.7571e-02   2.3253e+02
20191114_15:00:00   7.0973e-01   1.3893e+02   8.0569e+00   1.4912e-01   6.5657e-03   2.3679e+02
20191114_18:00:00   4.1497e-01   9.3849e+01   7.9060e+00   2.9112e-02   3.9844e-02   2.3492e+02
20191114_21:00:00   6.0793e-01   1.2495e+02   7.6249e+00   1.1577e-01   4.9630e-02   2.3414e+02
20191115_00:00:00   5.7446e-01   1.2008e+02   7.3714e+00   1.0681e-01   3.1215e-02   2.3437e+02
20191115_03:00:00   7.1352e-01   1.3978e+02   6.8245e+00   1.7413e-01   2.0632e-04   2.3335e+02
20191115_06:00:00   6.5267e-01   1.3140e+02   7.3753e+00   1.3626e-01   2.0898e-03   2.3382e+02
20191115_09:00:00   8.1699e-01   1.5237e+02   6.5241e+00   2.2342e-01   3.9850e-04   2.3240e+02
20191115_12:00:00   3.3303e-01   7.9116e+01   6.1896e+00   2.6586e-02   6.6190e-06   2.3182e+02
20191115_15:00:00   2.6806e-01   6.6459e+01   6.0342e+00   2.3990e-03   0.0000e+00   2.3493e+02
20191115_18:00:00   2.5688e-01   6.4272e+01   5.8687e+00   9.9740e-04   0.0000e+00   2.3360e+02
20191115_21:00:00   2.8569e-01   7.0101e+01   6.0062e+00   1.0290e-02   2.1044e-04   2.3393e+02
20191116_00:00:00   3.3324e-01   7.9541e+01   5.8350e+00   3.2940e-02   1.5245e-04   2.3556e+02
20191116_03:00:00   2.5692e-01   6.4270e+01   5.8145e+00   1.0100e-03   1.0498e-05   2.3666e+02
20191116_06:00:00   2.7251e-01   6.7409e+01   6.0408e+00   2.6150e-03   2.0020e-06   2.3865e+02
20191116_09:00:00   2.5788e-01   6.4352e+01   5.8462e+00   0.0000e+00   0.0000e+00   2.3678e+02
20191116_12:00:00   2.4442e-01   6.1533e+01   5.6164e+00   7.1330e-06   0.0000e+00   2.3544e+02
20191116_15:00:00   2.3520e-01   5.9773e+01   5.2808e+00   2.2240e-03   0.0000e+00   2.3983e+02
20191116_18:00:00   2.1925e-01   5.6496e+01   4.9101e+00   2.5050e-03   7.7000e-06   2.4254e+02
20191116_21:00:00   4.4308e-01   9.9685e+01   5.0062e+00   9.3543e-02   1.5860e-05   2.4203e+02
20191117_00:00:00   4.7233e-01   1.0477e+02   4.6385e+00   1.1150e-01   7.0660e-05   2.3980e+02
20191117_03:00:00   2.1847e-01   5.6414e+01   4.7426e+00   4.6000e-03   1.5134e-05   2.3959e+02
20191117_06:00:00   2.1675e-01   5.5759e+01   5.0440e+00   9.0220e-04   0.0000e+00   2.4086e+02
20191117_09:00:00   2.2594e-01   5.7418e+01   5.3786e+00   4.6140e-04   1.7860e-05   2.3976e+02
20191117_12:00:00   2.3814e-01   5.9889e+01   5.6586e+00   1.2670e-03   1.4068e-04   2.3922e+02
20191117_15:00:00   2.4600e-01   6.1750e+01   5.8132e+00   2.3560e-04   5.2910e-04   2.4215e+02
20191117_18:00:00   2.5182e-01   6.3013e+01   5.8922e+00   3.4970e-04   2.3256e-06   2.3952e+02
20191117_21:00:00   3.7641e-01   8.7364e+01   6.3184e+00   4.3830e-02   3.6538e-03   2.3862e+02
20191118_00:00:00   3.3632e-01   7.9602e+01   7.0392e+00   1.4540e-02   1.1599e-03   2.4014e+02
20191118_03:00:00   3.3929e-01   7.9846e+01   7.8470e+00   0.0000e+00   3.1411e-03   2.4067e+02
20191118_06:00:00   3.5038e-01   8.2022e+01   8.0412e+00   0.0000e+00   1.6676e-04   2.4200e+02
20191118_09:00:00   3.5238e-01   8.2428e+01   8.0377e+00   0.0000e+00   2.8113e-04   2.3905e+02
20191118_12:00:00   3.4409e-01   8.1022e+01   7.7725e+00   0.0000e+00   2.1512e-04   2.3690e+02
20191118_15:00:00   3.3544e-01   7.9542e+01   7.5435e+00   0.0000e+00   0.0000e+00   2.3938e+02
20191118_18:00:00   3.5374e-01   8.3137e+01   7.4469e+00   9.4370e-03   7.4570e-06   2.3915e+02
20191118_21:00:00   5.0145e-01   1.0884e+02   7.6670e+00   6.7700e-02   1.7034e-04   2.3749e+02
20191119_00:00:00   6.3605e-01   1.2892e+02   8.6053e+00   1.0690e-01   4.6146e-03   2.3710e+02
20191119_03:00:00   4.6020e-01   1.0154e+02   8.9255e+00   2.8580e-02   6.1218e-03   2.3664e+02
20191119_06:00:00   5.3169e-01   1.1305e+02   9.2121e+00   5.3004e-02   2.7381e-02   2.3680e+02
20191119_09:00:00   3.8139e-01   8.7723e+01   8.5116e+00   3.3030e-03   1.4487e-03   2.3631e+02
20191119_12:00:00   3.4355e-01   8.0757e+01   7.9652e+00   0.0000e+00   4.2604e-03   2.3475e+02
20191119_15:00:00   3.5528e-01   8.2908e+01   8.2010e+00   0.0000e+00   6.8940e-04   2.3416e+02
20191119_18:00:00   4.1535e-01   9.3881e+01   8.4767e+00   1.8470e-02   3.5550e-04   2.3548e+02
20191119_21:00:00   3.7686e-01   8.6732e+01   8.6441e+00   0.0000e+00   3.9904e-03   2.3409e+02
20191120_00:00:00   3.6167e-01   8.3946e+01   8.3491e+00   0.0000e+00   5.8111e-04   2.3273e+02
20191120_03:00:00   3.6626e-01   8.4683e+01   8.4890e+00   0.0000e+00   5.1074e-03   2.3026e+02
20191120_06:00:00   3.9101e-01   8.9124e+01   8.9684e+00   0.0000e+00   2.5501e-03   2.3226e+02
20191120_09:00:00   4.5984e-01   1.0129e+02   9.0661e+00   2.4569e-02   1.3436e-02   2.3204e+02
20191120_12:00:00   6.9458e-01   1.3668e+02   8.9127e+00   1.2636e-01   1.0001e-02   2.3220e+02
20191120_15:00:00   3.2720e-01   7.8058e+01   7.3940e+00   1.4530e-05   5.4762e-04   2.3452e+02
20191120_18:00:00   2.6765e-01   6.6491e+01   6.1175e+00   0.0000e+00   1.1118e-03   2.3522e+02
20191120_21:00:00   2.2032e-01   5.6716e+01   5.1059e+00   0.0000e+00   5.0460e-06   2.3459e+02
20191121_00:00:00   2.0411e-01   5.3198e+01   4.7714e+00   0.0000e+00   6.0910e-03   2.3317e+02
20191121_03:00:00   2.0951e-01   5.4268e+01   4.9041e+00   0.0000e+00   3.1356e-03   2.3220e+02
20191121_06:00:00   2.6711e-01   6.6304e+01   6.1148e+00   0.0000e+00   8.6090e-04   2.3369e+02
20191121_09:00:00   2.8574e-01   7.0224e+01   6.3277e+00   0.0000e+00   3.6682e-03   2.3512e+02
20191121_12:00:00   2.7082e-01   6.7280e+01   5.9876e+00   0.0000e+00   8.5748e-04   2.3440e+02
20191121_15:00:00   2.6961e-01   6.7078e+01   5.8949e+00   8.2950e-04   5.9969e-03   2.3434e+02
20191121_18:00:00   3.0039e-01   7.3373e+01   5.9681e+00   1.2660e-02   2.9328e-03   2.3493e+02
