#            date       tau225        Tb[K]      pwv[mm] lwp[kg*m^-2] iwp[kg*m^-2]       o3[DU]
20191113_06:00:00   1.0244e-01   2.9800e+01   2.5089e+00   0.0000e+00   3.7440e-04   2.3549e+02
20191113_07:00:00   1.1343e-01   3.2358e+01   2.7899e+00   0.0000e+00   7.3742e-05   2.3462e+02
20191113_08:00:00   1.1877e-01   3.3644e+01   2.9028e+00   0.0000e+00   6.4100e-05   2.3650e+02
20191113_09:00:00   1.2266e-01   3.4661e+01   2.9638e+00   0.0000e+00   0.0000e+00   2.3544e+02
20191113_10:00:00   1.3050e-01   3.6477e+01   3.1539e+00   0.0000e+00   0.0000e+00   2.3494e+02
20191113_11:00:00   1.4377e-01   3.9500e+01   3.4716e+00   0.0000e+00   0.0000e+00   2.3414e+02
20191113_12:00:00   1.6836e-01   4.5036e+01   4.0236e+00   2.3590e-04   3.9740e-06   2.3328e+02
20191113_13:00:00   1.8330e-01   4.8355e+01   4.3205e+00   1.5530e-03   4.0414e-04   2.3345e+02
20191113_14:00:00   1.7564e-01   4.6719e+01   4.2167e+00   1.2840e-04   2.8380e-03   2.3395e+02
20191113_15:00:00   1.5925e-01   4.3081e+01   3.8385e+00   1.2960e-04   5.6600e-03   2.3369e+02
20191113_16:00:00   1.4695e-01   4.0268e+01   3.5730e+00   0.0000e+00   4.3684e-03   2.3433e+02
20191113_17:00:00   1.4564e-01   3.9902e+01   3.5741e+00   0.0000e+00   5.0840e-03   2.3460e+02
20191113_18:00:00   1.5792e-01   4.2604e+01   3.8912e+00   0.0000e+00   1.7483e-03   2.3351e+02
20191113_19:00:00   1.8018e-01   4.7542e+01   4.4169e+00   0.0000e+00   8.3920e-06   2.3262e+02
20191113_20:00:00   1.9961e-01   5.1800e+01   4.8728e+00   0.0000e+00   0.0000e+00   2.3277e+02
20191113_21:00:00   2.0252e-01   5.2466e+01   4.9328e+00   0.0000e+00   0.0000e+00   2.3218e+02
20191113_22:00:00   2.0787e-01   5.3541e+01   5.0851e+00   0.0000e+00   7.0739e-04   2.3015e+02
20191113_23:00:00   2.2083e-01   5.6321e+01   5.3751e+00   0.0000e+00   2.1365e-04   2.3124e+02
20191114_00:00:00   2.3371e-01   5.9108e+01   5.6412e+00   0.0000e+00   0.0000e+00   2.3282e+02
20191114_01:00:00   2.3385e-01   5.9195e+01   5.6128e+00   0.0000e+00   0.0000e+00   2.3417e+02
20191114_02:00:00   2.3744e-01   5.9921e+01   5.6819e+00   0.0000e+00   1.1246e-03   2.3457e+02
20191114_03:00:00   2.4256e-01   6.0934e+01   5.8102e+00   0.0000e+00   6.1460e-04   2.3503e+02
20191114_04:00:00   2.4317e-01   6.1025e+01   5.8190e+00   0.0000e+00   2.5701e-03   2.3651e+02
20191114_05:00:00   2.5763e-01   6.3875e+01   6.1501e+00   0.0000e+00   1.9203e-02   2.3833e+02
20191114_06:00:00   2.6743e-01   6.5853e+01   6.3259e+00   0.0000e+00   1.7370e-02   2.3729e+02
20191114_07:00:00   2.4643e-01   6.1655e+01   5.8351e+00   0.0000e+00   4.4040e-05   2.3602e+02
20191114_08:00:00   2.3292e-01   5.8741e+01   5.5998e+00   0.0000e+00   4.1141e-04   2.3550e+02
20191114_09:00:00   2.3495e-01   5.9032e+01   5.6872e+00   0.0000e+00   2.0581e-04   2.3367e+02
20191114_10:00:00   2.5814e-01   6.3685e+01   6.2496e+00   0.0000e+00   1.3762e-03   2.3380e+02
20191114_11:00:00   2.7427e-01   6.6959e+01   6.5797e+00   0.0000e+00   7.2040e-03   2.3490e+02
20191114_12:00:00   2.9050e-01   7.0272e+01   6.9071e+00   0.0000e+00   8.6665e-04   2.3451e+02
20191114_13:00:00   3.0607e-01   7.3392e+01   7.2021e+00   0.0000e+00   5.3605e-04   2.3424e+02
20191114_14:00:00   3.2209e-01   7.6496e+01   7.4977e+00   0.0000e+00   1.2676e-05   2.3549e+02
20191114_15:00:00   3.1916e-01   7.6045e+01   7.3933e+00   0.0000e+00   0.0000e+00   2.3562e+02
20191114_16:00:00   3.1442e-01   7.5183e+01   7.2646e+00   0.0000e+00   6.5570e-05   2.3485e+02
20191114_17:00:00   3.2159e-01   7.6491e+01   7.3999e+00   0.0000e+00   6.7470e-06   2.3658e+02
20191114_18:00:00   3.3629e-01   7.9209e+01   7.7121e+00   0.0000e+00   4.2176e-04   2.3685e+02
20191114_19:00:00   3.4848e-01   8.1526e+01   7.8818e+00   1.0364e-03   1.7119e-03   2.3631e+02
20191114_20:00:00   3.4946e-01   8.1755e+01   7.8401e+00   2.1373e-03   3.9491e-03   2.3610e+02
20191114_21:00:00   3.5841e-01   8.3478e+01   7.8391e+00   6.1630e-03   4.9009e-03   2.3597e+02
20191114_22:00:00   3.3429e-01   7.8915e+01   7.6379e+00   1.3210e-04   2.7708e-02   2.3577e+02
20191114_23:00:00   3.3502e-01   7.9137e+01   7.3664e+00   5.9983e-03   7.2142e-03   2.3672e+02
20191115_00:00:00   3.2695e-01   7.7666e+01   7.0987e+00   7.7090e-03   2.4017e-03   2.3750e+02
20191115_01:00:00   3.1435e-01   7.5270e+01   7.0046e+00   3.7732e-03   2.4793e-05   2.3681e+02
20191115_02:00:00   3.0480e-01   7.3473e+01   6.9468e+00   3.6700e-04   8.7760e-05   2.3590e+02
20191115_03:00:00   3.3534e-01   7.9425e+01   7.0549e+00   1.0300e-02   3.9923e-05   2.3617e+02
20191115_04:00:00   5.0505e-01   1.0926e+02   7.1328e+00   7.9240e-02   4.7991e-04   2.3661e+02
20191115_05:00:00   4.1679e-01   9.4186e+01   7.2729e+00   4.0206e-02   1.7185e-03   2.3709e+02
20191115_06:00:00   3.3798e-01   7.9659e+01   7.5492e+00   2.7410e-03   6.4441e-03   2.3576e+02
20191115_07:00:00   3.5235e-01   8.2199e+01   7.9838e+00   4.8800e-04   1.2331e-02   2.3477e+02
20191115_08:00:00   3.6925e-01   8.5255e+01   8.3236e+00   3.8120e-04   1.2754e-02   2.3385e+02
20191115_09:00:00   3.6506e-01   8.4587e+01   8.1865e+00   4.1510e-04   1.5552e-02   2.3360e+02
20191115_10:00:00   3.4605e-01   8.1339e+01   7.5781e+00   2.3760e-03   1.4286e-02   2.3403e+02
20191115_11:00:00   3.1869e-01   7.6321e+01   7.0481e+00   0.0000e+00   3.6376e-03   2.3452e+02
20191115_12:00:00   3.0566e-01   7.3847e+01   6.7251e+00   0.0000e+00   3.0376e-03   2.3537e+02
20191115_13:00:00   2.9576e-01   7.1949e+01   6.4858e+00   3.5920e-05   3.2300e-03   2.3441e+02
20191115_14:00:00   2.8479e-01   6.9896e+01   6.1724e+00   1.0050e-03   2.5472e-03   2.3478e+02
20191115_15:00:00   2.7687e-01   6.8383e+01   6.0150e+00   1.1320e-03   1.7158e-03   2.3590e+02
20191115_16:00:00   2.7397e-01   6.7811e+01   6.0188e+00   7.5030e-04   3.3083e-03   2.3563e+02
20191115_17:00:00   2.8611e-01   7.0236e+01   6.0772e+00   4.7910e-03   4.9175e-03   2.3531e+02
20191115_18:00:00   3.0931e-01   7.4825e+01   6.2575e+00   1.1292e-02   1.8967e-03   2.3537e+02
20191115_19:00:00   4.2261e-01   9.5820e+01   6.5409e+00   5.3455e-02   2.8912e-03   2.3417e+02
20191115_20:00:00   4.6929e-01   1.0383e+02   6.6558e+00   7.1364e-02   6.7170e-03   2.3314e+02
20191115_21:00:00   4.2184e-01   9.5719e+01   6.4118e+00   5.5452e-02   1.3719e-03   2.3238e+02
20191115_22:00:00   3.4901e-01   8.2526e+01   6.1740e+00   2.9931e-02   1.3914e-03   2.3306e+02
20191115_23:00:00   4.1371e-01   9.4424e+01   6.0162e+00   6.0017e-02   6.4131e-04   2.3334e+02
20191116_00:00:00   3.7270e-01   8.6947e+01   6.1139e+00   4.1070e-02   6.9968e-05   2.3329e+02
20191116_01:00:00   3.4967e-01   8.2536e+01   6.4338e+00   2.6160e-02   1.7958e-05   2.3446e+02
20191116_02:00:00   3.5167e-01   8.2839e+01   6.6324e+00   2.3240e-02   4.8760e-05   2.3511e+02
20191116_03:00:00   3.3632e-01   7.9789e+01   6.8824e+00   1.2060e-02   5.9065e-04   2.3562e+02
20191116_04:00:00   3.1284e-01   7.5181e+01   7.0077e+00   0.0000e+00   6.0982e-04   2.3436e+02
20191116_05:00:00   3.0964e-01   7.4553e+01   6.9483e+00   0.0000e+00   4.4696e-04   2.3341e+02
20191116_06:00:00   3.0388e-01   7.3400e+01   6.8567e+00   0.0000e+00   1.7050e-04   2.3324e+02
20191116_07:00:00   3.0540e-01   7.3621e+01   6.9337e+00   0.0000e+00   1.3733e-03   2.3454e+02
20191116_08:00:00   2.9797e-01   7.2171e+01   6.7861e+00   0.0000e+00   0.0000e+00   2.3605e+02
20191116_09:00:00   2.9326e-01   7.1273e+01   6.6410e+00   4.3990e-04   6.0150e-05   2.3723e+02
20191116_10:00:00   2.8120e-01   6.8934e+01   6.4106e+00   0.0000e+00   2.5020e-06   2.3805e+02
20191116_11:00:00   2.8392e-01   6.9452e+01   6.4876e+00   0.0000e+00   4.1120e-04   2.3822e+02
20191116_12:00:00   2.9966e-01   7.2533e+01   6.8505e+00   0.0000e+00   2.5020e-06   2.3722e+02
20191116_13:00:00   3.1414e-01   7.5392e+01   7.1448e+00   0.0000e+00   3.8120e-05   2.3631e+02
20191116_14:00:00   3.2415e-01   7.7386e+01   7.3234e+00   0.0000e+00   0.0000e+00   2.3622e+02
20191116_15:00:00   3.2599e-01   7.7783e+01   7.3390e+00   0.0000e+00   2.5337e-04   2.3640e+02
20191116_16:00:00   3.2749e-01   7.8085e+01   7.3742e+00   0.0000e+00   7.3866e-05   2.3770e+02
20191116_17:00:00   3.2964e-01   7.8492e+01   7.4323e+00   0.0000e+00   6.5624e-04   2.3906e+02
20191116_18:00:00   3.3054e-01   7.8651e+01   7.4693e+00   0.0000e+00   2.9442e-03   2.3955e+02
20191116_19:00:00   3.6737e-01   8.5639e+01   7.5039e+00   1.5000e-02   6.6360e-03   2.3966e+02
20191116_20:00:00   3.8242e-01   8.8444e+01   7.4829e+00   2.1950e-02   4.4690e-03   2.3808e+02
20191116_21:00:00   3.7190e-01   8.6479e+01   7.4733e+00   1.7590e-02   2.5056e-03   2.3791e+02
20191116_22:00:00   3.1884e-01   7.6472e+01   7.2296e+00   0.0000e+00   1.7307e-04   2.3822e+02
20191116_23:00:00   3.1334e-01   7.5448e+01   7.0896e+00   0.0000e+00   6.0316e-04   2.3850e+02
20191117_00:00:00   3.0516e-01   7.3872e+01   6.9012e+00   0.0000e+00   2.7273e-03   2.4013e+02
20191117_01:00:00   2.9425e-01   7.1782e+01   6.6658e+00   0.0000e+00   8.6912e-04   2.4050e+02
20191117_02:00:00   2.9476e-01   7.1789e+01   6.7055e+00   1.4578e-04   6.3446e-04   2.3939e+02
20191117_03:00:00   3.1287e-01   7.5233e+01   7.0688e+00   1.6003e-03   3.9125e-04   2.3808e+02
20191117_04:00:00   3.1871e-01   7.6190e+01   7.3378e+00   0.0000e+00   9.0358e-03   2.3744e+02
20191117_05:00:00   3.1187e-01   7.4752e+01   7.2707e+00   0.0000e+00   3.7949e-02   2.3807e+02
20191117_06:00:00   3.0296e-01   7.3124e+01   7.0426e+00   0.0000e+00   3.3580e-03   2.3927e+02
20191117_07:00:00   3.0888e-01   7.4327e+01   6.8991e+00   4.5301e-03   1.4735e-03   2.3972e+02
20191117_08:00:00   2.9300e-01   7.1174e+01   6.6782e+00   2.5140e-03   2.8340e-03   2.3975e+02
20191117_09:00:00   2.6775e-01   6.6220e+01   6.1891e+00   1.2606e-03   8.7102e-04   2.3896e+02
20191117_10:00:00   2.4616e-01   6.1844e+01   5.7639e+00   4.2060e-04   7.3150e-05   2.3747e+02
20191117_11:00:00   2.4084e-01   6.0756e+01   5.6543e+00   4.2050e-04   5.4920e-05   2.3597e+02
20191117_12:00:00   2.4674e-01   6.2028e+01   5.6050e+00   3.7710e-03   7.6556e-05   2.3569e+02
20191117_13:00:00   2.4628e-01   6.1841e+01   5.6492e+00   3.7570e-03   7.4164e-05   2.3597e+02
20191117_14:00:00   2.4741e-01   6.1898e+01   5.9409e+00   0.0000e+00   6.0383e-05   2.3677e+02
20191117_15:00:00   2.4826e-01   6.1997e+01   5.9824e+00   0.0000e+00   6.1548e-06   2.3751e+02
20191117_16:00:00   2.5200e-01   6.2790e+01   6.0619e+00   0.0000e+00   5.3078e-06   2.3877e+02
20191117_17:00:00   2.6033e-01   6.4442e+01   6.2724e+00   0.0000e+00   2.1220e-06   2.3938e+02
20191117_18:00:00   2.6908e-01   6.6116e+01   6.5004e+00   0.0000e+00   1.5222e-04   2.3951e+02
20191117_19:00:00   2.7488e-01   6.7240e+01   6.6452e+00   0.0000e+00   1.0187e-03   2.3952e+02
20191117_20:00:00   2.7270e-01   6.6790e+01   6.5984e+00   1.1310e-04   1.8816e-03   2.3914e+02
20191117_21:00:00   2.9303e-01   7.0766e+01   7.0658e+00   0.0000e+00   1.3121e-03   2.3846e+02
20191117_22:00:00   3.1458e-01   7.4850e+01   7.5368e+00   0.0000e+00   6.6654e-03   2.3755e+02
20191117_23:00:00   3.3080e-01   7.7919e+01   7.8793e+00   0.0000e+00   2.6856e-02   2.3640e+02
20191118_00:00:00   3.5405e-01   8.2325e+01   8.3618e+00   7.0110e-05   2.1403e-02   2.3557e+02
20191118_01:00:00   3.8799e-01   8.8714e+01   8.9742e+00   4.7870e-06   7.1469e-03   2.3494e+02
20191118_02:00:00   3.9207e-01   8.9675e+01   8.9208e+00   1.1045e-04   5.0880e-05   2.3504e+02
20191118_03:00:00   3.8713e-01   8.8817e+01   8.7685e+00   4.1100e-04   1.0253e-04   2.3572e+02
20191118_04:00:00   3.9062e-01   8.9436e+01   8.7542e+00   1.9180e-03   8.3361e-06   2.3621e+02
20191118_05:00:00   3.8960e-01   8.9270e+01   8.7611e+00   8.3150e-04   8.2811e-05   2.3679e+02
20191118_06:00:00   3.9293e-01   8.9829e+01   8.8018e+00   1.3615e-03   4.5590e-04   2.3678e+02
20191118_09:00:00   3.8909e-01   8.9017e+01   8.7971e+00   1.6969e-03   3.0910e-02   2.3568e+02
20191118_12:00:00   3.7625e-01   8.6642e+01   8.7091e+00   0.0000e+00   2.3718e-03   2.3670e+02
20191118_15:00:00   3.5973e-01   8.4050e+01   8.1124e+00   1.2880e-03   4.1328e-05   2.3720e+02
20191118_18:00:00   5.6002e-01   1.1833e+02   7.2814e+00   9.7131e-02   1.1611e-03   2.3819e+02
20191118_21:00:00   1.3924e+00   2.0494e+02   6.5737e+00   4.5734e-01   4.2235e-02   2.3652e+02
20191119_00:00:00   7.3127e-01   1.4262e+02   4.6211e+00   2.1742e-01   5.5279e-04   2.3543e+02
20191119_03:00:00   1.3410e-01   3.7933e+01   2.8817e+00   1.6090e-03   1.9504e-03   2.3650e+02
20191119_06:00:00   1.0709e-01   3.1560e+01   2.0832e+00   4.7930e-03   1.7363e-03   2.3954e+02
20191119_09:00:00   5.8548e-02   1.9571e+01   1.1966e+00   3.3390e-04   5.6145e-03   2.3984e+02
20191119_12:00:00   5.6750e-02   1.9154e+01   1.0659e+00   1.7970e-03   1.1274e-03   2.3926e+02
20191119_15:00:00   4.6379e-02   1.6444e+01   9.3147e-01   0.0000e+00   4.1077e-05   2.3990e+02
20191119_18:00:00   4.6933e-02   1.6715e+01   9.0304e-01   0.0000e+00   0.0000e+00   2.4077e+02
20191119_21:00:00   6.6758e-02   2.1921e+01   1.0261e+00   5.6870e-03   7.1370e-06   2.4062e+02
20191120_00:00:00   2.0752e-01   5.5223e+01   1.1040e+00   6.1770e-02   3.6400e-06   2.3847e+02
20191120_03:00:00   4.5736e-02   1.6423e+01   8.7523e-01   0.0000e+00   0.0000e+00   2.4056e+02
20191120_06:00:00   3.9899e-02   1.4875e+01   7.3541e-01   0.0000e+00   0.0000e+00   2.4042e+02
20191120_09:00:00   3.8937e-02   1.4566e+01   7.2359e-01   0.0000e+00   1.1878e-07   2.3983e+02
20191120_12:00:00   3.8497e-02   1.4437e+01   7.1298e-01   0.0000e+00   7.4920e-06   2.3790e+02
20191120_15:00:00   3.7315e-02   1.4103e+01   6.9102e-01   0.0000e+00   3.2481e-04   2.3767e+02
20191120_18:00:00   4.1815e-02   1.5314e+01   8.0091e-01   0.0000e+00   9.6260e-06   2.3971e+02
20191120_21:00:00   4.2274e-02   1.5452e+01   8.1032e-01   0.0000e+00   0.0000e+00   2.3781e+02
20191121_00:00:00   3.9191e-02   1.4597e+01   7.4536e-01   0.0000e+00   0.0000e+00   2.3755e+02
20191121_03:00:00   3.9852e-02   1.4737e+01   7.6875e-01   0.0000e+00   2.6371e-04   2.3717e+02
20191121_06:00:00   4.1445e-02   1.5129e+01   8.1471e-01   0.0000e+00   5.4796e-03   2.3757e+02
20191121_09:00:00   3.9841e-02   1.4661e+01   7.8633e-01   0.0000e+00   9.1861e-03   2.3794e+02
20191121_12:00:00   4.7678e-02   1.6651e+01   1.0009e+00   0.0000e+00   5.5358e-03   2.3792e+02
20191121_15:00:00   6.0609e-02   1.9860e+01   1.3566e+00   0.0000e+00   2.0140e-03   2.3926e+02
20191121_18:00:00   9.1776e-02   2.7357e+01   2.1876e+00   0.0000e+00   9.8147e-03   2.3999e+02
20191121_21:00:00   8.4868e-01   1.5711e+02   4.0612e+00   2.7994e-01   6.2211e-03   2.3792e+02
20191122_00:00:00   2.2486e-01   5.7126e+01   5.1720e+00   4.6960e-03   5.6991e-03   2.3548e+02
20191122_03:00:00   2.7345e-01   6.6750e+01   6.4046e+00   3.6670e-03   3.4332e-02   2.3653e+02
20191122_06:00:00   3.2056e-01   7.5858e+01   7.5700e+00   0.0000e+00   9.1260e-02   2.3870e+02
20191122_09:00:00   3.6042e-01   8.3505e+01   8.2379e+00   0.0000e+00   1.1129e-01   2.3746e+02
20191122_12:00:00   3.4900e-01   8.1661e+01   7.9756e+00   0.0000e+00   1.3598e-03   2.3530e+02
20191122_15:00:00   3.3801e-01   7.9764e+01   7.6629e+00   0.0000e+00   5.3509e-04   2.3585e+02
20191122_18:00:00   4.1498e-01   9.3671e+01   8.0888e+00   2.2821e-02   1.0955e-02   2.3484e+02
20191122_21:00:00   5.7679e-01   1.1999e+02   8.1071e+00   9.0890e-02   1.8989e-02   2.3278e+02
20191123_00:00:00   3.8487e-01   8.8515e+01   7.7491e+00   1.5810e-02   1.0938e-03   2.3168e+02
20191123_03:00:00   6.1956e-01   1.2645e+02   7.7105e+00   1.1611e-01   8.8437e-03   2.3227e+02
20191123_06:00:00   3.8795e-01   8.8952e+01   7.8290e+00   1.7763e-02   1.2177e-03   2.3220e+02
20191123_09:00:00   3.4841e-01   8.1641e+01   7.6148e+00   4.6870e-03   2.1387e-04   2.3316e+02
20191123_12:00:00   2.9051e-01   7.0822e+01   6.5869e+00   0.0000e+00   5.7100e-07   2.3337e+02
20191123_15:00:00   2.5702e-01   6.4268e+01   5.8606e+00   0.0000e+00   0.0000e+00   2.3228e+02
20191123_18:00:00   2.8388e-01   6.9741e+01   5.9797e+00   9.0620e-03   3.8640e-06   2.3406e+02
20191123_21:00:00   5.9713e-01   1.2376e+02   6.4223e+00   1.3133e-01   7.2571e-05   2.3298e+02
20191124_00:00:00   3.5460e-01   8.3231e+01   6.8894e+00   2.0502e-02   7.9102e-05   2.3103e+02
20191124_03:00:00   3.0408e-01   7.3460e+01   6.8966e+00   0.0000e+00   0.0000e+00   2.3030e+02
20191124_06:00:00   2.9561e-01   7.1739e+01   6.7214e+00   0.0000e+00   1.0160e-05   2.3325e+02
20191124_09:00:00   2.8102e-01   6.8875e+01   6.4275e+00   0.0000e+00   4.2161e-05   2.3556e+02
20191124_12:00:00   2.8421e-01   6.9550e+01   6.4924e+00   0.0000e+00   1.3884e-04   2.3241e+02
20191124_15:00:00   3.0399e-01   7.3418e+01   6.9577e+00   0.0000e+00   0.0000e+00   2.3137e+02
20191124_18:00:00   2.9569e-01   7.1899e+01   6.6616e+00   9.6180e-04   7.6950e-06   2.3331e+02
20191124_21:00:00   2.7976e-01   6.8814e+01   6.1753e+00   3.2880e-03   0.0000e+00   2.3446e+02
20191125_00:00:00   2.7095e-01   6.6924e+01   6.2035e+00   0.0000e+00   1.9948e-03   2.3456e+02
20191125_03:00:00   3.0339e-01   7.2996e+01   7.0760e+00   0.0000e+00   8.5977e-03   2.3484e+02
20191125_06:00:00   3.2441e-01   7.6932e+01   7.5172e+00   0.0000e+00   3.1116e-03   2.3556e+02
20191125_09:00:00   3.6026e-01   8.3527e+01   8.2488e+00   0.0000e+00   2.1981e-03   2.3738e+02
20191125_12:00:00   3.6658e-01   8.4797e+01   8.3154e+00   0.0000e+00   7.6336e-04   2.3684e+02
20191125_15:00:00   3.2514e-01   7.7103e+01   7.4758e+00   0.0000e+00   1.4144e-02   2.3616e+02
20191125_18:00:00   4.0742e-01   9.2103e+01   8.1856e+00   2.0094e-02   8.9497e-03   2.3710e+02
20191125_21:00:00   4.8528e-01   1.0540e+02   8.6664e+00   4.3188e-02   2.1455e-02   2.3666e+02
20191126_00:00:00   4.7223e-01   1.0330e+02   8.5977e+00   3.9234e-02   3.9522e-02   2.3615e+02
20191126_03:00:00   9.1672e-01   1.6291e+02   9.2531e+00   2.1211e-01   1.8005e-01   2.3600e+02
20191126_06:00:00   7.0468e-01   1.3764e+02   8.6603e+00   1.3530e-01   3.6595e-02   2.3672e+02
20191126_09:00:00   1.4562e+00   2.0800e+02   7.3594e+00   4.7446e-01   3.7403e-02   2.3787e+02
20191126_12:00:00   7.4515e-01   1.4354e+02   6.4405e+00   1.9252e-01   1.8810e-02   2.3862e+02
20191126_15:00:00   2.5193e-01   6.3249e+01   5.3488e+00   6.5402e-03   3.6990e-06   2.3973e+02
20191126_18:00:00   2.2870e-01   5.8418e+01   5.1560e+00   0.0000e+00   1.7928e-05   2.3950e+02
20191126_21:00:00   3.3341e-01   7.9028e+01   6.7365e+00   1.5790e-02   1.4920e-03   2.3895e+02
20191127_00:00:00   8.1314e-01   1.5192e+02   6.3596e+00   2.2421e-01   5.5827e-03   2.3615e+02
20191127_03:00:00   6.4954e-01   1.3070e+02   6.6698e+00   1.4972e-01   3.6948e-03   2.3714e+02
20191127_06:00:00   9.5320e-01   1.6701e+02   6.9529e+00   2.7281e-01   3.5509e-02   2.3782e+02
20191127_09:00:00   3.9657e-01   9.0814e+01   5.9067e+00   5.5689e-02   7.5557e-03   2.3841e+02
20191127_12:00:00   2.4045e-01   6.0815e+01   4.7333e+00   1.2419e-02   9.3550e-04   2.3805e+02
20191127_15:00:00   1.7088e-01   4.6020e+01   3.5272e+00   5.4730e-03   2.4578e-03   2.3920e+02
20191127_18:00:00   2.1811e-01   5.6378e+01   3.9189e+00   1.7450e-02   1.0042e-03   2.3800e+02
20191127_21:00:00   1.0178e+00   1.7372e+02   6.8573e+00   2.9919e-01   1.3472e-02   2.3595e+02
20191128_00:00:00   9.3120e-01   1.6467e+02   7.4711e+00   2.5014e-01   5.6009e-02   2.3449e+02
20191128_03:00:00   3.3793e-01   8.0003e+01   5.4186e+00   3.8430e-02   3.0731e-03   2.3456e+02
20191128_06:00:00   1.7517e-01   4.6739e+01   3.2082e+00   1.3526e-02   4.4237e-03   2.3678e+02
20191128_09:00:00   1.4203e-01   3.9299e+01   1.9851e+00   2.3083e-02   5.2610e-03   2.3810e+02
20191128_12:00:00   7.1200e-02   2.2290e+01   1.5600e+00   7.7110e-04   4.3802e-04   2.3541e+02
20191128_15:00:00   6.7240e-02   2.1308e+01   1.5001e+00   5.7480e-05   0.0000e+00   2.3581e+02
20191128_18:00:00   7.0614e-02   2.2184e+01   1.5539e+00   2.0620e-04   0.0000e+00   2.3595e+02
20191128_21:00:00   1.1392e-01   3.2801e+01   1.8776e+00   1.2240e-02   7.1390e-06   2.3449e+02
20191129_00:00:00   1.7655e-01   4.7347e+01   1.6982e+00   4.1370e-02   6.4753e-04   2.3524e+02
20191129_03:00:00   5.2023e-02   1.7645e+01   1.0474e+00   3.1660e-04   1.0284e-04   2.3693e+02
20191129_06:00:00   3.5927e-02   1.3509e+01   6.6272e-01   0.0000e+00   0.0000e+00   2.3684e+02
