#            date       tau225        Tb[K]      pwv[mm] lwp[kg*m^-2] iwp[kg*m^-2]       o3[DU]
20191008_12:00:00   1.2480e+00   1.9442e+02   9.4965e+00   3.4454e-01   3.7598e-03   2.5995e+02
20191008_13:00:00   1.8722e+00   2.3056e+02   9.5682e+00   6.0343e-01   8.2016e-03   2.5998e+02
20191008_14:00:00   1.2551e+00   1.9527e+02   9.3202e+00   3.4944e-01   1.7124e-03   2.5749e+02
20191008_15:00:00   7.7365e-01   1.4799e+02   9.1098e+00   1.5348e-01   3.7111e-04   2.5688e+02
20191008_16:00:00   3.9420e-01   9.0830e+01   8.7437e+00   4.3720e-03   6.1244e-04   2.5765e+02
20191008_17:00:00   0.0000e+00   0.0000e+00   0.0000e+00   0.0000e+00   0.0000e+00   0.0000e+00
20191008_18:00:00   0.0000e+00   0.0000e+00   0.0000e+00   0.0000e+00   0.0000e+00   0.0000e+00
20191008_20:00:00   5.6859e-01   1.1981e+02   9.0159e+00   6.5874e-02   4.7992e-03   2.5626e+02
20191008_22:00:00   3.5362e-01   8.3793e+01   7.5881e+00   4.7250e-03   3.8637e-05   2.5789e+02
20191008_23:00:00   3.4728e-01   8.2651e+01   7.3822e+00   5.2740e-03   2.6335e-04   2.5779e+02
20191009_00:00:00   3.3180e-01   7.9829e+01   6.8972e+00   8.1290e-03   1.1042e-03   2.5637e+02
20191009_02:00:00   2.8089e-01   6.9878e+01   6.1964e+00   0.0000e+00   2.0323e-03   2.5612e+02
20191009_03:00:00   0.0000e+00   2.7000e+00   0.0000e+00   0.0000e+00   0.0000e+00   0.0000e+00
20191009_04:00:00   0.0000e+00   2.7000e+00   0.0000e+00   0.0000e+00   0.0000e+00   0.0000e+00
20191009_05:00:00   0.0000e+00   2.7000e+00   0.0000e+00   0.0000e+00   0.0000e+00   0.0000e+00
20191009_06:00:00   0.0000e+00   2.7000e+00   0.0000e+00   0.0000e+00   0.0000e+00   0.0000e+00
20191009_07:00:00   2.7194e-01   6.7826e+01   6.1917e+00   0.0000e+00   5.4063e-04   2.5842e+02
20191009_08:00:00   4.0636e-01   9.5355e+01   7.7123e+00   0.0000e+00   0.0000e+00   2.6756e+02
20191009_09:00:00   2.7639e-01   6.8589e+01   6.3613e+00   0.0000e+00   6.5293e-04   2.5742e+02
20191009_10:00:00   2.7447e-01   6.8196e+01   6.2920e+00   0.0000e+00   4.0506e-04   2.5714e+02
20191009_13:00:00   0.0000e+00   0.0000e+00   0.0000e+00   0.0000e+00   0.0000e+00   0.0000e+00
20191009_14:00:00   0.0000e+00   0.0000e+00   0.0000e+00   0.0000e+00   0.0000e+00   0.0000e+00
20191009_15:00:00   0.0000e+00   0.0000e+00   0.0000e+00   0.0000e+00   0.0000e+00   0.0000e+00
20191009_16:00:00   7.7977e-01   1.5412e+02   1.5027e+01   0.0000e+00   1.9277e-04   2.5626e+02
20191009_18:00:00   1.9135e-01   5.1194e+01   3.8638e+00   7.3450e-03   4.8677e-04   2.5302e+02
20191009_19:00:00   0.0000e+00   2.7000e+00   0.0000e+00   0.0000e+00   0.0000e+00   0.0000e+00
20191009_21:00:00   2.3136e-01   6.0359e+01   4.6556e+00   0.0000e+00   6.7820e-04   2.5523e+02
20191009_22:00:00   0.0000e+00   0.0000e+00   0.0000e+00   0.0000e+00   0.0000e+00   0.0000e+00
20191009_23:00:00   2.5796e-01   6.4969e+01   5.8926e+00   1.1941e-03   2.5428e-05   2.4969e+02
20191010_00:00:00   2.7088e-01   6.7676e+01   5.9219e+00   5.6400e-03   1.3433e-05   2.5029e+02
20191010_02:00:00   3.0027e-01   7.2618e+01   6.6027e+00   0.0000e+00   2.0254e-03   2.5057e+02
20191010_03:00:00   0.0000e+00   0.0000e+00   0.0000e+00   0.0000e+00   0.0000e+00   0.0000e+00
20191010_04:00:00   0.0000e+00   0.0000e+00   0.0000e+00   0.0000e+00   0.0000e+00   0.0000e+00
20191010_05:00:00   0.0000e+00   2.7000e+00   0.0000e+00   0.0000e+00   0.0000e+00   0.0000e+00
20191010_06:00:00   0.0000e+00   2.7000e+00   0.0000e+00   0.0000e+00   0.0000e+00   0.0000e+00
20191010_07:00:00   3.0130e-01   7.3423e+01   6.9609e+00   0.0000e+00   7.9493e-05   2.4940e+02
20191010_08:00:00   3.1312e-01   7.5668e+01   7.2378e+00   0.0000e+00   5.4550e-05   2.4799e+02
20191010_09:00:00   3.2042e-01   7.7043e+01   7.4041e+00   0.0000e+00   1.6520e-05   2.4621e+02
20191010_10:00:00   3.2357e-01   7.7644e+01   7.4557e+00   0.0000e+00   7.5760e-06   2.4569e+02
20191010_11:00:00   3.1964e-01   7.6958e+01   7.3609e+00   0.0000e+00   1.1489e-05   2.4406e+02
20191010_12:00:00   0.0000e+00   2.7000e+00   0.0000e+00   0.0000e+00   0.0000e+00   0.0000e+00
20191010_13:00:00   0.0000e+00   2.7000e+00   0.0000e+00   0.0000e+00   0.0000e+00   0.0000e+00
20191010_15:00:00   3.5192e-01   8.3216e+01   7.9890e+00   0.0000e+00   4.4307e-05   2.4799e+02
20191010_16:00:00   0.0000e+00   0.0000e+00   0.0000e+00   0.0000e+00   0.0000e+00   0.0000e+00
20191010_17:00:00   3.6279e-01   8.5271e+01   8.0230e+00   3.8260e-03   5.0700e-06   2.4738e+02
20191010_18:00:00   3.8289e-01   8.9047e+01   7.9283e+00   1.3744e-02   9.8695e-05   2.4905e+02
20191010_19:00:00   1.3361e+00   2.0952e+02   2.0344e+01   1.4286e-01   1.1646e-03   2.5063e+02
20191010_20:00:00   0.0000e+00   2.7000e+00   0.0000e+00   0.0000e+00   0.0000e+00   0.0000e+00
20191010_21:00:00   9.8190e-01   1.7203e+02   8.7430e+00   2.4342e-01   2.0743e-03   2.4555e+02
20191010_22:00:00   0.0000e+00   0.0000e+00   0.0000e+00   0.0000e+00   0.0000e+00   0.0000e+00
20191010_23:00:00   0.0000e+00   0.0000e+00   0.0000e+00   0.0000e+00   0.0000e+00   0.0000e+00
20191011_00:00:00   0.0000e+00   2.7000e+00   0.0000e+00   0.0000e+00   0.0000e+00   0.0000e+00
20191011_01:00:00   0.0000e+00   0.0000e+00   0.0000e+00   0.0000e+00   0.0000e+00   0.0000e+00
20191011_02:00:00   3.4189e-01   8.1250e+01   7.7965e+00   4.6300e-04   2.1482e-04   2.4359e+02
20191011_04:00:00   0.0000e+00   2.7000e+00   0.0000e+00   0.0000e+00   0.0000e+00   0.0000e+00
20191011_05:00:00   3.0845e-01   7.4728e+01   7.1961e+00   0.0000e+00   3.4368e-05   2.4658e+02
20191011_06:00:00   3.0990e-01   7.5033e+01   7.2182e+00   0.0000e+00   3.0480e-05   2.4617e+02
20191011_07:00:00   0.0000e+00   0.0000e+00   0.0000e+00   0.0000e+00   0.0000e+00   0.0000e+00
20191011_08:00:00   0.0000e+00   2.7000e+00   0.0000e+00   0.0000e+00   0.0000e+00   0.0000e+00
20191011_09:00:00   0.0000e+00   0.0000e+00   0.0000e+00   0.0000e+00   0.0000e+00   0.0000e+00
20191011_10:00:00   3.2784e-01   7.8615e+01   7.4623e+00   0.0000e+00   1.0670e-05   2.4760e+02
20191011_11:00:00   0.0000e+00   2.7000e+00   0.0000e+00   0.0000e+00   0.0000e+00   0.0000e+00
20191011_12:00:00   3.4480e-01   8.1817e+01   7.7794e+00   0.0000e+00   3.9996e-06   2.4773e+02
20191011_13:00:00   0.0000e+00   0.0000e+00   0.0000e+00   0.0000e+00   0.0000e+00   0.0000e+00
20191011_15:00:00   3.1346e-01   7.5996e+01   7.0551e+00   0.0000e+00   3.2630e-06   2.4733e+02
20191011_16:00:00   5.4299e-01   1.1540e+02   1.0840e+01   0.0000e+00   1.2470e-01   2.6835e+02
20191011_17:00:00   2.9928e-01   7.3245e+01   6.7784e+00   0.0000e+00   5.1868e-04   2.4586e+02
20191011_18:00:00   3.0371e-01   7.4111e+01   6.7954e+00   2.2010e-03   8.4786e-04   2.4675e+02
20191011_21:00:00   3.1747e-01   7.6546e+01   7.3389e+00   0.0000e+00   3.4437e-03   2.4490e+02
20191011_22:00:00   0.0000e+00   0.0000e+00   0.0000e+00   0.0000e+00   0.0000e+00   0.0000e+00
20191011_23:00:00   3.3937e-01   8.0573e+01   7.8804e+00   0.0000e+00   2.3121e-03   2.4604e+02
20191012_00:00:00   3.7328e-01   8.6678e+01   8.6352e+00   0.0000e+00   4.3685e-03   2.4495e+02
20191012_01:00:00   0.0000e+00   2.7000e+00   0.0000e+00   0.0000e+00   0.0000e+00   0.0000e+00
20191012_02:00:00   3.9339e-01   9.0355e+01   8.9100e+00   1.3985e-04   2.0656e-03   2.4480e+02
20191012_03:00:00   3.8494e-01   8.8886e+01   8.6361e+00   1.3822e-03   3.9438e-03   2.4437e+02
20191012_04:00:00   3.7151e-01   8.6416e+01   8.4224e+00   1.0255e-04   1.5072e-03   2.4457e+02
20191012_05:00:00   0.0000e+00   0.0000e+00   0.0000e+00   0.0000e+00   0.0000e+00   0.0000e+00
20191012_06:00:00   0.0000e+00   2.7000e+00   0.0000e+00   0.0000e+00   0.0000e+00   0.0000e+00
20191012_07:00:00   0.0000e+00   0.0000e+00   0.0000e+00   0.0000e+00   0.0000e+00   0.0000e+00
20191012_08:00:00   3.9559e-01   9.0458e+01   8.9682e+00   1.4549e-04   1.4867e-03   2.5134e+02
20191012_09:00:00   0.0000e+00   0.0000e+00   0.0000e+00   0.0000e+00   0.0000e+00   0.0000e+00
20191012_10:00:00   0.0000e+00   0.0000e+00   0.0000e+00   0.0000e+00   0.0000e+00   0.0000e+00
20191012_12:00:00   2.7435e-01   6.7889e+01   6.3090e+00   0.0000e+00   3.3743e-03   2.5107e+02
20191012_13:00:00   0.0000e+00   0.0000e+00   0.0000e+00   0.0000e+00   0.0000e+00   0.0000e+00
20191012_14:00:00   0.0000e+00   0.0000e+00   0.0000e+00   0.0000e+00   0.0000e+00   0.0000e+00
20191012_15:00:00   0.0000e+00   0.0000e+00   0.0000e+00   0.0000e+00   0.0000e+00   0.0000e+00
20191012_16:00:00   0.0000e+00   0.0000e+00   0.0000e+00   0.0000e+00   0.0000e+00   0.0000e+00
20191012_17:00:00   2.4166e-01   6.1028e+01   5.7755e+00   2.1780e-04   6.5418e-04   2.5152e+02
20191012_18:00:00   2.6965e-01   6.6814e+01   6.1327e+00   5.1850e-03   6.5942e-04   2.5056e+02
20191012_19:00:00   3.3059e-01   7.8838e+01   6.9773e+00   1.3470e-02   6.2763e-04   2.5104e+02
20191012_20:00:00   4.5164e-01   1.0077e+02   7.4909e+00   5.3530e-02   1.5334e-03   2.5268e+02
20191012_21:00:00   0.0000e+00   0.0000e+00   0.0000e+00   0.0000e+00   0.0000e+00   0.0000e+00
20191012_22:00:00   3.9227e-01   9.0179e+01   8.0106e+00   1.9907e-02   1.7693e-03   2.5239e+02
20191012_23:00:00   3.4852e-01   8.2023e+01   8.0572e+00   1.4613e-03   1.7297e-03   2.5289e+02
20191013_00:00:00   3.4522e-01   8.1349e+01   8.0744e+00   0.0000e+00   2.7515e-03   2.5329e+02
20191013_01:00:00   3.5451e-01   8.3072e+01   8.2560e+00   0.0000e+00   8.2649e-04   2.5289e+02
20191013_02:00:00   0.0000e+00   2.7000e+00   0.0000e+00   0.0000e+00   0.0000e+00   0.0000e+00
20191013_04:00:00   3.0209e-01   7.3390e+01   7.0260e+00   0.0000e+00   1.4192e-04   2.5247e+02
20191013_05:00:00   0.0000e+00   2.7000e+00   0.0000e+00   0.0000e+00   0.0000e+00   0.0000e+00
20191013_07:00:00   2.7153e-01   6.7264e+01   6.3572e+00   0.0000e+00   1.8181e-04   2.5291e+02
20191013_08:00:00   0.0000e+00   0.0000e+00   0.0000e+00   0.0000e+00   0.0000e+00   0.0000e+00
20191013_09:00:00   2.1308e-01   5.5161e+01   5.0669e+00   0.0000e+00   5.7682e-04   2.5279e+02
20191013_10:00:00   1.8185e-01   4.8383e+01   4.3537e+00   0.0000e+00   3.8702e-04   2.5242e+02
20191013_11:00:00   5.1021e-01   1.1429e+02   1.0842e+01   0.0000e+00   1.6390e-04   2.5593e+02
20191013_12:00:00   0.0000e+00   0.0000e+00   0.0000e+00   0.0000e+00   0.0000e+00   0.0000e+00
20191013_15:00:00   0.0000e+00   0.0000e+00   0.0000e+00   0.0000e+00   0.0000e+00   0.0000e+00
20191013_18:00:00   0.0000e+00   0.0000e+00   0.0000e+00   0.0000e+00   0.0000e+00   0.0000e+00
20191013_21:00:00   3.4580e-01   8.2389e+01   5.7023e+00   4.2720e-02   5.9806e-05   2.5340e+02
20191014_00:00:00   2.8994e-01   7.1348e+01   6.6958e+00   2.3980e-04   1.5200e-05   2.5118e+02
20191014_03:00:00   2.8386e-01   7.0167e+01   6.5320e+00   0.0000e+00   8.8764e-05   2.4910e+02
20191014_06:00:00   3.9092e-01   9.1033e+01   8.6290e+00   0.0000e+00   2.0640e-04   2.5191e+02
20191014_09:00:00   2.4850e-01   6.2892e+01   5.6988e+00   0.0000e+00   2.1702e-05   2.5044e+02
20191014_12:00:00   2.1818e-01   5.6617e+01   5.0466e+00   0.0000e+00   1.4410e-04   2.4937e+02
20191014_15:00:00   2.5133e-01   6.3408e+01   5.9518e+00   0.0000e+00   7.9276e-05   2.5038e+02
20191014_18:00:00   2.1292e-01   5.5589e+01   4.9828e+00   0.0000e+00   1.5762e-05   2.4868e+02
20191014_21:00:00   2.2363e-01   5.7997e+01   4.7097e+00   9.7590e-03   2.0514e-03   2.4501e+02
20191015_00:00:00   2.8107e-01   6.9957e+01   5.5669e+00   1.8360e-02   1.1774e-04   2.4260e+02
20191015_03:00:00   6.6949e-01   1.3813e+02   1.2834e+01   1.0600e-02   7.2097e-04   2.4627e+02
20191015_06:00:00   1.6535e-01   4.5240e+01   3.7812e+00   0.0000e+00   6.5147e-04   2.4601e+02
20191015_12:00:00   0.0000e+00   2.7000e+00   0.0000e+00   0.0000e+00   0.0000e+00   0.0000e+00
20191015_15:00:00   1.2100e-01   3.4753e+01   2.9059e+00   0.0000e+00   3.2630e-06   2.5086e+02
20191015_18:00:00   0.0000e+00   2.7000e+00   0.0000e+00   0.0000e+00   0.0000e+00   0.0000e+00
20191015_21:00:00   0.0000e+00   0.0000e+00   0.0000e+00   0.0000e+00   0.0000e+00   0.0000e+00
20191016_03:00:00   1.4380e-01   4.0309e+01   3.3117e+00   0.0000e+00   7.2021e-06   2.5123e+02
20191016_06:00:00   1.2783e-01   3.6507e+01   2.9906e+00   0.0000e+00   3.0377e-04   2.5189e+02
20191016_12:00:00   0.0000e+00   2.7000e+00   0.0000e+00   0.0000e+00   0.0000e+00   0.0000e+00
20191016_15:00:00   0.0000e+00   0.0000e+00   0.0000e+00   0.0000e+00   0.0000e+00   0.0000e+00
20191016_18:00:00   0.0000e+00   0.0000e+00   0.0000e+00   0.0000e+00   0.0000e+00   0.0000e+00
20191016_21:00:00   1.7001e-01   4.5966e+01   4.0437e+00   2.8620e-04   8.3480e-03   2.5012e+02
20191017_00:00:00   4.1397e-02   1.5018e+01   8.3604e-01   0.0000e+00   0.0000e+00   2.5685e+02
20191017_03:00:00   1.8157e-01   4.8100e+01   4.5326e+00   0.0000e+00   2.3910e-04   2.4901e+02
20191017_06:00:00   0.0000e+00   0.0000e+00   0.0000e+00   0.0000e+00   0.0000e+00   0.0000e+00
20191017_12:00:00   3.6527e-01   8.4880e+01   8.6962e+00   0.0000e+00   7.2287e-03   2.5652e+02
20191017_15:00:00   0.0000e+00   0.0000e+00   0.0000e+00   0.0000e+00   0.0000e+00   0.0000e+00
20191017_18:00:00   0.0000e+00   0.0000e+00   0.0000e+00   0.0000e+00   0.0000e+00   0.0000e+00
20191017_21:00:00   0.0000e+00   2.7000e+00   0.0000e+00   0.0000e+00   0.0000e+00   0.0000e+00
20191018_00:00:00   6.2179e-01   1.2703e+02   1.1605e+01   4.4810e-02   1.8273e-01   2.4973e+02
20191018_03:00:00   0.0000e+00   0.0000e+00   0.0000e+00   0.0000e+00   0.0000e+00   0.0000e+00
20191018_06:00:00   2.2411e+00   2.4313e+02   1.1445e+01   7.3018e-01   1.3162e-01   2.5269e+02
20191018_09:00:00   7.4318e-01   1.4327e+02   1.1565e+01   9.5527e-02   3.3744e-01   2.5010e+02
20191018_12:00:00   9.5500e-01   1.6782e+02   1.1619e+01   1.8254e-01   2.5625e-01   2.5153e+02
20191018_15:00:00   0.0000e+00   0.0000e+00   0.0000e+00   0.0000e+00   0.0000e+00   0.0000e+00
20191018_18:00:00   2.2924e+00   2.4555e+02   1.1416e+01   7.4182e-01   5.2375e-02   2.4877e+02
20191018_21:00:00   2.2559e+00   2.4403e+02   1.1885e+01   7.2131e-01   2.2107e-01   2.4863e+02
20191019_00:00:00   1.5270e+04   2.6820e+02   1.5274e+00   0.0000e+00   4.8750e+05   2.9144e+02
20191019_03:00:00   2.0467e+00   2.3769e+02   1.0619e+01   6.5539e-01   2.4078e-02   2.4723e+02
20191019_06:00:00   2.6428e+00   2.5344e+02   1.0269e+01   9.0982e-01   1.2125e-01   2.4875e+02
20191019_09:00:00   0.0000e+00   0.0000e+00   0.0000e+00   0.0000e+00   0.0000e+00   0.0000e+00
20191019_12:00:00   7.8328e-01   1.4911e+02   8.9629e+00   1.6079e-01   6.4277e-03   2.5041e+02
20191019_15:00:00   0.0000e+00   0.0000e+00   0.0000e+00   0.0000e+00   0.0000e+00   0.0000e+00
20191019_18:00:00   6.2965e-02   2.0422e+01   1.3000e+00   0.0000e+00   0.0000e+00   2.5798e+02
20191019_21:00:00   1.6612e+00   2.2203e+02   9.5104e+00   5.1071e-01   5.2494e-03   2.4888e+02
20191020_00:00:00   0.0000e+00   0.0000e+00   0.0000e+00   0.0000e+00   0.0000e+00   0.0000e+00
20191020_03:00:00   1.7959e+00   2.2790e+02   1.0222e+01   5.5657e-01   7.7144e-02   2.4686e+02
20191020_06:00:00   1.0237e+00   1.7548e+02   1.0177e+01   2.3810e-01   3.1397e-03   2.4599e+02
20191020_09:00:00   0.0000e+00   0.0000e+00   0.0000e+00   0.0000e+00   0.0000e+00   0.0000e+00
20191020_12:00:00   0.0000e+00   0.0000e+00   0.0000e+00   0.0000e+00   0.0000e+00   0.0000e+00
20191020_15:00:00   3.4177e-01   8.1365e+01   7.8248e+00   0.0000e+00   7.7540e-06   2.4848e+02
20191020_18:00:00   3.2965e-01   7.9065e+01   7.6217e+00   1.1300e-04   2.8295e-03   2.4697e+02
20191020_21:00:00   3.5319e-01   8.3354e+01   8.2514e+00   0.0000e+00   1.7046e-03   2.4525e+02
20191021_00:00:00   3.8519e-01   8.9026e+01   8.9886e+00   0.0000e+00   6.1555e-04   2.4498e+02
20191021_03:00:00   3.9171e-01   9.0020e+01   9.1624e+00   0.0000e+00   2.9871e-02   2.4526e+02
20191021_06:00:00   4.2712e-01   9.6155e+01   9.8671e+00   7.1240e-04   2.3502e-03   2.4562e+02
20191021_09:00:00   4.5315e-01   1.0054e+02   1.0285e+01   3.3481e-03   5.6005e-04   2.4709e+02
20191021_12:00:00   0.0000e+00   0.0000e+00   0.0000e+00   0.0000e+00   0.0000e+00   0.0000e+00
20191021_15:00:00   0.0000e+00   0.0000e+00   0.0000e+00   0.0000e+00   0.0000e+00   0.0000e+00
20191021_21:00:00   3.2652e+00   2.6405e+02   1.5676e+01   1.0615e+00   3.6463e-01   2.4766e+02
20191022_00:00:00   1.0770e+00   1.7887e+02   1.2467e+01   2.1631e-01   1.5156e+00   2.4581e+02
20191022_03:00:00   8.3319e-01   1.5419e+02   1.2114e+01   1.1702e-01   1.0665e+00   2.4530e+02
20191022_06:00:00   1.3598e+00   2.0260e+02   1.2068e+01   3.3914e-01   5.9171e-01   2.4659e+02
20191022_09:00:00   2.6656e-04   2.8269e+00   0.0000e+00   0.0000e+00   0.0000e+00   1.5806e+02
20191022_12:00:00   0.0000e+00   0.0000e+00   0.0000e+00   0.0000e+00   0.0000e+00   0.0000e+00
20191022_18:00:00   1.2355e+00   1.9346e+02   1.1510e+01   2.9980e-01   2.2461e-01   2.4712e+02
20191022_21:00:00   1.9967e+00   2.3551e+02   1.1992e+01   6.0923e-01   3.0257e-01   2.4437e+02
20191023_00:00:00   1.7708e+00   2.2577e+02   1.1819e+01   5.1715e-01   5.6057e-01   2.4481e+02
20191023_03:00:00   0.0000e+00   0.0000e+00   0.0000e+00   0.0000e+00   0.0000e+00   0.0000e+00
20191023_06:00:00   0.0000e+00   0.0000e+00   0.0000e+00   0.0000e+00   0.0000e+00   0.0000e+00
20191023_09:00:00   1.7004e+00   2.2206e+02   1.0871e+01   5.1086e-01   1.3945e-01   2.4821e+02
20191023_12:00:00   1.7895e+00   2.2600e+02   1.0533e+01   5.5630e-01   9.1496e-02   2.4812e+02
20191023_18:00:00   0.0000e+00   0.0000e+00   0.0000e+00   0.0000e+00   0.0000e+00   0.0000e+00
20191023_21:00:00   1.7680e+00   2.2584e+02   1.1282e+01   5.2557e-01   2.7541e-01   2.4765e+02
20191024_00:00:00   0.0000e+00   0.0000e+00   0.0000e+00   0.0000e+00   0.0000e+00   0.0000e+00
20191024_03:00:00   0.0000e+00   0.0000e+00   0.0000e+00   0.0000e+00   0.0000e+00   0.0000e+00
20191024_06:00:00   1.8809e+00   2.3013e+02   1.0706e+01   5.8862e-01   1.6896e-01   2.4854e+02
20191024_09:00:00   1.7205e+00   2.2286e+02   9.8238e+00   5.4044e-01   2.6562e-02   2.5002e+02
20191024_12:00:00   1.5855e+00   2.1578e+02   9.6730e+00   4.8685e-01   3.3392e-02   2.5007e+02
