#            date       tau225        Tb[K]      pwv[mm] lwp[kg*m^-2] iwp[kg*m^-2]       o3[DU]
20191116_12:00:00   2.8552e-01   6.9681e+01   6.6215e+00   0.0000e+00   0.0000e+00   2.3262e+02
20191116_13:00:00   2.7455e-01   6.7522e+01   6.4064e+00   0.0000e+00   0.0000e+00   2.3228e+02
20191116_14:00:00   2.7750e-01   6.8124e+01   6.4382e+00   0.0000e+00   0.0000e+00   2.3162e+02
20191116_15:00:00   2.7562e-01   6.7772e+01   6.4013e+00   0.0000e+00   0.0000e+00   2.3055e+02
20191116_16:00:00   2.5953e-01   6.4626e+01   6.0269e+00   0.0000e+00   0.0000e+00   2.3050e+02
20191116_17:00:00   2.3984e-01   6.0683e+01   5.5540e+00   0.0000e+00   0.0000e+00   2.3227e+02
20191116_18:00:00   2.2036e-01   5.6729e+01   5.0869e+00   0.0000e+00   0.0000e+00   2.3297e+02
20191116_19:00:00   2.2526e-01   5.7953e+01   4.6920e+00   8.5550e-03   1.9280e-06   2.3280e+02
20191116_20:00:00   2.3874e-01   6.0869e+01   4.5229e+00   1.7410e-02   1.7566e-05   2.3238e+02
20191116_21:00:00   2.5797e-01   6.4782e+01   4.7509e+00   2.1440e-02   2.2891e-05   2.3128e+02
20191116_22:00:00   2.0388e-01   5.3167e+01   4.7223e+00   4.0880e-05   5.3779e-04   2.3148e+02
20191116_23:00:00   1.9651e-01   5.1613e+01   4.5371e+00   0.0000e+00   8.8200e-04   2.3115e+02
20191117_00:00:00   1.9018e-01   5.0242e+01   4.4017e+00   0.0000e+00   4.1520e-04   2.3151e+02
20191117_01:00:00   1.8849e-01   4.9893e+01   4.3466e+00   0.0000e+00   1.5506e-04   2.3284e+02
20191117_02:00:00   1.8432e-01   4.9014e+01   4.2580e+00   0.0000e+00   8.0380e-06   2.3368e+02
20191117_03:00:00   1.7787e-01   4.7567e+01   4.1552e+00   0.0000e+00   7.7000e-06   2.3413e+02
20191117_04:00:00   1.7179e-01   4.6201e+01   4.0290e+00   0.0000e+00   9.7040e-06   2.3505e+02
20191117_05:00:00   1.7028e-01   4.5813e+01   4.0078e+00   0.0000e+00   0.0000e+00   2.3466e+02
20191117_06:00:00   1.6319e-01   4.4153e+01   3.8642e+00   0.0000e+00   0.0000e+00   2.3329e+02
20191117_07:00:00   1.5691e-01   4.2636e+01   3.7616e+00   0.0000e+00   0.0000e+00   2.3348e+02
20191117_08:00:00   1.5673e-01   4.2481e+01   3.8091e+00   0.0000e+00   0.0000e+00   2.3325e+02
20191117_09:00:00   1.6078e-01   4.3222e+01   3.9685e+00   0.0000e+00   6.1660e-05   2.3245e+02
20191117_10:00:00   1.7833e-01   4.7038e+01   4.4047e+00   0.0000e+00   1.2391e-03   2.3232e+02
20191117_11:00:00   1.7662e-01   4.6746e+01   4.3371e+00   0.0000e+00   4.6570e-06   2.3356e+02
20191117_12:00:00   1.7542e-01   4.6680e+01   4.2587e+00   0.0000e+00   2.3760e-07   2.3421e+02
20191117_13:00:00   1.7628e-01   4.7062e+01   4.2128e+00   0.0000e+00   2.7980e-06   2.3378e+02
20191117_14:00:00   1.8688e-01   4.9443e+01   4.4384e+00   0.0000e+00   0.0000e+00   2.3357e+02
20191117_15:00:00   2.0134e-01   5.2589e+01   4.7542e+00   0.0000e+00   0.0000e+00   2.3333e+02
20191117_16:00:00   2.1846e-01   5.6239e+01   5.1371e+00   0.0000e+00   1.1878e-07   2.3282e+02
20191117_17:00:00   2.3070e-01   5.8832e+01   5.3917e+00   0.0000e+00   0.0000e+00   2.3244e+02
20191117_18:00:00   2.3816e-01   6.0411e+01   5.5382e+00   0.0000e+00   0.0000e+00   2.3315e+02
20191117_19:00:00   2.4241e-01   6.1319e+01   5.5157e+00   2.0240e-03   0.0000e+00   2.3360e+02
20191117_20:00:00   2.3998e-01   6.0847e+01   5.4444e+00   1.6330e-03   6.8507e-05   2.3239e+02
20191117_21:00:00   2.4051e-01   6.0991e+01   5.3700e+00   2.9955e-03   4.3020e-05   2.3021e+02
20191117_22:00:00   2.6732e-01   6.6490e+01   5.5670e+00   1.0267e-02   2.0093e-05   2.2951e+02
20191117_23:00:00   2.8443e-01   6.9849e+01   6.0940e+00   7.7440e-03   3.9850e-05   2.2932e+02
20191118_00:00:00   3.5990e-01   8.4424e+01   6.5784e+00   3.0372e-02   2.8550e-05   2.2981e+02
20191118_01:00:00   3.3474e-01   7.9491e+01   7.2672e+00   6.2630e-03   7.6920e-05   2.3097e+02
20191118_02:00:00   4.0494e-01   9.2480e+01   7.5534e+00   2.9390e-02   1.7143e-04   2.3127e+02
20191118_03:00:00   5.3998e-01   1.1501e+02   7.7252e+00   8.2630e-02   1.8728e-04   2.3169e+02
20191118_04:00:00   5.4604e-01   1.1577e+02   8.0934e+00   7.8458e-02   5.9574e-04   2.3252e+02
20191118_05:00:00   5.3932e-01   1.1456e+02   8.4121e+00   6.9837e-02   1.2523e-03   2.3250e+02
20191118_06:00:00   5.1306e-01   1.1035e+02   8.5685e+00   5.6097e-02   4.0024e-03   2.3253e+02
20191118_07:00:00   4.6478e-01   1.0240e+02   8.5568e+00   3.6408e-02   3.8899e-03   2.3319e+02
20191118_08:00:00   4.9028e-01   1.0667e+02   8.4723e+00   4.9250e-02   2.2774e-03   2.3348e+02
20191118_09:00:00   3.8990e-01   8.9358e+01   8.4124e+00   8.8270e-03   2.2648e-03   2.3345e+02
20191118_10:00:00   3.6303e-01   8.4494e+01   8.3032e+00   0.0000e+00   1.8587e-03   2.3305e+02
20191118_11:00:00   3.4515e-01   8.1319e+01   7.9298e+00   0.0000e+00   6.1217e-04   2.3252e+02
20191118_12:00:00   3.3266e-01   7.9068e+01   7.6742e+00   0.0000e+00   4.5920e-05   2.3202e+02
20191118_13:00:00   3.2185e-01   7.7072e+01   7.4163e+00   0.0000e+00   1.1302e-05   2.3130e+02
20191118_14:00:00   3.1620e-01   7.6007e+01   7.3051e+00   0.0000e+00   5.3900e-05   2.3140e+02
20191118_15:00:00   3.0588e-01   7.4087e+01   7.0725e+00   0.0000e+00   0.0000e+00   2.3164e+02
20191118_16:00:00   2.8161e-01   6.9421e+01   6.5141e+00   0.0000e+00   0.0000e+00   2.3178e+02
20191118_17:00:00   2.6001e-01   6.5130e+01   6.0219e+00   0.0000e+00   1.5645e-05   2.3356e+02
20191118_18:00:00   2.7183e-01   6.7393e+01   6.3171e+00   0.0000e+00   3.9420e-05   2.3388e+02
20191118_19:00:00   2.9059e-01   7.1007e+01   6.7595e+00   1.1730e-04   2.0386e-05   2.3336e+02
20191118_20:00:00   2.9805e-01   7.2540e+01   6.7289e+00   2.8990e-03   2.1918e-05   2.3305e+02
20191118_21:00:00   3.0055e-01   7.3042e+01   6.7571e+00   3.2240e-03   1.1681e-05   2.3294e+02
20191118_22:00:00   3.3823e-01   8.0309e+01   7.0700e+00   1.1992e-02   6.6106e-05   2.3282e+02
20191118_23:00:00   5.9328e-01   1.2333e+02   7.1203e+00   1.1684e-01   2.2578e-03   2.3243e+02
20191119_00:00:00   1.4416e+00   2.0808e+02   7.6203e+00   4.6004e-01   7.2299e-03   2.3210e+02
20191119_01:00:00   1.7708e+00   2.2547e+02   7.9743e+00   5.9620e-01   2.0356e-02   2.3141e+02
20191119_02:00:00   4.1409e-01   9.4179e+01   7.2778e+00   3.8678e-02   1.6193e-03   2.3078e+02
20191119_03:00:00   2.9824e-01   7.2549e+01   6.6171e+00   3.9347e-03   6.4643e-05   2.3075e+02
20191119_04:00:00   2.7769e-01   6.8481e+01   6.2680e+00   1.7581e-03   3.4413e-05   2.3046e+02
20191119_05:00:00   2.6488e-01   6.5956e+01   5.8323e+00   4.0230e-03   2.2693e-05   2.3099e+02
20191119_06:00:00   2.3089e-01   5.9054e+01   5.2098e+00   3.2670e-04   1.4817e-05   2.3148e+02
20191119_07:00:00   2.1104e-01   5.4907e+01   4.7459e+00   0.0000e+00   1.3124e-05   2.3168e+02
20191119_08:00:00   1.9599e-01   5.1699e+01   4.4123e+00   0.0000e+00   5.6490e-06   2.3193e+02
20191119_09:00:00   1.7741e-01   4.7653e+01   3.9992e+00   0.0000e+00   1.9119e-06   2.3222e+02
20191119_10:00:00   1.6852e-01   4.5742e+01   3.7942e+00   0.0000e+00   6.0370e-07   2.3250e+02
20191119_11:00:00   1.6979e-01   4.6090e+01   3.8122e+00   0.0000e+00   2.0020e-06   2.3235e+02
20191119_12:00:00   1.7340e-01   4.6934e+01   3.8881e+00   0.0000e+00   2.6383e-05   2.3204e+02
20191119_13:00:00   1.7105e-01   4.6427e+01   3.8460e+00   0.0000e+00   3.7822e-05   2.3214e+02
20191119_14:00:00   1.6529e-01   4.5132e+01   3.7339e+00   0.0000e+00   3.3476e-05   2.3235e+02
20191119_15:00:00   1.6210e-01   4.4430e+01   3.6720e+00   0.0000e+00   6.6409e-05   2.3250e+02
20191119_16:00:00   1.6150e-01   4.4283e+01   3.6681e+00   0.0000e+00   5.0794e-05   2.3214e+02
20191119_17:00:00   1.7570e-01   4.7538e+01   3.6752e+00   5.7820e-03   1.9869e-04   2.3198e+02
20191119_18:00:00   1.8858e-01   5.0430e+01   3.6431e+00   1.1600e-02   1.3713e-03   2.3210e+02
20191119_19:00:00   2.2887e-01   5.9238e+01   3.6644e+00   2.7640e-02   2.2482e-03   2.3185e+02
20191119_20:00:00   2.1270e-01   5.5774e+01   3.6741e+00   2.0860e-02   3.0607e-03   2.3164e+02
20191119_21:00:00   2.1698e-01   5.6685e+01   3.8221e+00   1.9720e-02   2.1853e-03   2.3210e+02
20191119_22:00:00   2.5933e-01   6.5631e+01   3.9142e+00   3.5310e-02   1.6468e-03   2.3185e+02
20191119_23:00:00   1.7542e-01   4.7441e+01   3.9392e+00   1.1630e-04   7.7465e-04   2.3111e+02
20191120_00:00:00   1.7556e-01   4.7465e+01   3.8623e+00   1.8750e-03   5.2427e-04   2.3144e+02
20191120_01:00:00   1.6735e-01   4.5566e+01   3.8058e+00   0.0000e+00   2.0193e-03   2.3167e+02
20191120_02:00:00   1.6725e-01   4.5508e+01   3.8288e+00   0.0000e+00   2.4762e-03   2.3254e+02
20191120_03:00:00   1.6513e-01   4.4970e+01   3.8093e+00   0.0000e+00   2.9430e-03   2.3434e+02
20191120_04:00:00   1.6715e-01   4.5371e+01   3.8699e+00   0.0000e+00   4.9883e-03   2.3587e+02
20191120_05:00:00   1.6687e-01   4.5283e+01   3.8716e+00   0.0000e+00   7.7621e-03   2.3648e+02
20191120_06:00:00   1.6309e-01   4.4397e+01   3.8103e+00   0.0000e+00   9.9115e-03   2.3680e+02
20191120_07:00:00   1.6385e-01   4.4505e+01   3.8604e+00   0.0000e+00   1.2041e-02   2.3737e+02
20191120_08:00:00   1.6683e-01   4.5108e+01   3.9601e+00   0.0000e+00   9.2202e-03   2.3815e+02
20191120_09:00:00   1.7008e-01   4.5759e+01   4.0636e+00   0.0000e+00   4.6326e-03   2.3700e+02
20191120_10:00:00   1.7834e-01   4.7518e+01   4.2781e+00   0.0000e+00   3.7334e-03   2.3593e+02
20191120_11:00:00   1.8664e-01   4.9220e+01   4.5085e+00   0.0000e+00   3.3468e-03   2.3480e+02
20191120_12:00:00   1.9404e-01   5.0707e+01   4.7186e+00   0.0000e+00   5.6400e-03   2.3421e+02
20191120_13:00:00   1.9644e-01   5.1130e+01   4.8017e+00   0.0000e+00   7.4428e-03   2.3401e+02
20191120_14:00:00   1.9416e-01   5.0617e+01   4.7643e+00   0.0000e+00   7.8696e-03   2.3411e+02
20191120_15:00:00   1.9655e-01   5.1109e+01   4.8242e+00   0.0000e+00   9.9948e-03   2.3479e+02
20191120_16:00:00   1.9556e-01   5.0868e+01   4.8172e+00   0.0000e+00   8.8258e-03   2.3502e+02
20191120_17:00:00   1.9241e-01   5.0210e+01   4.7408e+00   0.0000e+00   3.9322e-03   2.3491e+02
20191120_18:00:00   2.1060e-01   5.4376e+01   4.6447e+00   8.4920e-03   1.2672e-03   2.3508e+02
20191120_19:00:00   2.5391e-01   6.3775e+01   4.7443e+00   2.3470e-02   1.1881e-03   2.3470e+02
20191120_20:00:00   2.5660e-01   6.4333e+01   4.9564e+00   2.0210e-02   6.7717e-04   2.3324e+02
20191120_21:00:00   4.3726e-01   9.8780e+01   5.2500e+00   8.8850e-02   6.6133e-04   2.3320e+02
20191120_22:00:00   2.9067e-01   7.1204e+01   5.2801e+00   2.8588e-02   1.8996e-03   2.3341e+02
20191120_23:00:00   2.2489e-01   5.7304e+01   5.4254e+00   0.0000e+00   4.7870e-03   2.3337e+02
20191121_00:00:00   2.3350e-01   5.9021e+01   5.6305e+00   4.7930e-04   1.0923e-02   2.3317e+02
20191121_01:00:00   2.4996e-01   6.2415e+01   6.0146e+00   2.4270e-04   1.3386e-02   2.3319e+02
20191121_02:00:00   2.5511e-01   6.3545e+01   6.0226e+00   2.0574e-03   1.1853e-02   2.3373e+02
20191121_03:00:00   2.4935e-01   6.2351e+01   5.9374e+00   1.3556e-03   1.1151e-02   2.3448e+02
20191121_04:00:00   2.5659e-01   6.3900e+01   5.9571e+00   3.7400e-03   7.0981e-03   2.3517e+02
20191121_05:00:00   2.7583e-01   6.7920e+01   5.9453e+00   1.1650e-02   2.7896e-03   2.3599e+02
20191121_06:00:00   2.6447e-01   6.5529e+01   6.0590e+00   4.8330e-03   1.3199e-03   2.3684e+02
20191121_07:00:00   2.8671e-01   6.9958e+01   6.2450e+00   1.0980e-02   1.4329e-03   2.3800e+02
20191121_08:00:00   2.6293e-01   6.5142e+01   6.1256e+00   3.4330e-03   4.4844e-03   2.3821e+02
20191121_09:00:00   2.4571e-01   6.1667e+01   5.9144e+00   0.0000e+00   7.9592e-03   2.3805e+02
20191121_10:00:00   2.4167e-01   6.0827e+01   5.8438e+00   0.0000e+00   3.2315e-03   2.3700e+02
20191121_11:00:00   2.4065e-01   6.0556e+01   5.8371e+00   0.0000e+00   1.1589e-03   2.3568e+02
20191121_12:00:00   2.3586e-01   5.9595e+01   5.7220e+00   0.0000e+00   1.3465e-03   2.3479e+02
20191121_15:00:00   2.2344e-01   5.7067e+01   5.4482e+00   0.0000e+00   4.8481e-03   2.3418e+02
20191121_18:00:00   2.2361e-01   5.7226e+01   5.3573e+00   8.5720e-04   2.0122e-03   2.3235e+02
20191121_21:00:00   2.7009e-01   6.7187e+01   5.9454e+00   6.6350e-03   2.4674e-03   2.3229e+02
20191122_00:00:00   3.0943e-01   7.4849e+01   6.7494e+00   8.2540e-03   7.9015e-03   2.3136e+02
20191122_03:00:00   2.7356e-01   6.7785e+01   6.3956e+00   0.0000e+00   2.9403e-03   2.3172e+02
20191122_06:00:00   2.4819e-01   6.2688e+01   5.8285e+00   0.0000e+00   0.0000e+00   2.3188e+02
20191122_09:00:00   2.2864e-01   5.8666e+01   5.3335e+00   0.0000e+00   0.0000e+00   2.3254e+02
20191122_12:00:00   1.9950e-01   5.2533e+01   4.6474e+00   0.0000e+00   0.0000e+00   2.3139e+02
20191122_15:00:00   1.7823e-01   4.7974e+01   4.1443e+00   0.0000e+00   0.0000e+00   2.3523e+02
20191122_18:00:00   2.0017e-01   5.2855e+01   4.3240e+00   4.6610e-03   2.5640e-04   2.3573e+02
20191122_21:00:00   5.3577e-01   1.1514e+02   6.3621e+00   1.0371e-01   2.8602e-03   2.3188e+02
20191123_00:00:00   3.4901e-01   8.2284e+01   7.5778e+00   6.6560e-03   1.5410e-02   2.3035e+02
20191123_03:00:00   2.9376e-01   7.1739e+01   6.6268e+00   1.1213e-03   1.9675e-03   2.3067e+02
20191123_06:00:00   2.7506e-01   6.7790e+01   6.3926e+00   3.4330e-05   1.3962e-02   2.3322e+02
20191123_09:00:00   2.6667e-01   6.5975e+01   6.2853e+00   0.0000e+00   1.1909e-02   2.3512e+02
20191123_12:00:00   2.3519e-01   5.9727e+01   5.5231e+00   0.0000e+00   3.5783e-03   2.3385e+02
20191123_15:00:00   1.9670e-01   5.1861e+01   4.5385e+00   0.0000e+00   1.6279e-03   2.3398e+02
20191123_18:00:00   1.8608e-01   4.9662e+01   4.2140e+00   5.0770e-04   0.0000e+00   2.3443e+02
20191123_21:00:00   3.1053e-01   7.5887e+01   4.5230e+00   4.4330e-02   7.1240e-06   2.3342e+02
20191124_00:00:00   6.6889e-01   1.3462e+02   5.3472e+00   1.7747e-01   4.7330e-04   2.3112e+02
20191124_03:00:00   3.7189e-01   8.7341e+01   4.8356e+00   6.4400e-02   1.4281e-03   2.2959e+02
20191124_06:00:00   2.0323e-01   5.3154e+01   4.6170e+00   0.0000e+00   5.5167e-05   2.3011e+02
20191124_09:00:00   2.1334e-01   5.5081e+01   4.9432e+00   0.0000e+00   2.9950e-05   2.2986e+02
20191124_12:00:00   2.2474e-01   5.7342e+01   5.2610e+00   0.0000e+00   2.9677e-05   2.3041e+02
20191124_15:00:00   3.7923e-01   8.8018e+01   5.5912e+00   5.7070e-02   9.0510e-05   2.3318e+02
20191124_18:00:00   6.6534e-01   1.3367e+02   6.3642e+00   1.6022e-01   3.4742e-04   2.3518e+02
20191124_21:00:00   2.4298e-01   6.1414e+01   5.2421e+00   7.4980e-03   0.0000e+00   2.3236e+02
20191125_00:00:00   2.4859e-01   6.2637e+01   5.1144e+00   1.1590e-02   0.0000e+00   2.3082e+02
20191125_03:00:00   2.0969e-01   5.4222e+01   4.9422e+00   8.0830e-05   1.7816e-05   2.3166e+02
20191125_06:00:00   2.1257e-01   5.4790e+01   5.0002e+00   8.5850e-04   0.0000e+00   2.3385e+02
20191125_09:00:00   2.0217e-01   5.2583e+01   4.8263e+00   0.0000e+00   0.0000e+00   2.3500e+02
20191125_12:00:00   1.9099e-01   5.0333e+01   4.4852e+00   0.0000e+00   0.0000e+00   2.3448e+02
20191125_15:00:00   1.7726e-01   4.7426e+01   4.1583e+00   0.0000e+00   0.0000e+00   2.3514e+02
20191125_18:00:00   1.6747e-01   4.5339e+01   3.8962e+00   0.0000e+00   0.0000e+00   2.3489e+02
20191125_21:00:00   1.8656e-01   4.9635e+01   4.0643e+00   4.2030e-03   4.6700e-06   2.3421e+02
20191126_00:00:00   1.8112e-01   4.8279e+01   4.1969e+00   0.0000e+00   0.0000e+00   2.3407e+02
20191126_03:00:00   1.8026e-01   4.8009e+01   4.1764e+00   0.0000e+00   0.0000e+00   2.3499e+02
20191126_06:00:00   1.8251e-01   4.8413e+01   4.2452e+00   0.0000e+00   0.0000e+00   2.3625e+02
20191126_09:00:00   1.8763e-01   4.9526e+01   4.3481e+00   0.0000e+00   0.0000e+00   2.4015e+02
20191126_12:00:00   1.8573e-01   4.9041e+01   4.3148e+00   0.0000e+00   0.0000e+00   2.3996e+02
20191126_15:00:00   1.7088e-01   4.5820e+01   3.9749e+00   0.0000e+00   0.0000e+00   2.4118e+02
20191126_18:00:00   1.7474e-01   4.6602e+01   4.0822e+00   0.0000e+00   0.0000e+00   2.4262e+02
20191126_21:00:00   1.9594e-01   5.1382e+01   4.4515e+00   1.1640e-04   1.8620e-06   2.4215e+02
20191127_00:00:00   2.4200e-01   6.1251e+01   4.4472e+00   1.9790e-02   1.2735e-04   2.4087e+02
20191127_03:00:00   1.7625e-01   4.6889e+01   4.1069e+00   0.0000e+00   4.8907e-03   2.4130e+02
20191127_06:00:00   1.6254e-01   4.3680e+01   3.8484e+00   0.0000e+00   9.0723e-03   2.4145e+02
20191127_09:00:00   1.7512e-01   4.6210e+01   4.2145e+00   0.0000e+00   5.2136e-03   2.4283e+02
20191127_12:00:00   1.8431e-01   4.8255e+01   4.4004e+00   0.0000e+00   1.2678e-06   2.4172e+02
20191127_15:00:00   1.7637e-01   4.6657e+01   4.1986e+00   0.0000e+00   0.0000e+00   2.4241e+02
20191127_18:00:00   1.7271e-01   4.5929e+01   4.0980e+00   0.0000e+00   9.7740e-06   2.4189e+02
20191127_21:00:00   1.6843e-01   4.4964e+01   3.9948e+00   1.1750e-04   3.9457e-03   2.3915e+02
20191128_00:00:00   1.3764e-01   3.7963e+01   3.2934e+00   0.0000e+00   5.6603e-03   2.3809e+02
20191128_03:00:00   1.2397e-01   3.4714e+01   2.9704e+00   0.0000e+00   2.6657e-02   2.3791e+02
20191128_06:00:00   1.2757e-01   3.5419e+01   3.0902e+00   0.0000e+00   1.2500e-02   2.4004e+02
20191128_09:00:00   1.5493e-01   4.1377e+01   3.7740e+00   0.0000e+00   6.7534e-02   2.4028e+02
20191128_12:00:00   1.4227e-01   3.8771e+01   3.4506e+00   0.0000e+00   1.9388e-02   2.3828e+02
20191128_15:00:00   1.3354e-01   3.6947e+01   3.2122e+00   0.0000e+00   4.1822e-03   2.3745e+02
20191128_18:00:00   1.1710e-01   3.3259e+01   2.7847e+00   0.0000e+00   5.7845e-03   2.3940e+02
20191128_21:00:00   1.1644e-01   3.3125e+01   2.7594e+00   0.0000e+00   1.2096e-02   2.3901e+02
20191129_00:00:00   1.0292e-01   2.9925e+01   2.4415e+00   0.0000e+00   3.5534e-03   2.3722e+02
20191129_03:00:00   8.9435e-02   2.6799e+01   2.0846e+00   0.0000e+00   3.9000e-05   2.3767e+02
20191129_06:00:00   9.9623e-02   2.9167e+01   2.3637e+00   0.0000e+00   1.6351e-05   2.3952e+02
20191129_09:00:00   1.1615e-01   3.2941e+01   2.8027e+00   0.0000e+00   0.0000e+00   2.3903e+02
20191129_12:00:00   1.1625e-01   3.3005e+01   2.7943e+00   0.0000e+00   0.0000e+00   2.3715e+02
20191129_15:00:00   1.1600e-01   3.2895e+01   2.7913e+00   0.0000e+00   0.0000e+00   2.3738e+02
20191129_18:00:00   1.1511e-01   3.2772e+01   2.7523e+00   0.0000e+00   1.4959e-03   2.3594e+02
20191129_21:00:00   1.3252e-01   3.6895e+01   3.1467e+00   0.0000e+00   8.5244e-03   2.3596e+02
20191130_00:00:00   1.2503e-01   3.5021e+01   3.0222e+00   0.0000e+00   1.0836e-02   2.3342e+02
20191130_03:00:00   1.2866e-01   3.5866e+01   3.1003e+00   0.0000e+00   1.3530e-02   2.3322e+02
20191130_06:00:00   1.4281e-01   3.9087e+01   3.4506e+00   0.0000e+00   2.5185e-03   2.3610e+02
20191130_09:00:00   1.4156e-01   3.8816e+01   3.4282e+00   0.0000e+00   9.4302e-04   2.3536e+02
20191130_12:00:00   1.3464e-01   3.7334e+01   3.2402e+00   0.0000e+00   1.5373e-04   2.3577e+02
20191130_15:00:00   1.2987e-01   3.6380e+01   3.0894e+00   0.0000e+00   0.0000e+00   2.3492e+02
20191130_18:00:00   1.3642e-01   3.7877e+01   3.2550e+00   0.0000e+00   3.4141e-04   2.3376e+02
20191130_21:00:00   1.7810e-01   4.7226e+01   4.2192e+00   0.0000e+00   3.7603e-03   2.3193e+02
20191201_00:00:00   1.6625e-01   4.4416e+01   4.0181e+00   0.0000e+00   1.7637e-02   2.2955e+02
20191201_03:00:00   1.6454e-01   4.4036e+01   3.9500e+00   5.4930e-04   1.8290e-02   2.3060e+02
20191201_06:00:00   1.6327e-01   4.3783e+01   3.9241e+00   2.3980e-04   1.8410e-06   2.3035e+02
20191201_09:00:00   1.9391e-01   5.0502e+01   4.2293e+00   8.0091e-03   3.4305e-05   2.3126e+02
20191201_12:00:00   1.8055e-01   4.7579e+01   4.3288e+00   0.0000e+00   0.0000e+00   2.3085e+02
20191201_15:00:00   1.9030e-01   4.9944e+01   4.4883e+00   0.0000e+00   0.0000e+00   2.3075e+02
20191201_18:00:00   1.8230e-01   4.8353e+01   4.2472e+00   0.0000e+00   0.0000e+00   2.3036e+02
20191201_21:00:00   2.3203e-01   5.9103e+01   4.5833e+00   1.3550e-02   5.1570e-06   2.2989e+02
20191202_00:00:00   2.0287e-01   5.2773e+01   4.6741e+00   0.0000e+00   0.0000e+00   2.2839e+02
20191202_03:00:00   2.1134e-01   5.4510e+01   4.8706e+00   0.0000e+00   0.0000e+00   2.2871e+02
20191202_06:00:00   2.0644e-01   5.3484e+01   4.7830e+00   0.0000e+00   1.8914e-04   2.3015e+02
20191202_09:00:00   1.9759e-01   5.1602e+01   4.5952e+00   0.0000e+00   9.3520e-05   2.3040e+02
20191202_12:00:00   1.8337e-01   4.8597e+01   4.2115e+00   0.0000e+00   3.6948e-04   2.3079e+02
