#            date       tau225        Tb[K]      pwv[mm] lwp[kg*m^-2] iwp[kg*m^-2]       o3[DU]
20191005_06:00:00   0.0000e+00   0.0000e+00   0.0000e+00   0.0000e+00   0.0000e+00   0.0000e+00
20191005_07:00:00   0.0000e+00   0.0000e+00   0.0000e+00   0.0000e+00   0.0000e+00   0.0000e+00
20191005_09:00:00   3.6126e-01   8.4702e+01   8.1409e+00   0.0000e+00   0.0000e+00   2.5777e+02
20191005_10:00:00   3.5803e-01   8.4131e+01   8.0600e+00   0.0000e+00   0.0000e+00   2.5750e+02
20191005_11:00:00   0.0000e+00   0.0000e+00   0.0000e+00   0.0000e+00   0.0000e+00   0.0000e+00
20191005_12:00:00   3.4542e-01   8.1799e+01   7.8035e+00   0.0000e+00   4.5680e-07   2.5652e+02
20191005_14:00:00   0.0000e+00   0.0000e+00   0.0000e+00   0.0000e+00   0.0000e+00   0.0000e+00
20191005_15:00:00   0.0000e+00   0.0000e+00   0.0000e+00   0.0000e+00   0.0000e+00   0.0000e+00
20191005_16:00:00   3.3143e-01   7.9267e+01   7.5189e+00   0.0000e+00   0.0000e+00   2.5709e+02
20191005_17:00:00   0.0000e+00   0.0000e+00   0.0000e+00   0.0000e+00   0.0000e+00   0.0000e+00
20191005_18:00:00   0.0000e+00   0.0000e+00   0.0000e+00   0.0000e+00   0.0000e+00   0.0000e+00
20191005_19:00:00   7.4084e-01   1.4429e+02   8.7560e+00   1.4499e-01   2.1698e-03   2.5515e+02
20191005_20:00:00   5.0760e-01   1.1033e+02   9.0377e+00   4.3836e-02   2.5308e-03   2.5419e+02
20191005_21:00:00   4.4433e-01   9.9599e+01   9.2269e+00   1.5305e-02   2.3242e-03   2.5332e+02
20191005_22:00:00   1.8547e-01   4.8108e+01   3.3116e+00   1.4285e-02   4.1409e-02   2.6334e+02
20191005_23:00:00   4.3219e-01   9.7079e+01   9.8933e+00   4.1647e-04   3.3413e-03   2.5378e+02
20191006_00:00:00   0.0000e+00   0.0000e+00   0.0000e+00   0.0000e+00   0.0000e+00   0.0000e+00
20191006_01:00:00   4.8210e-01   1.0550e+02   9.9454e+00   2.1719e-02   2.1993e-02   2.5395e+02
20191006_02:00:00   0.0000e+00   0.0000e+00   0.0000e+00   0.0000e+00   0.0000e+00   0.0000e+00
20191006_03:00:00   3.9077e-01   8.9693e+01   9.1523e+00   0.0000e+00   1.0281e-02   2.5493e+02
20191006_04:00:00   0.0000e+00   2.7000e+00   0.0000e+00   0.0000e+00   0.0000e+00   0.0000e+00
20191006_05:00:00   0.0000e+00   0.0000e+00   0.0000e+00   0.0000e+00   0.0000e+00   0.0000e+00
20191006_06:00:00   3.6189e-01   8.4534e+01   8.4419e+00   0.0000e+00   3.0807e-05   2.5454e+02
20191006_07:00:00   0.0000e+00   2.7000e+00   0.0000e+00   0.0000e+00   0.0000e+00   0.0000e+00
20191006_08:00:00   3.4115e-01   8.0836e+01   7.8644e+00   0.0000e+00   2.2537e-05   2.5548e+02
20191006_09:00:00   0.0000e+00   0.0000e+00   0.0000e+00   0.0000e+00   0.0000e+00   0.0000e+00
20191006_10:00:00   2.9341e-01   7.1881e+01   6.6699e+00   0.0000e+00   1.4874e-04   2.5742e+02
20191006_11:00:00   2.6725e-01   6.6761e+01   6.0424e+00   0.0000e+00   2.5573e-04   2.5795e+02
20191006_12:00:00   2.3580e-01   6.0366e+01   5.3305e+00   0.0000e+00   2.1012e-04   2.5879e+02
20191006_13:00:00   2.0419e-01   5.3697e+01   4.6200e+00   0.0000e+00   9.3963e-05   2.5989e+02
20191006_14:00:00   0.0000e+00   0.0000e+00   0.0000e+00   0.0000e+00   0.0000e+00   0.0000e+00
20191006_15:00:00   1.7130e-01   4.6506e+01   3.8685e+00   0.0000e+00   6.0480e-05   2.5981e+02
20191006_16:00:00   1.6626e-01   4.5378e+01   3.7640e+00   0.0000e+00   3.5480e-05   2.5936e+02
20191006_17:00:00   0.0000e+00   2.7000e+00   0.0000e+00   0.0000e+00   0.0000e+00   0.0000e+00
20191006_18:00:00   2.7134e-01   6.7843e+01   4.7833e+00   2.6770e-02   6.7420e-06   2.6052e+02
20191006_19:00:00   4.4867e-01   1.0101e+02   5.5746e+00   8.4620e-02   7.8643e-05   2.5916e+02
20191006_20:00:00   3.7973e-01   8.8551e+01   6.0395e+00   4.8565e-02   2.4369e-04   2.5885e+02
20191006_21:00:00   3.0821e-01   7.4905e+01   6.1609e+00   1.7040e-02   3.6551e-04   2.5793e+02
20191006_22:00:00   9.6591e-01   1.7398e+02   1.5199e+01   7.7820e-02   5.1684e-04   2.5797e+02
20191006_23:00:00   0.0000e+00   0.0000e+00   0.0000e+00   0.0000e+00   0.0000e+00   0.0000e+00
20191007_00:00:00   3.0735e-01   7.4847e+01   6.4345e+00   1.0410e-02   6.7861e-04   2.5553e+02
20191007_01:00:00   0.0000e+00   0.0000e+00   0.0000e+00   0.0000e+00   0.0000e+00   0.0000e+00
20191007_02:00:00   4.2177e-01   9.6209e+01   5.9524e+00   6.6880e-02   1.0718e-04   2.5466e+02
20191007_03:00:00   2.4210e-01   6.1564e+01   5.6041e+00   4.3940e-05   2.7520e-05   2.5515e+02
20191007_04:00:00   2.2595e-01   5.8108e+01   5.2754e+00   0.0000e+00   4.7340e-05   2.5398e+02
20191007_06:00:00   0.0000e+00   0.0000e+00   0.0000e+00   0.0000e+00   0.0000e+00   0.0000e+00
20191007_07:00:00   0.0000e+00   0.0000e+00   0.0000e+00   0.0000e+00   0.0000e+00   0.0000e+00
20191007_08:00:00   2.1820e-01   5.6647e+01   4.9977e+00   0.0000e+00   6.9790e-06   2.5489e+02
20191007_09:00:00   0.0000e+00   0.0000e+00   0.0000e+00   0.0000e+00   0.0000e+00   0.0000e+00
20191007_10:00:00   0.0000e+00   0.0000e+00   0.0000e+00   0.0000e+00   0.0000e+00   0.0000e+00
20191007_11:00:00   0.0000e+00   0.0000e+00   0.0000e+00   0.0000e+00   0.0000e+00   0.0000e+00
20191007_12:00:00   2.3242e-01   5.9616e+01   5.2523e+00   0.0000e+00   3.2630e-06   2.5572e+02
20191007_13:00:00   2.2210e-01   5.7491e+01   4.9970e+00   0.0000e+00   6.5260e-06   2.5494e+02
20191007_17:00:00   2.1040e-01   5.4979e+01   4.8417e+00   4.2900e-05   0.0000e+00   2.5641e+02
20191007_18:00:00   2.5834e-01   6.5059e+01   5.2315e+00   1.2980e-02   0.0000e+00   2.5643e+02
20191007_19:00:00   4.3927e-01   9.9196e+01   6.0153e+00   7.3290e-02   1.0742e-04   2.5689e+02
20191007_20:00:00   6.8241e-01   1.3629e+02   7.1053e+00   1.5343e-01   1.3790e-04   2.5685e+02
20191007_21:00:00   7.8253e-01   1.4917e+02   7.6615e+00   1.8445e-01   6.6148e-04   2.5779e+02
20191007_22:00:00   7.3686e-01   1.4350e+02   7.9393e+00   1.5946e-01   5.4162e-04   2.5683e+02
20191007_23:00:00   5.4029e-01   1.1568e+02   8.0018e+00   7.6672e-02   3.8342e-04   2.5579e+02
20191008_00:00:00   4.7070e-01   1.0428e+02   8.0295e+00   4.8243e-02   1.1694e-04   2.5542e+02
20191008_01:00:00   0.0000e+00   0.0000e+00   0.0000e+00   0.0000e+00   0.0000e+00   0.0000e+00
20191008_02:00:00   3.5233e-01   8.3087e+01   8.0079e+00   1.8986e-04   3.9975e-04   2.5783e+02
20191008_03:00:00   3.5428e-01   8.3443e+01   8.0753e+00   0.0000e+00   4.0615e-04   2.5722e+02
20191008_04:00:00   0.0000e+00   0.0000e+00   0.0000e+00   0.0000e+00   0.0000e+00   0.0000e+00
20191008_05:00:00   0.0000e+00   0.0000e+00   0.0000e+00   0.0000e+00   0.0000e+00   0.0000e+00
20191008_06:00:00   0.0000e+00   0.0000e+00   0.0000e+00   0.0000e+00   0.0000e+00   0.0000e+00
20191008_08:00:00   3.8816e-01   8.9412e+01   8.7984e+00   0.0000e+00   3.0156e-04   2.5675e+02
20191008_09:00:00   3.8758e-01   8.9302e+01   8.7594e+00   2.3370e-04   4.2334e-04   2.5687e+02
20191008_10:00:00   1.5716e+00   2.2391e+02   2.8276e+01   5.2520e-04   3.0934e-04   2.5814e+02
20191008_11:00:00   3.9105e-01   8.9886e+01   8.8232e+00   7.8720e-04   2.7353e-04   2.5628e+02
20191008_12:00:00   4.7120e-01   1.0375e+02   9.3432e+00   2.3655e-02   3.2389e-03   2.5584e+02
20191008_13:00:00   6.8753e-01   1.3630e+02   9.9487e+00   1.0066e-01   7.4860e-02   2.5549e+02
20191008_14:00:00   1.4007e+00   2.0507e+02   1.0246e+01   3.9484e-01   9.7325e-02   2.5556e+02
20191008_15:00:00   0.0000e+00   2.7000e+00   0.0000e+00   0.0000e+00   0.0000e+00   0.0000e+00
20191008_16:00:00   1.4939e+00   2.1143e+02   1.0068e+01   4.3540e-01   4.0349e-02   2.5372e+02
20191008_17:00:00   8.9755e-01   1.6216e+02   9.9055e+00   1.8913e-01   2.3121e-02   2.5391e+02
20191008_18:00:00   1.3527e+00   2.0242e+02   1.0068e+01   3.7417e-01   5.4933e-02   2.5548e+02
20191008_19:00:00   0.0000e+00   0.0000e+00   0.0000e+00   0.0000e+00   0.0000e+00   0.0000e+00
20191008_20:00:00   0.0000e+00   0.0000e+00   0.0000e+00   0.0000e+00   0.0000e+00   0.0000e+00
20191008_21:00:00   0.0000e+00   2.7000e+00   0.0000e+00   0.0000e+00   0.0000e+00   0.0000e+00
20191008_22:00:00   0.0000e+00   0.0000e+00   0.0000e+00   0.0000e+00   0.0000e+00   0.0000e+00
20191008_23:00:00   0.0000e+00   0.0000e+00   0.0000e+00   0.0000e+00   0.0000e+00   0.0000e+00
20191009_00:00:00   0.0000e+00   2.7000e+00   0.0000e+00   0.0000e+00   0.0000e+00   0.0000e+00
20191009_01:00:00   4.6754e-01   1.0331e+02   1.0006e+01   9.2967e-03   1.3879e-03   2.5338e+02
20191009_02:00:00   0.0000e+00   0.0000e+00   0.0000e+00   0.0000e+00   0.0000e+00   0.0000e+00
20191009_03:00:00   0.0000e+00   0.0000e+00   0.0000e+00   0.0000e+00   0.0000e+00   0.0000e+00
20191009_04:00:00   4.8586e-01   1.0718e+02   1.0718e+01   0.0000e+00   0.0000e+00   2.5625e+02
20191009_05:00:00   0.0000e+00   0.0000e+00   0.0000e+00   0.0000e+00   0.0000e+00   0.0000e+00
20191009_06:00:00   3.4058e-01   8.1092e+01   7.7490e+00   0.0000e+00   4.5590e-06   2.5375e+02
20191009_07:00:00   3.2592e-01   7.8369e+01   7.3802e+00   0.0000e+00   2.3407e-05   2.5367e+02
20191009_08:00:00   0.0000e+00   0.0000e+00   0.0000e+00   0.0000e+00   0.0000e+00   0.0000e+00
20191009_09:00:00   3.0657e-01   7.4710e+01   6.9118e+00   0.0000e+00   3.2630e-06   2.5284e+02
20191009_10:00:00   2.9894e-01   7.3252e+01   6.7179e+00   0.0000e+00   3.2630e-06   2.5165e+02
20191009_11:00:00   2.9696e-01   7.2939e+01   6.6287e+00   0.0000e+00   3.6010e-06   2.5059e+02
20191009_13:00:00   2.8142e-01   6.9966e+01   6.2196e+00   0.0000e+00   5.7668e-05   2.5079e+02
20191009_15:00:00   2.6777e-01   6.7211e+01   5.9530e+00   0.0000e+00   2.0441e-04   2.4926e+02
20191009_16:00:00   0.0000e+00   0.0000e+00   0.0000e+00   0.0000e+00   0.0000e+00   0.0000e+00
20191009_17:00:00   2.7028e-01   6.7707e+01   6.0216e+00   0.0000e+00   2.9481e-05   2.4829e+02
20191009_18:00:00   2.9683e-01   7.3076e+01   6.1506e+00   8.5330e-03   2.2952e-04   2.4856e+02
20191009_19:00:00   4.0714e-01   9.4016e+01   6.3872e+00   4.8390e-02   2.2708e-05   2.4863e+02
20191009_20:00:00   6.7345e-01   1.3589e+02   6.7362e+00   1.5141e-01   1.1560e-04   2.4768e+02
20191009_21:00:00   8.8828e-01   1.6230e+02   7.1723e+00   2.3220e-01   2.5829e-04   2.4671e+02
20191009_22:00:00   8.9260e-01   1.6251e+02   6.9663e+00   2.3925e-01   3.2164e-04   2.4552e+02
20191009_23:00:00   6.0115e-01   1.2552e+02   6.7335e+00   1.2131e-01   2.5173e-04   2.4620e+02
20191010_00:00:00   3.9394e-01   9.1515e+01   6.7338e+00   3.6880e-02   1.4735e-04   2.4587e+02
20191010_01:00:00   2.9855e-01   7.3404e+01   6.5597e+00   3.8402e-04   2.1128e-04   2.4685e+02
20191010_03:00:00   0.0000e+00   0.0000e+00   0.0000e+00   0.0000e+00   0.0000e+00   0.0000e+00
20191010_04:00:00   2.9477e-01   7.2628e+01   6.4947e+00   0.0000e+00   3.3768e-03   2.4723e+02
20191010_05:00:00   2.9397e-01   7.2429e+01   6.4819e+00   0.0000e+00   3.2759e-03   2.4710e+02
20191010_06:00:00   3.0143e-01   7.3805e+01   6.6726e+00   0.0000e+00   2.4382e-03   2.4800e+02
20191010_09:00:00   3.4795e-01   8.2366e+01   7.8124e+00   0.0000e+00   3.2300e-04   2.4668e+02
20191010_12:00:00   0.0000e+00   0.0000e+00   0.0000e+00   0.0000e+00   0.0000e+00   0.0000e+00
20191010_15:00:00   3.0702e-01   7.4696e+01   6.9122e+00   0.0000e+00   8.2021e-04   2.4756e+02
20191010_18:00:00   0.0000e+00   0.0000e+00   0.0000e+00   0.0000e+00   0.0000e+00   0.0000e+00
20191010_21:00:00   0.0000e+00   2.7000e+00   0.0000e+00   0.0000e+00   0.0000e+00   0.0000e+00
20191011_00:00:00   0.0000e+00   2.7000e+00   0.0000e+00   0.0000e+00   0.0000e+00   0.0000e+00
20191011_03:00:00   3.4102e-01   8.0904e+01   7.7915e+00   0.0000e+00   2.3976e-04   2.4363e+02
20191011_06:00:00   0.0000e+00   2.7000e+00   0.0000e+00   0.0000e+00   0.0000e+00   0.0000e+00
20191011_09:00:00   1.0984e+00   1.9006e+02   2.0290e+01   0.0000e+00   1.4967e-04   2.4581e+02
20191011_12:00:00   9.4090e-01   1.7410e+02   1.7502e+01   0.0000e+00   2.5760e-05   2.4835e+02
20191011_15:00:00   1.9849e-01   5.2184e+01   4.6214e+00   0.0000e+00   2.1240e-05   2.4719e+02
20191011_18:00:00   3.4418e-01   8.1772e+01   6.9746e+00   1.2700e-02   5.2532e-05   2.4683e+02
20191011_21:00:00   8.0997e-01   1.5196e+02   9.0796e+00   1.6780e-01   1.5540e-02   2.4524e+02
20191012_00:00:00   5.0537e-01   1.0913e+02   9.7105e+00   3.1302e-02   1.4360e-02   2.4309e+02
20191012_03:00:00   4.4880e-01   9.9340e+01   1.0078e+01   1.9319e-03   5.1154e-02   2.4480e+02
20191012_06:00:00   0.0000e+00   2.7000e+00   0.0000e+00   0.0000e+00   0.0000e+00   0.0000e+00
20191012_09:00:00   7.5164e-01   1.4428e+02   1.0182e+01   1.2679e-01   4.4037e-02   2.4776e+02
20191012_12:00:00   0.0000e+00   2.7000e+00   0.0000e+00   0.0000e+00   0.0000e+00   0.0000e+00
20191012_15:00:00   0.0000e+00   2.7000e+00   0.0000e+00   0.0000e+00   0.0000e+00   0.0000e+00
20191012_18:00:00   7.4751e-01   1.4418e+02   9.6963e+00   1.3127e-01   1.1957e-03   2.4953e+02
20191012_21:00:00   6.0367e-01   1.2478e+02   9.6264e+00   7.2849e-02   6.7721e-04   2.4881e+02
20191013_03:00:00   5.3437e-01   1.1412e+02   9.2267e+00   5.1405e-02   2.6661e-03   2.4767e+02
20191013_06:00:00   3.8670e-01   8.9363e+01   8.5930e+00   0.0000e+00   6.2359e-04   2.4804e+02
20191013_09:00:00   0.0000e+00   0.0000e+00   0.0000e+00   0.0000e+00   0.0000e+00   0.0000e+00
20191013_12:00:00   2.9851e-01   7.2906e+01   6.7929e+00   0.0000e+00   0.0000e+00   2.5312e+02
20191013_15:00:00   0.0000e+00   2.7000e+00   0.0000e+00   0.0000e+00   0.0000e+00   0.0000e+00
20191013_18:00:00   1.0546e-01   3.1051e+01   2.3689e+00   0.0000e+00   0.0000e+00   2.5619e+02
20191013_21:00:00   2.0354e-01   5.2269e+01   4.6262e+00   0.0000e+00   9.1293e-03   2.5841e+02
20191014_00:00:00   4.0510e-01   9.3140e+01   7.1518e+00   3.8070e-02   4.6550e-05   2.4922e+02
20191014_03:00:00   0.0000e+00   2.7000e+00   0.0000e+00   0.0000e+00   0.0000e+00   0.0000e+00
20191014_06:00:00   0.0000e+00   0.0000e+00   0.0000e+00   0.0000e+00   0.0000e+00   0.0000e+00
20191014_09:00:00   0.0000e+00   0.0000e+00   0.0000e+00   0.0000e+00   0.0000e+00   0.0000e+00
20191014_15:00:00   0.0000e+00   0.0000e+00   0.0000e+00   0.0000e+00   0.0000e+00   0.0000e+00
20191014_18:00:00   3.4138e-01   8.1481e+01   6.6945e+00   1.9140e-02   6.2181e-06   2.5132e+02
20191014_21:00:00   0.0000e+00   2.7000e+00   0.0000e+00   0.0000e+00   0.0000e+00   0.0000e+00
20191015_03:00:00   1.0040e+00   1.7755e+02   1.9439e+01   1.0070e-02   1.8038e-02   2.4863e+02
20191015_06:00:00   7.0708e-02   2.2372e+01   1.4892e+00   0.0000e+00   0.0000e+00   2.6424e+02
20191015_09:00:00   0.0000e+00   0.0000e+00   0.0000e+00   0.0000e+00   0.0000e+00   0.0000e+00
20191015_12:00:00   0.0000e+00   0.0000e+00   0.0000e+00   0.0000e+00   0.0000e+00   0.0000e+00
20191015_15:00:00   3.7837e-01   8.7627e+01   8.6990e+00   0.0000e+00   2.1636e-05   2.5035e+02
20191015_18:00:00   3.2620e-01   7.7901e+01   7.4391e+00   6.1950e-03   9.4620e-06   2.5014e+02
20191015_21:00:00   3.1324e-01   7.5922e+01   6.1288e+00   2.3471e-02   9.4804e-05   2.4777e+02
20191016_00:00:00   1.6863e-01   4.5904e+01   3.6978e+00   0.0000e+00   1.0083e-05   2.5344e+02
20191016_03:00:00   2.8973e-01   7.1215e+01   6.7466e+00   0.0000e+00   9.0810e-06   2.4764e+02
20191016_06:00:00   2.7712e-01   6.8712e+01   6.4142e+00   0.0000e+00   5.4722e-05   2.4982e+02
20191016_09:00:00   2.6299e-01   6.5774e+01   6.1488e+00   0.0000e+00   9.4873e-05   2.4912e+02
20191016_12:00:00   2.4123e-01   6.1356e+01   5.6267e+00   0.0000e+00   3.7304e-05   2.5154e+02
20191016_15:00:00   2.1950e-01   5.6905e+01   5.1403e+00   0.0000e+00   1.6017e-06   2.5187e+02
20191016_18:00:00   2.1881e-01   5.6915e+01   5.0660e+00   0.0000e+00   1.6433e-06   2.5265e+02
20191016_21:00:00   2.4480e-01   6.2352e+01   5.5314e+00   1.4530e-03   0.0000e+00   2.5161e+02
20191017_00:00:00   2.6468e-01   6.6204e+01   6.1956e+00   2.0280e-04   0.0000e+00   2.5115e+02
20191017_03:00:00   3.2477e-01   7.7975e+01   7.4704e+00   0.0000e+00   1.6017e-06   2.5276e+02
20191017_06:00:00   3.2167e-01   7.7504e+01   7.1201e+00   4.6350e-03   2.9860e-05   2.5171e+02
20191017_09:00:00   2.8611e-01   7.0589e+01   6.6294e+00   6.7330e-04   6.2140e-05   2.5415e+02
20191017_12:00:00   3.1117e-01   7.5495e+01   7.0572e+00   1.2730e-03   2.4494e-05   2.5422e+02
20191017_15:00:00   0.0000e+00   2.7000e+00   0.0000e+00   0.0000e+00   0.0000e+00   0.0000e+00
20191017_18:00:00   4.3627e-01   9.8420e+01   8.4621e+00   2.2660e-02   7.3353e-05   2.5199e+02
20191017_21:00:00   9.3886e-01   1.6695e+02   8.5386e+00   2.2952e-01   2.9519e-03   2.5273e+02
20191018_00:00:00   9.9011e-01   1.7218e+02   8.9680e+00   2.4339e-01   5.2707e-03   2.5023e+02
20191018_03:00:00   7.4717e-01   1.4443e+02   8.8828e+00   1.4524e-01   1.1415e-02   2.5453e+02
20191018_06:00:00   3.8392e-01   8.8804e+01   8.5034e+00   2.7880e-03   1.4630e-02   2.5069e+02
20191018_09:00:00   4.2997e-01   9.6920e+01   8.5631e+00   1.9691e-02   3.0047e-02   2.5154e+02
20191018_12:00:00   4.2849e-01   9.6622e+01   8.4998e+00   2.0757e-02   4.0115e-02   2.5253e+02
20191018_15:00:00   0.0000e+00   0.0000e+00   0.0000e+00   0.0000e+00   0.0000e+00   0.0000e+00
20191018_18:00:00   0.0000e+00   2.7000e+00   0.0000e+00   0.0000e+00   0.0000e+00   0.0000e+00
20191018_21:00:00   0.0000e+00   0.0000e+00   0.0000e+00   0.0000e+00   0.0000e+00   0.0000e+00
20191019_00:00:00   9.4283e-01   1.6622e+02   9.2045e+00   2.2654e-01   3.9007e-02   2.5159e+02
20191019_03:00:00   4.2250e-01   9.5140e+01   7.9313e+00   3.2998e-02   2.7106e-02   2.5117e+02
20191019_06:00:00   2.4515e-01   6.1459e+01   5.7557e+00   7.4200e-04   2.1444e-02   2.5403e+02
20191019_12:00:00   0.0000e+00   0.0000e+00   0.0000e+00   0.0000e+00   0.0000e+00   0.0000e+00
20191019_18:00:00   1.2462e-01   3.5134e+01   2.5778e+00   6.9090e-03   3.8553e-02   2.6228e+02
20191019_21:00:00   0.0000e+00   0.0000e+00   0.0000e+00   0.0000e+00   0.0000e+00   0.0000e+00
20191020_00:00:00   5.4548e-02   1.8256e+01   1.1962e+00   3.1510e-04   2.7283e-03   2.5754e+02
20191020_03:00:00   0.0000e+00   0.0000e+00   0.0000e+00   0.0000e+00   0.0000e+00   0.0000e+00
20191020_06:00:00   0.0000e+00   2.7000e+00   0.0000e+00   0.0000e+00   0.0000e+00   0.0000e+00
20191020_12:00:00   6.2191e-02   1.9796e+01   1.4505e+00   0.0000e+00   9.8381e-02   2.6089e+02
20191020_15:00:00   4.1502e-02   1.4886e+01   8.6173e-01   0.0000e+00   3.6277e-02   2.6264e+02
20191020_18:00:00   4.1319e-02   1.4877e+01   8.6572e-01   0.0000e+00   4.2647e-03   2.6127e+02
20191020_21:00:00   0.0000e+00   2.7000e+00   0.0000e+00   0.0000e+00   0.0000e+00   0.0000e+00
20191021_03:00:00   4.4079e-02   1.5772e+01   8.9535e-01   0.0000e+00   5.6987e-04   2.5504e+02
20191021_06:00:00   1.5536e-01   4.1856e+01   3.1798e+00   0.0000e+00   6.2902e-03   2.6593e+02
