#            date       tau225        Tb[K]      pwv[mm] lwp[kg*m^-2] iwp[kg*m^-2]       o3[DU]
20191003_12:00:00   0.0000e+00   0.0000e+00   0.0000e+00   0.0000e+00   0.0000e+00   0.0000e+00
20191003_13:00:00   0.0000e+00   0.0000e+00   0.0000e+00   0.0000e+00   0.0000e+00   0.0000e+00
20191003_14:00:00   0.0000e+00   0.0000e+00   0.0000e+00   0.0000e+00   0.0000e+00   0.0000e+00
20191003_15:00:00   1.6161e-01   4.4132e+01   3.6714e+00   0.0000e+00   1.8107e-05   2.5543e+02
20191003_16:00:00   1.6792e-01   4.5595e+01   3.7968e+00   0.0000e+00   0.0000e+00   2.5526e+02
20191003_17:00:00   0.0000e+00   0.0000e+00   0.0000e+00   0.0000e+00   0.0000e+00   0.0000e+00
20191003_18:00:00   0.0000e+00   0.0000e+00   0.0000e+00   0.0000e+00   0.0000e+00   0.0000e+00
20191003_20:00:00   0.0000e+00   0.0000e+00   0.0000e+00   0.0000e+00   0.0000e+00   0.0000e+00
20191003_21:00:00   2.6455e-01   6.6029e+01   5.7618e+00   5.6670e-03   1.3211e-03   2.5490e+02
20191003_22:00:00   0.0000e+00   0.0000e+00   0.0000e+00   0.0000e+00   0.0000e+00   0.0000e+00
20191003_23:00:00   3.3741e-01   7.9955e+01   7.4087e+00   7.0580e-03   6.4790e-04   2.5184e+02
20191004_00:00:00   0.0000e+00   0.0000e+00   0.0000e+00   0.0000e+00   0.0000e+00   0.0000e+00
20191004_01:00:00   0.0000e+00   0.0000e+00   0.0000e+00   0.0000e+00   0.0000e+00   0.0000e+00
20191004_02:00:00   0.0000e+00   2.7000e+00   0.0000e+00   0.0000e+00   0.0000e+00   0.0000e+00
20191004_03:00:00   0.0000e+00   2.7000e+00   0.0000e+00   0.0000e+00   0.0000e+00   0.0000e+00
20191004_04:00:00   9.4703e-01   1.7157e+02   1.8297e+01   1.1960e-03   1.1638e-04   2.5213e+02
20191004_05:00:00   3.1822e-01   7.6370e+01   7.2669e+00   0.0000e+00   4.9620e-06   2.5086e+02
20191004_06:00:00   3.1638e-01   7.5998e+01   7.2549e+00   0.0000e+00   4.0470e-06   2.4972e+02
20191004_08:00:00   0.0000e+00   0.0000e+00   0.0000e+00   0.0000e+00   0.0000e+00   0.0000e+00
20191004_09:00:00   7.4756e-01   1.4707e+02   1.5141e+01   0.0000e+00   6.3880e-06   2.4945e+02
20191004_10:00:00   3.0892e-01   7.4511e+01   7.1846e+00   0.0000e+00   4.1809e-04   2.4811e+02
20191004_11:00:00   3.3733e-01   7.9299e+01   7.5952e+00   0.0000e+00   3.8216e-03   2.4833e+02
20191004_12:00:00   0.0000e+00   2.7000e+00   0.0000e+00   0.0000e+00   0.0000e+00   0.0000e+00
20191004_13:00:00   2.9413e-01   7.1648e+01   6.8705e+00   0.0000e+00   1.5980e-04   2.4853e+02
20191004_14:00:00   6.7234e-02   2.1704e+01   1.4305e+00   0.0000e+00   6.2315e-03   2.5211e+02
20191004_15:00:00   2.9299e-01   7.1385e+01   6.8527e+00   0.0000e+00   0.0000e+00   2.5099e+02
20191004_17:00:00   3.0287e-01   7.3329e+01   7.1024e+00   0.0000e+00   0.0000e+00   2.5015e+02
20191004_18:00:00   3.5564e-01   8.3494e+01   7.7303e+00   9.9710e-03   0.0000e+00   2.4949e+02
20191004_19:00:00   4.1182e-01   9.3781e+01   8.2614e+00   2.2410e-02   0.0000e+00   2.4853e+02
20191004_21:00:00   6.2523e-01   1.2807e+02   9.1263e+00   9.3600e-02   3.4862e-04   2.5152e+02
20191004_22:00:00   4.8260e-01   1.0588e+02   9.2712e+00   3.1648e-02   5.1555e-04   2.5103e+02
20191004_23:00:00   4.4608e-01   9.9720e+01   9.2013e+00   1.7396e-02   0.0000e+00   2.4950e+02
20191005_02:00:00   3.8435e-01   8.8843e+01   8.7396e+00   2.2030e-04   9.5020e-07   2.5263e+02
20191005_03:00:00   0.0000e+00   0.0000e+00   0.0000e+00   0.0000e+00   0.0000e+00   0.0000e+00
20191005_04:00:00   3.6834e-01   8.5926e+01   8.3961e+00   0.0000e+00   0.0000e+00   2.5344e+02
20191005_05:00:00   0.0000e+00   0.0000e+00   0.0000e+00   0.0000e+00   0.0000e+00   0.0000e+00
20191005_06:00:00   3.5026e-01   8.2603e+01   8.0054e+00   0.0000e+00   0.0000e+00   2.5308e+02
20191005_07:00:00   0.0000e+00   0.0000e+00   0.0000e+00   0.0000e+00   0.0000e+00   0.0000e+00
20191005_08:00:00   0.0000e+00   0.0000e+00   0.0000e+00   0.0000e+00   0.0000e+00   0.0000e+00
20191005_09:00:00   0.0000e+00   0.0000e+00   0.0000e+00   0.0000e+00   0.0000e+00   0.0000e+00
20191005_10:00:00   0.0000e+00   0.0000e+00   0.0000e+00   0.0000e+00   0.0000e+00   0.0000e+00
20191005_11:00:00   3.2212e-01   7.7266e+01   7.4348e+00   0.0000e+00   9.3636e-06   2.5186e+02
20191005_12:00:00   3.2176e-01   7.7173e+01   7.4376e+00   0.0000e+00   5.0505e-05   2.5170e+02
20191005_13:00:00   0.0000e+00   0.0000e+00   0.0000e+00   0.0000e+00   0.0000e+00   0.0000e+00
20191005_14:00:00   0.0000e+00   0.0000e+00   0.0000e+00   0.0000e+00   0.0000e+00   0.0000e+00
20191005_15:00:00   5.2741e-01   1.1482e+02   1.1404e+01   0.0000e+00   4.7537e-05   2.5510e+02
20191005_16:00:00   2.9921e-01   7.2774e+01   7.0460e+00   0.0000e+00   1.9884e-04   2.5270e+02
20191005_18:00:00   0.0000e+00   0.0000e+00   0.0000e+00   0.0000e+00   0.0000e+00   0.0000e+00
20191005_19:00:00   3.9517e-01   9.1037e+01   7.6799e+00   2.6810e-02   1.1771e-03   2.4827e+02
20191005_20:00:00   3.5410e-01   8.3329e+01   7.9544e+00   4.8990e-03   1.8106e-03   2.4916e+02
20191005_21:00:00   3.6027e-01   8.4440e+01   8.1068e+00   4.9460e-03   2.5139e-03   2.4915e+02
20191005_22:00:00   3.6532e-01   8.5320e+01   8.3081e+00   3.5100e-03   3.5693e-03   2.4933e+02
20191005_23:00:00   0.0000e+00   2.7000e+00   0.0000e+00   0.0000e+00   0.0000e+00   0.0000e+00
20191006_00:00:00   0.0000e+00   0.0000e+00   0.0000e+00   0.0000e+00   0.0000e+00   0.0000e+00
20191006_01:00:00   0.0000e+00   0.0000e+00   0.0000e+00   0.0000e+00   0.0000e+00   0.0000e+00
20191006_02:00:00   3.8369e-01   8.8657e+01   8.2434e+00   1.3934e-02   2.4530e-04   2.5107e+02
20191006_03:00:00   3.3794e-01   7.9991e+01   8.0131e+00   0.0000e+00   1.4876e-04   2.5187e+02
20191006_04:00:00   3.2841e-01   7.8184e+01   7.8001e+00   0.0000e+00   2.6555e-06   2.5354e+02
20191006_05:00:00   0.0000e+00   0.0000e+00   0.0000e+00   0.0000e+00   0.0000e+00   0.0000e+00
20191006_06:00:00   3.2100e-01   7.6754e+01   7.5991e+00   0.0000e+00   8.8340e-06   2.5439e+02
20191006_07:00:00   0.0000e+00   0.0000e+00   0.0000e+00   0.0000e+00   0.0000e+00   0.0000e+00
20191006_08:00:00   3.1907e-01   7.6312e+01   7.5795e+00   0.0000e+00   4.2384e-05   2.5344e+02
20191006_09:00:00   0.0000e+00   2.7000e+00   0.0000e+00   0.0000e+00   0.0000e+00   0.0000e+00
20191006_10:00:00   0.0000e+00   2.7000e+00   0.0000e+00   0.0000e+00   0.0000e+00   0.0000e+00
20191006_11:00:00   0.0000e+00   0.0000e+00   0.0000e+00   0.0000e+00   0.0000e+00   0.0000e+00
20191006_12:00:00   8.3254e-01   1.5824e+02   1.6860e+01   0.0000e+00   8.9683e-05   2.5337e+02
20191006_13:00:00   0.0000e+00   0.0000e+00   0.0000e+00   0.0000e+00   0.0000e+00   0.0000e+00
20191006_14:00:00   3.0949e-01   7.4427e+01   7.3879e+00   0.0000e+00   7.4762e-05   2.5383e+02
20191006_15:00:00   3.0428e-01   7.3448e+01   7.2692e+00   0.0000e+00   8.4939e-05   2.5421e+02
20191006_16:00:00   0.0000e+00   0.0000e+00   0.0000e+00   0.0000e+00   0.0000e+00   0.0000e+00
20191006_18:00:00   0.0000e+00   0.0000e+00   0.0000e+00   0.0000e+00   0.0000e+00   0.0000e+00
20191006_19:00:00   0.0000e+00   2.7000e+00   0.0000e+00   0.0000e+00   0.0000e+00   0.0000e+00
20191006_20:00:00   9.1206e-01   1.6421e+02   8.5349e+00   2.2383e-01   1.2547e-04   2.5707e+02
20191006_22:00:00   0.0000e+00   0.0000e+00   0.0000e+00   0.0000e+00   0.0000e+00   0.0000e+00
20191006_23:00:00   3.5704e-01   8.3796e+01   8.2565e+00   0.0000e+00   1.8660e-04   2.5367e+02
20191007_00:00:00   3.7167e-01   8.6351e+01   8.5836e+00   0.0000e+00   1.1636e-04   2.5440e+02
20191007_01:00:00   3.8327e-01   8.8363e+01   8.8321e+00   2.5060e-06   1.7598e-04   2.5406e+02
20191007_02:00:00   0.0000e+00   0.0000e+00   0.0000e+00   0.0000e+00   0.0000e+00   0.0000e+00
20191007_03:00:00   3.5659e-01   8.3482e+01   8.2849e+00   0.0000e+00   1.8057e-05   2.5629e+02
20191007_04:00:00   3.4324e-01   8.0993e+01   7.9906e+00   0.0000e+00   9.7096e-05   2.5655e+02
20191007_05:00:00   3.2902e-01   7.8280e+01   7.6896e+00   0.0000e+00   3.7614e-04   2.5741e+02
20191007_06:00:00   3.1518e-01   7.5653e+01   7.3715e+00   0.0000e+00   9.5104e-04   2.5706e+02
20191007_07:00:00   3.0052e-01   7.2853e+01   7.0394e+00   0.0000e+00   4.3659e-04   2.5695e+02
20191007_08:00:00   2.8814e-01   7.0452e+01   6.7349e+00   0.0000e+00   3.7528e-06   2.5548e+02
20191007_09:00:00   2.8071e-01   6.8979e+01   6.5563e+00   0.0000e+00   9.4518e-06   2.5467e+02
20191007_10:00:00   2.7716e-01   6.8327e+01   6.4372e+00   0.0000e+00   1.1083e-05   2.5413e+02
20191007_11:00:00   2.8029e-01   6.8989e+01   6.4690e+00   0.0000e+00   1.0964e-05   2.5473e+02
20191007_12:00:00   2.8582e-01   7.0113e+01   6.5593e+00   0.0000e+00   1.0964e-05   2.5491e+02
20191007_13:00:00   0.0000e+00   2.7000e+00   0.0000e+00   0.0000e+00   0.0000e+00   0.0000e+00
20191007_14:00:00   0.0000e+00   0.0000e+00   0.0000e+00   0.0000e+00   0.0000e+00   0.0000e+00
20191007_15:00:00   1.0874e-01   3.1871e+01   2.3251e+00   0.0000e+00   0.0000e+00   2.5890e+02
20191007_16:00:00   0.0000e+00   2.7000e+00   0.0000e+00   0.0000e+00   0.0000e+00   0.0000e+00
20191007_17:00:00   0.0000e+00   0.0000e+00   0.0000e+00   0.0000e+00   0.0000e+00   0.0000e+00
20191007_18:00:00   1.9161e+00   2.3243e+02   9.9288e+00   6.1266e-01   1.8426e-01   2.5566e+02
20191007_19:00:00   0.0000e+00   0.0000e+00   0.0000e+00   0.0000e+00   0.0000e+00   0.0000e+00
20191007_20:00:00   1.1804e+00   1.8867e+02   1.0843e+01   2.8815e-01   4.3088e-01   2.5714e+02
20191007_21:00:00   8.5108e-01   1.5673e+02   1.0562e+01   1.5503e-01   2.5714e-01   2.5631e+02
20191007_22:00:00   5.9678e-01   1.2349e+02   1.0189e+01   5.8829e-02   1.0275e-01   2.5573e+02
20191008_00:00:00   1.3546e-06   2.7008e+00   0.0000e+00   0.0000e+00   0.0000e+00   5.5443e+00
20191008_01:00:00   0.0000e+00   0.0000e+00   0.0000e+00   0.0000e+00   0.0000e+00   0.0000e+00
20191008_03:00:00   4.4039e-01   9.8047e+01   9.7315e+00   0.0000e+00   1.0515e-04   2.5411e+02
20191008_04:00:00   3.8999e-01   8.9798e+01   8.8461e+00   0.0000e+00   8.0100e-05   2.5347e+02
20191008_05:00:00   3.7494e-01   8.7113e+01   8.5304e+00   0.0000e+00   1.9327e-04   2.5526e+02
20191008_06:00:00   3.6599e-01   8.5431e+01   8.3201e+00   0.0000e+00   3.1800e-04   2.5656e+02
20191008_07:00:00   3.6554e-01   8.5327e+01   8.2715e+00   6.1015e-04   7.1802e-04   2.5797e+02
20191008_08:00:00   3.6360e-01   8.4909e+01   8.2906e+00   0.0000e+00   7.6838e-04   2.5720e+02
20191008_10:00:00   3.9454e-01   9.0357e+01   8.7956e+00   2.9705e-03   9.2552e-04   2.5547e+02
20191008_11:00:00   4.7264e-01   1.0388e+02   9.2833e+00   2.4783e-02   6.1123e-03   2.5605e+02
20191008_12:00:00   0.0000e+00   0.0000e+00   0.0000e+00   0.0000e+00   0.0000e+00   0.0000e+00
20191008_15:00:00   1.2013e+00   1.9068e+02   1.0026e+01   3.1403e-01   5.8458e-02   2.5511e+02
20191008_18:00:00   5.9860e-01   1.2388e+02   9.4548e+00   7.6064e-02   1.4780e-03   2.5390e+02
20191008_21:00:00   5.2506e-01   1.1259e+02   9.9502e+00   3.5330e-02   2.3075e-04   2.5187e+02
20191009_00:00:00   1.3142e+00   1.9955e+02   1.0647e+01   3.4891e-01   1.9683e-02   2.5153e+02
20191009_03:00:00   4.4958e-01   9.9934e+01   1.0228e+01   1.9827e-04   3.3316e-02   2.5263e+02
20191009_06:00:00   4.1198e-01   9.3753e+01   8.8319e+00   1.0790e-02   1.5549e-03   2.5237e+02
20191009_09:00:00   4.5887e-01   1.0199e+02   8.1158e+00   4.2090e-02   6.1484e-04   2.5036e+02
20191009_15:00:00   3.6179e-01   8.4837e+01   8.1385e+00   0.0000e+00   9.2882e-04   2.5087e+02
20191009_18:00:00   4.4615e-01   9.9971e+01   8.8441e+00   1.9697e-02   2.5081e-04   2.5065e+02
20191009_21:00:00   1.0697e+00   1.7989e+02   9.3738e+00   2.6891e-01   1.4005e-03   2.4688e+02
20191010_00:00:00   4.9239e-01   1.0770e+02   9.6298e+00   2.4746e-02   2.0731e-03   2.4904e+02
20191010_03:00:00   4.3707e-01   9.8356e+01   9.3914e+00   6.0613e-03   3.0242e-04   2.4885e+02
20191010_09:00:00   3.9530e-01   9.0832e+01   8.9213e+00   0.0000e+00   9.4100e-06   2.4587e+02
20191010_12:00:00   7.0505e-02   2.2382e+01   1.4341e+00   0.0000e+00   0.0000e+00   2.6660e+02
20191010_15:00:00   3.8035e-01   8.8343e+01   8.5523e+00   0.0000e+00   4.5680e-07   2.4894e+02
20191010_18:00:00   4.6713e-01   1.0367e+02   8.8586e+00   2.9570e-02   1.9946e-04   2.5015e+02
20191010_21:00:00   1.1672e+00   1.8828e+02   9.6769e+00   3.0672e-01   2.7106e-02   2.4807e+02
20191011_00:00:00   0.0000e+00   0.0000e+00   0.0000e+00   0.0000e+00   0.0000e+00   0.0000e+00
20191011_03:00:00   5.5350e-01   1.1688e+02   1.0041e+01   4.4043e-02   8.2995e-03   2.4556e+02
20191011_06:00:00   4.3255e-01   9.7322e+01   9.2951e+00   7.1014e-03   5.3630e-03   2.4464e+02
20191011_09:00:00   4.0566e-01   9.2599e+01   9.0795e+00   4.1710e-04   7.8593e-04   2.4514e+02
20191011_15:00:00   7.8656e-02   2.4758e+01   1.7292e+00   0.0000e+00   1.6318e-06   2.5776e+02
20191011_18:00:00   0.0000e+00   0.0000e+00   0.0000e+00   0.0000e+00   0.0000e+00   0.0000e+00
20191011_21:00:00   8.1114e-01   1.5241e+02   9.9252e+00   1.5473e-01   5.5901e-03   2.4550e+02
20191012_03:00:00   2.1062e+00   2.3937e+02   1.0628e+01   6.8188e-01   6.3537e-02   2.4591e+02
20191012_06:00:00   5.0890e-01   1.0924e+02   1.1040e+01   5.7021e-03   5.5709e-01   2.4865e+02
20191012_09:00:00   0.0000e+00   0.0000e+00   0.0000e+00   0.0000e+00   0.0000e+00   0.0000e+00
20191012_12:00:00   0.0000e+00   0.0000e+00   0.0000e+00   0.0000e+00   0.0000e+00   0.0000e+00
20191012_15:00:00   0.0000e+00   0.0000e+00   0.0000e+00   0.0000e+00   0.0000e+00   0.0000e+00
20191012_18:00:00   0.0000e+00   0.0000e+00   0.0000e+00   0.0000e+00   0.0000e+00   0.0000e+00
20191012_21:00:00   1.3898e+00   2.0486e+02   9.7807e+00   3.9588e-01   1.0865e-02   2.4815e+02
20191013_00:00:00   4.6584e-01   1.0297e+02   9.6614e+00   1.5041e-02   2.7205e-04   2.4742e+02
20191013_03:00:00   0.0000e+00   2.7000e+00   0.0000e+00   0.0000e+00   0.0000e+00   0.0000e+00
20191013_06:00:00   7.2429e-01   1.4118e+02   9.5086e+00   1.2634e-01   4.1821e-03   2.4772e+02
20191013_09:00:00   6.5451e-01   1.3184e+02   8.8978e+00   1.0930e-01   8.7570e-03   2.4942e+02
20191013_12:00:00   4.1146e-01   9.3307e+01   9.1746e+00   3.5776e-03   4.0174e-03   2.4997e+02
20191013_15:00:00   0.0000e+00   2.7000e+00   0.0000e+00   0.0000e+00   0.0000e+00   0.0000e+00
20191013_18:00:00   0.0000e+00   0.0000e+00   0.0000e+00   0.0000e+00   0.0000e+00   0.0000e+00
20191013_21:00:00   7.6461e-01   1.4596e+02   9.8080e+00   1.3841e-01   2.5416e-01   2.4762e+02
20191014_00:00:00   0.0000e+00   2.7000e+00   0.0000e+00   0.0000e+00   0.0000e+00   0.0000e+00
20191014_03:00:00   4.1846e-01   9.4367e+01   9.5136e+00   3.5890e-04   1.6721e-01   2.4835e+02
20191014_06:00:00   0.0000e+00   2.7000e+00   0.0000e+00   0.0000e+00   0.0000e+00   0.0000e+00
20191014_15:00:00   3.3912e-01   8.0572e+01   7.7616e+00   0.0000e+00   4.1192e-02   2.5383e+02
20191014_18:00:00   3.2307e-01   7.7658e+01   7.3520e+00   0.0000e+00   3.6808e-02   2.5073e+02
20191014_21:00:00   0.0000e+00   0.0000e+00   0.0000e+00   0.0000e+00   0.0000e+00   0.0000e+00
20191015_00:00:00   3.7239e-01   8.6738e+01   8.4463e+00   0.0000e+00   8.1977e-02   2.4789e+02
20191015_03:00:00   0.0000e+00   0.0000e+00   0.0000e+00   0.0000e+00   0.0000e+00   0.0000e+00
20191015_06:00:00   1.3980e+00   2.0571e+02   9.8523e+00   3.9772e-01   2.4479e-02   2.4795e+02
20191015_09:00:00   3.8946e-01   8.9618e+01   8.8046e+00   0.0000e+00   2.1839e-02   2.4795e+02
20191015_12:00:00   3.9071e-01   8.9813e+01   8.8804e+00   1.4711e-03   9.3796e-04   2.4941e+02
20191015_15:00:00   4.0243e-01   9.1742e+01   9.3169e+00   0.0000e+00   7.6390e-03   2.5050e+02
20191015_18:00:00   0.0000e+00   0.0000e+00   0.0000e+00   0.0000e+00   0.0000e+00   0.0000e+00
20191015_21:00:00   0.0000e+00   0.0000e+00   0.0000e+00   0.0000e+00   0.0000e+00   0.0000e+00
20191016_00:00:00   4.7722e-01   1.0460e+02   1.0641e+01   3.5782e-03   4.1056e-03   2.4876e+02
20191016_06:00:00   0.0000e+00   0.0000e+00   0.0000e+00   0.0000e+00   0.0000e+00   0.0000e+00
20191016_09:00:00   1.9426e+00   2.3366e+02   1.0408e+01   6.1435e-01   6.2633e-02   2.5250e+02
20191016_12:00:00   1.5727e+00   2.1622e+02   9.9236e+00   4.7058e-01   4.4944e-03   2.5329e+02
20191016_15:00:00   4.3050e-01   9.7032e+01   9.4365e+00   6.8830e-03   5.5568e-05   2.5522e+02
20191016_18:00:00   4.0870e-01   9.3130e+01   9.3294e+00   3.7540e-04   3.2116e-04   2.5487e+02
20191016_21:00:00   3.8128e-01   8.8361e+01   8.8034e+00   0.0000e+00   1.4874e-04   2.5032e+02
20191017_00:00:00   0.0000e+00   0.0000e+00   0.0000e+00   0.0000e+00   0.0000e+00   0.0000e+00
20191017_03:00:00   0.0000e+00   0.0000e+00   0.0000e+00   0.0000e+00   0.0000e+00   0.0000e+00
20191017_06:00:00   3.5324e-01   8.3136e+01   8.0958e+00   0.0000e+00   1.1541e-03   2.5206e+02
20191017_09:00:00   3.7846e-01   8.7626e+01   8.7308e+00   6.7470e-06   2.0607e-04   2.5306e+02
20191017_12:00:00   0.0000e+00   0.0000e+00   0.0000e+00   0.0000e+00   0.0000e+00   0.0000e+00
20191017_18:00:00   3.6377e-01   8.5271e+01   8.4259e+00   0.0000e+00   1.0130e-03   2.5159e+02
20191017_21:00:00   0.0000e+00   0.0000e+00   0.0000e+00   0.0000e+00   0.0000e+00   0.0000e+00
20191018_00:00:00   0.0000e+00   2.7000e+00   0.0000e+00   0.0000e+00   0.0000e+00   0.0000e+00
20191018_03:00:00   0.0000e+00   2.7000e+00   0.0000e+00   0.0000e+00   0.0000e+00   0.0000e+00
20191018_09:00:00   4.4000e-01   9.8329e+01   1.0035e+01   2.7064e-05   3.1041e-03   2.5078e+02
20191018_12:00:00   4.0655e-01   9.2620e+01   9.3504e+00   0.0000e+00   3.3287e-03   2.5262e+02
20191018_15:00:00   3.9766e-01   9.1270e+01   9.2238e+00   0.0000e+00   9.2266e-04   2.5026e+02
20191018_18:00:00   4.4185e-01   9.8641e+01   9.9209e+00   5.8650e-03   1.1572e-03   2.5195e+02
20191018_21:00:00   3.9365e-01   9.0383e+01   9.1932e+00   0.0000e+00   6.7405e-04   2.4933e+02
20191019_00:00:00   3.9793e-01   9.1026e+01   9.3565e+00   0.0000e+00   1.4397e-02   2.4663e+02
20191019_03:00:00   0.0000e+00   0.0000e+00   0.0000e+00   0.0000e+00   0.0000e+00   0.0000e+00
20191019_06:00:00   4.9994e-01   1.0826e+02   1.0922e+01   8.6170e-03   1.7810e-02   2.4814e+02
20191019_09:00:00   7.6368e-01   1.4637e+02   1.0212e+01   1.2952e-01   9.6230e-03   2.4895e+02
