#            date       tau225        Tb[K]      pwv[mm] lwp[kg*m^-2] iwp[kg*m^-2]       o3[DU]
20191124_12:00:00   1.7322e-01   4.6703e+01   4.0274e+00   0.0000e+00   1.2576e-04   2.3879e+02
20191124_13:00:00   1.6761e-01   4.5469e+01   3.9064e+00   0.0000e+00   8.4520e-07   2.3947e+02
20191124_14:00:00   1.6396e-01   4.4639e+01   3.8439e+00   0.0000e+00   0.0000e+00   2.3969e+02
20191124_15:00:00   1.6886e-01   4.5690e+01   3.9855e+00   0.0000e+00   3.2683e-05   2.3876e+02
20191124_16:00:00   1.7914e-01   4.7894e+01   4.2543e+00   0.0000e+00   3.4654e-05   2.3848e+02
20191124_17:00:00   1.9344e-01   5.0917e+01   4.6207e+00   0.0000e+00   8.5176e-04   2.3875e+02
20191124_18:00:00   1.9865e-01   5.2008e+01   4.7478e+00   0.0000e+00   1.3534e-04   2.3817e+02
20191124_19:00:00   1.9927e-01   5.2217e+01   4.7232e+00   0.0000e+00   0.0000e+00   2.3738e+02
20191124_20:00:00   1.9722e-01   5.1852e+01   4.6321e+00   0.0000e+00   0.0000e+00   2.3620e+02
20191124_21:00:00   1.9719e-01   5.1907e+01   4.5183e+00   1.6810e-03   1.9210e-06   2.3609e+02
20191124_22:00:00   1.9043e-01   5.0446e+01   4.4482e+00   2.3970e-04   0.0000e+00   2.3626e+02
20191124_23:00:00   1.9159e-01   5.0666e+01   4.4978e+00   0.0000e+00   2.5020e-06   2.3569e+02
20191125_00:00:00   1.9967e-01   5.2369e+01   4.6896e+00   0.0000e+00   1.4780e-05   2.3518e+02
20191125_01:00:00   2.0728e-01   5.3953e+01   4.8615e+00   0.0000e+00   2.4614e-05   2.3497e+02
20191125_02:00:00   2.0748e-01   5.3950e+01   4.8829e+00   0.0000e+00   1.4931e-04   2.3478e+02
20191125_03:00:00   2.0817e-01   5.4055e+01   4.9358e+00   0.0000e+00   1.4382e-04   2.3543e+02
20191125_04:00:00   2.1004e-01   5.4390e+01   5.0064e+00   0.0000e+00   2.1548e-03   2.3652e+02
20191125_05:00:00   2.1448e-01   5.5281e+01   5.1386e+00   0.0000e+00   4.4011e-03   2.3707e+02
20191125_06:00:00   2.1475e-01   5.5339e+01   5.1622e+00   0.0000e+00   1.4909e-03   2.3727e+02
20191125_07:00:00   2.1642e-01   5.5725e+01   5.2002e+00   0.0000e+00   7.9502e-06   2.3778e+02
20191125_08:00:00   2.2233e-01   5.6994e+01   5.3209e+00   0.0000e+00   1.4848e-07   2.3808e+02
20191125_09:00:00   2.2207e-01   5.6987e+01   5.3009e+00   0.0000e+00   0.0000e+00   2.3814e+02
20191125_10:00:00   2.1815e-01   5.6247e+01   5.1799e+00   0.0000e+00   0.0000e+00   2.3760e+02
20191125_11:00:00   2.1482e-01   5.5602e+01   5.0821e+00   0.0000e+00   0.0000e+00   2.3690e+02
20191125_12:00:00   2.1461e-01   5.5564e+01   5.0879e+00   0.0000e+00   0.0000e+00   2.3614e+02
20191125_13:00:00   2.1622e-01   5.5874e+01   5.1447e+00   0.0000e+00   0.0000e+00   2.3478e+02
20191125_14:00:00   2.2017e-01   5.6679e+01   5.2541e+00   0.0000e+00   0.0000e+00   2.3513e+02
20191125_15:00:00   2.2440e-01   5.7560e+01   5.3471e+00   0.0000e+00   0.0000e+00   2.3669e+02
20191125_16:00:00   2.2635e-01   5.7979e+01   5.3828e+00   0.0000e+00   0.0000e+00   2.3818e+02
20191125_17:00:00   2.2701e-01   5.8154e+01   5.3907e+00   0.0000e+00   0.0000e+00   2.3889e+02
20191125_18:00:00   2.2856e-01   5.8501e+01   5.4072e+00   0.0000e+00   0.0000e+00   2.3961e+02
20191125_19:00:00   2.3313e-01   5.9521e+01   5.4812e+00   0.0000e+00   0.0000e+00   2.3974e+02
20191125_20:00:00   2.3278e-01   5.9506e+01   5.4454e+00   0.0000e+00   0.0000e+00   2.3930e+02
20191125_21:00:00   2.3895e-01   6.0906e+01   5.4689e+00   1.2690e-03   0.0000e+00   2.3882e+02
20191125_22:00:00   2.4012e-01   6.1239e+01   5.4931e+00   1.1510e-04   8.4520e-07   2.3760e+02
20191125_23:00:00   2.3722e-01   6.0709e+01   5.3835e+00   0.0000e+00   0.0000e+00   2.3651e+02
20191126_00:00:00   2.2884e-01   5.9004e+01   5.1642e+00   0.0000e+00   0.0000e+00   2.3544e+02
20191126_01:00:00   2.2647e-01   5.8512e+01   5.0809e+00   0.0000e+00   0.0000e+00   2.3474e+02
20191126_02:00:00   2.2410e-01   5.8034e+01   5.0125e+00   0.0000e+00   0.0000e+00   2.3445e+02
20191126_03:00:00   2.1490e-01   5.6102e+01   4.8187e+00   0.0000e+00   0.0000e+00   2.3491e+02
20191126_04:00:00   2.0618e-01   5.4238e+01   4.6375e+00   0.0000e+00   0.0000e+00   2.3591e+02
20191126_05:00:00   1.9425e-01   5.1652e+01   4.3758e+00   0.0000e+00   0.0000e+00   2.3724e+02
20191126_06:00:00   1.8265e-01   4.9127e+01   4.1160e+00   0.0000e+00   0.0000e+00   2.3776e+02
20191126_07:00:00   1.6989e-01   4.6296e+01   3.8451e+00   0.0000e+00   0.0000e+00   2.3829e+02
20191126_08:00:00   1.6135e-01   4.4376e+01   3.6528e+00   0.0000e+00   0.0000e+00   2.3883e+02
20191126_09:00:00   1.5035e-01   4.1882e+01   3.4037e+00   0.0000e+00   0.0000e+00   2.3931e+02
20191126_10:00:00   1.4210e-01   3.9972e+01   3.2153e+00   0.0000e+00   0.0000e+00   2.3981e+02
20191126_11:00:00   1.3390e-01   3.8065e+01   3.0282e+00   0.0000e+00   0.0000e+00   2.3982e+02
20191126_12:00:00   1.2721e-01   3.6504e+01   2.8728e+00   0.0000e+00   0.0000e+00   2.3893e+02
20191126_13:00:00   1.2346e-01   3.5625e+01   2.7868e+00   0.0000e+00   0.0000e+00   2.3828e+02
20191126_14:00:00   1.2112e-01   3.5079e+01   2.7381e+00   0.0000e+00   0.0000e+00   2.3876e+02
20191126_15:00:00   1.2052e-01   3.4947e+01   2.7275e+00   0.0000e+00   0.0000e+00   2.3874e+02
20191126_16:00:00   1.1874e-01   3.4552e+01   2.6866e+00   0.0000e+00   0.0000e+00   2.3881e+02
20191126_17:00:00   1.1839e-01   3.4464e+01   2.6789e+00   0.0000e+00   0.0000e+00   2.3887e+02
20191126_18:00:00   1.1918e-01   3.4644e+01   2.6961e+00   0.0000e+00   0.0000e+00   2.3948e+02
20191126_19:00:00   1.2188e-01   3.5268e+01   2.7599e+00   0.0000e+00   0.0000e+00   2.3978e+02
20191126_20:00:00   1.2322e-01   3.5567e+01   2.7922e+00   0.0000e+00   0.0000e+00   2.3980e+02
20191126_21:00:00   1.2167e-01   3.5218e+01   2.7599e+00   0.0000e+00   0.0000e+00   2.3931e+02
20191126_22:00:00   1.1996e-01   3.4841e+01   2.7199e+00   0.0000e+00   1.6902e-23   2.3920e+02
20191126_23:00:00   1.1924e-01   3.4684e+01   2.7003e+00   0.0000e+00   0.0000e+00   2.3861e+02
20191127_00:00:00   1.1344e-01   3.3295e+01   2.5712e+00   0.0000e+00   0.0000e+00   2.3804e+02
20191127_01:00:00   1.1144e-01   3.2781e+01   2.5283e+00   0.0000e+00   0.0000e+00   2.3715e+02
20191127_02:00:00   1.0837e-01   3.2030e+01   2.4491e+00   0.0000e+00   0.0000e+00   2.3660e+02
20191127_03:00:00   1.0542e-01   3.1315e+01   2.3715e+00   0.0000e+00   0.0000e+00   2.3653e+02
20191127_04:00:00   1.0299e-01   3.0738e+01   2.3121e+00   0.0000e+00   0.0000e+00   2.3635e+02
20191127_05:00:00   9.8536e-02   2.9667e+01   2.2069e+00   0.0000e+00   0.0000e+00   2.3686e+02
20191127_06:00:00   9.5177e-02   2.8853e+01   2.1278e+00   0.0000e+00   0.0000e+00   2.3753e+02
20191127_07:00:00   9.1629e-02   2.7984e+01   2.0448e+00   0.0000e+00   0.0000e+00   2.3764e+02
20191127_08:00:00   8.7050e-02   2.6855e+01   1.9360e+00   0.0000e+00   0.0000e+00   2.3694e+02
20191127_09:00:00   7.9320e-02   2.4945e+01   1.7520e+00   0.0000e+00   0.0000e+00   2.3720e+02
20191127_10:00:00   7.2338e-02   2.3186e+01   1.5831e+00   0.0000e+00   0.0000e+00   2.3699e+02
20191127_11:00:00   6.8226e-02   2.2138e+01   1.4839e+00   0.0000e+00   0.0000e+00   2.3662e+02
20191127_12:00:00   6.6666e-02   2.1736e+01   1.4466e+00   0.0000e+00   0.0000e+00   2.3621e+02
20191127_13:00:00   6.5493e-02   2.1423e+01   1.4162e+00   0.0000e+00   0.0000e+00   2.3538e+02
20191127_14:00:00   6.1591e-02   2.0430e+01   1.3143e+00   0.0000e+00   0.0000e+00   2.3516e+02
20191127_15:00:00   6.0007e-02   2.0041e+01   1.2700e+00   0.0000e+00   0.0000e+00   2.3496e+02
20191127_16:00:00   6.3947e-02   2.1039e+01   1.3680e+00   0.0000e+00   0.0000e+00   2.3488e+02
20191127_17:00:00   6.7446e-02   2.1929e+01   1.4541e+00   0.0000e+00   0.0000e+00   2.3381e+02
20191127_18:00:00   7.2708e-02   2.3264e+01   1.5794e+00   0.0000e+00   0.0000e+00   2.3317e+02
20191127_19:00:00   7.7421e-02   2.4468e+01   1.6875e+00   0.0000e+00   0.0000e+00   2.3220e+02
20191127_20:00:00   8.3650e-02   2.6021e+01   1.8312e+00   0.0000e+00   0.0000e+00   2.3268e+02
20191127_21:00:00   8.6913e-02   2.6829e+01   1.9034e+00   0.0000e+00   0.0000e+00   2.3435e+02
20191127_22:00:00   9.2470e-02   2.8175e+01   2.0417e+00   0.0000e+00   6.3380e-06   2.3504e+02
20191127_23:00:00   9.6810e-02   2.9208e+01   2.1535e+00   0.0000e+00   1.6902e-06   2.3521e+02
20191128_00:00:00   9.2705e-02   2.8199e+01   2.0600e+00   0.0000e+00   0.0000e+00   2.3431e+02
20191128_01:00:00   9.1904e-02   2.8011e+01   2.0296e+00   0.0000e+00   0.0000e+00   2.3345e+02
20191128_02:00:00   9.4299e-02   2.8604e+01   2.0694e+00   0.0000e+00   0.0000e+00   2.3387e+02
20191128_03:00:00   1.0409e-01   3.0975e+01   2.2884e+00   0.0000e+00   0.0000e+00   2.3410e+02
20191128_04:00:00   1.2959e-01   3.6970e+01   2.8807e+00   0.0000e+00   0.0000e+00   2.3469e+02
20191128_05:00:00   1.5079e-01   4.1830e+01   3.3626e+00   0.0000e+00   0.0000e+00   2.3451e+02
20191128_06:00:00   1.6865e-01   4.5837e+01   3.7683e+00   0.0000e+00   0.0000e+00   2.3407e+02
20191128_07:00:00   1.8161e-01   4.8686e+01   4.0635e+00   0.0000e+00   0.0000e+00   2.3364e+02
20191128_08:00:00   1.8230e-01   4.8867e+01   4.0751e+00   0.0000e+00   0.0000e+00   2.3306e+02
20191128_09:00:00   1.8354e-01   4.9124e+01   4.1058e+00   0.0000e+00   0.0000e+00   2.3360e+02
20191128_10:00:00   1.8892e-01   5.0284e+01   4.2309e+00   0.0000e+00   0.0000e+00   2.3414e+02
20191128_11:00:00   1.9601e-01   5.1817e+01   4.3912e+00   0.0000e+00   0.0000e+00   2.3407e+02
20191128_12:00:00   2.0088e-01   5.2887e+01   4.4966e+00   0.0000e+00   0.0000e+00   2.3354e+02
20191128_13:00:00   2.0721e-01   5.4269e+01   4.6201e+00   0.0000e+00   0.0000e+00   2.3269e+02
20191128_14:00:00   2.1293e-01   5.5484e+01   4.7374e+00   0.0000e+00   0.0000e+00   2.3171e+02
20191128_15:00:00   2.1211e-01   5.5363e+01   4.7211e+00   0.0000e+00   0.0000e+00   2.3158e+02
20191128_16:00:00   2.1451e-01   5.5921e+01   4.7817e+00   0.0000e+00   0.0000e+00   2.3225e+02
20191128_17:00:00   2.2327e-01   5.7789e+01   4.9697e+00   0.0000e+00   0.0000e+00   2.3298e+02
20191128_18:00:00   2.3324e-01   5.9879e+01   5.1851e+00   0.0000e+00   0.0000e+00   2.3226e+02
20191128_19:00:00   2.4967e-01   6.3233e+01   5.5125e+00   0.0000e+00   0.0000e+00   2.3111e+02
20191128_20:00:00   2.6438e-01   6.6198e+01   5.7773e+00   2.5290e-04   2.0230e-06   2.3060e+02
20191128_21:00:00   2.7796e-01   6.8973e+01   5.8342e+00   4.4050e-03   2.0090e-06   2.3151e+02
20191128_22:00:00   2.8972e-01   7.1251e+01   6.0457e+00   5.9900e-03   0.0000e+00   2.3169e+02
20191128_23:00:00   2.8913e-01   7.1002e+01   6.3831e+00   0.0000e+00   0.0000e+00   2.2984e+02
20191129_00:00:00   2.9580e-01   7.2299e+01   6.5300e+00   0.0000e+00   0.0000e+00   2.2918e+02
20191129_01:00:00   3.0054e-01   7.3218e+01   6.6426e+00   0.0000e+00   0.0000e+00   2.2854e+02
20191129_02:00:00   3.2375e-01   7.7576e+01   7.1339e+00   0.0000e+00   1.0250e-05   2.2753e+02
20191129_03:00:00   3.5116e-01   8.2610e+01   7.7417e+00   0.0000e+00   2.0703e-04   2.2735e+02
20191129_04:00:00   3.8635e-01   8.8785e+01   8.5572e+00   3.1748e-04   1.6817e-02   2.2831e+02
20191129_05:00:00   4.1909e-01   9.4365e+01   9.2616e+00   1.5560e-05   3.7401e-02   2.2976e+02
20191129_06:00:00   4.4480e-01   9.8830e+01   9.0956e+00   1.1723e-02   2.2911e-01   2.3082e+02
20191129_07:00:00   3.7879e-01   8.7217e+01   8.3555e+00   4.5100e-05   1.6540e-01   2.3141e+02
20191129_08:00:00   3.3969e-01   8.0204e+01   7.5922e+00   0.0000e+00   2.9449e-03   2.3222e+02
20191129_09:00:00   3.0175e-01   7.3137e+01   6.7579e+00   0.0000e+00   5.7740e-05   2.3166e+02
20191129_10:00:00   2.6850e-01   6.6721e+01   6.0056e+00   0.0000e+00   1.8074e-04   2.3089e+02
20191129_11:00:00   2.4235e-01   6.1504e+01   5.4211e+00   0.0000e+00   2.4720e-04   2.3113e+02
20191129_12:00:00   2.3516e-01   6.0014e+01   5.2648e+00   0.0000e+00   6.4240e-04   2.3176e+02
20191129_15:00:00   2.7322e-01   6.7650e+01   6.1405e+00   0.0000e+00   4.1957e-04   2.3160e+02
20191129_18:00:00   2.9700e-01   7.2342e+01   6.6672e+00   0.0000e+00   3.9342e-05   2.3441e+02
20191129_21:00:00   2.8889e-01   7.0526e+01   6.6702e+00   0.0000e+00   8.9753e-04   2.3190e+02
20191130_00:00:00   2.5825e-01   6.4472e+01   5.9743e+00   0.0000e+00   6.6268e-05   2.3007e+02
20191130_03:00:00   2.8665e-01   7.0124e+01   6.6045e+00   0.0000e+00   2.9328e-05   2.3073e+02
20191130_06:00:00   3.0523e-01   7.3783e+01   6.9132e+00   0.0000e+00   1.6145e-03   2.3119e+02
20191130_09:00:00   2.8524e-01   6.9675e+01   6.5796e+00   0.0000e+00   7.0604e-04   2.3185e+02
20191130_12:00:00   2.4536e-01   6.1485e+01   5.8032e+00   0.0000e+00   3.4545e-04   2.3120e+02
20191130_15:00:00   1.9689e-01   5.1302e+01   4.6976e+00   0.0000e+00   9.6260e-06   2.3118e+02
20191130_18:00:00   1.9403e-01   5.0871e+01   4.5671e+00   2.4630e-04   0.0000e+00   2.3030e+02
20191130_21:00:00   1.3337e+00   2.0005e+02   7.2429e+00   4.3101e-01   8.7322e-02   2.2963e+02
20191201_00:00:00   2.3898e-01   6.0595e+01   5.5533e+00   4.8360e-05   6.6838e-04   2.2914e+02
20191201_03:00:00   2.3117e-01   5.8914e+01   5.4189e+00   0.0000e+00   0.0000e+00   2.2904e+02
20191201_06:00:00   2.2820e-01   5.8416e+01   5.3018e+00   0.0000e+00   0.0000e+00   2.2879e+02
20191201_09:00:00   2.2896e-01   5.8650e+01   5.2522e+00   0.0000e+00   0.0000e+00   2.2865e+02
20191201_12:00:00   2.1433e-01   5.5554e+01   4.8887e+00   0.0000e+00   0.0000e+00   2.2910e+02
20191201_15:00:00   1.7858e-01   4.7947e+01   4.0837e+00   0.0000e+00   0.0000e+00   2.2809e+02
20191201_18:00:00   1.7057e-01   4.6199e+01   3.8843e+00   0.0000e+00   1.9640e-06   2.3004e+02
20191201_21:00:00   6.7983e-01   1.3608e+02   4.7188e+00   1.9425e-01   1.3049e-03   2.3073e+02
20191202_00:00:00   2.1908e-01   5.6956e+01   4.5840e+00   5.7280e-03   9.5960e-05   2.3074e+02
20191202_03:00:00   1.8209e-01   4.8859e+01   4.0984e+00   0.0000e+00   3.5938e-05   2.3187e+02
20191202_06:00:00   1.8437e-01   4.9350e+01   3.7809e+00   7.0780e-03   1.9503e-03   2.3084e+02
20191202_09:00:00   1.6582e-01   4.5053e+01   3.8041e+00   0.0000e+00   4.4760e-05   2.3082e+02
20191202_12:00:00   3.2956e-01   7.9473e+01   3.8711e+00   6.7430e-02   2.0979e-05   2.3105e+02
20191202_15:00:00   1.6759e-01   4.5394e+01   3.9238e+00   0.0000e+00   9.6260e-06   2.3121e+02
20191202_18:00:00   1.8343e-01   4.8941e+01   4.2880e+00   0.0000e+00   0.0000e+00   2.3123e+02
20191202_21:00:00   1.7631e-01   4.7591e+01   3.9859e+00   9.3420e-04   2.3520e-06   2.2944e+02
20191203_00:00:00   1.9671e-01   5.2126e+01   4.3969e+00   0.0000e+00   3.1300e-04   2.3089e+02
20191203_03:00:00   1.8849e-01   5.0276e+01   4.1802e+00   0.0000e+00   1.0630e-03   2.2934e+02
20191203_06:00:00   1.7042e-01   4.6110e+01   3.8531e+00   0.0000e+00   4.8460e-04   2.3166e+02
20191203_09:00:00   1.4436e-01   4.0222e+01   3.2705e+00   0.0000e+00   0.0000e+00   2.3391e+02
20191203_12:00:00   1.2354e-01   3.5483e+01   2.7630e+00   0.0000e+00   0.0000e+00   2.3353e+02
20191203_15:00:00   1.0183e-01   3.0263e+01   2.3221e+00   0.0000e+00   1.6261e-05   2.3214e+02
20191203_18:00:00   1.1559e-01   3.3591e+01   2.6260e+00   3.5920e-04   1.2678e-06   2.3339e+02
20191203_21:00:00   1.1156e-01   3.2629e+01   2.5701e+00   0.0000e+00   2.4978e-04   2.3437e+02
20191204_00:00:00   9.4263e-02   2.8338e+01   2.1947e+00   0.0000e+00   9.8812e-05   2.3469e+02
20191204_03:00:00   1.0570e-01   3.1092e+01   2.4679e+00   0.0000e+00   3.2087e-04   2.3433e+02
20191204_06:00:00   1.1466e-01   3.3216e+01   2.6892e+00   0.0000e+00   5.2820e-05   2.3588e+02
20191204_09:00:00   1.1163e-01   3.2510e+01   2.6059e+00   0.0000e+00   1.1050e-03   2.3621e+02
20191204_12:00:00   1.1025e-01   3.2141e+01   2.5587e+00   0.0000e+00   6.7959e-04   2.3544e+02
20191204_15:00:00   1.1508e-01   3.3298e+01   2.6552e+00   0.0000e+00   2.7491e-04   2.3457e+02
20191204_18:00:00   1.6321e-01   4.4696e+01   2.8189e+00   1.5790e-02   2.8350e-05   2.3557e+02
20191204_21:00:00   1.9601e-01   5.2017e+01   3.6480e+00   1.3012e-02   2.7049e-03   2.3598e+02
20191205_00:00:00   1.4712e-01   4.1010e+01   3.0063e+00   5.7650e-03   2.4260e-05   2.3975e+02
20191205_03:00:00   1.5450e-01   4.2614e+01   3.2640e+00   4.4500e-03   8.6620e-04   2.3975e+02
20191205_06:00:00   1.3473e-01   3.8238e+01   2.5546e+00   7.9280e-03   5.6560e-05   2.4011e+02
20191205_09:00:00   1.2081e-01   3.4797e+01   2.6809e+00   1.1770e-04   1.6600e-03   2.4092e+02
20191205_12:00:00   1.2371e-01   3.5453e+01   2.7733e+00   0.0000e+00   4.8320e-05   2.4125e+02
20191205_15:00:00   1.1555e-01   3.3543e+01   2.6070e+00   0.0000e+00   2.0087e-04   2.4264e+02
20191205_18:00:00   1.1712e-01   3.3923e+01   2.6403e+00   0.0000e+00   6.4576e-05   2.4477e+02
20191205_21:00:00   1.3087e-01   3.7140e+01   2.9461e+00   0.0000e+00   2.4702e-03   2.4443e+02
20191206_00:00:00   1.3867e-01   3.8898e+01   3.1348e+00   0.0000e+00   2.5217e-05   2.4668e+02
20191206_03:00:00   1.6431e-01   4.4720e+01   3.6932e+00   0.0000e+00   0.0000e+00   2.4600e+02
20191206_06:00:00   1.8493e-01   4.9247e+01   4.1467e+00   0.0000e+00   0.0000e+00   2.4528e+02
20191206_09:00:00   1.7766e-01   4.7612e+01   3.9996e+00   0.0000e+00   6.8170e-05   2.4174e+02
20191206_12:00:00   1.6171e-01   4.4117e+01   3.6357e+00   0.0000e+00   0.0000e+00   2.4180e+02
20191206_15:00:00   1.5732e-01   4.3138e+01   3.5361e+00   0.0000e+00   0.0000e+00   2.4060e+02
20191206_18:00:00   1.4847e-01   4.1139e+01   3.3619e+00   0.0000e+00   0.0000e+00   2.4178e+02
20191206_21:00:00   1.5988e-01   4.3667e+01   3.6185e+00   4.8550e-04   0.0000e+00   2.4237e+02
20191207_00:00:00   1.5963e-01   4.3587e+01   3.6518e+00   0.0000e+00   0.0000e+00   2.4027e+02
20191207_03:00:00   1.6698e-01   4.5220e+01   3.7903e+00   0.0000e+00   0.0000e+00   2.4176e+02
20191207_06:00:00   1.6551e-01   4.4825e+01   3.7704e+00   0.0000e+00   4.4025e-04   2.4126e+02
20191207_09:00:00   1.4626e-01   4.0479e+01   3.3446e+00   0.0000e+00   3.6460e-05   2.3897e+02
20191207_12:00:00   1.2673e-01   3.5956e+01   2.9199e+00   0.0000e+00   0.0000e+00   2.3862e+02
20191207_15:00:00   1.1635e-01   3.3575e+01   2.6673e+00   0.0000e+00   0.0000e+00   2.3766e+02
20191207_18:00:00   1.1598e-01   3.3491e+01   2.6574e+00   0.0000e+00   0.0000e+00   2.3744e+02
20191207_21:00:00   1.2514e-01   3.5663e+01   2.8531e+00   0.0000e+00   0.0000e+00   2.3609e+02
20191208_00:00:00   1.1210e-01   3.2537e+01   2.5759e+00   0.0000e+00   0.0000e+00   2.3536e+02
20191208_03:00:00   9.9052e-02   2.9520e+01   2.2288e+00   0.0000e+00   0.0000e+00   2.3434e+02
20191208_06:00:00   8.7991e-02   2.6886e+01   1.9500e+00   0.0000e+00   0.0000e+00   2.3679e+02
20191208_09:00:00   8.2770e-02   2.5625e+01   1.8144e+00   0.0000e+00   0.0000e+00   2.4220e+02
20191208_12:00:00   7.9109e-02   2.4763e+01   1.7111e+00   0.0000e+00   0.0000e+00   2.4043e+02
20191208_15:00:00   7.5056e-02   2.3771e+01   1.6080e+00   0.0000e+00   0.0000e+00   2.4369e+02
20191208_18:00:00   6.2446e-02   2.0571e+01   1.3130e+00   0.0000e+00   0.0000e+00   2.4675e+02
20191208_21:00:00   6.7334e-02   2.1776e+01   1.4291e+00   0.0000e+00   0.0000e+00   2.4848e+02
20191209_00:00:00   6.0745e-02   2.0100e+01   1.2760e+00   0.0000e+00   0.0000e+00   2.4929e+02
20191209_03:00:00   5.3586e-02   1.8284e+01   1.0964e+00   0.0000e+00   0.0000e+00   2.4795e+02
20191209_06:00:00   4.9214e-02   1.7138e+01   9.8819e-01   0.0000e+00   0.0000e+00   2.4958e+02
20191209_09:00:00   4.8783e-02   1.6992e+01   9.8081e-01   0.0000e+00   0.0000e+00   2.5214e+02
20191209_12:00:00   4.9075e-02   1.7062e+01   9.8357e-01   0.0000e+00   0.0000e+00   2.5206e+02
20191209_15:00:00   4.6226e-02   1.6345e+01   9.0584e-01   0.0000e+00   0.0000e+00   2.5234e+02
20191209_18:00:00   4.5725e-02   1.6217e+01   8.9194e-01   0.0000e+00   0.0000e+00   2.5374e+02
20191209_21:00:00   5.0432e-02   1.7445e+01   1.0017e+00   0.0000e+00   0.0000e+00   2.5197e+02
20191210_00:00:00   4.6319e-02   1.6384e+01   9.0359e-01   0.0000e+00   0.0000e+00   2.5240e+02
20191210_03:00:00   4.5760e-02   1.6252e+01   8.8666e-01   0.0000e+00   0.0000e+00   2.5310e+02
20191210_06:00:00   4.6547e-02   1.6457e+01   9.0382e-01   0.0000e+00   0.0000e+00   2.5491e+02
20191210_09:00:00   4.9047e-02   1.7101e+01   9.6107e-01   0.0000e+00   0.0000e+00   2.5585e+02
20191210_12:00:00   5.0725e-02   1.7541e+01   9.9597e-01   0.0000e+00   0.0000e+00   2.5553e+02
