#            date       tau225        Tb[K]      pwv[mm] lwp[kg*m^-2] iwp[kg*m^-2]       o3[DU]
20191129_18:00:00   1.2383e-01   3.5422e+01   2.8524e+00   0.0000e+00   8.8543e-03   2.3069e+02
20191129_19:00:00   9.1807e-02   2.7754e+01   2.0872e+00   0.0000e+00   7.8240e-03   2.2920e+02
20191129_20:00:00   8.6626e-02   2.6510e+01   1.9486e+00   0.0000e+00   5.7032e-03   2.2955e+02
20191129_21:00:00   8.3705e-02   2.5805e+01   1.8590e+00   1.7430e-04   3.9439e-03   2.2908e+02
20191129_22:00:00   7.3425e-02   2.3237e+01   1.6194e+00   1.3570e-04   3.5285e-03   2.2766e+02
20191129_23:00:00   5.9606e-02   1.9704e+01   1.3092e+00   0.0000e+00   1.4987e-03   2.2692e+02
20191130_00:00:00   5.8372e-02   1.9346e+01   1.2915e+00   0.0000e+00   9.7067e-04   2.2613e+02
20191130_01:00:00   5.8454e-02   1.9332e+01   1.3037e+00   0.0000e+00   2.2544e-04   2.2491e+02
20191130_02:00:00   5.6116e-02   1.8714e+01   1.2509e+00   0.0000e+00   1.5202e-05   2.2581e+02
20191130_03:00:00   5.4909e-02   1.8398e+01   1.2233e+00   0.0000e+00   2.1520e-05   2.2624e+02
20191130_04:00:00   5.7062e-02   1.8936e+01   1.2828e+00   0.0000e+00   4.1403e-04   2.2697e+02
20191130_05:00:00   5.9682e-02   1.9576e+01   1.3563e+00   0.0000e+00   1.8161e-04   2.2652e+02
20191130_06:00:00   6.0686e-02   1.9786e+01   1.3895e+00   0.0000e+00   1.4323e-03   2.2639e+02
20191130_07:00:00   5.8417e-02   1.9199e+01   1.3371e+00   0.0000e+00   2.0807e-03   2.2679e+02
20191130_08:00:00   5.3950e-02   1.8089e+01   1.2148e+00   0.0000e+00   6.1040e-05   2.2795e+02
20191130_09:00:00   5.0446e-02   1.7219e+01   1.1166e+00   0.0000e+00   1.0918e-04   2.2919e+02
20191130_10:00:00   4.7497e-02   1.6485e+01   1.0341e+00   0.0000e+00   1.8762e-04   2.2869e+02
20191130_11:00:00   4.5360e-02   1.5957e+01   9.7336e-01   0.0000e+00   3.0635e-04   2.2852e+02
20191130_12:00:00   4.3782e-02   1.5561e+01   9.2990e-01   0.0000e+00   1.9254e-03   2.2887e+02
20191130_13:00:00   4.3083e-02   1.5397e+01   9.0820e-01   0.0000e+00   2.7539e-03   2.2923e+02
20191130_14:00:00   4.3253e-02   1.5451e+01   9.0962e-01   0.0000e+00   2.7379e-03   2.2977e+02
20191130_15:00:00   4.3842e-02   1.5609e+01   9.2410e-01   0.0000e+00   2.3527e-03   2.2958e+02
20191130_16:00:00   4.4541e-02   1.5783e+01   9.4379e-01   0.0000e+00   3.2694e-03   2.2955e+02
20191130_17:00:00   4.5447e-02   1.6026e+01   9.6413e-01   0.0000e+00   5.3315e-03   2.3026e+02
20191130_18:00:00   5.0233e-02   1.7275e+01   1.0864e+00   0.0000e+00   2.9451e-03   2.2992e+02
20191130_19:00:00   5.9982e-02   1.9781e+01   1.3296e+00   0.0000e+00   1.3331e-03   2.2869e+02
20191130_20:00:00   6.9220e-02   2.2141e+01   1.5472e+00   0.0000e+00   2.8962e-03   2.2769e+02
20191130_21:00:00   7.5905e-02   2.3862e+01   1.6913e+00   0.0000e+00   3.1190e-03   2.2746e+02
20191130_22:00:00   7.6028e-02   2.3899e+01   1.6960e+00   0.0000e+00   2.2117e-03   2.2795e+02
20191130_23:00:00   7.2645e-02   2.3023e+01   1.6292e+00   0.0000e+00   2.6172e-03   2.2820e+02
20191201_00:00:00   6.9281e-02   2.2105e+01   1.5713e+00   0.0000e+00   8.6509e-03   2.2824e+02
20191201_01:00:00   6.2480e-02   2.0351e+01   1.4185e+00   0.0000e+00   7.6113e-03   2.2811e+02
20191201_02:00:00   5.7616e-02   1.9108e+01   1.2999e+00   0.0000e+00   3.9179e-03   2.2834e+02
20191201_03:00:00   5.4573e-02   1.8325e+01   1.2250e+00   0.0000e+00   1.5426e-03   2.2874e+02
20191201_04:00:00   5.3428e-02   1.8029e+01   1.1994e+00   0.0000e+00   2.4284e-03   2.2874e+02
20191201_05:00:00   5.3266e-02   1.7979e+01   1.1985e+00   0.0000e+00   2.5505e-03   2.2884e+02
20191201_06:00:00   5.3728e-02   1.8098e+01   1.2122e+00   0.0000e+00   2.8720e-03   2.2973e+02
20191201_07:00:00   5.4325e-02   1.8284e+01   1.2224e+00   0.0000e+00   4.3039e-05   2.3073e+02
20191201_08:00:00   5.4003e-02   1.8225e+01   1.2065e+00   0.0000e+00   4.5380e-05   2.3091e+02
20191201_09:00:00   5.2529e-02   1.7849e+01   1.1645e+00   0.0000e+00   1.2268e-03   2.3033e+02
20191201_10:00:00   5.0577e-02   1.7379e+01   1.1039e+00   0.0000e+00   1.7482e-03   2.3087e+02
20191201_11:00:00   4.8969e-02   1.6981e+01   1.0579e+00   0.0000e+00   2.2497e-03   2.3186e+02
20191201_12:00:00   4.8498e-02   1.6890e+01   1.0370e+00   0.0000e+00   5.8876e-04   2.3134e+02
20191201_13:00:00   4.6694e-02   1.6442e+01   9.8303e-01   0.0000e+00   7.1240e-06   2.3124e+02
20191201_14:00:00   4.5642e-02   1.6187e+01   9.5211e-01   0.0000e+00   3.5640e-07   2.3113e+02
20191201_15:00:00   4.4513e-02   1.5908e+01   9.1916e-01   0.0000e+00   4.2260e-07   2.3200e+02
20191201_16:00:00   4.3709e-02   1.5704e+01   8.9796e-01   0.0000e+00   0.0000e+00   2.3201e+02
20191201_17:00:00   4.3725e-02   1.5698e+01   9.0137e-01   0.0000e+00   1.4848e-07   2.3160e+02
20191201_18:00:00   4.6339e-02   1.6401e+01   9.6198e-01   0.0000e+00   0.0000e+00   2.3046e+02
20191201_19:00:00   5.1155e-02   1.7676e+01   1.0761e+00   0.0000e+00   0.0000e+00   2.3009e+02
20191201_20:00:00   5.8131e-02   1.9499e+01   1.2411e+00   0.0000e+00   0.0000e+00   2.2994e+02
20191201_21:00:00   6.9031e-02   2.2285e+01   1.4995e+00   0.0000e+00   0.0000e+00   2.3019e+02
20191201_22:00:00   7.5422e-02   2.3916e+01   1.6431e+00   0.0000e+00   0.0000e+00   2.3057e+02
20191201_23:00:00   6.5945e-02   2.1516e+01   1.4243e+00   0.0000e+00   0.0000e+00   2.2978e+02
20191202_00:00:00   5.9241e-02   1.9791e+01   1.2718e+00   0.0000e+00   0.0000e+00   2.2939e+02
20191202_01:00:00   5.1451e-02   1.7745e+01   1.0892e+00   0.0000e+00   0.0000e+00   2.2949e+02
20191202_02:00:00   4.8514e-02   1.6971e+01   1.0168e+00   0.0000e+00   0.0000e+00   2.2975e+02
20191202_03:00:00   4.5508e-02   1.6172e+01   9.4418e-01   0.0000e+00   0.0000e+00   2.2977e+02
20191202_04:00:00   4.4146e-02   1.5806e+01   9.1199e-01   0.0000e+00   0.0000e+00   2.2992e+02
20191202_05:00:00   4.4084e-02   1.5784e+01   9.1421e-01   0.0000e+00   0.0000e+00   2.3024e+02
20191202_06:00:00   4.4531e-02   1.5893e+01   9.2820e-01   0.0000e+00   0.0000e+00   2.3024e+02
20191202_07:00:00   4.5076e-02   1.6028e+01   9.4487e-01   0.0000e+00   1.2144e-04   2.3030e+02
20191202_08:00:00   4.5289e-02   1.6081e+01   9.5177e-01   0.0000e+00   2.4442e-04   2.3070e+02
20191202_09:00:00   4.5222e-02   1.6061e+01   9.5044e-01   0.0000e+00   2.3244e-04   2.3082e+02
20191202_10:00:00   4.5548e-02   1.6146e+01   9.5933e-01   0.0000e+00   7.4568e-05   2.3025e+02
20191202_11:00:00   4.6095e-02   1.6296e+01   9.7271e-01   0.0000e+00   9.1440e-06   2.2959e+02
20191202_12:00:00   4.5866e-02   1.6264e+01   9.5909e-01   0.0000e+00   4.5680e-07   2.2898e+02
20191202_13:00:00   4.5410e-02   1.6166e+01   9.4305e-01   0.0000e+00   0.0000e+00   2.2896e+02
20191202_14:00:00   4.4487e-02   1.5945e+01   9.1313e-01   0.0000e+00   0.0000e+00   2.2914e+02
20191202_15:00:00   4.4198e-02   1.5891e+01   9.0063e-01   0.0000e+00   0.0000e+00   2.2935e+02
20191202_16:00:00   4.4945e-02   1.6107e+01   9.1572e-01   0.0000e+00   7.7000e-06   2.2918e+02
20191202_17:00:00   4.6236e-02   1.6456e+01   9.4555e-01   0.0000e+00   0.0000e+00   2.2894e+02
20191202_18:00:00   4.7253e-02   1.6733e+01   9.6783e-01   0.0000e+00   1.2128e-05   2.2890e+02
20191202_19:00:00   4.9827e-02   1.7407e+01   1.0313e+00   0.0000e+00   2.2520e-04   2.2822e+02
20191202_20:00:00   5.6202e-02   1.9071e+01   1.1672e+00   2.4890e-04   1.7360e-04   2.2794e+02
20191202_21:00:00   6.3771e-02   2.1065e+01   1.2164e+00   2.3420e-03   9.2600e-06   2.2845e+02
20191202_22:00:00   6.2036e-02   2.0648e+01   1.1511e+00   2.6980e-03   1.1650e-06   2.2874e+02
20191202_23:00:00   5.4817e-02   1.8782e+01   1.0698e+00   1.1170e-03   5.7100e-07   2.2849e+02
20191203_00:00:00   4.8367e-02   1.7089e+01   9.7940e-01   7.3830e-06   0.0000e+00   2.2860e+02
20191203_01:00:00   4.7438e-02   1.6852e+01   9.5316e-01   0.0000e+00   0.0000e+00   2.2861e+02
20191203_02:00:00   4.7798e-02   1.6953e+01   9.6009e-01   0.0000e+00   0.0000e+00   2.2785e+02
20191203_03:00:00   4.6912e-02   1.6734e+01   9.3487e-01   0.0000e+00   0.0000e+00   2.2784e+02
20191203_04:00:00   4.5925e-02   1.6469e+01   9.1253e-01   0.0000e+00   0.0000e+00   2.2886e+02
20191203_05:00:00   4.4838e-02   1.6174e+01   8.8620e-01   0.0000e+00   0.0000e+00   2.2870e+02
20191203_06:00:00   4.3536e-02   1.5822e+01   8.5441e-01   0.0000e+00   0.0000e+00   2.2820e+02
20191203_07:00:00   4.2407e-02   1.5522e+01   8.2617e-01   0.0000e+00   5.6980e-06   2.2794e+02
20191203_08:00:00   4.1442e-02   1.5266e+01   8.0149e-01   0.0000e+00   0.0000e+00   2.2790e+02
20191203_09:00:00   4.0306e-02   1.4967e+01   7.7214e-01   0.0000e+00   0.0000e+00   2.2794e+02
20191203_10:00:00   3.8766e-02   1.4567e+01   7.3323e-01   0.0000e+00   0.0000e+00   2.2821e+02
20191203_11:00:00   3.7585e-02   1.4255e+01   7.0370e-01   0.0000e+00   0.0000e+00   2.2795e+02
20191203_12:00:00   3.7125e-02   1.4132e+01   6.9190e-01   0.0000e+00   2.1840e-05   2.2766e+02
20191203_13:00:00   3.7261e-02   1.4164e+01   6.9628e-01   0.0000e+00   4.2200e-05   2.2764e+02
20191203_14:00:00   3.7276e-02   1.4164e+01   6.9747e-01   0.0000e+00   1.1192e-05   2.2813e+02
20191203_15:00:00   3.7006e-02   1.4087e+01   6.9238e-01   0.0000e+00   8.1580e-06   2.2872e+02
20191203_16:00:00   3.7241e-02   1.4144e+01   7.0032e-01   0.0000e+00   8.1580e-06   2.3045e+02
20191203_17:00:00   3.7145e-02   1.4110e+01   7.0078e-01   0.0000e+00   8.1580e-06   2.3035e+02
20191203_18:00:00   3.7922e-02   1.4317e+01   7.2094e-01   0.0000e+00   4.5680e-07   2.2927e+02
20191203_19:00:00   4.1795e-02   1.5365e+01   8.1376e-01   0.0000e+00   0.0000e+00   2.2880e+02
20191203_20:00:00   4.5239e-02   1.6291e+01   8.9454e-01   0.0000e+00   1.0164e-06   2.2911e+02
20191203_21:00:00   4.8536e-02   1.7163e+01   9.7199e-01   0.0000e+00   1.1420e-06   2.2916e+02
20191203_22:00:00   5.1001e-02   1.7813e+01   1.0318e+00   0.0000e+00   4.2260e-07   2.2941e+02
20191203_23:00:00   4.9835e-02   1.7508e+01   1.0051e+00   0.0000e+00   0.0000e+00   2.3012e+02
20191204_00:00:00   4.8597e-02   1.7178e+01   9.7664e-01   0.0000e+00   0.0000e+00   2.3087e+02
20191204_01:00:00   4.9700e-02   1.7473e+01   1.0009e+00   0.0000e+00   0.0000e+00   2.3077e+02
20191204_02:00:00   5.0569e-02   1.7710e+01   1.0185e+00   0.0000e+00   0.0000e+00   2.3075e+02
20191204_03:00:00   5.1270e-02   1.7896e+01   1.0313e+00   0.0000e+00   0.0000e+00   2.3099e+02
20191204_04:00:00   5.0586e-02   1.7716e+01   1.0146e+00   0.0000e+00   0.0000e+00   2.3238e+02
20191204_05:00:00   4.8946e-02   1.7281e+01   9.7430e-01   0.0000e+00   0.0000e+00   2.3371e+02
20191204_06:00:00   4.7607e-02   1.6926e+01   9.4108e-01   0.0000e+00   0.0000e+00   2.3430e+02
20191204_07:00:00   4.5305e-02   1.6318e+01   8.8550e-01   0.0000e+00   0.0000e+00   2.3430e+02
20191204_08:00:00   4.3515e-02   1.5838e+01   8.4275e-01   0.0000e+00   0.0000e+00   2.3402e+02
20191204_09:00:00   4.2114e-02   1.5466e+01   8.0980e-01   0.0000e+00   0.0000e+00   2.3400e+02
20191204_10:00:00   3.9921e-02   1.4876e+01   7.5738e-01   0.0000e+00   0.0000e+00   2.3419e+02
20191204_11:00:00   3.7865e-02   1.4323e+01   7.0703e-01   0.0000e+00   0.0000e+00   2.3413e+02
20191204_12:00:00   3.7004e-02   1.4097e+01   6.8461e-01   0.0000e+00   0.0000e+00   2.3365e+02
20191204_13:00:00   3.6047e-02   1.3841e+01   6.5961e-01   0.0000e+00   0.0000e+00   2.3368e+02
20191204_14:00:00   3.5547e-02   1.3708e+01   6.4749e-01   0.0000e+00   0.0000e+00   2.3389e+02
20191204_15:00:00   3.5375e-02   1.3662e+01   6.4248e-01   0.0000e+00   0.0000e+00   2.3373e+02
20191204_16:00:00   3.5136e-02   1.3599e+01   6.3667e-01   0.0000e+00   0.0000e+00   2.3395e+02
20191204_17:00:00   3.5278e-02   1.3639e+01   6.4005e-01   0.0000e+00   0.0000e+00   2.3474e+02
20191204_18:00:00   4.0560e-02   1.5073e+01   7.6388e-01   0.0000e+00   0.0000e+00   2.3506e+02
20191204_21:00:00   6.0967e-02   2.0436e+01   1.2249e+00   0.0000e+00   1.7136e-05   2.3642e+02
20191205_00:00:00   5.6013e-02   1.9169e+01   1.1163e+00   0.0000e+00   7.5000e-05   2.3453e+02
20191205_03:00:00   4.2972e-02   1.5748e+01   8.1453e-01   0.0000e+00   8.1580e-06   2.3512e+02
20191205_06:00:00   4.1784e-02   1.5420e+01   7.8672e-01   0.0000e+00   1.4574e-04   2.3695e+02
20191205_09:00:00   3.8588e-02   1.4556e+01   7.1024e-01   0.0000e+00   2.3081e-04   2.3656e+02
20191205_12:00:00   3.5784e-02   1.3803e+01   6.4061e-01   0.0000e+00   1.0999e-04   2.3578e+02
20191205_15:00:00   3.6049e-02   1.3899e+01   6.4316e-01   0.0000e+00   2.3580e-06   2.3607e+02
20191205_18:00:00   4.7091e-02   1.6858e+01   9.0605e-01   0.0000e+00   3.5640e-07   2.3529e+02
20191205_21:00:00   9.6166e-02   2.9272e+01   1.8275e+00   3.1830e-03   4.5781e-05   2.3472e+02
20191206_00:00:00   1.1632e-01   3.4117e+01   2.3606e+00   1.7152e-03   8.2315e-05   2.3279e+02
20191206_03:00:00   1.1408e-01   3.3574e+01   2.2354e+00   3.1210e-03   5.5974e-04   2.3346e+02
20191206_06:00:00   7.6771e-02   2.4404e+01   1.5914e+00   1.2290e-04   1.9846e-04   2.3443e+02
20191206_09:00:00   5.9799e-02   2.0055e+01   1.2263e+00   0.0000e+00   9.8716e-05   2.3459e+02
20191206_12:00:00   5.0531e-02   1.7633e+01   1.0127e+00   0.0000e+00   2.0075e-03   2.3338e+02
20191206_15:00:00   4.9460e-02   1.7346e+01   9.9022e-01   0.0000e+00   6.1857e-04   2.3323e+02
20191206_18:00:00   5.4539e-02   1.8678e+01   1.1083e+00   0.0000e+00   8.5449e-05   2.3321e+02
20191206_21:00:00   8.2059e-02   2.5699e+01   1.5799e+00   2.6490e-03   8.3660e-06   2.3168e+02
20191207_00:00:00   8.6197e-02   2.6752e+01   1.7947e+00   3.8560e-04   0.0000e+00   2.3092e+02
20191207_03:00:00   6.4456e-02   2.1263e+01   1.3356e+00   0.0000e+00   0.0000e+00   2.3113e+02
20191207_06:00:00   5.5041e-02   1.8838e+01   1.1207e+00   0.0000e+00   0.0000e+00   2.3237e+02
20191207_09:00:00   5.1775e-02   1.7971e+01   1.0466e+00   0.0000e+00   1.4848e-07   2.3173e+02
20191207_12:00:00   4.9927e-02   1.7459e+01   1.0065e+00   0.0000e+00   2.5020e-06   2.3185e+02
20191207_15:00:00   5.6115e-02   1.9043e+01   1.1684e+00   0.0000e+00   2.9344e-06   2.3227e+02
20191207_18:00:00   5.9298e-02   1.9814e+01   1.2609e+00   0.0000e+00   6.0220e-06   2.3163e+02
20191207_21:00:00   6.5407e-02   2.1340e+01   1.4209e+00   0.0000e+00   4.2260e-07   2.3085e+02
20191208_00:00:00   6.4890e-02   2.1197e+01   1.4167e+00   0.0000e+00   0.0000e+00   2.3146e+02
20191208_03:00:00   6.6005e-02   2.1519e+01   1.4372e+00   0.0000e+00   0.0000e+00   2.3220e+02
20191208_06:00:00   6.8271e-02   2.2063e+01   1.4957e+00   0.0000e+00   0.0000e+00   2.3303e+02
20191208_09:00:00   6.9665e-02   2.2423e+01   1.5239e+00   0.0000e+00   0.0000e+00   2.3297e+02
20191208_12:00:00   7.2227e-02   2.3084e+01   1.5785e+00   0.0000e+00   0.0000e+00   2.3137e+02
20191208_15:00:00   7.3768e-02   2.3510e+01   1.6054e+00   0.0000e+00   0.0000e+00   2.3339e+02
20191208_18:00:00   7.4009e-02   2.3614e+01   1.5999e+00   0.0000e+00   0.0000e+00   2.3544e+02
20191208_21:00:00   8.0351e-02   2.5244e+01   1.7270e+00   0.0000e+00   0.0000e+00   2.3410e+02
20191209_00:00:00   7.1144e-02   2.2965e+01   1.5101e+00   0.0000e+00   0.0000e+00   2.3389e+02
20191209_03:00:00   6.5040e-02   2.1418e+01   1.3632e+00   0.0000e+00   0.0000e+00   2.3345e+02
20191209_06:00:00   6.2695e-02   2.0778e+01   1.3174e+00   0.0000e+00   0.0000e+00   2.3503e+02
20191209_09:00:00   5.7193e-02   1.9347e+01   1.1807e+00   0.0000e+00   0.0000e+00   2.3480e+02
20191209_12:00:00   4.6270e-02   1.6496e+01   9.1500e-01   0.0000e+00   0.0000e+00   2.3389e+02
20191209_15:00:00   4.4977e-02   1.6078e+01   9.0371e-01   0.0000e+00   0.0000e+00   2.3437e+02
20191209_18:00:00   5.8375e-02   1.9485e+01   1.2539e+00   0.0000e+00   0.0000e+00   2.3480e+02
20191209_21:00:00   7.3205e-02   2.3231e+01   1.6219e+00   0.0000e+00   0.0000e+00   2.3455e+02
20191210_00:00:00   8.8512e-02   2.7014e+01   2.0063e+00   0.0000e+00   0.0000e+00   2.3293e+02
20191210_03:00:00   8.9417e-02   2.7180e+01   2.0312e+00   0.0000e+00   1.8964e-05   2.3436e+02
20191210_06:00:00   1.0900e-01   3.1877e+01   2.5068e+00   0.0000e+00   0.0000e+00   2.3452e+02
20191210_09:00:00   6.9156e-02   2.2026e+01   1.5495e+00   0.0000e+00   2.2083e-04   2.3372e+02
20191210_12:00:00   5.3176e-02   1.8112e+01   1.1086e+00   0.0000e+00   3.4019e-05   2.3187e+02
20191210_15:00:00   8.4773e-02   2.6065e+01   1.8766e+00   0.0000e+00   3.5180e-06   2.3239e+02
20191210_18:00:00   6.9783e-02   2.2358e+01   1.4815e+00   2.4590e-04   4.7756e-04   2.3412e+02
20191210_21:00:00   1.4389e-01   4.0353e+01   1.6457e+00   2.7900e-02   2.7188e-03   2.3242e+02
20191211_00:00:00   5.6273e-02   1.8920e+01   1.1658e+00   2.4570e-04   2.0383e-03   2.3109e+02
20191211_03:00:00   5.3354e-02   1.8231e+01   1.0582e+00   5.9670e-04   0.0000e+00   2.3218e+02
20191211_06:00:00   5.0167e-02   1.7516e+01   9.7185e-01   2.1610e-04   1.5720e-07   2.3364e+02
20191211_09:00:00   4.2657e-02   1.5580e+01   7.9524e-01   0.0000e+00   0.0000e+00   2.3605e+02
20191211_12:00:00   3.8805e-02   1.4584e+01   6.9098e-01   0.0000e+00   0.0000e+00   2.3428e+02
20191211_15:00:00   3.8829e-02   1.4626e+01   6.7940e-01   0.0000e+00   0.0000e+00   2.3432e+02
20191211_18:00:00   3.7157e-02   1.4176e+01   6.3891e-01   0.0000e+00   0.0000e+00   2.3454e+02
20191211_21:00:00   3.9013e-02   1.4644e+01   6.8638e-01   0.0000e+00   0.0000e+00   2.3226e+02
20191212_00:00:00   3.4324e-02   1.3344e+01   5.8941e-01   0.0000e+00   0.0000e+00   2.3056e+02
20191212_03:00:00   3.9036e-02   1.4572e+01   7.1175e-01   0.0000e+00   0.0000e+00   2.3021e+02
20191212_06:00:00   5.2941e-02   1.8076e+01   1.0826e+00   0.0000e+00   0.0000e+00   2.3002e+02
20191212_09:00:00   6.9738e-02   2.2305e+01   1.4929e+00   0.0000e+00   0.0000e+00   2.3232e+02
20191212_12:00:00   6.3229e-02   2.0681e+01   1.3372e+00   0.0000e+00   0.0000e+00   2.2949e+02
20191212_15:00:00   9.1634e-02   2.7623e+01   2.0314e+00   0.0000e+00   0.0000e+00   2.3247e+02
20191212_18:00:00   1.2425e-01   3.5331e+01   2.7861e+00   0.0000e+00   0.0000e+00   2.3486e+02
20191212_21:00:00   1.3452e-01   3.7665e+01   3.0096e+00   6.8560e-06   0.0000e+00   2.3600e+02
20191213_00:00:00   1.3364e-01   3.7408e+01   3.0149e+00   0.0000e+00   0.0000e+00   2.3546e+02
20191213_03:00:00   1.4648e-01   4.0247e+01   3.3156e+00   0.0000e+00   0.0000e+00   2.3437e+02
20191213_06:00:00   1.6258e-01   4.3931e+01   3.6202e+00   0.0000e+00   0.0000e+00   2.3717e+02
20191213_09:00:00   1.4479e-01   4.0131e+01   3.0895e+00   0.0000e+00   0.0000e+00   2.3703e+02
20191213_12:00:00   1.0667e-01   3.1395e+01   2.2196e+00   0.0000e+00   0.0000e+00   2.3647e+02
20191213_15:00:00   8.0810e-02   2.5214e+01   1.6384e+00   0.0000e+00   0.0000e+00   2.3494e+02
20191213_18:00:00   6.4466e-02   2.1162e+01   1.2757e+00   0.0000e+00   0.0000e+00   2.3447e+02
20191213_21:00:00   6.6913e-02   2.1791e+01   1.2979e+00   5.1270e-04   5.5500e-07   2.3541e+02
20191214_00:00:00   6.3300e-02   2.0929e+01   1.2571e+00   0.0000e+00   0.0000e+00   2.3411e+02
20191214_03:00:00   4.6676e-02   1.6640e+01   8.8438e-01   0.0000e+00   0.0000e+00   2.3451e+02
20191214_06:00:00   3.6619e-02   1.3976e+01   6.4242e-01   0.0000e+00   0.0000e+00   2.3688e+02
20191214_09:00:00   3.6698e-02   1.3988e+01   6.4626e-01   0.0000e+00   0.0000e+00   2.3525e+02
20191214_12:00:00   3.0352e-02   1.2277e+01   4.8541e-01   0.0000e+00   0.0000e+00   2.3480e+02
20191214_15:00:00   2.5717e-02   1.1028e+01   3.6018e-01   0.0000e+00   0.0000e+00   2.3781e+02
20191214_18:00:00   2.6468e-02   1.1242e+01   3.7665e-01   0.0000e+00   0.0000e+00   2.3963e+02
20191214_21:00:00   4.9266e-02   1.7358e+01   9.1492e-01   0.0000e+00   0.0000e+00   2.3797e+02
20191215_00:00:00   5.1677e-02   1.7971e+01   9.8306e-01   0.0000e+00   0.0000e+00   2.3593e+02
20191215_03:00:00   4.3927e-02   1.5900e+01   8.1373e-01   0.0000e+00   0.0000e+00   2.3619e+02
20191215_06:00:00   4.3017e-02   1.5635e+01   7.9513e-01   0.0000e+00   0.0000e+00   2.3748e+02
20191215_09:00:00   4.1486e-02   1.5233e+01   7.5540e-01   0.0000e+00   0.0000e+00   2.3773e+02
20191215_12:00:00   4.1677e-02   1.5283e+01   7.5985e-01   0.0000e+00   0.0000e+00   2.3610e+02
20191215_15:00:00   4.2341e-02   1.5462e+01   7.7544e-01   0.0000e+00   0.0000e+00   2.3764e+02
20191215_18:00:00   4.3990e-02   1.5882e+01   8.1729e-01   0.0000e+00   0.0000e+00   2.4090e+02
