#            date       tau225        Tb[K]      pwv[mm] lwp[kg*m^-2] iwp[kg*m^-2]       o3[DU]
20191105_12:00:00   2.3531e-01   6.0116e+01   5.2333e+00   0.0000e+00   0.0000e+00   2.4406e+02
20191105_13:00:00   2.3874e-01   6.0860e+01   5.2745e+00   0.0000e+00   0.0000e+00   2.4503e+02
20191105_14:00:00   2.3014e-01   5.9095e+01   5.0898e+00   0.0000e+00   0.0000e+00   2.4550e+02
20191105_15:00:00   2.2483e-01   5.8003e+01   4.9911e+00   0.0000e+00   0.0000e+00   2.4351e+02
20191105_16:00:00   2.2012e-01   5.7015e+01   4.9184e+00   0.0000e+00   0.0000e+00   2.4318e+02
20191105_17:00:00   2.2002e-01   5.6939e+01   4.9595e+00   0.0000e+00   0.0000e+00   2.4322e+02
20191105_18:00:00   2.1979e-01   5.6864e+01   4.9829e+00   0.0000e+00   0.0000e+00   2.4206e+02
20191105_19:00:00   2.3084e-01   5.9154e+01   5.2227e+00   3.5170e-04   0.0000e+00   2.4130e+02
20191105_20:00:00   2.4721e-01   6.2536e+01   5.6033e+00   1.3010e-04   0.0000e+00   2.4077e+02
20191105_21:00:00   2.7299e-01   6.7750e+01   6.1731e+00   0.0000e+00   0.0000e+00   2.4125e+02
20191105_22:00:00   3.0418e-01   7.3928e+01   6.7663e+00   8.1570e-04   0.0000e+00   2.4182e+02
20191105_23:00:00   3.2893e-01   7.8659e+01   7.2992e+00   2.1560e-04   0.0000e+00   2.4018e+02
20191106_00:00:00   3.4544e-01   8.1720e+01   7.6504e+00   0.0000e+00   0.0000e+00   2.3945e+02
20191106_01:00:00   3.5332e-01   8.3100e+01   7.8594e+00   0.0000e+00   4.2740e-05   2.3937e+02
20191106_02:00:00   3.6284e-01   8.4828e+01   8.0104e+00   1.5510e-03   0.0000e+00   2.3971e+02
20191106_03:00:00   3.7046e-01   8.6202e+01   8.1800e+00   1.5850e-03   5.7319e-05   2.4041e+02
20191106_04:00:00   3.7349e-01   8.6747e+01   8.2196e+00   2.7230e-03   2.3400e-06   2.4083e+02
20191106_05:00:00   3.8665e-01   8.9151e+01   8.2752e+00   7.8280e-03   2.0020e-06   2.4087e+02
20191106_06:00:00   3.7376e-01   8.6759e+01   8.2620e+00   3.4050e-03   0.0000e+00   2.4187e+02
20191106_07:00:00   3.6132e-01   8.4440e+01   8.1882e+00   0.0000e+00   2.8500e-05   2.4358e+02
20191106_08:00:00   3.5362e-01   8.3035e+01   8.0387e+00   0.0000e+00   0.0000e+00   2.4411e+02
20191106_09:00:00   3.4248e-01   8.0997e+01   7.8153e+00   0.0000e+00   0.0000e+00   2.4321e+02
20191106_10:00:00   3.3385e-01   7.9380e+01   7.6397e+00   0.0000e+00   0.0000e+00   2.4247e+02
20191106_11:00:00   3.2413e-01   7.7584e+01   7.4184e+00   0.0000e+00   0.0000e+00   2.4229e+02
20191106_12:00:00   3.0711e-01   7.4374e+01   7.0576e+00   0.0000e+00   0.0000e+00   2.4200e+02
20191106_13:00:00   2.8655e-01   7.0361e+01   6.6135e+00   0.0000e+00   0.0000e+00   2.4181e+02
20191106_14:00:00   2.6146e-01   6.5337e+01   6.0682e+00   0.0000e+00   0.0000e+00   2.4173e+02
20191106_15:00:00   2.3493e-01   5.9850e+01   5.4990e+00   0.0000e+00   0.0000e+00   2.4086e+02
20191106_16:00:00   2.2718e-01   5.8227e+01   5.3307e+00   0.0000e+00   0.0000e+00   2.4142e+02
20191106_17:00:00   2.0564e-01   5.3595e+01   4.8722e+00   0.0000e+00   0.0000e+00   2.4247e+02
20191106_18:00:00   1.9873e-01   5.2094e+01   4.7242e+00   0.0000e+00   0.0000e+00   2.4336e+02
20191106_19:00:00   2.1359e-01   5.5367e+01   5.0042e+00   5.3250e-04   0.0000e+00   2.4385e+02
20191106_20:00:00   2.2078e-01   5.6944e+01   5.1401e+00   6.5550e-04   0.0000e+00   2.4415e+02
20191106_21:00:00   2.2850e-01   5.8622e+01   5.1110e+00   4.1960e-03   0.0000e+00   2.4492e+02
20191106_22:00:00   2.2930e-01   5.8783e+01   5.3220e+00   4.3160e-04   0.0000e+00   2.4536e+02
20191106_23:00:00   2.5676e-01   6.4484e+01   5.9498e+00   0.0000e+00   0.0000e+00   2.4511e+02
20191107_00:00:00   2.4755e-01   6.2630e+01   5.7399e+00   0.0000e+00   0.0000e+00   2.4463e+02
20191107_01:00:00   2.1264e-01   5.5280e+01   4.9837e+00   0.0000e+00   4.0040e-06   2.4247e+02
20191107_02:00:00   1.8766e-01   4.9882e+01   4.4332e+00   0.0000e+00   1.2128e-05   2.4315e+02
20191107_03:00:00   1.6279e-01   4.4387e+01   3.8671e+00   0.0000e+00   7.7000e-06   2.4426e+02
20191107_04:00:00   1.3748e-01   3.8600e+01   3.2776e+00   0.0000e+00   0.0000e+00   2.4344e+02
20191107_05:00:00   1.2369e-01   3.5362e+01   2.9554e+00   0.0000e+00   0.0000e+00   2.4148e+02
20191107_06:00:00   1.1547e-01   3.3401e+01   2.7612e+00   0.0000e+00   0.0000e+00   2.4032e+02
20191107_07:00:00   1.0579e-01   3.1090e+01   2.5246e+00   0.0000e+00   0.0000e+00   2.3948e+02
20191107_08:00:00   9.7833e-02   2.9165e+01   2.3295e+00   0.0000e+00   7.1240e-06   2.3893e+02
20191107_09:00:00   9.3331e-02   2.8063e+01   2.2187e+00   0.0000e+00   5.6980e-06   2.3992e+02
20191107_10:00:00   9.3743e-02   2.8196e+01   2.2151e+00   0.0000e+00   0.0000e+00   2.4066e+02
20191107_11:00:00   1.0730e-01   3.1518e+01   2.5295e+00   0.0000e+00   0.0000e+00   2.4104e+02
20191107_12:00:00   1.1669e-01   3.3756e+01   2.7507e+00   0.0000e+00   0.0000e+00   2.4048e+02
20191107_13:00:00   1.0557e-01   3.1108e+01   2.4721e+00   0.0000e+00   0.0000e+00   2.4023e+02
20191107_14:00:00   1.0157e-01   3.0172e+01   2.3710e+00   0.0000e+00   0.0000e+00   2.4065e+02
20191107_15:00:00   1.3207e-01   3.7469e+01   3.0905e+00   0.0000e+00   0.0000e+00   2.4161e+02
20191107_16:00:00   1.5135e-01   4.1922e+01   3.5380e+00   0.0000e+00   0.0000e+00   2.4249e+02
20191107_17:00:00   1.5557e-01   4.2897e+01   3.6347e+00   0.0000e+00   0.0000e+00   2.4088e+02
20191107_18:00:00   1.8095e-01   4.8600e+01   4.1917e+00   0.0000e+00   0.0000e+00   2.4045e+02
20191107_19:00:00   2.0946e-01   5.4875e+01   4.7096e+00   1.7650e-03   0.0000e+00   2.4031e+02
20191107_20:00:00   2.2778e-01   5.8784e+01   4.9535e+00   5.0990e-03   0.0000e+00   2.4116e+02
20191107_21:00:00   2.2029e-01   5.7152e+01   4.6379e+00   8.6690e-03   0.0000e+00   2.4171e+02
20191107_22:00:00   1.6136e-01   4.4164e+01   3.7493e+00   4.3640e-04   3.5520e-06   2.4134e+02
20191107_23:00:00   1.2352e-01   3.5385e+01   2.9064e+00   0.0000e+00   1.5624e-04   2.3986e+02
20191108_00:00:00   1.0739e-01   3.1512e+01   2.5326e+00   0.0000e+00   1.3075e-03   2.3855e+02
20191108_01:00:00   9.3642e-02   2.8158e+01   2.2012e+00   0.0000e+00   4.8479e-03   2.3872e+02
20191108_02:00:00   8.7013e-02   2.6472e+01   2.0598e+00   0.0000e+00   8.4209e-03   2.4044e+02
20191108_03:00:00   8.9420e-02   2.7041e+01   2.1324e+00   0.0000e+00   9.1239e-03   2.4272e+02
20191108_04:00:00   9.1049e-02   2.7444e+01   2.1748e+00   0.0000e+00   5.5406e-03   2.4352e+02
20191108_05:00:00   9.1382e-02   2.7541e+01   2.1767e+00   0.0000e+00   2.6963e-03   2.4454e+02
20191108_06:00:00   9.1422e-02   2.7565e+01   2.1745e+00   0.0000e+00   1.2464e-03   2.4513e+02
20191108_07:00:00   9.1634e-02   2.7620e+01   2.1762e+00   0.0000e+00   1.0626e-03   2.4545e+02
20191108_08:00:00   9.0734e-02   2.7416e+01   2.1474e+00   0.0000e+00   2.5469e-03   2.4510e+02
20191108_09:00:00   8.9951e-02   2.7236e+01   2.1210e+00   0.0000e+00   3.3223e-03   2.4535e+02
20191108_10:00:00   8.9896e-02   2.7219e+01   2.1172e+00   0.0000e+00   3.4186e-03   2.4604e+02
20191108_11:00:00   8.9827e-02   2.7207e+01   2.1110e+00   0.0000e+00   1.9087e-03   2.4609e+02
20191108_12:00:00   9.1719e-02   2.7680e+01   2.1518e+00   0.0000e+00   9.8600e-04   2.4503e+02
20191108_13:00:00   9.2728e-02   2.7974e+01   2.1620e+00   0.0000e+00   3.2088e-04   2.4301e+02
20191108_14:00:00   9.2715e-02   2.8010e+01   2.1514e+00   0.0000e+00   1.7260e-04   2.4234e+02
20191108_15:00:00   9.3071e-02   2.8104e+01   2.1569e+00   0.0000e+00   2.9421e-04   2.4262e+02
20191108_16:00:00   9.4720e-02   2.8502e+01   2.2014e+00   0.0000e+00   7.9083e-04   2.4319e+02
20191108_17:00:00   9.8040e-02   2.9295e+01   2.2841e+00   0.0000e+00   9.2030e-04   2.4275e+02
20191108_18:00:00   1.0839e-01   3.1805e+01   2.5204e+00   0.0000e+00   5.4000e-04   2.4299e+02
20191108_19:00:00   1.2548e-01   3.5899e+01   2.9028e+00   0.0000e+00   3.2321e-04   2.4326e+02
20191108_20:00:00   1.4356e-01   4.0126e+01   3.2890e+00   2.6100e-04   6.5231e-04   2.4338e+02
20191108_21:00:00   1.7484e-01   4.7303e+01   3.7050e+00   5.3230e-03   1.2980e-03   2.4388e+02
20191108_22:00:00   1.9729e-01   5.2299e+01   4.1622e+00   5.8140e-03   1.4662e-03   2.4415e+02
20191108_23:00:00   1.9372e-01   5.1498e+01   4.3565e+00   9.8850e-04   1.2040e-03   2.4407e+02
20191109_00:00:00   2.0697e-01   5.4364e+01   4.7100e+00   0.0000e+00   2.8500e-05   2.4423e+02
20191109_01:00:00   2.3234e-01   5.9731e+01   5.2626e+00   0.0000e+00   0.0000e+00   2.4438e+02
20191109_02:00:00   2.5406e-01   6.4230e+01   5.7131e+00   0.0000e+00   0.0000e+00   2.4377e+02
20191109_03:00:00   2.6329e-01   6.6126e+01   5.8801e+00   0.0000e+00   4.2260e-07   2.4200e+02
20191109_04:00:00   2.6334e-01   6.6125e+01   5.8821e+00   0.0000e+00   0.0000e+00   2.4077e+02
20191109_05:00:00   2.7279e-01   6.8016e+01   6.0909e+00   0.0000e+00   0.0000e+00   2.4092e+02
20191109_06:00:00   2.7955e-01   6.9322e+01   6.2159e+00   0.0000e+00   0.0000e+00   2.4164e+02
20191109_07:00:00   2.7618e-01   6.8631e+01   6.1544e+00   0.0000e+00   0.0000e+00   2.4162e+02
20191109_08:00:00   2.8237e-01   6.9820e+01   6.2729e+00   0.0000e+00   5.3960e-06   2.4145e+02
20191109_09:00:00   2.7878e-01   6.9100e+01   6.1915e+00   0.0000e+00   6.2333e-05   2.4172e+02
20191109_10:00:00   2.6609e-01   6.6599e+01   5.9274e+00   0.0000e+00   1.2931e-04   2.4147e+02
20191109_11:00:00   2.4519e-01   6.2368e+01   5.5100e+00   0.0000e+00   1.4558e-04   2.4148e+02
20191109_12:00:00   2.2985e-01   5.9157e+01   5.1885e+00   0.0000e+00   6.4399e-05   2.4082e+02
20191109_13:00:00   2.1206e-01   5.5406e+01   4.7938e+00   0.0000e+00   1.0048e-05   2.4011e+02
20191109_14:00:00   2.1047e-01   5.5143e+01   4.6178e+00   2.3750e-03   5.0060e-06   2.4031e+02
20191109_15:00:00   2.1018e-01   5.5091e+01   4.5977e+00   2.5520e-03   0.0000e+00   2.3994e+02
20191109_16:00:00   2.0590e-01   5.4170e+01   4.6251e+00   1.2640e-04   0.0000e+00   2.3958e+02
20191109_17:00:00   2.1236e-01   5.5564e+01   4.7663e+00   0.0000e+00   0.0000e+00   2.3954e+02
20191109_18:00:00   2.1729e-01   5.6593e+01   4.8649e+00   8.8080e-05   1.4848e-07   2.4017e+02
20191109_19:00:00   2.2579e-01   5.8408e+01   4.9722e+00   1.5260e-03   1.9204e-05   2.4088e+02
20191109_20:00:00   2.3627e-01   6.0619e+01   5.0599e+00   4.2360e-03   1.5918e-04   2.4152e+02
20191109_21:00:00   2.3714e-01   6.0806e+01   5.0453e+00   4.9250e-03   1.2368e-04   2.4195e+02
20191109_22:00:00   2.3783e-01   6.0960e+01   5.0446e+00   5.3090e-03   1.1795e-05   2.4125e+02
20191109_23:00:00   2.3569e-01   6.0512e+01   4.9596e+00   6.0070e-03   1.5646e-06   2.3976e+02
20191110_00:00:00   2.2582e-01   5.8437e+01   4.8515e+00   4.0310e-03   1.6743e-05   2.3934e+02
20191110_01:00:00   2.1352e-01   5.5768e+01   4.7605e+00   8.2830e-04   2.0280e-04   2.3971e+02
20191110_02:00:00   1.9837e-01   5.2450e+01   4.4955e+00   0.0000e+00   7.2850e-04   2.4070e+02
20191110_03:00:00   1.8703e-01   4.9906e+01   4.2662e+00   0.0000e+00   8.4450e-04   2.4134e+02
20191110_04:00:00   1.7858e-01   4.7992e+01   4.0993e+00   0.0000e+00   1.0421e-03   2.4134e+02
20191110_05:00:00   1.7424e-01   4.6993e+01   4.0097e+00   0.0000e+00   1.6578e-03   2.4099e+02
20191110_06:00:00   1.6848e-01   4.5675e+01   3.8817e+00   0.0000e+00   2.5833e-03   2.4087e+02
20191110_07:00:00   1.5746e-01   4.3166e+01   3.6414e+00   0.0000e+00   3.4014e-03   2.4043e+02
20191110_08:00:00   1.4767e-01   4.0909e+01   3.4267e+00   0.0000e+00   3.9480e-03   2.3938e+02
20191110_09:00:00   1.4131e-01   3.9446e+01   3.2761e+00   0.0000e+00   4.0994e-03   2.3880e+02
20191110_10:00:00   1.3732e-01   3.8546e+01   3.1758e+00   0.0000e+00   4.4123e-03   2.3906e+02
20191110_11:00:00   1.3563e-01   3.8180e+01   3.1308e+00   0.0000e+00   4.6418e-03   2.3872e+02
20191110_12:00:00   1.3515e-01   3.8069e+01   3.1214e+00   0.0000e+00   3.4199e-03   2.3832e+02
20191110_15:00:00   1.3102e-01   3.7098e+01   3.0234e+00   0.0000e+00   2.4653e-03   2.3952e+02
20191110_18:00:00   1.3722e-01   3.8547e+01   3.1560e+00   0.0000e+00   1.1372e-02   2.4129e+02
20191110_21:00:00   1.8314e-01   4.9102e+01   3.5572e+00   1.1150e-02   4.2681e-03   2.3975e+02
20191111_00:00:00   1.5142e-01   4.1817e+01   3.4954e+00   0.0000e+00   5.5797e-03   2.3786e+02
20191111_03:00:00   1.4725e-01   4.0921e+01   3.3678e+00   0.0000e+00   7.6981e-04   2.3773e+02
20191111_06:00:00   1.3904e-01   3.9066e+01   3.1462e+00   0.0000e+00   7.8200e-06   2.3949e+02
20191111_09:00:00   1.4342e-01   3.9998e+01   3.2739e+00   0.0000e+00   1.3352e-04   2.4014e+02
20191111_12:00:00   1.6262e-01   4.4244e+01   3.7720e+00   0.0000e+00   5.0820e-05   2.4170e+02
20191111_15:00:00   1.8532e-01   4.9290e+01   4.3001e+00   0.0000e+00   1.6431e-04   2.4094e+02
20191111_18:00:00   2.2387e-01   5.7697e+01   4.8893e+00   4.0720e-03   2.4460e-03   2.4152e+02
20191111_21:00:00   3.4686e-01   8.2339e+01   5.5842e+00   4.2508e-02   1.4075e-02   2.3794e+02
20191112_00:00:00   2.5344e-01   6.3573e+01   5.6396e+00   4.6570e-03   6.7221e-03   2.3863e+02
20191112_03:00:00   2.3726e-01   6.0129e+01   5.5545e+00   0.0000e+00   1.8249e-02   2.4041e+02
20191112_06:00:00   2.5252e-01   6.2952e+01   6.0272e+00   0.0000e+00   1.0534e-02   2.4123e+02
20191112_09:00:00   3.0356e-01   7.3029e+01   7.1186e+00   0.0000e+00   7.9010e-04   2.4172e+02
20191112_12:00:00   3.3154e-01   7.8360e+01   7.6848e+00   0.0000e+00   3.0394e-03   2.4097e+02
20191112_15:00:00   3.1539e-01   7.5473e+01   7.2859e+00   0.0000e+00   2.4284e-04   2.4239e+02
20191112_18:00:00   2.8705e-01   7.0065e+01   6.6655e+00   0.0000e+00   3.0979e-04   2.4329e+02
20191112_21:00:00   2.6377e-01   6.5355e+01   6.2215e+00   0.0000e+00   6.4200e-04   2.3846e+02
20191113_00:00:00   2.7518e-01   6.7395e+01   6.6074e+00   0.0000e+00   8.9766e-04   2.3751e+02
20191113_03:00:00   2.9173e-01   7.0744e+01   6.9231e+00   0.0000e+00   3.5898e-03   2.3659e+02
20191113_06:00:00   3.5722e-01   8.2849e+01   8.3410e+00   0.0000e+00   8.1379e-02   2.3861e+02
20191113_09:00:00   3.7156e-01   8.5562e+01   8.5883e+00   0.0000e+00   6.6883e-03   2.3891e+02
20191113_12:00:00   3.7067e-01   8.5599e+01   8.4822e+00   0.0000e+00   6.3569e-03   2.3631e+02
20191113_15:00:00   3.4693e-01   8.1574e+01   7.8168e+00   0.0000e+00   3.7187e-03   2.3699e+02
20191113_18:00:00   3.4494e-01   8.1327e+01   7.3862e+00   8.8970e-03   4.1661e-03   2.3813e+02
20191113_21:00:00   6.4657e-01   1.3090e+02   7.2236e+00   1.3778e-01   6.2965e-03   2.3515e+02
20191114_00:00:00   2.9566e-01   7.1797e+01   6.8077e+00   8.2140e-04   5.6785e-03   2.3276e+02
20191114_03:00:00   3.7317e-01   8.6251e+01   7.7107e+00   1.7620e-02   5.6381e-02   2.3538e+02
20191114_06:00:00   4.4039e-01   9.7808e+01   8.6388e+00   2.7618e-02   5.9953e-02   2.3521e+02
20191114_09:00:00   4.3255e-01   9.6725e+01   7.9985e+00   3.5740e-02   5.2702e-03   2.3327e+02
20191114_12:00:00   3.3665e-01   7.9255e+01   7.7996e+00   6.9540e-06   7.5399e-04   2.3300e+02
20191114_15:00:00   3.3835e-01   7.9636e+01   7.9229e+00   0.0000e+00   3.6958e-03   2.3383e+02
20191114_18:00:00   3.2492e-01   7.7187e+01   7.6376e+00   0.0000e+00   2.6610e-04   2.3445e+02
20191114_21:00:00   3.2369e-01   7.7076e+01   7.5875e+00   0.0000e+00   5.3873e-03   2.3433e+02
20191115_00:00:00   3.2413e-01   7.7082e+01   7.6679e+00   0.0000e+00   4.4909e-02   2.3401e+02
20191115_03:00:00   3.0239e-01   7.2870e+01   7.2222e+00   0.0000e+00   1.1005e-02   2.3525e+02
20191115_06:00:00   2.5607e-01   6.3579e+01   6.1584e+00   0.0000e+00   4.3851e-03   2.3529e+02
20191115_09:00:00   2.2321e-01   5.6897e+01   5.3507e+00   0.0000e+00   1.2219e-04   2.3394e+02
20191115_12:00:00   1.9987e-01   5.2135e+01   4.7712e+00   0.0000e+00   0.0000e+00   2.3394e+02
20191115_15:00:00   2.0185e-01   5.2673e+01   4.7870e+00   0.0000e+00   0.0000e+00   2.3373e+02
20191115_18:00:00   2.2253e-01   5.7126e+01   5.1914e+00   0.0000e+00   8.6544e-05   2.3441e+02
20191115_21:00:00   2.2992e-01   5.8726e+01   5.2970e+00   1.1370e-03   7.5100e-05   2.3373e+02
20191116_00:00:00   2.1947e-01   5.6519e+01   5.1322e+00   0.0000e+00   0.0000e+00   2.3318e+02
20191116_03:00:00   2.3718e-01   5.9995e+01   5.6003e+00   0.0000e+00   0.0000e+00   2.3385e+02
20191116_06:00:00   2.1594e-01   5.5598e+01   5.0839e+00   0.0000e+00   0.0000e+00   2.3345e+02
20191116_09:00:00   2.2653e-01   5.7919e+01   5.2879e+00   0.0000e+00   0.0000e+00   2.3282e+02
20191116_12:00:00   2.3790e-01   6.0426e+01   5.5040e+00   0.0000e+00   0.0000e+00   2.3327e+02
20191116_15:00:00   2.3438e-01   5.9740e+01   5.4397e+00   0.0000e+00   0.0000e+00   2.3495e+02
20191116_18:00:00   2.2235e-01   5.7221e+01   5.1610e+00   2.1510e-04   0.0000e+00   2.3588e+02
20191116_21:00:00   2.2972e-01   5.8778e+01   5.3146e+00   0.0000e+00   0.0000e+00   2.3668e+02
20191117_00:00:00   2.3365e-01   5.9554e+01   5.4109e+00   0.0000e+00   0.0000e+00   2.3352e+02
20191117_03:00:00   2.4533e-01   6.1909e+01   5.6629e+00   0.0000e+00   1.1576e-05   2.3445e+02
20191117_06:00:00   2.4914e-01   6.2475e+01   5.8322e+00   0.0000e+00   2.9468e-04   2.3754e+02
20191117_09:00:00   2.9597e-01   7.1534e+01   7.0523e+00   0.0000e+00   9.4358e-04   2.3624e+02
20191117_12:00:00   3.3389e-01   7.8949e+01   7.7855e+00   0.0000e+00   6.3351e-04   2.3674e+02
20191117_15:00:00   3.4703e-01   8.1664e+01   7.8843e+00   0.0000e+00   5.8194e-04   2.3838e+02
20191117_18:00:00   3.4371e-01   8.1319e+01   7.5952e+00   2.3840e-03   3.6755e-04   2.3819e+02
20191117_21:00:00   3.4958e-01   8.2328e+01   7.8055e+00   4.8040e-04   5.3231e-03   2.3564e+02
20191118_00:00:00   3.5478e-01   8.3088e+01   8.0227e+00   0.0000e+00   2.8784e-03   2.3503e+02
20191118_03:00:00   3.8259e-01   8.7992e+01   8.6342e+00   0.0000e+00   8.8542e-03   2.3682e+02
20191118_06:00:00   3.9790e-01   9.0548e+01   8.8793e+00   2.5681e-03   6.0705e-03   2.3825e+02
20191118_09:00:00   3.8876e-01   8.8814e+01   8.9113e+00   0.0000e+00   4.7217e-02   2.3727e+02
20191118_12:00:00   3.7170e-01   8.5981e+01   8.4820e+00   0.0000e+00   7.0335e-03   2.3802e+02
20191118_15:00:00   3.3924e-01   8.0283e+01   7.7367e+00   0.0000e+00   5.2893e-03   2.3899e+02
20191118_18:00:00   3.4011e-01   8.0480e+01   7.7355e+00   0.0000e+00   2.9845e-03   2.4032e+02
20191118_21:00:00   3.5906e-01   8.3866e+01   8.1305e+00   7.1840e-04   2.1646e-03   2.3796e+02
20191119_00:00:00   3.8347e-01   8.8093e+01   8.7566e+00   0.0000e+00   1.4569e-02   2.3501e+02
20191119_03:00:00   4.0237e-01   9.1097e+01   9.2017e+00   0.0000e+00   1.4499e-01   2.3606e+02
20191119_06:00:00   4.0417e-01   9.1325e+01   9.2401e+00   0.0000e+00   2.3240e-01   2.3846e+02
20191119_09:00:00   4.2451e-01   9.5024e+01   9.5897e+00   0.0000e+00   2.4196e-01   2.3895e+02
20191119_12:00:00   3.7982e-01   8.7390e+01   8.6760e+00   0.0000e+00   4.6766e-02   2.3685e+02
20191119_15:00:00   3.3886e-01   8.0030e+01   7.8242e+00   0.0000e+00   1.8256e-02   2.3665e+02
20191119_18:00:00   2.9441e-01   7.1298e+01   6.8936e+00   0.0000e+00   9.4726e-02   2.3712e+02
20191119_21:00:00   3.7953e-01   8.7047e+01   8.7467e+00   0.0000e+00   2.1319e-01   2.3306e+02
20191120_00:00:00   4.7862e-01   1.0410e+02   9.8691e+00   1.4916e-02   3.8817e-01   2.3164e+02
20191120_03:00:00   8.4276e-01   1.5511e+02   1.0245e+01   1.5759e-01   4.2727e-01   2.3168e+02
20191120_06:00:00   1.2582e+00   1.9468e+02   1.0116e+01   3.3412e-01   3.1099e-01   2.3123e+02
20191120_09:00:00   7.3262e-01   1.4149e+02   9.9624e+00   1.1999e-01   1.9023e-01   2.3087e+02
20191120_12:00:00   4.4134e-01   9.7962e+01   9.7188e+00   4.3563e-03   4.1529e-02   2.3008e+02
20191120_15:00:00   3.9719e-01   9.0205e+01   8.9141e+00   4.2940e-03   2.7515e-02   2.3230e+02
20191120_18:00:00   3.8468e-01   8.7970e+01   8.7375e+00   1.4790e-04   1.3432e-01   2.3360e+02
20191120_21:00:00   3.9803e-01   9.0783e+01   8.8581e+00   9.1936e-04   1.6512e-02   2.3242e+02
20191121_00:00:00   3.8943e-01   8.9368e+01   8.6326e+00   7.9550e-04   4.5944e-03   2.3318e+02
20191121_03:00:00   5.7392e-01   1.1966e+02   9.4436e+00   6.2136e-02   2.8586e-02   2.3357e+02
20191121_06:00:00   5.9011e-01   1.2223e+02   8.8313e+00   8.0200e-02   1.7513e-02   2.3281e+02
20191121_09:00:00   4.5115e-01   1.0030e+02   8.3502e+00   3.0903e-02   6.4730e-03   2.3552e+02
20191121_12:00:00   8.2015e-01   1.5267e+02   8.3137e+00   1.8627e-01   1.1704e-02   2.3535e+02
