#            date       tau225        Tb[K]      pwv[mm] lwp[kg*m^-2] iwp[kg*m^-2]       o3[DU]
20191126_00:00:00   1.7170e-01   4.6586e+01   3.9084e+00   0.0000e+00   4.5680e-07   2.4313e+02
20191126_01:00:00   1.8514e-01   4.9490e+01   4.2298e+00   0.0000e+00   2.6520e-06   2.4346e+02
20191126_02:00:00   1.8942e-01   5.0428e+01   4.3346e+00   0.0000e+00   8.1580e-06   2.4239e+02
20191126_03:00:00   1.8948e-01   5.0437e+01   4.3435e+00   0.0000e+00   0.0000e+00   2.4154e+02
20191126_04:00:00   1.8189e-01   4.8777e+01   4.1767e+00   0.0000e+00   0.0000e+00   2.4204e+02
20191126_05:00:00   1.7347e-01   4.6932e+01   3.9818e+00   0.0000e+00   0.0000e+00   2.4269e+02
20191126_06:00:00   1.6497e-01   4.5029e+01   3.7829e+00   0.0000e+00   0.0000e+00   2.4233e+02
20191126_07:00:00   1.4978e-01   4.1606e+01   3.4447e+00   0.0000e+00   0.0000e+00   2.4195e+02
20191126_08:00:00   1.3889e-01   3.9089e+01   3.2133e+00   0.0000e+00   0.0000e+00   2.4268e+02
20191126_09:00:00   1.3398e-01   3.7912e+01   3.1139e+00   0.0000e+00   0.0000e+00   2.4295e+02
20191126_10:00:00   1.3092e-01   3.7203e+01   3.0432e+00   0.0000e+00   0.0000e+00   2.4420e+02
20191126_11:00:00   1.3253e-01   3.7568e+01   3.0755e+00   0.0000e+00   0.0000e+00   2.4423e+02
20191126_12:00:00   1.3097e-01   3.7229e+01   3.0336e+00   0.0000e+00   0.0000e+00   2.4350e+02
20191126_13:00:00   1.2876e-01   3.6753e+01   2.9746e+00   0.0000e+00   0.0000e+00   2.4416e+02
20191126_14:00:00   1.2701e-01   3.6371e+01   2.9215e+00   0.0000e+00   0.0000e+00   2.4432e+02
20191126_15:00:00   1.2578e-01   3.6096e+01   2.8896e+00   0.0000e+00   0.0000e+00   2.4495e+02
20191126_16:00:00   1.2470e-01   3.5837e+01   2.8663e+00   0.0000e+00   0.0000e+00   2.4629e+02
20191126_17:00:00   1.2279e-01   3.5395e+01   2.8184e+00   0.0000e+00   0.0000e+00   2.4768e+02
20191126_18:00:00   1.1904e-01   3.4524e+01   2.7239e+00   0.0000e+00   0.0000e+00   2.4730e+02
20191126_19:00:00   1.1952e-01   3.4648e+01   2.7180e+00   0.0000e+00   0.0000e+00   2.4534e+02
20191126_20:00:00   1.2574e-01   3.6144e+01   2.8318e+00   0.0000e+00   0.0000e+00   2.4413e+02
20191126_21:00:00   1.2207e-01   3.5312e+01   2.7280e+00   1.1640e-04   0.0000e+00   2.4365e+02
20191126_22:00:00   1.1525e-01   3.3713e+01   2.5675e+00   1.1630e-04   8.4520e-07   2.4242e+02
20191126_23:00:00   1.1911e-01   3.4650e+01   2.6517e+00   1.1710e-04   0.0000e+00   2.4137e+02
20191127_00:00:00   1.1580e-01   3.3880e+01   2.5934e+00   0.0000e+00   0.0000e+00   2.4017e+02
20191127_01:00:00   1.1280e-01   3.3172e+01   2.5201e+00   0.0000e+00   0.0000e+00   2.3998e+02
20191127_02:00:00   1.0872e-01   3.2186e+01   2.4200e+00   0.0000e+00   0.0000e+00   2.3882e+02
20191127_03:00:00   1.0523e-01   3.1336e+01   2.3245e+00   0.0000e+00   0.0000e+00   2.3899e+02
20191127_04:00:00   9.7667e-02   2.9503e+01   2.1422e+00   0.0000e+00   0.0000e+00   2.3994e+02
20191127_05:00:00   8.9620e-02   2.7549e+01   1.9594e+00   0.0000e+00   0.0000e+00   2.3970e+02
20191127_06:00:00   8.6451e-02   2.6768e+01   1.8893e+00   0.0000e+00   0.0000e+00   2.3901e+02
20191127_07:00:00   8.4151e-02   2.6195e+01   1.8375e+00   0.0000e+00   4.7900e-05   2.3871e+02
20191127_08:00:00   8.2449e-02   2.5771e+01   1.8011e+00   0.0000e+00   1.7552e-05   2.3831e+02
20191127_09:00:00   8.3388e-02   2.5995e+01   1.8273e+00   0.0000e+00   0.0000e+00   2.3848e+02
20191127_10:00:00   8.4989e-02   2.6368e+01   1.8691e+00   0.0000e+00   0.0000e+00   2.3960e+02
20191127_11:00:00   8.4497e-02   2.6224e+01   1.8628e+00   0.0000e+00   0.0000e+00   2.3953e+02
20191127_12:00:00   8.1891e-02   2.5573e+01   1.8065e+00   0.0000e+00   0.0000e+00   2.3824e+02
20191127_13:00:00   8.0199e-02   2.5156e+01   1.7674e+00   0.0000e+00   0.0000e+00   2.3749e+02
20191127_14:00:00   7.9703e-02   2.5027e+01   1.7536e+00   0.0000e+00   2.0020e-06   2.3713e+02
20191127_15:00:00   7.8470e-02   2.4718e+01   1.7260e+00   0.0000e+00   4.5050e-06   2.3719e+02
20191127_16:00:00   7.4569e-02   2.3724e+01   1.6369e+00   0.0000e+00   0.0000e+00   2.3632e+02
20191127_17:00:00   6.5310e-02   2.1376e+01   1.4143e+00   0.0000e+00   0.0000e+00   2.3611e+02
20191127_18:00:00   6.0606e-02   2.0173e+01   1.2975e+00   0.0000e+00   0.0000e+00   2.3669e+02
20191127_19:00:00   6.0180e-02   2.0066e+01   1.2853e+00   0.0000e+00   0.0000e+00   2.3658e+02
20191127_20:00:00   6.0022e-02   2.0038e+01   1.2762e+00   0.0000e+00   0.0000e+00   2.3645e+02
20191127_21:00:00   6.2114e-02   2.0585e+01   1.3184e+00   0.0000e+00   0.0000e+00   2.3632e+02
20191127_22:00:00   6.7346e-02   2.1918e+01   1.4444e+00   0.0000e+00   0.0000e+00   2.3622e+02
20191127_23:00:00   7.4035e-02   2.3603e+01   1.6055e+00   0.0000e+00   0.0000e+00   2.3553e+02
20191128_00:00:00   7.7180e-02   2.4386e+01   1.6801e+00   0.0000e+00   0.0000e+00   2.3504e+02
20191128_01:00:00   8.2928e-02   2.5814e+01   1.8135e+00   0.0000e+00   0.0000e+00   2.3539e+02
20191128_02:00:00   8.8339e-02   2.7162e+01   1.9314e+00   0.0000e+00   0.0000e+00   2.3613e+02
20191128_03:00:00   9.0709e-02   2.7741e+01   1.9746e+00   0.0000e+00   0.0000e+00   2.3695e+02
20191128_04:00:00   9.2358e-02   2.8149e+01   2.0069e+00   0.0000e+00   0.0000e+00   2.3812e+02
20191128_05:00:00   1.0021e-01   3.0055e+01   2.1872e+00   0.0000e+00   0.0000e+00   2.3799e+02
20191128_06:00:00   1.1683e-01   3.4021e+01   2.5674e+00   0.0000e+00   0.0000e+00   2.3705e+02
20191128_07:00:00   1.3051e-01   3.7230e+01   2.8775e+00   0.0000e+00   0.0000e+00   2.3652e+02
20191128_08:00:00   1.4053e-01   3.9544e+01   3.1035e+00   0.0000e+00   0.0000e+00   2.3599e+02
20191128_09:00:00   1.5537e-01   4.2913e+01   3.4276e+00   0.0000e+00   0.0000e+00   2.3576e+02
20191128_10:00:00   1.7446e-01   4.7173e+01   3.8410e+00   0.0000e+00   0.0000e+00   2.3581e+02
20191128_11:00:00   1.8824e-01   5.0205e+01   4.1477e+00   0.0000e+00   0.0000e+00   2.3501e+02
20191128_12:00:00   1.9343e-01   5.1322e+01   4.2634e+00   0.0000e+00   0.0000e+00   2.3328e+02
20191128_13:00:00   2.0332e-01   5.3418e+01   4.5039e+00   0.0000e+00   0.0000e+00   2.3222e+02
20191128_14:00:00   2.1013e-01   5.4849e+01   4.6805e+00   0.0000e+00   0.0000e+00   2.3152e+02
20191128_15:00:00   2.1178e-01   5.5220e+01   4.7269e+00   0.0000e+00   0.0000e+00   2.3037e+02
20191128_16:00:00   2.1257e-01   5.5413e+01   4.7396e+00   0.0000e+00   0.0000e+00   2.2905e+02
20191128_17:00:00   2.1666e-01   5.6289e+01   4.8404e+00   0.0000e+00   0.0000e+00   2.2770e+02
20191128_18:00:00   2.2364e-01   5.7752e+01   5.0031e+00   0.0000e+00   0.0000e+00   2.2654e+02
20191128_19:00:00   2.3129e-01   5.9353e+01   5.1655e+00   0.0000e+00   0.0000e+00   2.2650e+02
20191128_20:00:00   2.3543e-01   6.0213e+01   5.2329e+00   0.0000e+00   0.0000e+00   2.2720e+02
20191128_21:00:00   2.3784e-01   6.0731e+01   5.2681e+00   0.0000e+00   5.8610e-05   2.2774e+02
20191128_22:00:00   2.3564e-01   6.0254e+01   5.2685e+00   0.0000e+00   0.0000e+00   2.2863e+02
20191128_23:00:00   2.4717e-01   6.2540e+01   5.5826e+00   0.0000e+00   0.0000e+00   2.2828e+02
20191129_00:00:00   2.6460e-01   6.5972e+01   6.0053e+00   0.0000e+00   0.0000e+00   2.2771e+02
20191129_01:00:00   2.8372e-01   6.9738e+01   6.4164e+00   0.0000e+00   0.0000e+00   2.2784e+02
20191129_02:00:00   3.0513e-01   7.3897e+01   6.8737e+00   0.0000e+00   0.0000e+00   2.2864e+02
20191129_03:00:00   3.4236e-01   8.0906e+01   7.6625e+00   0.0000e+00   0.0000e+00   2.2968e+02
20191129_04:00:00   3.7137e-01   8.6153e+01   8.2734e+00   0.0000e+00   1.1936e-04   2.3051e+02
20191129_05:00:00   3.6385e-01   8.4856e+01   8.0467e+00   0.0000e+00   2.0610e-03   2.3109e+02
20191129_06:00:00   3.7243e-01   8.6357e+01   8.2327e+00   0.0000e+00   6.6031e-03   2.3204e+02
20191129_07:00:00   3.4130e-01   8.0553e+01   7.6517e+00   0.0000e+00   1.7261e-03   2.3310e+02
20191129_08:00:00   3.1019e-01   7.4509e+01   7.0747e+00   0.0000e+00   9.6799e-03   2.3368e+02
20191129_09:00:00   3.0133e-01   7.2694e+01   6.9090e+00   0.0000e+00   4.2502e-02   2.3274e+02
20191129_10:00:00   2.8722e-01   7.0011e+01   6.6302e+00   0.0000e+00   2.1303e-03   2.3166e+02
20191129_11:00:00   2.8200e-01   6.8994e+01   6.5487e+00   0.0000e+00   3.4276e-04   2.3182e+02
20191129_12:00:00   2.7508e-01   6.7691e+01   6.3845e+00   0.0000e+00   2.7263e-04   2.3304e+02
20191129_13:00:00   2.6614e-01   6.5986e+01   6.1671e+00   0.0000e+00   2.7063e-04   2.3416e+02
20191129_14:00:00   2.6286e-01   6.5368e+01   6.0837e+00   0.0000e+00   4.4454e-05   2.3480e+02
20191129_15:00:00   2.6501e-01   6.5841e+01   6.1294e+00   0.0000e+00   1.3750e-03   2.3392e+02
20191129_16:00:00   2.7014e-01   6.6906e+01   6.2358e+00   0.0000e+00   1.4948e-03   2.3304e+02
20191129_17:00:00   2.7632e-01   6.8166e+01   6.3611e+00   0.0000e+00   1.7866e-03   2.3290e+02
20191129_18:00:00   2.8409e-01   6.9694e+01   6.5123e+00   0.0000e+00   1.4042e-03   2.3232e+02
20191129_19:00:00   2.9112e-01   7.1042e+01   6.6535e+00   4.4750e-04   2.7079e-03   2.3158e+02
20191129_20:00:00   2.8759e-01   7.0283e+01   6.6394e+00   0.0000e+00   2.9483e-03   2.3053e+02
20191129_21:00:00   2.7775e-01   6.8336e+01   6.4322e+00   0.0000e+00   1.4912e-03   2.2915e+02
20191129_22:00:00   2.7334e-01   6.7427e+01   6.3532e+00   0.0000e+00   2.4961e-03   2.2883e+02
20191129_23:00:00   2.7726e-01   6.8172e+01   6.4688e+00   0.0000e+00   1.6122e-03   2.2933e+02
20191130_00:00:00   2.7584e-01   6.7812e+01   6.4658e+00   0.0000e+00   5.0182e-04   2.2927e+02
20191130_01:00:00   2.5186e-01   6.3081e+01   5.9018e+00   0.0000e+00   1.8030e-04   2.2855e+02
20191130_02:00:00   2.2953e-01   5.8473e+01   5.4101e+00   0.0000e+00   1.8800e-03   2.2904e+02
20191130_03:00:00   2.1747e-01   5.5815e+01   5.1859e+00   0.0000e+00   3.8771e-03   2.2991e+02
20191130_04:00:00   2.0808e-01   5.3651e+01   5.0327e+00   0.0000e+00   4.3761e-03   2.3041e+02
20191130_05:00:00   1.9455e-01   5.0625e+01   4.7600e+00   0.0000e+00   5.2259e-03   2.2970e+02
20191130_06:00:00   1.8376e-01   4.8229e+01   4.5183e+00   0.0000e+00   7.2385e-03   2.2944e+02
20191130_07:00:00   1.8112e-01   4.7547e+01   4.4894e+00   0.0000e+00   7.1064e-03   2.3001e+02
20191130_08:00:00   1.7557e-01   4.6266e+01   4.3666e+00   0.0000e+00   7.7631e-03   2.3021e+02
20191130_09:00:00   1.6980e-01   4.4924e+01   4.2390e+00   0.0000e+00   9.9379e-03   2.2996e+02
20191130_10:00:00   1.6147e-01   4.3065e+01   4.0387e+00   0.0000e+00   5.9216e-03   2.2963e+02
20191130_11:00:00   1.4422e-01   3.9287e+01   3.5938e+00   0.0000e+00   8.0774e-04   2.2989e+02
20191130_12:00:00   1.2403e-01   3.4770e+01   3.0730e+00   0.0000e+00   2.5611e-04   2.2917e+02
20191130_13:00:00   1.1080e-01   3.1740e+01   2.7280e+00   0.0000e+00   1.8620e-05   2.2897e+02
20191130_14:00:00   1.0291e-01   2.9929e+01   2.5176e+00   0.0000e+00   2.6161e-05   2.2936e+02
20191130_15:00:00   9.7831e-02   2.8753e+01   2.3821e+00   0.0000e+00   7.8840e-05   2.2964e+02
20191130_16:00:00   9.5913e-02   2.8310e+01   2.3313e+00   0.0000e+00   1.7706e-05   2.2946e+02
20191130_17:00:00   9.8643e-02   2.9015e+01   2.3844e+00   0.0000e+00   5.5900e-05   2.2906e+02
20191130_18:00:00   1.1234e-01   3.2357e+01   2.6907e+00   0.0000e+00   0.0000e+00   2.2790e+02
20191130_19:00:00   1.4130e-01   3.9234e+01   3.1386e+00   3.6020e-03   0.0000e+00   2.2710e+02
20191130_20:00:00   1.8412e-01   4.8923e+01   4.0006e+00   5.4750e-03   2.0423e-04   2.2668e+02
20191130_21:00:00   2.2452e-01   5.7610e+01   4.8225e+00   7.7620e-03   2.0463e-04   2.2636e+02
20191130_22:00:00   2.0792e-01   5.3989e+01   4.8963e+00   1.3767e-04   2.7330e-06   2.2633e+02
20191130_23:00:00   1.9027e-01   5.0116e+01   4.5433e+00   0.0000e+00   0.0000e+00   2.2608e+02
20191201_00:00:00   1.5778e-01   4.2872e+01   3.8142e+00   0.0000e+00   0.0000e+00   2.2736e+02
20191201_03:00:00   1.1650e-01   3.3407e+01   2.7873e+00   0.0000e+00   0.0000e+00   2.2708e+02
20191201_06:00:00   9.6256e-02   2.8584e+01   2.2870e+00   0.0000e+00   0.0000e+00   2.2891e+02
20191201_09:00:00   8.6704e-02   2.6218e+01   2.0750e+00   0.0000e+00   1.0544e-03   2.2809e+02
20191201_12:00:00   8.5086e-02   2.5793e+01   2.0442e+00   0.0000e+00   3.7000e-03   2.2941e+02
20191201_15:00:00   8.2014e-02   2.5080e+01   1.9583e+00   0.0000e+00   9.8782e-05   2.2984e+02
20191201_18:00:00   7.8600e-02   2.4307e+01   1.8658e+00   0.0000e+00   1.2280e-03   2.3063e+02
20191201_21:00:00   8.3762e-02   2.5618e+01   1.9738e+00   0.0000e+00   2.3341e-03   2.3231e+02
20191202_00:00:00   7.5262e-02   2.3492e+01   1.7772e+00   0.0000e+00   0.0000e+00   2.3234e+02
20191202_03:00:00   7.1202e-02   2.2502e+01   1.6690e+00   0.0000e+00   0.0000e+00   2.3114e+02
20191202_06:00:00   6.7872e-02   2.1653e+01   1.5848e+00   0.0000e+00   9.9558e-04   2.3094e+02
20191202_09:00:00   6.9453e-02   2.2076e+01   1.6158e+00   0.0000e+00   0.0000e+00   2.3198e+02
20191202_12:00:00   8.0960e-02   2.4930e+01   1.9080e+00   0.0000e+00   0.0000e+00   2.3140e+02
20191202_15:00:00   8.9762e-02   2.7123e+01   2.1247e+00   0.0000e+00   0.0000e+00   2.3215e+02
20191202_18:00:00   9.2080e-02   2.7712e+01   2.1761e+00   0.0000e+00   4.6780e-05   2.3155e+02
20191202_21:00:00   1.0966e-01   3.1995e+01   2.5818e+00   0.0000e+00   5.9380e-07   2.3257e+02
20191203_00:00:00   1.0665e-01   3.1236e+01   2.5314e+00   0.0000e+00   8.6517e-04   2.3296e+02
20191203_03:00:00   1.0310e-01   3.0360e+01   2.4472e+00   0.0000e+00   3.8817e-03   2.3064e+02
20191203_06:00:00   1.0205e-01   3.0120e+01   2.4209e+00   0.0000e+00   1.3950e-04   2.3137e+02
20191203_09:00:00   1.0114e-01   2.9916e+01   2.3916e+00   0.0000e+00   4.0236e-04   2.3367e+02
20191203_12:00:00   9.4554e-02   2.8387e+01   2.2149e+00   0.0000e+00   8.7178e-05   2.3102e+02
20191203_15:00:00   1.0124e-01   3.0134e+01   2.1016e+00   4.5760e-03   1.3357e-04   2.3102e+02
20191203_18:00:00   8.1990e-02   2.5350e+01   1.9059e+00   5.2030e-05   1.8651e-05   2.3334e+02
20191203_21:00:00   1.4835e-01   4.1461e+01   2.1928e+00   2.1720e-02   2.0706e-04   2.3346e+02
20191204_00:00:00   1.3841e-01   3.9088e+01   2.2043e+00   1.7460e-02   5.1478e-04   2.3057e+02
20191204_03:00:00   8.6484e-02   2.6404e+01   2.0201e+00   4.3570e-05   1.7388e-03   2.3228e+02
20191204_06:00:00   8.3814e-02   2.5733e+01   1.9558e+00   0.0000e+00   8.8840e-04   2.3634e+02
20191204_09:00:00   8.0131e-02   2.4835e+01   1.8627e+00   0.0000e+00   8.1580e-06   2.3721e+02
20191204_12:00:00   7.5501e-02   2.3666e+01   1.7463e+00   0.0000e+00   2.2118e-03   2.3693e+02
20191204_15:00:00   7.1623e-02   2.2743e+01   1.6469e+00   0.0000e+00   2.0910e-04   2.3690e+02
20191204_18:00:00   7.5479e-02   2.3724e+01   1.7392e+00   0.0000e+00   1.0826e-03   2.3899e+02
20191204_21:00:00   9.2675e-02   2.7952e+01   2.1569e+00   0.0000e+00   1.0716e-02   2.4056e+02
20191205_00:00:00   9.6445e-02   2.8864e+01   2.2557e+00   0.0000e+00   9.4937e-03   2.4184e+02
20191205_03:00:00   1.0072e-01   2.9925e+01   2.3521e+00   0.0000e+00   1.6238e-03   2.4084e+02
20191205_06:00:00   9.4067e-02   2.8271e+01   2.1960e+00   0.0000e+00   3.3700e-03   2.4107e+02
20191205_09:00:00   8.1627e-02   2.5256e+01   1.8736e+00   0.0000e+00   3.9901e-03   2.3988e+02
20191205_12:00:00   7.7624e-02   2.4287e+01   1.7610e+00   0.0000e+00   0.0000e+00   2.4171e+02
20191205_15:00:00   7.2143e-02   2.2977e+01   1.6115e+00   0.0000e+00   0.0000e+00   2.4194e+02
20191205_18:00:00   7.8413e-02   2.4376e+01   1.8174e+00   0.0000e+00   0.0000e+00   2.4223e+02
20191205_21:00:00   8.6767e-02   2.6448e+01   2.0149e+00   0.0000e+00   2.5020e-06   2.4127e+02
20191206_00:00:00   8.4034e-02   2.5805e+01   1.9512e+00   0.0000e+00   1.5272e-04   2.3747e+02
20191206_03:00:00   8.0680e-02   2.4940e+01   1.8756e+00   0.0000e+00   2.0560e-05   2.3680e+02
20191206_06:00:00   8.0660e-02   2.4885e+01   1.8944e+00   0.0000e+00   3.3800e-07   2.3877e+02
20191206_09:00:00   8.5630e-02   2.5994e+01   2.0408e+00   0.0000e+00   9.4181e-06   2.3959e+02
20191206_12:00:00   8.2652e-02   2.5347e+01   1.9476e+00   0.0000e+00   0.0000e+00   2.3867e+02
20191206_15:00:00   8.0499e-02   2.4810e+01   1.9001e+00   0.0000e+00   0.0000e+00   2.3670e+02
20191206_18:00:00   7.7742e-02   2.4156e+01   1.8190e+00   0.0000e+00   0.0000e+00   2.3859e+02
20191206_21:00:00   9.0062e-02   2.7306e+01   2.0471e+00   5.8360e-04   1.8670e-06   2.3943e+02
20191207_00:00:00   7.8185e-02   2.4497e+01   1.7467e+00   0.0000e+00   4.2260e-07   2.4075e+02
20191207_03:00:00   5.1846e-02   1.7924e+01   1.0667e+00   0.0000e+00   0.0000e+00   2.4085e+02
20191207_06:00:00   4.0607e-02   1.4923e+01   8.0379e-01   0.0000e+00   0.0000e+00   2.4163e+02
20191207_09:00:00   3.6469e-02   1.3820e+01   6.9809e-01   0.0000e+00   0.0000e+00   2.4061e+02
20191207_12:00:00   3.5890e-02   1.3668e+01   6.8311e-01   0.0000e+00   0.0000e+00   2.4026e+02
20191207_15:00:00   3.6107e-02   1.3713e+01   6.9035e-01   0.0000e+00   0.0000e+00   2.3948e+02
20191207_18:00:00   4.0046e-02   1.4789e+01   7.8188e-01   0.0000e+00   0.0000e+00   2.3965e+02
20191207_21:00:00   4.8230e-02   1.7024e+01   9.6140e-01   0.0000e+00   0.0000e+00   2.3804e+02
20191208_00:00:00   5.1325e-02   1.7803e+01   1.0464e+00   0.0000e+00   0.0000e+00   2.3668e+02
20191208_03:00:00   4.9572e-02   1.7370e+01   9.9411e-01   0.0000e+00   0.0000e+00   2.3427e+02
20191208_06:00:00   4.3161e-02   1.5708e+01   8.3441e-01   0.0000e+00   0.0000e+00   2.3596e+02
20191208_09:00:00   3.9327e-02   1.4672e+01   7.4205e-01   0.0000e+00   0.0000e+00   2.3451e+02
20191208_12:00:00   4.0934e-02   1.5094e+01   7.8268e-01   0.0000e+00   0.0000e+00   2.3437e+02
20191208_15:00:00   4.2808e-02   1.5554e+01   8.3625e-01   0.0000e+00   0.0000e+00   2.3569e+02
20191208_18:00:00   6.2706e-02   2.0625e+01   1.3403e+00   0.0000e+00   0.0000e+00   2.3898e+02
20191208_21:00:00   1.6568e-01   4.5149e+01   3.0041e+00   1.3166e-02   7.2990e-05   2.3873e+02
20191209_00:00:00   1.9714e-01   5.1779e+01   4.5092e+00   0.0000e+00   1.9260e-06   2.3841e+02
20191209_03:00:00   2.2773e-01   5.8258e+01   5.0791e+00   1.9640e-03   1.7950e-05   2.3769e+02
20191209_06:00:00   2.4841e-01   6.2316e+01   5.6811e+00   0.0000e+00   0.0000e+00   2.3873e+02
20191209_09:00:00   2.4134e-01   6.0940e+01   5.4789e+00   0.0000e+00   0.0000e+00   2.3970e+02
20191209_12:00:00   2.4734e-01   6.2200e+01   5.5463e+00   2.4080e-04   0.0000e+00   2.3847e+02
20191209_15:00:00   2.7898e-01   6.8640e+01   6.1553e+00   1.7510e-03   0.0000e+00   2.3757e+02
20191209_18:00:00   2.5845e-01   6.4600e+01   5.8499e+00   0.0000e+00   0.0000e+00   2.3669e+02
20191209_21:00:00   2.2847e-01   5.8633e+01   5.1094e+00   0.0000e+00   0.0000e+00   2.3730e+02
20191210_00:00:00   2.5616e-01   6.4278e+01   5.7139e+00   0.0000e+00   0.0000e+00   2.3489e+02
20191210_03:00:00   3.1403e-01   7.5551e+01   6.8493e+00   0.0000e+00   2.0268e-02   2.3375e+02
20191210_06:00:00   3.1274e-01   7.5323e+01   6.5629e+00   8.3330e-04   8.2616e-02   2.3722e+02
20191210_09:00:00   2.8684e-01   7.0055e+01   6.2512e+00   1.7314e-05   1.6372e-02   2.3908e+02
20191210_12:00:00   2.7284e-01   6.7280e+01   5.8773e+00   2.1944e-03   3.0970e-04   2.3810e+02
20191210_15:00:00   2.3946e-01   6.0612e+01   5.2429e+00   0.0000e+00   0.0000e+00   2.3800e+02
20191210_18:00:00   2.9882e-01   7.2724e+01   5.2096e+00   2.5850e-02   2.3380e-05   2.3920e+02
20191210_21:00:00   2.1529e-01   5.5604e+01   4.7728e+00   6.5520e-04   9.6260e-06   2.3858e+02
20191211_00:00:00   1.8337e-01   4.8661e+01   4.1339e+00   0.0000e+00   7.0819e-05   2.3849e+02
20191211_03:00:00   2.6094e-01   6.4967e+01   5.4508e+00   7.0860e-03   1.1201e-04   2.3967e+02
20191211_06:00:00   5.1640e-01   1.1103e+02   5.5197e+00   1.1208e-01   5.3690e-03   2.4213e+02
20191211_09:00:00   2.4867e-01   6.2484e+01   5.4539e+00   2.2817e-04   4.6732e-04   2.4290e+02
20191211_12:00:00   2.3907e-01   6.0745e+01   4.4151e+00   1.4393e-02   1.6247e-04   2.4133e+02
20191211_15:00:00   1.6019e-01   4.3640e+01   3.4522e+00   9.8910e-04   4.6421e-05   2.4193e+02
20191211_18:00:00   1.6552e-01   4.4907e+01   2.9187e+00   1.3620e-02   2.2960e-05   2.4300e+02
20191211_21:00:00   1.2828e+00   1.9602e+02   4.0346e+00   4.6316e-01   1.9861e-02   2.4118e+02
20191212_00:00:00   2.4115e-01   6.1216e+01   3.7620e+00   2.7285e-02   4.2738e-03   2.4089e+02
