#            date       tau225        Tb[K]      pwv[mm] lwp[kg*m^-2] iwp[kg*m^-2]       o3[DU]
20191105_00:00:00   1.1463e-01   3.3145e+01   2.4882e+00   0.0000e+00   6.9080e-04   2.5723e+02
20191105_01:00:00   9.0539e-02   2.7459e+01   1.9483e+00   0.0000e+00   5.7560e-05   2.5675e+02
20191105_02:00:00   7.3563e-02   2.3348e+01   1.5562e+00   0.0000e+00   0.0000e+00   2.5770e+02
20191105_03:00:00   6.1377e-02   2.0319e+01   1.2843e+00   0.0000e+00   0.0000e+00   2.5759e+02
20191105_04:00:00   5.4891e-02   1.8673e+01   1.1351e+00   0.0000e+00   2.8780e-04   2.5874e+02
20191105_05:00:00   5.1567e-02   1.7807e+01   1.0544e+00   0.0000e+00   1.4028e-03   2.5898e+02
20191105_06:00:00   4.7432e-02   1.6739e+01   9.5227e-01   0.0000e+00   1.3930e-03   2.5976e+02
20191105_07:00:00   4.4626e-02   1.5988e+01   8.8779e-01   0.0000e+00   8.6653e-04   2.5830e+02
20191105_08:00:00   4.0183e-02   1.4820e+01   7.7974e-01   0.0000e+00   1.5803e-04   2.5739e+02
20191105_09:00:00   3.7489e-02   1.4059e+01   7.2559e-01   0.0000e+00   2.6096e-03   2.5752e+02
20191105_10:00:00   3.5763e-02   1.3606e+01   6.8033e-01   0.0000e+00   1.0502e-03   2.5707e+02
20191105_11:00:00   3.3968e-02   1.3136e+01   6.3281e-01   0.0000e+00   1.1770e-04   2.5757e+02
20191105_12:00:00   3.5588e-02   1.3564e+01   6.7325e-01   0.0000e+00   1.9188e-05   2.5801e+02
20191105_13:00:00   3.4087e-02   1.3188e+01   6.3339e-01   0.0000e+00   7.3300e-07   2.5859e+02
20191105_14:00:00   4.0935e-02   1.5010e+01   8.0638e-01   0.0000e+00   1.0884e-04   2.5867e+02
20191105_15:00:00   5.1624e-02   1.7785e+01   1.0766e+00   0.0000e+00   2.0722e-03   2.5814e+02
20191105_16:00:00   6.7223e-02   2.1758e+01   1.4538e+00   0.0000e+00   2.9344e-03   2.5823e+02
20191105_17:00:00   8.4773e-02   2.6091e+01   1.8744e+00   0.0000e+00   4.8342e-03   2.5880e+02
20191105_18:00:00   8.8936e-02   2.7099e+01   1.9829e+00   0.0000e+00   3.4639e-03   2.5873e+02
20191105_19:00:00   8.5348e-02   2.6181e+01   1.9124e+00   0.0000e+00   3.5787e-03   2.5835e+02
20191105_20:00:00   8.9002e-02   2.7015e+01   2.0122e+00   0.0000e+00   3.5755e-03   2.5735e+02
20191105_21:00:00   7.8404e-02   2.4450e+01   1.7488e+00   0.0000e+00   3.3135e-03   2.5725e+02
20191105_22:00:00   7.8619e-02   2.4495e+01   1.7452e+00   0.0000e+00   4.0020e-03   2.5717e+02
20191105_23:00:00   7.9093e-02   2.4610e+01   1.7432e+00   0.0000e+00   3.8399e-03   2.5754e+02
20191106_00:00:00   7.1479e-02   2.2770e+01   1.5458e+00   0.0000e+00   1.4780e-03   2.5669e+02
20191106_01:00:00   5.9046e-02   1.9667e+01   1.2541e+00   0.0000e+00   2.6277e-03   2.5620e+02
20191106_02:00:00   5.4518e-02   1.8523e+01   1.1450e+00   0.0000e+00   6.0059e-04   2.5660e+02
20191106_03:00:00   5.2360e-02   1.7940e+01   1.1008e+00   0.0000e+00   2.5883e-03   2.5726e+02
20191106_04:00:00   4.7920e-02   1.6779e+01   9.9177e-01   0.0000e+00   7.0660e-03   2.5828e+02
20191106_05:00:00   4.3293e-02   1.5566e+01   8.7454e-01   0.0000e+00   1.6002e-02   2.5857e+02
20191106_06:00:00   4.0572e-02   1.4882e+01   8.0137e-01   0.0000e+00   9.2560e-03   2.5930e+02
20191106_07:00:00   3.8659e-02   1.4406e+01   7.5156e-01   0.0000e+00   2.2159e-03   2.6196e+02
20191106_08:00:00   3.8113e-02   1.4258e+01   7.3910e-01   0.0000e+00   5.6283e-04   2.6386e+02
20191106_09:00:00   3.5487e-02   1.3555e+01   6.7606e-01   0.0000e+00   4.3442e-04   2.6469e+02
20191106_10:00:00   3.1848e-02   1.2586e+01   5.8151e-01   0.0000e+00   2.5197e-04   2.6281e+02
20191106_11:00:00   3.0630e-02   1.2200e+01   5.6580e-01   0.0000e+00   2.7029e-03   2.5888e+02
20191106_12:00:00   3.1135e-02   1.2333e+01   5.7931e-01   0.0000e+00   3.2696e-03   2.5587e+02
20191106_13:00:00   3.3068e-02   1.2858e+01   6.2886e-01   0.0000e+00   2.0096e-03   2.5505e+02
20191106_14:00:00   3.4758e-02   1.3310e+01   6.7487e-01   0.0000e+00   1.1610e-03   2.5629e+02
20191106_15:00:00   4.1766e-02   1.5130e+01   8.6005e-01   0.0000e+00   9.3002e-03   2.5752e+02
20191106_16:00:00   4.7582e-02   1.6643e+01   1.0007e+00   0.0000e+00   2.2577e-02   2.5686e+02
20191106_17:00:00   5.1158e-02   1.7587e+01   1.0891e+00   0.0000e+00   1.8890e-02   2.5645e+02
20191106_18:00:00   5.1836e-02   1.7748e+01   1.1011e+00   0.0000e+00   3.1860e-02   2.5612e+02
20191106_19:00:00   4.9669e-02   1.7171e+01   1.0546e+00   0.0000e+00   2.9313e-02   2.5593e+02
20191106_20:00:00   5.2618e-02   1.7928e+01   1.1349e+00   0.0000e+00   2.2965e-02   2.5638e+02
20191106_21:00:00   7.0337e-02   2.2431e+01   1.5760e+00   0.0000e+00   3.4320e-03   2.5673e+02
20191106_22:00:00   8.2113e-02   2.5272e+01   1.8808e+00   0.0000e+00   3.9882e-03   2.5638e+02
20191106_23:00:00   7.5035e-02   2.3571e+01   1.6862e+00   0.0000e+00   1.6021e-02   2.5594e+02
20191107_00:00:00   5.9150e-02   1.9652e+01   1.2881e+00   0.0000e+00   1.1316e-02   2.5526e+02
20191107_01:00:00   4.8735e-02   1.7009e+01   1.0310e+00   0.0000e+00   1.4352e-02   2.5489e+02
20191107_02:00:00   4.4222e-02   1.5840e+01   9.2150e-01   0.0000e+00   1.2306e-02   2.5541e+02
20191107_03:00:00   4.2855e-02   1.5494e+01   8.8666e-01   0.0000e+00   8.3366e-03   2.5623e+02
20191107_04:00:00   4.0414e-02   1.4839e+01   8.2657e-01   0.0000e+00   8.5360e-03   2.5552e+02
20191107_05:00:00   3.9503e-02   1.4617e+01   7.9880e-01   0.0000e+00   6.0340e-03   2.5430e+02
20191107_06:00:00   4.1035e-02   1.5051e+01   8.2734e-01   0.0000e+00   2.2665e-04   2.5493e+02
20191107_07:00:00   4.2517e-02   1.5396e+01   8.7241e-01   0.0000e+00   1.3290e-03   2.5714e+02
20191107_08:00:00   4.2354e-02   1.5347e+01   8.7091e-01   0.0000e+00   6.2823e-04   2.5656e+02
20191107_09:00:00   4.1588e-02   1.5168e+01   8.4781e-01   0.0000e+00   5.9762e-05   2.5534e+02
20191107_10:00:00   4.1139e-02   1.5039e+01   8.4011e-01   0.0000e+00   3.1655e-05   2.5531e+02
20191107_11:00:00   4.0151e-02   1.4771e+01   8.1729e-01   0.0000e+00   1.0240e-05   2.5445e+02
20191107_12:00:00   4.0395e-02   1.4849e+01   8.2163e-01   0.0000e+00   5.5911e-04   2.5380e+02
20191107_13:00:00   4.0404e-02   1.4899e+01   8.1282e-01   0.0000e+00   1.9526e-03   2.5328e+02
20191107_14:00:00   4.7608e-02   1.6813e+01   9.9540e-01   0.0000e+00   3.4056e-03   2.5253e+02
20191107_15:00:00   5.9952e-02   1.9964e+01   1.3197e+00   0.0000e+00   4.1483e-03   2.5077e+02
20191107_16:00:00   7.7200e-02   2.4247e+01   1.7707e+00   0.0000e+00   2.2700e-03   2.5013e+02
20191107_17:00:00   8.9679e-02   2.7263e+01   2.0990e+00   0.0000e+00   3.6400e-04   2.5012e+02
20191107_18:00:00   9.4725e-02   2.8446e+01   2.2374e+00   0.0000e+00   4.7240e-04   2.5029e+02
20191107_19:00:00   1.0120e-01   2.9935e+01   2.4224e+00   0.0000e+00   2.0543e-03   2.5061e+02
20191107_20:00:00   9.9609e-02   2.9469e+01   2.3935e+00   0.0000e+00   3.3941e-03   2.5008e+02
20191107_21:00:00   9.1956e-02   2.7605e+01   2.1959e+00   0.0000e+00   1.6404e-03   2.4922e+02
20191107_22:00:00   8.8088e-02   2.6731e+01   2.0821e+00   0.0000e+00   3.4821e-03   2.4955e+02
20191107_23:00:00   8.3373e-02   2.5772e+01   1.9186e+00   0.0000e+00   3.1105e-03   2.4942e+02
20191108_00:00:00   7.4780e-02   2.3681e+01   1.6953e+00   0.0000e+00   2.5236e-03   2.4870e+02
20191108_01:00:00   6.7749e-02   2.1864e+01   1.5418e+00   0.0000e+00   8.1590e-03   2.4732e+02
20191108_02:00:00   6.9964e-02   2.2397e+01   1.6018e+00   0.0000e+00   5.2370e-03   2.4655e+02
20191108_03:00:00   6.0905e-02   2.0169e+01   1.3563e+00   0.0000e+00   2.1303e-03   2.5037e+02
20191108_04:00:00   7.1770e-02   2.2830e+01   1.6364e+00   0.0000e+00   2.9643e-03   2.5140e+02
20191108_05:00:00   7.3573e-02   2.3288e+01   1.6789e+00   0.0000e+00   1.7686e-03   2.5062e+02
20191108_06:00:00   7.6889e-02   2.4058e+01   1.7733e+00   0.0000e+00   2.8059e-03   2.5045e+02
20191108_07:00:00   8.0135e-02   2.4835e+01   1.8576e+00   0.0000e+00   4.2154e-03   2.4941e+02
20191108_08:00:00   8.6271e-02   2.6305e+01   2.0146e+00   0.0000e+00   1.0962e-02   2.4862e+02
20191108_09:00:00   9.2071e-02   2.7712e+01   2.1516e+00   0.0000e+00   1.9786e-02   2.4820e+02
20191108_10:00:00   9.6864e-02   2.8886e+01   2.2649e+00   0.0000e+00   1.6926e-02   2.4973e+02
20191108_11:00:00   9.8446e-02   2.9246e+01   2.3118e+00   0.0000e+00   1.8482e-02   2.5193e+02
20191108_12:00:00   1.0666e-01   3.1186e+01   2.5214e+00   0.0000e+00   1.0481e-02   2.5185e+02
20191108_13:00:00   1.1606e-01   3.3412e+01   2.7545e+00   0.0000e+00   1.0568e-02   2.5130e+02
20191108_14:00:00   1.3512e-01   3.7874e+01   3.2107e+00   0.0000e+00   6.7393e-03   2.5057e+02
20191108_15:00:00   1.4548e-01   4.0197e+01   3.4907e+00   0.0000e+00   9.6252e-03   2.5035e+02
20191108_16:00:00   1.4886e-01   4.0964e+01   3.5893e+00   0.0000e+00   8.7822e-03   2.4953e+02
20191108_17:00:00   1.3967e-01   3.8963e+01   3.3451e+00   0.0000e+00   8.7369e-03   2.4973e+02
20191108_18:00:00   1.2659e-01   3.5962e+01   3.0015e+00   0.0000e+00   3.9808e-02   2.4881e+02
20191108_19:00:00   1.3571e-01   3.7956e+01   3.2458e+00   0.0000e+00   1.5096e-02   2.4848e+02
20191108_20:00:00   1.1786e-01   3.3809e+01   2.8105e+00   0.0000e+00   1.3726e-02   2.4883e+02
20191108_21:00:00   1.0491e-01   3.0736e+01   2.4865e+00   0.0000e+00   8.2081e-03   2.5036e+02
20191108_22:00:00   9.9227e-02   2.9279e+01   2.3017e+00   0.0000e+00   9.0897e-02   2.5073e+02
20191108_23:00:00   8.0282e-02   2.4682e+01   1.8840e+00   0.0000e+00   3.9452e-02   2.5066e+02
20191109_00:00:00   8.3800e-02   2.5588e+01   1.9703e+00   0.0000e+00   4.5891e-03   2.5211e+02
20191109_01:00:00   7.9303e-02   2.4501e+01   1.8531e+00   0.0000e+00   3.6004e-03   2.5222e+02
20191109_02:00:00   7.1852e-02   2.2681e+01   1.6665e+00   0.0000e+00   3.2576e-03   2.5094e+02
20191109_03:00:00   6.6787e-02   2.1534e+01   1.5069e+00   0.0000e+00   8.1592e-04   2.5083e+02
20191109_04:00:00   6.5830e-02   2.1366e+01   1.4611e+00   0.0000e+00   2.4307e-03   2.5121e+02
20191109_05:00:00   6.7579e-02   2.1830e+01   1.5006e+00   0.0000e+00   1.1189e-03   2.5292e+02
20191109_06:00:00   7.2929e-02   2.3151e+01   1.6354e+00   0.0000e+00   7.2359e-03   2.5444e+02
20191109_07:00:00   8.9554e-02   2.7165e+01   2.0569e+00   0.0000e+00   5.5481e-03   2.5534e+02
20191109_08:00:00   1.0402e-01   3.0594e+01   2.4249e+00   0.0000e+00   3.6720e-03   2.5557e+02
20191109_09:00:00   1.2038e-01   3.4472e+01   2.8153e+00   0.0000e+00   1.3044e-03   2.5290e+02
20191109_10:00:00   1.2500e-01   3.5636e+01   2.9070e+00   0.0000e+00   1.7412e-08   2.5258e+02
20191109_11:00:00   1.3316e-01   3.7526e+01   3.1013e+00   0.0000e+00   7.8360e-04   2.5538e+02
20191109_12:00:00   1.2137e-01   3.4866e+01   2.8152e+00   0.0000e+00   1.9742e-06   2.5609e+02
20191109_13:00:00   1.2278e-01   3.5199e+01   2.8548e+00   0.0000e+00   6.8500e-04   2.5657e+02
20191109_14:00:00   1.3081e-01   3.7050e+01   3.0576e+00   0.0000e+00   1.9812e-03   2.5597e+02
20191109_15:00:00   1.5185e-01   4.1728e+01   3.6189e+00   0.0000e+00   1.4608e-03   2.5482e+02
20191109_16:00:00   1.7163e-01   4.5946e+01   4.1362e+00   1.9188e-04   5.2708e-03   2.5456e+02
20191109_17:00:00   1.7469e-01   4.6607e+01   4.2262e+00   0.0000e+00   1.6987e-02   2.5485e+02
20191109_18:00:00   1.6267e-01   4.4066e+01   3.9061e+00   0.0000e+00   3.3382e-03   2.5543e+02
20191109_19:00:00   1.8133e-01   4.7876e+01   4.3904e+00   0.0000e+00   7.4958e-03   2.5645e+02
20191109_20:00:00   1.5290e-01   4.1800e+01   3.6552e+00   0.0000e+00   7.3850e-05   2.5657e+02
20191109_21:00:00   1.3746e-01   3.8389e+01   3.2327e+00   0.0000e+00   3.2300e-04   2.5718e+02
20191109_22:00:00   1.3748e-01   3.8410e+01   3.2087e+00   0.0000e+00   3.1246e-03   2.5684e+02
20191109_23:00:00   1.5367e-01   4.1873e+01   3.6671e+00   0.0000e+00   1.2530e-03   2.5660e+02
20191110_00:00:00   1.6567e-01   4.4562e+01   3.9947e+00   0.0000e+00   9.5940e-06   2.5512e+02
20191110_03:00:00   1.6976e-01   4.5549e+01   4.0211e+00   0.0000e+00   1.2354e-04   2.5471e+02
20191110_06:00:00   1.7114e-01   4.5815e+01   3.9984e+00   0.0000e+00   7.9686e-06   2.5681e+02
20191110_09:00:00   2.0249e-01   5.2268e+01   4.8278e+00   0.0000e+00   1.2579e-02   2.5654e+02
20191110_12:00:00   1.7007e-01   4.5558e+01   3.9437e+00   0.0000e+00   9.8208e-03   2.5907e+02
20191110_15:00:00   1.6399e-01   4.4311e+01   3.8104e+00   0.0000e+00   3.6781e-02   2.5640e+02
20191110_18:00:00   1.6965e-01   4.5534e+01   3.9868e+00   0.0000e+00   7.7119e-02   2.5710e+02
20191110_21:00:00   1.3107e-01   3.6748e+01   3.0849e+00   0.0000e+00   1.0620e-02   2.5673e+02
20191111_00:00:00   8.6629e-02   2.6233e+01   1.9878e+00   0.0000e+00   3.9872e-02   2.5451e+02
20191111_03:00:00   8.8290e-02   2.6758e+01   2.0164e+00   0.0000e+00   4.4834e-03   2.5294e+02
20191111_06:00:00   7.9013e-02   2.4544e+01   1.7482e+00   0.0000e+00   1.3277e-03   2.5343e+02
20191111_09:00:00   6.7055e-02   2.1678e+01   1.4356e+00   0.0000e+00   0.0000e+00   2.5218e+02
20191111_12:00:00   6.4298e-02   2.0960e+01   1.3782e+00   0.0000e+00   3.4539e-04   2.5122e+02
20191111_15:00:00   6.6017e-02   2.1477e+01   1.4101e+00   0.0000e+00   0.0000e+00   2.5176e+02
20191111_18:00:00   7.4968e-02   2.3726e+01   1.6318e+00   0.0000e+00   9.5940e-05   2.4916e+02
20191111_21:00:00   1.3113e-01   3.6855e+01   2.9844e+00   0.0000e+00   3.7108e-03   2.5016e+02
20191112_00:00:00   8.5542e-02   2.6245e+01   1.8155e+00   0.0000e+00   0.0000e+00   2.4931e+02
20191112_03:00:00   5.5011e-02   1.8739e+01   1.1058e+00   0.0000e+00   0.0000e+00   2.4816e+02
20191112_06:00:00   4.9506e-02   1.7306e+01   9.7960e-01   0.0000e+00   0.0000e+00   2.4965e+02
20191112_09:00:00   4.7643e-02   1.6776e+01   9.3832e-01   0.0000e+00   0.0000e+00   2.5330e+02
20191112_12:00:00   4.7754e-02   1.6769e+01   9.4758e-01   0.0000e+00   0.0000e+00   2.5280e+02
20191112_15:00:00   6.4759e-02   2.1061e+01   1.3535e+00   0.0000e+00   0.0000e+00   2.5319e+02
20191112_18:00:00   8.7597e-02   2.6676e+01   1.9034e+00   0.0000e+00   0.0000e+00   2.5314e+02
20191112_21:00:00   1.4168e-01   3.9041e+01   3.1654e+00   0.0000e+00   2.1309e-03   2.5508e+02
20191113_00:00:00   8.8478e-02   2.6806e+01   1.8391e+00   0.0000e+00   0.0000e+00   2.5644e+02
20191113_03:00:00   5.7696e-02   1.9350e+01   1.1284e+00   0.0000e+00   0.0000e+00   2.5544e+02
20191113_06:00:00   4.5268e-02   1.6165e+01   8.6094e-01   0.0000e+00   0.0000e+00   2.5525e+02
20191113_09:00:00   3.6622e-02   1.3866e+01   6.7446e-01   0.0000e+00   0.0000e+00   2.5424e+02
20191113_12:00:00   3.5812e-02   1.3615e+01   6.6828e-01   0.0000e+00   0.0000e+00   2.5481e+02
20191113_15:00:00   4.8403e-02   1.6854e+01   9.9481e-01   0.0000e+00   0.0000e+00   2.5604e+02
20191113_18:00:00   7.8778e-02   2.4406e+01   1.7467e+00   0.0000e+00   0.0000e+00   2.5551e+02
20191113_21:00:00   1.0305e-01   3.0143e+01   2.3245e+00   0.0000e+00   0.0000e+00   2.5896e+02
20191114_00:00:00   8.3536e-02   2.5567e+01   1.8134e+00   0.0000e+00   0.0000e+00   2.5908e+02
20191114_03:00:00   6.7781e-02   2.1778e+01   1.4428e+00   0.0000e+00   0.0000e+00   2.6029e+02
20191114_06:00:00   5.5472e-02   1.8705e+01   1.1379e+00   0.0000e+00   0.0000e+00   2.5960e+02
20191114_09:00:00   5.1109e-02   1.7562e+01   1.0444e+00   0.0000e+00   0.0000e+00   2.6154e+02
20191114_12:00:00   5.3749e-02   1.8169e+01   1.1303e+00   0.0000e+00   0.0000e+00   2.6154e+02
20191114_15:00:00   5.8673e-02   1.9372e+01   1.2721e+00   0.0000e+00   0.0000e+00   2.5937e+02
20191114_18:00:00   7.7705e-02   2.4077e+01   1.7277e+00   0.0000e+00   0.0000e+00   2.6001e+02
20191114_21:00:00   1.0775e-01   3.1077e+01   2.4805e+00   0.0000e+00   0.0000e+00   2.6377e+02
20191115_00:00:00   8.7939e-02   2.6619e+01   1.8749e+00   0.0000e+00   6.3660e-05   2.6939e+02
20191115_03:00:00   6.9409e-02   2.2155e+01   1.4336e+00   0.0000e+00   2.0273e-04   2.6718e+02
20191115_06:00:00   4.5663e-02   1.6191e+01   8.8200e-01   0.0000e+00   7.2100e-05   2.6725e+02
20191115_09:00:00   3.8428e-02   1.4309e+01   7.1846e-01   0.0000e+00   2.6146e-05   2.6602e+02
20191115_12:00:00   3.7274e-02   1.4001e+01   7.0376e-01   0.0000e+00   1.5937e-06   2.6590e+02
20191115_15:00:00   4.5949e-02   1.6275e+01   9.3281e-01   0.0000e+00   0.0000e+00   2.6308e+02
20191115_18:00:00   6.2589e-02   2.0512e+01   1.3630e+00   0.0000e+00   0.0000e+00   2.6265e+02
20191115_21:00:00   6.2456e-02   2.0394e+01   1.3948e+00   0.0000e+00   0.0000e+00   2.6298e+02
20191116_00:00:00   8.0800e-02   2.4929e+01   1.8625e+00   0.0000e+00   0.0000e+00   2.6091e+02
20191116_03:00:00   7.1341e-02   2.2681e+01   1.6336e+00   0.0000e+00   0.0000e+00   2.6006e+02
20191116_06:00:00   7.1152e-02   2.2564e+01   1.6341e+00   0.0000e+00   8.2620e-07   2.5857e+02
20191116_09:00:00   6.9041e-02   2.2087e+01   1.5611e+00   0.0000e+00   0.0000e+00   2.5873e+02
20191116_12:00:00   6.4943e-02   2.1084e+01   1.4536e+00   0.0000e+00   0.0000e+00   2.5923e+02
20191116_15:00:00   6.6939e-02   2.1636e+01   1.5021e+00   0.0000e+00   0.0000e+00   2.5971e+02
20191116_18:00:00   7.2034e-02   2.2941e+01   1.6279e+00   0.0000e+00   0.0000e+00   2.6225e+02
20191116_21:00:00   7.6339e-02   2.3952e+01   1.7302e+00   0.0000e+00   0.0000e+00   2.6212e+02
20191117_00:00:00   8.7882e-02   2.6785e+01   2.0501e+00   0.0000e+00   0.0000e+00   2.6259e+02
20191117_03:00:00   7.4071e-02   2.3388e+01   1.7125e+00   0.0000e+00   0.0000e+00   2.6016e+02
20191117_06:00:00   7.7874e-02   2.4273e+01   1.8003e+00   0.0000e+00   0.0000e+00   2.6038e+02
20191117_09:00:00   7.5480e-02   2.3819e+01   1.7063e+00   0.0000e+00   0.0000e+00   2.5885e+02
20191117_12:00:00   6.7749e-02   2.1944e+01   1.5096e+00   0.0000e+00   0.0000e+00   2.6070e+02
20191117_15:00:00   8.6553e-02   2.6560e+01   2.0165e+00   0.0000e+00   6.0500e-05   2.5699e+02
20191117_18:00:00   1.3168e-01   3.6902e+01   3.2340e+00   0.0000e+00   1.1472e-02   2.5783e+02
20191117_21:00:00   1.2749e-01   3.6031e+01   3.0570e+00   0.0000e+00   0.0000e+00   2.5810e+02
20191118_00:00:00   1.5141e-01   4.1249e+01   3.6850e+00   0.0000e+00   2.2343e-03   2.5781e+02
20191118_03:00:00   1.7640e-01   4.6864e+01   4.2588e+00   0.0000e+00   1.4865e-04   2.5616e+02
20191118_06:00:00   1.4149e-01   3.9506e+01   3.2325e+00   0.0000e+00   3.7223e-04   2.5590e+02
20191118_09:00:00   1.6071e-01   4.3702e+01   3.6532e+00   0.0000e+00   3.2696e-03   2.5729e+02
20191118_12:00:00   1.4263e-01   3.9858e+01   3.1174e+00   0.0000e+00   5.2537e-05   2.5465e+02
20191118_15:00:00   1.3514e-01   3.8194e+01   3.0448e+00   0.0000e+00   1.0102e-05   2.5453e+02
20191118_18:00:00   9.7995e-02   2.9470e+01   2.1884e+00   0.0000e+00   0.0000e+00   2.5276e+02
20191118_21:00:00   1.0679e-01   3.1487e+01   2.3953e+00   0.0000e+00   0.0000e+00   2.5310e+02
20191119_00:00:00   5.4638e-02   1.8628e+01   1.1283e+00   0.0000e+00   0.0000e+00   2.5252e+02
20191119_03:00:00   4.1248e-02   1.5174e+01   8.0775e-01   0.0000e+00   9.7141e-05   2.5208e+02
20191119_06:00:00   3.6352e-02   1.3834e+01   6.9047e-01   0.0000e+00   1.2931e-06   2.5136e+02
20191119_09:00:00   3.6633e-02   1.3900e+01   6.9438e-01   0.0000e+00   6.9640e-09   2.5321e+02
20191119_12:00:00   3.6392e-02   1.3829e+01   6.8526e-01   0.0000e+00   0.0000e+00   2.5441e+02
20191119_15:00:00   3.9269e-02   1.4620e+01   7.5620e-01   0.0000e+00   0.0000e+00   2.5421e+02
20191119_18:00:00   4.6510e-02   1.6504e+01   9.4726e-01   0.0000e+00   0.0000e+00   2.5349e+02
20191119_21:00:00   5.3480e-02   1.8260e+01   1.1267e+00   0.0000e+00   0.0000e+00   2.5546e+02
20191120_00:00:00   5.2956e-02   1.8139e+01   1.0965e+00   0.0000e+00   0.0000e+00   2.5558e+02
20191120_03:00:00   4.3589e-02   1.5648e+01   8.9739e-01   0.0000e+00   0.0000e+00   2.5409e+02
20191120_06:00:00   3.3600e-02   1.2989e+01   6.3691e-01   0.0000e+00   0.0000e+00   2.5453e+02
20191120_09:00:00   3.0825e-02   1.2252e+01   5.5965e-01   0.0000e+00   0.0000e+00   2.5717e+02
20191120_12:00:00   3.1928e-02   1.2583e+01   5.7719e-01   0.0000e+00   0.0000e+00   2.5921e+02
20191120_15:00:00   4.4262e-02   1.5930e+01   8.7783e-01   0.0000e+00   0.0000e+00   2.5929e+02
20191120_18:00:00   5.8806e-02   1.9633e+01   1.2606e+00   0.0000e+00   0.0000e+00   2.6128e+02
20191120_21:00:00   5.7672e-02   1.9408e+01   1.2060e+00   0.0000e+00   0.0000e+00   2.5950e+02
20191121_00:00:00   5.3958e-02   1.8507e+01   1.0879e+00   0.0000e+00   0.0000e+00   2.5973e+02
