#            date       tau225        Tb[K]      pwv[mm] lwp[kg*m^-2] iwp[kg*m^-2]       o3[DU]
20191128_18:00:00   3.2567e-02   1.2843e+01   5.9397e-01   0.0000e+00   9.5940e-06   2.5409e+02
20191128_19:00:00   3.5491e-02   1.3628e+01   6.6920e-01   0.0000e+00   0.0000e+00   2.5392e+02
20191128_20:00:00   5.7363e-02   1.9266e+01   1.2338e+00   0.0000e+00   5.2240e-08   2.5310e+02
20191128_21:00:00   9.9120e-02   2.9488e+01   2.2487e+00   0.0000e+00   9.5940e-06   2.5222e+02
20191128_22:00:00   8.0278e-02   2.4939e+01   1.7569e+00   0.0000e+00   0.0000e+00   2.5156e+02
20191128_23:00:00   6.9636e-02   2.2311e+01   1.4837e+00   0.0000e+00   0.0000e+00   2.5111e+02
20191129_00:00:00   7.1005e-02   2.2650e+01   1.5102e+00   0.0000e+00   0.0000e+00   2.5177e+02
20191129_01:00:00   7.3812e-02   2.3352e+01   1.5836e+00   0.0000e+00   2.1920e-05   2.5369e+02
20191129_02:00:00   6.7013e-02   2.1698e+01   1.4224e+00   0.0000e+00   0.0000e+00   2.5453e+02
20191129_03:00:00   5.7206e-02   1.9272e+01   1.1828e+00   0.0000e+00   0.0000e+00   2.5371e+02
20191129_04:00:00   4.9605e-02   1.7321e+01   1.0040e+00   0.0000e+00   0.0000e+00   2.5165e+02
20191129_05:00:00   4.1584e-02   1.5209e+01   8.1647e-01   0.0000e+00   0.0000e+00   2.5021e+02
20191129_06:00:00   3.7555e-02   1.4121e+01   7.2334e-01   0.0000e+00   0.0000e+00   2.5015e+02
20191129_07:00:00   3.7220e-02   1.4023e+01   7.1643e-01   0.0000e+00   0.0000e+00   2.5183e+02
20191129_08:00:00   3.4791e-02   1.3386e+01   6.5477e-01   0.0000e+00   0.0000e+00   2.5218e+02
20191129_09:00:00   3.1856e-02   1.2606e+01   5.7988e-01   0.0000e+00   0.0000e+00   2.5204e+02
20191129_10:00:00   3.0248e-02   1.2166e+01   5.3904e-01   0.0000e+00   0.0000e+00   2.5183e+02
20191129_11:00:00   2.8875e-02   1.1792e+01   5.0322e-01   0.0000e+00   0.0000e+00   2.5215e+02
20191129_12:00:00   2.9379e-02   1.1943e+01   5.1116e-01   0.0000e+00   0.0000e+00   2.5259e+02
20191129_13:00:00   2.9460e-02   1.1968e+01   5.1314e-01   0.0000e+00   0.0000e+00   2.5186e+02
20191129_14:00:00   3.1775e-02   1.2604e+01   5.7022e-01   0.0000e+00   0.0000e+00   2.5228e+02
20191129_15:00:00   3.6511e-02   1.3870e+01   6.9262e-01   0.0000e+00   0.0000e+00   2.5206e+02
20191129_16:00:00   3.8226e-02   1.4328e+01   7.3558e-01   0.0000e+00   0.0000e+00   2.5219e+02
20191129_17:00:00   3.7737e-02   1.4200e+01   7.2363e-01   0.0000e+00   5.5710e-09   2.5375e+02
20191129_18:00:00   3.7131e-02   1.4057e+01   7.0767e-01   0.0000e+00   6.5310e-06   2.5373e+02
20191129_19:00:00   4.5228e-02   1.6180e+01   9.1193e-01   0.0000e+00   6.2860e-06   2.5354e+02
20191129_20:00:00   7.0089e-02   2.2452e+01   1.5344e+00   0.0000e+00   0.0000e+00   2.5244e+02
20191129_21:00:00   8.0993e-02   2.5096e+01   1.8073e+00   0.0000e+00   0.0000e+00   2.5215e+02
20191129_22:00:00   7.0752e-02   2.2607e+01   1.5316e+00   0.0000e+00   0.0000e+00   2.5190e+02
20191129_23:00:00   6.6807e-02   2.1654e+01   1.4136e+00   0.0000e+00   0.0000e+00   2.5264e+02
20191130_00:00:00   5.7735e-02   1.9417e+01   1.1863e+00   0.0000e+00   0.0000e+00   2.5316e+02
20191130_01:00:00   5.4247e-02   1.8549e+01   1.1000e+00   0.0000e+00   0.0000e+00   2.5192e+02
20191130_02:00:00   4.6629e-02   1.6616e+01   9.1980e-01   0.0000e+00   0.0000e+00   2.5070e+02
20191130_03:00:00   3.8805e-02   1.4578e+01   7.3095e-01   0.0000e+00   0.0000e+00   2.5056e+02
20191130_04:00:00   3.5548e-02   1.3704e+01   6.5437e-01   0.0000e+00   0.0000e+00   2.5046e+02
20191130_05:00:00   3.3329e-02   1.3093e+01   6.0123e-01   0.0000e+00   0.0000e+00   2.5041e+02
20191130_06:00:00   3.0025e-02   1.2182e+01   5.2178e-01   0.0000e+00   0.0000e+00   2.5050e+02
20191130_07:00:00   2.8731e-02   1.1825e+01   4.8940e-01   0.0000e+00   0.0000e+00   2.5131e+02
20191130_08:00:00   2.9024e-02   1.1897e+01   4.9737e-01   0.0000e+00   0.0000e+00   2.5086e+02
20191130_09:00:00   2.8703e-02   1.1814e+01   4.8770e-01   0.0000e+00   0.0000e+00   2.5032e+02
20191130_10:00:00   2.8303e-02   1.1710e+01   4.7794e-01   0.0000e+00   0.0000e+00   2.5083e+02
20191130_11:00:00   2.8154e-02   1.1676e+01   4.7274e-01   0.0000e+00   0.0000e+00   2.5098e+02
20191130_12:00:00   2.8531e-02   1.1789e+01   4.8117e-01   0.0000e+00   0.0000e+00   2.5133e+02
20191130_13:00:00   3.0180e-02   1.2247e+01   5.2449e-01   0.0000e+00   0.0000e+00   2.5132e+02
20191130_14:00:00   3.4816e-02   1.3496e+01   6.4767e-01   0.0000e+00   0.0000e+00   2.5165e+02
20191130_15:00:00   4.3529e-02   1.5802e+01   8.7792e-01   0.0000e+00   0.0000e+00   2.5223e+02
20191130_16:00:00   5.0887e-02   1.7728e+01   1.0711e+00   0.0000e+00   0.0000e+00   2.5136e+02
20191130_17:00:00   5.5292e-02   1.8854e+01   1.1885e+00   0.0000e+00   0.0000e+00   2.4957e+02
20191130_18:00:00   5.4108e-02   1.8550e+01   1.1578e+00   0.0000e+00   0.0000e+00   2.4884e+02
20191130_19:00:00   5.2989e-02   1.8246e+01   1.1340e+00   0.0000e+00   6.4720e-07   2.4867e+02
20191130_20:00:00   4.8700e-02   1.7123e+01   1.0248e+00   0.0000e+00   4.7853e-04   2.4781e+02
20191130_21:00:00   5.3128e-02   1.8248e+01   1.1374e+00   0.0000e+00   3.7440e-04   2.4751e+02
20191130_22:00:00   6.4865e-02   2.1237e+01   1.4219e+00   0.0000e+00   6.9240e-07   2.4790e+02
20191130_23:00:00   6.0068e-02   2.0083e+01   1.2856e+00   0.0000e+00   0.0000e+00   2.4818e+02
20191201_00:00:00   5.3668e-02   1.8465e+01   1.1200e+00   0.0000e+00   0.0000e+00   2.4866e+02
20191201_01:00:00   5.1626e-02   1.7939e+01   1.0738e+00   0.0000e+00   0.0000e+00   2.4961e+02
20191201_02:00:00   5.0209e-02   1.7569e+01   1.0496e+00   0.0000e+00   0.0000e+00   2.4859e+02
20191201_03:00:00   5.1704e-02   1.7929e+01   1.0948e+00   0.0000e+00   0.0000e+00   2.4934e+02
20191201_04:00:00   5.1719e-02   1.7920e+01   1.0985e+00   0.0000e+00   0.0000e+00   2.5076e+02
20191201_05:00:00   5.8222e-02   1.9549e+01   1.2677e+00   0.0000e+00   0.0000e+00   2.4957e+02
20191201_06:00:00   6.9321e-02   2.2265e+01   1.5633e+00   0.0000e+00   0.0000e+00   2.5031e+02
20191201_07:00:00   7.1746e-02   2.2850e+01   1.6297e+00   0.0000e+00   0.0000e+00   2.4957e+02
20191201_08:00:00   7.2920e-02   2.3143e+01   1.6583e+00   0.0000e+00   0.0000e+00   2.4818e+02
20191201_09:00:00   7.3585e-02   2.3289e+01   1.6778e+00   0.0000e+00   0.0000e+00   2.4892e+02
20191201_10:00:00   7.6722e-02   2.4007e+01   1.7712e+00   0.0000e+00   0.0000e+00   2.4986e+02
20191201_11:00:00   8.1229e-02   2.5082e+01   1.8892e+00   0.0000e+00   1.1964e-03   2.4978e+02
20191201_12:00:00   8.7194e-02   2.6505e+01   2.0420e+00   0.0000e+00   3.3239e-03   2.4994e+02
20191201_13:00:00   9.0949e-02   2.7447e+01   2.1315e+00   0.0000e+00   3.0536e-03   2.4944e+02
20191201_14:00:00   9.4854e-02   2.8404e+01   2.2374e+00   0.0000e+00   6.1071e-03   2.4899e+02
20191201_15:00:00   1.0101e-01   2.9829e+01   2.4259e+00   0.0000e+00   4.2963e-03   2.4927e+02
20191201_16:00:00   1.0309e-01   3.0385e+01   2.4779e+00   0.0000e+00   7.6867e-05   2.4927e+02
20191201_17:00:00   1.2215e-01   3.4838e+01   2.9806e+00   0.0000e+00   4.1725e-04   2.4838e+02
20191201_18:00:00   1.4102e-01   3.9066e+01   3.4825e+00   0.0000e+00   1.2176e-03   2.4822e+02
20191201_19:00:00   1.2863e-01   3.6236e+01   3.1776e+00   0.0000e+00   3.6164e-03   2.4847e+02
20191201_20:00:00   1.0891e-01   3.1503e+01   2.7117e+00   0.0000e+00   6.4319e-03   2.4817e+02
20191201_21:00:00   1.0560e-01   3.0664e+01   2.6374e+00   0.0000e+00   1.4396e-02   2.4843e+02
20191201_22:00:00   1.2166e-01   3.4397e+01   3.0617e+00   0.0000e+00   9.7910e-03   2.4832e+02
20191201_23:00:00   1.3210e-01   3.6830e+01   3.3227e+00   0.0000e+00   2.5033e-02   2.4780e+02
20191202_00:00:00   1.2770e-01   3.5959e+01   3.1865e+00   0.0000e+00   2.0735e-03   2.4773e+02
20191202_01:00:00   1.2393e-01   3.5133e+01   3.0950e+00   0.0000e+00   1.2688e-03   2.4784e+02
20191202_02:00:00   1.2085e-01   3.4514e+01   2.9912e+00   0.0000e+00   2.0657e-03   2.4788e+02
20191202_03:00:00   1.1787e-01   3.3949e+01   2.8481e+00   0.0000e+00   1.5488e-03   2.4771e+02
20191202_04:00:00   1.2217e-01   3.5029e+01   2.9067e+00   0.0000e+00   1.1288e-03   2.4915e+02
20191202_05:00:00   1.2808e-01   3.6331e+01   3.0577e+00   0.0000e+00   1.5786e-03   2.5074e+02
20191202_06:00:00   1.2479e-01   3.5566e+01   2.9509e+00   0.0000e+00   6.7087e-04   2.5300e+02
20191202_07:00:00   1.2354e-01   3.5269e+01   2.9143e+00   0.0000e+00   9.3980e-04   2.5289e+02
20191202_08:00:00   1.2520e-01   3.5644e+01   2.9491e+00   0.0000e+00   1.0026e-04   2.5212e+02
20191202_09:00:00   1.2075e-01   3.4657e+01   2.8311e+00   0.0000e+00   3.1097e-05   2.5136e+02
20191202_10:00:00   1.1244e-01   3.2767e+01   2.6048e+00   0.0000e+00   1.3058e-07   2.5200e+02
20191202_11:00:00   1.0386e-01   3.0731e+01   2.4084e+00   0.0000e+00   1.5131e-06   2.5190e+02
20191202_12:00:00   9.7478e-02   2.9169e+01   2.2665e+00   0.0000e+00   8.1671e-05   2.5155e+02
20191202_13:00:00   9.1304e-02   2.7745e+01   2.0960e+00   0.0000e+00   2.6253e-05   2.5193e+02
20191202_14:00:00   8.1738e-02   2.5457e+01   1.8478e+00   0.0000e+00   7.2626e-06   2.5322e+02
20191202_15:00:00   7.6651e-02   2.4218e+01   1.7200e+00   0.0000e+00   1.1460e-06   2.5193e+02
20191202_16:00:00   7.4916e-02   2.3791e+01   1.6774e+00   0.0000e+00   2.8138e-05   2.4955e+02
20191202_17:00:00   7.2075e-02   2.3056e+01   1.6109e+00   0.0000e+00   3.1018e-03   2.4842e+02
20191202_18:00:00   6.8252e-02   2.2107e+01   1.5091e+00   0.0000e+00   7.2486e-03   2.4796e+02
20191202_19:00:00   6.8333e-02   2.2082e+01   1.5219e+00   0.0000e+00   5.1364e-03   2.4710e+02
20191202_20:00:00   6.7880e-02   2.1985e+01   1.5036e+00   0.0000e+00   6.8039e-04   2.4671e+02
20191202_21:00:00   6.7109e-02   2.1785e+01   1.4795e+00   0.0000e+00   9.4940e-06   2.4676e+02
20191202_22:00:00   5.6314e-02   1.9056e+01   1.2082e+00   0.0000e+00   2.9840e-06   2.4709e+02
20191202_23:00:00   4.8647e-02   1.7101e+01   1.0154e+00   0.0000e+00   3.8140e-04   2.4748e+02
20191203_00:00:00   4.5406e-02   1.6272e+01   9.3259e-01   0.0000e+00   0.0000e+00   2.4779e+02
20191203_01:00:00   4.1404e-02   1.5222e+01   8.3506e-01   0.0000e+00   0.0000e+00   2.4794e+02
20191203_02:00:00   4.0825e-02   1.5077e+01   8.2394e-01   0.0000e+00   0.0000e+00   2.4784e+02
20191203_03:00:00   3.9357e-02   1.4708e+01   7.8298e-01   0.0000e+00   9.5940e-06   2.4834e+02
20191203_04:00:00   3.9179e-02   1.4676e+01   7.7137e-01   0.0000e+00   0.0000e+00   2.4919e+02
20191203_05:00:00   3.7348e-02   1.4183e+01   7.2701e-01   0.0000e+00   8.1179e-04   2.5089e+02
20191203_06:00:00   3.8908e-02   1.4563e+01   7.6845e-01   0.0000e+00   2.8740e-03   2.5189e+02
20191203_07:00:00   3.8379e-02   1.4405e+01   7.5705e-01   0.0000e+00   2.3963e-03   2.5161e+02
20191203_08:00:00   3.9025e-02   1.4558e+01   7.7566e-01   0.0000e+00   2.6340e-03   2.5077e+02
20191203_09:00:00   4.0352e-02   1.4875e+01   8.1469e-01   0.0000e+00   3.0516e-03   2.4948e+02
20191203_10:00:00   4.1555e-02   1.5154e+01   8.5749e-01   0.0000e+00   2.6544e-03   2.4939e+02
20191203_11:00:00   4.1725e-02   1.5212e+01   8.5812e-01   0.0000e+00   2.6464e-03   2.4967e+02
20191203_12:00:00   4.3719e-02   1.5744e+01   9.0600e-01   0.0000e+00   9.8220e-04   2.4909e+02
20191203_13:00:00   4.6836e-02   1.6530e+01   9.9200e-01   0.0000e+00   1.1938e-03   2.4931e+02
20191203_14:00:00   4.9203e-02   1.7139e+01   1.0513e+00   0.0000e+00   1.1122e-03   2.4901e+02
20191203_15:00:00   4.9951e-02   1.7369e+01   1.0591e+00   0.0000e+00   3.8200e-04   2.4779e+02
20191203_16:00:00   5.3927e-02   1.8393e+01   1.1534e+00   0.0000e+00   2.5760e-03   2.4654e+02
20191203_17:00:00   5.6448e-02   1.9034e+01   1.2161e+00   0.0000e+00   1.1894e-04   2.4633e+02
20191203_18:00:00   5.7318e-02   1.9274e+01   1.2295e+00   0.0000e+00   7.5060e-07   2.4688e+02
20191203_21:00:00   8.1832e-02   2.5310e+01   1.8139e+00   0.0000e+00   0.0000e+00   2.4780e+02
20191204_00:00:00   6.0525e-02   2.0065e+01   1.2660e+00   0.0000e+00   0.0000e+00   2.4883e+02
20191204_03:00:00   5.5137e-02   1.8707e+01   1.1498e+00   0.0000e+00   0.0000e+00   2.4645e+02
20191204_06:00:00   5.4448e-02   1.8512e+01   1.1258e+00   0.0000e+00   0.0000e+00   2.4834e+02
20191204_09:00:00   5.7176e-02   1.9131e+01   1.2056e+00   0.0000e+00   0.0000e+00   2.4888e+02
20191204_12:00:00   5.5215e-02   1.8661e+01   1.1425e+00   0.0000e+00   0.0000e+00   2.5157e+02
20191204_15:00:00   6.4616e-02   2.1016e+01   1.3744e+00   0.0000e+00   0.0000e+00   2.5166e+02
20191204_18:00:00   7.8431e-02   2.4338e+01   1.7250e+00   0.0000e+00   0.0000e+00   2.5286e+02
20191204_21:00:00   1.0405e-01   3.0368e+01   2.2940e+00   0.0000e+00   0.0000e+00   2.5384e+02
20191205_00:00:00   8.6195e-02   2.6097e+01   1.8502e+00   1.2042e-05   4.6946e-05   2.5716e+02
20191205_03:00:00   7.1666e-02   2.2560e+01   1.5472e+00   0.0000e+00   0.0000e+00   2.5861e+02
20191205_06:00:00   6.8001e-02   2.1663e+01   1.4455e+00   0.0000e+00   0.0000e+00   2.5759e+02
20191205_09:00:00   6.9022e-02   2.1898e+01   1.4525e+00   0.0000e+00   0.0000e+00   2.6143e+02
20191205_12:00:00   5.9072e-02   1.9510e+01   1.1854e+00   0.0000e+00   0.0000e+00   2.6468e+02
20191205_15:00:00   5.8180e-02   1.9373e+01   1.1602e+00   0.0000e+00   0.0000e+00   2.6192e+02
20191205_18:00:00   6.2452e-02   2.0485e+01   1.2698e+00   0.0000e+00   0.0000e+00   2.6387e+02
20191205_21:00:00   9.7772e-02   2.8965e+01   2.1246e+00   0.0000e+00   1.0448e-07   2.6619e+02
20191206_00:00:00   8.6411e-02   2.6301e+01   1.7975e+00   0.0000e+00   0.0000e+00   2.6540e+02
20191206_03:00:00   6.0299e-02   1.9983e+01   1.1994e+00   0.0000e+00   0.0000e+00   2.6492e+02
20191206_06:00:00   4.9470e-02   1.7238e+01   9.6904e-01   0.0000e+00   0.0000e+00   2.6387e+02
20191206_09:00:00   4.4382e-02   1.5924e+01   8.5345e-01   0.0000e+00   0.0000e+00   2.6525e+02
20191206_12:00:00   4.0623e-02   1.4945e+01   7.6612e-01   0.0000e+00   0.0000e+00   2.6755e+02
20191206_15:00:00   5.0067e-02   1.7390e+01   9.9926e-01   0.0000e+00   0.0000e+00   2.6453e+02
20191206_18:00:00   6.3238e-02   2.0702e+01   1.3300e+00   0.0000e+00   0.0000e+00   2.6297e+02
20191206_21:00:00   8.5883e-02   2.6247e+01   1.8669e+00   0.0000e+00   0.0000e+00   2.6180e+02
20191207_00:00:00   9.3170e-02   2.8009e+01   1.9792e+00   0.0000e+00   0.0000e+00   2.6386e+02
20191207_03:00:00   6.8281e-02   2.1990e+01   1.4225e+00   0.0000e+00   0.0000e+00   2.6353e+02
20191207_06:00:00   5.5495e-02   1.8778e+01   1.1333e+00   0.0000e+00   0.0000e+00   2.6334e+02
20191207_09:00:00   5.0573e-02   1.7531e+01   1.0080e+00   0.0000e+00   0.0000e+00   2.6383e+02
20191207_12:00:00   4.8988e-02   1.7122e+01   9.7043e-01   0.0000e+00   0.0000e+00   2.6584e+02
20191207_15:00:00   6.3385e-02   2.0807e+01   1.3186e+00   0.0000e+00   0.0000e+00   2.6720e+02
20191207_18:00:00   7.3662e-02   2.3375e+01   1.5586e+00   0.0000e+00   0.0000e+00   2.6499e+02
20191207_21:00:00   1.6258e-01   4.3916e+01   3.4326e+00   3.3284e-03   7.4073e-03   2.6418e+02
20191208_00:00:00   7.7416e-02   2.4244e+01   1.5936e+00   0.0000e+00   2.7085e-07   2.6415e+02
20191208_03:00:00   4.7709e-02   1.6791e+01   9.4066e-01   0.0000e+00   0.0000e+00   2.6359e+02
20191208_06:00:00   4.8877e-02   1.7065e+01   9.7067e-01   0.0000e+00   0.0000e+00   2.6436e+02
20191208_09:00:00   4.3730e-02   1.5704e+01   8.4905e-01   0.0000e+00   0.0000e+00   2.6891e+02
20191208_12:00:00   4.4697e-02   1.5922e+01   8.8205e-01   0.0000e+00   0.0000e+00   2.6644e+02
20191208_15:00:00   5.9154e-02   1.9649e+01   1.2215e+00   0.0000e+00   0.0000e+00   2.6768e+02
20191208_18:00:00   8.3909e-02   2.5771e+01   1.8069e+00   0.0000e+00   0.0000e+00   2.6773e+02
20191208_21:00:00   1.3509e-01   3.7538e+01   3.0311e+00   0.0000e+00   1.8440e-05   2.6637e+02
20191209_00:00:00   9.1363e-02   2.7451e+01   1.9409e+00   0.0000e+00   0.0000e+00   2.6677e+02
20191209_03:00:00   4.1575e-02   1.5242e+01   7.6032e-01   0.0000e+00   0.0000e+00   2.6859e+02
20191209_06:00:00   3.3784e-02   1.3162e+01   5.8470e-01   0.0000e+00   0.0000e+00   2.6673e+02
20191209_09:00:00   3.0246e-02   1.2193e+01   5.0839e-01   0.0000e+00   0.0000e+00   2.6839e+02
20191209_12:00:00   3.3287e-02   1.2951e+01   6.0373e-01   0.0000e+00   0.0000e+00   2.6709e+02
20191209_15:00:00   5.1747e-02   1.7681e+01   1.0913e+00   0.0000e+00   0.0000e+00   2.6554e+02
20191209_18:00:00   6.4858e-02   2.1082e+01   1.3941e+00   0.0000e+00   0.0000e+00   2.6088e+02
20191209_21:00:00   8.1320e-02   2.5159e+01   1.7718e+00   0.0000e+00   0.0000e+00   2.5993e+02
20191210_00:00:00   7.5711e-02   2.3849e+01   1.5777e+00   0.0000e+00   0.0000e+00   2.6008e+02
20191210_03:00:00   4.4787e-02   1.6116e+01   8.6757e-01   0.0000e+00   0.0000e+00   2.5833e+02
20191210_06:00:00   3.2944e-02   1.2968e+01   5.8636e-01   0.0000e+00   0.0000e+00   2.5595e+02
20191210_09:00:00   3.0422e-02   1.2267e+01   5.2678e-01   0.0000e+00   0.0000e+00   2.5846e+02
20191210_12:00:00   3.0130e-02   1.2192e+01   5.2036e-01   0.0000e+00   0.0000e+00   2.5929e+02
20191210_15:00:00   4.2236e-02   1.5451e+01   8.3805e-01   0.0000e+00   0.0000e+00   2.5824e+02
20191210_18:00:00   8.4028e-02   2.5953e+01   1.9216e+00   0.0000e+00   0.0000e+00   2.5583e+02
20191210_21:00:00   8.6016e-02   2.6316e+01   1.9880e+00   0.0000e+00   0.0000e+00   2.5543e+02
20191211_00:00:00   9.4113e-02   2.8320e+01   2.1843e+00   0.0000e+00   0.0000e+00   2.5494e+02
20191211_03:00:00   8.7394e-02   2.6741e+01   2.0079e+00   0.0000e+00   0.0000e+00   2.5560e+02
20191211_06:00:00   8.4762e-02   2.6073e+01   1.9303e+00   0.0000e+00   9.7280e-05   2.5680e+02
20191211_09:00:00   8.2959e-02   2.5687e+01   1.8586e+00   0.0000e+00   0.0000e+00   2.5683e+02
20191211_12:00:00   7.5945e-02   2.3995e+01   1.6702e+00   0.0000e+00   0.0000e+00   2.5772e+02
20191211_15:00:00   1.0620e-01   3.1310e+01   2.4455e+00   0.0000e+00   0.0000e+00   2.5763e+02
20191211_18:00:00   8.1203e-02   2.5384e+01   1.8019e+00   0.0000e+00   0.0000e+00   2.5955e+02
20191211_21:00:00   9.0028e-02   2.7496e+01   1.9720e+00   0.0000e+00   7.6760e-06   2.5930e+02
20191212_00:00:00   6.2546e-02   2.0695e+01   1.2886e+00   0.0000e+00   7.9680e-06   2.5844e+02
20191212_03:00:00   6.5097e-02   2.1158e+01   1.4327e+00   0.0000e+00   0.0000e+00   2.5924e+02
20191212_06:00:00   1.0451e-01   3.0625e+01   2.4307e+00   0.0000e+00   0.0000e+00   2.5839e+02
20191212_09:00:00   1.0747e-01   3.1373e+01   2.4855e+00   0.0000e+00   0.0000e+00   2.5891e+02
20191212_12:00:00   9.9251e-02   2.9517e+01   2.2773e+00   0.0000e+00   0.0000e+00   2.5982e+02
20191212_15:00:00   1.1175e-01   3.2474e+01   2.6085e+00   0.0000e+00   0.0000e+00   2.6098e+02
20191212_18:00:00   1.2886e-01   3.6382e+01   3.0709e+00   0.0000e+00   0.0000e+00   2.6057e+02
20191212_21:00:00   1.1221e-01   3.2555e+01   2.6098e+00   0.0000e+00   0.0000e+00   2.5895e+02
20191213_00:00:00   6.7333e-02   2.1883e+01   1.4278e+00   0.0000e+00   0.0000e+00   2.5964e+02
20191213_03:00:00   4.8169e-02   1.7005e+01   9.6171e-01   0.0000e+00   0.0000e+00   2.5804e+02
20191213_06:00:00   3.9157e-02   1.4581e+01   7.5532e-01   0.0000e+00   0.0000e+00   2.5817e+02
20191213_09:00:00   3.4675e-02   1.3391e+01   6.4786e-01   0.0000e+00   0.0000e+00   2.5715e+02
20191213_12:00:00   4.0356e-02   1.4910e+01   7.9266e-01   0.0000e+00   0.0000e+00   2.5936e+02
20191213_15:00:00   6.1281e-02   2.0332e+01   1.3371e+00   0.0000e+00   0.0000e+00   2.5912e+02
20191213_18:00:00   1.0920e-01   3.1859e+01   2.6076e+00   0.0000e+00   0.0000e+00   2.5815e+02
20191213_21:00:00   1.1371e-01   3.2700e+01   2.7464e+00   0.0000e+00   0.0000e+00   2.5798e+02
20191214_00:00:00   1.1128e-01   3.2328e+01   2.6625e+00   0.0000e+00   0.0000e+00   2.5661e+02
20191214_03:00:00   1.3839e-01   3.8570e+01   3.3084e+00   0.0000e+00   3.2044e-02   2.5787e+02
20191214_06:00:00   2.1345e-01   5.5109e+01   5.0478e+00   0.0000e+00   1.7881e-02   2.5842e+02
20191214_09:00:00   2.0924e-01   5.4209e+01   4.9395e+00   0.0000e+00   1.0807e-02   2.6182e+02
20191214_12:00:00   1.4513e-01   4.0362e+01   3.3465e+00   0.0000e+00   5.8238e-03   2.6122e+02
20191214_15:00:00   2.1044e-01   5.4622e+01   4.9889e+00   0.0000e+00   5.4583e-03   2.6041e+02
20191214_18:00:00   2.2946e-01   5.8334e+01   5.4470e+00   0.0000e+00   2.1800e-01   2.5957e+02
