#            date       tau225        Tb[K]      pwv[mm] lwp[kg*m^-2] iwp[kg*m^-2]       o3[DU]
20191104_00:00:00   2.1926e-01   5.6072e+01   4.9745e+00   0.0000e+00   1.9805e-04   2.5472e+02
20191104_01:00:00   2.2323e-01   5.6906e+01   5.0332e+00   0.0000e+00   4.1061e-04   2.5374e+02
20191104_02:00:00   2.6072e-01   6.4593e+01   5.2301e+00   1.1514e-02   4.1349e-03   2.5446e+02
20191104_03:00:00   2.2823e-01   5.7974e+01   4.9290e+00   2.8601e-03   3.8658e-03   2.5546e+02
20191104_04:00:00   2.2618e-01   5.7496e+01   4.8703e+00   3.5610e-03   3.6601e-04   2.5539e+02
20191104_05:00:00   2.0760e-01   5.3534e+01   4.6235e+00   0.0000e+00   5.4779e-04   2.5561e+02
20191104_06:00:00   1.9172e-01   5.0158e+01   4.2392e+00   1.6967e-05   3.7484e-04   2.5634e+02
20191104_07:00:00   1.7258e-01   4.6055e+01   3.7574e+00   5.1060e-05   9.8160e-04   2.5659e+02
20191104_08:00:00   1.4926e-01   4.0941e+01   3.2204e+00   0.0000e+00   3.3787e-04   2.5696e+02
20191104_09:00:00   1.3518e-01   3.7737e+01   2.9168e+00   0.0000e+00   8.1930e-07   2.5659e+02
20191104_10:00:00   1.2371e-01   3.5117e+01   2.6510e+00   0.0000e+00   1.5614e-07   2.5622e+02
20191104_11:00:00   1.1205e-01   3.2437e+01   2.3908e+00   0.0000e+00   4.5990e-05   2.5622e+02
20191104_12:00:00   9.8391e-02   2.9266e+01   2.0891e+00   0.0000e+00   0.0000e+00   2.5774e+02
20191104_13:00:00   8.2329e-02   2.5458e+01   1.7302e+00   0.0000e+00   0.0000e+00   2.5863e+02
20191104_14:00:00   8.5667e-02   2.6270e+01   1.8097e+00   0.0000e+00   0.0000e+00   2.5953e+02
20191104_15:00:00   8.2364e-02   2.5479e+01   1.7482e+00   0.0000e+00   0.0000e+00   2.6028e+02
20191104_16:00:00   9.2739e-02   2.8007e+01   1.9859e+00   0.0000e+00   0.0000e+00   2.6015e+02
20191104_17:00:00   1.1473e-01   3.3245e+01   2.4849e+00   0.0000e+00   0.0000e+00   2.5920e+02
20191104_18:00:00   1.3732e-01   3.8435e+01   3.0241e+00   0.0000e+00   5.8640e-07   2.5826e+02
20191104_19:00:00   1.4926e-01   4.1118e+01   3.3238e+00   0.0000e+00   4.6920e-06   2.5809e+02
20191104_20:00:00   1.5447e-01   4.2268e+01   3.4442e+00   2.6120e-06   1.6240e-05   2.5773e+02
20191104_21:00:00   1.5209e-01   4.1687e+01   3.3875e+00   1.0196e-04   1.2506e-04   2.5692e+02
20191104_22:00:00   1.3720e-01   3.8337e+01   3.0107e+00   2.9795e-04   8.8189e-04   2.5637e+02
20191104_23:00:00   1.2102e-01   3.4612e+01   2.6270e+00   0.0000e+00   1.3429e-05   2.5701e+02
20191105_00:00:00   1.0349e-01   3.0508e+01   2.2362e+00   0.0000e+00   3.8380e-05   2.5653e+02
20191105_01:00:00   8.3602e-02   2.5774e+01   1.7839e+00   0.0000e+00   0.0000e+00   2.5730e+02
20191105_02:00:00   6.9883e-02   2.2418e+01   1.4716e+00   0.0000e+00   0.0000e+00   2.5724e+02
20191105_03:00:00   6.0437e-02   2.0070e+01   1.2601e+00   0.0000e+00   9.0680e-04   2.5752e+02
20191105_04:00:00   5.2615e-02   1.8070e+01   1.0797e+00   0.0000e+00   3.5620e-03   2.5765e+02
20191105_05:00:00   4.8105e-02   1.6902e+01   9.7168e-01   0.0000e+00   3.5902e-03   2.5923e+02
20191105_06:00:00   4.4909e-02   1.6063e+01   8.9188e-01   0.0000e+00   3.6920e-03   2.6011e+02
20191105_07:00:00   4.1974e-02   1.5278e+01   8.2265e-01   0.0000e+00   1.2292e-03   2.5956e+02
20191105_08:00:00   3.8274e-02   1.4284e+01   7.3597e-01   0.0000e+00   6.9640e-04   2.5920e+02
20191105_09:00:00   3.3933e-02   1.3117e+01   6.3419e-01   0.0000e+00   8.7900e-04   2.5941e+02
20191105_10:00:00   3.0295e-02   1.2150e+01   5.4085e-01   0.0000e+00   5.2502e-04   2.5862e+02
20191105_11:00:00   2.8278e-02   1.1589e+01   4.9343e-01   0.0000e+00   1.4692e-03   2.5936e+02
20191105_12:00:00   2.9924e-02   1.2032e+01   5.3732e-01   0.0000e+00   2.1182e-03   2.6000e+02
20191105_13:00:00   3.1246e-02   1.2410e+01   5.6808e-01   0.0000e+00   9.9830e-04   2.5926e+02
20191105_14:00:00   3.4862e-02   1.3384e+01   6.6134e-01   0.0000e+00   2.5742e-03   2.5730e+02
20191105_15:00:00   4.3982e-02   1.5806e+01   8.9159e-01   0.0000e+00   1.7553e-03   2.5715e+02
20191105_16:00:00   5.5622e-02   1.8850e+01   1.1714e+00   0.0000e+00   3.2576e-03   2.5815e+02
20191105_17:00:00   7.2677e-02   2.3135e+01   1.5841e+00   0.0000e+00   2.2917e-03   2.5876e+02
20191105_18:00:00   8.2567e-02   2.5574e+01   1.8260e+00   0.0000e+00   2.9908e-03   2.5782e+02
20191105_19:00:00   8.2951e-02   2.5637e+01   1.8438e+00   0.0000e+00   1.7299e-03   2.5759e+02
20191105_20:00:00   8.4503e-02   2.5977e+01   1.8898e+00   0.0000e+00   5.0240e-03   2.5743e+02
20191105_21:00:00   8.4561e-02   2.5984e+01   1.8819e+00   0.0000e+00   2.6791e-03   2.5714e+02
20191105_22:00:00   8.7181e-02   2.6602e+01   1.9405e+00   0.0000e+00   3.0077e-03   2.5669e+02
20191105_23:00:00   6.8633e-02   2.2096e+01   1.4709e+00   0.0000e+00   3.5609e-03   2.5607e+02
20191106_00:00:00   5.5687e-02   1.8860e+01   1.1504e+00   0.0000e+00   4.2793e-03   2.5512e+02
20191106_01:00:00   4.6738e-02   1.6557e+01   9.4366e-01   0.0000e+00   3.3001e-03   2.5499e+02
20191106_02:00:00   3.8966e-02   1.4515e+01   7.6230e-01   0.0000e+00   2.9695e-03   2.5705e+02
20191106_03:00:00   3.7382e-02   1.4085e+01   7.2125e-01   0.0000e+00   9.8549e-03   2.5785e+02
20191106_04:00:00   3.5466e-02   1.3548e+01   6.7348e-01   0.0000e+00   1.5408e-02   2.5783e+02
20191106_05:00:00   3.1502e-02   1.2510e+01   5.6937e-01   0.0000e+00   6.0740e-03   2.5755e+02
20191106_06:00:00   2.9779e-02   1.2050e+01   5.2415e-01   0.0000e+00   3.3877e-03   2.5638e+02
20191106_07:00:00   3.0702e-02   1.2258e+01   5.5507e-01   0.0000e+00   7.6520e-03   2.5765e+02
20191106_08:00:00   2.9266e-02   1.1896e+01   5.1752e-01   0.0000e+00   3.3475e-04   2.6076e+02
20191106_09:00:00   2.8822e-02   1.1761e+01   5.1015e-01   0.0000e+00   5.4227e-05   2.6026e+02
20191106_10:00:00   2.6812e-02   1.1202e+01   4.6028e-01   0.0000e+00   3.9141e-04   2.5775e+02
20191106_11:00:00   2.6693e-02   1.1147e+01   4.6083e-01   0.0000e+00   3.0678e-03   2.5722e+02
20191106_12:00:00   2.6326e-02   1.1050e+01   4.4940e-01   0.0000e+00   2.7542e-03   2.5749e+02
20191106_13:00:00   2.8524e-02   1.1667e+01   5.0101e-01   0.0000e+00   7.3763e-03   2.5826e+02
20191106_14:00:00   3.0866e-02   1.2310e+01   5.5874e-01   0.0000e+00   9.5814e-03   2.5839e+02
20191106_15:00:00   3.6573e-02   1.3834e+01   7.0274e-01   0.0000e+00   1.8928e-02   2.5704e+02
20191106_16:00:00   4.2743e-02   1.5469e+01   8.6403e-01   0.0000e+00   1.3707e-02   2.5485e+02
20191106_17:00:00   4.4368e-02   1.5908e+01   9.0161e-01   0.0000e+00   1.9471e-02   2.5486e+02
20191106_18:00:00   4.6273e-02   1.6370e+01   9.4162e-01   0.0000e+00   4.7258e-02   2.5594e+02
20191106_19:00:00   4.6601e-02   1.6460e+01   9.6152e-01   0.0000e+00   2.2667e-02   2.5670e+02
20191106_20:00:00   5.0124e-02   1.7374e+01   1.0550e+00   0.0000e+00   1.2290e-02   2.5667e+02
20191106_21:00:00   6.4771e-02   2.1080e+01   1.4147e+00   0.0000e+00   2.3622e-02   2.5596e+02
20191106_22:00:00   7.8879e-02   2.4561e+01   1.7654e+00   0.0000e+00   1.9266e-02   2.5491e+02
20191106_23:00:00   7.0713e-02   2.2596e+01   1.5502e+00   0.0000e+00   1.3904e-02   2.5414e+02
20191107_00:00:00   5.5691e-02   1.8819e+01   1.1866e+00   0.0000e+00   1.4793e-02   2.5405e+02
20191107_01:00:00   4.9593e-02   1.7257e+01   1.0411e+00   0.0000e+00   1.7432e-02   2.5394e+02
20191107_02:00:00   4.1387e-02   1.5116e+01   8.3962e-01   0.0000e+00   2.2863e-02   2.5427e+02
20191107_03:00:00   3.9552e-02   1.4631e+01   7.9344e-01   0.0000e+00   2.2557e-02   2.5429e+02
20191107_04:00:00   3.9738e-02   1.4683e+01   8.0479e-01   0.0000e+00   8.3800e-03   2.5347e+02
20191107_05:00:00   4.2768e-02   1.5480e+01   8.8232e-01   0.0000e+00   4.2133e-03   2.5289e+02
20191107_06:00:00   4.4556e-02   1.5965e+01   9.2037e-01   0.0000e+00   3.7285e-04   2.5526e+02
20191107_07:00:00   4.8004e-02   1.6844e+01   1.0132e+00   0.0000e+00   5.4396e-04   2.5554e+02
20191107_08:00:00   5.0793e-02   1.7589e+01   1.0779e+00   0.0000e+00   1.0200e-04   2.5474e+02
20191107_09:00:00   5.1088e-02   1.7689e+01   1.0808e+00   0.0000e+00   9.2498e-05   2.5468e+02
20191107_10:00:00   5.3842e-02   1.8397e+01   1.1508e+00   0.0000e+00   3.3738e-05   2.5338e+02
20191107_11:00:00   5.5482e-02   1.8817e+01   1.1919e+00   0.0000e+00   2.3468e-04   2.5241e+02
20191107_12:00:00   5.4087e-02   1.8486e+01   1.1507e+00   0.0000e+00   6.0925e-04   2.5065e+02
20191107_13:00:00   5.5310e-02   1.8841e+01   1.1780e+00   0.0000e+00   5.3898e-04   2.4906e+02
20191107_14:00:00   7.1250e-02   2.2897e+01   1.5720e+00   0.0000e+00   2.9266e-03   2.4996e+02
20191107_15:00:00   8.5156e-02   2.6295e+01   1.9398e+00   0.0000e+00   4.3796e-03   2.5049e+02
20191107_16:00:00   1.0013e-01   2.9846e+01   2.3400e+00   0.0000e+00   4.5187e-03   2.4969e+02
20191107_17:00:00   1.1099e-01   3.2383e+01   2.6265e+00   0.0000e+00   3.4761e-03   2.4977e+02
20191107_18:00:00   1.1337e-01   3.2919e+01   2.6957e+00   0.0000e+00   4.5020e-03   2.5035e+02
20191107_19:00:00   1.1950e-01   3.4294e+01   2.8687e+00   0.0000e+00   4.0036e-03   2.5106e+02
20191107_20:00:00   1.2026e-01   3.4390e+01   2.8938e+00   0.0000e+00   4.1313e-03   2.5013e+02
20191107_21:00:00   1.1118e-01   3.2206e+01   2.6766e+00   0.0000e+00   4.1364e-03   2.4911e+02
20191107_22:00:00   9.7551e-02   2.9094e+01   2.3011e+00   0.0000e+00   8.6237e-04   2.4818e+02
20191107_23:00:00   9.6742e-02   2.9025e+01   2.2449e+00   0.0000e+00   3.6799e-03   2.4719e+02
20191108_00:00:00   1.0155e-01   3.0177e+01   2.3862e+00   0.0000e+00   7.0640e-03   2.4650e+02
20191108_01:00:00   9.9224e-02   2.9578e+01   2.3454e+00   0.0000e+00   5.4940e-03   2.4641e+02
20191108_02:00:00   9.1148e-02   2.7649e+01   2.1465e+00   0.0000e+00   1.3981e-03   2.4753e+02
20191108_03:00:00   1.0633e-01   3.1172e+01   2.5281e+00   0.0000e+00   1.1618e-06   2.4553e+02
20191108_04:00:00   1.1414e-01   3.2974e+01   2.7211e+00   0.0000e+00   7.5680e-04   2.4729e+02
20191108_05:00:00   1.0753e-01   3.1445e+01   2.5513e+00   0.0000e+00   8.3710e-04   2.5152e+02
20191108_06:00:00   1.0360e-01   3.0493e+01   2.4550e+00   0.0000e+00   4.2597e-03   2.5274e+02
20191108_07:00:00   1.0397e-01   3.0555e+01   2.4647e+00   0.0000e+00   5.9480e-03   2.5323e+02
20191108_08:00:00   1.0329e-01   3.0371e+01   2.4490e+00   0.0000e+00   1.0450e-02   2.5224e+02
20191108_09:00:00   1.0214e-01   3.0135e+01   2.4000e+00   0.0000e+00   1.9174e-02   2.5158e+02
20191108_10:00:00   1.0496e-01   3.0849e+01   2.4544e+00   0.0000e+00   1.5616e-02   2.5091e+02
20191108_11:00:00   1.1304e-01   3.2777e+01   2.6361e+00   0.0000e+00   2.6451e-02   2.5091e+02
20191108_12:00:00   1.1360e-01   3.2968e+01   2.6404e+00   0.0000e+00   1.6076e-02   2.5088e+02
20191108_13:00:00   1.1898e-01   3.4286e+01   2.7639e+00   0.0000e+00   9.5862e-03   2.5042e+02
20191108_14:00:00   1.3198e-01   3.7327e+01   3.0781e+00   0.0000e+00   1.2109e-02   2.4923e+02
20191108_15:00:00   1.4677e-01   4.0611e+01   3.4865e+00   0.0000e+00   8.9956e-03   2.4784e+02
20191108_16:00:00   1.5390e-01   4.2174e+01   3.6967e+00   0.0000e+00   1.1297e-02   2.4756e+02
20191108_17:00:00   1.4704e-01   4.0653e+01   3.5337e+00   0.0000e+00   2.1244e-02   2.4806e+02
20191108_18:00:00   1.5034e-01   4.1276e+01   3.6116e+00   0.0000e+00   6.7836e-02   2.4776e+02
20191108_19:00:00   1.5937e-01   4.3256e+01   3.8438e+00   0.0000e+00   5.0110e-02   2.4808e+02
20191108_20:00:00   1.3569e-01   3.8008e+01   3.2405e+00   0.0000e+00   1.5922e-02   2.4821e+02
20191108_21:00:00   1.1439e-01   3.2956e+01   2.7422e+00   0.0000e+00   2.1834e-02   2.4765e+02
20191108_22:00:00   1.0431e-01   3.0490e+01   2.4856e+00   0.0000e+00   3.5374e-02   2.4773e+02
20191108_23:00:00   8.5753e-02   2.6004e+01   2.0607e+00   0.0000e+00   7.3838e-03   2.4895e+02
20191109_00:00:00   9.1714e-02   2.7353e+01   2.2310e+00   0.0000e+00   6.0746e-03   2.5033e+02
20191109_03:00:00   8.2779e-02   2.5256e+01   1.9989e+00   0.0000e+00   8.8137e-04   2.5147e+02
20191109_06:00:00   1.0132e-01   2.9820e+01   2.4073e+00   0.0000e+00   7.2224e-03   2.5321e+02
20191109_09:00:00   1.4384e-01   3.9933e+01   3.3981e+00   0.0000e+00   1.2921e-03   2.5224e+02
20191109_12:00:00   1.3309e-01   3.7557e+01   3.1204e+00   0.0000e+00   4.9383e-03   2.5499e+02
20191109_15:00:00   2.0860e-01   5.3968e+01   4.9756e+00   0.0000e+00   2.2267e-02   2.5506e+02
20191109_18:00:00   2.2673e-01   5.7608e+01   5.4750e+00   0.0000e+00   4.5690e-02   2.5476e+02
20191109_21:00:00   1.8657e-01   4.9022e+01   4.5212e+00   0.0000e+00   1.7700e-02   2.5586e+02
20191110_00:00:00   1.7509e-01   4.6434e+01   4.2770e+00   0.0000e+00   1.4109e-02   2.5580e+02
20191110_03:00:00   1.8833e-01   4.9395e+01   4.5723e+00   0.0000e+00   3.3232e-02   2.5315e+02
20191110_06:00:00   2.0085e-01   5.1905e+01   4.8901e+00   0.0000e+00   8.8709e-03   2.5563e+02
20191110_09:00:00   1.9655e-01   5.1074e+01   4.6759e+00   0.0000e+00   8.6104e-03   2.5646e+02
20191110_12:00:00   1.7683e-01   4.6983e+01   4.1356e+00   0.0000e+00   1.8065e-02   2.5669e+02
20191110_15:00:00   1.3304e-01   3.7424e+01   3.0921e+00   0.0000e+00   1.5388e-02   2.5478e+02
20191110_18:00:00   1.1352e-01   3.2865e+01   2.6600e+00   0.0000e+00   2.7090e-03   2.5511e+02
20191110_21:00:00   1.0297e-01   3.0321e+01   2.3939e+00   0.0000e+00   2.0870e-04   2.5543e+02
20191111_00:00:00   7.0523e-02   2.2458e+01   1.5703e+00   0.0000e+00   0.0000e+00   2.5447e+02
20191111_03:00:00   7.0531e-02   2.2421e+01   1.6016e+00   0.0000e+00   9.3119e-04   2.5372e+02
20191111_06:00:00   5.5982e-02   1.8860e+01   1.2017e+00   0.0000e+00   2.3720e-03   2.5126e+02
20191111_09:00:00   5.3577e-02   1.8360e+01   1.1018e+00   0.0000e+00   0.0000e+00   2.5167e+02
20191111_12:00:00   5.1953e-02   1.7946e+01   1.0550e+00   0.0000e+00   0.0000e+00   2.4832e+02
20191111_15:00:00   6.0581e-02   2.0051e+01   1.3102e+00   0.0000e+00   1.9830e-03   2.4864e+02
20191111_18:00:00   6.4739e-02   2.1121e+01   1.4136e+00   0.0000e+00   8.7657e-03   2.4856e+02
20191111_21:00:00   1.0391e-01   3.0573e+01   2.3710e+00   0.0000e+00   4.8142e-03   2.5020e+02
20191112_00:00:00   7.9971e-02   2.4767e+01   1.7790e+00   0.0000e+00   4.1394e-03   2.4997e+02
20191112_03:00:00   6.0278e-02   1.9934e+01   1.2944e+00   0.0000e+00   1.9946e-03   2.4926e+02
20191112_06:00:00   5.2531e-02   1.7991e+01   1.0899e+00   0.0000e+00   8.6340e-05   2.4751e+02
20191112_09:00:00   4.4497e-02   1.5961e+01   8.7413e-01   0.0000e+00   0.0000e+00   2.4957e+02
20191112_12:00:00   4.2508e-02   1.5464e+01   8.1248e-01   0.0000e+00   0.0000e+00   2.5107e+02
20191112_15:00:00   4.9491e-02   1.7271e+01   9.9066e-01   0.0000e+00   0.0000e+00   2.4983e+02
20191112_18:00:00   7.2478e-02   2.3019e+01   1.5571e+00   0.0000e+00   0.0000e+00   2.4971e+02
20191112_21:00:00   1.0919e-01   3.1690e+01   2.4429e+00   0.0000e+00   0.0000e+00   2.5095e+02
20191113_00:00:00   7.1066e-02   2.2618e+01   1.4688e+00   0.0000e+00   0.0000e+00   2.5259e+02
20191113_03:00:00   4.9590e-02   1.7325e+01   9.7301e-01   0.0000e+00   0.0000e+00   2.5164e+02
20191113_06:00:00   4.5694e-02   1.6288e+01   8.8225e-01   0.0000e+00   0.0000e+00   2.5471e+02
20191113_09:00:00   4.1052e-02   1.5070e+01   7.7927e-01   0.0000e+00   0.0000e+00   2.5507e+02
20191113_12:00:00   3.8232e-02   1.4341e+01   7.1315e-01   0.0000e+00   0.0000e+00   2.5458e+02
20191113_15:00:00   4.2473e-02   1.5460e+01   8.2341e-01   0.0000e+00   0.0000e+00   2.5257e+02
20191113_18:00:00   4.9721e-02   1.7323e+01   1.0049e+00   0.0000e+00   0.0000e+00   2.5535e+02
20191113_21:00:00   7.1843e-02   2.2846e+01   1.5483e+00   0.0000e+00   0.0000e+00   2.5586e+02
20191114_00:00:00   6.0743e-02   2.0061e+01   1.2998e+00   0.0000e+00   0.0000e+00   2.5313e+02
20191114_03:00:00   6.6504e-02   2.1470e+01   1.4868e+00   0.0000e+00   0.0000e+00   2.5099e+02
20191114_06:00:00   6.4985e-02   2.1091e+01   1.4411e+00   0.0000e+00   0.0000e+00   2.5145e+02
20191114_09:00:00   6.3742e-02   2.0811e+01   1.3974e+00   0.0000e+00   0.0000e+00   2.5120e+02
20191114_12:00:00   6.2928e-02   2.0642e+01   1.3652e+00   0.0000e+00   0.0000e+00   2.5042e+02
20191114_15:00:00   6.2722e-02   2.0647e+01   1.3535e+00   0.0000e+00   0.0000e+00   2.5578e+02
20191114_18:00:00   6.4979e-02   2.1205e+01   1.4074e+00   0.0000e+00   0.0000e+00   2.5634e+02
20191114_21:00:00   6.9650e-02   2.2352e+01   1.5171e+00   0.0000e+00   0.0000e+00   2.5776e+02
20191115_00:00:00   5.7197e-02   1.9259e+01   1.2032e+00   0.0000e+00   0.0000e+00   2.5989e+02
20191115_03:00:00   4.7939e-02   1.6941e+01   9.8063e-01   0.0000e+00   8.3980e-05   2.6258e+02
20191115_06:00:00   4.7350e-02   1.6781e+01   9.5964e-01   0.0000e+00   3.6180e-04   2.6269e+02
20191115_09:00:00   4.6241e-02   1.6490e+01   9.2838e-01   0.0000e+00   3.4820e-04   2.6646e+02
20191115_12:00:00   4.5164e-02   1.6220e+01   8.9591e-01   0.0000e+00   1.5539e-04   2.6396e+02
20191115_15:00:00   4.3594e-02   1.5819e+01   8.5986e-01   0.0000e+00   7.8020e-05   2.6830e+02
20191115_18:00:00   4.3326e-02   1.5779e+01   8.5246e-01   0.0000e+00   2.3987e-05   2.7007e+02
20191115_21:00:00   5.0403e-02   1.7603e+01   1.0307e+00   0.0000e+00   3.8700e-05   2.6989e+02
20191116_00:00:00   4.2458e-02   1.5569e+01   8.2680e-01   0.0000e+00   6.8690e-06   2.6587e+02
20191116_03:00:00   3.7773e-02   1.4311e+01   7.3053e-01   0.0000e+00   1.7714e-04   2.6191e+02
20191116_06:00:00   4.1311e-02   1.5231e+01   8.2677e-01   0.0000e+00   2.7580e-04   2.6321e+02
20191116_09:00:00   4.2549e-02   1.5532e+01   8.5876e-01   0.0000e+00   7.8593e-05   2.6076e+02
20191116_12:00:00   3.9235e-02   1.4665e+01   7.7222e-01   0.0000e+00   8.4770e-07   2.6169e+02
20191116_15:00:00   5.1926e-02   1.7984e+01   1.1102e+00   0.0000e+00   5.8130e-05   2.6520e+02
20191116_18:00:00   7.7333e-02   2.4352e+01   1.7782e+00   0.0000e+00   3.2480e-05   2.6286e+02
20191116_21:00:00   8.0423e-02   2.5086e+01   1.8477e+00   0.0000e+00   2.3457e-07   2.6055e+02
20191117_00:00:00   7.3205e-02   2.3139e+01   1.7141e+00   0.0000e+00   0.0000e+00   2.6041e+02
20191117_03:00:00   6.7890e-02   2.1756e+01   1.5909e+00   0.0000e+00   1.4587e-05   2.5906e+02
20191117_06:00:00   4.5887e-02   1.6328e+01   9.7225e-01   0.0000e+00   1.9487e-05   2.5952e+02
20191117_09:00:00   5.0695e-02   1.7553e+01   1.0998e+00   0.0000e+00   4.6350e-05   2.6260e+02
20191117_12:00:00   4.9569e-02   1.7317e+01   1.0599e+00   0.0000e+00   5.0290e-05   2.6192e+02
20191117_15:00:00   6.8914e-02   2.2168e+01   1.5863e+00   0.0000e+00   6.7660e-06   2.5817e+02
20191117_18:00:00   1.0238e-01   3.0275e+01   2.4783e+00   0.0000e+00   3.2630e-06   2.5947e+02
20191117_21:00:00   1.1633e-01   3.3528e+01   2.8105e+00   0.0000e+00   3.0700e-06   2.6107e+02
20191118_00:00:00   1.2098e-01   3.4576e+01   2.9522e+00   0.0000e+00   4.2220e-04   2.5984e+02
20191118_03:00:00   1.0261e-01   3.0285e+01   2.4697e+00   0.0000e+00   1.2426e-05   2.5654e+02
20191118_06:00:00   1.0482e-01   3.0746e+01   2.5325e+00   0.0000e+00   1.7010e-04   2.5830e+02
20191118_09:00:00   1.0716e-01   3.1295e+01   2.5742e+00   0.0000e+00   1.5691e-04   2.5866e+02
20191118_12:00:00   1.1537e-01   3.3304e+01   2.7557e+00   0.0000e+00   8.5313e-05   2.5565e+02
20191118_15:00:00   1.5070e-01   4.1495e+01   3.6286e+00   0.0000e+00   6.7250e-06   2.5384e+02
20191118_18:00:00   1.2087e-01   3.4653e+01   2.9164e+00   0.0000e+00   0.0000e+00   2.5394e+02
20191118_21:00:00   9.0273e-02   2.7387e+01   2.1479e+00   0.0000e+00   0.0000e+00   2.5296e+02
20191119_00:00:00   8.3290e-02   2.5659e+01   1.9663e+00   0.0000e+00   0.0000e+00   2.5292e+02
20191119_03:00:00   8.2863e-02   2.5554e+01   1.9631e+00   0.0000e+00   4.3600e-05   2.5551e+02
20191119_06:00:00   5.7944e-02   1.9290e+01   1.3209e+00   0.0000e+00   3.2170e-05   2.5453e+02
20191119_09:00:00   4.9666e-02   1.7152e+01   1.1058e+00   0.0000e+00   3.2630e-06   2.5748e+02
20191119_12:00:00   5.4902e-02   1.8412e+01   1.2638e+00   0.0000e+00   3.2630e-06   2.5774e+02
20191119_15:00:00   6.5770e-02   2.1159e+01   1.5498e+00   0.0000e+00   0.0000e+00   2.5535e+02
20191119_18:00:00   7.3987e-02   2.3222e+01   1.7623e+00   0.0000e+00   0.0000e+00   2.5561e+02
20191119_21:00:00   6.9763e-02   2.2229e+01   1.6381e+00   0.0000e+00   0.0000e+00   2.5494e+02
20191120_00:00:00   8.1483e-02   2.5212e+01   1.8860e+00   0.0000e+00   0.0000e+00   2.5482e+02
