#            date       tau225        Tb[K]      pwv[mm] lwp[kg*m^-2] iwp[kg*m^-2]       o3[DU]
20191129_18:00:00   4.0896e-02   1.5072e+01   7.9367e-01   0.0000e+00   3.2620e-05   2.5686e+02
20191129_19:00:00   5.4739e-02   1.8640e+01   1.1430e+00   0.0000e+00   1.5833e-05   2.5622e+02
20191129_20:00:00   6.9186e-02   2.2258e+01   1.4961e+00   0.0000e+00   5.5710e-09   2.5576e+02
20191129_21:00:00   7.1450e-02   2.2788e+01   1.5550e+00   0.0000e+00   6.9650e-09   2.5511e+02
20191129_22:00:00   7.2029e-02   2.2972e+01   1.5392e+00   0.0000e+00   8.1650e-06   2.5667e+02
20191129_23:00:00   7.0649e-02   2.2660e+01   1.4849e+00   0.0000e+00   6.9120e-06   2.5804e+02
20191130_00:00:00   6.9725e-02   2.2458e+01   1.4466e+00   0.0000e+00   8.1580e-06   2.5671e+02
20191130_01:00:00   6.0490e-02   2.0172e+01   1.2258e+00   0.0000e+00   7.6750e-06   2.5514e+02
20191130_02:00:00   5.1524e-02   1.7905e+01   1.0204e+00   0.0000e+00   0.0000e+00   2.5357e+02
20191130_03:00:00   4.6934e-02   1.6724e+01   9.1298e-01   0.0000e+00   0.0000e+00   2.5270e+02
20191130_04:00:00   4.3482e-02   1.5808e+01   8.3290e-01   0.0000e+00   0.0000e+00   2.5183e+02
20191130_05:00:00   3.8342e-02   1.4449e+01   7.1131e-01   0.0000e+00   0.0000e+00   2.5226e+02
20191130_06:00:00   3.5973e-02   1.3810e+01   6.5736e-01   0.0000e+00   0.0000e+00   2.5264e+02
20191130_07:00:00   3.4555e-02   1.3423e+01   6.2345e-01   0.0000e+00   0.0000e+00   2.5196e+02
20191130_08:00:00   3.2853e-02   1.2957e+01   5.8370e-01   0.0000e+00   0.0000e+00   2.5316e+02
20191130_09:00:00   3.1246e-02   1.2522e+01   5.4456e-01   0.0000e+00   6.2860e-06   2.5384e+02
20191130_10:00:00   3.0920e-02   1.2434e+01   5.3570e-01   0.0000e+00   1.2426e-05   2.5525e+02
20191130_11:00:00   3.0698e-02   1.2376e+01   5.3052e-01   0.0000e+00   7.8580e-06   2.5588e+02
20191130_12:00:00   3.1556e-02   1.2611e+01   5.5292e-01   0.0000e+00   7.6750e-06   2.5529e+02
20191130_13:00:00   3.3543e-02   1.3145e+01   6.0525e-01   0.0000e+00   0.0000e+00   2.5499e+02
20191130_14:00:00   3.9698e-02   1.4774e+01   7.6560e-01   0.0000e+00   0.0000e+00   2.5440e+02
20191130_15:00:00   4.5511e-02   1.6307e+01   9.1706e-01   0.0000e+00   0.0000e+00   2.5468e+02
20191130_16:00:00   5.3514e-02   1.8368e+01   1.1265e+00   0.0000e+00   0.0000e+00   2.5380e+02
20191130_17:00:00   5.8376e-02   1.9599e+01   1.2545e+00   0.0000e+00   0.0000e+00   2.5336e+02
20191130_18:00:00   5.8451e-02   1.9625e+01   1.2578e+00   0.0000e+00   0.0000e+00   2.5152e+02
20191130_19:00:00   6.1631e-02   2.0418e+01   1.3451e+00   0.0000e+00   8.6760e-04   2.4971e+02
20191130_20:00:00   6.2825e-02   2.0714e+01   1.3760e+00   0.0000e+00   3.1280e-04   2.4867e+02
20191130_21:00:00   7.0022e-02   2.2505e+01   1.5557e+00   0.0000e+00   3.9860e-05   2.4816e+02
20191130_22:00:00   8.2331e-02   2.5495e+01   1.8587e+00   0.0000e+00   1.4468e-04   2.4856e+02
20191130_23:00:00   8.2622e-02   2.5597e+01   1.8333e+00   0.0000e+00   4.0520e-04   2.4961e+02
20191201_00:00:00   6.9686e-02   2.2467e+01   1.5044e+00   0.0000e+00   0.0000e+00   2.5046e+02
20191201_01:00:00   6.2479e-02   2.0663e+01   1.3355e+00   0.0000e+00   0.0000e+00   2.5095e+02
20191201_02:00:00   5.4792e-02   1.8704e+01   1.1575e+00   0.0000e+00   0.0000e+00   2.5101e+02
20191201_03:00:00   4.9180e-02   1.7272e+01   1.0229e+00   0.0000e+00   0.0000e+00   2.5110e+02
20191201_04:00:00   4.7811e-02   1.6876e+01   9.9668e-01   0.0000e+00   0.0000e+00   2.5147e+02
20191201_05:00:00   4.7444e-02   1.6744e+01   9.9642e-01   0.0000e+00   0.0000e+00   2.5193e+02
20191201_06:00:00   4.9268e-02   1.7201e+01   1.0400e+00   0.0000e+00   0.0000e+00   2.5225e+02
20191201_07:00:00   5.2269e-02   1.7984e+01   1.1024e+00   0.0000e+00   0.0000e+00   2.5297e+02
20191201_08:00:00   5.7701e-02   1.9327e+01   1.2546e+00   0.0000e+00   0.0000e+00   2.5250e+02
20191201_09:00:00   5.9184e-02   1.9688e+01   1.2984e+00   0.0000e+00   0.0000e+00   2.5211e+02
20191201_10:00:00   6.0760e-02   2.0076e+01   1.3429e+00   0.0000e+00   0.0000e+00   2.5232e+02
20191201_11:00:00   6.1211e-02   2.0150e+01   1.3667e+00   0.0000e+00   2.0076e-03   2.5296e+02
20191201_12:00:00   6.4730e-02   2.1011e+01   1.4592e+00   0.0000e+00   4.3480e-03   2.5304e+02
20191201_13:00:00   7.4934e-02   2.3534e+01   1.7265e+00   0.0000e+00   1.6948e-03   2.5076e+02
20191201_14:00:00   8.2759e-02   2.5449e+01   1.9292e+00   0.0000e+00   1.1598e-03   2.5073e+02
20191201_15:00:00   8.8217e-02   2.6775e+01   2.0809e+00   0.0000e+00   7.6664e-04   2.5064e+02
20191201_16:00:00   9.3421e-02   2.8052e+01   2.2230e+00   0.0000e+00   6.5481e-04   2.5059e+02
20191201_17:00:00   9.8541e-02   2.9273e+01   2.3576e+00   0.0000e+00   1.0543e-03   2.5072e+02
20191201_18:00:00   1.0101e-01   2.9767e+01   2.4458e+00   0.0000e+00   1.2883e-02   2.5045e+02
20191201_19:00:00   9.9905e-02   2.9459e+01   2.4339e+00   0.0000e+00   1.1495e-02   2.4930e+02
20191201_20:00:00   9.8482e-02   2.9087e+01   2.4098e+00   0.0000e+00   2.3310e-03   2.4925e+02
20191201_21:00:00   1.0681e-01   3.0950e+01   2.6412e+00   0.0000e+00   9.8093e-03   2.4956e+02
20191201_22:00:00   1.2316e-01   3.4635e+01   3.0859e+00   0.0000e+00   2.6259e-02   2.4911e+02
20191201_23:00:00   1.2076e-01   3.4115e+01   3.0298e+00   0.0000e+00   1.5317e-02   2.4899e+02
20191202_00:00:00   1.2551e-01   3.5345e+01   3.1071e+00   0.0000e+00   2.5738e-02   2.4931e+02
20191202_01:00:00   1.0776e-01   3.1468e+01   2.5681e+00   0.0000e+00   1.7387e-02   2.4955e+02
20191202_02:00:00   9.2678e-02   2.7992e+01   2.1504e+00   0.0000e+00   5.2180e-03   2.5040e+02
20191202_03:00:00   8.0649e-02   2.5159e+01   1.8068e+00   0.0000e+00   3.9177e-03   2.4948e+02
20191202_04:00:00   7.0729e-02   2.2733e+01   1.5543e+00   0.0000e+00   1.5499e-03   2.4991e+02
20191202_05:00:00   6.6460e-02   2.1677e+01   1.4451e+00   0.0000e+00   2.9344e-04   2.5128e+02
20191202_06:00:00   6.6443e-02   2.1652e+01   1.4451e+00   0.0000e+00   1.7682e-04   2.5231e+02
20191202_07:00:00   6.2016e-02   2.0551e+01   1.3275e+00   0.0000e+00   2.6120e-08   2.5202e+02
20191202_08:00:00   5.6650e-02   1.9158e+01   1.2072e+00   0.0000e+00   8.7060e-09   2.5254e+02
20191202_09:00:00   5.4122e-02   1.8508e+01   1.1475e+00   0.0000e+00   0.0000e+00   2.5266e+02
20191202_10:00:00   5.0547e-02   1.7593e+01   1.0612e+00   0.0000e+00   0.0000e+00   2.5267e+02
20191202_11:00:00   4.9493e-02   1.7260e+01   1.0565e+00   0.0000e+00   1.1394e-05   2.5277e+02
20191202_12:00:00   4.6916e-02   1.6622e+01   9.8323e-01   0.0000e+00   1.6352e-03   2.5316e+02
20191202_13:00:00   4.6770e-02   1.6590e+01   9.7993e-01   0.0000e+00   2.9527e-03   2.5272e+02
20191202_14:00:00   4.9687e-02   1.7363e+01   1.0536e+00   0.0000e+00   1.4926e-03   2.5276e+02
20191202_15:00:00   5.1226e-02   1.7748e+01   1.1004e+00   0.0000e+00   1.1348e-03   2.5251e+02
20191202_16:00:00   5.5429e-02   1.8848e+01   1.2007e+00   0.0000e+00   9.3157e-04   2.5208e+02
20191202_17:00:00   6.1451e-02   2.0375e+01   1.3524e+00   0.0000e+00   1.1911e-03   2.5164e+02
20191202_18:00:00   6.4636e-02   2.1158e+01   1.4313e+00   0.0000e+00   8.4372e-03   2.5140e+02
20191202_19:00:00   6.7306e-02   2.1866e+01   1.4801e+00   0.0000e+00   1.5419e-02   2.5113e+02
20191202_20:00:00   6.9277e-02   2.2344e+01   1.5319e+00   0.0000e+00   7.5214e-03   2.5164e+02
20191202_21:00:00   7.0651e-02   2.2659e+01   1.5684e+00   0.0000e+00   1.3435e-03   2.5179e+02
20191202_22:00:00   5.6847e-02   1.9206e+01   1.2130e+00   0.0000e+00   4.3923e-04   2.5191e+02
20191202_23:00:00   4.9694e-02   1.7369e+01   1.0326e+00   0.0000e+00   2.5342e-03   2.5141e+02
20191203_00:00:00   4.7316e-02   1.6786e+01   9.6412e-01   0.0000e+00   1.3564e-04   2.5110e+02
20191203_01:00:00   4.2342e-02   1.5513e+01   8.3690e-01   0.0000e+00   0.0000e+00   2.5138e+02
20191203_02:00:00   4.0263e-02   1.4965e+01   7.8646e-01   0.0000e+00   1.9188e-05   2.5162e+02
20191203_03:00:00   3.9390e-02   1.4719e+01   7.6969e-01   0.0000e+00   4.7980e-05   2.5189e+02
20191203_04:00:00   3.8996e-02   1.4631e+01   7.5492e-01   0.0000e+00   0.0000e+00   2.5130e+02
20191203_05:00:00   3.9154e-02   1.4678e+01   7.5446e-01   0.0000e+00   0.0000e+00   2.5038e+02
20191203_06:00:00   3.8659e-02   1.4531e+01   7.4042e-01   0.0000e+00   0.0000e+00   2.5078e+02
20191203_07:00:00   3.8903e-02   1.4584e+01   7.4551e-01   0.0000e+00   0.0000e+00   2.5119e+02
20191203_08:00:00   3.7670e-02   1.4249e+01   7.1388e-01   0.0000e+00   0.0000e+00   2.5277e+02
20191203_09:00:00   3.8309e-02   1.4409e+01   7.3055e-01   0.0000e+00   0.0000e+00   2.5296e+02
20191203_10:00:00   3.9532e-02   1.4725e+01   7.6371e-01   0.0000e+00   0.0000e+00   2.5330e+02
20191203_11:00:00   3.9266e-02   1.4662e+01   7.5526e-01   0.0000e+00   0.0000e+00   2.5267e+02
20191203_12:00:00   4.0555e-02   1.4998e+01   7.8856e-01   0.0000e+00   0.0000e+00   2.5098e+02
20191203_13:00:00   4.3648e-02   1.5802e+01   8.6878e-01   0.0000e+00   0.0000e+00   2.4991e+02
20191203_14:00:00   4.7656e-02   1.6829e+01   9.7280e-01   0.0000e+00   0.0000e+00   2.4985e+02
20191203_15:00:00   5.3598e-02   1.8336e+01   1.1265e+00   0.0000e+00   0.0000e+00   2.5034e+02
20191203_16:00:00   5.9929e-02   1.9932e+01   1.2850e+00   0.0000e+00   0.0000e+00   2.5114e+02
20191203_17:00:00   6.3616e-02   2.0853e+01   1.3808e+00   0.0000e+00   0.0000e+00   2.5231e+02
20191203_18:00:00   6.9490e-02   2.2326e+01   1.5208e+00   0.0000e+00   0.0000e+00   2.5279e+02
20191203_19:00:00   8.0278e-02   2.4980e+01   1.7801e+00   0.0000e+00   0.0000e+00   2.5249e+02
20191203_20:00:00   8.6992e-02   2.6592e+01   1.9428e+00   0.0000e+00   0.0000e+00   2.5435e+02
20191203_21:00:00   8.8630e-02   2.6954e+01   1.9714e+00   0.0000e+00   0.0000e+00   2.5451e+02
20191203_22:00:00   7.4236e-02   2.3446e+01   1.6174e+00   0.0000e+00   0.0000e+00   2.5407e+02
20191203_23:00:00   6.4777e-02   2.1105e+01   1.3815e+00   0.0000e+00   0.0000e+00   2.5400e+02
20191204_00:00:00   6.5247e-02   2.1236e+01   1.3873e+00   0.0000e+00   0.0000e+00   2.5316e+02
20191204_01:00:00   6.3632e-02   2.0863e+01   1.3528e+00   0.0000e+00   0.0000e+00   2.5311e+02
20191204_02:00:00   5.9775e-02   1.9911e+01   1.2630e+00   0.0000e+00   0.0000e+00   2.5180e+02
20191204_03:00:00   5.7906e-02   1.9445e+01   1.2144e+00   0.0000e+00   1.5350e-05   2.5073e+02
20191204_04:00:00   5.8961e-02   1.9688e+01   1.2412e+00   0.0000e+00   7.6760e-06   2.5127e+02
20191204_05:00:00   5.7229e-02   1.9233e+01   1.2021e+00   0.0000e+00   0.0000e+00   2.5273e+02
20191204_06:00:00   5.5065e-02   1.8672e+01   1.1500e+00   0.0000e+00   9.7430e-07   2.5426e+02
20191204_07:00:00   5.5006e-02   1.8640e+01   1.1515e+00   0.0000e+00   0.0000e+00   2.5495e+02
20191204_08:00:00   5.4839e-02   1.8585e+01   1.1470e+00   0.0000e+00   9.5940e-06   2.5451e+02
20191204_09:00:00   5.3873e-02   1.8335e+01   1.1241e+00   0.0000e+00   4.8194e-05   2.5450e+02
20191204_10:00:00   5.3771e-02   1.8307e+01   1.1212e+00   0.0000e+00   2.6120e-08   2.5533e+02
20191204_11:00:00   5.3873e-02   1.8322e+01   1.1251e+00   0.0000e+00   0.0000e+00   2.5615e+02
20191204_12:00:00   5.4183e-02   1.8400e+01   1.1304e+00   0.0000e+00   0.0000e+00   2.5543e+02
20191204_13:00:00   5.4679e-02   1.8536e+01   1.1410e+00   0.0000e+00   0.0000e+00   2.5381e+02
20191204_14:00:00   5.6552e-02   1.9000e+01   1.1894e+00   0.0000e+00   0.0000e+00   2.5163e+02
20191204_15:00:00   5.9113e-02   1.9645e+01   1.2516e+00   0.0000e+00   0.0000e+00   2.5110e+02
20191204_16:00:00   6.3056e-02   2.0631e+01   1.3455e+00   0.0000e+00   0.0000e+00   2.5198e+02
20191204_17:00:00   6.6393e-02   2.1492e+01   1.4255e+00   0.0000e+00   7.4180e-07   2.5330e+02
20191204_18:00:00   6.4977e-02   2.1146e+01   1.3917e+00   0.0000e+00   7.2520e-05   2.5428e+02
20191204_21:00:00   7.5676e-02   2.3731e+01   1.6353e+00   0.0000e+00   1.5524e-06   2.5096e+02
20191205_00:00:00   6.5003e-02   2.1100e+01   1.3605e+00   0.0000e+00   0.0000e+00   2.5204e+02
20191205_03:00:00   4.8064e-02   1.6844e+01   9.6551e-01   0.0000e+00   0.0000e+00   2.5307e+02
20191205_06:00:00   4.1023e-02   1.5002e+01   8.0006e-01   0.0000e+00   0.0000e+00   2.5089e+02
20191205_09:00:00   4.3091e-02   1.5489e+01   8.6337e-01   0.0000e+00   1.9434e-05   2.5413e+02
20191205_12:00:00   4.2873e-02   1.5411e+01   8.5913e-01   0.0000e+00   3.8362e-03   2.5388e+02
20191205_15:00:00   5.0776e-02   1.7506e+01   1.0339e+00   0.0000e+00   0.0000e+00   2.5103e+02
20191205_18:00:00   7.7390e-02   2.4097e+01   1.6884e+00   0.0000e+00   7.6760e-05   2.5152e+02
20191205_21:00:00   1.0433e-01   3.0404e+01   2.3267e+00   0.0000e+00   1.4350e-06   2.5031e+02
20191206_00:00:00   9.0211e-02   2.7125e+01   1.9422e+00   0.0000e+00   0.0000e+00   2.5198e+02
20191206_03:00:00   7.0815e-02   2.2494e+01   1.5069e+00   0.0000e+00   0.0000e+00   2.5403e+02
20191206_06:00:00   7.3852e-02   2.3147e+01   1.5725e+00   0.0000e+00   0.0000e+00   2.5315e+02
20191206_09:00:00   6.9870e-02   2.2173e+01   1.4382e+00   0.0000e+00   0.0000e+00   2.5848e+02
20191206_12:00:00   7.1624e-02   2.2560e+01   1.4659e+00   0.0000e+00   0.0000e+00   2.6580e+02
20191206_15:00:00   9.0508e-02   2.7088e+01   1.8949e+00   0.0000e+00   0.0000e+00   2.7045e+02
20191206_18:00:00   1.1814e-01   3.3443e+01   2.5630e+00   0.0000e+00   1.5510e-03   2.7138e+02
20191206_21:00:00   1.5437e-01   4.1488e+01   3.3778e+00   1.1394e-05   7.0190e-02   2.6578e+02
20191207_00:00:00   1.2995e-01   3.6160e+01   2.7649e+00   3.4180e-06   1.5800e-02   2.6609e+02
20191207_03:00:00   1.0292e-01   3.0098e+01   2.1806e+00   0.0000e+00   4.3580e-05   2.6301e+02
20191207_06:00:00   8.5357e-02   2.6005e+01   1.8140e+00   0.0000e+00   0.0000e+00   2.6259e+02
20191207_09:00:00   8.7961e-02   2.6631e+01   1.9157e+00   0.0000e+00   0.0000e+00   2.6230e+02
20191207_12:00:00   1.0181e-01   2.9909e+01   2.2691e+00   0.0000e+00   0.0000e+00   2.6609e+02
20191207_15:00:00   1.1093e-01   3.2111e+01   2.5231e+00   0.0000e+00   0.0000e+00   2.6568e+02
20191207_18:00:00   1.6892e-01   4.5313e+01   3.8833e+00   0.0000e+00   1.4058e-03   2.6479e+02
20191207_21:00:00   1.7229e-01   4.5918e+01   3.9697e+00   7.3300e-05   5.2512e-04   2.6260e+02
20191208_00:00:00   9.0856e-02   2.7482e+01   1.9811e+00   0.0000e+00   0.0000e+00   2.6240e+02
20191208_03:00:00   7.9926e-02   2.4929e+01   1.6979e+00   0.0000e+00   0.0000e+00   2.5978e+02
20191208_06:00:00   6.2103e-02   2.0515e+01   1.2756e+00   0.0000e+00   0.0000e+00   2.5898e+02
20191208_09:00:00   4.6702e-02   1.6594e+01   9.1272e-01   0.0000e+00   0.0000e+00   2.6058e+02
20191208_12:00:00   3.5808e-02   1.3740e+01   6.5064e-01   0.0000e+00   0.0000e+00   2.6006e+02
20191208_15:00:00   5.1372e-02   1.7841e+01   1.0415e+00   0.0000e+00   0.0000e+00   2.6396e+02
20191208_18:00:00   5.5961e-02   1.9008e+01   1.1536e+00   0.0000e+00   0.0000e+00   2.5879e+02
20191208_21:00:00   5.7838e-02   1.9427e+01   1.2090e+00   0.0000e+00   0.0000e+00   2.5809e+02
20191209_00:00:00   6.9581e-02   2.2424e+01   1.4575e+00   0.0000e+00   0.0000e+00   2.5503e+02
20191209_03:00:00   4.1911e-02   1.5373e+01   8.0912e-01   0.0000e+00   7.2860e-05   2.5889e+02
20191209_06:00:00   3.9835e-02   1.4783e+01   7.6885e-01   0.0000e+00   0.0000e+00   2.5876e+02
20191209_09:00:00   3.8326e-02   1.4395e+01   7.2704e-01   0.0000e+00   0.0000e+00   2.5755e+02
20191209_12:00:00   3.6683e-02   1.3957e+01   6.8991e-01   0.0000e+00   0.0000e+00   2.5884e+02
20191209_15:00:00   5.8474e-02   1.9611e+01   1.2546e+00   0.0000e+00   0.0000e+00   2.5620e+02
20191209_18:00:00   8.0249e-02   2.5051e+01   1.8127e+00   0.0000e+00   0.0000e+00   2.5549e+02
20191209_21:00:00   9.6398e-02   2.8766e+01   2.2476e+00   0.0000e+00   0.0000e+00   2.5401e+02
20191210_00:00:00   8.1985e-02   2.5485e+01   1.8181e+00   0.0000e+00   1.9921e-05   2.5227e+02
20191210_03:00:00   4.8989e-02   1.7159e+01   1.0227e+00   0.0000e+00   2.6265e-04   2.5361e+02
20191210_06:00:00   3.2800e-02   1.2895e+01   6.0268e-01   0.0000e+00   5.3647e-05   2.5413e+02
20191210_09:00:00   2.9855e-02   1.2088e+01   5.2823e-01   0.0000e+00   2.6175e-05   2.5325e+02
20191210_12:00:00   3.0971e-02   1.2388e+01   5.6131e-01   0.0000e+00   3.6303e-05   2.5264e+02
20191210_15:00:00   4.4445e-02   1.6004e+01   9.0833e-01   0.0000e+00   5.7939e-04   2.5305e+02
20191210_18:00:00   4.6670e-02   1.6575e+01   9.6852e-01   0.0000e+00   1.3250e-04   2.4982e+02
20191210_21:00:00   6.5705e-02   2.1408e+01   1.4414e+00   0.0000e+00   0.0000e+00   2.4948e+02
20191211_00:00:00   5.8379e-02   1.9596e+01   1.2334e+00   0.0000e+00   7.4160e-04   2.4929e+02
20191211_03:00:00   3.3774e-02   1.3170e+01   6.3913e-01   0.0000e+00   1.5170e-03   2.4970e+02
20191211_06:00:00   3.0110e-02   1.2139e+01   5.4692e-01   0.0000e+00   2.3639e-03   2.4909e+02
20191211_09:00:00   2.7865e-02   1.1536e+01   4.8710e-01   0.0000e+00   9.8161e-04   2.5128e+02
20191211_12:00:00   2.8677e-02   1.1797e+01   4.9774e-01   0.0000e+00   1.1196e-05   2.5061e+02
20191211_15:00:00   4.2182e-02   1.5478e+01   8.3513e-01   0.0000e+00   3.2100e-05   2.5021e+02
20191211_18:00:00   5.5408e-02   1.8900e+01   1.1667e+00   0.0000e+00   0.0000e+00   2.4830e+02
20191211_21:00:00   6.4546e-02   2.1142e+01   1.3962e+00   0.0000e+00   0.0000e+00   2.4830e+02
20191212_00:00:00   6.4361e-02   2.1140e+01   1.3573e+00   0.0000e+00   0.0000e+00   2.5097e+02
20191212_03:00:00   4.0128e-02   1.4929e+01   7.8613e-01   0.0000e+00   0.0000e+00   2.5361e+02
20191212_06:00:00   3.3771e-02   1.3228e+01   6.1768e-01   0.0000e+00   0.0000e+00   2.5586e+02
20191212_09:00:00   3.6900e-02   1.4031e+01   6.9970e-01   0.0000e+00   0.0000e+00   2.5926e+02
20191212_12:00:00   4.0536e-02   1.5012e+01   7.8883e-01   0.0000e+00   0.0000e+00   2.5575e+02
20191212_15:00:00   6.3868e-02   2.1049e+01   1.3944e+00   0.0000e+00   0.0000e+00   2.5507e+02
20191212_18:00:00   1.0824e-01   3.1896e+01   2.5199e+00   0.0000e+00   0.0000e+00   2.5393e+02
20191212_21:00:00   1.3566e-01   3.7993e+01   3.2290e+00   0.0000e+00   0.0000e+00   2.5365e+02
20191213_00:00:00   1.2990e-01   3.6826e+01   3.0857e+00   0.0000e+00   0.0000e+00   2.5332e+02
20191213_03:00:00   1.1864e-01   3.4284e+01   2.7616e+00   0.0000e+00   0.0000e+00   2.5325e+02
20191213_06:00:00   1.3279e-01   3.7581e+01   3.0747e+00   0.0000e+00   0.0000e+00   2.5457e+02
20191213_09:00:00   1.3016e-01   3.6974e+01   3.0033e+00   0.0000e+00   0.0000e+00   2.5333e+02
20191213_12:00:00   1.0650e-01   3.1536e+01   2.4121e+00   0.0000e+00   0.0000e+00   2.5628e+02
20191213_15:00:00   1.1781e-01   3.4019e+01   2.7977e+00   0.0000e+00   0.0000e+00   2.5687e+02
20191213_18:00:00   1.4652e-01   4.0559e+01   3.5458e+00   0.0000e+00   8.2220e-05   2.5657e+02
20191213_21:00:00   1.4146e-01   3.9469e+01   3.3738e+00   0.0000e+00   0.0000e+00   2.5640e+02
20191214_00:00:00   1.2750e-01   3.6208e+01   3.0473e+00   0.0000e+00   0.0000e+00   2.5684e+02
20191214_03:00:00   9.0975e-02   2.7570e+01   2.1256e+00   0.0000e+00   0.0000e+00   2.5606e+02
20191214_06:00:00   5.6720e-02   1.9195e+01   1.2113e+00   0.0000e+00   0.0000e+00   2.5592e+02
20191214_09:00:00   4.2625e-02   1.5544e+01   8.5338e-01   0.0000e+00   0.0000e+00   2.5786e+02
20191214_12:00:00   3.7738e-02   1.4229e+01   7.3780e-01   0.0000e+00   0.0000e+00   2.5818e+02
20191214_15:00:00   4.9585e-02   1.7339e+01   1.0518e+00   0.0000e+00   0.0000e+00   2.5568e+02
20191214_18:00:00   5.8815e-02   1.9674e+01   1.2969e+00   0.0000e+00   0.0000e+00   2.5569e+02
20191214_21:00:00   7.7280e-02   2.4300e+01   1.7507e+00   0.0000e+00   0.0000e+00   2.5516e+02
20191215_00:00:00   6.9084e-02   2.2292e+01   1.5277e+00   0.0000e+00   0.0000e+00   2.5422e+02
20191215_03:00:00   5.5815e-02   1.8866e+01   1.2316e+00   0.0000e+00   0.0000e+00   2.5379e+02
20191215_06:00:00   4.8986e-02   1.7069e+01   1.0615e+00   0.0000e+00   0.0000e+00   2.5461e+02
20191215_09:00:00   4.1809e-02   1.5222e+01   8.6533e-01   0.0000e+00   0.0000e+00   2.5554e+02
20191215_12:00:00   4.0010e-02   1.4788e+01   8.1024e-01   0.0000e+00   0.0000e+00   2.5497e+02
20191215_15:00:00   5.2352e-02   1.8037e+01   1.1309e+00   0.0000e+00   0.0000e+00   2.5375e+02
20191215_18:00:00   5.3337e-02   1.8324e+01   1.1482e+00   0.0000e+00   0.0000e+00   2.5171e+02
