#            date       tau225        Tb[K]      pwv[mm] lwp[kg*m^-2] iwp[kg*m^-2]       o3[DU]
20191116_18:00:00   2.3776e-01   5.9966e+01   5.0456e+00   0.0000e+00   5.4584e-02   2.8651e+02
20191116_19:00:00   2.4720e-01   6.1868e+01   5.1957e+00   0.0000e+00   1.1601e-01   2.8811e+02
20191116_20:00:00   2.6531e-01   6.5477e+01   5.5881e+00   0.0000e+00   1.0408e-01   2.8912e+02
20191116_21:00:00   2.5313e-01   6.3221e+01   5.3364e+00   0.0000e+00   3.6499e-03   2.8639e+02
20191116_22:00:00   2.2960e-01   5.8558e+01   4.7881e+00   0.0000e+00   2.8736e-05   2.8556e+02
20191116_23:00:00   2.1392e-01   5.5268e+01   4.4584e+00   0.0000e+00   0.0000e+00   2.8582e+02
20191117_00:00:00   2.1029e-01   5.4487e+01   4.3715e+00   0.0000e+00   0.0000e+00   2.8683e+02
20191117_01:00:00   2.1252e-01   5.5064e+01   4.3832e+00   0.0000e+00   0.0000e+00   2.8805e+02
20191117_02:00:00   2.1068e-01   5.4764e+01   4.3384e+00   0.0000e+00   0.0000e+00   2.8948e+02
20191117_03:00:00   2.1208e-01   5.5132e+01   4.3512e+00   0.0000e+00   0.0000e+00   2.8802e+02
20191117_04:00:00   2.1706e-01   5.6204e+01   4.4392e+00   0.0000e+00   0.0000e+00   2.8738e+02
20191117_05:00:00   2.2160e-01   5.7172e+01   4.5269e+00   0.0000e+00   0.0000e+00   2.8628e+02
20191117_06:00:00   2.2106e-01   5.7139e+01   4.5186e+00   0.0000e+00   0.0000e+00   2.8593e+02
20191117_07:00:00   2.1914e-01   5.6814e+01   4.4683e+00   0.0000e+00   0.0000e+00   2.8606e+02
20191117_08:00:00   2.1241e-01   5.5457e+01   4.3043e+00   0.0000e+00   0.0000e+00   2.8652e+02
20191117_09:00:00   1.9200e-01   5.1197e+01   3.8417e+00   0.0000e+00   0.0000e+00   2.8705e+02
20191117_10:00:00   1.6780e-01   4.5965e+01   3.3135e+00   0.0000e+00   0.0000e+00   2.8718e+02
20191117_11:00:00   1.4507e-01   4.0908e+01   2.8128e+00   0.0000e+00   0.0000e+00   2.8902e+02
20191117_12:00:00   1.2818e-01   3.7074e+01   2.4310e+00   0.0000e+00   0.0000e+00   2.9190e+02
20191117_13:00:00   1.2294e-01   3.5890e+01   2.2958e+00   0.0000e+00   0.0000e+00   2.9326e+02
20191117_14:00:00   1.1271e-01   3.3473e+01   2.0785e+00   0.0000e+00   0.0000e+00   2.9297e+02
20191117_15:00:00   9.8745e-02   3.0108e+01   1.7833e+00   0.0000e+00   0.0000e+00   2.9164e+02
20191117_16:00:00   8.4574e-02   2.6614e+01   1.4921e+00   0.0000e+00   0.0000e+00   2.9146e+02
20191117_17:00:00   7.7333e-02   2.4798e+01   1.3415e+00   0.0000e+00   0.0000e+00   2.9216e+02
20191117_18:00:00   6.8627e-02   2.2584e+01   1.1619e+00   0.0000e+00   0.0000e+00   2.9116e+02
20191117_19:00:00   6.2089e-02   2.0890e+01   1.0298e+00   0.0000e+00   0.0000e+00   2.8948e+02
20191117_20:00:00   6.3154e-02   2.1164e+01   1.0506e+00   0.0000e+00   0.0000e+00   2.8746e+02
20191117_21:00:00   6.6511e-02   2.2007e+01   1.1223e+00   0.0000e+00   0.0000e+00   2.8686e+02
20191117_22:00:00   6.1621e-02   2.0736e+01   1.0277e+00   0.0000e+00   0.0000e+00   2.8629e+02
20191117_23:00:00   5.5513e-02   1.9148e+01   9.0525e-01   0.0000e+00   0.0000e+00   2.8502e+02
20191118_00:00:00   5.4794e-02   1.8961e+01   8.9559e-01   0.0000e+00   0.0000e+00   2.8338e+02
20191118_01:00:00   5.5601e-02   1.9175e+01   9.2045e-01   0.0000e+00   0.0000e+00   2.8278e+02
20191118_02:00:00   5.7885e-02   1.9769e+01   9.7468e-01   0.0000e+00   0.0000e+00   2.8276e+02
20191118_03:00:00   6.0772e-02   2.0525e+01   1.0416e+00   0.0000e+00   0.0000e+00   2.8102e+02
20191118_04:00:00   6.3543e-02   2.1241e+01   1.1089e+00   0.0000e+00   4.4990e-06   2.7932e+02
20191118_05:00:00   6.5922e-02   2.1840e+01   1.1687e+00   0.0000e+00   8.8880e-05   2.7678e+02
20191118_06:00:00   6.8940e-02   2.2599e+01   1.2409e+00   0.0000e+00   6.1100e-05   2.7405e+02
20191118_07:00:00   7.2625e-02   2.3501e+01   1.3351e+00   0.0000e+00   8.5880e-04   2.7210e+02
20191118_08:00:00   7.3276e-02   2.3627e+01   1.3616e+00   0.0000e+00   3.8709e-03   2.7152e+02
20191118_09:00:00   7.3915e-02   2.3756e+01   1.3836e+00   0.0000e+00   6.2684e-03   2.7108e+02
20191118_10:00:00   7.4487e-02   2.3857e+01   1.4115e+00   0.0000e+00   5.9852e-03   2.7159e+02
20191118_11:00:00   7.3738e-02   2.3644e+01   1.4023e+00   0.0000e+00   3.8206e-03   2.7103e+02
20191118_12:00:00   7.5731e-02   2.4127e+01   1.4510e+00   0.0000e+00   3.8216e-03   2.7003e+02
20191118_13:00:00   7.9903e-02   2.5185e+01   1.5450e+00   0.0000e+00   2.5298e-03   2.7036e+02
20191118_14:00:00   8.7472e-02   2.7102e+01   1.7124e+00   0.0000e+00   1.9118e-03   2.7019e+02
20191118_15:00:00   1.0013e-01   3.0238e+01   1.9947e+00   0.0000e+00   2.6548e-03   2.6900e+02
20191118_16:00:00   1.1140e-01   3.2974e+01   2.2519e+00   0.0000e+00   3.7535e-03   2.6793e+02
20191118_17:00:00   1.1971e-01   3.4957e+01   2.4453e+00   0.0000e+00   1.7074e-03   2.6767e+02
20191118_18:00:00   1.2371e-01   3.5938e+01   2.5329e+00   0.0000e+00   3.4017e-03   2.6692e+02
20191118_19:00:00   1.2295e-01   3.5778e+01   2.5184e+00   0.0000e+00   3.6716e-03   2.6618e+02
20191118_20:00:00   1.2309e-01   3.5814e+01   2.5216e+00   0.0000e+00   1.4898e-03   2.6664e+02
20191118_21:00:00   1.2358e-01   3.5911e+01   2.5331e+00   0.0000e+00   2.8452e-03   2.6732e+02
20191118_22:00:00   1.2494e-01   3.6202e+01   2.5637e+00   0.0000e+00   7.8194e-03   2.6869e+02
20191118_23:00:00   1.2817e-01   3.6877e+01   2.6509e+00   0.0000e+00   1.0646e-02   2.6917e+02
20191119_00:00:00   1.3243e-01   3.7761e+01   2.7764e+00   0.0000e+00   1.8544e-02   2.6941e+02
20191119_01:00:00   1.4262e-01   3.9979e+01   3.0294e+00   0.0000e+00   2.2569e-02   2.6832e+02
20191119_02:00:00   1.5336e-01   4.2341e+01   3.2853e+00   0.0000e+00   1.4645e-02   2.6854e+02
20191119_03:00:00   1.7735e-01   4.7549e+01   3.8481e+00   0.0000e+00   3.2614e-02   2.6797e+02
20191119_04:00:00   1.9727e-01   5.1691e+01   4.3259e+00   0.0000e+00   6.1568e-02   2.6780e+02
20191119_05:00:00   1.8709e-01   4.9427e+01   4.1216e+00   0.0000e+00   5.4032e-02   2.6862e+02
20191119_06:00:00   1.8572e-01   4.8857e+01   4.0513e+00   0.0000e+00   2.0819e-01   2.6994e+02
20191119_07:00:00   2.1047e-01   5.4065e+01   4.5993e+00   0.0000e+00   2.3058e-01   2.7132e+02
20191119_08:00:00   3.3330e-01   7.9341e+01   7.1622e+00   0.0000e+00   1.1228e-01   2.7469e+02
20191119_09:00:00   4.5028e-01   1.0116e+02   9.1699e+00   0.0000e+00   3.7088e-03   2.7641e+02
20191119_10:00:00   4.6077e-01   1.0357e+02   8.9637e+00   5.7380e-04   3.0600e-06   2.7805e+02
20191119_11:00:00   4.8166e-01   1.0724e+02   8.6426e+00   1.3494e-02   3.0720e-06   2.7433e+02
20191119_12:00:00   6.1956e-01   1.2861e+02   8.8443e+00   6.4747e-02   3.9723e-05   2.7205e+02
20191119_13:00:00   1.2992e+00   2.0015e+02   9.1868e+00   3.3561e-01   2.6228e-04   2.7098e+02
20191119_14:00:00   1.8811e+00   2.3233e+02   9.5205e+00   5.7160e-01   2.0864e-03   2.7118e+02
20191119_15:00:00   5.4024e-01   1.1642e+02   8.4279e+00   4.0438e-02   2.7338e-04   2.7074e+02
20191119_16:00:00   7.7313e-01   1.4912e+02   8.5255e+00   1.2984e-01   5.3370e-04   2.7214e+02
20191119_17:00:00   1.6712e+00   2.2266e+02   8.8288e+00   4.9713e-01   1.2059e-03   2.7499e+02
20191119_18:00:00   4.2366e-01   9.6870e+01   7.6550e+00   8.5900e-03   1.6950e-02   2.7666e+02
20191119_19:00:00   3.9004e-01   9.0658e+01   7.5009e+00   0.0000e+00   3.9718e-02   2.7836e+02
20191119_20:00:00   4.4155e-01   9.9133e+01   8.7082e+00   0.0000e+00   1.4401e-01   2.7773e+02
20191119_21:00:00   5.3555e-01   1.1368e+02   1.0560e+01   1.8260e-04   4.3378e-01   2.7773e+02
20191119_22:00:00   5.6236e-01   1.1767e+02   1.0645e+01   9.3296e-03   4.6189e-01   2.7846e+02
20191119_23:00:00   1.3301e+00   1.9976e+02   1.1556e+01   3.1283e-01   3.8245e-01   2.7909e+02
20191120_00:00:00   8.4031e-01   1.5476e+02   1.0981e+01   1.1270e-01   9.7372e-01   2.7674e+02
20191120_01:00:00   1.1051e+00   1.8216e+02   1.1240e+01   2.1121e-01   1.0898e+00   2.7759e+02
20191120_02:00:00   1.2530e+00   1.9355e+02   1.0866e+01   2.8827e-01   1.0291e+00   2.8133e+02
20191120_03:00:00   5.8255e-01   1.2029e+02   1.0120e+01   2.1497e-02   7.5306e-01   2.8071e+02
20191120_04:00:00   4.0927e-01   9.2435e+01   8.0566e+00   1.9423e-03   9.3199e-02   2.7949e+02
20191120_05:00:00   4.5086e-01   9.9348e+01   8.3693e+00   1.1264e-02   1.0435e-01   2.8308e+02
20191120_06:00:00   3.5574e-01   8.2231e+01   7.1428e+00   0.0000e+00   1.1498e-01   2.8096e+02
20191120_07:00:00   3.2132e-01   7.5688e+01   6.4748e+00   0.0000e+00   1.0445e-01   2.8465e+02
20191120_08:00:00   4.0195e-01   9.0465e+01   7.7384e+00   2.8330e-03   1.1495e-01   2.8484e+02
20191120_09:00:00   4.1287e-01   9.2337e+01   7.7896e+00   5.4146e-03   9.0740e-02   2.8511e+02
20191120_10:00:00   3.6464e-01   8.3792e+01   7.1852e+00   0.0000e+00   3.6095e-02   2.8364e+02
20191120_11:00:00   3.1293e-01   7.4217e+01   6.2818e+00   0.0000e+00   4.4223e-03   2.8496e+02
20191120_12:00:00   2.6248e-01   6.4418e+01   5.3266e+00   0.0000e+00   1.7744e-05   2.8370e+02
20191120_13:00:00   2.3431e-01   5.8867e+01   4.7360e+00   0.0000e+00   1.5582e-03   2.8323e+02
20191120_14:00:00   1.8177e-01   4.8232e+01   3.5015e+00   3.7950e-04   1.0890e-05   2.8456e+02
20191120_15:00:00   2.6809e-01   6.6671e+01   3.8571e+00   2.8610e-02   5.7440e-05   2.8604e+02
20191120_16:00:00   9.8749e-01   1.7094e+02   5.4229e+00   2.9356e-01   3.8143e-03   2.8505e+02
20191120_17:00:00   1.0449e+00   1.7610e+02   5.8503e+00   3.0901e-01   6.5556e-02   2.8572e+02
20191120_18:00:00   7.6860e-01   1.4648e+02   5.5131e+00   1.9968e-01   5.9152e-02   2.8813e+02
20191120_19:00:00   1.1145e+00   1.8220e+02   6.1907e+00   3.3225e-01   4.9055e-02   2.8993e+02
20191120_20:00:00   6.1647e-01   1.2562e+02   6.2396e+00   1.2188e-01   8.3696e-02   2.9121e+02
20191120_21:00:00   1.4892e+00   2.0890e+02   6.7539e+00   4.8681e-01   1.0855e-01   2.9162e+02
20191120_22:00:00   2.0025e+00   2.3282e+02   7.5931e+00   6.9561e-01   3.5907e-01   2.9396e+02
20191120_23:00:00   4.1479e-01   9.3209e+01   5.9924e+00   4.3464e-02   9.7130e-02   3.0133e+02
20191121_00:00:00   3.9596e-01   8.9974e+01   5.4326e+00   4.6556e-02   1.8045e-03   3.0380e+02
20191121_01:00:00   8.6427e-01   1.5625e+02   5.7660e+00   2.4001e-01   5.6659e-02   3.0495e+02
20191121_02:00:00   2.8255e-01   6.8427e+01   4.9544e+00   7.7010e-03   6.4631e-04   3.0316e+02
20191121_03:00:00   1.6358e-01   4.4044e+01   2.6833e+00   6.2012e-03   7.1942e-05   3.0453e+02
20191121_04:00:00   2.4546e-01   6.1709e+01   2.2909e+00   4.8722e-02   7.1203e-04   3.0658e+02
20191121_05:00:00   4.6512e-01   1.0183e+02   2.6577e+00   1.3664e-01   2.9163e-03   3.0510e+02
20191121_06:00:00   1.8522e-01   4.8751e+01   2.2915e+00   2.2348e-02   1.5750e-03   3.0554e+02
20191121_07:00:00   1.0359e-01   3.0253e+01   1.7154e+00   1.3810e-04   2.6590e-06   3.0799e+02
20191121_08:00:00   1.5880e-01   4.2943e+01   1.7402e+00   2.3413e-02   3.0989e-04   3.0934e+02
20191121_09:00:00   4.9768e-01   1.0663e+02   2.5133e+00   1.5561e-01   2.4872e-02   3.1045e+02
20191121_10:00:00   2.7095e-01   6.6336e+01   2.3924e+00   5.7960e-02   1.0824e-02   3.0844e+02
20191121_11:00:00   2.0793e-01   5.3359e+01   2.4241e+00   2.9300e-02   2.1863e-02   3.0834e+02
20191121_12:00:00   2.2712e-01   5.6743e+01   4.0312e+00   4.5491e-04   1.7441e-01   3.1112e+02
20191121_13:00:00   6.0053e-01   1.2155e+02   4.8810e+00   1.4266e-01   4.9310e-01   3.1259e+02
20191121_14:00:00   2.9116e-01   6.9617e+01   4.2394e+00   2.1589e-02   2.8471e-01   3.1217e+02
20191121_15:00:00   2.1130e-01   5.3579e+01   3.6462e+00   3.1360e-03   1.9297e-02   3.1045e+02
20191121_16:00:00   2.5045e-01   6.1496e+01   3.9646e+00   1.3983e-02   2.0677e-02   3.0843e+02
20191121_17:00:00   2.8516e-01   6.8279e+01   4.5800e+00   1.2320e-02   2.0627e-01   3.0759e+02
20191121_18:00:00   2.7242e-01   6.5965e+01   4.1626e+00   1.5835e-02   1.8325e-01   3.0861e+02
20191121_21:00:00   1.8423e-01   4.8109e+01   3.0385e+00   4.5198e-03   6.2083e-03   2.9780e+02
20191122_00:00:00   1.7360e-01   4.5752e+01   3.0736e+00   5.2340e-04   9.5495e-03   2.8728e+02
20191122_03:00:00   1.4292e-01   3.9027e+01   2.5689e+00   0.0000e+00   7.4490e-06   2.7920e+02
20191122_06:00:00   9.4541e-02   2.8136e+01   1.6290e+00   0.0000e+00   0.0000e+00   2.7094e+02
20191122_09:00:00   7.9627e-02   2.4380e+01   1.4946e+00   0.0000e+00   3.6344e-04   2.6744e+02
20191122_12:00:00   8.7514e-02   2.6146e+01   1.7424e+00   0.0000e+00   7.7503e-05   2.6378e+02
20191122_15:00:00   9.1287e-02   2.7068e+01   1.8295e+00   0.0000e+00   0.0000e+00   2.6413e+02
20191122_18:00:00   1.1343e-01   3.2052e+01   2.4078e+00   0.0000e+00   7.4740e-06   2.6466e+02
20191122_21:00:00   1.1806e-01   3.3290e+01   2.4919e+00   0.0000e+00   0.0000e+00   2.6189e+02
20191123_00:00:00   1.1819e-01   3.3325e+01   2.5166e+00   0.0000e+00   0.0000e+00   2.5913e+02
20191123_03:00:00   1.1792e-01   3.3252e+01   2.5307e+00   0.0000e+00   0.0000e+00   2.5813e+02
20191123_06:00:00   1.2507e-01   3.5000e+01   2.6783e+00   0.0000e+00   0.0000e+00   2.5895e+02
20191123_09:00:00   1.3064e-01   3.6161e+01   2.8258e+00   0.0000e+00   3.9820e-03   2.5764e+02
20191123_12:00:00   1.5092e-01   4.0631e+01   3.2823e+00   0.0000e+00   2.8658e-02   2.5562e+02
20191123_15:00:00   1.3966e-01   3.8086e+01   3.0118e+00   0.0000e+00   7.7041e-03   2.5564e+02
20191123_18:00:00   1.1135e-01   3.1961e+01   2.2908e+00   0.0000e+00   2.1705e-03   2.5576e+02
20191123_21:00:00   9.2925e-02   2.7720e+01   1.8493e+00   0.0000e+00   9.1863e-05   2.5809e+02
20191124_00:00:00   9.7173e-02   2.8799e+01   1.9378e+00   0.0000e+00   3.7033e-03   2.5666e+02
20191124_03:00:00   1.2221e-01   3.4669e+01   2.5185e+00   0.0000e+00   8.5985e-03   2.5592e+02
20191124_06:00:00   1.5359e-01   4.1642e+01   3.2449e+00   0.0000e+00   2.2364e-02   2.5890e+02
20191124_09:00:00   1.6146e-01   4.3501e+01   3.3472e+00   0.0000e+00   2.9209e-02   2.6078e+02
20191124_12:00:00   1.4889e-01   4.0692e+01   3.0471e+00   0.0000e+00   7.9567e-04   2.5990e+02
20191124_15:00:00   1.6298e-01   4.3736e+01   3.3202e+00   0.0000e+00   0.0000e+00   2.6302e+02
20191124_18:00:00   1.6012e-01   4.3286e+01   3.1221e+00   0.0000e+00   0.0000e+00   2.6612e+02
20191124_21:00:00   2.5725e-01   6.3956e+01   3.5611e+00   2.6846e-02   1.5855e-03   2.6584e+02
20191125_00:00:00   1.4664e-01   4.0038e+01   2.7036e+00   0.0000e+00   1.3630e-06   2.6091e+02
20191125_03:00:00   2.7323e-01   6.6712e+01   4.0043e+00   2.3941e-02   2.1161e-03   2.6051e+02
20191125_06:00:00   1.6463e-01   4.4122e+01   2.8870e+00   9.3290e-04   6.2514e-03   2.5995e+02
20191125_09:00:00   1.4237e-01   3.9314e+01   2.1229e+00   9.9230e-03   6.0170e-05   2.5929e+02
20191125_12:00:00   1.4809e-01   4.0394e+01   2.7361e+00   3.3930e-04   1.0470e-05   2.6033e+02
20191125_15:00:00   1.5290e-01   4.1432e+01   2.8788e+00   0.0000e+00   0.0000e+00   2.6156e+02
20191125_18:00:00   1.3517e-01   3.7485e+01   2.4356e+00   1.4800e-03   1.6710e-05   2.6380e+02
20191125_21:00:00   1.3090e-01   3.6476e+01   2.3720e+00   1.2650e-03   2.0890e-05   2.6278e+02
20191126_00:00:00   1.8256e-01   4.7369e+01   3.5703e+00   6.5030e-04   3.9469e-02   2.6323e+02
20191126_03:00:00   2.0210e-01   5.1443e+01   3.9682e+00   1.2750e-04   1.8384e-02   2.6696e+02
20191126_06:00:00   1.9446e-01   5.0000e+01   3.6732e+00   0.0000e+00   1.6751e-03   2.7123e+02
20191126_09:00:00   1.5457e-01   4.1649e+01   2.7265e+00   0.0000e+00   2.0200e-05   2.8035e+02
20191126_12:00:00   1.3995e-01   3.8076e+01   2.4693e+00   0.0000e+00   7.2893e-03   2.9278e+02
20191126_15:00:00   2.5470e-01   6.1725e+01   4.4516e+00   0.0000e+00   3.8821e-01   3.0815e+02
20191126_18:00:00   2.5140e-01   6.1066e+01   4.4087e+00   4.8300e-05   3.7872e-01   3.1033e+02
20191126_21:00:00   2.2195e-01   5.5087e+01   4.0320e+00   0.0000e+00   1.2048e-01   3.1398e+02
20191127_00:00:00   2.1153e-01   5.3121e+01   3.8743e+00   0.0000e+00   5.4049e-03   3.0330e+02
20191127_03:00:00   1.6778e-01   4.4176e+01   3.0630e+00   0.0000e+00   8.5560e-05   2.8384e+02
20191127_06:00:00   1.2638e-01   3.5320e+01   2.2141e+00   0.0000e+00   0.0000e+00   2.7768e+02
20191127_09:00:00   7.7957e-02   2.4095e+01   1.2539e+00   0.0000e+00   0.0000e+00   2.7541e+02
20191127_12:00:00   6.3813e-02   2.0515e+01   1.0167e+00   0.0000e+00   2.0860e-05   2.6708e+02
20191127_15:00:00   8.2725e-02   2.4808e+01   1.4875e+00   0.0000e+00   5.8644e-04   2.6367e+02
20191127_18:00:00   7.1536e-02   2.2398e+01   1.1954e+00   0.0000e+00   0.0000e+00   2.6157e+02
20191127_21:00:00   6.8969e-02   2.1863e+01   1.1108e+00   0.0000e+00   0.0000e+00   2.6514e+02
20191128_00:00:00   6.2034e-02   2.0219e+01   9.6352e-01   0.0000e+00   0.0000e+00   2.6405e+02
20191128_03:00:00   4.4967e-02   1.6013e+01   6.0278e-01   0.0000e+00   0.0000e+00   2.5887e+02
20191128_06:00:00   3.6194e-02   1.3700e+01   4.4652e-01   0.0000e+00   0.0000e+00   2.5307e+02
20191128_09:00:00   4.2649e-02   1.5257e+01   6.3364e-01   0.0000e+00   0.0000e+00   2.5107e+02
20191128_12:00:00   5.3519e-02   1.7858e+01   9.3139e-01   0.0000e+00   3.3283e-05   2.5227e+02
20191128_15:00:00   7.3022e-02   2.2371e+01   1.4618e+00   0.0000e+00   1.7235e-03   2.4750e+02
20191128_18:00:00   8.7981e-02   2.5817e+01   1.8478e+00   0.0000e+00   8.1235e-04   2.4757e+02
20191128_21:00:00   1.1453e-01   3.1895e+01   2.4840e+00   0.0000e+00   6.1402e-03   2.4947e+02
20191129_00:00:00   1.1656e-01   3.2409e+01   2.5314e+00   0.0000e+00   2.5489e-03   2.4884e+02
20191129_03:00:00   1.0937e-01   3.0697e+01   2.3524e+00   0.0000e+00   4.0862e-02   2.4913e+02
20191129_06:00:00   1.1535e-01   3.2050e+01   2.5049e+00   0.0000e+00   1.5435e-02   2.5314e+02
20191129_09:00:00   1.1365e-01   3.1747e+01   2.4304e+00   0.0000e+00   2.7622e-02   2.5129e+02
20191129_12:00:00   9.1426e-02   2.6908e+01   1.8559e+00   0.0000e+00   1.9691e-03   2.5484e+02
20191129_15:00:00   8.4371e-02   2.5400e+01   1.6525e+00   0.0000e+00   2.1099e-03   2.5811e+02
20191129_18:00:00   8.3695e-02   2.5453e+01   1.5844e+00   0.0000e+00   0.0000e+00   2.5884e+02
20191129_21:00:00   8.3294e-02   2.5581e+01   1.5143e+00   0.0000e+00   0.0000e+00   2.6689e+02
20191130_00:00:00   8.2329e-02   2.5408e+01   1.4592e+00   0.0000e+00   0.0000e+00   2.6905e+02
20191130_03:00:00   6.9692e-02   2.2131e+01   1.2395e+00   0.0000e+00   0.0000e+00   2.6933e+02
20191130_06:00:00   9.0346e-02   2.6941e+01   1.7600e+00   0.0000e+00   0.0000e+00   2.7303e+02
20191130_09:00:00   1.0265e-01   2.9845e+01   2.0282e+00   0.0000e+00   0.0000e+00   2.7685e+02
20191130_12:00:00   1.3110e-01   3.6398e+01   2.6394e+00   0.0000e+00   0.0000e+00   2.7875e+02
20191130_15:00:00   1.3952e-01   3.8224e+01   2.8201e+00   0.0000e+00   9.7837e-05   2.8416e+02
20191130_18:00:00   1.0745e-01   3.0950e+01   2.0966e+00   0.0000e+00   0.0000e+00   2.9222e+02
20191130_21:00:00   1.0391e-01   3.0066e+01   2.0432e+00   0.0000e+00   0.0000e+00   2.8738e+02
20191201_00:00:00   1.2541e-01   3.5244e+01   2.4865e+00   0.0000e+00   0.0000e+00   2.8611e+02
20191201_03:00:00   1.1994e-01   3.4162e+01   2.3441e+00   0.0000e+00   0.0000e+00   2.8276e+02
20191201_06:00:00   1.3015e-01   3.6726e+01   2.5050e+00   0.0000e+00   0.0000e+00   2.8284e+02
20191201_09:00:00   1.3732e-01   3.8422e+01   2.6386e+00   0.0000e+00   0.0000e+00   2.8260e+02
20191201_12:00:00   1.5409e-01   4.2301e+01   2.7422e+00   3.8270e-03   5.0820e-05   2.8309e+02
20191201_15:00:00   1.8747e-01   4.9832e+01   2.5575e+00   2.2176e-02   2.5963e-04   2.8232e+02
20191201_18:00:00   1.7176e-01   4.6385e+01   2.4556e+00   1.8200e-02   1.0546e-04   2.8254e+02
20191201_21:00:00   2.0969e-01   5.4750e+01   2.8516e+00   2.4675e-02   1.3181e-04   2.8781e+02
20191202_00:00:00   1.8266e-01   4.8729e+01   2.8560e+00   1.3670e-02   8.3520e-05   2.8557e+02
20191202_03:00:00   1.4335e-01   3.9824e+01   2.7209e+00   0.0000e+00   0.0000e+00   2.8310e+02
20191202_06:00:00   1.2499e-01   3.5489e+01   2.3593e+00   0.0000e+00   0.0000e+00   2.8311e+02
20191202_09:00:00   1.2547e-01   3.5427e+01   2.4358e+00   0.0000e+00   7.3009e-04   2.8088e+02
20191202_12:00:00   1.2075e-01   3.4155e+01   2.3778e+00   0.0000e+00   1.5053e-03   2.7959e+02
20191202_15:00:00   9.9852e-02   2.9467e+01   1.8699e+00   0.0000e+00   2.6260e-03   2.7692e+02
20191202_18:00:00   8.2105e-02   2.5336e+01   1.4509e+00   0.0000e+00   3.6488e-03   2.7941e+02
