#            date       tau225        Tb[K]      pwv[mm] lwp[kg*m^-2] iwp[kg*m^-2]       o3[DU]
20191030_12:00:00   7.0780e-02   2.2623e+01   1.2633e+00   0.0000e+00   1.4783e-04   2.8128e+02
20191030_13:00:00   6.8446e-02   2.1976e+01   1.2180e+00   0.0000e+00   1.0002e-03   2.8183e+02
20191030_14:00:00   5.0801e-02   1.7386e+01   8.6654e-01   0.0000e+00   2.3244e-03   2.8055e+02
20191030_15:00:00   4.4273e-02   1.5616e+01   7.4177e-01   0.0000e+00   2.2984e-03   2.8038e+02
20191030_16:00:00   4.8312e-02   1.6598e+01   8.5038e-01   0.0000e+00   2.0940e-03   2.8053e+02
20191030_17:00:00   4.4871e-02   1.5737e+01   7.6092e-01   0.0000e+00   1.8995e-03   2.8019e+02
20191030_18:00:00   4.0026e-02   1.4523e+01   6.2865e-01   0.0000e+00   1.0250e-02   2.8004e+02
20191030_19:00:00   3.6016e-02   1.3506e+01   5.2462e-01   0.0000e+00   7.5410e-03   2.8093e+02
20191030_20:00:00   3.1951e-02   1.2505e+01   4.0981e-01   0.0000e+00   2.6337e-03   2.8227e+02
20191030_21:00:00   3.1991e-02   1.2547e+01   4.0191e-01   0.0000e+00   1.4699e-03   2.8226e+02
20191030_22:00:00   3.2124e-02   1.2604e+01   3.9889e-01   0.0000e+00   1.2426e-03   2.8235e+02
20191030_23:00:00   3.1850e-02   1.2543e+01   3.8784e-01   0.0000e+00   2.2463e-03   2.8309e+02
20191031_00:00:00   3.2607e-02   1.2750e+01   4.0535e-01   0.0000e+00   1.8980e-03   2.8379e+02
20191031_01:00:00   3.3485e-02   1.2995e+01   4.2636e-01   0.0000e+00   9.2601e-04   2.8450e+02
20191031_02:00:00   3.3514e-02   1.3018e+01   4.2390e-01   0.0000e+00   4.1940e-04   2.8373e+02
20191031_03:00:00   3.2271e-02   1.2710e+01   3.9132e-01   0.0000e+00   2.0940e-05   2.8359e+02
20191031_04:00:00   3.1938e-02   1.2629e+01   3.8323e-01   0.0000e+00   1.1876e-05   2.8366e+02
20191031_05:00:00   3.2480e-02   1.2780e+01   3.9559e-01   0.0000e+00   3.0620e-06   2.8266e+02
20191031_06:00:00   3.2774e-02   1.2871e+01   4.0243e-01   0.0000e+00   0.0000e+00   2.8210e+02
20191031_07:00:00   3.2322e-02   1.2755e+01   3.9177e-01   0.0000e+00   0.0000e+00   2.8168e+02
20191031_08:00:00   3.2099e-02   1.2697e+01   3.8731e-01   0.0000e+00   0.0000e+00   2.8151e+02
20191031_09:00:00   3.1843e-02   1.2626e+01   3.8258e-01   0.0000e+00   0.0000e+00   2.8165e+02
20191031_10:00:00   3.1701e-02   1.2589e+01   3.8014e-01   0.0000e+00   0.0000e+00   2.8106e+02
20191031_11:00:00   3.1667e-02   1.2577e+01   3.8246e-01   0.0000e+00   0.0000e+00   2.8013e+02
20191031_12:00:00   3.1809e-02   1.2609e+01   3.8789e-01   0.0000e+00   0.0000e+00   2.7976e+02
20191031_13:00:00   3.2061e-02   1.2667e+01   3.9624e-01   0.0000e+00   0.0000e+00   2.8005e+02
20191031_14:00:00   3.2385e-02   1.2742e+01   4.0644e-01   0.0000e+00   0.0000e+00   2.8067e+02
20191031_15:00:00   3.3152e-02   1.2938e+01   4.2669e-01   0.0000e+00   0.0000e+00   2.8079e+02
20191031_16:00:00   3.4372e-02   1.3245e+01   4.5874e-01   0.0000e+00   0.0000e+00   2.8032e+02
20191031_17:00:00   3.5267e-02   1.3484e+01   4.7975e-01   0.0000e+00   0.0000e+00   2.8037e+02
20191031_18:00:00   3.7222e-02   1.3982e+01   5.3041e-01   0.0000e+00   0.0000e+00   2.8098e+02
20191031_19:00:00   3.9730e-02   1.4614e+01   5.9620e-01   0.0000e+00   0.0000e+00   2.8208e+02
20191031_20:00:00   4.1057e-02   1.4967e+01   6.2888e-01   0.0000e+00   0.0000e+00   2.8283e+02
20191031_21:00:00   4.1935e-02   1.5203e+01   6.4942e-01   0.0000e+00   0.0000e+00   2.8203e+02
20191031_22:00:00   4.3087e-02   1.5492e+01   6.8156e-01   0.0000e+00   0.0000e+00   2.8102e+02
20191031_23:00:00   4.3988e-02   1.5723e+01   7.0612e-01   0.0000e+00   0.0000e+00   2.8027e+02
20191101_00:00:00   4.4823e-02   1.5942e+01   7.2857e-01   0.0000e+00   0.0000e+00   2.8018e+02
20191101_01:00:00   4.6155e-02   1.6282e+01   7.6368e-01   0.0000e+00   0.0000e+00   2.8035e+02
20191101_02:00:00   4.7181e-02   1.6547e+01   7.8905e-01   0.0000e+00   0.0000e+00   2.7996e+02
20191101_03:00:00   4.8027e-02   1.6768e+01   8.0807e-01   0.0000e+00   0.0000e+00   2.7921e+02
20191101_04:00:00   4.8918e-02   1.7016e+01   8.2538e-01   0.0000e+00   0.0000e+00   2.7828e+02
20191101_05:00:00   4.9355e-02   1.7150e+01   8.3101e-01   0.0000e+00   0.0000e+00   2.7711e+02
20191101_06:00:00   5.2051e-02   1.7811e+01   9.0240e-01   0.0000e+00   0.0000e+00   2.7561e+02
20191101_07:00:00   5.4984e-02   1.8551e+01   9.7590e-01   0.0000e+00   0.0000e+00   2.7357e+02
20191101_08:00:00   5.7181e-02   1.9084e+01   1.0340e+00   0.0000e+00   0.0000e+00   2.7264e+02
20191101_09:00:00   5.7778e-02   1.9229e+01   1.0502e+00   0.0000e+00   8.7678e-05   2.7296e+02
20191101_10:00:00   5.7388e-02   1.9113e+01   1.0461e+00   0.0000e+00   1.8761e-04   2.7321e+02
20191101_11:00:00   5.7197e-02   1.9058e+01   1.0444e+00   0.0000e+00   1.1638e-04   2.7343e+02
20191101_12:00:00   5.6553e-02   1.8909e+01   1.0247e+00   0.0000e+00   9.1807e-05   2.7412e+02
20191101_13:00:00   5.6574e-02   1.8916e+01   1.0216e+00   0.0000e+00   0.0000e+00   2.7561e+02
20191101_14:00:00   5.6009e-02   1.8790e+01   1.0020e+00   0.0000e+00   7.0900e-05   2.7604e+02
20191101_15:00:00   5.7243e-02   1.9051e+01   1.0427e+00   0.0000e+00   7.0383e-03   2.7563e+02
20191101_16:00:00   5.8924e-02   1.9432e+01   1.0958e+00   0.0000e+00   6.5492e-03   2.7593e+02
20191101_17:00:00   5.8043e-02   1.9232e+01   1.0687e+00   0.0000e+00   1.8148e-03   2.7570e+02
20191101_18:00:00   5.7146e-02   1.9052e+01   1.0352e+00   0.0000e+00   3.8312e-04   2.7512e+02
20191101_19:00:00   5.8760e-02   1.9464e+01   1.0742e+00   0.0000e+00   8.3483e-04   2.7588e+02
20191101_20:00:00   6.0192e-02   1.9834e+01   1.1081e+00   0.0000e+00   1.6759e-04   2.7611e+02
20191101_21:00:00   6.2635e-02   2.0444e+01   1.1680e+00   0.0000e+00   1.0386e-03   2.7712e+02
20191101_22:00:00   6.5645e-02   2.1181e+01   1.2438e+00   0.0000e+00   4.2305e-03   2.7821e+02
20191101_23:00:00   7.0743e-02   2.2372e+01   1.3757e+00   0.0000e+00   2.2920e-02   2.7953e+02
20191102_00:00:00   7.5488e-02   2.3499e+01   1.5079e+00   0.0000e+00   7.4058e-03   2.7911e+02
20191102_01:00:00   7.5463e-02   2.3560e+01   1.4915e+00   0.0000e+00   4.3098e-03   2.7896e+02
20191102_02:00:00   7.8759e-02   2.4346e+01   1.5647e+00   0.0000e+00   2.0507e-02   2.7886e+02
20191102_03:00:00   8.6224e-02   2.6117e+01   1.7493e+00   0.0000e+00   2.7155e-02   2.7778e+02
20191102_04:00:00   9.1201e-02   2.7365e+01   1.8590e+00   0.0000e+00   1.5376e-02   2.7830e+02
20191102_05:00:00   9.8217e-02   2.9093e+01   2.0133e+00   0.0000e+00   1.5191e-02   2.7854e+02
20191102_06:00:00   1.0416e-01   3.0499e+01   2.1525e+00   0.0000e+00   1.4252e-02   2.7856e+02
20191102_07:00:00   1.0779e-01   3.1396e+01   2.2254e+00   0.0000e+00   9.7882e-03   2.7856e+02
20191102_08:00:00   1.1079e-01   3.2071e+01   2.2949e+00   0.0000e+00   1.0835e-02   2.7862e+02
20191102_09:00:00   1.1707e-01   3.3437e+01   2.4555e+00   0.0000e+00   1.6276e-02   2.7819e+02
20191102_10:00:00   1.2765e-01   3.5888e+01   2.6959e+00   0.0000e+00   8.1690e-03   2.7884e+02
20191102_11:00:00   1.4883e-01   4.0849e+01   3.1408e+00   0.0000e+00   7.3783e-03   2.7850e+02
20191102_12:00:00   1.7041e-01   4.5857e+01   3.5773e+00   0.0000e+00   4.7854e-03   2.7922e+02
20191102_13:00:00   1.9280e-01   5.1064e+01   3.9819e+00   0.0000e+00   2.5576e-03   2.8078e+02
20191102_14:00:00   2.1232e-01   5.5362e+01   4.3521e+00   0.0000e+00   1.1856e-02   2.8267e+02
20191102_15:00:00   2.2270e-01   5.7500e+01   4.5868e+00   0.0000e+00   1.6178e-02   2.8359e+02
20191102_16:00:00   2.3309e-01   5.9762e+01   4.7736e+00   0.0000e+00   1.0281e-02   2.8286e+02
20191102_17:00:00   2.5416e-01   6.4009e+01   5.2566e+00   0.0000e+00   5.4210e-03   2.8253e+02
20191102_18:00:00   2.7707e-01   6.8552e+01   5.7838e+00   0.0000e+00   2.6035e-03   2.8195e+02
20191102_19:00:00   2.6957e-01   6.7156e+01   5.5892e+00   0.0000e+00   2.2290e-03   2.7995e+02
20191102_20:00:00   2.7100e-01   6.7419e+01   5.6079e+00   0.0000e+00   1.2521e-02   2.7647e+02
20191102_21:00:00   2.7134e-01   6.7389e+01   5.6416e+00   0.0000e+00   1.2199e-02   2.7405e+02
20191102_22:00:00   2.8183e-01   6.9263e+01   5.9139e+00   0.0000e+00   6.6253e-03   2.7275e+02
20191102_23:00:00   2.8482e-01   6.9681e+01   6.0130e+00   0.0000e+00   5.4752e-03   2.7237e+02
20191103_00:00:00   2.9592e-01   7.1611e+01   6.2610e+00   0.0000e+00   7.5066e-02   2.7232e+02
20191103_01:00:00   3.0993e-01   7.4182e+01   6.5884e+00   0.0000e+00   3.1365e-02   2.7233e+02
20191103_02:00:00   3.2464e-01   7.6931e+01   6.8320e+00   0.0000e+00   1.1083e-01   2.7210e+02
20191103_03:00:00   3.5390e-01   8.2513e+01   7.3728e+00   0.0000e+00   7.3584e-02   2.7179e+02
20191103_04:00:00   3.5887e-01   8.3882e+01   7.3569e+00   0.0000e+00   2.3402e-02   2.7151e+02
20191103_05:00:00   3.1696e-01   7.6395e+01   6.3913e+00   0.0000e+00   2.0118e-03   2.7247e+02
20191103_06:00:00   3.1338e-01   7.5773e+01   6.2817e+00   0.0000e+00   4.9754e-03   2.7320e+02
20191103_07:00:00   3.1223e-01   7.5629e+01   6.2134e+00   0.0000e+00   2.6010e-03   2.7314e+02
20191103_08:00:00   3.0602e-01   7.4642e+01   6.0570e+00   0.0000e+00   0.0000e+00   2.7264e+02
20191103_09:00:00   2.9208e-01   7.1902e+01   5.7820e+00   0.0000e+00   0.0000e+00   2.7183e+02
20191103_10:00:00   2.9447e-01   7.2335e+01   5.8271e+00   0.0000e+00   0.0000e+00   2.7243e+02
20191103_11:00:00   3.1053e-01   7.5463e+01   6.1250e+00   0.0000e+00   2.8740e-06   2.7243e+02
20191103_12:00:00   3.1205e-01   7.5856e+01   6.1336e+00   0.0000e+00   0.0000e+00   2.7136e+02
20191103_13:00:00   2.7460e-01   6.8443e+01   5.4082e+00   0.0000e+00   0.0000e+00   2.7127e+02
20191103_14:00:00   2.5584e-01   6.4554e+01   5.0508e+00   0.0000e+00   0.0000e+00   2.7091e+02
20191103_15:00:00   2.3948e-01   6.1163e+01   4.7206e+00   0.0000e+00   0.0000e+00   2.7109e+02
20191103_16:00:00   2.1990e-01   5.7080e+01   4.3172e+00   0.0000e+00   0.0000e+00   2.6984e+02
20191103_17:00:00   2.2545e-01   5.8194e+01   4.4325e+00   0.0000e+00   0.0000e+00   2.6915e+02
20191103_18:00:00   2.2363e-01   5.7772e+01   4.3997e+00   0.0000e+00   0.0000e+00   2.7011e+02
20191103_19:00:00   2.1609e-01   5.6132e+01   4.2577e+00   0.0000e+00   0.0000e+00   2.6851e+02
20191103_20:00:00   2.3739e-01   6.0519e+01   4.6986e+00   0.0000e+00   1.7756e-05   2.6698e+02
20191103_21:00:00   2.4920e-01   6.2962e+01   4.9216e+00   0.0000e+00   4.9633e-05   2.6805e+02
20191103_22:00:00   2.8102e-01   6.9261e+01   5.5599e+00   0.0000e+00   2.6644e-03   2.6791e+02
20191103_23:00:00   3.1974e-01   7.6620e+01   6.3174e+00   0.0000e+00   2.1830e-02   2.6531e+02
20191104_00:00:00   3.0108e-01   7.3109e+01   5.9371e+00   0.0000e+00   9.3228e-03   2.6395e+02
20191104_01:00:00   2.5530e-01   6.4174e+01   4.9918e+00   0.0000e+00   8.4794e-05   2.6213e+02
20191104_02:00:00   2.0917e-01   5.4628e+01   4.0478e+00   0.0000e+00   0.0000e+00   2.6280e+02
20191104_03:00:00   1.8385e-01   4.9192e+01   3.5235e+00   0.0000e+00   0.0000e+00   2.6264e+02
20191104_04:00:00   1.7233e-01   4.6652e+01   3.2847e+00   0.0000e+00   0.0000e+00   2.6096e+02
20191104_05:00:00   1.7005e-01   4.6184e+01   3.2199e+00   0.0000e+00   0.0000e+00   2.5934e+02
20191104_06:00:00   1.6482e-01   4.5049e+01   3.1013e+00   0.0000e+00   0.0000e+00   2.5962e+02
20191104_07:00:00   1.5734e-01   4.3380e+01   2.9427e+00   0.0000e+00   0.0000e+00   2.5981e+02
20191104_08:00:00   1.4468e-01   4.0522e+01   2.6871e+00   0.0000e+00   0.0000e+00   2.5951e+02
20191104_09:00:00   1.3559e-01   3.8442e+01   2.5000e+00   0.0000e+00   0.0000e+00   2.5825e+02
20191104_10:00:00   1.2425e-01   3.5813e+01   2.2721e+00   0.0000e+00   0.0000e+00   2.5831e+02
20191104_11:00:00   1.1352e-01   3.3298e+01   2.0551e+00   0.0000e+00   0.0000e+00   2.5816e+02
20191104_12:00:00   1.0175e-01   3.0491e+01   1.8190e+00   0.0000e+00   0.0000e+00   2.5957e+02
20191104_15:00:00   7.6725e-02   2.4361e+01   1.3269e+00   0.0000e+00   0.0000e+00   2.6153e+02
20191104_18:00:00   7.9770e-02   2.5054e+01   1.4244e+00   0.0000e+00   0.0000e+00   2.6291e+02
20191104_21:00:00   8.6247e-02   2.6627e+01   1.5814e+00   0.0000e+00   7.2600e-05   2.6260e+02
20191105_00:00:00   7.9325e-02   2.4855e+01   1.4575e+00   0.0000e+00   1.8204e-03   2.6323e+02
20191105_03:00:00   7.9341e-02   2.4800e+01   1.4730e+00   0.0000e+00   1.6493e-03   2.6394e+02
20191105_06:00:00   7.7103e-02   2.4270e+01   1.4114e+00   0.0000e+00   9.8816e-04   2.6568e+02
20191105_09:00:00   7.7272e-02   2.4268e+01   1.4133e+00   0.0000e+00   2.3440e-03   2.6792e+02
20191105_12:00:00   7.7868e-02   2.4330e+01   1.4393e+00   0.0000e+00   6.8610e-04   2.7039e+02
20191105_15:00:00   7.2940e-02   2.3142e+01   1.3219e+00   0.0000e+00   2.5231e-04   2.7199e+02
20191105_18:00:00   6.0053e-02   1.9987e+01   1.0176e+00   0.0000e+00   0.0000e+00   2.7221e+02
20191105_21:00:00   5.9294e-02   1.9828e+01   9.9580e-01   0.0000e+00   0.0000e+00   2.7212e+02
20191106_00:00:00   6.5136e-02   2.1217e+01   1.1537e+00   0.0000e+00   0.0000e+00   2.7169e+02
20191106_03:00:00   7.7910e-02   2.4284e+01   1.4746e+00   0.0000e+00   0.0000e+00   2.7384e+02
20191106_06:00:00   8.5949e-02   2.6236e+01   1.6707e+00   0.0000e+00   0.0000e+00   2.7457e+02
20191106_09:00:00   9.5269e-02   2.8495e+01   1.8853e+00   0.0000e+00   0.0000e+00   2.7565e+02
20191106_12:00:00   9.5433e-02   2.8545e+01   1.8978e+00   0.0000e+00   0.0000e+00   2.7364e+02
20191106_15:00:00   9.4557e-02   2.8301e+01   1.9019e+00   0.0000e+00   0.0000e+00   2.7326e+02
20191106_18:00:00   9.2384e-02   2.7709e+01   1.8800e+00   0.0000e+00   1.3940e-05   2.7169e+02
20191106_21:00:00   1.1133e-01   3.2374e+01   2.2992e+00   0.0000e+00   0.0000e+00   2.6958e+02
20191107_00:00:00   1.6029e-01   4.4076e+01   3.3230e+00   0.0000e+00   0.0000e+00   2.6897e+02
20191107_03:00:00   2.0270e-01   5.3592e+01   4.2014e+00   0.0000e+00   2.4384e-05   2.6712e+02
20191107_06:00:00   2.3606e-01   6.0715e+01   4.8842e+00   0.0000e+00   0.0000e+00   2.6764e+02
20191107_09:00:00   2.6186e-01   6.5818e+01   5.4596e+00   0.0000e+00   1.2010e-02   2.6630e+02
20191107_12:00:00   3.6871e-01   8.6170e+01   7.6942e+00   0.0000e+00   6.3648e-02   2.7020e+02
20191107_15:00:00   3.9967e-01   9.1666e+01   8.2403e+00   0.0000e+00   2.7697e-02   2.7171e+02
20191107_18:00:00   3.9095e-01   9.0194e+01   7.9808e+00   0.0000e+00   9.1695e-03   2.7163e+02
20191107_21:00:00   5.0097e-01   1.0876e+02   9.9977e+00   0.0000e+00   5.4716e-02   2.7183e+02
20191108_00:00:00   5.4400e-01   1.1516e+02   1.0730e+01   9.4360e-04   1.3118e-01   2.7021e+02
20191108_03:00:00   5.0215e-01   1.0856e+02   9.9614e+00   0.0000e+00   4.1356e-01   2.6984e+02
20191108_06:00:00   4.9055e-01   1.0683e+02   9.7040e+00   0.0000e+00   1.0084e-01   2.7309e+02
20191108_09:00:00   4.3525e-01   9.7872e+01   8.5157e+00   3.2820e-04   1.3878e-03   2.7613e+02
20191108_12:00:00   5.0089e-01   1.0811e+02   9.5289e+00   2.4195e-03   2.3376e-01   2.8011e+02
20191108_15:00:00   4.8537e-01   1.0530e+02   9.1684e+00   5.6866e-03   1.9107e-01   2.8195e+02
20191108_18:00:00   3.4943e-01   8.2102e+01   6.9359e+00   0.0000e+00   7.7894e-03   2.7665e+02
20191108_21:00:00   3.4826e-01   8.2384e+01   6.8232e+00   2.4050e-04   0.0000e+00   2.7030e+02
20191109_00:00:00   3.3339e-01   8.0302e+01   6.4431e+00   0.0000e+00   6.9123e-05   2.6504e+02
20191109_03:00:00   2.9529e-01   7.3102e+01   5.7016e+00   0.0000e+00   3.4164e-05   2.5998e+02
20191109_06:00:00   2.5048e-01   6.3979e+01   5.0039e+00   0.0000e+00   2.0059e-03   2.5590e+02
20191109_09:00:00   2.3198e-01   5.9803e+01   4.8008e+00   0.0000e+00   6.6543e-03   2.5431e+02
20191109_12:00:00   2.5244e-01   6.3737e+01   5.2805e+00   0.0000e+00   2.7099e-02   2.5172e+02
20191109_15:00:00   2.0428e-01   5.3577e+01   4.2970e+00   0.0000e+00   1.0535e-02   2.5716e+02
20191109_18:00:00   1.2407e-01   3.5601e+01   2.5216e+00   0.0000e+00   1.7474e-02   2.6004e+02
20191109_21:00:00   1.1733e-01   3.3774e+01   2.4235e+00   0.0000e+00   3.3900e-02   2.5890e+02
20191110_00:00:00   1.6259e-01   4.4772e+01   3.1829e+00   0.0000e+00   3.6664e-04   2.6100e+02
20191110_03:00:00   1.7191e-01   4.6783e+01   3.4154e+00   0.0000e+00   1.8062e-04   2.6068e+02
20191110_06:00:00   1.4797e-01   4.0903e+01   3.1060e+00   0.0000e+00   1.7553e-03   2.5936e+02
20191110_09:00:00   1.5494e-01   4.1994e+01   3.4250e+00   0.0000e+00   1.5570e-02   2.6184e+02
20191110_12:00:00   1.6509e-01   4.3942e+01   3.7359e+00   0.0000e+00   2.5437e-02   2.5847e+02
20191110_15:00:00   2.4966e-01   6.2038e+01   5.5332e+00   0.0000e+00   9.1875e-03   2.6117e+02
20191110_18:00:00   2.2381e-01   5.7072e+01   4.9014e+00   0.0000e+00   0.0000e+00   2.5926e+02
20191110_21:00:00   2.7674e-01   6.8127e+01   5.9892e+00   0.0000e+00   1.6288e-04   2.6113e+02
20191111_00:00:00   3.3362e-01   7.8867e+01   7.2176e+00   0.0000e+00   7.9336e-06   2.6290e+02
20191111_03:00:00   3.2451e-01   7.7326e+01   6.8560e+00   0.0000e+00   5.0527e-04   2.6633e+02
20191111_06:00:00   3.5514e-01   8.4241e+01   6.8896e+00   0.0000e+00   0.0000e+00   2.6792e+02
20191111_09:00:00   2.4267e-01   6.2225e+01   4.6756e+00   0.0000e+00   0.0000e+00   2.5846e+02
20191111_12:00:00   2.0296e-01   5.3497e+01   4.0219e+00   0.0000e+00   1.5937e-03   2.5701e+02
20191111_15:00:00   1.6701e-01   4.5072e+01   3.5053e+00   0.0000e+00   8.8796e-03   2.5569e+02
20191111_18:00:00   1.4970e-01   4.1047e+01   3.1976e+00   0.0000e+00   0.0000e+00   2.5081e+02
20191111_21:00:00   1.7271e-01   4.6432e+01   3.6441e+00   0.0000e+00   0.0000e+00   2.5016e+02
20191112_00:00:00   1.5838e-01   4.3298e+01   3.3694e+00   0.0000e+00   8.5360e-07   2.5001e+02
20191112_03:00:00   1.5281e-01   4.1996e+01   3.2859e+00   0.0000e+00   0.0000e+00   2.5219e+02
20191112_06:00:00   1.5514e-01   4.2704e+01   3.2847e+00   0.0000e+00   9.6360e-05   2.5154e+02
20191112_09:00:00   1.7261e-01   4.6542e+01   3.7103e+00   0.0000e+00   2.4436e-03   2.5212e+02
20191112_12:00:00   1.7674e-01   4.7535e+01   3.7717e+00   0.0000e+00   3.9127e-05   2.4982e+02
20191112_15:00:00   2.0385e-01   5.3336e+01   4.4466e+00   0.0000e+00   7.0800e-06   2.5140e+02
20191112_18:00:00   2.1832e-01   5.6506e+01   4.7391e+00   0.0000e+00   0.0000e+00   2.5262e+02
20191112_21:00:00   2.6640e-01   6.6458e+01   5.7986e+00   0.0000e+00   1.9240e-05   2.5277e+02
20191113_00:00:00   2.9464e-01   7.2277e+01   6.3603e+00   0.0000e+00   0.0000e+00   2.5204e+02
20191113_03:00:00   2.6960e-01   6.7546e+01   5.7069e+00   0.0000e+00   8.2561e-05   2.5296e+02
20191113_06:00:00   2.9110e-01   7.1737e+01   6.2298e+00   0.0000e+00   3.0683e-03   2.5183e+02
20191113_09:00:00   3.2476e-01   7.7849e+01   7.1286e+00   0.0000e+00   1.5955e-02   2.5205e+02
20191113_12:00:00   3.8137e-01   8.7999e+01   8.4085e+00   0.0000e+00   3.5716e-02   2.5265e+02
20191113_15:00:00   4.2810e-01   9.6020e+01   9.3149e+00   0.0000e+00   1.1246e-01   2.5340e+02
20191113_18:00:00   4.0621e-01   9.2820e+01   8.4827e+00   0.0000e+00   1.0020e-03   2.5706e+02
20191113_21:00:00   3.8256e-01   8.8842e+01   7.8395e+00   0.0000e+00   0.0000e+00   2.5689e+02
20191114_00:00:00   3.1108e-01   7.6022e+01   6.1922e+00   0.0000e+00   0.0000e+00   2.5820e+02
20191114_03:00:00   2.6481e-01   6.6885e+01   5.3931e+00   0.0000e+00   0.0000e+00   2.5716e+02
20191114_06:00:00   2.4331e-01   6.2491e+01   5.0094e+00   0.0000e+00   0.0000e+00   2.5937e+02
20191114_09:00:00   2.0704e-01   5.4868e+01   4.2297e+00   0.0000e+00   0.0000e+00   2.5980e+02
20191114_12:00:00   1.9902e-01   5.2843e+01   4.1692e+00   0.0000e+00   0.0000e+00   2.5696e+02
20191114_15:00:00   1.8341e-01   4.9409e+01   3.8720e+00   0.0000e+00   0.0000e+00   2.5513e+02
20191114_18:00:00   1.9322e-01   5.1268e+01   4.2096e+00   0.0000e+00   0.0000e+00   2.5625e+02
20191114_21:00:00   2.1015e-01   5.4580e+01   4.6745e+00   0.0000e+00   2.8900e-05   2.5613e+02
20191115_00:00:00   2.1762e-01   5.5943e+01   4.8987e+00   0.0000e+00   3.8558e-04   2.5487e+02
20191115_03:00:00   2.7848e-01   6.8233e+01   6.2788e+00   0.0000e+00   1.5902e-02   2.5753e+02
20191115_06:00:00   3.6128e-01   8.4325e+01   7.9273e+00   0.0000e+00   8.4346e-02   2.5865e+02
20191115_09:00:00   3.1131e-01   7.5871e+01   6.5332e+00   0.0000e+00   6.3843e-03   2.5966e+02
20191115_12:00:00   2.8828e-01   7.1647e+01   5.9012e+00   0.0000e+00   0.0000e+00   2.5978e+02
