#            date       tau225        Tb[K]      pwv[mm] lwp[kg*m^-2] iwp[kg*m^-2]       o3[DU]
20191107_12:00:00   1.5990e-01   4.4133e+01   2.9726e+00   0.0000e+00   3.1216e-03   2.7172e+02
20191107_13:00:00   1.6708e-01   4.5731e+01   3.1474e+00   0.0000e+00   2.6201e-03   2.7182e+02
20191107_14:00:00   1.7184e-01   4.6794e+01   3.2537e+00   0.0000e+00   7.0081e-03   2.7019e+02
20191107_15:00:00   1.6356e-01   4.4904e+01   3.1113e+00   0.0000e+00   1.2940e-02   2.7216e+02
20191107_16:00:00   1.5207e-01   4.2274e+01   2.8978e+00   0.0000e+00   1.7606e-02   2.7157e+02
20191107_17:00:00   1.4396e-01   4.0447e+01   2.7247e+00   0.0000e+00   2.2420e-02   2.7122e+02
20191107_18:00:00   1.3873e-01   3.9258e+01   2.6150e+00   0.0000e+00   2.4791e-02   2.7240e+02
20191107_19:00:00   1.3430e-01   3.8239e+01   2.5264e+00   0.0000e+00   1.7195e-02   2.7190e+02
20191107_20:00:00   1.3877e-01   3.9288e+01   2.6077e+00   0.0000e+00   1.2893e-02   2.7156e+02
20191107_21:00:00   1.3904e-01   3.9355e+01   2.6109e+00   0.0000e+00   1.4056e-02   2.7272e+02
20191107_22:00:00   1.4252e-01   4.0166e+01   2.6833e+00   0.0000e+00   8.5060e-04   2.7282e+02
20191107_23:00:00   1.4843e-01   4.1453e+01   2.8287e+00   0.0000e+00   4.2147e-04   2.7025e+02
20191108_00:00:00   1.4767e-01   4.1180e+01   2.8494e+00   0.0000e+00   9.0478e-03   2.6832e+02
20191108_01:00:00   1.3416e-01   3.8031e+01   2.5912e+00   0.0000e+00   1.5714e-02   2.6762e+02
20191108_02:00:00   1.5011e-01   4.1722e+01   2.9006e+00   0.0000e+00   3.7665e-03   2.6684e+02
20191108_03:00:00   1.3884e-01   3.9051e+01   2.7167e+00   0.0000e+00   5.3056e-03   2.6616e+02
20191108_04:00:00   1.3500e-01   3.8051e+01   2.6704e+00   0.0000e+00   2.9439e-02   2.6543e+02
20191108_05:00:00   1.4588e-01   4.0543e+01   2.8910e+00   0.0000e+00   4.1492e-02   2.6452e+02
20191108_06:00:00   1.5077e-01   4.1655e+01   2.9839e+00   0.0000e+00   4.1465e-02   2.6233e+02
20191108_07:00:00   1.4807e-01   4.0994e+01   2.9624e+00   0.0000e+00   2.5058e-02   2.6113e+02
20191108_08:00:00   1.5132e-01   4.1756e+01   3.0219e+00   0.0000e+00   1.4434e-02   2.6149e+02
20191108_09:00:00   1.5004e-01   4.1463e+01   2.9889e+00   0.0000e+00   2.5698e-02   2.6063e+02
20191108_10:00:00   1.4860e-01   4.1026e+01   2.9601e+00   0.0000e+00   8.7618e-02   2.6033e+02
20191108_11:00:00   1.5738e-01   4.3022e+01   3.1646e+00   0.0000e+00   3.7273e-02   2.5904e+02
20191108_12:00:00   1.4834e-01   4.0813e+01   3.0163e+00   0.0000e+00   8.0745e-02   2.5799e+02
20191108_13:00:00   1.4640e-01   4.0273e+01   2.9981e+00   0.0000e+00   1.1304e-01   2.6008e+02
20191108_14:00:00   1.4043e-01   3.8933e+01   2.9117e+00   0.0000e+00   3.3082e-02   2.6137e+02
20191108_15:00:00   1.3571e-01   3.7769e+01   2.8152e+00   0.0000e+00   7.2023e-02   2.6174e+02
20191108_16:00:00   1.4028e-01   3.8745e+01   2.9645e+00   0.0000e+00   3.3613e-02   2.6013e+02
20191108_17:00:00   1.3877e-01   3.8358e+01   2.9418e+00   0.0000e+00   4.9329e-02   2.5999e+02
20191108_18:00:00   1.3714e-01   3.7975e+01   2.9193e+00   0.0000e+00   2.3606e-02   2.5937e+02
20191108_19:00:00   1.4739e-01   4.0363e+01   3.1405e+00   0.0000e+00   9.2041e-03   2.5900e+02
20191108_20:00:00   1.5558e-01   4.2218e+01   3.3205e+00   0.0000e+00   1.2156e-02   2.5859e+02
20191108_21:00:00   1.5392e-01   4.1962e+01   3.2571e+00   0.0000e+00   7.2919e-03   2.5998e+02
20191108_22:00:00   1.3864e-01   3.8661e+01   2.8778e+00   0.0000e+00   5.1275e-03   2.5932e+02
20191108_23:00:00   1.3225e-01   3.7326e+01   2.7131e+00   0.0000e+00   5.7901e-04   2.6134e+02
20191109_00:00:00   1.3521e-01   3.8008e+01   2.7877e+00   0.0000e+00   2.5538e-04   2.6385e+02
20191109_01:00:00   1.3816e-01   3.8813e+01   2.8306e+00   0.0000e+00   2.4340e-05   2.6472e+02
20191109_02:00:00   1.5666e-01   4.3088e+01   3.2262e+00   0.0000e+00   0.0000e+00   2.6603e+02
20191109_03:00:00   1.8315e-01   4.9050e+01   3.7994e+00   0.0000e+00   0.0000e+00   2.6353e+02
20191109_04:00:00   2.2564e-01   5.8392e+01   4.6630e+00   0.0000e+00   0.0000e+00   2.6517e+02
20191109_05:00:00   2.9649e-01   7.3056e+01   6.0549e+00   0.0000e+00   0.0000e+00   2.6573e+02
20191109_06:00:00   4.0878e-01   9.4277e+01   8.1010e+00   0.0000e+00   0.0000e+00   2.6357e+02
20191109_07:00:00   4.8564e-01   1.0753e+02   9.3614e+00   0.0000e+00   0.0000e+00   2.6287e+02
20191109_08:00:00   4.8941e-01   1.0828e+02   9.3005e+00   0.0000e+00   0.0000e+00   2.6015e+02
20191109_09:00:00   4.6855e-01   1.0501e+02   8.8191e+00   0.0000e+00   1.3658e-06   2.5793e+02
20191109_10:00:00   4.4119e-01   1.0051e+02   8.2475e+00   0.0000e+00   0.0000e+00   2.5749e+02
20191109_11:00:00   4.2393e-01   9.7527e+01   7.9120e+00   0.0000e+00   7.0320e-07   2.5871e+02
20191109_12:00:00   3.8471e-01   9.0573e+01   7.2175e+00   0.0000e+00   8.1140e-05   2.5916e+02
20191109_13:00:00   3.6644e-01   8.7195e+01   6.8810e+00   0.0000e+00   2.9316e-05   2.6245e+02
20191109_14:00:00   3.4252e-01   8.2628e+01   6.4811e+00   0.0000e+00   3.2357e-03   2.6191e+02
20191109_15:00:00   3.1360e-01   7.7008e+01   5.9973e+00   0.0000e+00   1.0286e-02   2.6175e+02
20191109_16:00:00   3.1708e-01   7.7659e+01   6.0577e+00   0.0000e+00   1.5953e-02   2.6214e+02
20191109_17:00:00   3.0815e-01   7.5892e+01   5.8919e+00   0.0000e+00   9.2995e-03   2.6197e+02
20191109_18:00:00   3.0241e-01   7.4745e+01   5.7763e+00   0.0000e+00   7.2886e-03   2.6055e+02
20191109_19:00:00   2.8432e-01   7.1140e+01   5.4712e+00   0.0000e+00   5.8232e-03   2.6053e+02
20191109_20:00:00   2.8545e-01   7.1312e+01   5.5187e+00   0.0000e+00   5.2345e-03   2.6132e+02
20191109_21:00:00   2.9599e-01   7.3432e+01   5.6953e+00   3.2090e-04   2.3243e-03   2.6231e+02
20191109_22:00:00   3.3468e-01   8.0871e+01   6.4030e+00   1.4530e-03   4.1254e-03   2.6321e+02
20191109_23:00:00   3.4790e-01   8.3327e+01   6.6690e+00   1.2750e-03   3.2874e-03   2.6324e+02
20191110_00:00:00   3.8509e-01   9.0121e+01   7.0995e+00   7.9880e-03   1.0465e-02   2.6405e+02
20191110_01:00:00   7.1072e-01   1.4089e+02   8.0498e+00   1.2120e-01   1.4734e-02   2.6071e+02
20191110_02:00:00   1.0169e+00   1.7568e+02   8.5588e+00   2.3687e-01   2.6159e-02   2.5934e+02
20191110_03:00:00   6.0017e-01   1.2523e+02   8.4229e+00   6.8556e-02   1.0435e-02   2.5898e+02
20191110_04:00:00   4.1333e-01   9.5005e+01   7.6996e+00   7.9250e-03   1.4025e-02   2.5820e+02
20191110_05:00:00   3.9390e-01   9.1598e+01   7.4942e+00   3.1774e-03   8.7784e-03   2.5794e+02
20191110_06:00:00   3.8443e-01   8.9902e+01   7.3707e+00   2.5030e-03   8.8409e-03   2.5643e+02
20191110_07:00:00   3.5855e-01   8.4992e+01   7.0252e+00   1.2036e-03   8.6505e-03   2.5799e+02
20191110_08:00:00   3.2505e-01   7.8587e+01   6.4826e+00   0.0000e+00   1.6211e-03   2.5609e+02
20191110_09:00:00   3.1379e-01   7.6366e+01   6.2653e+00   0.0000e+00   6.6100e-03   2.5560e+02
20191110_10:00:00   3.0407e-01   7.4432e+01   6.0954e+00   0.0000e+00   8.4520e-03   2.5579e+02
20191110_11:00:00   2.8469e-01   7.0518e+01   5.7650e+00   0.0000e+00   1.1983e-02   2.5532e+02
20191110_12:00:00   2.7340e-01   6.8170e+01   5.5793e+00   0.0000e+00   8.9850e-03   2.5474e+02
20191110_13:00:00   2.7061e-01   6.7632e+01   5.4856e+00   0.0000e+00   9.8594e-04   2.5525e+02
20191110_14:00:00   2.7181e-01   6.7883e+01   5.4735e+00   0.0000e+00   2.3449e-03   2.5476e+02
20191110_15:00:00   2.3943e-01   6.1115e+01   4.9115e+00   0.0000e+00   6.5499e-03   2.5392e+02
20191110_16:00:00   2.3064e-01   5.9261e+01   4.7330e+00   0.0000e+00   6.1406e-03   2.5457e+02
20191110_17:00:00   2.2669e-01   5.8551e+01   4.5816e+00   0.0000e+00   5.1694e-03   2.5655e+02
20191110_18:00:00   2.4132e-01   6.1658e+01   4.8196e+00   0.0000e+00   6.7921e-03   2.5615e+02
20191110_19:00:00   2.4405e-01   6.2199e+01   4.8604e+00   6.3700e-04   1.5815e-02   2.5583e+02
20191110_20:00:00   2.6513e-01   6.6663e+01   5.0340e+00   4.1870e-03   3.3215e-02   2.5514e+02
20191110_21:00:00   3.8948e-01   9.0952e+01   5.8561e+00   3.4792e-02   8.9023e-03   2.5375e+02
20191110_22:00:00   4.6592e-01   1.0439e+02   6.3293e+00   5.5500e-02   1.0157e-03   2.5439e+02
20191110_23:00:00   4.7982e-01   1.0663e+02   6.7127e+00   5.3330e-02   1.0753e-03   2.5434e+02
20191111_00:00:00   3.8833e-01   9.0686e+01   6.4965e+00   2.0747e-02   3.6308e-05   2.5449e+02
20191111_01:00:00   3.2603e-01   7.8944e+01   6.2169e+00   1.0557e-03   1.2974e-05   2.5381e+02
20191111_02:00:00   3.0411e-01   7.4650e+01   5.8697e+00   0.0000e+00   0.0000e+00   2.5441e+02
20191111_03:00:00   3.0821e-01   7.5453e+01   5.9212e+00   0.0000e+00   0.0000e+00   2.5689e+02
20191111_04:00:00   2.9373e-01   7.2592e+01   5.6125e+00   6.7780e-04   0.0000e+00   2.5871e+02
20191111_05:00:00   2.9339e-01   7.2548e+01   5.4564e+00   3.1390e-03   2.5110e-05   2.5867e+02
20191111_06:00:00   2.6972e-01   6.7749e+01   5.1499e+00   0.0000e+00   0.0000e+00   2.5745e+02
20191111_07:00:00   2.5501e-01   6.4707e+01   4.8782e+00   0.0000e+00   0.0000e+00   2.5801e+02
20191111_08:00:00   2.6690e-01   6.7013e+01   5.1448e+00   0.0000e+00   0.0000e+00   2.5794e+02
20191111_09:00:00   2.9791e-01   7.2942e+01   5.8159e+00   9.9000e-04   0.0000e+00   2.5863e+02
20191111_10:00:00   3.3073e-01   7.9023e+01   6.5798e+00   4.2810e-04   1.6073e-04   2.6076e+02
20191111_11:00:00   3.6363e-01   8.5163e+01   7.1328e+00   8.0800e-04   4.5396e-04   2.6227e+02
20191111_12:00:00   3.8317e-01   8.8808e+01   7.2835e+00   3.3195e-03   1.8229e-03   2.6392e+02
20191111_13:00:00   4.1202e-01   9.4033e+01   7.3638e+00   1.1411e-02   3.3674e-04   2.6470e+02
20191111_14:00:00   4.3110e-01   9.7410e+01   7.1181e+00   2.3780e-02   2.1420e-04   2.6513e+02
20191111_15:00:00   3.8581e-01   8.9542e+01   6.8100e+00   1.0617e-02   1.7695e-04   2.6596e+02
20191111_16:00:00   4.1602e-01   9.4990e+01   6.8651e+00   2.0766e-02   3.5141e-04   2.6537e+02
20191111_17:00:00   4.0110e-01   9.2399e+01   6.8901e+00   1.3002e-02   2.8237e-04   2.6579e+02
20191111_18:00:00   3.8479e-01   8.9425e+01   6.8194e+00   8.5789e-03   1.2388e-03   2.6548e+02
20191111_19:00:00   4.6894e-01   1.0413e+02   6.9633e+00   4.0006e-02   3.6122e-03   2.6660e+02
20191111_20:00:00   5.4276e-01   1.1606e+02   6.9833e+00   7.0968e-02   1.2226e-02   2.6760e+02
20191111_21:00:00   4.4031e-01   9.9144e+01   6.9854e+00   3.0011e-02   4.1152e-03   2.6703e+02
20191111_22:00:00   3.6496e-01   8.5681e+01   6.7179e+00   5.1072e-03   1.2205e-03   2.6743e+02
20191111_23:00:00   2.9793e-01   7.3041e+01   5.7099e+00   0.0000e+00   1.7106e-04   2.6688e+02
20191112_00:00:00   2.5322e-01   6.4042e+01   4.8870e+00   0.0000e+00   0.0000e+00   2.6762e+02
20191112_01:00:00   2.5455e-01   6.4283e+01   4.9178e+00   0.0000e+00   1.5639e-06   2.6908e+02
20191112_02:00:00   3.8295e-01   8.9240e+01   5.7141e+00   3.3416e-02   2.4677e-03   2.7021e+02
20191112_03:00:00   2.7953e-01   6.9310e+01   5.3610e+00   4.5646e-04   5.3553e-03   2.6875e+02
20191112_04:00:00   3.1197e-01   7.5636e+01   5.9959e+00   9.7900e-05   4.6747e-03   2.6770e+02
20191112_05:00:00   3.3996e-01   8.1034e+01   6.4962e+00   2.5220e-04   3.8758e-03   2.6995e+02
20191112_06:00:00   3.6264e-01   8.5289e+01   6.7357e+00   2.7327e-03   4.4065e-03   2.7130e+02
20191112_07:00:00   4.5469e-01   1.0167e+02   6.4680e+00   4.6761e-02   3.3511e-03   2.7174e+02
20191112_08:00:00   3.7014e-01   8.6955e+01   5.8855e+00   2.3225e-02   6.0411e-04   2.7061e+02
20191112_09:00:00   3.1598e-01   7.6846e+01   5.2433e+00   1.4221e-02   3.2311e-04   2.7110e+02
20191112_10:00:00   2.5728e-01   6.5175e+01   4.7119e+00   1.1255e-04   6.6551e-06   2.7005e+02
20191112_11:00:00   2.3474e-01   6.0535e+01   4.2576e+00   0.0000e+00   0.0000e+00   2.6815e+02
20191112_12:00:00   2.1901e-01   5.7213e+01   3.9461e+00   0.0000e+00   0.0000e+00   2.6726e+02
20191112_15:00:00   1.5044e-01   4.2114e+01   2.6452e+00   0.0000e+00   0.0000e+00   2.6462e+02
20191112_18:00:00   1.1092e-01   3.2852e+01   1.9316e+00   0.0000e+00   0.0000e+00   2.6237e+02
20191112_21:00:00   8.5881e-02   2.6687e+01   1.4852e+00   0.0000e+00   0.0000e+00   2.6428e+02
20191113_00:00:00   8.8332e-02   2.7186e+01   1.5714e+00   0.0000e+00   0.0000e+00   2.6515e+02
20191113_03:00:00   1.7287e-01   4.7029e+01   3.2721e+00   0.0000e+00   0.0000e+00   2.6430e+02
20191113_06:00:00   1.2517e-01   3.5927e+01   2.4308e+00   0.0000e+00   0.0000e+00   2.6350e+02
20191113_09:00:00   9.3710e-02   2.8226e+01   1.8360e+00   0.0000e+00   0.0000e+00   2.6341e+02
20191113_12:00:00   9.1123e-02   2.7571e+01   1.8078e+00   0.0000e+00   0.0000e+00   2.6221e+02
20191113_15:00:00   1.2333e-01   3.5281e+01   2.5725e+00   0.0000e+00   0.0000e+00   2.5879e+02
20191113_18:00:00   1.5665e-01   4.3064e+01   3.3404e+00   0.0000e+00   0.0000e+00   2.5949e+02
20191113_21:00:00   1.8205e-01   4.8615e+01   3.9503e+00   0.0000e+00   1.2398e-04   2.5901e+02
20191114_00:00:00   2.0730e-01   5.3831e+01   4.6024e+00   0.0000e+00   9.8951e-03   2.6170e+02
20191114_03:00:00   2.3024e-01   5.8625e+01   5.1315e+00   0.0000e+00   3.1702e-02   2.6415e+02
20191114_06:00:00   1.9228e-01   5.0845e+01   4.1957e+00   0.0000e+00   9.0592e-03   2.6490e+02
20191114_09:00:00   1.6231e-01   4.4110e+01   3.4934e+00   0.0000e+00   2.5497e-02   2.6741e+02
20191114_12:00:00   1.4439e-01   3.9965e+01   3.0703e+00   0.0000e+00   2.2853e-03   2.6900e+02
20191114_15:00:00   1.3964e-01   3.8363e+01   3.0537e+00   0.0000e+00   1.2417e-02   2.6799e+02
20191114_18:00:00   1.4514e-01   3.9546e+01   3.1853e+00   0.0000e+00   1.3816e-02   2.6992e+02
20191114_21:00:00   1.6905e-01   4.4785e+01   3.7296e+00   0.0000e+00   1.1622e-02   2.7225e+02
20191115_00:00:00   1.6675e-01   4.4489e+01   3.6431e+00   0.0000e+00   3.4238e-04   2.7099e+02
20191115_03:00:00   1.5353e-01   4.1632e+01   3.3412e+00   0.0000e+00   3.3991e-03   2.6855e+02
20191115_06:00:00   1.4555e-01   3.9859e+01   3.1652e+00   0.0000e+00   5.3158e-04   2.6826e+02
20191115_09:00:00   1.5729e-01   4.2324e+01   3.4666e+00   0.0000e+00   2.8869e-02   2.7092e+02
20191115_12:00:00   1.5845e-01   4.2730e+01   3.4617e+00   0.0000e+00   7.4484e-03   2.7059e+02
20191115_15:00:00   1.5973e-01   4.2998e+01   3.4779e+00   0.0000e+00   2.2494e-02   2.6837e+02
20191115_18:00:00   1.6040e-01   4.3107e+01   3.4877e+00   0.0000e+00   3.7554e-02   2.6619e+02
20191115_21:00:00   1.6821e-01   4.5038e+01   3.6020e+00   0.0000e+00   1.8375e-02   2.6668e+02
20191116_00:00:00   1.7136e-01   4.5857e+01   3.6404e+00   0.0000e+00   1.0336e-02   2.6788e+02
20191116_03:00:00   1.8349e-01   4.8503e+01   3.9106e+00   0.0000e+00   1.5672e-02   2.7082e+02
20191116_06:00:00   2.1470e-01   5.5061e+01   4.5987e+00   0.0000e+00   1.1027e-02   2.7371e+02
20191116_09:00:00   2.0525e-01   5.3118e+01   4.2722e+00   0.0000e+00   3.3994e-03   2.7434e+02
20191116_12:00:00   1.9263e-01   5.0194e+01   4.0241e+00   0.0000e+00   1.6244e-02   2.7312e+02
20191116_15:00:00   1.8752e-01   4.9024e+01   3.8436e+00   0.0000e+00   2.9937e-02   2.7231e+02
20191116_18:00:00   2.2793e-01   5.7674e+01   4.5393e+00   0.0000e+00   2.3447e-03   2.7314e+02
20191116_21:00:00   5.9479e-01   1.2177e+02   6.5286e+00   1.1067e-01   1.3249e-01   2.7488e+02
20191117_00:00:00   3.6703e-01   8.4175e+01   7.1278e+00   2.3850e-04   1.3620e-01   2.7692e+02
20191117_03:00:00   6.9537e-01   1.3564e+02   7.7898e+00   1.1495e-01   7.1844e-01   2.8422e+02
20191117_06:00:00   3.8915e-01   8.8419e+01   6.1257e+00   2.8139e-02   4.6454e-02   2.9490e+02
20191117_09:00:00   2.8389e-01   6.8390e+01   5.3635e+00   0.0000e+00   3.3987e-03   2.9714e+02
20191117_12:00:00   2.4884e-01   6.1300e+01   4.6927e+00   0.0000e+00   2.1957e-02   2.9971e+02
20191117_15:00:00   2.0275e-01   5.1976e+01   3.7136e+00   0.0000e+00   1.1230e-05   3.0790e+02
20191117_18:00:00   2.3657e-01   5.8716e+01   4.4144e+00   0.0000e+00   4.5151e-03   3.0969e+02
20191117_21:00:00   2.6047e-01   6.3478e+01   4.8609e+00   8.3770e-04   1.1697e-02   3.0596e+02
20191118_00:00:00   2.6802e-01   6.5018e+01   5.0533e+00   0.0000e+00   1.8466e-02   3.0373e+02
20191118_03:00:00   2.4863e-01   6.1149e+01   4.7250e+00   0.0000e+00   1.0792e-02   3.0335e+02
20191118_06:00:00   2.9334e-01   6.9999e+01   5.4764e+00   2.8245e-04   1.2865e-02   3.0232e+02
20191118_09:00:00   2.9619e-01   7.0580e+01   5.4937e+00   2.0066e-03   2.7678e-02   3.0006e+02
20191118_12:00:00   5.1774e-01   1.0934e+02   6.0323e+00   8.3719e-02   2.1911e-01   2.9957e+02
20191118_15:00:00   3.5175e-01   8.0792e+01   6.2364e+00   5.3226e-03   3.7683e-01   2.9969e+02
20191118_18:00:00   3.4289e-01   7.9183e+01   6.1259e+00   5.7150e-03   3.2953e-01   3.0526e+02
20191118_21:00:00   3.5652e-01   8.2271e+01   5.5942e+00   2.7850e-02   9.5654e-03   3.0181e+02
20191119_00:00:00   3.0409e-01   7.2210e+01   5.7662e+00   3.1530e-05   7.6487e-04   2.9708e+02
20191119_03:00:00   3.0183e-01   7.1674e+01   5.7282e+00   0.0000e+00   9.2604e-04   2.9835e+02
20191119_06:00:00   2.9865e-01   7.1284e+01   5.1790e+00   1.1330e-02   1.4483e-03   3.0116e+02
20191119_09:00:00   2.5513e-01   6.2715e+01   4.8263e+00   6.8630e-05   9.5900e-04   3.0363e+02
20191119_12:00:00   2.5896e-01   6.3552e+01   4.7229e+00   3.6020e-03   4.3250e-04   3.0289e+02
20191119_15:00:00   2.5906e-01   6.3343e+01   4.9284e+00   5.7920e-04   2.4575e-03   3.0397e+02
20191119_18:00:00   2.5629e-01   6.3060e+01   4.8178e+00   0.0000e+00   1.4060e-04   2.9874e+02
20191119_21:00:00   1.6875e-01   4.5175e+01   3.2369e+00   0.0000e+00   0.0000e+00   2.8024e+02
20191120_00:00:00   1.1894e-01   3.4276e+01   2.2283e+00   0.0000e+00   0.0000e+00   2.7007e+02
20191120_03:00:00   1.1585e-01   3.3628e+01   2.1997e+00   0.0000e+00   0.0000e+00   2.6811e+02
20191120_06:00:00   1.3695e-01   3.8193e+01   2.8309e+00   0.0000e+00   1.9876e-06   2.7047e+02
20191120_09:00:00   2.2638e-01   5.7821e+01   4.8105e+00   0.0000e+00   1.8923e-03   2.7360e+02
20191120_12:00:00   2.0665e-01   5.3463e+01   4.4202e+00   0.0000e+00   3.3173e-03   2.7418e+02
20191120_15:00:00   1.7689e-01   4.6860e+01   3.7728e+00   0.0000e+00   6.8280e-07   2.7394e+02
20191120_18:00:00   2.0134e-01   5.2173e+01   4.2831e+00   0.0000e+00   0.0000e+00   2.7752e+02
20191120_21:00:00   2.0140e-01   5.2389e+01   4.2136e+00   0.0000e+00   0.0000e+00   2.7924e+02
20191121_00:00:00   1.5735e-01   4.3443e+01   3.0424e+00   0.0000e+00   0.0000e+00   2.7801e+02
20191121_03:00:00   1.3318e-01   3.7992e+01   2.4895e+00   0.0000e+00   0.0000e+00   2.7221e+02
20191121_06:00:00   1.0524e-01   3.1394e+01   1.9248e+00   0.0000e+00   0.0000e+00   2.6784e+02
20191121_09:00:00   9.2609e-02   2.8297e+01   1.6784e+00   0.0000e+00   0.0000e+00   2.6678e+02
20191121_12:00:00   8.9415e-02   2.7476e+01   1.6293e+00   0.0000e+00   0.0000e+00   2.6260e+02
20191121_15:00:00   8.5839e-02   2.6543e+01   1.5750e+00   0.0000e+00   0.0000e+00   2.5863e+02
20191121_18:00:00   8.4451e-02   2.6169e+01   1.5631e+00   0.0000e+00   0.0000e+00   2.5966e+02
20191121_21:00:00   8.4784e-02   2.6194e+01   1.5984e+00   0.0000e+00   0.0000e+00   2.5747e+02
20191122_00:00:00   9.3495e-02   2.8230e+01   1.8220e+00   0.0000e+00   0.0000e+00   2.6172e+02
20191122_03:00:00   1.2596e-01   3.6143e+01   2.4935e+00   0.0000e+00   0.0000e+00   2.6020e+02
20191122_06:00:00   1.5062e-01   4.1698e+01   3.0716e+00   0.0000e+00   9.3440e-06   2.5950e+02
20191122_09:00:00   1.0819e-01   3.1572e+01   2.1647e+00   0.0000e+00   1.5494e-03   2.6139e+02
20191122_12:00:00   7.1987e-02   2.3147e+01   1.2590e+00   0.0000e+00   3.0381e-05   2.6238e+02
20191122_15:00:00   7.0750e-02   2.2865e+01   1.2327e+00   0.0000e+00   0.0000e+00   2.6449e+02
20191122_18:00:00   7.9524e-02   2.4960e+01   1.4573e+00   0.0000e+00   0.0000e+00   2.6603e+02
20191122_21:00:00   7.9642e-02   2.4931e+01   1.4733e+00   0.0000e+00   0.0000e+00   2.6930e+02
20191123_00:00:00   7.7534e-02   2.4455e+01   1.4197e+00   0.0000e+00   0.0000e+00   2.6626e+02
20191123_03:00:00   7.6930e-02   2.4358e+01   1.3963e+00   0.0000e+00   0.0000e+00   2.6238e+02
20191123_06:00:00   7.1175e-02   2.2938e+01   1.2629e+00   0.0000e+00   0.0000e+00   2.6057e+02
20191123_09:00:00   6.7118e-02   2.1930e+01   1.1670e+00   0.0000e+00   0.0000e+00   2.6203e+02
20191123_12:00:00   6.7260e-02   2.1979e+01   1.1664e+00   0.0000e+00   0.0000e+00   2.5890e+02
