#            date       tau225        Tb[K]      pwv[mm] lwp[kg*m^-2] iwp[kg*m^-2]       o3[DU]
20191103_18:00:00   2.6622e-01   6.6793e+01   5.2637e+00   0.0000e+00   1.0258e-02   2.7182e+02
20191103_19:00:00   2.7627e-01   6.8877e+01   5.4266e+00   0.0000e+00   1.4207e-02   2.7157e+02
20191103_20:00:00   2.7639e-01   6.8915e+01   5.4047e+00   0.0000e+00   1.4537e-02   2.6957e+02
20191103_21:00:00   2.6217e-01   6.6124e+01   5.0941e+00   0.0000e+00   4.4571e-03   2.6792e+02
20191103_22:00:00   2.3794e-01   6.1252e+01   4.5730e+00   0.0000e+00   1.4201e-03   2.6807e+02
20191103_23:00:00   2.0880e-01   5.5092e+01   3.9992e+00   0.0000e+00   1.2553e-04   2.6549e+02
20191104_00:00:00   1.8756e-01   5.0445e+01   3.5823e+00   0.0000e+00   1.7072e-06   2.6085e+02
20191104_01:00:00   1.7297e-01   4.7149e+01   3.3041e+00   0.0000e+00   0.0000e+00   2.5826e+02
20191104_02:00:00   1.6465e-01   4.5185e+01   3.1623e+00   0.0000e+00   0.0000e+00   2.5559e+02
20191104_03:00:00   1.5266e-01   4.2392e+01   2.9392e+00   0.0000e+00   0.0000e+00   2.5211e+02
20191104_04:00:00   1.3735e-01   3.8777e+01   2.6542e+00   0.0000e+00   0.0000e+00   2.5000e+02
20191104_05:00:00   1.3012e-01   3.6992e+01   2.5340e+00   0.0000e+00   0.0000e+00   2.4888e+02
20191104_06:00:00   1.2546e-01   3.5798e+01   2.4682e+00   0.0000e+00   0.0000e+00   2.4908e+02
20191104_07:00:00   1.3678e-01   3.8385e+01   2.7175e+00   0.0000e+00   7.7880e-05   2.4817e+02
20191104_08:00:00   1.7069e-01   4.6164e+01   3.3992e+00   0.0000e+00   8.8340e-07   2.4669e+02
20191104_09:00:00   2.0988e-01   5.4858e+01   4.1354e+00   0.0000e+00   0.0000e+00   2.4528e+02
20191104_10:00:00   2.2953e-01   5.9079e+01   4.4967e+00   0.0000e+00   0.0000e+00   2.4573e+02
20191104_11:00:00   2.3782e-01   6.0808e+01   4.6515e+00   0.0000e+00   0.0000e+00   2.4675e+02
20191104_12:00:00   2.4315e-01   6.1915e+01   4.7529e+00   0.0000e+00   0.0000e+00   2.4895e+02
20191104_13:00:00   2.4395e-01   6.2093e+01   4.7609e+00   0.0000e+00   0.0000e+00   2.5312e+02
20191104_14:00:00   2.4195e-01   6.1674e+01   4.7221e+00   0.0000e+00   0.0000e+00   2.5738e+02
20191104_15:00:00   2.4326e-01   6.1953e+01   4.7486e+00   0.0000e+00   0.0000e+00   2.5974e+02
20191104_16:00:00   2.4268e-01   6.1839e+01   4.7403e+00   0.0000e+00   0.0000e+00   2.6071e+02
20191104_17:00:00   2.3939e-01   6.1163e+01   4.6868e+00   0.0000e+00   0.0000e+00   2.6143e+02
20191104_18:00:00   2.2823e-01   5.8776e+01   4.5035e+00   0.0000e+00   0.0000e+00   2.6223e+02
20191104_19:00:00   2.2385e-01   5.7827e+01   4.4405e+00   0.0000e+00   0.0000e+00   2.6332e+02
20191104_20:00:00   2.2026e-01   5.7064e+01   4.3723e+00   0.0000e+00   0.0000e+00   2.6485e+02
20191104_21:00:00   2.3044e-01   5.9267e+01   4.5431e+00   0.0000e+00   0.0000e+00   2.6604e+02
20191104_22:00:00   2.4399e-01   6.2082e+01   4.8059e+00   0.0000e+00   0.0000e+00   2.6689e+02
20191104_23:00:00   2.4894e-01   6.3142e+01   4.8883e+00   0.0000e+00   0.0000e+00   2.6742e+02
20191105_00:00:00   2.3299e-01   5.9846e+01   4.5733e+00   0.0000e+00   0.0000e+00   2.6709e+02
20191105_01:00:00   2.1502e-01   5.6069e+01   4.2018e+00   0.0000e+00   0.0000e+00   2.6752e+02
20191105_02:00:00   1.9518e-01   5.1821e+01   3.8057e+00   0.0000e+00   0.0000e+00   2.6755e+02
20191105_03:00:00   1.9458e-01   5.1738e+01   3.7926e+00   0.0000e+00   0.0000e+00   2.6753e+02
20191105_04:00:00   1.9930e-01   5.2917e+01   3.8546e+00   0.0000e+00   0.0000e+00   2.6714e+02
20191105_05:00:00   2.1258e-01   5.5941e+01   4.0540e+00   0.0000e+00   0.0000e+00   2.6642e+02
20191105_06:00:00   2.2720e-01   5.9161e+01   4.2730e+00   0.0000e+00   0.0000e+00   2.6659e+02
20191105_07:00:00   2.4903e-01   6.3801e+01   4.6123e+00   0.0000e+00   0.0000e+00   2.6679e+02
20191105_08:00:00   2.7416e-01   6.8971e+01   5.0356e+00   0.0000e+00   0.0000e+00   2.6721e+02
20191105_09:00:00   2.9126e-01   7.2387e+01   5.3304e+00   0.0000e+00   0.0000e+00   2.6868e+02
20191105_10:00:00   3.0726e-01   7.5526e+01   5.5927e+00   0.0000e+00   3.6510e-05   2.7045e+02
20191105_11:00:00   3.1496e-01   7.7016e+01   5.7073e+00   2.6894e-04   3.7968e-05   2.7205e+02
20191105_12:00:00   3.3953e-01   8.1716e+01   5.9586e+00   4.4474e-03   2.8816e-04   2.7304e+02
20191105_13:00:00   3.4664e-01   8.3091e+01   5.9236e+00   8.0840e-03   2.6229e-04   2.7319e+02
20191105_14:00:00   3.1611e-01   7.7291e+01   5.7433e+00   0.0000e+00   4.5487e-05   2.7338e+02
20191105_15:00:00   3.1593e-01   7.7274e+01   5.7740e+00   0.0000e+00   0.0000e+00   2.7215e+02
20191105_16:00:00   3.3144e-01   8.0266e+01   6.0875e+00   0.0000e+00   0.0000e+00   2.7081e+02
20191105_17:00:00   3.4606e-01   8.3048e+01   6.3816e+00   0.0000e+00   0.0000e+00   2.7019e+02
20191105_18:00:00   3.5838e-01   8.5318e+01   6.6445e+00   0.0000e+00   0.0000e+00   2.6908e+02
20191105_19:00:00   3.6715e-01   8.6915e+01   6.8443e+00   0.0000e+00   0.0000e+00   2.6833e+02
20191105_20:00:00   3.5887e-01   8.5361e+01   6.7429e+00   0.0000e+00   0.0000e+00   2.6720e+02
20191105_21:00:00   3.5281e-01   8.4211e+01   6.6877e+00   0.0000e+00   1.6189e-04   2.6667e+02
20191105_22:00:00   3.5759e-01   8.5028e+01   6.8288e+00   0.0000e+00   1.0778e-05   2.6597e+02
20191105_23:00:00   3.5519e-01   8.4497e+01   6.8856e+00   0.0000e+00   4.1913e-04   2.6596e+02
20191106_00:00:00   3.6457e-01   8.6207e+01   7.1029e+00   0.0000e+00   8.6874e-04   2.6639e+02
20191106_01:00:00   3.8858e-01   9.0705e+01   7.5001e+00   0.0000e+00   1.3646e-03   2.6545e+02
20191106_02:00:00   3.8870e-01   9.0781e+01   7.4906e+00   0.0000e+00   2.1216e-03   2.6619e+02
20191106_03:00:00   3.7232e-01   8.7822e+01   7.1917e+00   0.0000e+00   2.2503e-03   2.6681e+02
20191106_04:00:00   3.6060e-01   8.5715e+01   6.9502e+00   0.0000e+00   2.1576e-03   2.6794e+02
20191106_05:00:00   3.4467e-01   8.2777e+01   6.6513e+00   0.0000e+00   1.2004e-03   2.6919e+02
20191106_06:00:00   3.3528e-01   8.0925e+01   6.5172e+00   0.0000e+00   1.9393e-03   2.6941e+02
20191106_07:00:00   3.3433e-01   8.0605e+01   6.5713e+00   0.0000e+00   6.8957e-03   2.7037e+02
20191106_08:00:00   3.4286e-01   8.2025e+01   6.8139e+00   0.0000e+00   3.7086e-03   2.7133e+02
20191106_09:00:00   3.5293e-01   8.3708e+01   7.0839e+00   0.0000e+00   1.1158e-02   2.7219e+02
20191106_10:00:00   3.5566e-01   8.3911e+01   7.2716e+00   0.0000e+00   2.2209e-02   2.7318e+02
20191106_11:00:00   3.7091e-01   8.6601e+01   7.6162e+00   0.0000e+00   2.9277e-02   2.7295e+02
20191106_12:00:00   3.9556e-01   9.1124e+01   8.0681e+00   0.0000e+00   1.6666e-02   2.7267e+02
20191106_13:00:00   4.0938e-01   9.3547e+01   8.3232e+00   0.0000e+00   1.3077e-02   2.7237e+02
20191106_14:00:00   3.9664e-01   9.1105e+01   8.1305e+00   0.0000e+00   9.4268e-03   2.7205e+02
20191106_15:00:00   3.9638e-01   9.0950e+01   8.1422e+00   0.0000e+00   3.2865e-02   2.7278e+02
20191106_16:00:00   4.1538e-01   9.4303e+01   8.4838e+00   0.0000e+00   9.9459e-02   2.7297e+02
20191106_17:00:00   4.5706e-01   1.0134e+02   9.2409e+00   0.0000e+00   2.2469e-01   2.7238e+02
20191106_18:00:00   4.3457e-01   9.7831e+01   8.8389e+00   0.0000e+00   1.5189e-02   2.7291e+02
20191106_19:00:00   4.0272e-01   9.2235e+01   8.2453e+00   0.0000e+00   3.3640e-03   2.7280e+02
20191106_20:00:00   4.0409e-01   9.2517e+01   8.2460e+00   0.0000e+00   3.8992e-03   2.7226e+02
20191106_21:00:00   4.2304e-01   9.5967e+01   8.5218e+00   0.0000e+00   1.0498e-02   2.7164e+02
20191106_22:00:00   4.5801e-01   1.0221e+02   9.0410e+00   1.7030e-04   2.2726e-03   2.7172e+02
20191106_23:00:00   4.7390e-01   1.0508e+02   9.2102e+00   5.5956e-04   1.2021e-03   2.7290e+02
20191107_00:00:00   4.8328e-01   1.0666e+02   9.1804e+00   4.2023e-03   1.5497e-02   2.7191e+02
20191107_01:00:00   4.5791e-01   1.0241e+02   8.9573e+00   0.0000e+00   3.9129e-03   2.7440e+02
20191107_02:00:00   4.9232e-01   1.0777e+02   9.7340e+00   0.0000e+00   7.1732e-04   2.7590e+02
20191107_03:00:00   5.0654e-01   1.1002e+02   9.9741e+00   0.0000e+00   5.9671e-04   2.7471e+02
20191107_04:00:00   4.8631e-01   1.0689e+02   9.4957e+00   0.0000e+00   1.5599e-03   2.7373e+02
20191107_05:00:00   5.0455e-01   1.0965e+02   9.8364e+00   0.0000e+00   9.5354e-04   2.7390e+02
20191107_06:00:00   5.0361e-01   1.0947e+02   9.7444e+00   1.7962e-04   2.9250e-02   2.7499e+02
20191107_07:00:00   4.6344e-01   1.0306e+02   8.8840e+00   0.0000e+00   4.2976e-02   2.7501e+02
20191107_08:00:00   4.0324e-01   9.2883e+01   7.7164e+00   2.1340e-04   3.8213e-03   2.7510e+02
20191107_09:00:00   3.5231e-01   8.3748e+01   6.7154e+00   0.0000e+00   1.3244e-04   2.7487e+02
20191107_10:00:00   3.0451e-01   7.4714e+01   5.7749e+00   0.0000e+00   9.9600e-05   2.7733e+02
20191107_11:00:00   2.9569e-01   7.2807e+01   5.6799e+00   0.0000e+00   4.2980e-06   2.7621e+02
20191107_12:00:00   2.1353e-01   5.6079e+01   3.9843e+00   0.0000e+00   0.0000e+00   2.7503e+02
20191107_13:00:00   1.8364e-01   4.9446e+01   3.4190e+00   0.0000e+00   0.0000e+00   2.7421e+02
20191107_14:00:00   1.2608e-01   3.6293e+01   2.2834e+00   0.0000e+00   0.0000e+00   2.7345e+02
20191107_15:00:00   1.6512e-01   4.4803e+01   3.1957e+00   0.0000e+00   2.8057e-05   2.7261e+02
20191107_16:00:00   2.0312e-01   5.3073e+01   3.9486e+00   0.0000e+00   1.4370e-05   2.7320e+02
20191107_17:00:00   1.9261e-01   5.1086e+01   3.6053e+00   0.0000e+00   3.7700e-05   2.7358e+02
20191107_18:00:00   1.8832e-01   5.0253e+01   3.4642e+00   0.0000e+00   0.0000e+00   2.7411e+02
20191107_19:00:00   2.3667e-01   6.0484e+01   4.2547e+00   4.3400e-03   6.4100e-05   2.7439e+02
20191107_20:00:00   2.3532e-01   6.0346e+01   4.2834e+00   3.0500e-03   7.0818e-05   2.7384e+02
20191107_21:00:00   2.2215e-01   5.7632e+01   4.1208e+00   2.2110e-03   4.0488e-05   2.7154e+02
20191107_22:00:00   2.2462e-01   5.8233e+01   4.2197e+00   2.0537e-03   1.4283e-05   2.7042e+02
20191107_23:00:00   2.3125e-01   5.9673e+01   4.4683e+00   0.0000e+00   0.0000e+00   2.6809e+02
20191108_00:00:00   2.2709e-01   5.8842e+01   4.4170e+00   0.0000e+00   0.0000e+00   2.6590e+02
20191108_01:00:00   2.5208e-01   6.4192e+01   4.8598e+00   0.0000e+00   0.0000e+00   2.6445e+02
20191108_02:00:00   2.9517e-01   7.2958e+01   5.6739e+00   0.0000e+00   3.8100e-05   2.6342e+02
20191108_03:00:00   3.1490e-01   7.6898e+01   5.9696e+00   0.0000e+00   1.8588e-03   2.6427e+02
20191108_04:00:00   2.8558e-01   7.1169e+01   5.3634e+00   0.0000e+00   1.7654e-03   2.6489e+02
20191108_05:00:00   2.4261e-01   6.2411e+01   4.5633e+00   0.0000e+00   2.5384e-03   2.6509e+02
20191108_06:00:00   2.1113e-01   5.5735e+01   3.9824e+00   0.0000e+00   2.8054e-03   2.6486e+02
20191108_07:00:00   1.8490e-01   5.0013e+01   3.4792e+00   0.0000e+00   2.5483e-03   2.6547e+02
20191108_08:00:00   1.6688e-01   4.5994e+01   3.1243e+00   0.0000e+00   3.1850e-03   2.6624e+02
20191108_09:00:00   1.5008e-01   4.2177e+01   2.7906e+00   0.0000e+00   2.8085e-03   2.6476e+02
20191108_10:00:00   1.3427e-01   3.8509e+01   2.4876e+00   0.0000e+00   3.8372e-03   2.6339e+02
20191108_11:00:00   1.1860e-01   3.4800e+01   2.1855e+00   0.0000e+00   5.5768e-03   2.6332e+02
20191108_12:00:00   1.0899e-01   3.2473e+01   2.0051e+00   0.0000e+00   4.4599e-03   2.6158e+02
20191108_13:00:00   9.8641e-02   2.9941e+01   1.8022e+00   0.0000e+00   4.1389e-03   2.6188e+02
20191108_14:00:00   8.7483e-02   2.7196e+01   1.5786e+00   0.0000e+00   4.3583e-03   2.6302e+02
20191108_15:00:00   7.9570e-02   2.5214e+01   1.4196e+00   0.0000e+00   4.5509e-03   2.6272e+02
20191108_16:00:00   7.4700e-02   2.3980e+01   1.3266e+00   0.0000e+00   3.7691e-03   2.6203e+02
20191108_17:00:00   7.1271e-02   2.3108e+01   1.2637e+00   0.0000e+00   3.9732e-03   2.5993e+02
20191108_18:00:00   7.1044e-02   2.3044e+01   1.2651e+00   0.0000e+00   3.8345e-03   2.5629e+02
20191108_21:00:00   6.6776e-02   2.1923e+01   1.2014e+00   0.0000e+00   4.0574e-03   2.5247e+02
20191109_00:00:00   7.2518e-02   2.3342e+01   1.3455e+00   0.0000e+00   9.4688e-03   2.5225e+02
20191109_03:00:00   9.3365e-02   2.8593e+01   1.7964e+00   0.0000e+00   1.5136e-02   2.5595e+02
20191109_06:00:00   9.6113e-02   2.9124e+01   1.8985e+00   0.0000e+00   1.6262e-02   2.5786e+02
20191109_09:00:00   8.9448e-02   2.7276e+01   1.7976e+00   0.0000e+00   1.1054e-02   2.5500e+02
20191109_12:00:00   9.6564e-02   2.8753e+01   2.0089e+00   0.0000e+00   3.6739e-02   2.5492e+02
20191109_15:00:00   1.2747e-01   3.6152e+01   2.6543e+00   0.0000e+00   9.5757e-02   2.5431e+02
20191109_18:00:00   1.5566e-01   4.2634e+01   3.2903e+00   0.0000e+00   9.7517e-02   2.5677e+02
20191109_21:00:00   1.7844e-01   4.7568e+01   3.8571e+00   0.0000e+00   8.4177e-02   2.5681e+02
20191110_00:00:00   1.9506e-01   5.1196e+01   4.2070e+00   0.0000e+00   1.1676e-01   2.5738e+02
20191110_03:00:00   1.6521e-01   4.5104e+01   3.4456e+00   0.0000e+00   4.4624e-02   2.5865e+02
20191110_06:00:00   1.3710e-01   3.8954e+01   2.7693e+00   0.0000e+00   9.6960e-03   2.6001e+02
20191110_09:00:00   1.2443e-01   3.6016e+01   2.4661e+00   0.0000e+00   1.9450e-03   2.6461e+02
20191110_12:00:00   9.8930e-02   3.0003e+01   1.8883e+00   0.0000e+00   0.0000e+00   2.6018e+02
20191110_15:00:00   1.1241e-01   3.3237e+01   2.1831e+00   0.0000e+00   0.0000e+00   2.5498e+02
20191110_18:00:00   1.4337e-01   4.0216e+01   2.9376e+00   0.0000e+00   3.6821e-03   2.5082e+02
20191110_21:00:00   1.5193e-01   4.2012e+01   3.1591e+00   0.0000e+00   0.0000e+00   2.4934e+02
20191111_00:00:00   1.4480e-01   4.0267e+01   2.9994e+00   0.0000e+00   0.0000e+00   2.5431e+02
20191111_03:00:00   1.5925e-01   4.3951e+01   3.2048e+00   0.0000e+00   0.0000e+00   2.5896e+02
20191111_06:00:00   1.6256e-01   4.5011e+01   3.1663e+00   0.0000e+00   0.0000e+00   2.5325e+02
20191111_09:00:00   1.5174e-01   4.2435e+01   2.9685e+00   0.0000e+00   1.6478e-05   2.5394e+02
20191111_12:00:00   1.5729e-01   4.3557e+01   3.1081e+00   0.0000e+00   0.0000e+00   2.5625e+02
20191111_15:00:00   1.6112e-01   4.4429e+01   3.1518e+00   0.0000e+00   0.0000e+00   2.5209e+02
20191111_18:00:00   1.6919e-01   4.6240e+01   3.3225e+00   0.0000e+00   0.0000e+00   2.5137e+02
20191111_21:00:00   1.6791e-01   4.6067e+01   3.2107e+00   0.0000e+00   0.0000e+00   2.5242e+02
20191112_00:00:00   1.4089e-01   4.0011e+01   2.5805e+00   0.0000e+00   0.0000e+00   2.5447e+02
20191112_03:00:00   1.0048e-01   3.0405e+01   1.7849e+00   0.0000e+00   0.0000e+00   2.5588e+02
20191112_06:00:00   7.6665e-02   2.4492e+01   1.3177e+00   0.0000e+00   0.0000e+00   2.5454e+02
20191112_09:00:00   7.0000e-02   2.2768e+01   1.2035e+00   0.0000e+00   0.0000e+00   2.5341e+02
20191112_12:00:00   6.1419e-02   2.0466e+01   1.0752e+00   0.0000e+00   0.0000e+00   2.5155e+02
20191112_15:00:00   5.5463e-02   1.8857e+01   9.7360e-01   0.0000e+00   0.0000e+00   2.5250e+02
20191112_18:00:00   5.1719e-02   1.7837e+01   9.0498e-01   0.0000e+00   0.0000e+00   2.5334e+02
20191112_21:00:00   5.4050e-02   1.8326e+01   9.9434e-01   0.0000e+00   0.0000e+00   2.5413e+02
20191113_00:00:00   6.4632e-02   2.0912e+01   1.2783e+00   0.0000e+00   0.0000e+00   2.5686e+02
20191113_03:00:00   7.6007e-02   2.3767e+01   1.5543e+00   0.0000e+00   0.0000e+00   2.5682e+02
20191113_06:00:00   8.9441e-02   2.7094e+01   1.8731e+00   0.0000e+00   0.0000e+00   2.5603e+02
20191113_09:00:00   1.1019e-01   3.2272e+01   2.3267e+00   0.0000e+00   0.0000e+00   2.5799e+02
20191113_12:00:00   1.2151e-01   3.5091e+01   2.5340e+00   0.0000e+00   0.0000e+00   2.5552e+02
20191113_15:00:00   1.4474e-01   4.0593e+01   3.0142e+00   0.0000e+00   0.0000e+00   2.5916e+02
20191113_18:00:00   1.8093e-01   4.8809e+01   3.7914e+00   0.0000e+00   0.0000e+00   2.6190e+02
20191113_21:00:00   1.9580e-01   5.1980e+01   4.1136e+00   0.0000e+00   6.2940e-05   2.6121e+02
20191114_00:00:00   1.8649e-01   4.9851e+01   3.9099e+00   0.0000e+00   0.0000e+00   2.6604e+02
20191114_03:00:00   1.7716e-01   4.7809e+01   3.6387e+00   0.0000e+00   7.6067e-03   2.6822e+02
20191114_06:00:00   1.9334e-01   5.1200e+01   4.0048e+00   0.0000e+00   2.0795e-03   2.7022e+02
20191114_09:00:00   1.4751e-01   4.1145e+01   2.9003e+00   0.0000e+00   2.7207e-04   2.7467e+02
20191114_12:00:00   1.1392e-01   3.3345e+01   2.1661e+00   0.0000e+00   6.8720e-05   2.7516e+02
20191114_15:00:00   9.8625e-02   2.9711e+01   1.8251e+00   0.0000e+00   5.7520e-06   2.7721e+02
20191114_18:00:00   7.7171e-02   2.4336e+01   1.4088e+00   0.0000e+00   4.6420e-05   2.7472e+02
20191114_21:00:00   7.9721e-02   2.4890e+01   1.4893e+00   0.0000e+00   2.5192e-05   2.7371e+02
20191115_00:00:00   8.0626e-02   2.5026e+01   1.5353e+00   0.0000e+00   1.9571e-03   2.7486e+02
20191115_03:00:00   7.1228e-02   2.2608e+01   1.3553e+00   0.0000e+00   4.1338e-03   2.7246e+02
20191115_06:00:00   7.2029e-02   2.2733e+01   1.3841e+00   0.0000e+00   1.4152e-02   2.6909e+02
20191115_09:00:00   7.3760e-02   2.3053e+01   1.4464e+00   0.0000e+00   1.1260e-02   2.6913e+02
20191115_12:00:00   7.0969e-02   2.2444e+01   1.3596e+00   0.0000e+00   5.8993e-03   2.6830e+02
20191115_15:00:00   6.6027e-02   2.1346e+01   1.2150e+00   0.0000e+00   1.6092e-03   2.6789e+02
20191115_18:00:00   7.3166e-02   2.3112e+01   1.3788e+00   0.0000e+00   4.8994e-03   2.6785e+02
20191115_21:00:00   8.7144e-02   2.6531e+01   1.6797e+00   0.0000e+00   1.4821e-02   2.7075e+02
20191116_00:00:00   9.5013e-02   2.8360e+01   1.8757e+00   0.0000e+00   3.4397e-03   2.7406e+02
20191116_03:00:00   9.6517e-02   2.8735e+01   1.9078e+00   0.0000e+00   5.6526e-04   2.7540e+02
20191116_06:00:00   1.0452e-01   3.0662e+01   2.0818e+00   0.0000e+00   0.0000e+00   2.7365e+02
20191116_09:00:00   1.2461e-01   3.5308e+01   2.5236e+00   0.0000e+00   4.5179e-04   2.7073e+02
20191116_12:00:00   1.5706e-01   4.2564e+01   3.2649e+00   0.0000e+00   4.6250e-03   2.7166e+02
20191116_15:00:00   2.1063e-01   5.4265e+01   4.3825e+00   0.0000e+00   2.1970e-02   2.6755e+02
20191116_18:00:00   2.3604e-01   5.9433e+01   4.9216e+00   0.0000e+00   3.5015e-02   2.6718e+02
20191116_21:00:00   2.8482e-01   6.9288e+01   5.8444e+00   0.0000e+00   1.7044e-02   2.6649e+02
20191117_00:00:00   2.3820e-01   6.0143e+01   4.7802e+00   0.0000e+00   2.8778e-04   2.6856e+02
20191117_03:00:00   2.5794e-01   6.3715e+01   5.2705e+00   0.0000e+00   7.7945e-02   2.7245e+02
20191117_06:00:00   3.1991e-01   7.5568e+01   6.5281e+00   0.0000e+00   5.4738e-02   2.7292e+02
20191117_09:00:00   3.1908e-01   7.5337e+01   6.4669e+00   0.0000e+00   1.8534e-02   2.7400e+02
20191117_12:00:00   3.2177e-01   7.5832e+01   6.4464e+00   0.0000e+00   2.2833e-02   2.7368e+02
20191117_15:00:00   3.1453e-01   7.4776e+01   6.1905e+00   0.0000e+00   1.5641e-04   2.7487e+02
20191117_18:00:00   2.3276e-01   5.9121e+01   4.4422e+00   0.0000e+00   0.0000e+00   2.7496e+02
20191117_21:00:00   1.5588e-01   4.2914e+01   2.8259e+00   0.0000e+00   0.0000e+00   2.7054e+02
20191118_00:00:00   1.7377e-01   4.6845e+01   3.2526e+00   0.0000e+00   0.0000e+00   2.6868e+02
20191118_03:00:00   1.4799e-01   4.1076e+01   2.7674e+00   0.0000e+00   0.0000e+00   2.6984e+02
20191118_06:00:00   8.5252e-02   2.6408e+01   1.4825e+00   0.0000e+00   0.0000e+00   2.6713e+02
20191118_09:00:00   5.9682e-02   1.9962e+01   9.7143e-01   0.0000e+00   0.0000e+00   2.6521e+02
20191118_12:00:00   5.9487e-02   1.9722e+01   1.0295e+00   0.0000e+00   0.0000e+00   2.6626e+02
20191118_15:00:00   6.8226e-02   2.1783e+01   1.2785e+00   0.0000e+00   0.0000e+00   2.6327e+02
20191118_18:00:00   7.2211e-02   2.2723e+01   1.3992e+00   0.0000e+00   0.0000e+00   2.6234e+02
20191118_21:00:00   9.1318e-02   2.7276e+01   1.8864e+00   0.0000e+00   0.0000e+00   2.5753e+02
20191119_00:00:00   1.2480e-01   3.4985e+01   2.7323e+00   0.0000e+00   0.0000e+00   2.5307e+02
20191119_03:00:00   1.3625e-01   3.7917e+01   2.9339e+00   0.0000e+00   0.0000e+00   2.5125e+02
20191119_06:00:00   1.3119e-01   3.6932e+01   2.7901e+00   0.0000e+00   0.0000e+00   2.5296e+02
20191119_09:00:00   1.4574e-01   4.0318e+01   3.0938e+00   0.0000e+00   0.0000e+00   2.5264e+02
20191119_12:00:00   1.4056e-01   3.9321e+01   2.9291e+00   0.0000e+00   0.0000e+00   2.5254e+02
20191119_15:00:00   1.1991e-01   3.4530e+01   2.4870e+00   0.0000e+00   0.0000e+00   2.5207e+02
20191119_18:00:00   1.1810e-01   3.3978e+01   2.4909e+00   0.0000e+00   0.0000e+00   2.5030e+02
