#            date       tau225        Tb[K]      pwv[mm] lwp[kg*m^-2] iwp[kg*m^-2]       o3[DU]
20191130_18:00:00   1.3145e-01   3.6648e+01   2.7098e+00   0.0000e+00   0.0000e+00   2.8800e+02
20191130_19:00:00   1.4642e-01   4.0036e+01   3.0794e+00   0.0000e+00   5.2700e-05   2.8703e+02
20191130_20:00:00   1.4752e-01   4.0386e+01   3.1011e+00   0.0000e+00   1.2484e-05   2.8638e+02
20191130_21:00:00   1.4363e-01   3.9548e+01   3.0274e+00   0.0000e+00   2.3659e-05   2.8476e+02
20191130_22:00:00   1.3919e-01   3.8580e+01   2.9291e+00   0.0000e+00   8.8065e-04   2.8086e+02
20191130_23:00:00   1.3268e-01   3.7141e+01   2.7928e+00   0.0000e+00   1.3420e-03   2.8010e+02
20191201_00:00:00   1.2706e-01   3.5859e+01   2.6702e+00   0.0000e+00   1.6618e-03   2.7902e+02
20191201_01:00:00   1.4029e-01   3.8806e+01   3.0094e+00   0.0000e+00   5.1179e-04   2.7646e+02
20191201_02:00:00   1.4705e-01   4.0386e+01   3.1535e+00   0.0000e+00   1.9180e-03   2.7436e+02
20191201_03:00:00   1.3755e-01   3.8406e+01   2.8926e+00   0.0000e+00   1.8194e-03   2.7389e+02
20191201_04:00:00   1.3906e-01   3.8807e+01   2.8997e+00   0.0000e+00   4.8101e-03   2.7355e+02
20191201_05:00:00   1.3461e-01   3.7850e+01   2.7832e+00   0.0000e+00   4.7278e-03   2.7458e+02
20191201_06:00:00   1.2878e-01   3.6585e+01   2.6387e+00   0.0000e+00   2.4414e-04   2.7502e+02
20191201_07:00:00   1.3185e-01   3.7190e+01   2.7521e+00   0.0000e+00   3.6630e-04   2.7359e+02
20191201_08:00:00   1.3015e-01   3.6778e+01   2.7257e+00   0.0000e+00   1.6349e-03   2.7313e+02
20191201_09:00:00   1.2886e-01   3.6440e+01   2.7094e+00   0.0000e+00   2.6295e-03   2.7344e+02
20191201_10:00:00   1.2132e-01   3.4782e+01   2.5013e+00   0.0000e+00   1.8185e-03   2.7426e+02
20191201_11:00:00   1.1872e-01   3.4202e+01   2.4302e+00   0.0000e+00   1.8976e-03   2.7470e+02
20191201_12:00:00   1.1266e-01   3.2827e+01   2.2785e+00   0.0000e+00   1.0071e-03   2.7560e+02
20191201_13:00:00   1.0889e-01   3.1981e+01   2.1752e+00   0.0000e+00   6.5475e-04   2.7491e+02
20191201_14:00:00   1.0675e-01   3.1481e+01   2.1304e+00   0.0000e+00   3.6820e-05   2.7397e+02
20191201_15:00:00   1.0352e-01   3.0743e+01   2.0532e+00   0.0000e+00   2.6420e-05   2.7484e+02
20191201_16:00:00   1.0220e-01   3.0478e+01   2.0083e+00   0.0000e+00   7.2579e-05   2.7676e+02
20191201_17:00:00   9.8975e-02   2.9745e+01   1.9228e+00   0.0000e+00   0.0000e+00   2.7778e+02
20191201_18:00:00   9.6888e-02   2.9241e+01   1.8739e+00   0.0000e+00   0.0000e+00   2.7943e+02
20191201_19:00:00   9.5260e-02   2.8874e+01   1.8285e+00   0.0000e+00   0.0000e+00   2.7895e+02
20191201_20:00:00   9.4625e-02   2.8735e+01   1.8092e+00   0.0000e+00   0.0000e+00   2.7946e+02
20191201_21:00:00   9.4584e-02   2.8736e+01   1.8063e+00   0.0000e+00   0.0000e+00   2.7922e+02
20191201_22:00:00   9.1385e-02   2.7967e+01   1.7376e+00   0.0000e+00   0.0000e+00   2.7984e+02
20191201_23:00:00   8.9129e-02   2.7421e+01   1.6876e+00   0.0000e+00   0.0000e+00   2.8039e+02
20191202_00:00:00   8.7334e-02   2.6981e+01   1.6489e+00   0.0000e+00   0.0000e+00   2.8000e+02
20191202_01:00:00   8.4705e-02   2.6346e+01   1.5915e+00   0.0000e+00   0.0000e+00   2.7917e+02
20191202_02:00:00   8.5101e-02   2.6413e+01   1.6127e+00   0.0000e+00   0.0000e+00   2.7772e+02
20191202_03:00:00   8.3303e-02   2.5963e+01   1.5766e+00   0.0000e+00   0.0000e+00   2.7467e+02
20191202_04:00:00   8.2933e-02   2.5874e+01   1.5715e+00   0.0000e+00   0.0000e+00   2.7359e+02
20191202_05:00:00   8.0622e-02   2.5300e+01   1.5249e+00   0.0000e+00   0.0000e+00   2.7387e+02
20191202_06:00:00   7.7943e-02   2.4644e+01   1.4645e+00   0.0000e+00   0.0000e+00   2.7303e+02
20191202_07:00:00   7.7022e-02   2.4412e+01   1.4458e+00   0.0000e+00   0.0000e+00   2.7194e+02
20191202_08:00:00   7.5316e-02   2.3978e+01   1.4098e+00   0.0000e+00   0.0000e+00   2.7151e+02
20191202_09:00:00   7.4896e-02   2.3869e+01   1.3992e+00   0.0000e+00   0.0000e+00   2.7232e+02
20191202_10:00:00   7.5868e-02   2.4102e+01   1.4213e+00   0.0000e+00   0.0000e+00   2.7434e+02
20191202_11:00:00   7.7275e-02   2.4416e+01   1.4626e+00   0.0000e+00   0.0000e+00   2.7419e+02
20191202_12:00:00   7.7992e-02   2.4565e+01   1.4857e+00   0.0000e+00   4.6460e-06   2.7370e+02
20191202_13:00:00   7.9100e-02   2.4772e+01   1.5307e+00   0.0000e+00   2.8642e-04   2.7297e+02
20191202_14:00:00   7.6296e-02   2.4104e+01   1.4604e+00   0.0000e+00   3.8304e-05   2.7264e+02
20191202_15:00:00   7.5713e-02   2.3927e+01   1.4590e+00   0.0000e+00   1.3153e-03   2.7231e+02
20191202_16:00:00   8.1239e-02   2.5137e+01   1.6351e+00   0.0000e+00   2.2930e-03   2.7259e+02
20191202_17:00:00   8.9900e-02   2.7076e+01   1.8859e+00   0.0000e+00   9.9246e-03   2.7385e+02
20191202_18:00:00   9.5493e-02   2.8364e+01   2.0365e+00   0.0000e+00   9.2039e-03   2.7418e+02
20191202_19:00:00   1.0112e-01   2.9603e+01   2.1976e+00   0.0000e+00   1.0206e-02   2.7434e+02
20191202_20:00:00   1.1439e-01   3.2564e+01   2.5631e+00   0.0000e+00   5.5245e-03   2.7479e+02
20191202_21:00:00   1.2139e-01   3.4170e+01   2.7411e+00   0.0000e+00   3.1067e-03   2.7441e+02
20191202_22:00:00   1.3517e-01   3.7194e+01   3.0981e+00   0.0000e+00   1.8582e-02   2.7358e+02
20191202_23:00:00   1.3036e-01   3.6149e+01   2.9703e+00   0.0000e+00   6.5786e-03   2.7086e+02
20191203_00:00:00   1.3382e-01   3.6882e+01   3.0649e+00   0.0000e+00   6.4227e-03   2.6883e+02
20191203_01:00:00   1.4465e-01   3.9321e+01   3.3155e+00   0.0000e+00   1.1907e-02   2.6957e+02
20191203_02:00:00   1.4105e-01   3.8568e+01   3.2209e+00   0.0000e+00   3.2272e-03   2.7053e+02
20191203_03:00:00   1.4261e-01   3.8903e+01   3.2657e+00   0.0000e+00   3.0805e-04   2.7161e+02
20191203_04:00:00   1.4773e-01   3.9985e+01   3.3991e+00   0.0000e+00   2.9577e-03   2.7212e+02
20191203_05:00:00   1.4633e-01   3.9680e+01   3.3547e+00   0.0000e+00   7.4093e-03   2.7104e+02
20191203_06:00:00   1.7348e-01   4.5638e+01   3.9993e+00   0.0000e+00   2.3512e-03   2.6982e+02
20191203_07:00:00   2.1378e-01   5.4190e+01   4.9223e+00   0.0000e+00   1.2298e-02   2.6974e+02
20191203_08:00:00   2.2014e-01   5.5511e+01   5.0521e+00   0.0000e+00   1.6769e-02   2.6916e+02
20191203_09:00:00   2.3384e-01   5.8410e+01   5.3352e+00   0.0000e+00   1.2656e-02   2.6923e+02
20191203_10:00:00   2.4909e-01   6.1597e+01   5.6795e+00   0.0000e+00   9.0390e-03   2.6971e+02
20191203_11:00:00   2.6810e-01   6.5458e+01   6.0813e+00   0.0000e+00   7.2710e-03   2.7015e+02
20191203_12:00:00   2.7678e-01   6.7068e+01   6.2428e+00   0.0000e+00   4.4634e-02   2.7091e+02
20191203_13:00:00   2.6611e-01   6.4829e+01   6.0070e+00   0.0000e+00   6.2293e-02   2.7039e+02
20191203_14:00:00   2.6058e-01   6.3684e+01   5.8835e+00   0.0000e+00   6.9718e-02   2.7040e+02
20191203_15:00:00   2.7223e-01   6.6117e+01   6.1044e+00   0.0000e+00   9.1131e-02   2.6959e+02
20191203_16:00:00   2.7053e-01   6.5748e+01   6.0884e+00   0.0000e+00   6.6572e-02   2.7013e+02
20191203_17:00:00   2.8785e-01   6.9200e+01   6.4612e+00   0.0000e+00   5.8241e-02   2.6946e+02
20191203_18:00:00   3.0991e-01   7.3536e+01   6.9152e+00   0.0000e+00   6.3080e-02   2.6973e+02
20191203_19:00:00   3.4319e-01   7.9929e+01   7.6115e+00   0.0000e+00   4.8545e-02   2.6971e+02
20191203_20:00:00   3.7645e-01   8.6099e+01   8.2593e+00   0.0000e+00   9.0405e-02   2.7049e+02
20191203_21:00:00   4.0741e-01   9.1742e+01   8.8678e+00   0.0000e+00   8.0085e-02   2.7190e+02
20191203_22:00:00   4.2751e-01   9.5395e+01   9.2458e+00   0.0000e+00   3.3054e-02   2.7467e+02
20191203_23:00:00   4.5015e-01   9.9291e+01   9.6266e+00   0.0000e+00   7.2792e-02   2.7665e+02
20191204_00:00:00   4.7896e-01   1.0407e+02   1.0028e+01   0.0000e+00   2.7509e-01   2.7846e+02
20191204_01:00:00   5.0998e-01   1.0908e+02   1.0577e+01   0.0000e+00   2.5112e-01   2.7845e+02
20191204_02:00:00   5.2987e-01   1.1214e+02   1.0825e+01   0.0000e+00   3.5160e-01   2.7992e+02
20191204_03:00:00   5.3691e-01   1.1321e+02   1.0923e+01   0.0000e+00   4.0887e-01   2.8452e+02
20191204_04:00:00   5.4395e-01   1.1423e+02   1.1046e+01   0.0000e+00   3.4499e-01   2.8734e+02
20191204_05:00:00   5.4211e-01   1.1410e+02   1.1113e+01   0.0000e+00   1.4889e-01   2.8867e+02
20191204_06:00:00   5.3164e-01   1.1263e+02   1.0885e+01   5.5220e-05   7.6203e-02   2.8931e+02
20191204_07:00:00   5.1709e-01   1.1068e+02   1.0466e+01   3.6947e-03   2.5700e-02   2.8991e+02
20191204_08:00:00   5.0497e-01   1.0870e+02   9.9643e+00   8.8310e-03   3.1110e-02   2.9137e+02
20191204_09:00:00   6.7735e-01   1.3414e+02   9.7142e+00   8.5830e-02   3.5264e-02   2.9040e+02
20191204_10:00:00   1.0753e+00   1.7855e+02   9.1437e+00   2.6428e-01   1.1959e-01   2.9131e+02
20191204_11:00:00   1.8426e+00   2.2760e+02   9.8853e+00   5.7317e-01   1.5324e-01   2.9111e+02
20191204_12:00:00   1.0179e+00   1.7395e+02   8.2609e+00   2.4703e-01   1.4335e-01   2.9321e+02
20191204_13:00:00   4.2739e-01   9.6841e+01   6.2847e+00   3.6860e-02   4.8809e-03   2.9525e+02
20191204_14:00:00   5.9964e-01   1.2463e+02   5.6803e+00   1.2139e-01   8.8510e-04   2.9224e+02
20191204_15:00:00   2.9810e-01   7.3021e+01   5.3182e+00   5.2390e-03   2.2939e-04   2.9263e+02
20191204_16:00:00   3.0372e-01   7.4192e+01   5.0029e+00   1.5412e-02   1.2208e-04   2.9285e+02
20191204_17:00:00   2.5582e-01   6.4481e+01   4.8111e+00   1.9446e-03   3.1160e-06   2.9420e+02
20191204_18:00:00   2.8854e-01   7.0905e+01   5.6226e+00   0.0000e+00   0.0000e+00   2.9419e+02
20191204_19:00:00   3.4335e-01   8.1296e+01   6.6017e+00   5.4590e-04   9.7999e-06   2.9421e+02
20191204_20:00:00   4.8067e-01   1.0535e+02   7.9258e+00   2.6034e-02   3.5697e-02   2.9337e+02
20191204_21:00:00   1.8038e+00   2.2653e+02   8.8000e+00   5.6444e-01   3.1383e-01   2.9577e+02
20191204_22:00:00   1.2542e+00   1.9439e+02   8.4564e+00   3.3942e-01   1.0286e-01   2.9822e+02
20191204_23:00:00   1.6027e+00   2.1693e+02   7.4838e+00   5.0863e-01   1.1145e-01   2.9891e+02
20191205_00:00:00   1.5445e+00   2.1312e+02   7.3675e+00   4.8998e-01   1.4432e-01   2.9784e+02
20191205_01:00:00   6.7899e-01   1.3476e+02   6.5410e+00   1.4032e-01   3.5902e-02   2.9668e+02
20191205_02:00:00   1.3278e+00   1.9898e+02   7.3175e+00   3.9573e-01   3.5840e-01   2.9800e+02
20191205_03:00:00   2.7917e-01   6.8670e+01   4.9501e+00   5.9868e-03   3.0638e-04   2.9728e+02
20191205_04:00:00   3.3458e-01   7.9154e+01   5.3902e+00   1.8708e-02   1.1473e-02   2.9626e+02
20191205_05:00:00   6.5209e-01   1.3041e+02   5.0805e+00   1.6178e-01   1.0199e-01   2.9692e+02
20191205_06:00:00   2.4013e-01   6.0636e+01   3.9867e+00   8.3400e-03   2.4866e-03   2.9718e+02
20191205_07:00:00   1.8097e-01   4.8239e+01   2.5220e+00   1.6506e-02   2.6047e-04   2.9649e+02
20191205_08:00:00   1.3013e-01   3.6763e+01   2.0626e+00   6.0850e-03   6.7840e-05   2.9464e+02
20191205_09:00:00   1.1307e-01   3.2743e+01   2.0278e+00   5.5770e-04   8.4480e-06   2.9325e+02
20191205_10:00:00   1.1451e-01   3.3046e+01   2.1363e+00   0.0000e+00   1.3080e-07   2.9467e+02
20191205_11:00:00   1.1513e-01   3.3209e+01   2.1672e+00   0.0000e+00   0.0000e+00   2.9661e+02
20191205_12:00:00   1.1950e-01   3.4291e+01   2.2548e+00   0.0000e+00   0.0000e+00   2.9508e+02
20191205_13:00:00   1.2345e-01   3.5251e+01   2.3388e+00   0.0000e+00   0.0000e+00   2.9297e+02
20191205_14:00:00   1.2303e-01   3.5157e+01   2.3464e+00   0.0000e+00   0.0000e+00   2.9059e+02
20191205_15:00:00   1.2329e-01   3.5158e+01   2.3861e+00   0.0000e+00   0.0000e+00   2.8979e+02
20191205_16:00:00   1.2457e-01   3.5413e+01   2.4445e+00   0.0000e+00   0.0000e+00   2.8893e+02
20191205_17:00:00   1.3250e-01   3.7146e+01   2.6579e+00   0.0000e+00   0.0000e+00   2.8740e+02
20191205_18:00:00   1.3846e-01   3.8434e+01   2.8280e+00   0.0000e+00   2.1563e-05   2.8662e+02
20191205_21:00:00   1.4448e-01   3.9557e+01   3.0552e+00   0.0000e+00   3.9957e-03   2.8630e+02
20191206_00:00:00   1.2402e-01   3.5030e+01   2.5811e+00   0.0000e+00   9.5038e-04   2.8075e+02
20191206_03:00:00   1.1749e-01   3.3581e+01   2.4270e+00   0.0000e+00   5.0983e-04   2.7575e+02
20191206_06:00:00   1.2144e-01   3.4480e+01   2.5435e+00   0.0000e+00   6.5367e-05   2.7570e+02
20191206_09:00:00   1.2033e-01   3.4236e+01   2.5306e+00   0.0000e+00   1.1185e-03   2.7316e+02
20191206_12:00:00   1.1982e-01   3.4091e+01   2.5242e+00   0.0000e+00   7.1143e-03   2.6949e+02
20191206_15:00:00   1.0761e-01   3.1214e+01   2.2363e+00   0.0000e+00   1.7895e-02   2.6891e+02
20191206_18:00:00   9.9529e-02   2.9340e+01   2.0435e+00   0.0000e+00   1.2340e-02   2.6740e+02
20191206_21:00:00   1.1593e-01   3.3147e+01   2.4369e+00   0.0000e+00   1.0174e-02   2.6736e+02
20191207_00:00:00   2.5467e-01   6.3375e+01   5.4564e+00   0.0000e+00   3.1935e-03   2.6822e+02
20191207_03:00:00   4.2302e-01   9.4667e+01   8.8271e+00   0.0000e+00   1.2293e-02   2.6770e+02
20191207_06:00:00   3.6272e-01   8.3465e+01   7.7280e+00   0.0000e+00   4.7780e-02   2.6607e+02
20191207_09:00:00   2.7892e-01   6.8348e+01   5.6029e+00   0.0000e+00   1.1712e-02   2.7085e+02
20191207_12:00:00   8.8384e-02   2.6841e+01   1.6121e+00   0.0000e+00   2.4937e-04   2.7698e+02
20191207_15:00:00   7.7276e-02   2.4141e+01   1.3577e+00   0.0000e+00   1.2082e-05   2.7899e+02
20191207_18:00:00   6.2470e-02   2.0408e+01   1.0654e+00   0.0000e+00   2.3443e-05   2.8595e+02
20191207_21:00:00   8.7591e-02   2.6637e+01   1.5252e+00   4.6510e-04   7.4420e-07   2.8978e+02
20191208_00:00:00   8.7457e-02   2.6525e+01   1.5462e+00   0.0000e+00   0.0000e+00   2.9067e+02
20191208_03:00:00   8.9789e-02   2.7116e+01   1.5222e+00   0.0000e+00   0.0000e+00   3.0554e+02
20191208_06:00:00   7.1042e-02   2.2504e+01   1.0713e+00   0.0000e+00   9.7930e-06   3.1669e+02
20191208_09:00:00   5.4537e-02   1.8364e+01   7.9061e-01   0.0000e+00   0.0000e+00   3.1491e+02
20191208_12:00:00   5.0576e-02   1.7347e+01   7.7112e-01   0.0000e+00   0.0000e+00   3.1870e+02
20191208_15:00:00   5.0323e-02   1.7352e+01   7.7356e-01   0.0000e+00   0.0000e+00   3.1294e+02
20191208_18:00:00   7.3063e-02   2.2778e+01   1.3513e+00   0.0000e+00   0.0000e+00   3.0883e+02
20191208_21:00:00   8.3587e-02   2.5491e+01   1.5799e+00   0.0000e+00   0.0000e+00   3.0641e+02
20191209_00:00:00   8.7672e-02   2.6576e+01   1.6594e+00   0.0000e+00   0.0000e+00   3.0118e+02
20191209_03:00:00   1.0018e-01   2.9614e+01   1.9549e+00   0.0000e+00   0.0000e+00   2.9835e+02
20191209_06:00:00   1.1146e-01   3.2397e+01   2.2026e+00   0.0000e+00   0.0000e+00   2.9694e+02
20191209_09:00:00   1.1096e-01   3.2399e+01   2.1853e+00   0.0000e+00   0.0000e+00   2.9518e+02
20191209_12:00:00   1.0972e-01   3.2223e+01   2.1559e+00   0.0000e+00   0.0000e+00   2.8930e+02
20191209_15:00:00   1.0971e-01   3.2339e+01   2.1529e+00   0.0000e+00   0.0000e+00   2.8836e+02
20191209_18:00:00   1.0254e-01   3.0688e+01   1.9792e+00   0.0000e+00   2.4324e-04   2.8777e+02
20191209_21:00:00   1.0521e-01   3.1343e+01   2.0381e+00   0.0000e+00   8.8772e-04   2.8598e+02
20191210_00:00:00   1.1208e-01   3.2950e+01   2.1911e+00   0.0000e+00   4.5415e-03   2.8111e+02
20191210_03:00:00   1.1092e-01   3.2537e+01   2.1914e+00   0.0000e+00   1.9426e-02   2.7900e+02
20191210_06:00:00   9.5140e-02   2.8486e+01   1.8786e+00   0.0000e+00   3.8559e-03   2.8205e+02
20191210_09:00:00   1.8046e-01   4.7295e+01   3.9155e+00   0.0000e+00   4.3428e-02   2.8426e+02
20191210_12:00:00   3.4165e-01   8.0296e+01   6.9941e+00   0.0000e+00   7.2692e-02   2.8297e+02
20191210_15:00:00   2.7169e-01   6.6792e+01   5.4901e+00   5.5220e-05   3.5291e-03   2.8069e+02
20191210_18:00:00   2.2164e-01   5.6160e+01   4.5562e+00   0.0000e+00   4.3120e-03   2.7860e+02
20191210_21:00:00   2.0165e-01   5.2039e+01   4.1758e+00   0.0000e+00   0.0000e+00   2.7941e+02
20191211_00:00:00   2.2833e-01   5.7687e+01   4.7461e+00   0.0000e+00   0.0000e+00   2.8297e+02
20191211_03:00:00   2.2573e-01   5.7402e+01   4.6192e+00   0.0000e+00   0.0000e+00   2.8014e+02
20191211_06:00:00   1.9087e-01   5.0439e+01   3.7685e+00   0.0000e+00   0.0000e+00   2.8198e+02
20191211_09:00:00   1.6100e-01   4.3987e+01   3.1652e+00   0.0000e+00   9.8240e-05   2.8190e+02
20191211_12:00:00   1.5721e-01   4.3035e+01   3.1646e+00   0.0000e+00   2.3322e-03   2.8055e+02
20191211_15:00:00   1.5958e-01   4.3292e+01   3.2975e+00   0.0000e+00   1.2543e-02   2.7995e+02
20191211_18:00:00   1.6100e-01   4.3383e+01   3.3910e+00   0.0000e+00   5.3086e-03   2.7982e+02
20191211_21:00:00   1.5454e-01   4.1980e+01   3.2330e+00   0.0000e+00   8.7586e-03   2.7995e+02
20191212_00:00:00   1.6639e-01   4.4363e+01   3.5438e+00   0.0000e+00   3.5192e-02   2.8105e+02
20191212_03:00:00   2.1009e-01   5.3497e+01   4.5260e+00   0.0000e+00   6.2943e-02   2.8399e+02
20191212_06:00:00   2.6181e-01   6.3939e+01   5.5649e+00   0.0000e+00   1.6667e-01   2.8936e+02
20191212_09:00:00   2.7547e-01   6.6642e+01   5.8843e+00   0.0000e+00   1.6232e-02   2.9148e+02
20191212_12:00:00   2.6121e-01   6.3540e+01   5.4809e+00   0.0000e+00   1.9229e-01   2.9424e+02
20191212_15:00:00   2.0382e-01   5.1985e+01   4.2894e+00   0.0000e+00   4.3280e-02   2.9309e+02
20191212_18:00:00   1.5623e-01   4.2140e+01   3.1795e+00   0.0000e+00   1.0889e-02   2.9081e+02
20191212_21:00:00   1.0510e-01   3.0997e+01   1.9224e+00   0.0000e+00   6.0005e-04   2.8974e+02
20191213_00:00:00   4.7248e-02   1.6810e+01   6.6809e-01   0.0000e+00   0.0000e+00   2.8432e+02
20191213_03:00:00   4.0094e-02   1.4856e+01   5.4331e-01   0.0000e+00   0.0000e+00   2.7403e+02
20191213_06:00:00   4.2952e-02   1.5518e+01   6.3883e-01   0.0000e+00   0.0000e+00   2.6858e+02
20191213_09:00:00   5.3040e-02   1.8092e+01   8.8832e-01   0.0000e+00   0.0000e+00   2.6242e+02
20191213_12:00:00   6.9274e-02   2.2137e+01   1.2801e+00   0.0000e+00   0.0000e+00   2.5764e+02
20191213_15:00:00   9.2030e-02   2.7758e+01   1.8271e+00   0.0000e+00   0.0000e+00   2.5200e+02
20191213_18:00:00   1.0206e-01   3.0338e+01   2.0495e+00   0.0000e+00   0.0000e+00   2.5001e+02
20191213_21:00:00   1.1137e-01   3.2634e+01   2.2605e+00   0.0000e+00   0.0000e+00   2.4959e+02
20191214_00:00:00   1.2203e-01   3.5334e+01   2.4810e+00   0.0000e+00   0.0000e+00   2.4970e+02
20191214_03:00:00   1.3467e-01   3.8493e+01   2.7538e+00   0.0000e+00   0.0000e+00   2.4715e+02
20191214_06:00:00   1.2856e-01   3.7097e+01   2.6215e+00   0.0000e+00   0.0000e+00   2.4856e+02
20191214_09:00:00   1.2443e-01   3.6077e+01   2.5137e+00   0.0000e+00   0.0000e+00   2.4434e+02
20191214_12:00:00   1.1399e-01   3.3561e+01   2.2850e+00   0.0000e+00   0.0000e+00   2.4556e+02
20191214_15:00:00   9.7445e-02   2.9591e+01   1.9015e+00   0.0000e+00   0.0000e+00   2.4613e+02
20191214_18:00:00   8.5511e-02   2.6666e+01   1.6209e+00   0.0000e+00   0.0000e+00   2.5245e+02
20191214_21:00:00   8.6694e-02   2.6521e+01   1.7553e+00   0.0000e+00   1.0603e-03   2.5485e+02
20191215_00:00:00   1.3910e-01   3.7993e+01   3.1153e+00   0.0000e+00   8.5905e-02   2.5156e+02
20191215_03:00:00   1.8358e-01   4.8589e+01   3.9608e+00   0.0000e+00   2.9593e-03   2.5258e+02
20191215_06:00:00   2.9398e-01   7.0784e+01   6.4477e+00   0.0000e+00   1.6286e-01   2.5155e+02
20191215_09:00:00   4.9684e-01   1.0763e+02   1.0251e+01   0.0000e+00   1.7411e-02   2.5232e+02
20191215_12:00:00   6.1088e-01   1.2483e+02   1.1690e+01   1.1113e-02   6.3298e-02   2.5310e+02
20191215_15:00:00   1.7283e+00   2.2355e+02   1.2050e+01   4.6486e-01   3.7698e-01   2.5225e+02
20191215_18:00:00   1.3800e+00   2.0357e+02   1.1093e+01   3.4010e-01   8.1097e-02   2.5612e+02
20191215_21:00:00   1.7895e+00   2.2615e+02   1.0524e+01   5.2449e-01   1.7567e-01   2.5526e+02
20191216_00:00:00   1.8944e+00   2.3035e+02   1.0066e+01   5.8098e-01   1.6215e-01   2.5583e+02
20191216_03:00:00   1.6359e+00   2.1813e+02   9.8441e+00   4.7803e-01   1.6249e-01   2.5726e+02
20191216_06:00:00   1.5447e+00   2.1270e+02   9.3926e+00   4.5240e-01   1.2178e-01   2.6075e+02
20191216_09:00:00   9.2895e-01   1.6379e+02   9.2453e+00   1.9519e-01   8.0443e-02   2.6154e+02
20191216_12:00:00   1.4752e+00   2.0821e+02   8.5514e+00   4.4176e-01   1.5272e-01   2.6416e+02
20191216_15:00:00   1.0687e+00   1.7761e+02   7.6142e+00   2.8736e-01   1.2691e-01   2.6720e+02
20191216_18:00:00   1.3224e+00   1.9782e+02   7.0752e+00   4.1009e-01   1.4866e-01   2.6860e+02
