#            date       tau225        Tb[K]      pwv[mm] lwp[kg*m^-2] iwp[kg*m^-2]       o3[DU]
20191105_12:00:00   3.0434e-01   7.4944e+01   5.4746e+00   6.9690e-04   1.1395e-04   2.7116e+02
20191105_13:00:00   3.1535e-01   7.7096e+01   5.5788e+00   2.6674e-03   2.7006e-04   2.7224e+02
20191105_14:00:00   3.4414e-01   8.2512e+01   5.6925e+00   1.2835e-02   1.2117e-03   2.7240e+02
20191105_15:00:00   3.7502e-01   8.8169e+01   5.8885e+00   2.1681e-02   2.4041e-03   2.7071e+02
20191105_16:00:00   3.6832e-01   8.6949e+01   5.8210e+00   2.0723e-02   2.4859e-03   2.7106e+02
20191105_17:00:00   2.9522e-01   7.3137e+01   5.3511e+00   6.9700e-04   1.1081e-04   2.7076e+02
20191105_18:00:00   2.9952e-01   7.4035e+01   5.4609e+00   3.4140e-04   3.1150e-05   2.7045e+02
20191105_19:00:00   3.5644e-01   8.4942e+01   6.1180e+00   9.0850e-03   2.3859e-04   2.6974e+02
20191105_20:00:00   4.8433e-01   1.0721e+02   6.7233e+00   4.9563e-02   2.4037e-03   2.6962e+02
20191105_21:00:00   3.9872e-01   9.2623e+01   6.8870e+00   1.0870e-02   6.4985e-04   2.7018e+02
20191105_22:00:00   3.8324e-01   8.9859e+01   6.9877e+00   2.9577e-03   4.4942e-04   2.7042e+02
20191105_23:00:00   4.0072e-01   9.2951e+01   7.5010e+00   7.1952e-04   3.7606e-04   2.6964e+02
20191106_00:00:00   3.8773e-01   9.0625e+01   7.3221e+00   3.8809e-04   3.0206e-03   2.6934e+02
20191106_01:00:00   4.1558e-01   9.5401e+01   7.9909e+00   0.0000e+00   8.6936e-03   2.7015e+02
20191106_02:00:00   3.7049e-01   8.7525e+01   7.0674e+00   0.0000e+00   1.2541e-02   2.7176e+02
20191106_03:00:00   3.8172e-01   8.9531e+01   7.2878e+00   0.0000e+00   2.1775e-02   2.7238e+02
20191106_04:00:00   3.7682e-01   8.8584e+01   7.2502e+00   0.0000e+00   3.2571e-02   2.7257e+02
20191106_05:00:00   3.9511e-01   9.1655e+01   7.7296e+00   0.0000e+00   4.6770e-02   2.7295e+02
20191106_06:00:00   4.0386e-01   9.3080e+01   8.0002e+00   0.0000e+00   4.5163e-02   2.7432e+02
20191106_07:00:00   4.0971e-01   9.3842e+01   8.2830e+00   0.0000e+00   1.0676e-02   2.7591e+02
20191106_08:00:00   4.0929e-01   9.3564e+01   8.3751e+00   0.0000e+00   1.9521e-02   2.7797e+02
20191106_09:00:00   4.4250e-01   9.9233e+01   9.0114e+00   0.0000e+00   4.9219e-02   2.7919e+02
20191106_10:00:00   4.5724e-01   1.0176e+02   9.2703e+00   0.0000e+00   3.0455e-03   2.7767e+02
20191106_11:00:00   4.9299e-01   1.0735e+02   9.9877e+00   0.0000e+00   5.4012e-02   2.7514e+02
20191106_12:00:00   5.2889e-01   1.1298e+02   1.0569e+01   0.0000e+00   1.0509e-01   2.7503e+02
20191106_13:00:00   5.5468e-01   1.1671e+02   1.0844e+01   0.0000e+00   5.0059e-01   2.7269e+02
20191106_14:00:00   5.0719e-01   1.0962e+02   1.0128e+01   6.4020e-06   1.5910e-01   2.7207e+02
20191106_15:00:00   5.0161e-01   1.0866e+02   1.0033e+01   0.0000e+00   1.9063e-01   2.7328e+02
20191106_16:00:00   5.6198e-01   1.1798e+02   1.0917e+01   1.7962e-04   4.3280e-01   2.7355e+02
20191106_17:00:00   5.2607e-01   1.1262e+02   1.0417e+01   6.6140e-05   1.1024e-01   2.7329e+02
20191106_18:00:00   5.2716e-01   1.1286e+02   1.0352e+01   0.0000e+00   1.2357e-01   2.7282e+02
20191106_19:00:00   4.7671e-01   1.0500e+02   9.3899e+00   0.0000e+00   7.3990e-03   2.7269e+02
20191106_20:00:00   4.5487e-01   1.0160e+02   8.8367e+00   0.0000e+00   1.2336e-02   2.7344e+02
20191106_21:00:00   4.2995e-01   9.7459e+01   8.3281e+00   1.0360e-04   3.3088e-03   2.7286e+02
20191106_22:00:00   3.7576e-01   8.8134e+01   7.1254e+00   1.6363e-03   1.1331e-03   2.7251e+02
20191106_23:00:00   3.6184e-01   8.5808e+01   6.4705e+00   6.6923e-03   1.2674e-03   2.7248e+02
20191107_00:00:00   3.3765e-01   8.1452e+01   5.5930e+00   1.3010e-02   4.3978e-03   2.7087e+02
20191107_01:00:00   2.8678e-01   7.1512e+01   5.2217e+00   6.6260e-04   5.2621e-03   2.7083e+02
20191107_02:00:00   2.5110e-01   6.4149e+01   4.6170e+00   9.8610e-04   3.6071e-03   2.7121e+02
20191107_03:00:00   2.2930e-01   5.9639e+01   4.1595e+00   0.0000e+00   3.1419e-03   2.7079e+02
20191107_04:00:00   2.1878e-01   5.7278e+01   3.9942e+00   0.0000e+00   2.7587e-03   2.6980e+02
20191107_05:00:00   2.0326e-01   5.3907e+01   3.6907e+00   0.0000e+00   3.1439e-03   2.7006e+02
20191107_06:00:00   1.8060e-01   4.8878e+01   3.2642e+00   0.0000e+00   4.6388e-03   2.6896e+02
20191107_07:00:00   1.4605e-01   4.0993e+01   2.6536e+00   0.0000e+00   5.4267e-03   2.6822e+02
20191107_08:00:00   1.3187e-01   3.7664e+01   2.3978e+00   0.0000e+00   7.7522e-03   2.6681e+02
20191107_09:00:00   1.0757e-01   3.1864e+01   1.9651e+00   0.0000e+00   7.7033e-03   2.6670e+02
20191107_10:00:00   9.9891e-02   2.9935e+01   1.8658e+00   0.0000e+00   9.0284e-03   2.6820e+02
20191107_11:00:00   1.1272e-01   3.2908e+01   2.1859e+00   0.0000e+00   1.2902e-02   2.6793e+02
20191107_12:00:00   1.3490e-01   3.8190e+01   2.6647e+00   0.0000e+00   1.0434e-02   2.6874e+02
20191107_13:00:00   1.4665e-01   4.0995e+01   2.8955e+00   0.0000e+00   1.1346e-02   2.6784e+02
20191107_14:00:00   1.5580e-01   4.3135e+01   3.0759e+00   0.0000e+00   7.3284e-03   2.6715e+02
20191107_15:00:00   1.6267e-01   4.4680e+01   3.2153e+00   0.0000e+00   1.7408e-02   2.6581e+02
20191107_16:00:00   1.7210e-01   4.6666e+01   3.4405e+00   0.0000e+00   2.8922e-02   2.6666e+02
20191107_17:00:00   1.6656e-01   4.5322e+01   3.3793e+00   0.0000e+00   3.3371e-02   2.6529e+02
20191107_18:00:00   1.6397e-01   4.4621e+01   3.3492e+00   0.0000e+00   6.3245e-02   2.6514e+02
20191107_19:00:00   1.5778e-01   4.3049e+01   3.2850e+00   0.0000e+00   5.7935e-02   2.6586e+02
20191107_20:00:00   1.5962e-01   4.3381e+01   3.3369e+00   0.0000e+00   5.6081e-02   2.6392e+02
20191107_21:00:00   1.5749e-01   4.2906e+01   3.2743e+00   0.0000e+00   7.6707e-02   2.6302e+02
20191107_22:00:00   1.6149e-01   4.3699e+01   3.3758e+00   0.0000e+00   9.7557e-02   2.6461e+02
20191107_23:00:00   1.6313e-01   4.3972e+01   3.4410e+00   0.0000e+00   8.5283e-02   2.6242e+02
20191108_00:00:00   1.6809e-01   4.4900e+01   3.5457e+00   0.0000e+00   1.8596e-01   2.6205e+02
20191108_01:00:00   1.7559e-01   4.6618e+01   3.7451e+00   0.0000e+00   8.8774e-02   2.6182e+02
20191108_02:00:00   1.9943e-01   5.1953e+01   4.2033e+00   0.0000e+00   7.3943e-02   2.6028e+02
20191108_03:00:00   1.9552e-01   5.1124e+01   4.1336e+00   0.0000e+00   5.2294e-02   2.5884e+02
20191108_04:00:00   1.8850e-01   4.9646e+01   3.9660e+00   0.0000e+00   8.0308e-02   2.6019e+02
20191108_05:00:00   1.9756e-01   5.1642e+01   4.0991e+00   0.0000e+00   1.3487e-01   2.6110e+02
20191108_06:00:00   2.0146e-01   5.2491e+01   4.1982e+00   0.0000e+00   1.0254e-01   2.5835e+02
20191108_07:00:00   2.1523e-01   5.5456e+01   4.5036e+00   0.0000e+00   6.6560e-02   2.5804e+02
20191108_08:00:00   2.2082e-01   5.6612e+01   4.6272e+00   0.0000e+00   6.2030e-02   2.5731e+02
20191108_09:00:00   2.1863e-01   5.6091e+01   4.5960e+00   0.0000e+00   8.1048e-02   2.5898e+02
20191108_10:00:00   2.3229e-01   5.8978e+01   4.8773e+00   0.0000e+00   5.6992e-02   2.5845e+02
20191108_11:00:00   2.3436e-01   5.9382e+01   4.9288e+00   0.0000e+00   6.5408e-02   2.5727e+02
20191108_12:00:00   2.2251e-01   5.6830e+01   4.7373e+00   0.0000e+00   6.7257e-02   2.5706e+02
20191108_13:00:00   2.2957e-01   5.8282e+01   4.9479e+00   0.0000e+00   1.8450e-02   2.5769e+02
20191108_14:00:00   2.3590e-01   5.9540e+01   5.1197e+00   0.0000e+00   3.2865e-02   2.5755e+02
20191108_15:00:00   2.3987e-01   6.0307e+01   5.2130e+00   0.0000e+00   6.0615e-02   2.5548e+02
20191108_16:00:00   2.4432e-01   6.1164e+01   5.3113e+00   0.0000e+00   9.9386e-02   2.5418e+02
20191108_17:00:00   2.5325e-01   6.2973e+01   5.5001e+00   0.0000e+00   1.1953e-01   2.5472e+02
20191108_18:00:00   2.8243e-01   6.8863e+01   6.0917e+00   0.0000e+00   1.8564e-01   2.5402e+02
20191108_19:00:00   3.1655e-01   7.5618e+01   6.8287e+00   0.0000e+00   1.3925e-01   2.5523e+02
20191108_20:00:00   3.3223e-01   7.8748e+01   7.1380e+00   0.0000e+00   7.1222e-02   2.5389e+02
20191108_21:00:00   3.4404e-01   8.0980e+01   7.3913e+00   0.0000e+00   3.6216e-02   2.5156e+02
20191108_22:00:00   3.4883e-01   8.1865e+01   7.4778e+00   0.0000e+00   5.8643e-02   2.5307e+02
20191108_23:00:00   3.3688e-01   7.9702e+01   7.2291e+00   0.0000e+00   2.2218e-02   2.5543e+02
20191109_00:00:00   3.3284e-01   7.9063e+01   7.1108e+00   0.0000e+00   6.1701e-03   2.5714e+02
20191109_01:00:00   3.4223e-01   8.0961e+01   7.2531e+00   0.0000e+00   1.3126e-03   2.5674e+02
20191109_02:00:00   3.5322e-01   8.3167e+01   7.4065e+00   0.0000e+00   2.7236e-04   2.5888e+02
20191109_03:00:00   3.4393e-01   8.1527e+01   7.1915e+00   0.0000e+00   1.2255e-04   2.5752e+02
20191109_04:00:00   3.4411e-01   8.1721e+01   7.1249e+00   0.0000e+00   6.7098e-05   2.5605e+02
20191109_05:00:00   4.0230e-01   9.2698e+01   8.0113e+00   1.3445e-03   1.7645e-05   2.5853e+02
20191109_06:00:00   5.2219e-01   1.1321e+02   8.8774e+00   2.8038e-02   7.9692e-05   2.6250e+02
20191109_07:00:00   9.7998e-01   1.7205e+02   9.7207e+00   1.9476e-01   1.2382e-03   2.6210e+02
20191109_08:00:00   1.4903e+00   2.1259e+02   1.0316e+01   3.8992e-01   5.9909e-03   2.6062e+02
20191109_09:00:00   1.3151e+00   2.0069e+02   1.0203e+01   3.2045e-01   2.2369e-02   2.5859e+02
20191109_10:00:00   5.5435e-01   1.1873e+02   9.3176e+00   2.2815e-02   1.4541e-03   2.5829e+02
20191109_11:00:00   5.3374e-01   1.1546e+02   9.3213e+00   1.5522e-02   0.0000e+00   2.5830e+02
20191109_12:00:00   5.1641e-01   1.1267e+02   9.3199e+00   9.0198e-03   0.0000e+00   2.5742e+02
20191109_13:00:00   4.8915e-01   1.0823e+02   9.0377e+00   3.8950e-03   0.0000e+00   2.5631e+02
20191109_14:00:00   4.7030e-01   1.0513e+02   8.6590e+00   4.5070e-03   5.6400e-06   2.5560e+02
20191109_15:00:00   4.3965e-01   9.9914e+01   8.1951e+00   2.0930e-03   7.2667e-04   2.5495e+02
20191109_16:00:00   4.1129e-01   9.5025e+01   7.7287e+00   6.5570e-04   1.3056e-03   2.5518e+02
20191109_17:00:00   3.9647e-01   9.2384e+01   7.5333e+00   0.0000e+00   8.0331e-04   2.5453e+02
20191109_18:00:00   3.9459e-01   9.2067e+01   7.4966e+00   0.0000e+00   5.4937e-03   2.5484e+02
20191109_19:00:00   3.9961e-01   9.2961e+01   7.5776e+00   0.0000e+00   1.0652e-02   2.5412e+02
20191109_20:00:00   4.1307e-01   9.5312e+01   7.7334e+00   2.0065e-03   1.1335e-02   2.5284e+02
20191109_21:00:00   4.1404e-01   9.5450e+01   7.8022e+00   1.5679e-03   1.8793e-02   2.5288e+02
20191109_22:00:00   4.1624e-01   9.5767e+01   7.9058e+00   1.1034e-03   9.7616e-03   2.5339e+02
20191109_23:00:00   4.0573e-01   9.3837e+01   7.8315e+00   0.0000e+00   1.8633e-02   2.5238e+02
20191110_00:00:00   4.0110e-01   9.2937e+01   7.8023e+00   0.0000e+00   9.3013e-03   2.5241e+02
20191110_01:00:00   3.9455e-01   9.1747e+01   7.7118e+00   0.0000e+00   9.3901e-03   2.5065e+02
20191110_02:00:00   3.7960e-01   8.9035e+01   7.4638e+00   0.0000e+00   1.3665e-02   2.4916e+02
20191110_03:00:00   3.8652e-01   9.0239e+01   7.5795e+00   0.0000e+00   2.3080e-02   2.4892e+02
20191110_04:00:00   3.7982e-01   8.9059e+01   7.4279e+00   1.7215e-04   1.4018e-02   2.4943e+02
20191110_05:00:00   3.9674e-01   9.2142e+01   7.6679e+00   8.5630e-04   1.9685e-02   2.5012e+02
20191110_06:00:00   4.4757e-01   1.0105e+02   7.8521e+00   1.7437e-02   1.4414e-02   2.4903e+02
20191110_07:00:00   4.4101e-01   9.9913e+01   7.8978e+00   1.3763e-02   9.4665e-03   2.4756e+02
20191110_08:00:00   3.9647e-01   9.2118e+01   7.5698e+00   2.1018e-03   7.8911e-03   2.4809e+02
20191110_09:00:00   3.8134e-01   8.9371e+01   7.3574e+00   2.3053e-04   1.4078e-02   2.4929e+02
20191110_10:00:00   3.7222e-01   8.7720e+01   7.1909e+00   1.3457e-04   2.2026e-03   2.5032e+02
20191110_11:00:00   3.6676e-01   8.6733e+01   7.0465e+00   1.1678e-03   0.0000e+00   2.5024e+02
20191110_12:00:00   3.7893e-01   8.8905e+01   7.2837e+00   3.1380e-04   0.0000e+00   2.5162e+02
20191110_15:00:00   3.7701e-01   8.8375e+01   7.2786e+00   4.3350e-04   3.6513e-04   2.5576e+02
20191110_18:00:00   3.5644e-01   8.4568e+01   6.9617e+00   0.0000e+00   1.3484e-03   2.5312e+02
20191110_21:00:00   4.0137e-01   9.2759e+01   7.1476e+00   1.6527e-02   2.6851e-03   2.5312e+02
20191111_00:00:00   3.4163e-01   8.1886e+01   6.1738e+00   1.0310e-02   8.0180e-06   2.5431e+02
20191111_03:00:00   2.8292e-01   7.0414e+01   5.5119e+00   1.4708e-04   0.0000e+00   2.5635e+02
20191111_06:00:00   3.3452e-01   8.0546e+01   6.1412e+00   5.3010e-03   3.9780e-05   2.5931e+02
20191111_09:00:00   4.8996e-01   1.0809e+02   6.5425e+00   5.9402e-02   2.2465e-04   2.5896e+02
20191111_12:00:00   4.5597e-01   1.0208e+02   6.5031e+00   4.6837e-02   7.3900e-04   2.5526e+02
20191111_15:00:00   7.0770e-01   1.3949e+02   6.8271e+00   1.4589e-01   3.4629e-03   2.5481e+02
20191111_18:00:00   3.6823e-01   8.6623e+01   6.3579e+00   1.3424e-02   2.1752e-04   2.5697e+02
20191111_21:00:00   4.0365e-01   9.2669e+01   7.4901e+00   5.2680e-03   3.4632e-03   2.6086e+02
20191112_00:00:00   3.5952e-01   8.4728e+01   6.8062e+00   3.1658e-03   2.9773e-03   2.6322e+02
20191112_03:00:00   3.9138e-01   9.0361e+01   7.4928e+00   4.8650e-04   2.8614e-02   2.6508e+02
20191112_06:00:00   3.8660e-01   8.9274e+01   7.5304e+00   0.0000e+00   2.8203e-02   2.6729e+02
20191112_09:00:00   2.0324e-01   5.3324e+01   3.9480e+00   0.0000e+00   3.9670e-03   2.6968e+02
20191112_12:00:00   1.3063e-01   3.7138e+01   2.4345e+00   0.0000e+00   5.9778e-04   2.7392e+02
20191112_15:00:00   9.6758e-02   2.9045e+01   1.7557e+00   0.0000e+00   3.1711e-04   2.7521e+02
20191112_18:00:00   7.9099e-02   2.4688e+01   1.4348e+00   0.0000e+00   0.0000e+00   2.7985e+02
20191112_21:00:00   1.1030e-01   3.2028e+01   2.1961e+00   0.0000e+00   0.0000e+00   2.8278e+02
20191113_00:00:00   1.8606e-01   4.9357e+01   3.8486e+00   0.0000e+00   0.0000e+00   2.8399e+02
20191113_03:00:00   2.4223e-01   6.1315e+01   5.0436e+00   0.0000e+00   0.0000e+00   2.8582e+02
20191113_06:00:00   2.6055e-01   6.5418e+01   5.3403e+00   0.0000e+00   0.0000e+00   2.8574e+02
20191113_09:00:00   2.3954e-01   6.1204e+01   4.8359e+00   0.0000e+00   0.0000e+00   2.8404e+02
20191113_12:00:00   2.1722e-01   5.6610e+01   4.3351e+00   0.0000e+00   0.0000e+00   2.8216e+02
20191113_15:00:00   2.0281e-01   5.3578e+01   4.0236e+00   0.0000e+00   0.0000e+00   2.8001e+02
20191113_18:00:00   1.8766e-01   5.0309e+01   3.7355e+00   0.0000e+00   0.0000e+00   2.7648e+02
20191113_21:00:00   1.7856e-01   4.8332e+01   3.5665e+00   0.0000e+00   0.0000e+00   2.7808e+02
20191114_00:00:00   1.7310e-01   4.7174e+01   3.4540e+00   0.0000e+00   0.0000e+00   2.7775e+02
20191114_03:00:00   1.8083e-01   4.8998e+01   3.5754e+00   0.0000e+00   0.0000e+00   2.7785e+02
20191114_06:00:00   1.6533e-01   4.5560e+01   3.2562e+00   0.0000e+00   0.0000e+00   2.7534e+02
20191114_09:00:00   1.5195e-01   4.2475e+01   2.9943e+00   0.0000e+00   0.0000e+00   2.7769e+02
20191114_12:00:00   1.4431e-01   4.0603e+01   2.8652e+00   0.0000e+00   0.0000e+00   2.7572e+02
20191114_15:00:00   1.4481e-01   4.0843e+01   2.8389e+00   0.0000e+00   0.0000e+00   2.7592e+02
20191114_18:00:00   1.2359e-01   3.6074e+01   2.3132e+00   0.0000e+00   0.0000e+00   2.7234e+02
20191114_21:00:00   9.6061e-02   2.9432e+01   1.7324e+00   0.0000e+00   0.0000e+00   2.7040e+02
20191115_00:00:00   7.3514e-02   2.3772e+01   1.2746e+00   0.0000e+00   0.0000e+00   2.7063e+02
20191115_03:00:00   7.4882e-02   2.4074e+01   1.3153e+00   0.0000e+00   0.0000e+00   2.6853e+02
20191115_06:00:00   7.9122e-02   2.5135e+01   1.4047e+00   0.0000e+00   0.0000e+00   2.6852e+02
20191115_09:00:00   7.3748e-02   2.3735e+01   1.2973e+00   0.0000e+00   0.0000e+00   2.6959e+02
20191115_12:00:00   7.3206e-02   2.3574e+01   1.2823e+00   0.0000e+00   0.0000e+00   2.7037e+02
20191115_15:00:00   6.8930e-02   2.2469e+01   1.1913e+00   0.0000e+00   0.0000e+00   2.7159e+02
20191115_18:00:00   6.3363e-02   2.1025e+01   1.0803e+00   0.0000e+00   0.0000e+00   2.7114e+02
20191115_21:00:00   6.3142e-02   2.0972e+01   1.0758e+00   0.0000e+00   0.0000e+00   2.6897e+02
20191116_00:00:00   5.8665e-02   1.9832e+01   9.7914e-01   0.0000e+00   0.0000e+00   2.6613e+02
20191116_03:00:00   6.6169e-02   2.1804e+01   1.1276e+00   0.0000e+00   0.0000e+00   2.6620e+02
20191116_06:00:00   6.5981e-02   2.1773e+01   1.1213e+00   0.0000e+00   0.0000e+00   2.6570e+02
20191116_09:00:00   6.3931e-02   2.1209e+01   1.0834e+00   0.0000e+00   0.0000e+00   2.6514e+02
20191116_12:00:00   6.4007e-02   2.1145e+01   1.0997e+00   0.0000e+00   0.0000e+00   2.6509e+02
20191116_15:00:00   6.2757e-02   2.0792e+01   1.0775e+00   0.0000e+00   0.0000e+00   2.6522e+02
20191116_18:00:00   5.5999e-02   1.9034e+01   9.3838e-01   0.0000e+00   0.0000e+00   2.6640e+02
20191116_21:00:00   5.3388e-02   1.8298e+01   8.9945e-01   0.0000e+00   0.0000e+00   2.6329e+02
20191117_00:00:00   5.2128e-02   1.7947e+01   8.8100e-01   0.0000e+00   0.0000e+00   2.6313e+02
20191117_03:00:00   5.4247e-02   1.8473e+01   9.3139e-01   0.0000e+00   0.0000e+00   2.6268e+02
20191117_06:00:00   5.8391e-02   1.9532e+01   1.0224e+00   0.0000e+00   0.0000e+00   2.6086e+02
20191117_09:00:00   6.8143e-02   2.1941e+01   1.2547e+00   0.0000e+00   7.8160e-05   2.6137e+02
20191117_12:00:00   8.6649e-02   2.6546e+01   1.6361e+00   0.0000e+00   5.2925e-04   2.6116e+02
20191117_15:00:00   1.0574e-01   3.1078e+01   2.0495e+00   0.0000e+00   3.4198e-03   2.6081e+02
20191117_18:00:00   1.3151e-01   3.7008e+01   2.6181e+00   0.0000e+00   1.2048e-02   2.5917e+02
20191117_21:00:00   1.9709e-01   5.1397e+01   4.0509e+00   0.0000e+00   1.9395e-02   2.6217e+02
20191118_00:00:00   2.1470e-01   5.5259e+01   4.2671e+00   0.0000e+00   2.8408e-02   2.6297e+02
20191118_03:00:00   2.0589e-01   5.3223e+01   4.1687e+00   0.0000e+00   8.8675e-03   2.6590e+02
20191118_06:00:00   2.0722e-01   5.3295e+01   4.2181e+00   0.0000e+00   1.0447e-02   2.6617e+02
20191118_09:00:00   1.7901e-01   4.7239e+01   3.5740e+00   0.0000e+00   1.3872e-03   2.6429e+02
20191118_12:00:00   1.5891e-01   4.2816e+01   3.1425e+00   0.0000e+00   0.0000e+00   2.6839e+02
20191118_15:00:00   2.1453e-01   5.4856e+01   4.1442e+00   0.0000e+00   0.0000e+00   2.7045e+02
20191118_18:00:00   3.4953e-01   8.0853e+01   6.6591e+00   2.8074e-04   1.3067e-01   2.7893e+02
20191118_21:00:00   3.8605e-01   8.7441e+01   6.9973e+00   6.4980e-03   2.2106e-01   2.8021e+02
20191119_00:00:00   3.4242e-01   7.9527e+01   6.5807e+00   3.7901e-04   1.4874e-01   2.8178e+02
20191119_03:00:00   3.3810e-01   7.8781e+01   6.4917e+00   0.0000e+00   6.0289e-02   2.8059e+02
20191119_06:00:00   3.2518e-01   7.6701e+01   6.2207e+00   0.0000e+00   5.0054e-04   2.8465e+02
20191119_09:00:00   3.2651e-01   7.6888e+01   6.2989e+00   0.0000e+00   6.2293e-03   2.8431e+02
20191119_12:00:00   2.5326e-01   6.3237e+01   4.8441e+00   0.0000e+00   0.0000e+00   2.7418e+02
20191119_15:00:00   1.5046e-01   4.1616e+01   2.8398e+00   0.0000e+00   0.0000e+00   2.6783e+02
20191119_18:00:00   1.0131e-01   3.0318e+01   1.8278e+00   0.0000e+00   0.0000e+00   2.6404e+02
20191119_21:00:00   1.0449e-01   3.1181e+01   1.8769e+00   0.0000e+00   0.0000e+00   2.6443e+02
20191120_00:00:00   1.1940e-01   3.4816e+01   2.1749e+00   0.0000e+00   0.0000e+00   2.5697e+02
20191120_03:00:00   1.1581e-01   3.3992e+01   2.1071e+00   0.0000e+00   0.0000e+00   2.5514e+02
20191120_06:00:00   9.2628e-02   2.8408e+01   1.6783e+00   0.0000e+00   0.0000e+00   2.5490e+02
20191120_09:00:00   8.0319e-02   2.5337e+01   1.4540e+00   0.0000e+00   0.0000e+00   2.5626e+02
20191120_12:00:00   7.5522e-02   2.4122e+01   1.3718e+00   0.0000e+00   0.0000e+00   2.5496e+02
20191120_15:00:00   7.5621e-02   2.4065e+01   1.4088e+00   0.0000e+00   0.0000e+00   2.5180e+02
20191120_18:00:00   7.9091e-02   2.4884e+01   1.5093e+00   0.0000e+00   0.0000e+00   2.5285e+02
20191120_21:00:00   9.0824e-02   2.7801e+01   1.7698e+00   0.0000e+00   2.9307e-04   2.5119e+02
20191121_00:00:00   7.6404e-02   2.4304e+01   1.4490e+00   0.0000e+00   0.0000e+00   2.4938e+02
20191121_03:00:00   8.8096e-02   2.7244e+01   1.7040e+00   0.0000e+00   0.0000e+00   2.4880e+02
20191121_06:00:00   9.0613e-02   2.7854e+01   1.7561e+00   0.0000e+00   0.0000e+00   2.4726e+02
20191121_09:00:00   8.9986e-02   2.7678e+01   1.7452e+00   0.0000e+00   0.0000e+00   2.4638e+02
20191121_12:00:00   8.5477e-02   2.6491e+01   1.6627e+00   0.0000e+00   0.0000e+00   2.4688e+02
