#            date       tau225        Tb[K]      pwv[mm] lwp[kg*m^-2] iwp[kg*m^-2]       o3[DU]
20191117_00:00:00   2.3132e-01   5.8881e+01   4.8248e+00   0.0000e+00   0.0000e+00   2.8625e+02
20191117_01:00:00   2.2941e-01   5.8639e+01   4.7370e+00   0.0000e+00   0.0000e+00   2.8758e+02
20191117_02:00:00   2.2420e-01   5.7656e+01   4.6218e+00   0.0000e+00   0.0000e+00   2.8854e+02
20191117_03:00:00   2.2863e-01   5.8614e+01   4.7119e+00   0.0000e+00   0.0000e+00   2.8735e+02
20191117_04:00:00   2.3662e-01   6.0274e+01   4.8627e+00   0.0000e+00   0.0000e+00   2.8670e+02
20191117_05:00:00   2.3708e-01   6.0407e+01   4.8520e+00   0.0000e+00   0.0000e+00   2.8577e+02
20191117_06:00:00   2.1864e-01   5.6748e+01   4.4473e+00   0.0000e+00   0.0000e+00   2.8633e+02
20191117_07:00:00   2.0672e-01   5.4290e+01   4.1710e+00   0.0000e+00   0.0000e+00   2.8588e+02
20191117_08:00:00   1.8342e-01   4.9327e+01   3.6547e+00   0.0000e+00   0.0000e+00   2.8637e+02
20191117_09:00:00   1.5328e-01   4.2703e+01   2.9874e+00   0.0000e+00   0.0000e+00   2.8545e+02
20191117_10:00:00   1.2348e-01   3.5916e+01   2.3326e+00   0.0000e+00   0.0000e+00   2.8710e+02
20191117_11:00:00   1.0353e-01   3.1216e+01   1.8969e+00   0.0000e+00   0.0000e+00   2.8948e+02
20191117_12:00:00   1.0003e-01   3.0355e+01   1.8181e+00   0.0000e+00   0.0000e+00   2.8848e+02
20191117_13:00:00   9.5394e-02   2.9209e+01   1.7206e+00   0.0000e+00   0.0000e+00   2.8835e+02
20191117_14:00:00   8.8779e-02   2.7581e+01   1.5795e+00   0.0000e+00   0.0000e+00   2.9036e+02
20191117_15:00:00   8.2869e-02   2.6127e+01   1.4540e+00   0.0000e+00   0.0000e+00   2.9130e+02
20191117_16:00:00   7.7774e-02   2.4865e+01   1.3469e+00   0.0000e+00   0.0000e+00   2.9140e+02
20191117_17:00:00   7.1217e-02   2.3211e+01   1.2166e+00   0.0000e+00   0.0000e+00   2.9244e+02
20191117_18:00:00   6.1337e-02   2.0662e+01   1.0234e+00   0.0000e+00   0.0000e+00   2.9138e+02
20191117_19:00:00   5.6696e-02   1.9436e+01   9.3230e-01   0.0000e+00   0.0000e+00   2.8848e+02
20191117_20:00:00   5.8206e-02   1.9820e+01   9.6726e-01   0.0000e+00   0.0000e+00   2.8668e+02
20191117_21:00:00   5.7591e-02   1.9660e+01   9.5639e-01   0.0000e+00   0.0000e+00   2.8505e+02
20191117_22:00:00   6.0834e-02   2.0527e+01   1.0228e+00   0.0000e+00   0.0000e+00   2.8460e+02
20191117_23:00:00   6.2599e-02   2.0983e+01   1.0634e+00   0.0000e+00   0.0000e+00   2.8424e+02
20191118_00:00:00   6.4529e-02   2.1463e+01   1.1158e+00   0.0000e+00   0.0000e+00   2.8398e+02
20191118_01:00:00   6.6594e-02   2.1992e+01   1.1714e+00   0.0000e+00   0.0000e+00   2.8277e+02
20191118_02:00:00   7.2744e-02   2.3567e+01   1.3082e+00   0.0000e+00   0.0000e+00   2.8068e+02
20191118_03:00:00   7.8971e-02   2.5162e+01   1.4412e+00   0.0000e+00   0.0000e+00   2.7921e+02
20191118_04:00:00   8.2555e-02   2.6074e+01   1.5221e+00   0.0000e+00   0.0000e+00   2.7761e+02
20191118_05:00:00   8.4820e-02   2.6658e+01   1.5721e+00   0.0000e+00   0.0000e+00   2.7625e+02
20191118_06:00:00   8.6811e-02   2.7171e+01   1.6205e+00   0.0000e+00   0.0000e+00   2.7528e+02
20191118_07:00:00   8.6862e-02   2.7188e+01   1.6285e+00   0.0000e+00   0.0000e+00   2.7328e+02
20191118_08:00:00   8.6694e-02   2.7139e+01   1.6302e+00   0.0000e+00   1.7036e-05   2.7103e+02
20191118_09:00:00   8.8031e-02   2.7451e+01   1.6682e+00   0.0000e+00   3.6538e-04   2.6959e+02
20191118_10:00:00   9.0120e-02   2.7946e+01   1.7267e+00   0.0000e+00   6.3040e-04   2.6897e+02
20191118_11:00:00   9.3147e-02   2.8694e+01   1.7961e+00   0.0000e+00   6.7480e-04   2.6962e+02
20191118_12:00:00   9.5262e-02   2.9235e+01   1.8435e+00   0.0000e+00   4.6037e-04   2.6966e+02
20191118_13:00:00   1.0111e-01   3.0659e+01   1.9772e+00   0.0000e+00   4.9481e-04   2.6911e+02
20191118_14:00:00   1.0819e-01   3.2392e+01   2.1307e+00   0.0000e+00   4.3706e-04   2.6895e+02
20191118_15:00:00   1.1749e-01   3.4639e+01   2.3306e+00   0.0000e+00   8.6040e-05   2.6872e+02
20191118_16:00:00   1.2276e-01   3.5899e+01   2.4542e+00   0.0000e+00   5.5479e-05   2.6874e+02
20191118_17:00:00   1.2885e-01   3.7314e+01   2.5998e+00   0.0000e+00   4.7220e-05   2.6758e+02
20191118_18:00:00   1.3143e-01   3.7892e+01   2.6731e+00   0.0000e+00   4.6460e-06   2.6689e+02
20191118_19:00:00   1.2944e-01   3.7395e+01   2.6462e+00   0.0000e+00   4.6460e-06   2.6646e+02
20191118_20:00:00   1.2880e-01   3.7192e+01   2.6447e+00   0.0000e+00   7.4108e-04   2.6598e+02
20191118_21:00:00   1.3089e-01   3.7633e+01   2.7043e+00   0.0000e+00   7.6442e-05   2.6670e+02
20191118_22:00:00   1.3329e-01   3.8186e+01   2.7583e+00   0.0000e+00   2.5381e-04   2.6755e+02
20191118_23:00:00   1.3344e-01   3.8232e+01   2.7535e+00   0.0000e+00   4.0082e-04   2.6865e+02
20191119_00:00:00   1.3183e-01   3.7861e+01   2.7098e+00   0.0000e+00   5.1920e-04   2.6952e+02
20191119_01:00:00   1.3669e-01   3.8963e+01   2.8105e+00   0.0000e+00   3.2533e-03   2.6904e+02
20191119_02:00:00   1.4652e-01   4.1163e+01   3.0329e+00   0.0000e+00   1.3588e-02   2.6737e+02
20191119_03:00:00   1.5422e-01   4.2763e+01   3.2256e+00   0.0000e+00   4.4731e-02   2.6594e+02
20191119_04:00:00   1.6624e-01   4.5231e+01   3.5614e+00   0.0000e+00   3.9617e-02   2.6395e+02
20191119_05:00:00   1.7606e-01   4.7162e+01   3.8284e+00   0.0000e+00   6.4929e-02   2.6389e+02
20191119_06:00:00   1.8906e-01   4.9848e+01   4.1736e+00   0.0000e+00   2.3103e-02   2.6523e+02
20191119_07:00:00   2.0659e-01   5.3446e+01   4.5634e+00   0.0000e+00   6.4474e-02   2.6707e+02
20191119_08:00:00   2.4398e-01   6.1414e+01   5.3698e+00   0.0000e+00   1.5528e-02   2.6796e+02
20191119_09:00:00   3.0387e-01   7.4387e+01   6.3415e+00   0.0000e+00   1.7810e-03   2.6954e+02
20191119_10:00:00   3.8746e-01   9.0569e+01   7.7901e+00   0.0000e+00   1.7244e-05   2.7092e+02
20191119_11:00:00   4.6061e-01   1.0344e+02   9.0062e+00   0.0000e+00   0.0000e+00   2.6887e+02
20191119_12:00:00   5.3046e-01   1.1507e+02   9.2526e+00   1.8052e-02   3.2322e-05   2.6817e+02
20191119_13:00:00   5.4738e-01   1.1781e+02   8.4315e+00   4.0290e-02   1.1294e-04   2.6756e+02
20191119_14:00:00   4.4784e-01   1.0158e+02   7.4521e+00   2.0755e-02   1.5905e-05   2.6780e+02
20191119_15:00:00   4.7059e-01   1.0548e+02   6.4101e+00   5.2130e-02   2.3880e-05   2.6762e+02
20191119_16:00:00   4.4349e-01   1.0076e+02   6.0424e+00   4.8980e-02   4.6614e-05   2.6852e+02
20191119_17:00:00   3.2247e-01   7.8490e+01   5.5496e+00   9.8610e-03   3.5106e-03   2.7250e+02
20191119_18:00:00   2.9662e-01   7.3423e+01   5.5352e+00   2.2890e-04   9.9972e-03   2.7673e+02
20191119_19:00:00   4.6147e-01   1.0312e+02   8.5378e+00   7.8420e-03   3.8116e-02   2.7752e+02
20191119_20:00:00   7.9784e-01   1.5094e+02   1.1635e+01   8.3899e-02   1.7865e-01   2.7705e+02
20191119_21:00:00   7.2071e-01   1.4165e+02   1.0204e+01   8.0831e-02   3.8325e-02   2.7665e+02
20191119_22:00:00   4.9852e-01   1.0845e+02   9.2639e+00   1.3296e-02   1.3870e-01   2.7849e+02
20191119_23:00:00   5.8897e-01   1.2160e+02   1.1231e+01   5.8744e-03   6.0195e-01   2.7798e+02
20191120_00:00:00   1.0095e+00   1.7289e+02   1.1857e+01   1.6329e-01   9.2340e-01   2.7816e+02
20191120_01:00:00   1.7462e+00   2.2497e+02   1.1781e+01   4.7293e-01   7.1986e-01   2.7964e+02
20191120_02:00:00   9.9243e-01   1.7179e+02   1.1414e+01   1.6278e-01   6.7931e-01   2.7984e+02
20191120_03:00:00   2.2780e+00   2.4433e+02   1.1359e+01   7.0455e-01   9.0897e-01   2.8012e+02
20191120_04:00:00   7.2793e-01   1.4084e+02   1.0629e+01   7.2757e-02   6.4873e-01   2.8082e+02
20191120_05:00:00   1.0685e+00   1.7831e+02   1.0482e+01   2.1478e-01   8.8993e-01   2.8078e+02
20191120_06:00:00   4.4304e-01   9.7902e+01   8.7521e+00   3.4850e-04   1.8317e-01   2.8397e+02
20191120_07:00:00   3.8872e-01   8.8218e+01   7.7419e+00   8.5360e-05   1.0228e-01   2.8565e+02
20191120_08:00:00   2.8217e-01   6.8218e+01   5.7633e+00   0.0000e+00   2.9647e-02   2.8896e+02
20191120_09:00:00   3.6366e-01   8.3675e+01   7.1707e+00   6.1330e-05   4.7525e-02   2.8748e+02
20191120_10:00:00   3.6745e-01   8.4279e+01   7.2005e+00   0.0000e+00   7.1770e-02   2.8746e+02
20191120_11:00:00   3.4426e-01   8.0146e+01   6.7406e+00   0.0000e+00   7.8364e-03   2.8708e+02
20191120_12:00:00   3.4270e-01   8.0111e+01   6.5744e+00   1.6580e-03   1.9917e-03   2.8808e+02
20191120_13:00:00   2.9054e-01   7.0259e+01   5.3222e+00   9.3860e-03   9.2235e-05   2.8634e+02
20191120_14:00:00   2.1666e-01   5.5222e+01   4.3514e+00   0.0000e+00   0.0000e+00   2.8448e+02
20191120_15:00:00   2.1099e-01   5.4026e+01   4.2489e+00   0.0000e+00   0.0000e+00   2.8360e+02
20191120_16:00:00   2.6600e-01   6.5879e+01   5.0753e+00   6.6400e-04   4.3629e-06   2.8569e+02
20191120_17:00:00   7.4405e-01   1.4333e+02   5.4919e+00   1.8899e-01   3.7958e-02   2.8467e+02
20191120_18:00:00   6.3096e-01   1.2829e+02   4.7649e+00   1.5745e-01   7.5110e-04   2.8509e+02
20191120_19:00:00   6.6869e-01   1.3340e+02   5.0924e+00   1.6612e-01   1.0713e-02   2.8559e+02
20191120_20:00:00   4.3705e-01   9.7834e+01   4.8824e+00   7.4538e-02   2.4778e-02   2.8563e+02
20191120_21:00:00   7.3769e-01   1.4185e+02   5.6329e+00   1.8715e-01   1.0302e-01   2.8558e+02
20191120_22:00:00   1.3709e+00   2.0113e+02   6.8873e+00   4.3522e-01   1.9898e-01   2.8518e+02
20191120_23:00:00   1.1224e+00   1.8213e+02   7.3139e+00   3.1862e-01   1.7290e-01   2.8724e+02
20191121_00:00:00   3.7100e-01   8.5469e+01   6.7524e+00   8.0070e-03   4.1154e-03   2.8971e+02
20191121_01:00:00   4.3749e-01   9.7479e+01   6.6655e+00   3.6331e-02   2.8512e-02   2.9103e+02
20191121_02:00:00   6.7419e-01   1.3271e+02   7.8605e+00   1.0758e-01   7.3151e-01   2.9346e+02
20191121_03:00:00   1.0994e+00   1.7964e+02   8.1534e+00   2.8049e-01   1.0992e+00   2.9677e+02
20191121_04:00:00   1.1372e+00   1.8271e+02   8.1632e+00   2.9584e-01   1.3305e+00   3.0125e+02
20191121_05:00:00   6.6874e-01   1.3207e+02   7.4150e+00   1.1651e-01   3.7080e-01   3.0393e+02
20191121_06:00:00   1.1447e+00   1.8298e+02   6.0375e+00   3.6032e-01   1.8811e-01   3.0425e+02
20191121_07:00:00   8.1986e-01   1.5084e+02   4.6691e+00   2.4888e-01   1.0931e-01   3.0296e+02
20191121_08:00:00   1.2628e+00   1.9220e+02   4.8083e+00   4.4035e-01   1.1951e-01   3.0369e+02
20191121_09:00:00   9.5216e-01   1.6483e+02   4.9897e+00   2.9921e-01   2.3016e-01   3.0544e+02
20191121_10:00:00   9.9314e-01   1.6887e+02   4.6584e+00   3.2578e-01   1.1399e-01   3.0499e+02
20191121_11:00:00   1.0758e+00   1.7621e+02   5.6110e+00   3.4081e-01   3.3554e-01   3.0724e+02
20191121_12:00:00   2.9479e-01   7.0764e+01   4.1885e+00   2.8133e-02   2.4850e-02   3.1218e+02
20191121_13:00:00   3.8637e-01   8.7962e+01   4.1218e+00   6.6761e-02   1.1881e-01   3.1696e+02
20191121_14:00:00   1.8128e-01   4.7656e+01   2.9123e+00   5.9694e-03   1.9949e-03   3.2166e+02
20191121_15:00:00   2.0863e-01   5.3488e+01   2.9200e+00   1.7027e-02   1.4750e-02   3.2233e+02
20191121_16:00:00   1.9864e-01   5.1043e+01   3.5157e+00   4.3064e-04   4.0649e-03   3.2068e+02
20191121_17:00:00   2.3947e-01   5.9490e+01   3.9556e+00   8.4140e-03   2.7241e-02   3.2042e+02
20191121_18:00:00   3.4717e-01   8.0177e+01   4.6078e+00   4.1280e-02   6.7182e-02   3.1752e+02
20191121_19:00:00   5.3483e-01   1.1194e+02   4.7286e+00   1.1988e-01   1.3918e-01   3.1356e+02
20191121_20:00:00   2.8585e-01   6.8493e+01   4.3791e+00   2.0374e-02   5.7592e-02   3.0902e+02
20191121_21:00:00   2.4580e-01   6.0597e+01   4.2739e+00   5.4660e-03   9.6996e-04   3.0806e+02
20191121_22:00:00   2.3777e-01   5.9046e+01   4.3107e+00   5.0120e-04   1.5569e-03   3.0881e+02
20191121_23:00:00   2.2779e-01   5.7120e+01   4.1262e+00   8.3020e-05   3.5348e-04   3.0780e+02
20191122_00:00:00   2.4007e-01   5.9774e+01   4.0307e+00   7.2297e-03   1.0196e-03   3.0620e+02
20191122_03:00:00   2.0214e-01   5.1993e+01   3.6010e+00   0.0000e+00   1.2718e-03   2.9876e+02
20191122_06:00:00   1.4085e-01   3.8760e+01   2.5290e+00   0.0000e+00   0.0000e+00   2.7519e+02
20191122_09:00:00   1.0832e-01   3.1261e+01   2.0379e+00   0.0000e+00   0.0000e+00   2.6676e+02
20191122_12:00:00   1.1488e-01   3.2656e+01   2.3147e+00   0.0000e+00   0.0000e+00   2.6233e+02
20191122_15:00:00   1.2913e-01   3.5849e+01   2.7102e+00   0.0000e+00   1.0766e-03   2.6134e+02
20191122_18:00:00   1.3078e-01   3.6242e+01   2.7818e+00   0.0000e+00   3.8804e-05   2.5994e+02
20191122_21:00:00   1.3125e-01   3.6372e+01   2.8267e+00   0.0000e+00   0.0000e+00   2.5796e+02
20191123_00:00:00   1.4108e-01   3.8530e+01   3.1062e+00   0.0000e+00   1.1168e-04   2.5504e+02
20191123_03:00:00   1.3457e-01   3.7225e+01   2.9297e+00   0.0000e+00   0.0000e+00   2.5610e+02
20191123_06:00:00   1.3996e-01   3.8524e+01   3.0488e+00   0.0000e+00   0.0000e+00   2.5603e+02
20191123_09:00:00   1.4550e-01   3.9810e+01   3.1679e+00   0.0000e+00   0.0000e+00   2.5676e+02
20191123_12:00:00   1.3171e-01   3.6853e+01   2.8057e+00   0.0000e+00   0.0000e+00   2.5531e+02
20191123_15:00:00   1.4243e-01   3.9164e+01   3.0871e+00   0.0000e+00   4.0728e-03   2.5216e+02
20191123_18:00:00   1.2381e-01   3.5030e+01   2.6300e+00   0.0000e+00   2.7916e-03   2.5094e+02
20191123_21:00:00   1.1496e-01   3.2908e+01   2.4413e+00   0.0000e+00   7.1468e-03   2.5001e+02
20191124_00:00:00   1.3333e-01   3.7000e+01   2.8903e+00   0.0000e+00   3.4149e-02   2.4873e+02
20191124_03:00:00   1.3573e-01   3.7611e+01   2.9560e+00   0.0000e+00   3.7970e-03   2.5039e+02
20191124_06:00:00   1.1892e-01   3.3498e+01   2.5860e+00   0.0000e+00   3.7745e-02   2.5245e+02
20191124_09:00:00   9.6682e-02   2.8251e+01   2.0615e+00   0.0000e+00   2.5859e-02   2.5504e+02
20191124_12:00:00   1.2440e-01   3.4545e+01   2.7056e+00   0.0000e+00   6.8694e-02   2.5411e+02
20191124_15:00:00   1.5565e-01   4.1530e+01   3.4094e+00   0.0000e+00   7.3085e-02   2.5638e+02
20191124_18:00:00   1.8649e-01   4.8334e+01   4.0484e+00   0.0000e+00   6.8450e-02   2.5791e+02
20191124_21:00:00   1.6465e-01   4.3979e+01   3.4004e+00   0.0000e+00   3.9630e-02   2.6093e+02
20191125_00:00:00   2.3468e-01   5.8829e+01   4.6499e+00   0.0000e+00   1.7951e-06   2.6652e+02
20191125_03:00:00   4.4350e-01   9.7428e+01   6.0418e+00   5.3073e-02   4.2295e-02   2.7614e+02
20191125_06:00:00   6.8271e-01   1.3308e+02   6.0781e+00   1.5029e-01   7.2249e-01   2.8043e+02
20191125_09:00:00   4.0454e-01   9.0466e+01   4.8939e+00   6.2596e-02   9.8979e-02   2.6714e+02
20191125_12:00:00   2.1540e-01   5.4343e+01   3.9478e+00   1.2858e-03   6.0020e-04   2.6545e+02
20191125_15:00:00   3.4230e-01   7.9329e+01   4.2057e+00   5.0802e-02   2.3348e-02   2.6612e+02
20191125_18:00:00   3.2269e-01   7.5831e+01   3.8948e+00   4.7298e-02   2.3869e-02   2.6929e+02
20191125_21:00:00   5.1767e-01   1.0879e+02   4.8062e+00   1.1204e-01   2.8183e-01   2.6938e+02
20191126_00:00:00   2.9419e-01   7.0085e+01   4.2157e+00   2.8484e-02   3.4733e-02   2.8027e+02
20191126_03:00:00   2.4818e-01   6.0329e+01   4.1599e+00   3.5509e-03   6.2030e-01   2.9233e+02
20191126_06:00:00   1.7497e-01   4.5156e+01   3.0923e+00   0.0000e+00   7.1840e-03   3.0406e+02
20191126_09:00:00   2.4982e-01   6.0735e+01   3.1323e+00   2.9843e-02   2.1905e-01   3.1149e+02
20191126_12:00:00   1.4110e-01   3.7812e+01   2.4011e+00   0.0000e+00   1.6830e-03   3.1935e+02
20191126_15:00:00   4.1603e-02   1.4770e+01   4.9605e-01   0.0000e+00   0.0000e+00   3.3231e+02
20191126_18:00:00   4.5404e-02   1.5674e+01   5.7275e-01   0.0000e+00   0.0000e+00   3.3367e+02
20191126_21:00:00   5.1688e-02   1.7226e+01   6.9256e-01   0.0000e+00   0.0000e+00   3.2231e+02
20191127_00:00:00   5.6566e-02   1.8442e+01   7.8372e-01   0.0000e+00   0.0000e+00   3.0826e+02
20191127_03:00:00   6.4467e-02   2.0420e+01   9.1792e-01   0.0000e+00   0.0000e+00   3.0290e+02
20191127_06:00:00   5.1047e-02   1.7247e+01   6.7244e-01   0.0000e+00   0.0000e+00   2.8855e+02
20191127_09:00:00   3.8428e-02   1.4122e+01   4.7832e-01   0.0000e+00   0.0000e+00   2.6976e+02
20191127_12:00:00   5.0392e-02   1.7006e+01   8.3940e-01   0.0000e+00   0.0000e+00   2.6163e+02
20191127_15:00:00   7.1020e-02   2.1896e+01   1.3719e+00   0.0000e+00   9.2237e-04   2.6058e+02
20191127_18:00:00   9.5346e-02   2.7451e+01   1.9602e+00   0.0000e+00   9.8299e-03   2.6109e+02
20191127_21:00:00   1.2062e-01   3.3210e+01   2.5175e+00   0.0000e+00   1.7350e-02   2.5844e+02
20191128_00:00:00   1.0423e-01   2.9584e+01   2.0956e+00   0.0000e+00   4.7742e-03   2.6417e+02
20191128_03:00:00   6.9201e-02   2.1730e+01   1.2162e+00   0.0000e+00   0.0000e+00   2.6712e+02
20191128_06:00:00   5.1667e-02   1.7689e+01   7.7728e-01   0.0000e+00   0.0000e+00   2.6835e+02
20191128_09:00:00   5.1637e-02   1.7687e+01   7.7359e-01   0.0000e+00   0.0000e+00   2.6575e+02
20191128_12:00:00   5.7196e-02   1.9040e+01   9.0020e-01   0.0000e+00   0.0000e+00   2.6708e+02
20191128_15:00:00   7.0414e-02   2.2167e+01   1.2020e+00   0.0000e+00   0.0000e+00   2.6857e+02
20191128_18:00:00   1.1637e-01   3.2948e+01   2.1745e+00   0.0000e+00   0.0000e+00   2.6960e+02
20191128_21:00:00   1.2881e-01   3.5884e+01   2.3693e+00   0.0000e+00   0.0000e+00   2.7009e+02
20191129_00:00:00   1.5118e-01   4.0779e+01   2.7812e+00   0.0000e+00   0.0000e+00   2.7657e+02
20191129_03:00:00   1.8451e-01   4.7741e+01   3.3836e+00   0.0000e+00   1.3027e-02   2.8642e+02
20191129_06:00:00   1.2737e-01   3.5370e+01   2.1907e+00   0.0000e+00   2.7314e-06   2.9112e+02
20191129_09:00:00   1.0924e-01   3.1082e+01   1.8391e+00   0.0000e+00   0.0000e+00   3.0175e+02
20191129_12:00:00   1.2103e-01   3.3726e+01   1.9948e+00   0.0000e+00   5.3724e-05   3.0987e+02
20191129_15:00:00   1.2749e-01   3.5145e+01   2.0665e+00   0.0000e+00   2.3928e-04   3.1284e+02
20191129_18:00:00   1.2134e-01   3.3768e+01   1.9545e+00   0.0000e+00   6.8290e-05   3.1558e+02
20191129_21:00:00   1.1042e-01   3.1322e+01   1.7493e+00   0.0000e+00   5.1960e-04   3.1679e+02
20191130_00:00:00   1.4640e-01   3.9391e+01   2.3717e+00   4.2680e-04   5.7615e-02   3.1852e+02
20191130_03:00:00   4.5556e-01   9.8561e+01   3.1864e+00   1.2188e-01   2.2611e-01   3.1835e+02
20191130_06:00:00   1.9528e-01   5.0161e+01   3.1833e+00   1.9141e-03   1.9681e-01   3.1660e+02
20191130_09:00:00   1.8814e-01   4.8824e+01   2.2453e+00   2.3676e-02   6.3282e-02   3.1708e+02
20191130_12:00:00   1.4421e-01   3.9360e+01   2.2663e+00   5.2260e-03   1.7678e-02   3.1787e+02
20191130_15:00:00   1.7317e-01   4.5856e+01   2.6312e+00   9.7860e-03   1.3583e-02   3.1381e+02
20191130_18:00:00   2.0131e-01   5.2058e+01   2.8070e+00   1.8003e-02   1.1840e-02   3.0522e+02
20191130_21:00:00   2.8722e-01   6.9507e+01   3.3966e+00   4.3070e-02   9.0840e-03   3.0116e+02
20191201_00:00:00   3.6532e-01   8.4011e+01   4.0153e+00   6.5339e-02   1.5249e-02   3.0250e+02
20191201_03:00:00   4.4997e-01   9.8245e+01   5.8536e+00   5.4939e-02   4.6555e-01   3.0369e+02
20191201_06:00:00   3.8676e-01   8.7569e+01   5.2101e+00   4.6233e-02   7.5712e-02   3.0833e+02
20191201_09:00:00   8.9595e-01   1.5793e+02   5.3863e+00   2.6808e-01   2.6819e-01   3.1159e+02
20191201_12:00:00   6.7914e-01   1.3204e+02   4.3555e+00   1.9510e-01   1.5497e-01   3.1775e+02
20191201_15:00:00   2.3051e-01   5.6813e+01   3.9824e+00   2.3362e-03   2.4263e-01   3.2208e+02
20191201_18:00:00   1.7808e-01   4.5743e+01   3.1706e+00   2.8810e-04   1.8261e-01   3.2265e+02
20191201_21:00:00   1.8448e-01   4.7232e+01   3.2932e+00   2.7420e-04   6.0239e-02   3.2966e+02
20191202_00:00:00   2.5275e-01   6.1343e+01   4.4177e+00   1.2260e-03   3.2295e-01   3.2760e+02
20191202_03:00:00   2.4556e-01   6.0108e+01   4.5642e+00   0.0000e+00   3.6429e-03   3.1904e+02
20191202_06:00:00   2.4909e-01   6.1410e+01   4.6414e+00   0.0000e+00   6.9350e-07   3.0055e+02
20191202_09:00:00   1.9754e-01   5.1369e+01   3.6606e+00   0.0000e+00   1.5940e-06   2.8193e+02
20191202_12:00:00   1.3832e-01   3.8626e+01   2.5599e+00   0.0000e+00   0.0000e+00   2.7601e+02
20191202_15:00:00   1.0096e-01   2.9889e+01   1.8875e+00   0.0000e+00   0.0000e+00   2.6947e+02
20191202_18:00:00   8.5887e-02   2.6135e+01   1.6590e+00   0.0000e+00   0.0000e+00   2.6797e+02
20191202_21:00:00   1.0962e-01   3.1670e+01   2.2571e+00   0.0000e+00   0.0000e+00   2.6407e+02
20191203_00:00:00   1.5508e-01   4.1700e+01   3.4026e+00   0.0000e+00   0.0000e+00   2.6136e+02
