#            date       tau225        Tb[K]      pwv[mm] lwp[kg*m^-2] iwp[kg*m^-2]       o3[DU]
20191031_00:00:00   3.0573e-02   1.2220e+01   3.5631e-01   0.0000e+00   8.7165e-04   2.8601e+02
20191031_01:00:00   3.0706e-02   1.2270e+01   3.5859e-01   0.0000e+00   2.2238e-04   2.8751e+02
20191031_02:00:00   3.0816e-02   1.2298e+01   3.6142e-01   0.0000e+00   1.2852e-05   2.8889e+02
20191031_03:00:00   3.1272e-02   1.2423e+01   3.7343e-01   0.0000e+00   0.0000e+00   2.8839e+02
20191031_04:00:00   3.2648e-02   1.2797e+01   4.0554e-01   0.0000e+00   0.0000e+00   2.8754e+02
20191031_05:00:00   3.3450e-02   1.3015e+01   4.2505e-01   0.0000e+00   0.0000e+00   2.8676e+02
20191031_06:00:00   3.3631e-02   1.3064e+01   4.3192e-01   0.0000e+00   0.0000e+00   2.8544e+02
20191031_07:00:00   3.4119e-02   1.3189e+01   4.4714e-01   0.0000e+00   0.0000e+00   2.8582e+02
20191031_08:00:00   3.4630e-02   1.3318e+01   4.6022e-01   0.0000e+00   0.0000e+00   2.8480e+02
20191031_09:00:00   3.5283e-02   1.3497e+01   4.7512e-01   0.0000e+00   0.0000e+00   2.8405e+02
20191031_10:00:00   3.6377e-02   1.3789e+01   5.0239e-01   0.0000e+00   0.0000e+00   2.8322e+02
20191031_11:00:00   3.7109e-02   1.3995e+01   5.1910e-01   0.0000e+00   0.0000e+00   2.8136e+02
20191031_12:00:00   3.8263e-02   1.4290e+01   5.4908e-01   0.0000e+00   0.0000e+00   2.8132e+02
20191031_13:00:00   3.8816e-02   1.4447e+01   5.5965e-01   0.0000e+00   0.0000e+00   2.8249e+02
20191031_14:00:00   3.9834e-02   1.4706e+01   5.8591e-01   0.0000e+00   0.0000e+00   2.8352e+02
20191031_15:00:00   4.0799e-02   1.4947e+01   6.1126e-01   0.0000e+00   0.0000e+00   2.8338e+02
20191031_16:00:00   4.1976e-02   1.5248e+01   6.4070e-01   0.0000e+00   0.0000e+00   2.8385e+02
20191031_17:00:00   4.2625e-02   1.5414e+01   6.5796e-01   0.0000e+00   0.0000e+00   2.8445e+02
20191031_18:00:00   4.3103e-02   1.5534e+01   6.6980e-01   0.0000e+00   0.0000e+00   2.8584e+02
20191031_19:00:00   4.3383e-02   1.5608e+01   6.7629e-01   0.0000e+00   0.0000e+00   2.8691e+02
20191031_20:00:00   4.5109e-02   1.6033e+01   7.2262e-01   0.0000e+00   0.0000e+00   2.8565e+02
20191031_21:00:00   4.6173e-02   1.6299e+01   7.5040e-01   0.0000e+00   0.0000e+00   2.8451e+02
20191031_22:00:00   4.6557e-02   1.6405e+01   7.6018e-01   0.0000e+00   0.0000e+00   2.8446e+02
20191031_23:00:00   4.8332e-02   1.6859e+01   8.0367e-01   0.0000e+00   0.0000e+00   2.8395e+02
20191101_00:00:00   5.0317e-02   1.7357e+01   8.5482e-01   0.0000e+00   0.0000e+00   2.8424e+02
20191101_01:00:00   5.3400e-02   1.8145e+01   9.3018e-01   0.0000e+00   0.0000e+00   2.8425e+02
20191101_02:00:00   5.6361e-02   1.8899e+01   1.0014e+00   0.0000e+00   0.0000e+00   2.8292e+02
20191101_03:00:00   6.1045e-02   2.0087e+01   1.1125e+00   0.0000e+00   0.0000e+00   2.8078e+02
20191101_04:00:00   6.7768e-02   2.1784e+01   1.2709e+00   0.0000e+00   0.0000e+00   2.7923e+02
20191101_05:00:00   7.3556e-02   2.3226e+01   1.4053e+00   0.0000e+00   0.0000e+00   2.7747e+02
20191101_06:00:00   7.9141e-02   2.4621e+01   1.5362e+00   0.0000e+00   0.0000e+00   2.7638e+02
20191101_07:00:00   8.5262e-02   2.6098e+01   1.6862e+00   0.0000e+00   0.0000e+00   2.7447e+02
20191101_08:00:00   8.7984e-02   2.6766e+01   1.7498e+00   0.0000e+00   0.0000e+00   2.7376e+02
20191101_09:00:00   8.7596e-02   2.6679e+01   1.7428e+00   0.0000e+00   0.0000e+00   2.7476e+02
20191101_10:00:00   8.6274e-02   2.6316e+01   1.7220e+00   0.0000e+00   0.0000e+00   2.7498e+02
20191101_11:00:00   8.4950e-02   2.5986e+01   1.6940e+00   0.0000e+00   0.0000e+00   2.7479e+02
20191101_12:00:00   8.4625e-02   2.5893e+01   1.6885e+00   0.0000e+00   0.0000e+00   2.7568e+02
20191101_13:00:00   8.3254e-02   2.5548e+01   1.6548e+00   0.0000e+00   0.0000e+00   2.7627e+02
20191101_14:00:00   8.1711e-02   2.5162e+01   1.6183e+00   0.0000e+00   0.0000e+00   2.7639e+02
20191101_15:00:00   7.9312e-02   2.4627e+01   1.5511e+00   0.0000e+00   0.0000e+00   2.7708e+02
20191101_16:00:00   7.9572e-02   2.4720e+01   1.5505e+00   0.0000e+00   0.0000e+00   2.7776e+02
20191101_17:00:00   8.0906e-02   2.5090e+01   1.5711e+00   0.0000e+00   0.0000e+00   2.7743e+02
20191101_18:00:00   8.1415e-02   2.5262e+01   1.5724e+00   0.0000e+00   0.0000e+00   2.7750e+02
20191101_19:00:00   8.0891e-02   2.5189e+01   1.5457e+00   0.0000e+00   0.0000e+00   2.7738e+02
20191101_20:00:00   8.0368e-02   2.5095e+01   1.5247e+00   0.0000e+00   0.0000e+00   2.7705e+02
20191101_21:00:00   8.0280e-02   2.5090e+01   1.5180e+00   0.0000e+00   5.5038e-05   2.7714e+02
20191101_22:00:00   8.1131e-02   2.5315e+01   1.5323e+00   0.0000e+00   1.0147e-04   2.7797e+02
20191101_23:00:00   8.1962e-02   2.5532e+01   1.5450e+00   0.0000e+00   1.8056e-04   2.7876e+02
20191102_00:00:00   8.2085e-02   2.5594e+01   1.5368e+00   0.0000e+00   0.0000e+00   2.7977e+02
20191102_01:00:00   8.2365e-02   2.5658e+01   1.5427e+00   0.0000e+00   0.0000e+00   2.7919e+02
20191102_02:00:00   8.1289e-02   2.5385e+01   1.5170e+00   0.0000e+00   0.0000e+00   2.7797e+02
20191102_03:00:00   8.1100e-02   2.5320e+01   1.5133e+00   0.0000e+00   0.0000e+00   2.7598e+02
20191102_04:00:00   8.4223e-02   2.6071e+01   1.5866e+00   0.0000e+00   0.0000e+00   2.7552e+02
20191102_05:00:00   9.1578e-02   2.7828e+01   1.7636e+00   0.0000e+00   0.0000e+00   2.7430e+02
20191102_06:00:00   9.8212e-02   2.9419e+01   1.9180e+00   0.0000e+00   1.8205e-03   2.7444e+02
20191102_07:00:00   9.9107e-02   2.9654e+01   1.9330e+00   0.0000e+00   2.0634e-03   2.7620e+02
20191102_08:00:00   9.6417e-02   2.9022e+01   1.8662e+00   0.0000e+00   2.2110e-03   2.7735e+02
20191102_09:00:00   9.2065e-02   2.7950e+01   1.7711e+00   0.0000e+00   6.6083e-04   2.7742e+02
20191102_10:00:00   9.0304e-02   2.7515e+01   1.7271e+00   0.0000e+00   1.1951e-05   2.7637e+02
20191102_11:00:00   9.6119e-02   2.8905e+01   1.8591e+00   0.0000e+00   0.0000e+00   2.7606e+02
20191102_12:00:00   1.1756e-01   3.4018e+01   2.3403e+00   0.0000e+00   4.0760e-05   2.7683e+02
20191102_13:00:00   1.4375e-01   4.0168e+01   2.8974e+00   0.0000e+00   5.5710e-05   2.7873e+02
20191102_14:00:00   1.7037e-01   4.6157e+01   3.4716e+00   0.0000e+00   2.1600e-04   2.7987e+02
20191102_15:00:00   1.9441e-01   5.1409e+01   3.9895e+00   0.0000e+00   5.2210e-04   2.7968e+02
20191102_16:00:00   2.1054e-01   5.4895e+01   4.3265e+00   0.0000e+00   6.9263e-04   2.8019e+02
20191102_17:00:00   2.2764e-01   5.8514e+01   4.6767e+00   0.0000e+00   6.7028e-04   2.7990e+02
20191102_18:00:00   2.3927e-01   6.1002e+01   4.8872e+00   0.0000e+00   2.2624e-05   2.7777e+02
20191102_19:00:00   2.5721e-01   6.4698e+01   5.2520e+00   0.0000e+00   0.0000e+00   2.7612e+02
20191102_20:00:00   2.7972e-01   6.9227e+01   5.7173e+00   0.0000e+00   1.9646e-04   2.7553e+02
20191102_21:00:00   2.9484e-01   7.2204e+01   6.0235e+00   0.0000e+00   1.5075e-03   2.7482e+02
20191102_22:00:00   3.0599e-01   7.4224e+01   6.2800e+00   0.0000e+00   6.9550e-03   2.7414e+02
20191102_23:00:00   3.0858e-01   7.4660e+01   6.3477e+00   0.0000e+00   3.4283e-03   2.7369e+02
20191103_00:00:00   2.9659e-01   7.2380e+01   6.0765e+00   0.0000e+00   6.5626e-03   2.7455e+02
20191103_01:00:00   3.0633e-01   7.4264e+01   6.2451e+00   0.0000e+00   1.8989e-02   2.7386e+02
20191103_02:00:00   3.1831e-01   7.6628e+01   6.4575e+00   0.0000e+00   2.0652e-02   2.7324e+02
20191103_03:00:00   2.8860e-01   7.0914e+01   5.8528e+00   0.0000e+00   4.9240e-03   2.7139e+02
20191103_04:00:00   2.6733e-01   6.6673e+01   5.4164e+00   0.0000e+00   4.9923e-03   2.7054e+02
20191103_05:00:00   2.6969e-01   6.7177e+01   5.4529e+00   0.0000e+00   2.4751e-03   2.6954e+02
20191103_06:00:00   2.7393e-01   6.8099e+01   5.5086e+00   0.0000e+00   5.1042e-04   2.7024e+02
20191103_07:00:00   2.8798e-01   7.0944e+01   5.7627e+00   0.0000e+00   3.5573e-04   2.7111e+02
20191103_08:00:00   2.9944e-01   7.3261e+01   5.9742e+00   0.0000e+00   1.8231e-04   2.6958e+02
20191103_09:00:00   3.2855e-01   7.8895e+01   6.5224e+00   0.0000e+00   1.3458e-03   2.6926e+02
20191103_10:00:00   3.5066e-01   8.3255e+01   6.9000e+00   0.0000e+00   1.2226e-03   2.6930e+02
20191103_11:00:00   3.5589e-01   8.4229e+01   6.9808e+00   0.0000e+00   6.1217e-04   2.6873e+02
20191103_12:00:00   3.6665e-01   8.6112e+01   7.2151e+00   0.0000e+00   1.5550e-03   2.6764e+02
20191103_13:00:00   3.9565e-01   9.1081e+01   7.8569e+00   0.0000e+00   1.3735e-03   2.6758e+02
20191103_14:00:00   4.1865e-01   9.4925e+01   8.3166e+00   0.0000e+00   1.7011e-02   2.6733e+02
20191103_15:00:00   4.1749e-01   9.4784e+01   8.2345e+00   0.0000e+00   2.0440e-02   2.6654e+02
20191103_16:00:00   4.0816e-01   9.3234e+01   8.0141e+00   0.0000e+00   1.0968e-02   2.6542e+02
20191103_17:00:00   3.9804e-01   9.1468e+01   7.8009e+00   0.0000e+00   5.8651e-03   2.6605e+02
20191103_18:00:00   3.9309e-01   9.0645e+01   7.6774e+00   0.0000e+00   1.1354e-02   2.6768e+02
20191103_19:00:00   3.8134e-01   8.8555e+01   7.4539e+00   0.0000e+00   2.2750e-03   2.6792e+02
20191103_20:00:00   3.6855e-01   8.6245e+01   7.2075e+00   0.0000e+00   9.8120e-04   2.6801e+02
20191103_21:00:00   3.5156e-01   8.3121e+01   6.8789e+00   0.0000e+00   0.0000e+00   2.6896e+02
20191103_22:00:00   3.3811e-01   8.0687e+01   6.5746e+00   0.0000e+00   0.0000e+00   2.6928e+02
20191103_23:00:00   3.1916e-01   7.7206e+01   6.1633e+00   0.0000e+00   0.0000e+00   2.7026e+02
20191104_00:00:00   3.1180e-01   7.5718e+01   6.0354e+00   0.0000e+00   0.0000e+00   2.6751e+02
20191104_01:00:00   2.9806e-01   7.3020e+01   5.7715e+00   0.0000e+00   0.0000e+00   2.6679e+02
20191104_02:00:00   2.8107e-01   6.9676e+01   5.4263e+00   0.0000e+00   0.0000e+00   2.6687e+02
20191104_03:00:00   2.7673e-01   6.8787e+01   5.3221e+00   0.0000e+00   0.0000e+00   2.6785e+02
20191104_04:00:00   2.6632e-01   6.6668e+01   5.1106e+00   0.0000e+00   0.0000e+00   2.6658e+02
20191104_05:00:00   2.5238e-01   6.3793e+01   4.8326e+00   0.0000e+00   0.0000e+00   2.6485e+02
20191104_06:00:00   2.3331e-01   5.9822e+01   4.4728e+00   0.0000e+00   0.0000e+00   2.6437e+02
20191104_07:00:00   2.0825e-01   5.4516e+01   3.9842e+00   0.0000e+00   0.0000e+00   2.6380e+02
20191104_08:00:00   1.8893e-01   5.0360e+01   3.5933e+00   0.0000e+00   0.0000e+00   2.6119e+02
20191104_09:00:00   1.7009e-01   4.6225e+01   3.2151e+00   0.0000e+00   0.0000e+00   2.5907e+02
20191104_10:00:00   1.5635e-01   4.3151e+01   2.9364e+00   0.0000e+00   0.0000e+00   2.5969e+02
20191104_11:00:00   1.4126e-01   3.9738e+01   2.6283e+00   0.0000e+00   0.0000e+00   2.6055e+02
20191104_12:00:00   1.2618e-01   3.6273e+01   2.3205e+00   0.0000e+00   0.0000e+00   2.6114e+02
20191104_13:00:00   1.1556e-01   3.3779e+01   2.1085e+00   0.0000e+00   0.0000e+00   2.6172e+02
20191104_14:00:00   1.0882e-01   3.2130e+01   1.9914e+00   0.0000e+00   0.0000e+00   2.6231e+02
20191104_15:00:00   1.0389e-01   3.0905e+01   1.9147e+00   0.0000e+00   0.0000e+00   2.6262e+02
20191104_16:00:00   1.0131e-01   3.0247e+01   1.8787e+00   0.0000e+00   0.0000e+00   2.6345e+02
20191104_17:00:00   1.0139e-01   3.0258e+01   1.8918e+00   0.0000e+00   0.0000e+00   2.6470e+02
20191104_18:00:00   9.9711e-02   2.9844e+01   1.8671e+00   0.0000e+00   0.0000e+00   2.6480e+02
20191104_19:00:00   9.9935e-02   2.9889e+01   1.8842e+00   0.0000e+00   0.0000e+00   2.6456e+02
20191104_20:00:00   1.0415e-01   3.0907e+01   1.9840e+00   0.0000e+00   0.0000e+00   2.6500e+02
20191104_21:00:00   1.0935e-01   3.2157e+01   2.1004e+00   0.0000e+00   0.0000e+00   2.6545e+02
20191104_22:00:00   1.1093e-01   3.2552e+01   2.1378e+00   0.0000e+00   0.0000e+00   2.6605e+02
20191104_23:00:00   1.0861e-01   3.2001e+01   2.0990e+00   0.0000e+00   0.0000e+00   2.6598e+02
20191105_00:00:00   1.0659e-01   3.1512e+01   2.0602e+00   0.0000e+00   0.0000e+00   2.6592e+02
20191105_03:00:00   1.1356e-01   3.3301e+01   2.1820e+00   0.0000e+00   0.0000e+00   2.6668e+02
20191105_06:00:00   1.2285e-01   3.5581e+01   2.3556e+00   0.0000e+00   0.0000e+00   2.6777e+02
20191105_09:00:00   1.2434e-01   3.5861e+01   2.3974e+00   0.0000e+00   0.0000e+00   2.7088e+02
20191105_12:00:00   1.2434e-01   3.5824e+01   2.3915e+00   0.0000e+00   0.0000e+00   2.7139e+02
20191105_15:00:00   1.1771e-01   3.4245e+01   2.2527e+00   0.0000e+00   0.0000e+00   2.7446e+02
20191105_18:00:00   1.1639e-01   3.3912e+01   2.2376e+00   0.0000e+00   0.0000e+00   2.7475e+02
20191105_21:00:00   1.0315e-01   3.0735e+01   1.9614e+00   0.0000e+00   0.0000e+00   2.7676e+02
20191106_00:00:00   9.2144e-02   2.8080e+01   1.7207e+00   0.0000e+00   0.0000e+00   2.7585e+02
20191106_03:00:00   8.7510e-02   2.6857e+01   1.6455e+00   0.0000e+00   0.0000e+00   2.7390e+02
20191106_06:00:00   9.6251e-02   2.8986e+01   1.8212e+00   0.0000e+00   0.0000e+00   2.7140e+02
20191106_09:00:00   9.1617e-02   2.7694e+01   1.7628e+00   0.0000e+00   0.0000e+00   2.7267e+02
20191106_12:00:00   1.0045e-01   2.9890e+01   1.9394e+00   0.0000e+00   0.0000e+00   2.7336e+02
20191106_15:00:00   9.8212e-02   2.9283e+01   1.9358e+00   0.0000e+00   0.0000e+00   2.7204e+02
20191106_18:00:00   1.0586e-01   3.1148e+01   2.1415e+00   0.0000e+00   0.0000e+00   2.7181e+02
20191106_21:00:00   1.1173e-01   3.2521e+01   2.2896e+00   0.0000e+00   0.0000e+00   2.7264e+02
20191107_00:00:00   1.2986e-01   3.6872e+01   2.6933e+00   0.0000e+00   0.0000e+00   2.7291e+02
20191107_03:00:00   1.3855e-01   3.8961e+01   2.8764e+00   0.0000e+00   0.0000e+00   2.7219e+02
20191107_06:00:00   1.5928e-01   4.3933e+01   3.2663e+00   0.0000e+00   2.5600e-06   2.7081e+02
20191107_09:00:00   1.6544e-01   4.5355e+01   3.3844e+00   0.0000e+00   2.2239e-03   2.7134e+02
20191107_12:00:00   1.3621e-01   3.8337e+01   2.8155e+00   0.0000e+00   2.7680e-03   2.7238e+02
20191107_15:00:00   1.4063e-01   3.9385e+01   2.8971e+00   0.0000e+00   0.0000e+00   2.7288e+02
20191107_18:00:00   2.1587e-01   5.6283e+01   4.4750e+00   0.0000e+00   4.0164e-04   2.6998e+02
20191107_21:00:00   2.8194e-01   6.9883e+01   5.8478e+00   0.0000e+00   6.8609e-03   2.7032e+02
20191108_00:00:00   4.1077e-01   9.3755e+01   8.3434e+00   0.0000e+00   1.8834e-01   2.6904e+02
20191108_03:00:00   5.2921e-01   1.1335e+02   1.0615e+01   1.7137e-04   1.3691e-01   2.6835e+02
20191108_06:00:00   5.7695e-01   1.2027e+02   1.1535e+01   0.0000e+00   2.6865e-01   2.6650e+02
20191108_09:00:00   2.5493e+00   2.5182e+02   1.2185e+01   8.0306e-01   1.6122e-01   2.6884e+02
20191108_12:00:00   5.2331e-01   1.1243e+02   1.0261e+01   0.0000e+00   5.4881e-03   2.6714e+02
20191108_15:00:00   1.1864e+00   1.8978e+02   1.1625e+01   2.4011e-01   2.7496e-01   2.6301e+02
20191108_18:00:00   9.3298e-01   1.6561e+02   1.1347e+01   1.4400e-01   1.2466e-01   2.6096e+02
20191108_21:00:00   1.2371e+00   1.9286e+02   1.1180e+01   2.7805e-01   6.4956e-01   2.5602e+02
20191109_00:00:00   1.1042e+00   1.8225e+02   1.1018e+01   2.2071e-01   5.7130e-01   2.5454e+02
20191109_03:00:00   3.7246e-01   8.7282e+01   7.1182e+00   6.7390e-04   0.0000e+00   2.5548e+02
20191109_06:00:00   2.9822e-01   7.3021e+01   5.6886e+00   3.3650e-03   1.5291e-06   2.5156e+02
20191109_09:00:00   1.4880e-01   4.1286e+01   2.9211e+00   0.0000e+00   0.0000e+00   2.5230e+02
20191109_12:00:00   1.3590e-01   3.8341e+01   2.6513e+00   0.0000e+00   1.3990e-05   2.5957e+02
20191109_15:00:00   1.2841e-01   3.6701e+01   2.5014e+00   0.0000e+00   6.0620e-05   2.5951e+02
20191109_18:00:00   1.4431e-01   4.0421e+01   2.9010e+00   0.0000e+00   1.5579e-04   2.6013e+02
20191109_21:00:00   2.0446e-01   5.3807e+01   4.1896e+00   9.8720e-05   5.7908e-03   2.5904e+02
20191110_00:00:00   2.3082e-01   5.9072e+01   4.9446e+00   0.0000e+00   2.2262e-02   2.5956e+02
20191110_03:00:00   2.4949e-01   6.2806e+01   5.4474e+00   0.0000e+00   1.0184e-05   2.5863e+02
20191110_06:00:00   2.3826e-01   6.0664e+01   5.1580e+00   0.0000e+00   7.1840e-06   2.5549e+02
20191110_09:00:00   2.3630e-01   6.0062e+01   5.1836e+00   0.0000e+00   3.8105e-04   2.5683e+02
20191110_12:00:00   2.4636e-01   6.2179e+01   5.3798e+00   0.0000e+00   1.2980e-03   2.5945e+02
20191110_15:00:00   2.1654e-01   5.6230e+01   4.6447e+00   0.0000e+00   7.0068e-06   2.5855e+02
20191110_18:00:00   2.0362e-01   5.3623e+01   4.3277e+00   0.0000e+00   4.7380e-05   2.6122e+02
20191110_21:00:00   1.9928e-01   5.2784e+01   4.2437e+00   0.0000e+00   1.6684e-04   2.6310e+02
20191111_00:00:00   1.9599e-01   5.2147e+01   4.1946e+00   0.0000e+00   8.1580e-06   2.6515e+02
20191111_03:00:00   1.9802e-01   5.2525e+01   4.3016e+00   0.0000e+00   8.1580e-06   2.6216e+02
20191111_06:00:00   2.0972e-01   5.4926e+01   4.6587e+00   0.0000e+00   1.1876e-05   2.5910e+02
20191111_09:00:00   2.0695e-01   5.4334e+01   4.6052e+00   0.0000e+00   1.8154e-05   2.5636e+02
20191111_12:00:00   2.0285e-01   5.3514e+01   4.5170e+00   0.0000e+00   4.1936e-04   2.5424e+02
20191111_15:00:00   2.0946e-01   5.5051e+01   4.6683e+00   0.0000e+00   4.6813e-05   2.5192e+02
20191111_18:00:00   2.3536e-01   6.0591e+01   5.2927e+00   0.0000e+00   4.9420e-05   2.4897e+02
20191111_21:00:00   2.2853e-01   5.9244e+01   5.1212e+00   0.0000e+00   9.4579e-05   2.4815e+02
20191112_00:00:00   2.0836e-01   5.5122e+01   4.6055e+00   0.0000e+00   0.0000e+00   2.4838e+02
20191112_03:00:00   1.8245e-01   4.9551e+01   3.9618e+00   0.0000e+00   0.0000e+00   2.4830e+02
20191112_06:00:00   1.5470e-01   4.3324e+01   3.3200e+00   0.0000e+00   0.0000e+00   2.4654e+02
20191112_09:00:00   1.5864e-01   4.4124e+01   3.4502e+00   0.0000e+00   0.0000e+00   2.4626e+02
20191112_12:00:00   1.7058e-01   4.6788e+01   3.7384e+00   0.0000e+00   0.0000e+00   2.4907e+02
20191112_15:00:00   1.5605e-01   4.3571e+01   3.3609e+00   0.0000e+00   0.0000e+00   2.5049e+02
20191112_18:00:00   1.4527e-01   4.1104e+01   3.0992e+00   0.0000e+00   0.0000e+00   2.4999e+02
20191112_21:00:00   1.4353e-01   4.0662e+01   3.0584e+00   0.0000e+00   0.0000e+00   2.4837e+02
20191113_00:00:00   1.5192e-01   4.2582e+01   3.2512e+00   0.0000e+00   0.0000e+00   2.4768e+02
20191113_03:00:00   1.5761e-01   4.3869e+01   3.3797e+00   0.0000e+00   0.0000e+00   2.5094e+02
20191113_06:00:00   1.6338e-01   4.5277e+01   3.4804e+00   0.0000e+00   0.0000e+00   2.5008e+02
20191113_09:00:00   1.8514e-01   5.0057e+01   3.9780e+00   0.0000e+00   4.5413e-05   2.5343e+02
20191113_12:00:00   1.6096e-01   4.4518e+01   3.4554e+00   0.0000e+00   1.1250e-03   2.5391e+02
20191113_15:00:00   1.3333e-01   3.7925e+01   2.8596e+00   0.0000e+00   0.0000e+00   2.5481e+02
20191113_18:00:00   1.5793e-01   4.3236e+01   3.5180e+00   0.0000e+00   1.9282e-03   2.5560e+02
20191113_21:00:00   1.7830e-01   4.7752e+01   4.0286e+00   0.0000e+00   2.5129e-04   2.5644e+02
20191114_00:00:00   1.7567e-01   4.7384e+01   3.9011e+00   0.0000e+00   3.6286e-05   2.5641e+02
20191114_03:00:00   1.6677e-01   4.5214e+01   3.7467e+00   0.0000e+00   9.1255e-05   2.5803e+02
20191114_06:00:00   1.6513e-01   4.5038e+01   3.6680e+00   0.0000e+00   3.7942e-03   2.5820e+02
20191114_09:00:00   1.6882e-01   4.5861e+01   3.7576e+00   0.0000e+00   1.1053e-03   2.5835e+02
20191114_12:00:00   1.9602e-01   5.1729e+01   4.3691e+00   0.0000e+00   0.0000e+00   2.5681e+02
20191114_15:00:00   2.0132e-01   5.2659e+01   4.5517e+00   0.0000e+00   2.1675e-03   2.5586e+02
20191114_18:00:00   2.1996e-01   5.6356e+01   5.0413e+00   0.0000e+00   1.3257e-02   2.6002e+02
20191114_21:00:00   2.7811e-01   6.8172e+01   6.3036e+00   0.0000e+00   2.7247e-02   2.5901e+02
20191115_00:00:00   3.3722e-01   7.9326e+01   7.5969e+00   0.0000e+00   4.7558e-02   2.5939e+02
20191115_03:00:00   3.6645e-01   8.4738e+01   8.2290e+00   0.0000e+00   2.3773e-02   2.6251e+02
20191115_06:00:00   3.9101e-01   8.9144e+01   8.6405e+00   0.0000e+00   8.4302e-02   2.6309e+02
20191115_09:00:00   4.0116e-01   9.0870e+01   8.8981e+00   0.0000e+00   3.3866e-02   2.6047e+02
20191115_12:00:00   2.7519e-01   6.7482e+01   6.2022e+00   0.0000e+00   2.2261e-02   2.6021e+02
20191115_15:00:00   3.3902e-01   7.9983e+01   7.3557e+00   0.0000e+00   2.6437e-02   2.6339e+02
20191115_18:00:00   3.7211e-01   8.5906e+01   7.9744e+00   0.0000e+00   7.6833e-02   2.6262e+02
20191115_21:00:00   4.3450e-01   9.6797e+01   8.7758e+00   2.0424e-03   1.4672e-01   2.6144e+02
20191116_00:00:00   5.5253e-01   1.1544e+02   1.0519e+01   7.5090e-03   5.1518e-01   2.6676e+02
