#            date       tau225        Tb[K]      pwv[mm] lwp[kg*m^-2] iwp[kg*m^-2]       o3[DU]
20191118_12:00:00   3.4439e-01   8.1255e+01   7.7929e+00   0.0000e+00   2.6438e-04   2.3496e+02
20191118_13:00:00   3.3322e-01   7.9277e+01   7.4980e+00   0.0000e+00   4.1825e-04   2.3429e+02
20191118_14:00:00   3.1854e-01   7.6560e+01   7.1593e+00   0.0000e+00   4.2960e-04   2.3440e+02
20191118_15:00:00   3.1162e-01   7.5306e+01   7.0307e+00   0.0000e+00   3.0458e-05   2.3465e+02
20191118_16:00:00   3.1227e-01   7.5496e+01   6.9987e+00   0.0000e+00   6.2560e-06   2.3475e+02
20191118_17:00:00   2.9603e-01   7.2393e+01   6.6395e+00   0.0000e+00   2.2419e-05   2.3528e+02
20191118_18:00:00   2.7385e-01   6.8027e+01   6.1847e+00   1.1900e-04   2.7070e-05   2.3571e+02
20191118_19:00:00   2.8115e-01   6.9493e+01   6.2203e+00   3.0670e-03   2.7262e-05   2.3669e+02
20191118_20:00:00   2.9663e-01   7.2541e+01   6.3526e+00   7.8100e-03   1.5751e-05   2.3685e+02
20191118_21:00:00   2.8429e-01   6.9928e+01   6.3650e+00   4.2390e-03   2.6433e-04   2.3698e+02
20191118_22:00:00   3.0390e-01   7.3769e+01   6.4977e+00   1.0990e-02   1.5459e-05   2.3654e+02
20191118_23:00:00   2.7221e-01   6.7343e+01   6.4309e+00   0.0000e+00   2.1119e-04   2.3555e+02
20191119_00:00:00   2.7824e-01   6.8567e+01   6.5291e+00   0.0000e+00   2.2376e-04   2.3460e+02
20191119_01:00:00   2.8931e-01   7.0764e+01   6.7181e+00   0.0000e+00   4.6780e-05   2.3301e+02
20191119_02:00:00   3.1640e-01   7.5978e+01   7.2540e+00   0.0000e+00   2.2289e-05   2.3173e+02
20191119_03:00:00   3.5283e-01   8.2780e+01   7.9922e+00   0.0000e+00   9.2762e-05   2.3238e+02
20191119_04:00:00   3.8282e-01   8.8242e+01   8.4788e+00   2.2270e-03   2.8499e-03   2.3361e+02
20191119_05:00:00   4.0974e-01   9.3054e+01   8.6216e+00   9.9086e-03   5.5440e-03   2.3371e+02
20191119_06:00:00   6.3786e-01   1.2934e+02   8.6098e+00   1.0465e-01   2.7204e-02   2.3283e+02
20191119_07:00:00   8.3957e-01   1.5519e+02   8.2856e+00   1.9459e-01   7.7008e-02   2.3242e+02
20191119_08:00:00   1.0850e+00   1.8019e+02   7.8975e+00   3.0666e-01   7.9522e-02   2.3362e+02
20191119_09:00:00   1.3941e+00   2.0426e+02   7.7293e+00   4.4062e-01   8.6474e-02   2.3430e+02
20191119_10:00:00   9.1539e-01   1.6362e+02   7.4379e+00   2.4398e-01   5.6097e-02   2.3416e+02
20191119_11:00:00   4.2043e-01   9.5225e+01   6.7337e+00   5.0683e-02   1.0491e-02   2.3446e+02
20191119_12:00:00   2.8794e-01   7.0551e+01   6.3437e+00   2.0442e-03   2.9391e-03   2.3459e+02
20191119_13:00:00   2.7891e-01   6.8859e+01   5.9216e+00   6.2120e-03   3.7882e-03   2.3471e+02
20191119_14:00:00   2.4774e-01   6.2583e+01   5.4883e+00   1.5750e-03   1.5347e-03   2.3512e+02
20191119_15:00:00   2.2473e-01   5.7890e+01   4.9839e+00   1.8390e-03   2.2555e-04   2.3557e+02
20191119_16:00:00   2.0783e-01   5.4344e+01   4.6939e+00   0.0000e+00   2.8976e-06   2.3583e+02
20191119_17:00:00   2.1119e-01   5.5117e+01   4.6938e+00   4.1280e-04   1.7456e-05   2.3635e+02
20191119_18:00:00   3.1636e-01   7.6804e+01   4.9542e+00   3.8362e-02   2.0821e-05   2.3640e+02
20191119_19:00:00   3.8573e-01   8.9938e+01   5.1408e+00   6.3088e-02   4.0792e-05   2.3609e+02
20191119_20:00:00   8.0278e-01   1.5203e+02   5.4236e+00   2.3059e-01   1.8760e-04   2.3483e+02
20191119_21:00:00   3.5912e-01   8.4936e+01   5.5747e+00   4.4138e-02   4.3296e-04   2.3343e+02
20191119_22:00:00   2.7162e-01   6.7846e+01   5.5575e+00   8.6110e-03   2.0674e-04   2.3280e+02
20191119_23:00:00   3.1904e-01   7.7321e+01   5.6570e+00   2.6323e-02   3.6504e-04   2.3316e+02
20191120_00:00:00   2.8309e-01   7.0055e+01   5.8960e+00   7.1110e-03   1.3453e-04   2.3453e+02
20191120_01:00:00   2.9733e-01   7.2874e+01   5.9888e+00   1.1550e-02   1.4494e-04   2.3563e+02
20191120_02:00:00   2.7484e-01   6.8304e+01   6.0239e+00   2.3244e-03   3.7293e-05   2.3584e+02
20191120_03:00:00   2.9561e-01   7.2504e+01   6.1653e+00   8.4013e-03   1.7690e-05   2.3497e+02
20191120_04:00:00   3.5997e-01   8.4930e+01   6.3464e+00   3.1159e-02   3.0130e-04   2.3506e+02
20191120_05:00:00   4.0999e-01   9.3987e+01   6.3875e+00   5.1190e-02   1.3862e-03   2.3496e+02
20191120_06:00:00   4.2971e-01   9.7440e+01   6.3851e+00   5.9340e-02   9.0050e-04   2.3511e+02
20191120_07:00:00   6.0116e-01   1.2495e+02   6.3900e+00   1.3037e-01   1.4665e-03   2.3572e+02
20191120_08:00:00   9.9788e-01   1.7312e+02   6.4215e+00   2.9423e-01   1.9929e-03   2.3651e+02
20191120_09:00:00   1.0925e+00   1.8181e+02   6.3769e+00   3.3624e-01   4.0029e-03   2.3651e+02
20191120_10:00:00   5.7128e-01   1.2049e+02   6.1688e+00   1.2215e-01   3.6185e-03   2.3699e+02
20191120_11:00:00   5.0446e-01   1.1000e+02   5.9870e+00   9.8319e-02   2.0532e-03   2.3727e+02
20191120_12:00:00   4.4933e-01   1.0080e+02   5.7428e+00   8.0482e-02   1.9467e-03   2.3678e+02
20191120_13:00:00   3.2164e-01   7.7625e+01   5.3390e+00   3.5770e-02   2.4615e-03   2.3639e+02
20191120_14:00:00   2.3077e-01   5.9117e+01   5.1852e+00   1.3986e-03   5.0697e-03   2.3598e+02
20191120_15:00:00   2.1646e-01   5.6072e+01   4.9723e+00   1.0464e-04   1.0096e-02   2.3548e+02
20191120_16:00:00   2.0658e-01   5.3923e+01   4.7964e+00   0.0000e+00   1.0732e-02   2.3553e+02
20191120_17:00:00   2.0611e-01   5.3775e+01   4.8019e+00   0.0000e+00   9.2610e-03   2.3591e+02
20191120_18:00:00   2.2091e-01   5.6963e+01   4.8567e+00   5.4190e-03   8.3749e-03   2.3638e+02
20191120_19:00:00   3.4072e-01   8.1230e+01   5.5229e+00   4.2820e-02   8.9233e-03   2.3662e+02
20191120_20:00:00   7.7730e-01   1.4888e+02   6.2331e+00   2.0969e-01   6.5478e-03   2.3632e+02
20191120_21:00:00   1.0424e+00   1.7693e+02   7.0848e+00   3.0830e-01   6.5022e-03   2.3618e+02
20191120_22:00:00   4.2014e-01   9.5337e+01   7.3400e+00   4.3008e-02   6.1296e-03   2.3622e+02
20191120_23:00:00   3.6771e-01   8.5729e+01   7.5017e+00   1.8602e-02   1.1929e-02   2.3607e+02
20191121_00:00:00   3.7376e-01   8.6784e+01   7.5513e+00   2.0223e-02   3.1999e-02   2.3569e+02
20191121_01:00:00   3.4725e-01   8.1708e+01   7.6221e+00   6.8670e-03   1.1379e-01   2.3517e+02
20191121_02:00:00   3.6049e-01   8.4318e+01   7.3817e+00   1.6973e-02   9.7096e-02   2.3458e+02
20191121_03:00:00   3.3906e-01   8.0345e+01   7.1579e+00   1.3416e-02   1.6108e-02   2.3406e+02
20191121_04:00:00   2.9320e-01   7.1394e+01   6.8323e+00   8.1900e-04   3.5838e-03   2.3435e+02
20191121_05:00:00   2.8827e-01   7.0406e+01   6.6660e+00   2.0203e-03   9.9871e-03   2.3599e+02
20191121_06:00:00   2.7339e-01   6.7383e+01   6.4461e+00   3.6010e-04   2.4179e-03   2.3576e+02
20191121_07:00:00   2.6970e-01   6.6586e+01   6.3700e+00   5.6280e-04   5.9218e-04   2.3602e+02
20191121_08:00:00   2.7362e-01   6.7232e+01   6.5169e+00   1.4526e-04   1.7341e-03   2.3677e+02
20191121_09:00:00   2.6871e-01   6.6174e+01   6.4372e+00   1.4540e-04   3.1265e-03   2.3655e+02
20191121_10:00:00   2.6567e-01   6.5536e+01   6.3830e+00   1.4723e-04   2.6016e-03   2.3553e+02
20191121_11:00:00   2.5439e-01   6.3268e+01   6.1419e+00   0.0000e+00   1.5716e-03   2.3410e+02
20191121_12:00:00   2.4236e-01   6.0786e+01   5.8827e+00   0.0000e+00   1.9085e-03   2.3323e+02
20191121_13:00:00   2.3182e-01   5.8581e+01   5.6486e+00   0.0000e+00   6.9705e-04   2.3269e+02
20191121_14:00:00   2.2344e-01   5.6841e+01   5.4615e+00   0.0000e+00   2.0768e-04   2.3311e+02
20191121_15:00:00   2.1807e-01   5.5735e+01   5.3330e+00   0.0000e+00   7.3283e-04   2.3384e+02
20191121_16:00:00   2.1312e-01   5.4734e+01   5.2014e+00   0.0000e+00   1.7188e-04   2.3400e+02
20191121_17:00:00   2.1180e-01   5.4509e+01   5.1469e+00   0.0000e+00   2.1519e-05   2.3355e+02
20191121_18:00:00   2.1777e-01   5.5859e+01   5.2514e+00   0.0000e+00   4.2260e-07   2.3349e+02
20191121_19:00:00   2.5441e-01   6.3757e+01   5.6026e+00   7.1060e-03   4.4008e-04   2.3391e+02
20191121_20:00:00   3.1984e-01   7.6831e+01   6.5848e+00   1.4846e-02   2.1200e-03   2.3464e+02
20191121_21:00:00   4.4597e-01   9.9954e+01   7.0058e+00   5.8040e-02   3.6316e-03   2.3423e+02
20191121_22:00:00   3.0542e-01   7.3943e+01   6.9572e+00   1.1370e-03   4.7388e-03   2.3347e+02
20191121_23:00:00   2.8187e-01   6.9399e+01   6.5078e+00   1.2840e-04   2.0288e-03   2.3363e+02
20191122_00:00:00   2.8109e-01   6.9156e+01   6.5227e+00   8.9060e-04   3.9097e-03   2.3451e+02
20191122_01:00:00   3.1501e-01   7.5791e+01   7.0355e+00   5.3260e-03   1.5281e-02   2.3536e+02
20191122_02:00:00   3.3004e-01   7.8664e+01   7.3858e+00   4.5240e-03   1.8647e-02   2.3536e+02
20191122_03:00:00   3.2141e-01   7.7020e+01   7.3714e+00   5.5036e-04   1.8380e-02   2.3457e+02
20191122_04:00:00   3.1003e-01   7.4883e+01   7.1333e+00   0.0000e+00   6.2205e-03   2.3405e+02
20191122_05:00:00   2.8820e-01   7.0664e+01   6.6540e+00   0.0000e+00   3.6423e-03   2.3393e+02
20191122_06:00:00   2.6426e-01   6.5869e+01   6.1395e+00   0.0000e+00   2.3539e-03   2.3374e+02
20191122_07:00:00   2.4647e-01   6.2206e+01   5.7652e+00   0.0000e+00   7.0173e-04   2.3459e+02
20191122_08:00:00   2.3078e-01   5.8936e+01   5.4183e+00   0.0000e+00   7.1519e-04   2.3485e+02
20191122_09:00:00   2.1897e-01   5.6454e+01   5.1459e+00   0.0000e+00   2.9438e-04   2.3475e+02
20191122_10:00:00   2.1014e-01   5.4592e+01   4.9280e+00   0.0000e+00   1.0474e-04   2.3475e+02
20191122_11:00:00   2.0007e-01   5.2453e+01   4.6950e+00   0.0000e+00   4.2260e-07   2.3499e+02
20191122_12:00:00   1.9567e-01   5.1513e+01   4.6048e+00   0.0000e+00   3.3800e-07   2.3475e+02
20191122_13:00:00   1.9841e-01   5.2086e+01   4.6865e+00   0.0000e+00   7.7440e-06   2.3485e+02
20191122_14:00:00   1.9976e-01   5.2350e+01   4.7341e+00   0.0000e+00   4.6020e-05   2.3543e+02
20191122_15:00:00   2.0114e-01   5.2650e+01   4.7740e+00   0.0000e+00   5.0203e-05   2.3623e+02
20191122_16:00:00   2.0280e-01   5.3025e+01   4.8030e+00   0.0000e+00   4.2490e-05   2.3697e+02
20191122_17:00:00   2.0633e-01   5.3792e+01   4.8601e+00   0.0000e+00   0.0000e+00   2.3800e+02
20191122_18:00:00   2.1214e-01   5.5094e+01   4.9489e+00   0.0000e+00   8.4520e-07   2.3844e+02
20191122_19:00:00   2.3060e-01   5.9065e+01   5.1783e+00   2.5261e-03   4.8540e-04   2.3774e+02
20191122_20:00:00   2.4511e-01   6.2099e+01   5.5556e+00   4.8960e-04   8.8007e-04   2.3662e+02
20191122_21:00:00   3.0542e-01   7.4192e+01   6.2436e+00   1.3333e-02   2.5784e-03   2.3519e+02
20191122_22:00:00   3.0308e-01   7.3639e+01   6.4553e+00   8.3150e-03   2.8207e-03   2.3418e+02
20191122_23:00:00   2.8937e-01   7.0841e+01   6.4403e+00   3.2840e-03   2.6990e-03   2.3408e+02
20191123_00:00:00   2.6255e-01   6.5378e+01   6.0571e+00   0.0000e+00   2.4873e-03   2.3335e+02
20191123_01:00:00   2.5026e-01   6.2769e+01   5.8386e+00   0.0000e+00   4.0042e-03   2.3116e+02
20191123_02:00:00   2.4391e-01   6.1400e+01   5.7458e+00   0.0000e+00   7.8520e-03   2.2999e+02
20191123_03:00:00   2.4429e-01   6.1403e+01   5.7848e+00   0.0000e+00   2.0238e-02   2.3060e+02
20191123_04:00:00   2.4645e-01   6.1758e+01   5.8613e+00   0.0000e+00   2.4107e-02   2.3183e+02
20191123_05:00:00   2.4704e-01   6.1811e+01   5.9018e+00   0.0000e+00   3.1688e-02   2.3251e+02
20191123_06:00:00   2.4988e-01   6.2336e+01   5.9962e+00   0.0000e+00   3.4776e-02   2.3349e+02
20191123_07:00:00   2.5203e-01   6.2697e+01   6.0599e+00   0.0000e+00   4.6311e-02   2.3383e+02
20191123_08:00:00   2.5064e-01   6.2385e+01   6.0500e+00   0.0000e+00   2.8387e-02   2.3435e+02
20191123_09:00:00   2.5049e-01   6.2336e+01   6.0557e+00   0.0000e+00   1.6841e-02   2.3471e+02
20191123_10:00:00   2.5155e-01   6.2530e+01   6.0902e+00   0.0000e+00   8.2780e-03   2.3458e+02
20191123_11:00:00   2.5215e-01   6.2642e+01   6.1115e+00   0.0000e+00   3.8045e-03   2.3407e+02
20191123_12:00:00   2.4851e-01   6.1955e+01   6.0262e+00   0.0000e+00   2.6806e-03   2.3346e+02
20191123_15:00:00   2.2320e-01   5.7040e+01   5.3399e+00   0.0000e+00   7.8362e-05   2.3511e+02
20191123_18:00:00   2.1709e-01   5.6009e+01   5.0841e+00   4.4070e-05   0.0000e+00   2.3619e+02
20191123_21:00:00   3.0749e-01   7.4881e+01   5.2534e+00   3.1500e-02   1.1482e-04   2.3337e+02
20191124_00:00:00   2.7417e-01   6.8135e+01   5.1071e+00   2.0629e-02   5.1097e-04   2.3221e+02
20191124_03:00:00   2.2202e-01   5.7007e+01   5.1448e+00   1.2610e-04   5.1799e-04   2.3159e+02
20191124_06:00:00   2.2484e-01   5.7480e+01   5.2786e+00   0.0000e+00   1.0382e-03   2.3261e+02
20191124_09:00:00   1.9481e-01   5.1064e+01   4.6346e+00   0.0000e+00   6.8430e-05   2.3188e+02
20191124_12:00:00   1.7622e-01   4.7047e+01   4.1795e+00   0.0000e+00   1.1878e-06   2.3270e+02
20191124_15:00:00   1.6080e-01   4.3638e+01   3.8240e+00   0.0000e+00   0.0000e+00   2.3371e+02
20191124_18:00:00   1.5882e-01   4.3255e+01   3.7464e+00   0.0000e+00   0.0000e+00   2.3472e+02
20191124_21:00:00   2.1149e-01   5.4950e+01   4.7626e+00   2.4080e-03   0.0000e+00   2.3304e+02
20191125_00:00:00   1.8957e-01   5.0185e+01   4.4042e+00   0.0000e+00   0.0000e+00   2.3221e+02
20191125_03:00:00   1.7776e-01   4.7790e+01   4.0498e+00   0.0000e+00   0.0000e+00   2.3155e+02
20191125_06:00:00   1.7702e-01   4.7628e+01   4.0447e+00   0.0000e+00   0.0000e+00   2.3109e+02
20191125_09:00:00   1.6370e-01   4.4722e+01   3.7644e+00   0.0000e+00   0.0000e+00   2.2927e+02
20191125_12:00:00   1.5579e-01   4.2911e+01   3.5936e+00   0.0000e+00   0.0000e+00   2.2974e+02
20191125_15:00:00   1.5622e-01   4.2980e+01   3.6394e+00   0.0000e+00   0.0000e+00   2.3020e+02
20191125_18:00:00   1.7826e-01   4.8039e+01   3.6758e+00   8.3750e-03   0.0000e+00   2.3212e+02
20191125_21:00:00   2.0434e-01   5.3734e+01   4.2411e+00   8.5340e-03   0.0000e+00   2.3207e+02
20191126_00:00:00   1.6239e-01   4.4291e+01   3.7895e+00   0.0000e+00   0.0000e+00   2.3170e+02
20191126_03:00:00   1.4588e-01   4.0578e+01   3.3819e+00   0.0000e+00   5.0060e-06   2.3240e+02
20191126_06:00:00   1.4706e-01   4.0814e+01   3.4193e+00   0.0000e+00   4.6240e-06   2.3380e+02
20191126_09:00:00   1.4761e-01   4.0763e+01   3.5013e+00   0.0000e+00   6.6047e-05   2.3518e+02
20191126_12:00:00   1.4221e-01   3.9555e+01   3.3849e+00   0.0000e+00   1.9576e-06   2.3531e+02
20191126_15:00:00   1.3937e-01   3.8932e+01   3.3064e+00   0.0000e+00   0.0000e+00   2.3595e+02
20191126_18:00:00   1.5162e-01   4.1731e+01   3.5625e+00   0.0000e+00   0.0000e+00   2.3703e+02
20191126_21:00:00   8.8762e-01   1.6143e+02   5.3725e+00   2.7044e-01   1.6654e-03   2.3659e+02
20191127_00:00:00   5.0097e-01   1.0908e+02   6.0734e+00   9.5630e-02   7.2836e-02   2.3407e+02
20191127_03:00:00   2.6338e-01   6.5938e+01   5.4510e+00   8.3880e-03   1.3292e-03   2.3459e+02
20191127_06:00:00   2.0041e-01   5.2690e+01   4.5340e+00   0.0000e+00   6.0521e-04   2.3517e+02
20191127_09:00:00   1.6086e-01   4.3885e+01   3.6973e+00   0.0000e+00   9.7490e-05   2.3493e+02
20191127_12:00:00   1.6471e-01   4.4700e+01   3.8109e+00   0.0000e+00   1.1329e-06   2.3382e+02
20191127_15:00:00   1.8710e-01   4.9767e+01   4.0695e+00   4.2190e-03   0.0000e+00   2.3421e+02
20191127_18:00:00   1.7086e-01   4.6282e+01   3.5797e+00   6.4300e-03   0.0000e+00   2.3426e+02
20191127_21:00:00   6.2208e-01   1.2835e+02   4.1270e+00   1.8019e-01   1.7723e-04   2.3325e+02
20191128_00:00:00   1.8233e-01   4.8984e+01   3.6684e+00   8.1560e-03   0.0000e+00   2.3303e+02
20191128_03:00:00   1.8631e-01   4.9724e+01   3.8943e+00   6.5680e-03   0.0000e+00   2.3333e+02
20191128_06:00:00   2.7643e-01   6.8686e+01   4.6480e+00   3.0138e-02   0.0000e+00   2.3446e+02
20191128_09:00:00   1.8864e-01   5.0110e+01   4.2224e+00   9.7460e-04   0.0000e+00   2.3478e+02
20191128_12:00:00   1.7593e-01   4.7340e+01   3.9123e+00   0.0000e+00   0.0000e+00   2.3266e+02
20191128_15:00:00   1.3746e-01   3.8749e+01   2.9982e+00   0.0000e+00   0.0000e+00   2.3242e+02
20191128_18:00:00   1.5065e-01   4.1323e+01   3.5029e+00   0.0000e+00   0.0000e+00   2.3367e+02
20191128_21:00:00   2.1685e-01   5.5663e+01   5.0111e+00   7.2730e-04   3.8790e-06   2.3358e+02
20191129_00:00:00   2.3087e-01   5.8627e+01   5.3747e+00   0.0000e+00   2.0280e-06   2.3177e+02
20191129_03:00:00   2.1469e-01   5.5155e+01   5.0430e+00   0.0000e+00   1.6346e-04   2.3193e+02
20191129_06:00:00   2.0657e-01   5.3223e+01   4.9439e+00   0.0000e+00   3.9611e-05   2.3215e+02
20191129_09:00:00   2.4296e-01   6.0633e+01   5.8163e+00   0.0000e+00   1.4682e-03   2.3165e+02
20191129_12:00:00   2.4054e-01   6.0032e+01   5.8052e+00   0.0000e+00   2.9803e-03   2.2893e+02
20191129_15:00:00   2.2027e-01   5.5832e+01   5.3457e+00   0.0000e+00   2.4254e-03   2.2991e+02
20191129_18:00:00   2.2854e-01   5.7499e+01   5.5524e+00   0.0000e+00   3.3860e-03   2.3083e+02
20191129_21:00:00   2.5411e-01   6.2777e+01   6.0829e+00   2.3560e-04   2.0923e-02   2.3072e+02
20191130_00:00:00   2.3971e-01   5.9868e+01   5.7583e+00   0.0000e+00   3.0428e-03   2.2983e+02
20191130_03:00:00   2.3418e-01   5.8669e+01   5.6384e+00   0.0000e+00   3.7345e-03   2.2964e+02
20191130_06:00:00   2.4546e-01   6.0927e+01   5.8814e+00   0.0000e+00   1.0076e-02   2.2900e+02
20191130_09:00:00   2.6714e-01   6.5497e+01   6.2701e+00   0.0000e+00   7.1288e-04   2.3042e+02
20191130_12:00:00   2.8276e-01   6.8764e+01   6.5139e+00   0.0000e+00   5.4034e-03   2.2957e+02
20191130_15:00:00   2.8199e-01   6.8756e+01   6.5113e+00   0.0000e+00   2.9909e-03   2.2975e+02
20191130_18:00:00   2.9808e-01   7.1919e+01   6.8602e+00   0.0000e+00   1.0007e-03   2.3022e+02
20191130_21:00:00   3.1266e-01   7.4798e+01   7.1357e+00   3.6620e-04   8.7497e-04   2.2870e+02
20191201_00:00:00   3.0403e-01   7.3059e+01   7.0129e+00   0.0000e+00   8.0868e-05   2.2824e+02
20191201_03:00:00   3.2057e-01   7.6199e+01   7.3223e+00   0.0000e+00   3.6050e-03   2.2900e+02
20191201_06:00:00   3.3985e-01   7.9611e+01   7.7513e+00   0.0000e+00   2.5576e-02   2.3019e+02
20191201_09:00:00   3.3095e-01   7.8149e+01   7.5388e+00   0.0000e+00   1.6225e-05   2.3045e+02
20191201_12:00:00   3.1716e-01   7.5652e+01   7.2086e+00   0.0000e+00   7.5458e-05   2.3051e+02
20191201_15:00:00   3.0485e-01   7.3477e+01   6.8691e+00   0.0000e+00   0.0000e+00   2.2964e+02
20191201_18:00:00   3.3332e-01   7.9120e+01   6.9966e+00   7.7550e-03   6.4020e-05   2.2955e+02
20191201_21:00:00   1.1380e+00   1.8456e+02   7.5789e+00   3.3658e-01   7.0118e-02   2.2783e+02
20191202_00:00:00   3.5455e-01   8.3413e+01   6.5568e+00   2.3350e-02   3.3613e-03   2.2861e+02
20191202_03:00:00   2.6916e-01   6.6661e+01   6.0579e+00   0.0000e+00   1.5133e-03   2.2674e+02
20191202_06:00:00   2.5150e-01   6.3100e+01   5.7065e+00   0.0000e+00   5.7720e-04   2.2672e+02
20191202_09:00:00   2.2409e-01   5.7541e+01   5.0893e+00   0.0000e+00   1.2676e-03   2.2823e+02
20191202_12:00:00   2.2154e-01   5.7148e+01   4.7412e+00   5.0160e-03   1.0152e-03   2.2917e+02
20191202_15:00:00   2.0429e-01   5.3570e+01   4.4520e+00   2.1720e-03   1.3568e-04   2.2943e+02
20191202_18:00:00   1.9322e-01   5.1303e+01   4.0270e+00   6.5990e-03   0.0000e+00   2.2859e+02
20191202_21:00:00   1.7433e-01   4.7106e+01   3.8450e+00   2.1220e-03   3.8740e-04   2.2793e+02
20191203_00:00:00   1.7561e-01   4.7369e+01   3.9637e+00   0.0000e+00   2.1554e-04   2.2688e+02
20191203_03:00:00   1.8234e-01   4.8842e+01   4.0883e+00   0.0000e+00   1.9526e-05   2.2737e+02
20191203_06:00:00   1.8482e-01   4.9342e+01   4.1279e+00   0.0000e+00   3.0240e-05   2.2901e+02
20191203_09:00:00   1.7295e-01   4.6698e+01   3.8875e+00   0.0000e+00   8.8180e-04   2.3029e+02
20191203_12:00:00   1.6199e-01   4.4250e+01   3.6588e+00   0.0000e+00   4.0756e-03   2.2978e+02
20191203_15:00:00   1.5007e-01   4.1654e+01   3.3590e+00   0.0000e+00   5.0814e-04   2.2920e+02
20191203_18:00:00   1.4189e-01   3.9783e+01   3.1962e+00   0.0000e+00   4.8060e-05   2.2949e+02
20191203_21:00:00   4.5386e-01   1.0195e+02   4.6104e+00   1.0094e-01   1.1888e-04   2.2865e+02
20191204_00:00:00   1.7391e-01   4.7092e+01   3.8702e+00   0.0000e+00   1.4246e-05   2.2855e+02
20191204_03:00:00   1.4728e-01   4.1020e+01   3.2972e+00   0.0000e+00   0.0000e+00   2.2945e+02
20191204_06:00:00   1.2505e-01   3.5823e+01   2.8190e+00   0.0000e+00   0.0000e+00   2.3010e+02
20191204_09:00:00   1.1152e-01   3.2581e+01   2.5215e+00   0.0000e+00   0.0000e+00   2.3060e+02
20191204_12:00:00   9.9400e-02   2.9637e+01   2.2611e+00   0.0000e+00   0.0000e+00   2.3041e+02
