#            date       tau225        Tb[K]      pwv[mm] lwp[kg*m^-2] iwp[kg*m^-2]       o3[DU]
20191107_00:00:00   2.4406e-01   6.1690e+01   5.7945e+00   0.0000e+00   0.0000e+00   2.4582e+02
20191107_01:00:00   2.7399e-01   6.7846e+01   6.4282e+00   0.0000e+00   0.0000e+00   2.4450e+02
20191107_02:00:00   2.8196e-01   6.9511e+01   6.5828e+00   0.0000e+00   0.0000e+00   2.4556e+02
20191107_03:00:00   2.5765e-01   6.4768e+01   5.9981e+00   0.0000e+00   0.0000e+00   2.4507e+02
20191107_04:00:00   2.0952e-01   5.4747e+01   4.9016e+00   0.0000e+00   0.0000e+00   2.4299e+02
20191107_05:00:00   1.5394e-01   4.2445e+01   3.6358e+00   0.0000e+00   5.7100e-07   2.4384e+02
20191107_06:00:00   1.1251e-01   3.2767e+01   2.6647e+00   0.0000e+00   7.0965e-06   2.4430e+02
20191107_07:00:00   9.2040e-02   2.7805e+01   2.1701e+00   0.0000e+00   6.6151e-06   2.4530e+02
20191107_08:00:00   8.3759e-02   2.5769e+01   1.9644e+00   0.0000e+00   1.0308e-05   2.4507e+02
20191107_09:00:00   8.1515e-02   2.5209e+01   1.9139e+00   0.0000e+00   8.2740e-05   2.4555e+02
20191107_10:00:00   7.7000e-02   2.4101e+01   1.7951e+00   0.0000e+00   1.2872e-04   2.4515e+02
20191107_11:00:00   7.0116e-02   2.2413e+01   1.6081e+00   0.0000e+00   7.9400e-05   2.4637e+02
20191107_12:00:00   6.6869e-02   2.1624e+01   1.5165e+00   0.0000e+00   6.2020e-05   2.4701e+02
20191107_13:00:00   6.7464e-02   2.1787e+01   1.5249e+00   0.0000e+00   5.4180e-05   2.4636e+02
20191107_14:00:00   6.7515e-02   2.1812e+01   1.5229e+00   0.0000e+00   6.3900e-05   2.4577e+02
20191107_15:00:00   7.1380e-02   2.2803e+01   1.6145e+00   0.0000e+00   4.2000e-05   2.4708e+02
20191107_16:00:00   9.3130e-02   2.8153e+01   2.1623e+00   0.0000e+00   2.4980e-05   2.4805e+02
20191107_17:00:00   1.4311e-01   3.9982e+01   3.3712e+00   0.0000e+00   1.2848e-05   2.4825e+02
20191107_18:00:00   1.8022e-01   4.8416e+01   4.2069e+00   0.0000e+00   2.9700e-07   2.4628e+02
20191107_19:00:00   1.7529e-01   4.7338e+01   4.0755e+00   0.0000e+00   1.4848e-07   2.4579e+02
20191107_20:00:00   1.6600e-01   4.5294e+01   3.6095e+00   4.5160e-03   0.0000e+00   2.4535e+02
20191107_21:00:00   1.5139e-01   4.2014e+01   3.1304e+00   6.5270e-03   3.3800e-07   2.4496e+02
20191107_22:00:00   1.1079e-01   3.2499e+01   2.5350e+00   0.0000e+00   0.0000e+00   2.4439e+02
20191107_23:00:00   8.7535e-02   2.6865e+01   1.9808e+00   0.0000e+00   0.0000e+00   2.4454e+02
20191108_00:00:00   7.2382e-02   2.3097e+01   1.6193e+00   0.0000e+00   0.0000e+00   2.4496e+02
20191108_01:00:00   6.4651e-02   2.1144e+01   1.4330e+00   0.0000e+00   0.0000e+00   2.4642e+02
20191108_02:00:00   6.5635e-02   2.1408e+01   1.4548e+00   0.0000e+00   0.0000e+00   2.4714e+02
20191108_03:00:00   6.4621e-02   2.1184e+01   1.4155e+00   0.0000e+00   0.0000e+00   2.4691e+02
20191108_04:00:00   6.0477e-02   2.0143e+01   1.3060e+00   0.0000e+00   0.0000e+00   2.4628e+02
20191108_05:00:00   5.7593e-02   1.9405e+01   1.2357e+00   0.0000e+00   0.0000e+00   2.4648e+02
20191108_06:00:00   5.6917e-02   1.9233e+01   1.2183e+00   0.0000e+00   0.0000e+00   2.4611e+02
20191108_07:00:00   5.6789e-02   1.9200e+01   1.2142e+00   0.0000e+00   0.0000e+00   2.4509e+02
20191108_08:00:00   5.9743e-02   1.9952e+01   1.2897e+00   0.0000e+00   0.0000e+00   2.4517e+02
20191108_09:00:00   6.3324e-02   2.0864e+01   1.3776e+00   0.0000e+00   0.0000e+00   2.4659e+02
20191108_10:00:00   6.7510e-02   2.1930e+01   1.4730e+00   0.0000e+00   0.0000e+00   2.4733e+02
20191108_11:00:00   7.0039e-02   2.2571e+01   1.5322e+00   0.0000e+00   0.0000e+00   2.4733e+02
20191108_12:00:00   7.3572e-02   2.3459e+01   1.6161e+00   0.0000e+00   0.0000e+00   2.4638e+02
20191108_13:00:00   7.7151e-02   2.4353e+01   1.7019e+00   0.0000e+00   0.0000e+00   2.4544e+02
20191108_14:00:00   8.0914e-02   2.5296e+01   1.7932e+00   0.0000e+00   0.0000e+00   2.4534e+02
20191108_15:00:00   8.5335e-02   2.6396e+01   1.8975e+00   0.0000e+00   0.0000e+00   2.4452e+02
20191108_16:00:00   8.6553e-02   2.6698e+01   1.9289e+00   0.0000e+00   0.0000e+00   2.4457e+02
20191108_17:00:00   8.8630e-02   2.7193e+01   1.9811e+00   0.0000e+00   0.0000e+00   2.4568e+02
20191108_18:00:00   1.0075e-01   3.0145e+01   2.2662e+00   0.0000e+00   0.0000e+00   2.4651e+02
20191108_19:00:00   1.1856e-01   3.4429e+01   2.6303e+00   7.9260e-04   0.0000e+00   2.4726e+02
20191108_20:00:00   1.4034e-01   3.9551e+01   2.9884e+00   3.2630e-03   3.9630e-06   2.4794e+02
20191108_21:00:00   1.6094e-01   4.4296e+01   3.2547e+00   6.6640e-03   0.0000e+00   2.4807e+02
20191108_22:00:00   1.6575e-01   4.5391e+01   3.4647e+00   4.8766e-03   0.0000e+00   2.4809e+02
20191108_23:00:00   1.7857e-01   4.8301e+01   3.7936e+00   4.0940e-03   0.0000e+00   2.4757e+02
20191109_00:00:00   1.7919e-01   4.8430e+01   4.0224e+00   0.0000e+00   0.0000e+00   2.4713e+02
20191109_01:00:00   1.8875e-01   5.0562e+01   4.2054e+00   1.2480e-04   0.0000e+00   2.4669e+02
20191109_02:00:00   1.9501e-01   5.1944e+01   4.3340e+00   0.0000e+00   0.0000e+00   2.4715e+02
20191109_03:00:00   2.0097e-01   5.3247e+01   4.4515e+00   0.0000e+00   0.0000e+00   2.4713e+02
20191109_04:00:00   2.0950e-01   5.5055e+01   4.6186e+00   0.0000e+00   0.0000e+00   2.4690e+02
20191109_05:00:00   2.1888e-01   5.7021e+01   4.7665e+00   8.1350e-04   0.0000e+00   2.4698e+02
20191109_06:00:00   2.1881e-01   5.6993e+01   4.8038e+00   0.0000e+00   0.0000e+00   2.4652e+02
20191109_07:00:00   2.1728e-01   5.6654e+01   4.7506e+00   5.0160e-04   0.0000e+00   2.4537e+02
20191109_08:00:00   2.1601e-01   5.6411e+01   4.6485e+00   2.2600e-03   0.0000e+00   2.4515e+02
20191109_09:00:00   2.1744e-01   5.6720e+01   4.6117e+00   3.8380e-03   0.0000e+00   2.4472e+02
20191109_10:00:00   2.1302e-01   5.5766e+01   4.5576e+00   3.2360e-03   0.0000e+00   2.4385e+02
20191109_11:00:00   2.0964e-01   5.5010e+01   4.5336e+00   2.3700e-03   0.0000e+00   2.4393e+02
20191109_12:00:00   2.0272e-01   5.3509e+01   4.5057e+00   1.4660e-05   0.0000e+00   2.4436e+02
20191109_13:00:00   2.0656e-01   5.4347e+01   4.5857e+00   0.0000e+00   0.0000e+00   2.4465e+02
20191109_14:00:00   2.1260e-01   5.5656e+01   4.7103e+00   0.0000e+00   0.0000e+00   2.4395e+02
20191109_15:00:00   2.1677e-01   5.6573e+01   4.7894e+00   0.0000e+00   0.0000e+00   2.4356e+02
20191109_16:00:00   2.2035e-01   5.7344e+01   4.8727e+00   0.0000e+00   0.0000e+00   2.4430e+02
20191109_17:00:00   2.2578e-01   5.8476e+01   4.9936e+00   0.0000e+00   0.0000e+00   2.4490e+02
20191109_18:00:00   2.3322e-01   6.0014e+01   5.1139e+00   6.3790e-04   0.0000e+00   2.4582e+02
20191109_19:00:00   2.5250e-01   6.4096e+01   5.1459e+00   7.7920e-03   0.0000e+00   2.4604e+02
20191109_20:00:00   2.5413e-01   6.4433e+01   5.0717e+00   9.7290e-03   0.0000e+00   2.4572e+02
20191109_21:00:00   2.8823e-01   7.1475e+01   5.0233e+00   2.4450e-02   0.0000e+00   2.4496e+02
20191109_22:00:00   2.7431e-01   6.8617e+01   4.9954e+00   1.8878e-02   0.0000e+00   2.4403e+02
20191109_23:00:00   2.3953e-01   6.1410e+01   4.8633e+00   7.3241e-03   0.0000e+00   2.4365e+02
20191110_00:00:00   2.5250e-01   6.4197e+01   4.6203e+00   1.7400e-02   0.0000e+00   2.4296e+02
20191110_01:00:00   3.7262e-01   8.7901e+01   4.4131e+00   7.0540e-02   0.0000e+00   2.4319e+02
20191110_02:00:00   4.1382e-01   9.5431e+01   4.2046e+00   9.1348e-02   0.0000e+00   2.4343e+02
20191110_03:00:00   3.2062e-01   7.8031e+01   4.1323e+00   5.4512e-02   0.0000e+00   2.4322e+02
20191110_04:00:00   2.7552e-01   6.8988e+01   4.2033e+00   3.4614e-02   0.0000e+00   2.4330e+02
20191110_05:00:00   3.0877e-01   7.5574e+01   4.2367e+00   4.7672e-02   0.0000e+00   2.4325e+02
20191110_06:00:00   3.6487e-01   8.6213e+01   4.2753e+00   7.0330e-02   6.2910e-05   2.4397e+02
20191110_07:00:00   7.0375e-01   1.3962e+02   4.3937e+00   2.0871e-01   1.3713e-04   2.4363e+02
20191110_08:00:00   5.8510e-01   1.2293e+02   4.3368e+00   1.6103e-01   5.6550e-05   2.4269e+02
20191110_09:00:00   1.9492e-01   5.1757e+01   3.9706e+00   6.8380e-03   1.9530e-06   2.4287e+02
20191110_10:00:00   1.8821e-01   5.0264e+01   3.9196e+00   5.6050e-03   0.0000e+00   2.4280e+02
20191110_11:00:00   2.0195e-01   5.3271e+01   4.0191e+00   9.4526e-03   0.0000e+00   2.4259e+02
20191110_12:00:00   2.0921e-01   5.4825e+01   4.1690e+00   9.1430e-03   0.0000e+00   2.4250e+02
20191110_13:00:00   2.0518e-01   5.3961e+01   4.1866e+00   7.1860e-03   0.0000e+00   2.4248e+02
20191110_14:00:00   1.9650e-01   5.2055e+01   4.2228e+00   3.0110e-03   0.0000e+00   2.4270e+02
20191110_15:00:00   1.9049e-01   5.0727e+01   4.2658e+00   0.0000e+00   0.0000e+00   2.4316e+02
20191110_16:00:00   1.9691e-01   5.2137e+01   4.4066e+00   0.0000e+00   0.0000e+00   2.4349e+02
20191110_17:00:00   2.0045e-01   5.2900e+01   4.4991e+00   0.0000e+00   0.0000e+00   2.4347e+02
20191110_18:00:00   2.0647e-01   5.4168e+01   4.6453e+00   0.0000e+00   0.0000e+00   2.4331e+02
20191110_19:00:00   2.4545e-01   6.2567e+01   4.6938e+00   1.4930e-02   0.0000e+00   2.4352e+02
20191110_20:00:00   2.8111e-01   6.9994e+01   4.6814e+00   2.9890e-02   0.0000e+00   2.4320e+02
20191110_21:00:00   2.9144e-01   7.2087e+01   4.7095e+00   3.3250e-02   0.0000e+00   2.4300e+02
20191110_22:00:00   2.3604e-01   6.0574e+01   4.7679e+00   9.5330e-03   0.0000e+00   2.4162e+02
20191110_23:00:00   2.1391e-01   5.5772e+01   4.7899e+00   1.2130e-04   0.0000e+00   2.4064e+02
20191111_00:00:00   2.0883e-01   5.4694e+01   4.6568e+00   0.0000e+00   0.0000e+00   2.3970e+02
20191111_01:00:00   2.0277e-01   5.3375e+01   4.5194e+00   0.0000e+00   0.0000e+00   2.3946e+02
20191111_02:00:00   1.9629e-01   5.1947e+01   4.3960e+00   0.0000e+00   0.0000e+00   2.3921e+02
20191111_03:00:00   1.9051e-01   5.0674e+01   4.2783e+00   0.0000e+00   0.0000e+00   2.3893e+02
20191111_04:00:00   1.8102e-01   4.8586e+01   4.0760e+00   0.0000e+00   0.0000e+00   2.3987e+02
20191111_05:00:00   1.7152e-01   4.6479e+01   3.8593e+00   0.0000e+00   0.0000e+00   2.4068e+02
20191111_06:00:00   1.6095e-01   4.4105e+01   3.6121e+00   0.0000e+00   0.0000e+00   2.4142e+02
20191111_07:00:00   1.4875e-01   4.1328e+01   3.3396e+00   0.0000e+00   0.0000e+00   2.4114e+02
20191111_08:00:00   1.4164e-01   3.9636e+01   3.2034e+00   0.0000e+00   0.0000e+00   2.4016e+02
20191111_09:00:00   1.4127e-01   3.9438e+01   3.2410e+00   0.0000e+00   0.0000e+00   2.4034e+02
20191111_10:00:00   1.4208e-01   3.9526e+01   3.3019e+00   0.0000e+00   8.3139e-07   2.4102e+02
20191111_11:00:00   1.4703e-01   4.0519e+01   3.4735e+00   0.0000e+00   3.2274e-04   2.4098e+02
20191111_12:00:00   1.5172e-01   4.1487e+01   3.6324e+00   0.0000e+00   6.9834e-04   2.4013e+02
20191111_13:00:00   1.5194e-01   4.1531e+01   3.6484e+00   0.0000e+00   1.7348e-04   2.3963e+02
20191111_14:00:00   1.4989e-01   4.1084e+01   3.6026e+00   0.0000e+00   5.1023e-05   2.3935e+02
20191111_15:00:00   1.4749e-01   4.0559e+01   3.5406e+00   0.0000e+00   1.6750e-05   2.3975e+02
20191111_16:00:00   1.4301e-01   3.9604e+01   3.4137e+00   0.0000e+00   0.0000e+00   2.3989e+02
20191111_17:00:00   1.4078e-01   3.9146e+01   3.3363e+00   0.0000e+00   7.5080e-06   2.4048e+02
20191111_18:00:00   1.6170e-01   4.3984e+01   3.5189e+00   5.2650e-03   4.4660e-04   2.4055e+02
20191111_19:00:00   1.6897e-01   4.5547e+01   3.7934e+00   3.4640e-03   4.1737e-04   2.4067e+02
20191111_20:00:00   1.9623e-01   5.1588e+01   4.0842e+00   9.5270e-03   6.2494e-04   2.3987e+02
20191111_21:00:00   2.0613e-01   5.3717e+01   4.4895e+00   5.8190e-03   6.4600e-04   2.3994e+02
20191111_22:00:00   2.2041e-01   5.6686e+01   4.9809e+00   2.7530e-03   1.2556e-03   2.3965e+02
20191111_23:00:00   2.0845e-01   5.4035e+01   4.9169e+00   0.0000e+00   5.4760e-04   2.3820e+02
20191112_00:00:00   2.0691e-01   5.3546e+01   4.9450e+00   0.0000e+00   7.1596e-04   2.3754e+02
20191112_03:00:00   2.3844e-01   5.9785e+01   5.8074e+00   0.0000e+00   1.0344e-02   2.3782e+02
20191112_06:00:00   2.7350e-01   6.6875e+01   6.5775e+00   0.0000e+00   1.4939e-03   2.4125e+02
20191112_09:00:00   3.0111e-01   7.2340e+01   7.1489e+00   0.0000e+00   5.9253e-03   2.3972e+02
20191112_12:00:00   3.1289e-01   7.4932e+01   7.2202e+00   0.0000e+00   7.9597e-04   2.4023e+02
20191112_15:00:00   3.1911e-01   7.6131e+01   7.2714e+00   0.0000e+00   1.3616e-03   2.4108e+02
20191112_18:00:00   4.8672e-01   1.0607e+02   8.0817e+00   5.4113e-02   5.4108e-04   2.4244e+02
20191112_21:00:00   4.2750e-01   9.5688e+01   8.7550e+00   1.7633e-02   2.0743e-02   2.3955e+02
20191113_00:00:00   1.1973e+00   1.8951e+02   9.3275e+00   3.2937e-01   4.5057e-02   2.3804e+02
20191113_03:00:00   1.3198e+00   1.9854e+02   9.9889e+00   3.6458e-01   5.6232e-01   2.3954e+02
20191113_06:00:00   1.0847e+00   1.7943e+02   9.5538e+00   2.7743e-01   2.5297e-01   2.4080e+02
20191113_09:00:00   1.6413e+00   2.1816e+02   8.7182e+00   5.3153e-01   3.6328e-02   2.3918e+02
20191113_12:00:00   1.2401e+00   1.9238e+02   8.7589e+00   3.6147e-01   1.4233e-02   2.3808e+02
20191113_15:00:00   1.4871e+00   2.0957e+02   9.0321e+00   4.5840e-01   6.2083e-02   2.3934e+02
20191113_18:00:00   1.6304e+00   2.1816e+02   9.4429e+00   5.0855e-01   3.9667e-02   2.4138e+02
20191113_21:00:00   1.8889e+00   2.3017e+02   9.6032e+00   6.1339e-01   1.0342e-01   2.3602e+02
20191114_00:00:00   1.9247e+00   2.3124e+02   9.4152e+00   6.3697e-01   4.4809e-02   2.3464e+02
20191114_03:00:00   1.9121e+00   2.3073e+02   9.3178e+00   6.3091e-01   1.3440e-01   2.3842e+02
20191114_06:00:00   1.6501e+00   2.1845e+02   8.9688e+00   5.2883e-01   1.4056e-01   2.3647e+02
20191114_09:00:00   1.8410e+00   2.2726e+02   9.0189e+00   6.0919e-01   2.7426e-01   2.3731e+02
20191114_12:00:00   1.7549e+00   2.2331e+02   8.6255e+00   5.8282e-01   8.7646e-02   2.3603e+02
20191114_15:00:00   1.3094e+00   1.9746e+02   8.4444e+00   3.9496e-01   1.0691e-01   2.3977e+02
20191114_18:00:00   1.5702e+00   2.1429e+02   8.4100e+00   5.0736e-01   3.4581e-02   2.4212e+02
20191114_21:00:00   5.0719e-01   1.0938e+02   5.1615e+00   1.1735e-01   2.4240e-01   2.4037e+02
20191115_00:00:00   1.4869e-01   4.1197e+01   3.0593e+00   1.4173e-03   1.8527e-03   2.4181e+02
20191115_03:00:00   1.0158e-01   3.0434e+01   2.0496e+00   0.0000e+00   0.0000e+00   2.3997e+02
20191115_06:00:00   8.3804e-02   2.6079e+01   1.6879e+00   0.0000e+00   0.0000e+00   2.3879e+02
20191115_09:00:00   6.4717e-02   2.1306e+01   1.2606e+00   2.2820e-04   1.2780e-05   2.3961e+02
20191115_12:00:00   5.7476e-02   1.9394e+01   1.1371e+00   0.0000e+00   0.0000e+00   2.3743e+02
20191115_15:00:00   5.3316e-02   1.8296e+01   1.0644e+00   0.0000e+00   0.0000e+00   2.3995e+02
20191115_18:00:00   7.9404e-02   2.4952e+01   1.1889e+00   8.5790e-03   0.0000e+00   2.4043e+02
20191115_21:00:00   8.5363e-02   2.6413e+01   1.5411e+00   4.6470e-03   1.8590e-06   2.4070e+02
20191116_00:00:00   6.0897e-02   2.0262e+01   1.1494e+00   1.8830e-03   1.7520e-04   2.3902e+02
20191116_03:00:00   5.2059e-02   1.7873e+01   1.0865e+00   0.0000e+00   9.0560e-06   2.4024e+02
20191116_06:00:00   5.9726e-02   1.9783e+01   1.2956e+00   0.0000e+00   6.4938e-04   2.4053e+02
20191116_09:00:00   6.9136e-02   2.2018e+01   1.5765e+00   0.0000e+00   2.1183e-03   2.4223e+02
20191116_12:00:00   6.8555e-02   2.1922e+01   1.5539e+00   0.0000e+00   0.0000e+00   2.4167e+02
20191116_15:00:00   7.4486e-02   2.3324e+01   1.7299e+00   0.0000e+00   9.6760e-05   2.4120e+02
20191116_18:00:00   8.8726e-02   2.6844e+01   2.0848e+00   0.0000e+00   0.0000e+00   2.4071e+02
20191116_21:00:00   1.1083e-01   3.2126e+01   2.6195e+00   0.0000e+00   1.1828e-04   2.3943e+02
20191117_00:00:00   1.0620e-01   3.0945e+01   2.5526e+00   0.0000e+00   1.1146e-04   2.3840e+02
20191117_03:00:00   1.0575e-01   3.0763e+01   2.5697e+00   0.0000e+00   1.6772e-05   2.3906e+02
20191117_06:00:00   1.1393e-01   3.2707e+01   2.7640e+00   0.0000e+00   8.1580e-06   2.3851e+02
20191117_09:00:00   1.2913e-01   3.6409e+01   3.0824e+00   0.0000e+00   7.8200e-06   2.3941e+02
20191117_12:00:00   1.3636e-01   3.8125e+01   3.2522e+00   0.0000e+00   4.5680e-07   2.3920e+02
20191117_15:00:00   1.3743e-01   3.8431e+01   3.2857e+00   0.0000e+00   3.8660e-05   2.3999e+02
20191117_18:00:00   1.7410e-01   4.6763e+01   3.7694e+00   7.0570e-03   9.7840e-05   2.3960e+02
20191117_21:00:00   2.0220e-01   5.2947e+01   4.3859e+00   7.1090e-03   1.2409e-04   2.3887e+02
20191118_00:00:00   1.7809e-01   4.7562e+01   4.2440e+00   0.0000e+00   1.1878e-07   2.3886e+02
20191118_03:00:00   2.0551e-01   5.3625e+01   4.8032e+00   0.0000e+00   0.0000e+00   2.3888e+02
20191118_06:00:00   2.1512e-01   5.5764e+01   4.9455e+00   0.0000e+00   5.4860e-05   2.3919e+02
20191118_09:00:00   2.0081e-01   5.2721e+01   4.6526e+00   0.0000e+00   2.5680e-03   2.3693e+02
20191118_12:00:00   1.9085e-01   5.0627e+01   4.4268e+00   0.0000e+00   1.6902e-06   2.3538e+02
20191118_15:00:00   2.0979e-01   5.4550e+01   4.9298e+00   0.0000e+00   1.0142e-06   2.3578e+02
20191118_18:00:00   2.3938e-01   6.0800e+01   5.3871e+00   3.7630e-03   0.0000e+00   2.3663e+02
20191118_21:00:00   2.4191e-01   6.1281e+01   5.6279e+00   0.0000e+00   1.9808e-04   2.3453e+02
20191119_00:00:00   2.3993e-01   6.0851e+01   5.5584e+00   0.0000e+00   1.4888e-04   2.3350e+02
20191119_03:00:00   2.2398e-01   5.7471e+01   5.2423e+00   0.0000e+00   9.3323e-04   2.3342e+02
20191119_06:00:00   1.8383e-01   4.8855e+01   4.3497e+00   0.0000e+00   4.1075e-05   2.3456e+02
20191119_09:00:00   1.9453e-01   5.0918e+01   4.6733e+00   0.0000e+00   7.9103e-04   2.3290e+02
20191119_12:00:00   1.7520e-01   4.6945e+01   4.1357e+00   0.0000e+00   6.2629e-04   2.3369e+02
20191119_15:00:00   1.6773e-01   4.5446e+01   3.9156e+00   0.0000e+00   1.0473e-04   2.3447e+02
20191119_18:00:00   1.9820e-01   5.2148e+01   4.5731e+00   0.0000e+00   3.3243e-04   2.3765e+02
20191119_21:00:00   2.1446e-01   5.5958e+01   4.4947e+00   5.7440e-03   1.2212e-03   2.3604e+02
20191120_00:00:00   1.6308e-01   4.4632e+01   3.6938e+00   0.0000e+00   5.3424e-03   2.3501e+02
20191120_03:00:00   1.5601e-01   4.2878e+01   3.5929e+00   0.0000e+00   1.7010e-03   2.3680e+02
20191120_06:00:00   1.9367e-01   5.0960e+01   4.5949e+00   0.0000e+00   3.2625e-03   2.3627e+02
20191120_09:00:00   2.1324e-01   5.5096e+01   5.0534e+00   0.0000e+00   4.6036e-04   2.3709e+02
20191120_12:00:00   2.2062e-01   5.6680e+01   5.1977e+00   0.0000e+00   1.3354e-03   2.3513e+02
20191120_15:00:00   2.4269e-01   6.1254e+01   5.7008e+00   0.0000e+00   2.2191e-05   2.3672e+02
20191120_18:00:00   3.3233e-01   7.9323e+01   6.0668e+00   2.7136e-02   2.3521e-05   2.3653e+02
20191120_21:00:00   6.0298e-01   1.2481e+02   5.2851e+00   1.5489e-01   2.8213e-02   2.3781e+02
20191121_00:00:00   2.3182e-01   5.9189e+01   5.3132e+00   0.0000e+00   8.2417e-05   2.3689e+02
20191121_03:00:00   2.1740e-01   5.5981e+01   5.0857e+00   0.0000e+00   4.7510e-08   2.3542e+02
20191121_06:00:00   2.0752e-01   5.3962e+01   4.8734e+00   0.0000e+00   2.8740e-06   2.3744e+02
20191121_09:00:00   1.9675e-01   5.1720e+01   4.5704e+00   0.0000e+00   8.4520e-07   2.3914e+02
20191121_12:00:00   1.5036e-01   4.1417e+01   3.4952e+00   0.0000e+00   0.0000e+00   2.3920e+02
20191121_15:00:00   1.1423e-01   3.3054e+01   2.6455e+00   0.0000e+00   0.0000e+00   2.3780e+02
20191121_18:00:00   1.1200e-01   3.2566e+01   2.5640e+00   0.0000e+00   0.0000e+00   2.3911e+02
20191121_21:00:00   1.4859e-01   4.1191e+01   2.9359e+00   8.1180e-03   1.9946e-04   2.3750e+02
20191122_00:00:00   1.3631e-01   3.8322e+01   3.0656e+00   5.9200e-04   6.1990e-05   2.3766e+02
20191122_03:00:00   1.2780e-01   3.6342e+01   2.9042e+00   0.0000e+00   8.1580e-06   2.3777e+02
20191122_06:00:00   1.2895e-01   3.6626e+01   2.9169e+00   0.0000e+00   8.1580e-06   2.3690e+02
20191122_09:00:00   1.3683e-01   3.8442e+01   3.0895e+00   0.0000e+00   6.9798e-05   2.3533e+02
20191122_12:00:00   1.4864e-01   4.1077e+01   3.3841e+00   0.0000e+00   0.0000e+00   2.3395e+02
20191122_15:00:00   1.6117e-01   4.3901e+01   3.6974e+00   0.0000e+00   0.0000e+00   2.3563e+02
20191122_18:00:00   1.7761e-01   4.7585e+01   4.0310e+00   0.0000e+00   0.0000e+00   2.3683e+02
20191122_21:00:00   1.9388e-01   5.1126e+01   4.3187e+00   1.0233e-03   2.8052e-04   2.3615e+02
20191123_00:00:00   1.5130e-01   4.1626e+01   3.4536e+00   0.0000e+00   0.0000e+00   2.3689e+02
