#            date       tau225        Tb[K]      pwv[mm] lwp[kg*m^-2] iwp[kg*m^-2]       o3[DU]
20191027_00:00:00   4.3829e-01   9.8005e+01   9.9741e+00   0.0000e+00   6.6681e-03   2.4944e+02
20191027_01:00:00   4.4133e-01   9.8507e+01   1.0049e+01   0.0000e+00   2.1392e-03   2.5019e+02
20191027_02:00:00   4.4389e-01   9.8954e+01   1.0090e+01   0.0000e+00   3.3115e-03   2.5074e+02
20191027_03:00:00   4.6007e-01   1.0173e+02   1.0094e+01   4.9640e-03   2.9001e-02   2.5046e+02
20191027_04:00:00   5.6341e-01   1.1852e+02   9.9964e+00   4.9272e-02   8.9522e-03   2.5205e+02
20191027_05:00:00   8.1924e-01   1.5295e+02   9.7507e+00   1.6130e-01   2.1932e-02   2.5251e+02
20191027_06:00:00   1.0220e+00   1.7502e+02   9.4832e+00   2.4981e-01   1.1491e-02   2.5238e+02
20191027_07:00:00   1.2084e+00   1.9144e+02   9.2060e+00   3.3352e-01   4.7592e-03   2.5306e+02
20191027_08:00:00   1.0685e+00   1.7961e+02   8.9626e+00   2.7819e-01   2.3450e-03   2.5217e+02
20191027_09:00:00   7.4332e-01   1.4408e+02   8.5414e+00   1.5199e-01   6.3085e-04   2.5034e+02
20191027_10:00:00   3.7571e-01   8.7372e+01   8.3078e+00   4.0407e-03   5.2597e-04   2.5045e+02
20191027_11:00:00   4.3434e-01   9.7829e+01   8.3309e+00   2.7700e-02   1.1662e-03   2.5177e+02
20191027_12:00:00   3.6614e-01   8.5532e+01   8.1664e+00   3.2840e-03   2.2718e-03   2.5221e+02
20191027_13:00:00   3.4466e-01   8.1530e+01   7.9365e+00   0.0000e+00   2.6007e-03   2.5237e+02
20191027_14:00:00   3.4155e-01   8.0943e+01   7.8969e+00   0.0000e+00   2.0342e-03   2.5194e+02
20191027_15:00:00   3.3907e-01   8.0506e+01   7.8571e+00   0.0000e+00   4.7795e-04   2.5104e+02
20191027_16:00:00   3.4647e-01   8.1895e+01   8.0215e+00   0.0000e+00   1.5341e-05   2.5025e+02
20191027_17:00:00   3.5570e-01   8.3569e+01   8.2416e+00   0.0000e+00   9.6325e-04   2.5006e+02
20191027_18:00:00   3.8797e-01   8.9559e+01   8.4620e+00   9.2760e-03   2.9146e-03   2.5066e+02
20191027_19:00:00   4.2480e-01   9.6228e+01   8.5761e+00   2.2240e-02   2.7705e-03   2.5103e+02
20191027_20:00:00   3.9198e-01   9.0222e+01   8.7773e+00   5.0980e-03   3.9393e-03   2.4963e+02
20191027_21:00:00   3.8680e-01   8.9212e+01   8.9478e+00   0.0000e+00   4.1224e-03   2.4834e+02
20191027_22:00:00   3.9245e-01   9.0214e+01   9.0765e+00   0.0000e+00   5.0669e-03   2.4809e+02
20191027_23:00:00   4.0038e-01   9.1669e+01   9.1183e+00   1.9002e-03   6.0548e-03   2.4817e+02
20191028_00:00:00   4.7293e-01   1.0420e+02   9.0570e+00   3.2804e-02   1.6943e-02   2.4853e+02
20191028_01:00:00   5.2372e-01   1.1236e+02   9.0455e+00   5.4157e-02   5.0126e-02   2.4810e+02
20191028_02:00:00   4.5923e-01   1.0190e+02   8.6531e+00   3.4610e-02   6.4555e-02   2.4765e+02
20191028_03:00:00   3.8155e-01   8.8348e+01   8.1015e+00   1.1761e-02   7.6577e-02   2.4780e+02
20191028_04:00:00   3.3957e-01   8.0538e+01   7.8257e+00   2.5100e-04   2.8712e-02   2.4794e+02
20191028_05:00:00   3.2988e-01   7.8689e+01   7.6146e+00   6.2560e-04   1.1918e-02   2.4772e+02
20191028_06:00:00   3.1885e-01   7.6585e+01   7.4093e+00   0.0000e+00   4.7445e-03   2.4688e+02
20191028_07:00:00   3.0879e-01   7.4660e+01   7.1832e+00   0.0000e+00   4.5518e-03   2.4681e+02
20191028_08:00:00   2.9931e-01   7.2841e+01   6.9669e+00   0.0000e+00   2.5381e-03   2.4769e+02
20191028_09:00:00   2.8639e-01   7.0309e+01   6.6857e+00   0.0000e+00   7.0146e-04   2.4802e+02
20191028_10:00:00   2.7199e-01   6.7472e+01   6.3695e+00   0.0000e+00   5.6613e-04   2.4739e+02
20191028_11:00:00   2.6126e-01   6.5327e+01   6.1300e+00   0.0000e+00   7.5725e-04   2.4748e+02
20191028_12:00:00   2.5348e-01   6.3759e+01   5.9505e+00   0.0000e+00   7.8503e-04   2.4775e+02
20191028_13:00:00   2.4839e-01   6.2731e+01   5.8339e+00   0.0000e+00   7.7103e-04   2.4808e+02
20191028_14:00:00   2.4648e-01   6.2350e+01   5.8006e+00   0.0000e+00   1.4998e-03   2.4876e+02
20191028_15:00:00   2.4470e-01   6.1990e+01   5.7714e+00   0.0000e+00   1.7598e-03   2.4852e+02
20191028_16:00:00   2.4138e-01   6.1332e+01   5.7004e+00   0.0000e+00   1.7998e-03   2.4827e+02
20191028_17:00:00   2.3814e-01   6.0675e+01   5.6224e+00   0.0000e+00   1.6688e-03   2.4749e+02
20191028_18:00:00   2.5084e-01   6.3387e+01   5.6670e+00   4.0100e-03   1.4294e-03   2.4720e+02
20191028_19:00:00   2.7496e-01   6.8366e+01   5.9775e+00   8.2520e-03   2.5545e-03   2.4703e+02
20191028_20:00:00   3.1982e-01   7.7312e+01   6.4155e+00   1.8510e-02   2.1552e-03   2.4681e+02
20191028_21:00:00   5.6996e-01   1.2068e+02   6.7360e+00   1.1444e-01   1.6246e-03   2.4562e+02
20191028_22:00:00   7.2202e-01   1.4224e+02   7.0021e+00   1.7139e-01   1.2337e-03   2.4438e+02
20191028_23:00:00   7.1683e-01   1.4150e+02   7.1403e+00   1.6586e-01   4.8901e-04   2.4470e+02
20191029_00:00:00   6.5009e-01   1.3184e+02   7.3487e+00   1.3656e-01   1.1533e-03   2.4550e+02
20191029_01:00:00   3.8957e-01   9.0089e+01   7.1888e+00   3.1440e-02   7.4483e-04   2.4607e+02
20191029_02:00:00   3.0607e-01   7.4387e+01   7.0010e+00   0.0000e+00   1.2743e-04   2.4682e+02
20191029_03:00:00   2.9197e-01   7.1679e+01   6.6356e+00   8.2520e-04   1.8959e-04   2.4702e+02
20191029_04:00:00   2.7119e-01   6.7586e+01   6.1792e+00   0.0000e+00   6.5827e-05   2.4750e+02
20191029_05:00:00   2.5301e-01   6.3907e+01   5.7707e+00   0.0000e+00   1.3093e-04   2.4657e+02
20191029_06:00:00   2.5127e-01   6.3490e+01   5.7206e+00   0.0000e+00   1.9614e-04   2.4652e+02
20191029_07:00:00   2.3960e-01   6.1037e+01   5.4826e+00   0.0000e+00   5.3210e-04   2.4645e+02
20191029_08:00:00   2.3334e-01   5.9703e+01   5.3540e+00   0.0000e+00   1.3842e-03   2.4580e+02
20191029_09:00:00   2.3213e-01   5.9412e+01   5.3339e+00   0.0000e+00   1.3901e-03   2.4534e+02
20191029_10:00:00   2.3007e-01   5.8955e+01   5.2995e+00   0.0000e+00   1.4558e-03   2.4624e+02
20191029_11:00:00   2.2928e-01   5.8781e+01   5.2835e+00   0.0000e+00   1.0841e-03   2.4898e+02
20191029_12:00:00   2.2515e-01   5.7941e+01   5.1836e+00   0.0000e+00   4.5224e-04   2.4825e+02
20191029_13:00:00   2.1829e-01   5.6518e+01   5.0207e+00   0.0000e+00   8.1227e-05   2.4750e+02
20191029_14:00:00   2.1248e-01   5.5305e+01   4.8999e+00   0.0000e+00   3.3800e-06   2.4765e+02
20191029_15:00:00   2.0913e-01   5.4597e+01   4.8566e+00   0.0000e+00   0.0000e+00   2.4807e+02
20191029_16:00:00   2.1722e-01   5.6336e+01   5.0369e+00   0.0000e+00   0.0000e+00   2.4804e+02
20191029_17:00:00   2.4407e-01   6.1926e+01   5.6469e+00   0.0000e+00   5.8596e-04   2.4820e+02
20191029_18:00:00   3.0600e-01   7.4388e+01   6.4626e+00   1.1250e-02   1.9767e-03   2.4706e+02
20191029_19:00:00   3.3764e-01   8.0427e+01   7.0627e+00   1.3755e-02   1.9600e-03   2.4764e+02
20191029_20:00:00   5.2107e-01   1.1251e+02   7.7351e+00   7.6980e-02   2.6288e-03   2.4753e+02
20191029_21:00:00   7.9073e-01   1.5025e+02   8.5137e+00   1.7323e-01   4.7013e-03   2.4656e+02
20191029_22:00:00   9.0265e-01   1.6270e+02   9.1096e+00   2.1022e-01   1.7673e-02   2.4641e+02
20191029_23:00:00   1.0085e+00   1.7360e+02   9.3913e+00   2.4847e-01   5.2141e-02   2.4657e+02
20191030_00:00:00   7.7539e-01   1.4784e+02   9.4985e+00   1.4870e-01   3.8282e-02   2.4585e+02
20191030_01:00:00   5.5678e-01   1.1759e+02   9.4223e+00   5.9093e-02   2.6418e-02   2.4552e+02
20191030_02:00:00   4.4107e-01   9.8714e+01   9.1775e+00   1.5080e-02   4.7436e-02   2.4544e+02
20191030_03:00:00   4.2220e-01   9.5451e+01   8.8320e+00   1.3549e-02   5.1808e-02   2.4494e+02
20191030_04:00:00   3.6663e-01   8.5468e+01   8.3626e+00   0.0000e+00   1.6351e-02   2.4365e+02
20191030_05:00:00   3.5538e-01   8.3410e+01   8.1230e+00   0.0000e+00   1.0186e-02   2.4310e+02
20191030_06:00:00   3.5355e-01   8.3042e+01   7.9271e+00   2.9117e-03   7.1134e-03   2.4315e+02
20191030_07:00:00   3.3527e-01   7.9671e+01   7.4890e+00   3.7965e-03   3.5687e-03   2.4400e+02
20191030_08:00:00   2.9714e-01   7.2441e+01   6.7870e+00   1.0058e-03   6.2422e-04   2.4536e+02
20191030_09:00:00   2.6800e-01   6.6774e+01   6.1270e+00   4.1860e-04   5.6836e-05   2.4522e+02
20191030_10:00:00   2.4668e-01   6.2466e+01   5.6747e+00   0.0000e+00   1.9961e-05   2.4562e+02
20191030_11:00:00   2.3071e-01   5.9183e+01   5.2986e+00   2.4070e-06   1.9983e-05   2.4570e+02
20191030_12:00:00   2.2342e-01   5.7682e+01   5.1218e+00   0.0000e+00   8.1580e-06   2.4531e+02
20191030_13:00:00   2.1916e-01   5.6829e+01   5.0053e+00   0.0000e+00   8.1580e-06   2.4645e+02
20191030_14:00:00   2.1590e-01   5.6208e+01   4.9186e+00   0.0000e+00   9.5020e-08   2.4594e+02
20191030_15:00:00   2.1094e-01   5.5239e+01   4.7921e+00   0.0000e+00   0.0000e+00   2.4709e+02
20191030_16:00:00   2.1405e-01   5.5949e+01   4.8404e+00   0.0000e+00   1.6973e-06   2.4829e+02
20191030_17:00:00   2.3783e-01   6.0935e+01   5.3882e+00   0.0000e+00   8.8743e-05   2.4873e+02
20191030_18:00:00   3.0037e-01   7.3660e+01   6.0835e+00   1.3300e-02   8.1471e-04   2.4928e+02
20191030_19:00:00   4.2112e-01   9.6327e+01   6.6847e+00   5.0896e-02   1.8366e-03   2.4992e+02
20191030_20:00:00   1.3004e+00   1.9997e+02   7.2917e+00   3.9938e-01   1.4503e-03   2.4809e+02
20191030_21:00:00   1.8150e+00   2.2924e+02   8.1042e+00   5.9927e-01   2.8590e-03   2.4600e+02
20191030_22:00:00   1.1459e+00   1.8718e+02   7.9979e+00   3.2401e-01   1.4179e-03   2.4550e+02
20191030_23:00:00   5.3706e-01   1.1561e+02   7.2123e+00   8.7559e-02   5.3929e-04   2.4652e+02
20191031_00:00:00   3.4003e-01   8.1389e+01   6.7116e+00   1.5741e-02   5.9763e-04   2.4757e+02
20191031_01:00:00   3.1119e-01   7.5814e+01   6.3556e+00   1.0777e-02   3.6505e-04   2.4670e+02
20191031_02:00:00   2.8059e-01   6.9815e+01   5.9125e+00   5.1590e-03   2.5468e-04   2.4544e+02
20191031_03:00:00   2.6177e-01   6.6026e+01   5.6077e+00   2.3987e-03   2.1837e-04   2.4506e+02
20191031_04:00:00   2.5333e-01   6.4257e+01   5.5108e+00   9.2250e-04   1.2739e-04   2.4483e+02
20191031_05:00:00   2.4536e-01   6.2513e+01   5.4182e+00   9.0050e-05   1.0626e-04   2.4430e+02
20191031_06:00:00   2.2959e-01   5.9192e+01   5.1060e+00   0.0000e+00   6.8940e-05   2.4366e+02
20191031_07:00:00   2.1768e-01   5.6685e+01   4.8555e+00   0.0000e+00   2.5040e-05   2.4342e+02
20191031_08:00:00   2.1384e-01   5.5823e+01   4.8067e+00   0.0000e+00   1.0198e-05   2.4403e+02
20191031_09:00:00   2.1454e-01   5.5952e+01   4.8223e+00   0.0000e+00   8.1580e-06   2.4487e+02
20191031_10:00:00   2.1387e-01   5.5805e+01   4.7933e+00   0.0000e+00   8.1580e-06   2.4464e+02
20191031_11:00:00   2.1753e-01   5.6556e+01   4.8591e+00   0.0000e+00   6.2740e-06   2.4487e+02
20191031_12:00:00   2.2216e-01   5.7514e+01   4.9782e+00   0.0000e+00   1.3690e-05   2.4518e+02
20191031_13:00:00   2.3824e-01   6.0819e+01   5.3572e+00   0.0000e+00   4.1220e-06   2.4495e+02
20191031_14:00:00   2.5687e-01   6.4613e+01   5.7871e+00   0.0000e+00   1.7502e-06   2.4378e+02
20191031_15:00:00   2.6531e-01   6.6350e+01   5.9449e+00   0.0000e+00   0.0000e+00   2.4344e+02
20191031_16:00:00   2.6926e-01   6.7192e+01   5.9837e+00   0.0000e+00   1.1397e-06   2.4389e+02
20191031_17:00:00   2.8181e-01   6.9750e+01   6.2220e+00   0.0000e+00   0.0000e+00   2.4458e+02
20191031_18:00:00   3.2020e-01   7.7368e+01   6.4770e+00   1.1661e-02   2.3454e-05   2.4459e+02
20191031_19:00:00   3.3968e-01   8.0953e+01   6.9995e+00   1.1371e-02   3.7401e-04   2.4406e+02
20191031_20:00:00   3.3275e-01   7.9453e+01   7.3852e+00   2.2957e-03   7.1880e-04   2.4303e+02
20191031_21:00:00   3.4583e-01   8.1863e+01   7.7893e+00   5.0930e-04   1.2427e-03   2.4291e+02
20191031_22:00:00   3.8470e-01   8.8981e+01   8.3486e+00   5.8290e-03   1.4220e-03   2.4194e+02
20191031_23:00:00   3.9692e-01   9.1000e+01   8.7889e+00   3.0091e-03   2.4835e-03   2.4174e+02
20191101_00:00:00   4.1283e-01   9.3892e+01   8.5795e+00   1.2658e-02   4.3759e-03   2.4201e+02
20191101_03:00:00   3.6095e-01   8.4553e+01   8.1783e+00   0.0000e+00   1.0514e-03   2.4393e+02
20191101_06:00:00   3.2918e-01   7.8659e+01   7.3800e+00   0.0000e+00   2.1585e-04   2.4163e+02
20191101_09:00:00   2.9223e-01   7.1515e+01   6.6449e+00   2.1490e-05   1.6318e-07   2.4087e+02
20191101_12:00:00   7.2226e-01   1.4155e+02   6.5729e+00   1.7791e-01   1.9173e-04   2.4217e+02
20191101_15:00:00   3.1821e-01   7.7249e+01   4.9669e+00   4.1320e-02   2.0100e-06   2.4206e+02
20191101_18:00:00   2.1558e-01   5.5887e+01   5.0548e+00   0.0000e+00   1.5640e-07   2.4563e+02
20191101_21:00:00   2.7468e-01   6.8189e+01   6.1694e+00   1.8230e-03   1.9009e-05   2.4328e+02
20191102_00:00:00   2.8262e-01   6.9695e+01   6.4645e+00   2.2190e-04   1.3838e-05   2.3997e+02
20191102_03:00:00   3.5161e-01   8.2740e+01   8.0171e+00   1.9950e-04   7.3443e-06   2.3897e+02
20191102_06:00:00   3.9302e-01   9.0022e+01   8.7320e+00   2.8680e-03   6.7945e-04   2.3891e+02
20191102_09:00:00   3.8929e-01   8.9337e+01   8.7780e+00   0.0000e+00   7.8046e-04   2.3970e+02
20191102_12:00:00   3.6422e-01   8.4982e+01   8.1948e+00   0.0000e+00   6.5813e-04   2.4084e+02
20191102_15:00:00   3.3954e-01   8.0495e+01   7.6287e+00   0.0000e+00   4.9250e-07   2.4147e+02
20191102_18:00:00   3.8348e-01   8.8699e+01   7.5584e+00   1.9826e-02   1.5921e-05   2.3884e+02
20191102_21:00:00   9.6939e-01   1.6906e+02   8.5186e+00   2.4964e-01   1.0901e-01   2.3981e+02
20191103_00:00:00   5.0990e-01   1.1005e+02   8.7928e+00   4.9920e-02   7.5082e-02   2.3912e+02
20191103_03:00:00   3.7680e-01   8.7122e+01   8.4620e+00   1.7444e-03   1.6756e-04   2.4088e+02
20191103_06:00:00   3.7011e-01   8.5940e+01   8.3086e+00   0.0000e+00   1.1475e-03   2.4289e+02
20191103_09:00:00   3.5615e-01   8.3391e+01   7.9781e+00   0.0000e+00   3.9595e-04   2.4089e+02
20191103_12:00:00   3.4826e-01   8.1986e+01   7.7499e+00   0.0000e+00   1.5109e-04   2.4166e+02
20191103_15:00:00   3.7039e-01   8.5865e+01   8.3531e+00   0.0000e+00   6.8219e-03   2.4225e+02
20191103_18:00:00   4.1472e-01   9.3817e+01   8.7225e+00   1.1458e-02   4.6024e-04   2.4176e+02
20191103_21:00:00   1.7766e+00   2.2616e+02   9.0781e+00   5.7201e-01   6.0950e-03   2.4287e+02
20191104_00:00:00   1.8420e+00   2.2812e+02   9.3194e+00   6.0240e-01   2.2621e-01   2.4154e+02
20191104_03:00:00   7.9006e-01   1.4892e+02   8.8456e+00   1.6461e-01   7.8245e-02   2.4337e+02
20191104_06:00:00   4.9845e-01   1.0804e+02   8.5771e+00   4.6237e-02   3.2480e-02   2.4421e+02
20191104_09:00:00   9.8793e-01   1.7092e+02   8.4483e+00   2.5362e-01   5.9367e-02   2.4438e+02
20191104_12:00:00   1.6781e+00   2.2084e+02   7.8585e+00   5.5620e-01   1.2308e-02   2.4458e+02
20191104_15:00:00   3.7265e-01   8.6706e+01   7.2863e+00   1.9164e-02   1.0579e-04   2.4228e+02
20191104_18:00:00   3.8241e-01   8.8660e+01   7.1772e+00   2.6178e-02   7.5020e-05   2.4335e+02
20191104_21:00:00   5.7339e-01   1.2046e+02   7.5621e+00   9.8300e-02   2.5870e-05   2.3947e+02
20191105_00:00:00   9.9236e-01   1.7208e+02   7.8157e+00   2.6633e-01   1.6452e-04   2.3805e+02
20191105_03:00:00   4.2779e-01   9.6418e+01   8.0655e+00   2.5610e-02   1.4115e-02   2.3866e+02
20191105_06:00:00   3.5864e-01   8.4044e+01   7.6940e+00   2.9877e-03   4.0642e-03   2.3900e+02
20191105_09:00:00   3.1003e-01   7.5003e+01   6.8174e+00   0.0000e+00   4.5964e-05   2.3928e+02
20191105_12:00:00   2.9795e-01   7.2596e+01   6.5915e+00   0.0000e+00   9.7040e-06   2.4203e+02
20191105_15:00:00   2.9611e-01   7.2231e+01   6.5808e+00   0.0000e+00   2.1360e-05   2.4200e+02
20191105_18:00:00   2.7550e-01   6.8278e+01   6.1360e+00   8.8160e-04   0.0000e+00   2.4019e+02
20191105_21:00:00   7.2495e-01   1.4186e+02   6.6965e+00   1.7739e-01   5.0921e-04   2.3903e+02
20191106_00:00:00   2.7510e-01   6.8185e+01   6.1570e+00   2.5420e-04   4.7963e-06   2.3888e+02
20191106_03:00:00   2.2410e-01   5.7811e+01   5.0132e+00   0.0000e+00   7.9480e-07   2.3931e+02
20191106_06:00:00   1.9832e-01   5.2298e+01   4.4180e+00   0.0000e+00   7.8200e-06   2.4123e+02
20191106_09:00:00   1.9259e-01   5.0866e+01   4.3599e+00   0.0000e+00   1.0298e-04   2.4051e+02
20191106_12:00:00   1.8058e-01   4.8251e+01   4.1205e+00   0.0000e+00   4.8680e-04   2.4211e+02
20191106_15:00:00   1.8894e-01   5.0025e+01   4.3916e+00   0.0000e+00   0.0000e+00   2.4219e+02
20191106_18:00:00   2.2859e-01   5.8365e+01   5.3676e+00   0.0000e+00   0.0000e+00   2.3967e+02
20191106_21:00:00   2.8796e-01   7.0696e+01   5.6711e+00   1.9610e-02   1.5892e-04   2.4030e+02
20191107_00:00:00   2.4437e-01   6.1600e+01   5.7630e+00   0.0000e+00   5.9647e-04   2.4086e+02
20191107_03:00:00   2.5885e-01   6.4710e+01   5.9606e+00   0.0000e+00   2.7960e-04   2.4208e+02
20191107_06:00:00   2.2954e-01   5.8704e+01   5.2887e+00   0.0000e+00   0.0000e+00   2.4231e+02
20191107_09:00:00   2.2887e-01   5.8544e+01   5.2061e+00   9.1960e-04   6.1260e-06   2.4212e+02
20191107_12:00:00   2.8995e-01   7.0962e+01   6.4861e+00   1.3530e-03   2.6600e-05   2.4085e+02
20191107_15:00:00   3.0272e-01   7.3511e+01   6.7512e+00   0.0000e+00   1.4116e-04   2.4304e+02
20191107_18:00:00   2.6952e-01   6.7023e+01   6.0447e+00   0.0000e+00   0.0000e+00   2.4222e+02
20191107_21:00:00   2.5672e-01   6.4366e+01   5.7993e+00   9.7050e-04   1.7855e-04   2.3997e+02
20191108_00:00:00   2.3637e-01   6.0111e+01   5.4500e+00   0.0000e+00   5.0543e-05   2.4019e+02
20191108_03:00:00   2.3377e-01   5.9553e+01   5.3930e+00   0.0000e+00   1.8318e-05   2.4076e+02
20191108_06:00:00   2.3661e-01   6.0160e+01   5.4265e+00   0.0000e+00   6.0360e-06   2.4068e+02
20191108_09:00:00   2.3739e-01   6.0346e+01   5.4128e+00   0.0000e+00   1.1878e-07   2.3981e+02
20191108_12:00:00   2.2395e-01   5.7550e+01   5.1053e+00   0.0000e+00   0.0000e+00   2.4206e+02
20191108_15:00:00   1.9783e-01   5.2015e+01   4.5507e+00   0.0000e+00   0.0000e+00   2.4212e+02
20191108_18:00:00   2.1980e-01   5.6767e+01   4.7277e+00   5.9210e-03   2.4260e-05   2.4046e+02
20191108_21:00:00   4.6502e-01   1.0354e+02   5.4558e+00   9.4180e-02   1.1557e-04   2.3977e+02
20191109_00:00:00   2.4371e-01   6.1594e+01   5.6274e+00   0.0000e+00   5.0951e-03   2.3889e+02
20191109_03:00:00   2.3917e-01   6.0682e+01   5.4821e+00   0.0000e+00   9.2935e-03   2.3847e+02
20191109_06:00:00   2.3452e-01   5.9730e+01   5.3559e+00   0.0000e+00   1.8823e-03   2.3868e+02
20191109_09:00:00   2.2586e-01   5.7927e+01   5.1312e+00   0.0000e+00   6.0933e-05   2.3918e+02
20191109_12:00:00   1.9780e-01   5.1905e+01   4.5686e+00   0.0000e+00   8.1580e-06   2.3837e+02
20191109_15:00:00   1.8121e-01   4.8308e+01   4.2111e+00   0.0000e+00   0.0000e+00   2.3899e+02
20191109_18:00:00   1.8996e-01   5.0359e+01   4.1997e+00   2.7990e-03   1.9890e-06   2.3995e+02
20191109_21:00:00   2.2902e-01   5.8851e+01   4.7456e+00   7.6981e-03   6.9810e-06   2.3874e+02
20191110_00:00:00   2.2871e-01   5.8661e+01   5.0281e+00   3.0660e-03   4.3800e-04   2.3802e+02
20191110_03:00:00   2.1386e-01   5.5383e+01   4.9306e+00   0.0000e+00   3.6039e-04   2.3762e+02
20191110_06:00:00   2.0958e-01   5.4463e+01   4.8335e+00   0.0000e+00   5.6980e-06   2.3775e+02
20191110_09:00:00   2.0836e-01   5.4237e+01   4.7875e+00   0.0000e+00   0.0000e+00   2.3906e+02
20191110_12:00:00   2.0211e-01   5.2906e+01   4.6578e+00   0.0000e+00   0.0000e+00   2.3983e+02
20191110_15:00:00   1.9191e-01   5.0750e+01   4.4385e+00   0.0000e+00   0.0000e+00   2.3872e+02
20191110_18:00:00   1.9667e-01   5.1923e+01   4.2563e+00   4.5200e-03   0.0000e+00   2.3879e+02
20191110_21:00:00   4.2043e-01   9.5917e+01   4.9433e+00   8.3430e-02   2.6685e-04   2.3882e+02
20191111_00:00:00   2.7909e-01   6.9038e+01   5.6269e+00   1.3300e-02   0.0000e+00   2.3673e+02
20191111_03:00:00   2.3042e-01   5.8931e+01   5.2699e+00   0.0000e+00   0.0000e+00   2.3727e+02
20191111_06:00:00   2.0651e-01   5.3887e+01   4.7215e+00   0.0000e+00   2.3840e-06   2.3854e+02
20191111_09:00:00   2.0970e-01   5.4567e+01   4.7678e+00   0.0000e+00   0.0000e+00   2.3993e+02
20191111_12:00:00   2.3571e-01   5.9977e+01   5.3339e+00   0.0000e+00   2.0180e-05   2.4103e+02
20191111_15:00:00   2.3563e-01   5.9878e+01   5.4403e+00   0.0000e+00   3.6643e-05   2.4026e+02
20191111_18:00:00   2.5162e-01   6.3147e+01   5.8125e+00   1.1660e-04   5.1726e-05   2.3780e+02
20191111_21:00:00   3.4256e-01   8.0908e+01   7.3979e+00   6.8070e-03   2.1431e-04   2.3824e+02
20191112_00:00:00   4.5673e-01   1.0051e+02   9.5323e+00   1.1434e-02   4.4360e-01   2.3732e+02
