#            date       tau225        Tb[K]      pwv[mm] lwp[kg*m^-2] iwp[kg*m^-2]       o3[DU]
20191112_12:00:00   1.4044e-01   3.8824e+01   3.3353e+00   0.0000e+00   3.1118e-05   2.3074e+02
20191112_13:00:00   1.4508e-01   3.9732e+01   3.4918e+00   0.0000e+00   3.1663e-04   2.3017e+02
20191112_14:00:00   1.5577e-01   4.2045e+01   3.7717e+00   0.0000e+00   6.7810e-04   2.3099e+02
20191112_15:00:00   1.7104e-01   4.5473e+01   4.1278e+00   0.0000e+00   2.4659e-04   2.3270e+02
20191112_16:00:00   1.8481e-01   4.8614e+01   4.4295e+00   0.0000e+00   5.6979e-05   2.3297e+02
20191112_17:00:00   1.8714e-01   4.9262e+01   4.4534e+00   0.0000e+00   0.0000e+00   2.3286e+02
20191112_18:00:00   1.9265e-01   5.0612e+01   4.4830e+00   6.3630e-04   1.9990e-05   2.3260e+02
20191112_19:00:00   2.2534e-01   5.7852e+01   4.4027e+00   1.4960e-02   9.4530e-06   2.3432e+02
20191112_20:00:00   2.2475e-01   5.7856e+01   4.2223e+00   1.7500e-02   3.3620e-06   2.3405e+02
20191112_21:00:00   2.8706e-01   7.0970e+01   4.0063e+00   4.6950e-02   0.0000e+00   2.3402e+02
20191112_22:00:00   3.3463e-01   8.0517e+01   3.5306e+00   7.5260e-02   3.7300e-06   2.3259e+02
20191112_23:00:00   2.2652e-01   5.8586e+01   3.3333e+00   3.4350e-02   3.7210e-06   2.3213e+02
20191113_00:00:00   1.3390e-01   3.7686e+01   3.1489e+00   4.1110e-05   0.0000e+00   2.3361e+02
20191113_01:00:00   1.3114e-01   3.6947e+01   3.1296e+00   0.0000e+00   0.0000e+00   2.3464e+02
20191113_02:00:00   1.3234e-01   3.7179e+01   3.1771e+00   0.0000e+00   2.0020e-06   2.3401e+02
20191113_03:00:00   1.3717e-01   3.8223e+01   3.3117e+00   0.0000e+00   5.8461e-05   2.3394e+02
20191113_04:00:00   1.4162e-01   3.9190e+01   3.4198e+00   0.0000e+00   2.4181e-05   2.3428e+02
20191113_05:00:00   1.4497e-01   3.9930e+01   3.4985e+00   0.0000e+00   4.2260e-07   2.3601e+02
20191113_06:00:00   1.4798e-01   4.0552e+01   3.5764e+00   0.0000e+00   0.0000e+00   2.3443e+02
20191113_07:00:00   1.5501e-01   4.2117e+01   3.7407e+00   0.0000e+00   8.4520e-07   2.3512e+02
20191113_08:00:00   1.6302e-01   4.3941e+01   3.9107e+00   0.0000e+00   8.4520e-06   2.3568e+02
20191113_09:00:00   1.7619e-01   4.6896e+01   4.1934e+00   0.0000e+00   2.0020e-06   2.3554e+02
20191113_10:00:00   1.9632e-01   5.1345e+01   4.6040e+00   0.0000e+00   2.5100e-05   2.3386e+02
20191113_11:00:00   2.2179e-01   5.6805e+01   5.1194e+00   0.0000e+00   1.3826e-05   2.3283e+02
20191113_12:00:00   2.4579e-01   6.1745e+01   5.6825e+00   0.0000e+00   2.5920e-05   2.3431e+02
20191113_13:00:00   2.6681e-01   6.5898e+01   6.2276e+00   0.0000e+00   3.2958e-05   2.3569e+02
20191113_14:00:00   2.7312e-01   6.7183e+01   6.4065e+00   0.0000e+00   7.1259e-07   2.3640e+02
20191113_15:00:00   2.8465e-01   6.9468e+01   6.6767e+00   0.0000e+00   2.8336e-06   2.3660e+02
20191113_16:00:00   2.9605e-01   7.1742e+01   6.9231e+00   0.0000e+00   2.0020e-06   2.3608e+02
20191113_17:00:00   3.0223e-01   7.2979e+01   7.0392e+00   0.0000e+00   7.1280e-06   2.3471e+02
20191113_18:00:00   3.0711e-01   7.3961e+01   7.1296e+00   0.0000e+00   2.6564e-05   2.3391e+02
20191113_19:00:00   3.2255e-01   7.6903e+01   7.4694e+00   0.0000e+00   1.5013e-04   2.3403e+02
20191113_20:00:00   3.3558e-01   7.9344e+01   7.7490e+00   1.7407e-05   4.4183e-04   2.3282e+02
20191113_21:00:00   3.5097e-01   8.2166e+01   8.1116e+00   0.0000e+00   6.2046e-04   2.3275e+02
20191113_22:00:00   3.7088e-01   8.5786e+01   8.5349e+00   0.0000e+00   2.7202e-04   2.3227e+02
20191113_23:00:00   3.7214e-01   8.6043e+01   8.5313e+00   0.0000e+00   9.8164e-04   2.3230e+02
20191114_00:00:00   3.6533e-01   8.4855e+01   8.3681e+00   0.0000e+00   0.0000e+00   2.3401e+02
20191114_01:00:00   3.4304e-01   8.0781e+01   7.8853e+00   0.0000e+00   1.2914e-04   2.3612e+02
20191114_02:00:00   3.1685e-01   7.5741e+01   7.3938e+00   0.0000e+00   4.1461e-03   2.3670e+02
20191114_03:00:00   2.8799e-01   7.0083e+01   6.7765e+00   0.0000e+00   2.8254e-02   2.3717e+02
20191114_04:00:00   2.6221e-01   6.4934e+01   6.2205e+00   0.0000e+00   1.0010e-02   2.3745e+02
20191114_05:00:00   2.3696e-01   5.9783e+01   5.6362e+00   0.0000e+00   2.4112e-02   2.3699e+02
20191114_06:00:00   2.2899e-01   5.8108e+01   5.4659e+00   0.0000e+00   1.2396e-02   2.3753e+02
20191114_07:00:00   2.2971e-01   5.8245e+01   5.4707e+00   0.0000e+00   8.4111e-03   2.3712e+02
20191114_08:00:00   2.3352e-01   5.8938e+01   5.5923e+00   0.0000e+00   1.7044e-02   2.3499e+02
20191114_09:00:00   2.5239e-01   6.2817e+01   5.9983e+00   0.0000e+00   2.3556e-03   2.3401e+02
20191114_10:00:00   2.8832e-01   6.9892e+01   6.8101e+00   0.0000e+00   4.5199e-02   2.3617e+02
20191114_11:00:00   2.9881e-01   7.1984e+01   7.0451e+00   0.0000e+00   1.5083e-02   2.3681e+02
20191114_12:00:00   3.3368e-01   7.8601e+01   7.8062e+00   0.0000e+00   9.2462e-03   2.3459e+02
20191114_13:00:00   3.5285e-01   8.2166e+01   8.0280e+00   2.9080e-03   2.2594e-02   2.3359e+02
20191114_14:00:00   3.7044e-01   8.5432e+01   8.2783e+00   3.9209e-03   2.0067e-02   2.3528e+02
20191114_15:00:00   4.0105e-01   9.1026e+01   8.7201e+00   6.9400e-03   1.4564e-02   2.3440e+02
20191114_16:00:00   3.8732e-01   8.8689e+01   8.6675e+00   9.4460e-04   1.3115e-02   2.3447e+02
20191114_17:00:00   3.8437e-01   8.8185e+01   8.4535e+00   3.9410e-03   2.1335e-03   2.3425e+02
20191114_18:00:00   4.3371e-01   9.7042e+01   8.1752e+00   3.0292e-02   4.5398e-04   2.3340e+02
20191114_19:00:00   5.0155e-01   1.0845e+02   7.9318e+00   6.3430e-02   8.3709e-04   2.3286e+02
20191114_20:00:00   3.8737e-01   8.8845e+01   7.9839e+00   1.4407e-02   3.1079e-03   2.3388e+02
20191114_21:00:00   3.6497e-01   8.4789e+01   7.9512e+00   5.3315e-03   3.1427e-03   2.3318e+02
20191114_22:00:00   3.7871e-01   8.7284e+01   8.1718e+00   6.4445e-03   2.4286e-03   2.3290e+02
20191114_23:00:00   3.6272e-01   8.4537e+01   7.6308e+00   9.3630e-03   1.4543e-04   2.3561e+02
20191115_00:00:00   3.9310e-01   9.0328e+01   6.9474e+00   3.3702e-02   8.0589e-04   2.3709e+02
20191115_01:00:00   3.1133e-01   7.5026e+01   6.6690e+00   4.3246e-03   1.9197e-03   2.3614e+02
20191115_02:00:00   3.7402e-01   8.6858e+01   6.7482e+00   2.9477e-02   1.0561e-03   2.3555e+02
20191115_03:00:00   4.2061e-01   9.5099e+01   6.9073e+00   4.6506e-02   4.9760e-03   2.3585e+02
20191115_04:00:00   3.6787e-01   8.5644e+01   6.9258e+00   2.4066e-02   5.7334e-03   2.3681e+02
20191115_05:00:00   3.6140e-01   8.4421e+01   6.8481e+00   2.3550e-02   3.6660e-03   2.3669e+02
20191115_06:00:00   3.3663e-01   7.9693e+01   6.7774e+00   1.4891e-02   7.7918e-03   2.3530e+02
20191115_07:00:00   2.9743e-01   7.2079e+01   6.6391e+00   1.3556e-03   1.5897e-02   2.3595e+02
20191115_08:00:00   2.7990e-01   6.8662e+01   6.3225e+00   0.0000e+00   8.0068e-03   2.3476e+02
20191115_09:00:00   2.6645e-01   6.6088e+01   5.9503e+00   0.0000e+00   1.3687e-03   2.3453e+02
20191115_10:00:00   2.5485e-01   6.3837e+01   5.5870e+00   0.0000e+00   1.0255e-03   2.3520e+02
20191115_11:00:00   2.3284e-01   5.9397e+01   5.0670e+00   0.0000e+00   6.4325e-04   2.3624e+02
20191115_12:00:00   2.1094e-01   5.4808e+01   4.5878e+00   0.0000e+00   8.5081e-04   2.3641e+02
20191115_13:00:00   2.0175e-01   5.2827e+01   4.3763e+00   0.0000e+00   3.8761e-03   2.3700e+02
20191115_14:00:00   1.8627e-01   4.9491e+01   4.0276e+00   0.0000e+00   8.2222e-03   2.3729e+02
20191115_15:00:00   1.7542e-01   4.7116e+01   3.8361e+00   0.0000e+00   3.0743e-03   2.3633e+02
20191115_16:00:00   1.9730e-01   5.1891e+01   4.3480e+00   7.6280e-04   5.6071e-03   2.3630e+02
20191115_17:00:00   2.3090e-01   5.9002e+01   5.1663e+00   4.8450e-04   2.1949e-03   2.3625e+02
20191115_18:00:00   2.7332e-01   6.7676e+01   5.8968e+00   5.0870e-03   1.4521e-03   2.3647e+02
20191115_19:00:00   3.2141e-01   7.7143e+01   6.3683e+00   1.6180e-02   2.1300e-03   2.3533e+02
20191115_20:00:00   3.5599e-01   8.3732e+01   6.3682e+00   3.0046e-02   6.0982e-03   2.3497e+02
20191115_21:00:00   3.8383e-01   8.8984e+01   5.8621e+00   5.0790e-02   5.9139e-03   2.3504e+02
20191115_22:00:00   4.3371e-01   9.7907e+01   5.7179e+00   7.5140e-02   7.3693e-03   2.3448e+02
20191115_23:00:00   5.6311e-01   1.1882e+02   6.4655e+00   1.1482e-01   5.7286e-03   2.3440e+02
20191116_00:00:00   5.3070e-01   1.1354e+02   7.5386e+00   8.1870e-02   2.8575e-03   2.3392e+02
20191116_01:00:00   4.8646e-01   1.0626e+02   8.0635e+00   5.4200e-02   1.9197e-03   2.3436e+02
20191116_02:00:00   4.3820e-01   9.8083e+01   8.2899e+00   2.9797e-02   4.1565e-05   2.3505e+02
20191116_03:00:00   4.4644e-01   9.9356e+01   8.5585e+00   2.8041e-02   1.3350e-04   2.3542e+02
20191116_04:00:00   4.3251e-01   9.6940e+01   8.5554e+00   2.2571e-02   8.4108e-05   2.3724e+02
20191116_05:00:00   3.7937e-01   8.7444e+01   8.5560e+00   8.3220e-04   1.5424e-04   2.3733e+02
20191116_06:00:00   3.8986e-01   8.9305e+01   8.6569e+00   2.8165e-03   2.2318e-04   2.3656e+02
20191116_07:00:00   3.9415e-01   9.0053e+01   8.7055e+00   3.3684e-03   1.8024e-03   2.3713e+02
20191116_08:00:00   3.9848e-01   9.0792e+01   8.7740e+00   3.6492e-03   5.0867e-03   2.3706e+02
20191116_09:00:00   3.9046e-01   8.9365e+01   8.6406e+00   3.1452e-03   1.5685e-03   2.3624e+02
20191116_10:00:00   3.8109e-01   8.7773e+01   8.4623e+00   2.6260e-03   4.6747e-04   2.3602e+02
20191116_11:00:00   3.7143e-01   8.6017e+01   8.3587e+00   4.6790e-04   2.0284e-03   2.3636e+02
20191116_12:00:00   3.6670e-01   8.5142e+01   8.2968e+00   0.0000e+00   1.0301e-02   2.3830e+02
20191116_13:00:00   3.6184e-01   8.4245e+01   8.1817e+00   0.0000e+00   4.1702e-03   2.3959e+02
20191116_14:00:00   3.5049e-01   8.2215e+01   7.9229e+00   0.0000e+00   1.8460e-03   2.4019e+02
20191116_15:00:00   3.3254e-01   7.8918e+01   7.5513e+00   0.0000e+00   9.2962e-04   2.3960e+02
20191116_16:00:00   3.1396e-01   7.5423e+01   7.1810e+00   0.0000e+00   6.1440e-05   2.3958e+02
20191116_17:00:00   2.9491e-01   7.1715e+01   6.8084e+00   0.0000e+00   9.5140e-05   2.4018e+02
20191116_18:00:00   2.8676e-01   7.0204e+01   6.3144e+00   6.2480e-03   1.1672e-04   2.4091e+02
20191116_19:00:00   3.2714e-01   7.8329e+01   5.9643e+00   2.9620e-02   1.6806e-04   2.4029e+02
20191116_20:00:00   3.5371e-01   8.3419e+01   5.8673e+00   4.2550e-02   1.3006e-04   2.3990e+02
20191116_21:00:00   3.2745e-01   7.8392e+01   5.7823e+00   3.3320e-02   7.9040e-05   2.4041e+02
20191116_22:00:00   2.3822e-01   6.0267e+01   5.6345e+00   0.0000e+00   8.1080e-05   2.4160e+02
20191116_23:00:00   2.3595e-01   5.9780e+01   5.6097e+00   0.0000e+00   6.2720e-05   2.4248e+02
20191117_00:00:00   2.3372e-01   5.9292e+01   5.5587e+00   0.0000e+00   5.3900e-05   2.4339e+02
20191117_01:00:00   2.2714e-01   5.7862e+01   5.4320e+00   0.0000e+00   6.6500e-05   2.4397e+02
20191117_02:00:00   2.2340e-01   5.7013e+01   5.3731e+00   0.0000e+00   6.5460e-05   2.4358e+02
20191117_03:00:00   2.2282e-01   5.6832e+01   5.3767e+00   0.0000e+00   2.5042e-05   2.4286e+02
20191117_04:00:00   2.2139e-01   5.6506e+01   5.3470e+00   0.0000e+00   9.6976e-06   2.4318e+02
20191117_05:00:00   2.1521e-01   5.5224e+01   5.1951e+00   0.0000e+00   1.0778e-05   2.4333e+02
20191117_06:00:00   2.1119e-01   5.4387e+01   5.1023e+00   0.0000e+00   4.5582e-05   2.4272e+02
20191117_07:00:00   2.1089e-01   5.4362e+01   5.0829e+00   0.0000e+00   8.0380e-06   2.4198e+02
20191117_08:00:00   2.1325e-01   5.4890e+01   5.1152e+00   0.0000e+00   4.2391e-06   2.4096e+02
20191117_09:00:00   2.1460e-01   5.5262e+01   5.1209e+00   0.0000e+00   3.5260e-05   2.3971e+02
20191117_10:00:00   2.1736e-01   5.5921e+01   5.1603e+00   0.0000e+00   7.2500e-04   2.3798e+02
20191117_11:00:00   2.2153e-01   5.6864e+01   5.2130e+00   0.0000e+00   8.7340e-04   2.3607e+02
20191117_12:00:00   2.2384e-01   5.7402e+01   5.2235e+00   0.0000e+00   9.8820e-04   2.3541e+02
20191117_15:00:00   2.2420e-01   5.7421e+01   5.2274e+00   0.0000e+00   4.2094e-04   2.3477e+02
20191117_18:00:00   2.1372e-01   5.4906e+01   5.1681e+00   0.0000e+00   9.3297e-04   2.3836e+02
20191117_21:00:00   2.9311e-01   7.0827e+01   7.0079e+00   0.0000e+00   3.6045e-03   2.3869e+02
20191118_00:00:00   4.1284e-01   9.2768e+01   9.4019e+00   0.0000e+00   2.0287e-01   2.3540e+02
20191118_03:00:00   4.3122e-01   9.5950e+01   9.6134e+00   0.0000e+00   4.2674e-01   2.3590e+02
20191118_06:00:00   5.9119e-01   1.2189e+02   9.6832e+00   6.5880e-02   1.7508e-01   2.3926e+02
20191118_09:00:00   6.8305e-01   1.3490e+02   9.7427e+00   1.0195e-01   3.0829e-01   2.3916e+02
20191118_12:00:00   6.6347e-01   1.3281e+02   8.1290e+00   1.2598e-01   1.2867e-02   2.3763e+02
20191118_15:00:00   6.0546e-01   1.2494e+02   7.0664e+00   1.2174e-01   6.8858e-04   2.3762e+02
20191118_18:00:00   3.6729e-01   8.6114e+01   5.8280e+00   4.5540e-02   1.1182e-03   2.3805e+02
20191118_21:00:00   2.6121e-01   6.5482e+01   4.9848e+00   1.4776e-02   1.9637e-02   2.3723e+02
20191119_00:00:00   1.5047e-01   4.1707e+01   3.3118e+00   2.2250e-04   3.5165e-03   2.3959e+02
20191119_03:00:00   1.2812e-01   3.6687e+01   2.6818e+00   5.3990e-04   1.8068e-04   2.3988e+02
20191119_06:00:00   1.0574e-01   3.1350e+01   2.1698e+00   1.6070e-03   2.6113e-03   2.3942e+02
20191119_09:00:00   6.0683e-02   2.0191e+01   1.2437e+00   0.0000e+00   1.4665e-05   2.3908e+02
20191119_12:00:00   4.9548e-02   1.7311e+01   9.8797e-01   0.0000e+00   1.1399e-04   2.3759e+02
20191119_15:00:00   4.4006e-02   1.5884e+01   8.5581e-01   0.0000e+00   2.9700e-07   2.3800e+02
20191119_18:00:00   4.6959e-02   1.6672e+01   9.2468e-01   0.0000e+00   1.6256e-04   2.3900e+02
20191119_21:00:00   1.0622e-01   3.1671e+01   1.1756e+00   1.9710e-02   9.0026e-05   2.3739e+02
20191120_00:00:00   6.5295e-02   2.1430e+01   1.3429e+00   0.0000e+00   6.6373e-05   2.3754e+02
20191120_03:00:00   6.1207e-02   2.0291e+01   1.2761e+00   0.0000e+00   5.9897e-06   2.3903e+02
20191120_06:00:00   5.1954e-02   1.7850e+01   1.0770e+00   0.0000e+00   2.5275e-03   2.4023e+02
20191120_09:00:00   4.8625e-02   1.6975e+01   1.0046e+00   0.0000e+00   1.8750e-03   2.4241e+02
20191120_12:00:00   4.6967e-02   1.6554e+01   9.6090e-01   0.0000e+00   1.1738e-03   2.3918e+02
20191120_15:00:00   4.9131e-02   1.7144e+01   1.0100e+00   0.0000e+00   1.5262e-05   2.4209e+02
20191120_18:00:00   5.9715e-02   1.9894e+01   1.2518e+00   0.0000e+00   0.0000e+00   2.4362e+02
20191120_21:00:00   8.5561e-02   2.6363e+01   1.8593e+00   0.0000e+00   2.5400e-05   2.4060e+02
20191121_00:00:00   1.0696e-01   3.1504e+01   2.3816e+00   2.3520e-04   2.1214e-07   2.3834e+02
20191121_03:00:00   1.0501e-01   3.0994e+01   2.3754e+00   7.1770e-06   1.2092e-04   2.3794e+02
20191121_06:00:00   1.3534e-01   3.8117e+01   3.1006e+00   0.0000e+00   9.7623e-04   2.3811e+02
20191121_09:00:00   1.5701e-01   4.2946e+01   3.6509e+00   0.0000e+00   3.7215e-03   2.3802e+02
20191121_12:00:00   1.7445e-01   4.6724e+01   4.1015e+00   0.0000e+00   1.7473e-02   2.3643e+02
20191121_15:00:00   1.9184e-01   5.0598e+01   4.4804e+00   0.0000e+00   1.1069e-02   2.3991e+02
20191121_18:00:00   2.4732e-01   6.2677e+01   4.7163e+00   1.5370e-02   2.9720e-04   2.4065e+02
20191121_21:00:00   1.3386e+00   2.0103e+02   8.4918e+00   4.0497e-01   9.1530e-03   2.3573e+02
20191122_00:00:00   1.1008e+00   1.8149e+02   9.6844e+00   2.8231e-01   2.0616e-01   2.3332e+02
20191122_03:00:00   9.4694e-01   1.6710e+02   8.6579e+00   2.3277e-01   6.1138e-02   2.3299e+02
20191122_06:00:00   6.6387e-01   1.3326e+02   7.2489e+00   1.4025e-01   3.1005e-02   2.3494e+02
20191122_09:00:00   5.2490e-01   1.1292e+02   6.8890e+00   8.7844e-02   1.5916e-02   2.3620e+02
20191122_12:00:00   4.7544e-01   1.0492e+02   6.8407e+00   6.8168e-02   1.3933e-03   2.3457e+02
20191122_15:00:00   3.0119e-01   7.3449e+01   6.5787e+00   0.0000e+00   2.4352e-04   2.3436e+02
20191122_18:00:00   2.9439e-01   7.2095e+01   6.5023e+00   0.0000e+00   2.1944e-03   2.3652e+02
20191122_21:00:00   3.5419e-01   8.3404e+01   7.0722e+00   1.6570e-02   4.2863e-03   2.3571e+02
20191123_00:00:00   3.2240e-01   7.7453e+01   6.6154e+00   1.1223e-02   1.2276e-03   2.3482e+02
20191123_03:00:00   3.4442e-01   8.1955e+01   5.8333e+00   3.3185e-02   1.7898e-03   2.3524e+02
20191123_06:00:00   2.8389e-01   6.9736e+01   6.1907e+00   5.5510e-03   3.2060e-03   2.3599e+02
20191123_09:00:00   2.5876e-01   6.4807e+01   5.6534e+00   4.7780e-03   2.9268e-05   2.3603e+02
20191123_12:00:00   2.3409e-01   6.0022e+01   4.6845e+00   9.8260e-03   6.4492e-05   2.3453e+02
20191123_15:00:00   1.8256e-01   4.8940e+01   4.1010e+00   0.0000e+00   1.3278e-03   2.3597e+02
20191123_18:00:00   1.7856e-01   4.8082e+01   4.0169e+00   0.0000e+00   1.2702e-03   2.3736e+02
20191123_21:00:00   1.9218e-01   5.0984e+01   4.3651e+00   0.0000e+00   7.8002e-05   2.3655e+02
20191124_00:00:00   2.0038e-01   5.2807e+01   4.5193e+00   0.0000e+00   4.2260e-07   2.3350e+02
20191124_03:00:00   1.8372e-01   4.9207e+01   4.1040e+00   0.0000e+00   0.0000e+00   2.3376e+02
20191124_06:00:00   1.4784e-01   4.1263e+01   3.2317e+00   0.0000e+00   0.0000e+00   2.3472e+02
20191124_09:00:00   1.0893e-01   3.2128e+01   2.3724e+00   0.0000e+00   6.6808e-04   2.3595e+02
20191124_12:00:00   9.1551e-02   2.7928e+01   1.9866e+00   2.4100e-06   3.2412e-03   2.3622e+02
20191124_15:00:00   9.0944e-02   2.7808e+01   1.9919e+00   0.0000e+00   1.5966e-04   2.3637e+02
20191124_18:00:00   1.4197e-01   3.9695e+01   3.2738e+00   0.0000e+00   7.7000e-06   2.3721e+02
20191124_21:00:00   1.7351e-01   4.6823e+01   3.9917e+00   0.0000e+00   0.0000e+00   2.3584e+02
20191125_00:00:00   1.9157e-01   5.0672e+01   4.4162e+00   0.0000e+00   3.8342e-03   2.3521e+02
20191125_03:00:00   1.4093e-01   3.9354e+01   3.2054e+00   0.0000e+00   0.0000e+00   2.3549e+02
20191125_06:00:00   1.1536e-01   3.3358e+01   2.6488e+00   0.0000e+00   1.6788e-03   2.3818e+02
20191125_09:00:00   1.1840e-01   3.3942e+01   2.7773e+00   0.0000e+00   1.4212e-04   2.4122e+02
20191125_12:00:00   1.2914e-01   3.6349e+01   3.0825e+00   0.0000e+00   0.0000e+00   2.3929e+02
20191125_15:00:00   1.4331e-01   3.9609e+01   3.4313e+00   0.0000e+00   0.0000e+00   2.4065e+02
20191125_18:00:00   1.7543e-01   4.6869e+01   4.1788e+00   0.0000e+00   0.0000e+00   2.3925e+02
20191125_21:00:00   1.1973e+00   1.9054e+02   5.7491e+00   3.9405e-01   4.7023e-03   2.3893e+02
20191126_00:00:00   2.7933e-01   6.8825e+01   6.3173e+00   1.0220e-03   7.1678e-04   2.3797e+02
20191126_03:00:00   2.9579e-01   7.1866e+01   6.8370e+00   0.0000e+00   8.6204e-04   2.3855e+02
20191126_06:00:00   2.7159e-01   6.7309e+01   6.2382e+00   0.0000e+00   0.0000e+00   2.4068e+02
20191126_09:00:00   2.4631e-01   6.2283e+01   5.6499e+00   0.0000e+00   0.0000e+00   2.3961e+02
20191126_12:00:00   2.3537e-01   6.0010e+01   5.4017e+00   0.0000e+00   7.7000e-06   2.3765e+02
20191126_15:00:00   2.0351e-01   5.3328e+01   4.7001e+00   0.0000e+00   1.4488e-04   2.3754e+02
20191126_18:00:00   1.5746e-01   4.3169e+01   3.6431e+00   0.0000e+00   0.0000e+00   2.3745e+02
20191126_21:00:00   1.8396e-01   4.9173e+01   3.9171e+00   5.1830e-03   3.2881e-03   2.3881e+02
20191127_00:00:00   2.0087e-01   5.2697e+01   4.5407e+00   1.2200e-03   3.7173e-03   2.3673e+02
20191127_03:00:00   2.0458e-01   5.3554e+01   4.6403e+00   0.0000e+00   3.1647e-05   2.3687e+02
20191127_06:00:00   1.7764e-01   4.7695e+01   4.0368e+00   0.0000e+00   2.6582e-04   2.3866e+02
20191127_09:00:00   1.8003e-01   4.8219e+01   4.0895e+00   0.0000e+00   1.4520e-05   2.3786e+02
20191127_12:00:00   1.8321e-01   4.8912e+01   4.1704e+00   0.0000e+00   1.0530e-03   2.3585e+02
20191127_15:00:00   1.2684e-01   3.6160e+01   2.8892e+00   0.0000e+00   6.0974e-04   2.3482e+02
20191127_18:00:00   7.0766e-02   2.2570e+01   1.5600e+00   0.0000e+00   2.1081e-04   2.3534e+02
20191127_21:00:00   6.6343e-02   2.1469e+01   1.4278e+00   3.3730e-04   8.1882e-05   2.3446e+02
20191128_00:00:00   6.3599e-02   2.0754e+01   1.3905e+00   0.0000e+00   2.3421e-04   2.3169e+02
20191128_03:00:00   5.9438e-02   1.9675e+01   1.2959e+00   0.0000e+00   9.9559e-05   2.3147e+02
20191128_06:00:00   5.6822e-02   1.9034e+01   1.2233e+00   0.0000e+00   4.7620e-05   2.3338e+02
20191128_09:00:00   5.4300e-02   1.8394e+01   1.1561e+00   0.0000e+00   1.3474e-05   2.3311e+02
20191128_12:00:00   5.4140e-02   1.8365e+01   1.1494e+00   0.0000e+00   0.0000e+00   2.3286e+02
