#            date       tau225        Tb[K]      pwv[mm] lwp[kg*m^-2] iwp[kg*m^-2]       o3[DU]
20191113_00:00:00   1.2439e-01   3.5422e+01   2.4874e+00   7.7770e-03   2.2321e-05   2.3484e+02
20191113_01:00:00   9.3459e-02   2.7982e+01   2.1667e+00   3.2880e-04   0.0000e+00   2.3570e+02
20191113_02:00:00   9.0410e-02   2.7245e+01   2.0883e+00   3.7730e-04   1.4780e-05   2.3523e+02
20191113_03:00:00   8.8082e-02   2.6572e+01   2.0855e+00   4.3140e-05   4.2580e-05   2.3465e+02
20191113_04:00:00   9.0456e-02   2.7048e+01   2.1747e+00   7.2770e-06   1.2499e-04   2.3519e+02
20191113_05:00:00   9.8187e-02   2.8840e+01   2.3799e+00   1.2820e-04   5.7641e-05   2.3669e+02
20191113_06:00:00   1.1040e-01   3.1620e+01   2.7246e+00   0.0000e+00   3.1969e-04   2.3582e+02
20191113_07:00:00   1.2267e-01   3.4424e+01   3.0420e+00   0.0000e+00   7.5463e-06   2.3517e+02
20191113_08:00:00   1.2728e-01   3.5593e+01   3.1217e+00   0.0000e+00   0.0000e+00   2.3721e+02
20191113_09:00:00   1.3499e-01   3.7504e+01   3.2703e+00   0.0000e+00   0.0000e+00   2.3637e+02
20191113_10:00:00   1.5433e-01   4.1931e+01   3.7256e+00   0.0000e+00   0.0000e+00   2.3526e+02
20191113_11:00:00   1.8148e-01   4.7974e+01   4.3423e+00   0.0000e+00   0.0000e+00   2.3423e+02
20191113_12:00:00   2.1759e-01   5.5739e+01   5.1493e+00   0.0000e+00   1.1878e-06   2.3379e+02
20191113_13:00:00   2.2964e-01   5.8333e+01   5.4092e+00   0.0000e+00   4.1398e-04   2.3354e+02
20191113_14:00:00   2.2340e-01   5.7060e+01   5.2848e+00   0.0000e+00   3.1780e-03   2.3459e+02
20191113_15:00:00   2.0934e-01   5.4062e+01   4.9932e+00   0.0000e+00   3.6702e-03   2.3432e+02
20191113_16:00:00   1.9344e-01   5.0566e+01   4.6702e+00   0.0000e+00   1.8095e-03   2.3526e+02
20191113_17:00:00   1.9366e-01   5.0510e+01   4.7290e+00   0.0000e+00   2.8153e-03   2.3493e+02
20191113_18:00:00   2.0460e-01   5.2758e+01   5.0088e+00   0.0000e+00   3.3395e-03   2.3329e+02
20191113_19:00:00   2.1924e-01   5.5838e+01   5.3335e+00   0.0000e+00   3.5003e-04   2.3395e+02
20191113_20:00:00   2.2918e-01   5.7872e+01   5.5812e+00   0.0000e+00   9.0800e-04   2.3280e+02
20191113_21:00:00   2.3733e-01   5.9500e+01   5.7946e+00   0.0000e+00   5.4106e-03   2.3207e+02
20191113_22:00:00   2.4185e-01   6.0539e+01   5.8684e+00   0.0000e+00   1.7808e-04   2.3058e+02
20191113_23:00:00   2.4886e-01   6.2129e+01   5.9814e+00   0.0000e+00   0.0000e+00   2.3113e+02
20191114_00:00:00   2.5667e-01   6.3748e+01   6.1606e+00   0.0000e+00   0.0000e+00   2.3277e+02
20191114_01:00:00   2.5395e-01   6.3209e+01   6.0955e+00   0.0000e+00   0.0000e+00   2.3489e+02
20191114_02:00:00   2.5098e-01   6.2656e+01   5.9865e+00   0.0000e+00   0.0000e+00   2.3551e+02
20191114_03:00:00   2.5252e-01   6.2988e+01   6.0043e+00   0.0000e+00   0.0000e+00   2.3708e+02
20191114_04:00:00   2.5416e-01   6.3308e+01   6.0433e+00   0.0000e+00   1.9044e-03   2.3779e+02
20191114_05:00:00   2.5283e-01   6.3036e+01   5.9905e+00   0.0000e+00   2.9981e-03   2.3805e+02
20191114_06:00:00   2.5004e-01   6.2542e+01   5.8831e+00   0.0000e+00   0.0000e+00   2.3737e+02
20191114_07:00:00   2.4669e-01   6.1837e+01   5.8057e+00   0.0000e+00   0.0000e+00   2.3575e+02
20191114_08:00:00   2.4052e-01   6.0484e+01   5.7023e+00   0.0000e+00   9.7684e-04   2.3399e+02
20191114_09:00:00   2.3360e-01   5.9017e+01   5.5672e+00   0.0000e+00   1.2816e-03   2.3425e+02
20191114_10:00:00   2.3832e-01   5.9902e+01   5.7144e+00   0.0000e+00   1.1591e-03   2.3584e+02
20191114_11:00:00   2.4823e-01   6.1926e+01   5.9604e+00   0.0000e+00   1.8001e-04   2.3693e+02
20191114_12:00:00   2.7305e-01   6.6957e+01   6.4987e+00   0.0000e+00   5.9920e-05   2.3629e+02
20191114_13:00:00   3.0155e-01   7.2606e+01   7.0975e+00   0.0000e+00   1.2062e-05   2.3679e+02
20191114_14:00:00   3.2731e-01   7.7510e+01   7.6213e+00   0.0000e+00   2.7291e-05   2.3681e+02
20191114_15:00:00   3.4648e-01   8.1126e+01   7.9819e+00   4.2920e-05   1.0792e-04   2.3570e+02
20191114_16:00:00   3.6557e-01   8.4764e+01   8.2458e+00   8.6920e-04   1.2133e-03   2.3585e+02
20191114_17:00:00   3.7996e-01   8.7428e+01   8.4249e+00   1.5405e-03   3.4786e-03   2.3561e+02
20191114_18:00:00   4.3592e-01   9.7384e+01   8.3537e+00   2.5578e-02   2.2728e-02   2.3497e+02
20191114_19:00:00   5.5430e-01   1.1663e+02   8.3133e+00   7.6798e-02   2.6664e-02   2.3421e+02
20191114_20:00:00   5.6609e-01   1.1853e+02   7.9528e+00   8.8776e-02   1.4819e-03   2.3476e+02
20191114_21:00:00   5.0999e-01   1.0993e+02   7.6059e+00   7.0815e-02   2.2363e-03   2.3499e+02
20191114_22:00:00   5.5345e-01   1.1698e+02   6.8411e+00   1.0305e-01   2.5462e-03   2.3508e+02
20191114_23:00:00   5.3947e-01   1.1489e+02   6.2805e+00   1.0753e-01   1.0357e-02   2.3532e+02
20191115_00:00:00   4.1642e-01   9.4396e+01   6.2345e+00   5.7611e-02   9.2876e-03   2.3668e+02
20191115_01:00:00   4.6080e-01   1.0207e+02   6.3523e+00   7.4618e-02   2.5284e-03   2.3625e+02
20191115_02:00:00   3.4481e-01   8.1342e+01   6.5581e+00   2.1743e-02   8.3183e-04   2.3688e+02
20191115_03:00:00   8.7309e-01   1.5890e+02   6.5835e+00   2.4243e-01   2.4101e-03   2.3646e+02
20191115_04:00:00   1.3371e+00   2.0025e+02   6.1847e+00   4.4543e-01   8.9693e-03   2.3730e+02
20191115_05:00:00   9.6373e-01   1.6840e+02   5.7667e+00   2.9590e-01   3.3067e-02   2.3793e+02
20191115_06:00:00   5.3405e-01   1.1416e+02   5.1172e+00   1.2541e-01   3.2295e-02   2.3777e+02
20191115_07:00:00   2.0527e-01   5.3640e+01   4.3297e+00   2.3430e-03   5.4970e-03   2.3808e+02
20191115_08:00:00   2.1291e-01   5.5359e+01   3.9872e+00   1.2430e-02   9.8354e-03   2.3644e+02
20191115_09:00:00   1.9725e-01   5.1985e+01   3.8369e+00   8.3030e-03   9.3049e-03   2.3569e+02
20191115_10:00:00   1.8894e-01   5.0187e+01   3.8056e+00   4.9730e-03   9.2095e-03   2.3594e+02
20191115_11:00:00   1.8137e-01   4.8474e+01   3.7613e+00   3.0550e-03   1.2461e-02   2.3631e+02
20191115_12:00:00   1.6787e-01   4.5480e+01   3.6455e+00   4.1440e-04   8.5953e-03   2.3573e+02
20191115_13:00:00   1.6692e-01   4.5235e+01   3.6793e+00   2.0720e-04   1.9630e-02   2.3539e+02
20191115_14:00:00   1.6526e-01   4.4889e+01   3.6069e+00   8.8060e-04   1.8946e-02   2.3605e+02
20191115_15:00:00   1.7041e-01   4.6013e+01   3.6667e+00   2.2860e-03   7.9581e-03   2.3719e+02
20191115_16:00:00   1.6679e-01   4.5173e+01   3.6675e+00   1.2480e-03   4.2039e-03   2.3770e+02
20191115_17:00:00   1.9020e-01   5.0264e+01   3.9760e+00   6.1120e-03   5.4211e-03   2.3627e+02
20191115_18:00:00   1.8361e-01   4.8727e+01   4.0468e+00   2.4170e-03   9.1542e-03   2.3676e+02
20191115_19:00:00   1.9259e-01   5.0700e+01   4.1299e+00   4.4360e-03   1.3951e-02   2.3587e+02
20191115_20:00:00   2.6206e-01   6.5556e+01   4.1072e+00   3.3316e-02   7.5488e-03   2.3534e+02
20191115_21:00:00   2.5544e-01   6.4285e+01   3.8869e+00   3.5350e-02   1.1848e-02   2.3537e+02
20191115_22:00:00   2.1840e-01   5.6273e+01   4.1969e+00   1.4890e-02   1.2884e-02   2.3549e+02
20191115_23:00:00   2.0131e-01   5.2529e+01   4.2348e+00   7.7860e-03   1.5127e-02   2.3604e+02
20191116_00:00:00   2.1352e-01   5.4972e+01   4.7050e+00   5.6730e-03   3.6538e-02   2.3576e+02
20191116_01:00:00   2.3736e-01   5.9850e+01   5.5629e+00   9.7150e-04   3.3032e-02   2.3574e+02
20191116_02:00:00   2.7738e-01   6.7947e+01   6.4972e+00   7.3570e-04   4.7332e-03   2.3713e+02
20191116_03:00:00   3.0740e-01   7.3820e+01   7.1527e+00   2.4680e-04   1.2809e-03   2.3656e+02
20191116_04:00:00   3.1939e-01   7.6133e+01   7.3980e+00   0.0000e+00   1.3675e-03   2.3602e+02
20191116_05:00:00   3.1336e-01   7.5039e+01   7.2480e+00   0.0000e+00   7.7281e-04   2.3577e+02
20191116_06:00:00   2.9614e-01   7.1719e+01   6.8848e+00   0.0000e+00   4.3189e-04   2.3544e+02
20191116_07:00:00   2.9810e-01   7.2064e+01   6.9371e+00   0.0000e+00   4.2260e-07   2.3569e+02
20191116_08:00:00   3.0725e-01   7.3784e+01   7.1489e+00   0.0000e+00   8.6280e-06   2.3678e+02
20191116_09:00:00   3.1419e-01   7.5092e+01   7.2958e+00   0.0000e+00   2.6196e-04   2.3791e+02
20191116_10:00:00   3.1875e-01   7.6010e+01   7.3668e+00   0.0000e+00   9.7619e-04   2.3778e+02
20191116_11:00:00   3.1969e-01   7.6220e+01   7.3824e+00   1.1700e-04   1.9178e-03   2.3811e+02
20191116_12:00:00   3.0708e-01   7.3801e+01   7.1342e+00   0.0000e+00   3.3658e-03   2.3788e+02
20191116_13:00:00   2.9299e-01   7.1074e+01   6.8363e+00   0.0000e+00   2.4242e-03   2.3906e+02
20191116_14:00:00   2.8087e-01   6.8788e+01   6.5496e+00   0.0000e+00   7.4360e-04   2.3977e+02
20191116_15:00:00   2.7869e-01   6.8443e+01   6.4782e+00   0.0000e+00   2.4396e-04   2.4021e+02
20191116_16:00:00   2.8438e-01   6.9614e+01   6.5881e+00   0.0000e+00   1.2990e-04   2.4150e+02
20191116_17:00:00   2.9202e-01   7.1130e+01   6.7443e+00   0.0000e+00   6.0663e-04   2.4231e+02
20191116_18:00:00   2.9906e-01   7.2532e+01   6.8817e+00   0.0000e+00   6.8237e-04   2.4191e+02
20191116_19:00:00   3.3762e-01   8.0056e+01   7.0947e+00   1.1920e-02   2.9101e-03   2.4113e+02
20191116_20:00:00   3.6655e-01   8.5486e+01   7.3330e+00   1.9450e-02   4.6410e-03   2.4040e+02
20191116_21:00:00   3.6541e-01   8.5283e+01   7.4363e+00   1.7000e-02   4.8921e-03   2.4052e+02
20191116_22:00:00   3.2906e-01   7.8302e+01   7.5330e+00   0.0000e+00   3.1780e-03   2.4043e+02
20191116_23:00:00   3.2822e-01   7.8193e+01   7.5122e+00   0.0000e+00   4.5204e-04   2.4030e+02
20191117_00:00:00   3.2524e-01   7.7651e+01   7.4337e+00   0.0000e+00   2.6263e-04   2.4099e+02
20191117_01:00:00   3.2518e-01   7.7642e+01   7.4241e+00   0.0000e+00   4.2743e-05   2.4121e+02
20191117_02:00:00   3.2888e-01   7.8314e+01   7.5218e+00   0.0000e+00   7.1240e-06   2.4260e+02
20191117_03:00:00   3.2880e-01   7.8300e+01   7.5411e+00   0.0000e+00   0.0000e+00   2.4385e+02
20191117_04:00:00   3.3382e-01   7.9265e+01   7.6080e+00   0.0000e+00   4.0040e-06   2.4373e+02
20191117_05:00:00   3.2895e-01   7.8365e+01   7.4879e+00   0.0000e+00   7.7000e-06   2.4262e+02
20191117_06:00:00   3.1330e-01   7.5390e+01   7.1427e+00   0.0000e+00   0.0000e+00   2.4266e+02
20191117_07:00:00   3.0458e-01   7.3736e+01   6.9570e+00   0.0000e+00   0.0000e+00   2.4215e+02
20191117_08:00:00   2.9729e-01   7.2312e+01   6.8048e+00   0.0000e+00   0.0000e+00   2.4101e+02
20191117_09:00:00   2.9030e-01   7.0950e+01   6.6511e+00   0.0000e+00   0.0000e+00   2.3907e+02
20191117_10:00:00   2.8611e-01   7.0117e+01   6.5526e+00   0.0000e+00   4.1620e-05   2.3757e+02
20191117_11:00:00   2.7663e-01   6.8245e+01   6.3412e+00   0.0000e+00   3.3237e-03   2.3654e+02
20191117_12:00:00   2.7074e-01   6.7102e+01   6.2080e+00   0.0000e+00   7.0284e-03   2.3612e+02
20191117_13:00:00   2.6863e-01   6.6662e+01   6.1575e+00   0.0000e+00   6.2044e-03   2.3695e+02
20191117_14:00:00   2.5972e-01   6.4881e+01   5.9655e+00   0.0000e+00   9.3637e-03   2.3727e+02
20191117_15:00:00   2.4674e-01   6.2230e+01   5.7261e+00   0.0000e+00   2.1192e-03   2.3763e+02
20191117_16:00:00   2.3080e-01   5.8997e+01   5.3648e+00   0.0000e+00   1.6182e-04   2.3862e+02
20191117_17:00:00   2.2402e-01   5.7535e+01   5.2422e+00   0.0000e+00   1.1095e-03   2.3986e+02
20191117_18:00:00   2.2443e-01   5.7563e+01   5.2582e+00   0.0000e+00   3.8448e-03   2.4052e+02
20191117_19:00:00   2.9588e-01   7.2011e+01   5.8452e+00   1.9570e-02   1.1652e-01   2.4005e+02
20191117_20:00:00   2.6275e-01   6.5387e+01   5.6378e+00   9.9880e-03   3.3354e-03   2.3928e+02
20191117_21:00:00   2.3803e-01   6.0078e+01   5.6790e+00   0.0000e+00   2.4423e-03   2.3835e+02
20191117_22:00:00   2.4009e-01   6.0345e+01   5.7887e+00   0.0000e+00   1.9168e-03   2.3790e+02
20191117_23:00:00   2.4132e-01   6.0466e+01   5.8543e+00   0.0000e+00   2.2518e-03   2.3747e+02
20191118_00:00:00   2.3884e-01   5.9875e+01   5.8122e+00   0.0000e+00   4.1413e-03   2.3698e+02
20191118_03:00:00   2.7436e-01   6.7074e+01   6.5409e+00   4.7090e-04   5.0980e-04   2.3628e+02
20191118_06:00:00   4.8172e-01   1.0473e+02   8.8812e+00   3.8080e-02   2.1579e-01   2.3738e+02
20191118_09:00:00   8.8521e-01   1.5965e+02   9.1697e+00   2.0176e-01   6.0383e-02   2.3803e+02
20191118_12:00:00   9.8563e-01   1.7034e+02   8.4663e+00   2.5764e-01   1.2209e-02   2.3798e+02
20191118_15:00:00   5.1567e-01   1.1111e+02   7.1609e+00   8.0941e-02   1.2295e-02   2.3862e+02
20191118_18:00:00   3.1459e-01   7.5861e+01   6.6464e+00   6.2180e-03   1.0994e-04   2.3877e+02
20191118_21:00:00   4.0105e-01   9.1712e+01   7.9906e+00   1.4911e-02   1.1658e-02   2.3773e+02
20191119_00:00:00   8.2272e-01   1.5288e+02   8.4645e+00   1.8517e-01   5.4268e-02   2.3651e+02
20191119_03:00:00   9.8431e-01   1.7031e+02   8.4941e+00   2.5358e-01   4.8187e-02   2.3693e+02
20191119_06:00:00   9.9807e-01   1.7211e+02   7.5047e+00   2.7410e-01   6.3722e-02   2.3998e+02
20191119_09:00:00   9.4883e-01   1.6695e+02   7.4366e+00   2.5796e-01   7.0945e-02   2.3817e+02
20191119_12:00:00   4.3471e-01   9.8098e+01   4.1771e+00   1.0174e-01   1.7524e-03   2.3947e+02
20191119_15:00:00   7.4867e-02   2.3690e+01   1.5940e+00   2.6760e-04   2.0657e-04   2.3988e+02
20191119_18:00:00   6.3125e-02   2.0826e+01   1.3015e+00   0.0000e+00   2.1836e-04   2.4027e+02
20191119_21:00:00   1.0877e-01   3.2233e+01   1.3217e+00   1.8140e-02   3.7033e-05   2.3963e+02
20191120_00:00:00   7.5346e-02   2.3864e+01   1.5954e+00   0.0000e+00   2.3880e-05   2.3781e+02
20191120_03:00:00   7.6035e-02   2.4076e+01   1.5806e+00   0.0000e+00   0.0000e+00   2.3772e+02
20191120_06:00:00   6.3187e-02   2.0840e+01   1.2921e+00   0.0000e+00   5.5702e-05   2.4174e+02
20191120_09:00:00   6.3517e-02   2.0938e+01   1.2897e+00   0.0000e+00   3.4888e-04   2.4316e+02
20191120_12:00:00   6.3680e-02   2.0983e+01   1.2905e+00   0.0000e+00   5.8500e-05   2.4233e+02
20191120_15:00:00   5.6703e-02   1.9207e+01   1.1367e+00   0.0000e+00   2.5020e-06   2.4164e+02
20191120_18:00:00   6.9743e-02   2.2526e+01   1.4381e+00   0.0000e+00   2.1731e-04   2.4195e+02
20191120_21:00:00   9.4705e-02   2.8693e+01   2.0010e+00   2.3070e-04   2.4416e-03   2.3976e+02
20191121_00:00:00   1.1502e-01   3.3577e+01   2.4768e+00   0.0000e+00   8.0776e-04   2.3835e+02
20191121_03:00:00   1.3209e-01   3.7505e+01   2.8838e+00   0.0000e+00   2.9526e-03   2.3947e+02
20191121_06:00:00   1.2649e-01   3.6189e+01   2.8190e+00   0.0000e+00   1.2179e-03   2.4060e+02
20191121_09:00:00   1.2186e-01   3.5102e+01   2.7276e+00   0.0000e+00   3.2206e-03   2.4229e+02
20191121_12:00:00   1.7124e-01   4.6437e+01   3.7792e+00   0.0000e+00   4.1239e-03   2.3914e+02
20191121_15:00:00   1.8419e-01   4.9241e+01   4.1063e+00   0.0000e+00   4.5387e-03   2.4054e+02
20191121_18:00:00   1.6308e-01   4.4466e+01   3.5216e+00   3.0810e-03   5.1840e-03   2.3911e+02
20191121_21:00:00   7.0043e-01   1.3894e+02   4.8098e+00   2.0118e-01   8.7171e-03   2.3899e+02
20191122_00:00:00   7.3719e-01   1.4328e+02   5.9519e+00   1.9526e-01   1.6195e-03   2.3753e+02
20191122_03:00:00   5.9259e-01   1.2317e+02   5.9906e+00   1.3276e-01   1.3298e-02   2.3880e+02
20191122_06:00:00   2.9375e-01   7.1752e+01   5.5922e+00   1.8704e-02   1.6358e-03   2.4116e+02
20191122_09:00:00   2.2801e-01   5.8027e+01   5.3410e+00   0.0000e+00   2.8862e-03   2.4111e+02
20191122_12:00:00   2.4253e-01   6.0750e+01   5.8410e+00   0.0000e+00   2.2782e-05   2.3941e+02
20191122_15:00:00   2.7646e-01   6.7617e+01   6.6139e+00   0.0000e+00   1.2582e-04   2.3880e+02
20191122_18:00:00   3.1969e-01   7.6192e+01   7.0889e+00   7.1300e-03   9.0600e-04   2.3874e+02
20191122_21:00:00   5.4355e-01   1.1507e+02   8.2703e+00   7.5930e-02   4.0593e-03   2.3835e+02
20191123_00:00:00   3.4481e-01   8.0962e+01   7.8762e+00   0.0000e+00   4.2231e-04   2.3675e+02
20191123_03:00:00   3.6396e-01   8.4389e+01   8.3313e+00   0.0000e+00   4.6628e-04   2.3561e+02
20191123_06:00:00   3.8507e-01   8.8081e+01   8.7670e+00   0.0000e+00   4.9338e-03   2.3539e+02
20191123_09:00:00   4.3821e-01   9.7688e+01   8.7803e+00   1.9713e-02   1.9140e-03   2.3675e+02
20191123_12:00:00   3.6718e-01   8.5200e+01   8.2367e+00   0.0000e+00   1.6078e-04   2.3607e+02
20191123_15:00:00   3.6250e-01   8.4508e+01   7.8993e+00   3.5000e-03   1.5397e-04   2.3496e+02
20191123_18:00:00   3.4569e-01   8.1338e+01   7.7553e+00   0.0000e+00   6.3017e-05   2.3445e+02
20191123_21:00:00   3.1860e-01   7.6292e+01   7.2402e+00   0.0000e+00   1.7644e-05   2.3372e+02
20191124_00:00:00   2.7538e-01   6.7877e+01   6.3545e+00   0.0000e+00   0.0000e+00   2.3159e+02
20191124_03:00:00   2.4559e-01   6.1865e+01   5.6722e+00   0.0000e+00   0.0000e+00   2.3171e+02
20191124_06:00:00   2.6844e-01   6.6262e+01   6.2904e+00   0.0000e+00   0.0000e+00   2.3519e+02
20191124_09:00:00   2.5304e-01   6.3457e+01   5.7958e+00   0.0000e+00   1.5580e-04   2.3384e+02
20191124_12:00:00   2.4238e-01   6.1411e+01   5.5412e+00   0.0000e+00   4.1260e-04   2.3207e+02
20191124_15:00:00   2.1831e-01   5.6546e+01   4.9437e+00   0.0000e+00   1.1414e-04   2.3197e+02
20191124_18:00:00   2.0797e-01   5.4403e+01   4.6775e+00   0.0000e+00   2.5020e-06   2.3326e+02
20191124_21:00:00   2.1622e-01   5.6169e+01   4.8426e+00   0.0000e+00   8.3860e-06   2.3144e+02
20191125_00:00:00   2.0465e-01   5.3656e+01   4.6073e+00   0.0000e+00   2.2158e-03   2.3164e+02
20191125_03:00:00   2.1357e-01   5.5337e+01   4.9036e+00   0.0000e+00   3.9162e-03   2.3258e+02
20191125_06:00:00   2.4493e-01   6.1542e+01   5.7977e+00   0.0000e+00   6.4456e-03   2.3322e+02
20191125_09:00:00   2.5039e-01   6.2890e+01   5.7888e+00   0.0000e+00   3.2379e-03   2.3326e+02
20191125_12:00:00   2.3600e-01   6.0014e+01   5.4619e+00   0.0000e+00   6.5118e-04   2.3266e+02
20191125_15:00:00   2.4380e-01   6.1435e+01   5.7787e+00   0.0000e+00   1.7587e-04   2.3290e+02
20191125_18:00:00   2.4516e-01   6.1744e+01   5.7893e+00   0.0000e+00   7.1240e-06   2.3513e+02
20191125_21:00:00   2.3154e-01   5.8881e+01   5.4690e+00   0.0000e+00   2.4985e-04   2.3576e+02
20191126_00:00:00   2.4661e-01   6.1876e+01   5.8588e+00   0.0000e+00   1.4670e-05   2.3659e+02
20191126_03:00:00   2.8860e-01   7.0358e+01   6.7288e+00   0.0000e+00   8.1036e-05   2.3716e+02
20191126_06:00:00   2.9143e-01   7.1070e+01   6.7286e+00   0.0000e+00   1.4552e-03   2.3748e+02
20191126_09:00:00   2.7967e-01   6.8795e+01   6.4461e+00   0.0000e+00   1.9890e-03   2.3840e+02
20191126_12:00:00   2.5681e-01   6.4261e+01   5.9564e+00   0.0000e+00   0.0000e+00   2.3777e+02
20191126_15:00:00   2.3766e-01   6.0396e+01   5.5273e+00   0.0000e+00   0.0000e+00   2.3987e+02
20191126_18:00:00   2.2827e-01   5.8432e+01   5.3063e+00   0.0000e+00   0.0000e+00   2.4078e+02
20191126_21:00:00   2.3627e-01   6.0119e+01   5.3362e+00   1.9370e-03   2.3687e-04   2.3936e+02
20191127_00:00:00   2.5138e-01   6.3066e+01   5.8277e+00   6.8480e-06   1.2398e-03   2.3808e+02
20191127_03:00:00   2.5510e-01   6.3684e+01   5.9333e+00   0.0000e+00   1.0785e-02   2.3653e+02
20191127_06:00:00   2.6028e-01   6.4787e+01   6.0279e+00   0.0000e+00   3.3325e-03   2.3851e+02
20191127_09:00:00   2.4013e-01   6.0761e+01   5.5478e+00   0.0000e+00   2.0020e-06   2.3758e+02
20191127_12:00:00   1.9574e-01   5.1509e+01   4.5102e+00   0.0000e+00   0.0000e+00   2.3782e+02
20191127_15:00:00   1.7793e-01   4.7635e+01   4.1301e+00   0.0000e+00   0.0000e+00   2.3765e+02
20191127_18:00:00   1.8765e-01   4.9797e+01   4.3362e+00   0.0000e+00   0.0000e+00   2.3735e+02
20191127_21:00:00   3.0590e-01   7.4452e+01   5.2447e+00   3.1410e-02   1.5919e-04   2.3603e+02
20191128_00:00:00   2.2516e-01   5.7879e+01   5.1309e+00   0.0000e+00   0.0000e+00   2.3448e+02
20191128_03:00:00   2.0830e-01   5.4242e+01   4.7738e+00   0.0000e+00   1.2472e-05   2.3367e+02
20191128_06:00:00   2.1280e-01   5.5075e+01   4.8757e+00   0.0000e+00   8.6493e-05   2.3598e+02
20191128_09:00:00   1.9124e-01   5.0321e+01   4.4559e+00   0.0000e+00   0.0000e+00   2.3665e+02
20191128_12:00:00   1.5725e-01   4.2685e+01   3.7424e+00   0.0000e+00   0.0000e+00   2.3646e+02
20191128_15:00:00   1.3160e-01   3.6948e+01   3.1034e+00   0.0000e+00   0.0000e+00   2.3461e+02
20191128_18:00:00   1.3080e-01   3.6889e+01   3.0425e+00   0.0000e+00   0.0000e+00   2.3478e+02
20191128_21:00:00   2.6598e-01   6.6610e+01   4.0832e+00   3.5820e-02   1.1076e-04   2.3343e+02
20191129_00:00:00   2.0717e-01   5.3995e+01   4.6968e+00   0.0000e+00   2.5020e-06   2.3297e+02
