#            date       tau225        Tb[K]      pwv[mm] lwp[kg*m^-2] iwp[kg*m^-2]       o3[DU]
20191122_12:00:00   1.4952e-01   4.0655e+01   2.8526e+00   0.0000e+00   1.9578e-06   2.8004e+02
20191122_13:00:00   1.4714e-01   4.0110e+01   2.8251e+00   0.0000e+00   3.2000e-06   2.7884e+02
20191122_14:00:00   1.4618e-01   3.9854e+01   2.8355e+00   0.0000e+00   0.0000e+00   2.7731e+02
20191122_15:00:00   1.4562e-01   3.9737e+01   2.8323e+00   0.0000e+00   8.7438e-05   2.7643e+02
20191122_16:00:00   1.5392e-01   4.1507e+01   3.0443e+00   0.0000e+00   1.4028e-03   2.7703e+02
20191122_17:00:00   1.6117e-01   4.3131e+01   3.1992e+00   0.0000e+00   0.0000e+00   2.7703e+02
20191122_18:00:00   1.6642e-01   4.4294e+01   3.3153e+00   0.0000e+00   8.1580e-06   2.7898e+02
20191122_19:00:00   1.6756e-01   4.4531e+01   3.3581e+00   0.0000e+00   1.1876e-05   2.7869e+02
20191122_20:00:00   1.6212e-01   4.3324e+01   3.2525e+00   0.0000e+00   8.1580e-06   2.7693e+02
20191122_21:00:00   1.4894e-01   4.0295e+01   3.0177e+00   5.1750e-05   8.7505e-06   2.7664e+02
20191122_22:00:00   1.3493e-01   3.6955e+01   2.7806e+00   0.0000e+00   6.9215e-04   2.7539e+02
20191122_23:00:00   1.2820e-01   3.5329e+01   2.6666e+00   0.0000e+00   9.6960e-04   2.7520e+02
20191123_00:00:00   1.2790e-01   3.5227e+01   2.6746e+00   0.0000e+00   8.5140e-04   2.7613e+02
20191123_01:00:00   1.2866e-01   3.5387e+01   2.6979e+00   0.0000e+00   1.1398e-03   2.7640e+02
20191123_02:00:00   1.2763e-01   3.5195e+01   2.6751e+00   0.0000e+00   1.0266e-04   2.7504e+02
20191123_03:00:00   1.2579e-01   3.4835e+01   2.6258e+00   0.0000e+00   8.8404e-06   2.7484e+02
20191123_04:00:00   1.2754e-01   3.5248e+01   2.6662e+00   0.0000e+00   5.2840e-06   2.7389e+02
20191123_05:00:00   1.2975e-01   3.5754e+01   2.7241e+00   0.0000e+00   8.1580e-06   2.7318e+02
20191123_06:00:00   1.2760e-01   3.5301e+01   2.6710e+00   0.0000e+00   0.0000e+00   2.7267e+02
20191123_07:00:00   1.3246e-01   3.6395e+01   2.7892e+00   0.0000e+00   0.0000e+00   2.7057e+02
20191123_08:00:00   1.3450e-01   3.6890e+01   2.8324e+00   0.0000e+00   0.0000e+00   2.6737e+02
20191123_09:00:00   1.3615e-01   3.7302e+01   2.8688e+00   0.0000e+00   0.0000e+00   2.6485e+02
20191123_10:00:00   1.4329e-01   3.8912e+01   3.0299e+00   0.0000e+00   0.0000e+00   2.6545e+02
20191123_11:00:00   1.4897e-01   4.0167e+01   3.1686e+00   0.0000e+00   1.6654e-04   2.6588e+02
20191123_12:00:00   1.5475e-01   4.1485e+01   3.2987e+00   0.0000e+00   1.1934e-04   2.6627e+02
20191123_13:00:00   1.6068e-01   4.2804e+01   3.4422e+00   0.0000e+00   2.1014e-04   2.6568e+02
20191123_14:00:00   1.6867e-01   4.4495e+01   3.6390e+00   0.0000e+00   1.7532e-03   2.6585e+02
20191123_15:00:00   1.7117e-01   4.5035e+01   3.6907e+00   0.0000e+00   1.2848e-04   2.6640e+02
20191123_16:00:00   1.7049e-01   4.4931e+01   3.6659e+00   0.0000e+00   1.1997e-03   2.6574e+02
20191123_17:00:00   1.7177e-01   4.5328e+01   3.6786e+00   0.0000e+00   2.1097e-05   2.6595e+02
20191123_18:00:00   1.8642e-01   4.8520e+01   4.0134e+00   0.0000e+00   1.2593e-04   2.6601e+02
20191123_19:00:00   1.9923e-01   5.1279e+01   4.3001e+00   0.0000e+00   3.1481e-03   2.6617e+02
20191123_20:00:00   2.0538e-01   5.2638e+01   4.4326e+00   0.0000e+00   1.6208e-03   2.6573e+02
20191123_21:00:00   2.1362e-01   5.4407e+01   4.6234e+00   0.0000e+00   6.1477e-03   2.6421e+02
20191123_22:00:00   2.2749e-01   5.7224e+01   4.9566e+00   0.0000e+00   9.7471e-03   2.6438e+02
20191123_23:00:00   2.3796e-01   5.9344e+01   5.1748e+00   0.0000e+00   2.0987e-02   2.6471e+02
20191124_00:00:00   2.3627e-01   5.9042e+01   5.1408e+00   0.0000e+00   1.0267e-02   2.6421e+02
20191124_01:00:00   2.1222e-01   5.4173e+01   4.6010e+00   0.0000e+00   9.3618e-03   2.6298e+02
20191124_02:00:00   2.0037e-01   5.1649e+01   4.3437e+00   0.0000e+00   1.5632e-02   2.6202e+02
20191124_03:00:00   1.9014e-01   4.9435e+01   4.1241e+00   0.0000e+00   1.1004e-02   2.6133e+02
20191124_04:00:00   1.8265e-01   4.7761e+01   3.9641e+00   0.0000e+00   1.7338e-02   2.5986e+02
20191124_05:00:00   1.7125e-01   4.5270e+01   3.7131e+00   0.0000e+00   2.0164e-02   2.5985e+02
20191124_06:00:00   1.6451e-01   4.3750e+01   3.5730e+00   0.0000e+00   4.2016e-03   2.6085e+02
20191124_07:00:00   1.6522e-01   4.3827e+01   3.6002e+00   0.0000e+00   3.8625e-03   2.6130e+02
20191124_08:00:00   1.6035e-01   4.2763e+01   3.4791e+00   0.0000e+00   5.0260e-03   2.6272e+02
20191124_09:00:00   1.4825e-01   4.0060e+01   3.2080e+00   0.0000e+00   5.3177e-03   2.6321e+02
20191124_10:00:00   1.5752e-01   4.2063e+01   3.4159e+00   0.0000e+00   4.0610e-03   2.6283e+02
20191124_11:00:00   1.6623e-01   4.4029e+01   3.5849e+00   0.0000e+00   3.5850e-03   2.6285e+02
20191124_12:00:00   1.7029e-01   4.5095e+01   3.6195e+00   0.0000e+00   4.8665e-05   2.6315e+02
20191124_13:00:00   1.6699e-01   4.4414e+01   3.5265e+00   0.0000e+00   1.0254e-04   2.6215e+02
20191124_14:00:00   1.5236e-01   4.1347e+01   3.1583e+00   0.0000e+00   1.1153e-05   2.6055e+02
20191124_15:00:00   1.4979e-01   4.0820e+01   3.0825e+00   0.0000e+00   2.8900e-05   2.6008e+02
20191124_16:00:00   1.4710e-01   4.0271e+01   3.0112e+00   0.0000e+00   0.0000e+00   2.6067e+02
20191124_17:00:00   1.4085e-01   3.8929e+01   2.8704e+00   0.0000e+00   0.0000e+00   2.6132e+02
20191124_18:00:00   1.3717e-01   3.8128e+01   2.7950e+00   0.0000e+00   0.0000e+00   2.6113e+02
20191124_19:00:00   1.3178e-01   3.6872e+01   2.6988e+00   0.0000e+00   0.0000e+00   2.5998e+02
20191124_20:00:00   1.3428e-01   3.7405e+01   2.7727e+00   0.0000e+00   0.0000e+00   2.5935e+02
20191124_21:00:00   1.3440e-01   3.7472e+01   2.7763e+00   0.0000e+00   0.0000e+00   2.5893e+02
20191124_22:00:00   1.3941e-01   3.8601e+01   2.8979e+00   0.0000e+00   0.0000e+00   2.5973e+02
20191124_23:00:00   1.4315e-01   3.9461e+01   2.9813e+00   0.0000e+00   0.0000e+00   2.5994e+02
20191125_00:00:00   1.4735e-01   4.0363e+01   3.0826e+00   0.0000e+00   0.0000e+00   2.5805e+02
20191125_01:00:00   1.5189e-01   4.1303e+01   3.2099e+00   0.0000e+00   1.8595e-03   2.5715e+02
20191125_02:00:00   1.5399e-01   4.1736e+01   3.2570e+00   0.0000e+00   2.6033e-02   2.5678e+02
20191125_03:00:00   1.5249e-01   4.1411e+01   3.2243e+00   0.0000e+00   2.4230e-02   2.5818e+02
20191125_04:00:00   1.5137e-01   4.1220e+01   3.1804e+00   0.0000e+00   3.1921e-02   2.5956e+02
20191125_05:00:00   1.5194e-01   4.1345e+01   3.2037e+00   0.0000e+00   3.8294e-02   2.5993e+02
20191125_06:00:00   1.4608e-01   4.0044e+01   3.0713e+00   0.0000e+00   4.0465e-02   2.6064e+02
20191125_07:00:00   1.4994e-01   4.0852e+01   3.1748e+00   0.0000e+00   4.0826e-02   2.6032e+02
20191125_08:00:00   1.5405e-01   4.1742e+01   3.2867e+00   0.0000e+00   3.4157e-02   2.6059e+02
20191125_09:00:00   1.6284e-01   4.3617e+01   3.4977e+00   0.0000e+00   4.3885e-02   2.6070e+02
20191125_10:00:00   1.7177e-01   4.5610e+01   3.6785e+00   0.0000e+00   6.6828e-02   2.6146e+02
20191125_11:00:00   1.8512e-01   4.8556e+01   3.9800e+00   0.0000e+00   4.6330e-02   2.6219e+02
20191125_12:00:00   1.9859e-01   5.1591e+01   4.2286e+00   0.0000e+00   1.3898e-02   2.6215e+02
20191125_13:00:00   1.9920e-01   5.1678e+01   4.2413e+00   0.0000e+00   3.8472e-02   2.6208e+02
20191125_14:00:00   1.9504e-01   5.0767e+01   4.1559e+00   0.0000e+00   2.5645e-02   2.6349e+02
20191125_15:00:00   2.1214e-01   5.4431e+01   4.4869e+00   0.0000e+00   2.3366e-02   2.6350e+02
20191125_16:00:00   2.2307e-01   5.6678e+01   4.7096e+00   0.0000e+00   8.7473e-02   2.6368e+02
20191125_17:00:00   2.3147e-01   5.8377e+01   4.8527e+00   0.0000e+00   1.8470e-01   2.6467e+02
20191125_18:00:00   2.4217e-01   6.0695e+01   5.0220e+00   0.0000e+00   2.0568e-01   2.6623e+02
20191125_19:00:00   2.6963e-01   6.6431e+01   5.5456e+00   0.0000e+00   8.2667e-02   2.6771e+02
20191125_20:00:00   2.7948e-01   6.8486e+01   5.6301e+00   0.0000e+00   5.0793e-02   2.6872e+02
20191125_21:00:00   2.2839e-01   5.8304e+01   4.5409e+00   0.0000e+00   2.8204e-02   2.6846e+02
20191125_22:00:00   1.7249e-01   4.6404e+01   3.4007e+00   0.0000e+00   1.1624e-02   2.7349e+02
20191125_23:00:00   1.3917e-01   3.8889e+01   2.7655e+00   0.0000e+00   6.3428e-03   2.7638e+02
20191126_00:00:00   1.2207e-01   3.4974e+01   2.3894e+00   0.0000e+00   8.9080e-03   2.7825e+02
20191126_01:00:00   1.0389e-01   3.0640e+01   2.0313e+00   0.0000e+00   7.6200e-03   2.7809e+02
20191126_02:00:00   1.0576e-01   3.1043e+01   2.0692e+00   0.0000e+00   5.3517e-03   2.7724e+02
20191126_03:00:00   1.0100e-01   3.0005e+01   1.9214e+00   0.0000e+00   8.8584e-04   2.7662e+02
20191126_04:00:00   1.0613e-01   3.1240e+01   1.9991e+00   0.0000e+00   8.1889e-04   2.7431e+02
20191126_05:00:00   1.0296e-01   3.0485e+01   1.9153e+00   0.0000e+00   1.1735e-03   2.7375e+02
20191126_06:00:00   1.0941e-01   3.1999e+01   2.0128e+00   0.0000e+00   1.7922e-03   2.7581e+02
20191126_07:00:00   1.0708e-01   3.1406e+01   1.9693e+00   0.0000e+00   1.8262e-03   2.7451e+02
20191126_08:00:00   1.0218e-01   3.0211e+01   1.8844e+00   0.0000e+00   1.0734e-03   2.7396e+02
20191126_09:00:00   1.0148e-01   2.9962e+01   1.9222e+00   0.0000e+00   5.0415e-04   2.7152e+02
20191126_10:00:00   1.0331e-01   3.0434e+01   1.9214e+00   7.1390e-04   8.7874e-05   2.7390e+02
20191126_11:00:00   1.0914e-01   3.1863e+01   2.0202e+00   8.4530e-04   2.7436e-05   2.7264e+02
20191126_12:00:00   1.1530e-01   3.3298e+01   2.1597e+00   5.2280e-04   1.2856e-04   2.7186e+02
20191126_13:00:00   1.2346e-01   3.5278e+01   2.2799e+00   8.9670e-04   1.5184e-04   2.7250e+02
20191126_14:00:00   1.1927e-01   3.4302e+01   2.2281e+00   5.6010e-04   2.5600e-06   2.7199e+02
20191126_15:00:00   1.2512e-01   3.5539e+01   2.3770e+00   0.0000e+00   3.3742e-03   2.7065e+02
20191126_16:00:00   1.2153e-01   3.4765e+01   2.3383e+00   0.0000e+00   2.4622e-03   2.6847e+02
20191126_17:00:00   1.2838e-01   3.6405e+01   2.4440e+00   0.0000e+00   3.3359e-04   2.6616e+02
20191126_18:00:00   1.2416e-01   3.5455e+01   2.3766e+00   0.0000e+00   4.5457e-03   2.6581e+02
20191126_19:00:00   1.6159e-01   4.4092e+01   2.6507e+00   1.0060e-02   1.8972e-02   2.6542e+02
20191126_20:00:00   1.9000e-01   5.0385e+01   2.9148e+00   1.6461e-02   7.3956e-03   2.6468e+02
20191126_21:00:00   2.4182e-01   6.1378e+01   3.2865e+00   3.0416e-02   8.3029e-03   2.6446e+02
20191126_22:00:00   1.8887e-01   4.9764e+01   3.4708e+00   6.3100e-03   9.3947e-03   2.6450e+02
20191126_23:00:00   1.7928e-01   4.7511e+01   3.6014e+00   8.9460e-04   1.6382e-02   2.6451e+02
20191127_00:00:00   1.9280e-01   5.0502e+01   3.6222e+00   5.4180e-03   2.3785e-02   2.6582e+02
20191127_01:00:00   1.9198e-01   5.0336e+01   3.5490e+00   6.5049e-03   6.0437e-02   2.6457e+02
20191127_02:00:00   1.7411e-01   4.6303e+01   3.5632e+00   0.0000e+00   5.0379e-02   2.6457e+02
20191127_03:00:00   2.1529e-01   5.4885e+01   4.4842e+00   0.0000e+00   4.8926e-02   2.6573e+02
20191127_04:00:00   2.5055e-01   6.1903e+01   5.2393e+00   7.7030e-05   2.1447e-01   2.6521e+02
20191127_05:00:00   3.2562e-01   7.6418e+01   6.5172e+00   3.1290e-03   2.8517e-01   2.6570e+02
20191127_06:00:00   3.4727e-01   8.0482e+01   7.0918e+00   5.9260e-04   2.0293e-01   2.6653e+02
20191127_07:00:00   3.8696e-01   8.7562e+01   7.6799e+00   1.5162e-03   2.3889e-01   2.6799e+02
20191127_08:00:00   4.0938e-01   9.1538e+01   7.9995e+00   0.0000e+00   3.0384e-01   2.7128e+02
20191127_09:00:00   4.1983e-01   9.3587e+01   8.1317e+00   2.7240e-04   2.5396e-01   2.7683e+02
20191127_10:00:00   4.3677e-01   9.6611e+01   8.2954e+00   2.4970e-03   2.3743e-01   2.7300e+02
20191127_11:00:00   5.1315e-01   1.0951e+02   8.4834e+00   2.8700e-02   2.6251e-01   2.6990e+02
20191127_12:00:00   9.7666e-01   1.6897e+02   8.4744e+00   2.2421e-01   3.3175e-01   2.6944e+02
20191127_15:00:00   2.8784e-01   6.9869e+01   5.5331e+00   2.5592e-03   3.1037e-03   2.6448e+02
20191127_18:00:00   2.3079e-01   5.8516e+01   3.8895e+00   1.4080e-02   7.1770e-05   2.6136e+02
20191127_21:00:00   2.2824e-01   5.7457e+01   4.1663e+00   1.1260e-02   1.3440e-03   2.6374e+02
20191128_00:00:00   1.7746e-01   4.6498e+01   3.6848e+00   0.0000e+00   1.6096e-02   2.6321e+02
20191128_03:00:00   1.6963e-01   4.4893e+01   3.4703e+00   0.0000e+00   3.0862e-02   2.6697e+02
20191128_06:00:00   1.7603e-01   4.6333e+01   3.5987e+00   0.0000e+00   2.1402e-03   2.6510e+02
20191128_09:00:00   1.5630e-01   4.2089e+01   3.1626e+00   0.0000e+00   2.3463e-03   2.6191e+02
20191128_12:00:00   1.5167e-01   4.0920e+01   3.0852e+00   0.0000e+00   3.8460e-02   2.6515e+02
20191128_15:00:00   1.6175e-01   4.3239e+01   3.2804e+00   0.0000e+00   3.3037e-02   2.6927e+02
20191128_18:00:00   1.7661e-01   4.6529e+01   3.5252e+00   7.0830e-04   4.7137e-02   2.7154e+02
20191128_21:00:00   2.4087e-01   6.0396e+01   4.6668e+00   6.9200e-04   4.3133e-03   2.7704e+02
20191129_00:00:00   2.2657e-01   5.7594e+01   4.4287e+00   6.0240e-04   1.2232e-04   2.7873e+02
20191129_03:00:00   1.7507e-01   4.6493e+01   3.5201e+00   0.0000e+00   0.0000e+00   2.8095e+02
20191129_06:00:00   1.2980e-01   3.6526e+01   2.5102e+00   0.0000e+00   0.0000e+00   2.8601e+02
20191129_09:00:00   1.8479e-01   4.9035e+01   3.3184e+00   4.1840e-03   2.1544e-04   2.8607e+02
20191129_12:00:00   2.5659e-01   6.4004e+01   4.9246e+00   0.0000e+00   3.2405e-02   2.8720e+02
20191129_15:00:00   1.4964e+00   2.0859e+02   6.5591e+00   4.9810e-01   3.5158e-01   2.8941e+02
20191129_18:00:00   1.0459e+00   1.7408e+02   5.3615e+00   3.3054e-01   3.1069e-01   2.8586e+02
20191129_21:00:00   6.6974e-01   1.3162e+02   4.0789e+00   1.9848e-01   8.6925e-02   2.8465e+02
20191130_00:00:00   2.6039e-01   6.3737e+01   4.0906e+00   1.8257e-02   1.2688e-01   2.8337e+02
20191130_03:00:00   2.2969e-01   5.7624e+01   3.5255e+00   1.4806e-02   1.4397e-01   2.8623e+02
20191130_06:00:00   1.9123e-01   4.9252e+01   3.3773e+00   1.1639e-03   2.6394e-02   2.8599e+02
20191130_09:00:00   2.4983e-01   6.1018e+01   3.9520e+00   9.8120e-03   3.2282e-01   2.9202e+02
20191130_12:00:00   2.0155e-01   5.1024e+01   3.4699e+00   4.3010e-04   1.6467e-01   3.0354e+02
20191130_15:00:00   1.9195e-01   4.9008e+01   3.2475e+00   1.1280e-03   1.5430e-01   3.0746e+02
20191130_18:00:00   1.7686e-01   4.5762e+01   2.9458e+00   2.5760e-03   5.4431e-02   3.0377e+02
20191130_21:00:00   1.3495e-01   3.6553e+01   2.2868e+00   0.0000e+00   2.5548e-03   3.0404e+02
20191201_00:00:00   1.3587e-01   3.6763e+01   2.2814e+00   0.0000e+00   6.6369e-04   3.0571e+02
20191201_03:00:00   7.9394e-02   2.4091e+01   1.2363e+00   0.0000e+00   4.3660e-06   3.1022e+02
20191201_06:00:00   6.4781e-02   2.0699e+01   1.0100e+00   0.0000e+00   0.0000e+00   3.0776e+02
20191201_09:00:00   6.8960e-02   2.1920e+01   1.1397e+00   0.0000e+00   0.0000e+00   2.9929e+02
20191201_12:00:00   7.4123e-02   2.3339e+01   1.2448e+00   0.0000e+00   0.0000e+00   2.9464e+02
20191201_15:00:00   7.6965e-02   2.4044e+01   1.3284e+00   0.0000e+00   0.0000e+00   2.9561e+02
20191201_18:00:00   6.9227e-02   2.2193e+01   1.1754e+00   0.0000e+00   0.0000e+00   2.9991e+02
20191201_21:00:00   6.9057e-02   2.2214e+01   1.1859e+00   0.0000e+00   0.0000e+00   2.9338e+02
20191202_00:00:00   7.3736e-02   2.3316e+01   1.3226e+00   0.0000e+00   0.0000e+00   2.9312e+02
20191202_03:00:00   8.6867e-02   2.6466e+01   1.6383e+00   0.0000e+00   0.0000e+00   2.8756e+02
20191202_06:00:00   1.2164e-01   3.4388e+01   2.4890e+00   0.0000e+00   0.0000e+00   2.8848e+02
20191202_09:00:00   1.4879e-01   4.0437e+01   3.1209e+00   0.0000e+00   0.0000e+00   2.8537e+02
20191202_12:00:00   3.2094e-01   7.5491e+01   6.7190e+00   0.0000e+00   7.5500e-02   2.8740e+02
20191202_15:00:00   4.0099e-01   9.0183e+01   8.0805e+00   0.0000e+00   5.4792e-02   2.8988e+02
20191202_18:00:00   1.4799e-01   4.0699e+01   2.8254e+00   0.0000e+00   7.3520e-03   2.9252e+02
20191202_21:00:00   4.7647e-02   1.6596e+01   7.4425e-01   0.0000e+00   1.3030e-03   3.0146e+02
20191203_00:00:00   5.0083e-02   1.7317e+01   7.8209e-01   0.0000e+00   0.0000e+00   3.0535e+02
20191203_03:00:00   5.7026e-02   1.9091e+01   9.4809e-01   0.0000e+00   0.0000e+00   2.9958e+02
20191203_06:00:00   6.5024e-02   2.1082e+01   1.1455e+00   0.0000e+00   0.0000e+00   2.9738e+02
20191203_09:00:00   8.2115e-02   2.5331e+01   1.5459e+00   0.0000e+00   0.0000e+00   2.9513e+02
20191203_12:00:00   8.9370e-02   2.7105e+01   1.7213e+00   0.0000e+00   0.0000e+00   2.9496e+02
20191203_15:00:00   9.3330e-02   2.8155e+01   1.8064e+00   0.0000e+00   0.0000e+00   2.9109e+02
20191203_18:00:00   9.9869e-02   2.9853e+01   1.9320e+00   0.0000e+00   0.0000e+00   2.8874e+02
20191203_21:00:00   9.8159e-02   2.9502e+01   1.8927e+00   0.0000e+00   0.0000e+00   2.8937e+02
20191204_00:00:00   9.9112e-02   2.9761e+01   1.9097e+00   0.0000e+00   0.0000e+00   2.8981e+02
20191204_03:00:00   1.0325e-01   3.0743e+01   2.0008e+00   0.0000e+00   0.0000e+00   2.9112e+02
20191204_06:00:00   1.0979e-01   3.2253e+01   2.1723e+00   0.0000e+00   0.0000e+00   2.9043e+02
20191204_09:00:00   1.1450e-01   3.3355e+01   2.2833e+00   0.0000e+00   2.7602e-05   2.9141e+02
20191204_12:00:00   1.2675e-01   3.6144e+01   2.5594e+00   0.0000e+00   1.7997e-03   2.9363e+02
20191204_15:00:00   1.3201e-01   3.7337e+01   2.6734e+00   0.0000e+00   2.4345e-03   2.8959e+02
20191204_18:00:00   1.2873e-01   3.6595e+01   2.6018e+00   0.0000e+00   2.3523e-03   2.8073e+02
20191204_21:00:00   1.2742e-01   3.6284e+01   2.5700e+00   0.0000e+00   3.0306e-03   2.7871e+02
20191205_00:00:00   1.2728e-01   3.6190e+01   2.5748e+00   0.0000e+00   5.5517e-03   2.7119e+02
20191205_03:00:00   1.1562e-01   3.3537e+01   2.2982e+00   0.0000e+00   3.2493e-03   2.6511e+02
20191205_06:00:00   1.0348e-01   3.0692e+01   2.0156e+00   0.0000e+00   1.8778e-03   2.6252e+02
20191205_09:00:00   9.7560e-02   2.9295e+01   1.8744e+00   0.0000e+00   1.0684e-03   2.6412e+02
20191205_12:00:00   8.8022e-02   2.6984e+01   1.6587e+00   0.0000e+00   0.0000e+00   2.6559e+02
20191205_15:00:00   7.4637e-02   2.3728e+01   1.3532e+00   0.0000e+00   0.0000e+00   2.6079e+02
20191205_18:00:00   7.3070e-02   2.3274e+01   1.3428e+00   0.0000e+00   0.0000e+00   2.6045e+02
20191205_21:00:00   7.7937e-02   2.4398e+01   1.4842e+00   0.0000e+00   0.0000e+00   2.5848e+02
20191206_00:00:00   8.2935e-02   2.5443e+01   1.6646e+00   0.0000e+00   0.0000e+00   2.6190e+02
20191206_03:00:00   8.5641e-02   2.6039e+01   1.7622e+00   0.0000e+00   3.1520e-05   2.5954e+02
20191206_06:00:00   9.4015e-02   2.8048e+01   1.9704e+00   0.0000e+00   0.0000e+00   2.6047e+02
20191206_09:00:00   1.0314e-01   3.0136e+01   2.2078e+00   0.0000e+00   0.0000e+00   2.6395e+02
20191206_12:00:00   1.1312e-01   3.2400e+01   2.4306e+00   0.0000e+00   0.0000e+00   2.6245e+02
20191206_15:00:00   1.1632e-01   3.3112e+01   2.4619e+00   0.0000e+00   0.0000e+00   2.6419e+02
20191206_18:00:00   1.4243e-01   3.8926e+01   3.0357e+00   0.0000e+00   2.7560e-05   2.6492e+02
20191206_21:00:00   2.2757e-01   5.6821e+01   4.7979e+00   0.0000e+00   4.8237e-02   2.6851e+02
20191207_00:00:00   2.6710e-01   6.4998e+01   4.9532e+00   5.9130e-03   4.8020e-03   2.8044e+02
20191207_03:00:00   1.9798e-01   5.1103e+01   3.4221e+00   3.9970e-03   1.3461e-03   2.8301e+02
20191207_06:00:00   2.1443e-01   5.4362e+01   3.7666e+00   1.4859e-03   8.8903e-03   2.9140e+02
20191207_09:00:00   3.2437e-01   7.5735e+01   4.5013e+00   3.2181e-02   1.7646e-01   2.9945e+02
20191207_12:00:00   1.8597e-01   4.7830e+01   3.2485e+00   0.0000e+00   3.8782e-02   3.0858e+02
20191207_15:00:00   1.1516e-01   3.2411e+01   1.9005e+00   0.0000e+00   3.4870e-05   3.1266e+02
20191207_18:00:00   1.7805e-01   4.6048e+01   3.0999e+00   0.0000e+00   1.7611e-02   3.2150e+02
20191207_21:00:00   1.6345e-01   4.3155e+01   2.7569e+00   1.6470e-03   4.7531e-04   3.1638e+02
20191208_00:00:00   1.4934e-01   4.0202e+01   2.5988e+00   7.7270e-05   2.6689e-05   3.0088e+02
20191208_03:00:00   1.2683e-01   3.5349e+01   2.2318e+00   0.0000e+00   0.0000e+00   2.8899e+02
20191208_06:00:00   9.7386e-02   2.8569e+01   1.7212e+00   0.0000e+00   0.0000e+00   2.8955e+02
20191208_09:00:00   9.5384e-02   2.7906e+01   1.7863e+00   0.0000e+00   1.7718e-03   2.8814e+02
20191208_12:00:00   9.5440e-02   2.7599e+01   1.9092e+00   0.0000e+00   7.9569e-03   2.8742e+02
