#            date       tau225        Tb[K]      pwv[mm] lwp[kg*m^-2] iwp[kg*m^-2]       o3[DU]
20191127_18:00:00   1.1033e-01   3.1020e+01   2.2935e+00   0.0000e+00   1.9418e-01   2.5331e+02
20191127_19:00:00   1.9188e-01   4.9388e+01   4.0938e+00   1.5360e-05   1.9043e-01   2.5360e+02
20191127_20:00:00   4.7670e-01   1.0323e+02   8.7495e+00   1.6018e-02   4.9927e-01   2.5200e+02
20191127_21:00:00   6.7931e-01   1.3369e+02   1.0090e+01   6.5700e-02   8.3302e-01   2.5384e+02
20191127_22:00:00   9.6308e-01   1.6753e+02   9.9610e+00   1.8471e-01   9.3227e-01   2.5447e+02
20191127_23:00:00   8.6156e-01   1.5647e+02   9.9924e+00   1.4544e-01   7.5516e-01   2.5385e+02
20191128_00:00:00   1.0606e+00   1.7684e+02   9.9914e+00   2.3029e-01   7.7638e-01   2.5361e+02
20191128_01:00:00   6.6582e-01   1.3179e+02   9.6170e+00   7.1677e-02   7.9197e-01   2.5377e+02
20191128_02:00:00   5.5213e-01   1.1503e+02   9.5746e+00   2.5730e-02   5.9994e-01   2.5540e+02
20191128_03:00:00   4.5626e-01   9.9680e+01   8.9715e+00   5.1188e-04   5.5677e-01   2.5567e+02
20191128_04:00:00   6.0613e-01   1.2327e+02   9.0280e+00   6.3693e-02   5.9283e-01   2.5404e+02
20191128_05:00:00   5.3159e-01   1.1206e+02   8.4023e+00   4.7338e-02   5.2047e-01   2.5465e+02
20191128_06:00:00   3.6838e-01   8.4323e+01   6.9006e+00   1.1471e-02   5.5660e-01   2.5604e+02
20191128_07:00:00   2.5991e-01   6.3383e+01   5.3564e+00   1.8680e-04   4.1227e-01   2.5793e+02
20191128_08:00:00   2.4232e-01   5.9803e+01   5.0644e+00   0.0000e+00   2.5375e-01   2.5869e+02
20191128_09:00:00   2.0644e-01   5.2833e+01   4.2281e+00   4.5250e-04   1.4270e-01   2.6012e+02
20191128_10:00:00   2.2036e-01   5.6189e+01   4.1669e+00   4.5020e-03   7.8175e-02   2.5771e+02
20191128_11:00:00   3.4561e-01   8.1456e+01   4.2572e+00   5.4934e-02   2.7508e-02   2.5643e+02
20191128_12:00:00   1.5910e+00   2.1554e+02   7.0515e+00   5.2015e-01   9.6648e-02   2.5639e+02
20191128_13:00:00   1.4459e+00   2.0650e+02   7.5582e+00   4.5259e-01   7.3211e-02   2.5864e+02
20191128_14:00:00   2.0217e+00   2.3453e+02   8.3758e+00   6.7778e-01   2.4445e-01   2.6031e+02
20191128_15:00:00   5.6276e-01   1.1808e+02   6.6812e+00   9.2615e-02   1.7354e-02   2.6028e+02
20191128_16:00:00   1.7306e+00   2.2269e+02   8.5848e+00   5.4696e-01   2.1198e-01   2.6270e+02
20191128_17:00:00   1.1339e+00   1.8380e+02   8.4288e+00   2.9836e-01   8.4265e-02   2.6472e+02
20191128_18:00:00   8.5828e-01   1.5678e+02   7.7183e+00   1.9617e-01   6.9938e-03   2.6719e+02
20191128_19:00:00   8.8600e-01   1.5934e+02   7.9466e+00   2.0634e-01   3.5853e-02   2.6903e+02
20191128_20:00:00   1.6341e+00   2.1744e+02   8.3517e+00   5.1783e-01   5.0264e-02   2.7448e+02
20191128_21:00:00   8.7499e-01   1.5836e+02   7.6089e+00   2.0807e-01   6.1163e-02   2.7654e+02
20191128_22:00:00   1.4574e+00   2.0815e+02   7.7652e+00   4.4761e-01   1.8250e-02   2.7585e+02
20191128_23:00:00   3.4909e-01   8.1230e+01   6.9591e+00   2.5130e-04   4.3605e-02   2.7773e+02
20191129_00:00:00   2.8945e-01   6.9748e+01   5.8603e+00   0.0000e+00   5.8391e-02   2.7988e+02
20191129_01:00:00   2.5624e-01   6.3136e+01   5.2346e+00   0.0000e+00   1.8327e-02   2.8550e+02
20191129_02:00:00   2.1157e-01   5.3866e+01   4.3763e+00   0.0000e+00   3.0843e-03   2.8633e+02
20191129_03:00:00   2.2719e-01   5.6981e+01   4.7118e+00   0.0000e+00   6.1856e-02   2.8400e+02
20191129_04:00:00   2.2084e-01   5.5667e+01   4.6165e+00   0.0000e+00   3.7974e-02   2.8535e+02
20191129_05:00:00   2.4114e-01   5.9709e+01   4.9552e+00   0.0000e+00   2.4813e-01   2.8046e+02
20191129_06:00:00   2.4387e-01   6.0227e+01   5.0789e+00   0.0000e+00   1.2094e-01   2.7946e+02
20191129_07:00:00   2.6422e-01   6.4162e+01   5.3954e+00   0.0000e+00   2.7411e-01   2.8147e+02
20191129_08:00:00   2.7465e-01   6.6178e+01   5.5161e+00   0.0000e+00   3.7974e-01   2.8343e+02
20191129_09:00:00   2.6283e-01   6.4067e+01   5.3599e+00   0.0000e+00   8.2172e-02   2.8773e+02
20191129_10:00:00   2.1530e-01   5.4827e+01   4.2838e+00   0.0000e+00   8.0100e-05   2.9833e+02
20191129_11:00:00   2.0574e-01   5.2934e+01   4.0659e+00   0.0000e+00   1.8763e-05   3.0346e+02
20191129_12:00:00   2.7152e-01   6.6228e+01   5.1410e+00   4.4470e-03   1.0927e-02   3.0824e+02
20191129_13:00:00   3.9154e-01   8.8695e+01   6.7280e+00   1.8295e-02   1.1774e-01   3.1444e+02
20191129_14:00:00   5.8728e-01   1.2053e+02   7.2578e+00   8.4270e-02   5.0906e-01   3.1309e+02
20191129_15:00:00   6.0059e-01   1.2218e+02   6.9770e+00   9.3388e-02   7.7698e-01   3.0804e+02
20191129_16:00:00   3.7598e-01   8.5584e+01   6.1541e+00   1.8520e-02   3.6517e-01   3.0739e+02
20191129_17:00:00   3.6042e-01   8.2894e+01   5.5311e+00   2.3742e-02   3.4066e-01   3.0468e+02
20191129_18:00:00   2.3988e-01   5.9860e+01   4.2015e+00   2.3470e-03   7.1386e-02   3.0358e+02
20191129_19:00:00   2.8684e-01   6.9195e+01   4.3404e+00   1.8560e-02   1.8453e-01   2.9577e+02
20191129_20:00:00   2.1938e-01   5.5606e+01   3.7142e+00   3.9660e-03   1.1787e-01   2.9431e+02
20191129_21:00:00   2.8559e-01   6.8900e+01   2.7951e+00   5.6690e-02   1.0699e-01   2.9694e+02
20191129_22:00:00   1.4468e-01   3.9365e+01   2.2240e+00   8.7660e-03   2.7527e-02   2.9385e+02
20191129_23:00:00   1.2591e-01   3.5099e+01   1.7636e+00   1.3076e-02   9.4679e-03   2.9156e+02
20191130_00:00:00   1.0657e-01   3.0610e+01   1.6736e+00   7.2000e-03   1.5342e-03   2.8870e+02
20191130_01:00:00   8.9965e-02   2.6653e+01   1.6778e+00   3.1170e-04   4.1449e-04   2.8823e+02
20191130_02:00:00   1.0400e-01   2.9908e+01   1.9636e+00   1.0200e-03   5.8558e-04   2.8964e+02
20191130_03:00:00   1.0961e-01   3.1232e+01   2.0765e+00   6.9250e-04   5.8327e-04   2.9356e+02
20191130_04:00:00   1.1348e-01   3.2138e+01   2.1815e+00   1.8410e-04   5.0016e-04   2.9314e+02
20191130_05:00:00   1.1404e-01   3.2291e+01   2.1863e+00   4.3210e-04   1.0755e-03   2.9247e+02
20191130_06:00:00   1.0869e-01   3.1097e+01   2.0848e+00   0.0000e+00   1.9290e-04   2.9043e+02
20191130_07:00:00   1.0621e-01   3.0535e+01   2.0348e+00   1.2410e-04   7.9550e-05   2.9020e+02
20191130_08:00:00   1.0867e-01   3.1119e+01   2.1031e+00   0.0000e+00   3.4710e-05   2.9092e+02
20191130_09:00:00   1.0461e-01   3.0228e+01   2.0237e+00   0.0000e+00   1.0510e-05   2.9313e+02
20191130_10:00:00   1.0421e-01   3.0186e+01   2.0136e+00   8.1020e-05   3.3170e-05   2.9296e+02
20191130_11:00:00   1.0619e-01   3.0659e+01   2.0714e+00   0.0000e+00   1.1510e-04   2.9148e+02
20191130_12:00:00   1.0998e-01   3.1578e+01   2.1546e+00   2.4730e-04   1.0050e-04   2.8923e+02
20191130_13:00:00   1.1179e-01   3.2044e+01   2.2102e+00   0.0000e+00   3.4690e-05   2.8777e+02
20191130_14:00:00   1.1864e-01   3.3660e+01   2.3866e+00   0.0000e+00   6.7890e-07   2.8661e+02
20191130_15:00:00   1.2034e-01   3.4151e+01   2.4088e+00   0.0000e+00   0.0000e+00   2.8762e+02
20191130_16:00:00   1.1451e-01   3.2890e+01   2.2868e+00   0.0000e+00   2.1289e-04   2.8661e+02
20191130_17:00:00   1.0652e-01   3.0963e+01   2.1006e+00   0.0000e+00   3.0736e-03   2.8639e+02
20191130_18:00:00   1.0264e-01   3.0119e+01   2.0104e+00   0.0000e+00   3.3555e-03   2.8530e+02
20191130_19:00:00   1.0557e-01   3.0746e+01   2.1045e+00   0.0000e+00   4.0806e-03   2.8424e+02
20191130_20:00:00   1.0585e-01   3.0761e+01   2.1366e+00   0.0000e+00   6.1044e-03   2.8217e+02
20191130_21:00:00   1.1834e-01   3.3564e+01   2.4650e+00   0.0000e+00   4.6925e-03   2.8010e+02
20191130_22:00:00   1.1130e-01   3.2017e+01   2.2896e+00   0.0000e+00   1.0988e-03   2.7767e+02
20191130_23:00:00   1.1907e-01   3.3769e+01   2.4911e+00   0.0000e+00   1.2882e-03   2.7511e+02
20191201_00:00:00   1.2114e-01   3.4403e+01   2.5140e+00   0.0000e+00   1.2548e-04   2.7348e+02
20191201_01:00:00   1.2870e-01   3.6098e+01   2.7054e+00   0.0000e+00   2.6295e-03   2.7357e+02
20191201_02:00:00   1.3814e-01   3.8161e+01   2.9456e+00   0.0000e+00   2.0005e-03   2.7503e+02
20191201_03:00:00   1.4937e-01   4.0608e+01   3.2326e+00   0.0000e+00   3.8275e-03   2.7330e+02
20191201_04:00:00   1.5059e-01   4.0878e+01   3.2568e+00   0.0000e+00   3.8464e-03   2.7284e+02
20191201_05:00:00   1.4489e-01   3.9600e+01   3.1371e+00   0.0000e+00   2.8354e-03   2.7309e+02
20191201_06:00:00   1.5058e-01   4.0887e+01   3.2752e+00   0.0000e+00   3.1250e-03   2.7235e+02
20191201_07:00:00   1.6351e-01   4.3843e+01   3.5607e+00   0.0000e+00   3.9391e-03   2.7261e+02
20191201_08:00:00   1.6238e-01   4.3764e+01   3.4918e+00   0.0000e+00   4.2136e-03   2.7082e+02
20191201_09:00:00   1.6554e-01   4.4621e+01   3.5190e+00   0.0000e+00   7.8152e-03   2.7236e+02
20191201_10:00:00   1.7766e-01   4.7366e+01   3.7730e+00   0.0000e+00   2.9378e-03   2.7317e+02
20191201_11:00:00   1.8843e-01   4.9906e+01   3.9483e+00   0.0000e+00   2.3263e-03   2.7481e+02
20191201_12:00:00   1.9944e-01   5.2332e+01   4.1676e+00   0.0000e+00   1.6168e-03   2.7510e+02
20191201_13:00:00   2.1454e-01   5.5584e+01   4.4789e+00   0.0000e+00   8.7046e-04   2.7605e+02
20191201_14:00:00   2.2613e-01   5.8056e+01   4.7091e+00   0.0000e+00   1.0244e-03   2.7640e+02
20191201_15:00:00   2.2831e-01   5.8492e+01   4.7752e+00   0.0000e+00   2.1036e-03   2.7568e+02
20191201_16:00:00   2.1649e-01   5.5939e+01   4.5526e+00   0.0000e+00   5.0060e-05   2.7561e+02
20191201_17:00:00   1.9773e-01   5.1890e+01   4.1765e+00   0.0000e+00   8.3020e-05   2.7562e+02
20191201_18:00:00   1.7594e-01   4.7094e+01   3.7265e+00   0.0000e+00   0.0000e+00   2.7613e+02
20191201_19:00:00   1.5977e-01   4.3493e+01   3.3766e+00   0.0000e+00   0.0000e+00   2.7730e+02
20191201_20:00:00   1.5099e-01   4.1500e+01   3.1941e+00   0.0000e+00   0.0000e+00   2.7828e+02
20191201_21:00:00   1.4475e-01   4.0120e+01   3.0529e+00   0.0000e+00   0.0000e+00   2.7714e+02
20191201_22:00:00   1.4778e-01   4.0696e+01   3.1647e+00   0.0000e+00   6.9780e-06   2.7626e+02
20191201_23:00:00   1.4478e-01   3.9965e+01   3.1137e+00   0.0000e+00   4.5897e-04   2.7602e+02
20191202_00:00:00   1.3685e-01   3.8180e+01   2.9340e+00   0.0000e+00   4.3158e-04   2.7510e+02
20191202_01:00:00   1.3367e-01   3.7310e+01   2.9065e+00   0.0000e+00   1.6149e-03   2.7360e+02
20191202_02:00:00   1.3179e-01   3.6778e+01   2.8921e+00   0.0000e+00   4.5214e-03   2.7400e+02
20191202_03:00:00   1.2776e-01   3.5792e+01   2.8157e+00   0.0000e+00   1.5915e-02   2.7487e+02
20191202_04:00:00   1.1819e-01   3.3646e+01   2.5789e+00   0.0000e+00   9.9867e-03   2.7475e+02
20191202_05:00:00   1.0595e-01   3.0888e+01   2.2621e+00   0.0000e+00   1.1902e-02   2.7529e+02
20191202_06:00:00   1.0130e-01   2.9816e+01   2.1454e+00   0.0000e+00   1.0221e-02   2.7457e+02
20191202_07:00:00   9.2762e-02   2.7903e+01   1.9157e+00   0.0000e+00   2.6041e-03   2.7383e+02
20191202_08:00:00   8.7129e-02   2.6607e+01   1.7675e+00   0.0000e+00   2.1895e-03   2.7204e+02
20191202_09:00:00   8.2316e-02   2.5465e+01   1.6451e+00   0.0000e+00   3.9840e-03   2.7095e+02
20191202_10:00:00   7.8154e-02   2.4464e+01   1.5408e+00   0.0000e+00   6.1909e-03   2.7144e+02
20191202_11:00:00   7.8823e-02   2.4581e+01   1.5657e+00   0.0000e+00   9.8248e-03   2.7416e+02
20191202_12:00:00   8.0251e-02   2.4910e+01   1.6034e+00   0.0000e+00   9.5413e-03   2.7509e+02
20191202_13:00:00   8.0784e-02   2.4988e+01   1.6315e+00   0.0000e+00   9.9880e-03   2.7546e+02
20191202_14:00:00   7.5411e-02   2.3750e+01   1.4860e+00   0.0000e+00   4.9567e-03   2.7560e+02
20191202_15:00:00   7.4180e-02   2.3496e+01   1.4407e+00   0.0000e+00   5.4320e-03   2.7568e+02
20191202_16:00:00   7.4638e-02   2.3601e+01   1.4551e+00   0.0000e+00   7.1512e-03   2.7416e+02
20191202_17:00:00   7.7093e-02   2.4160e+01   1.5301e+00   0.0000e+00   7.3547e-03   2.7458e+02
20191202_18:00:00   7.7586e-02   2.4285e+01   1.5440e+00   0.0000e+00   5.8250e-03   2.7600e+02
20191202_21:00:00   1.0354e-01   3.0209e+01   2.2598e+00   0.0000e+00   8.3921e-03   2.7317e+02
20191203_00:00:00   1.6695e-01   4.4347e+01   3.8745e+00   0.0000e+00   6.3289e-04   2.7041e+02
20191203_03:00:00   2.2571e-01   5.7021e+01   5.2150e+00   0.0000e+00   1.5805e-03   2.6764e+02
20191203_06:00:00   2.3270e-01   5.8455e+01   5.3970e+00   0.0000e+00   9.2276e-04   2.6541e+02
20191203_09:00:00   3.0154e-01   7.2189e+01   6.8412e+00   0.0000e+00   5.4560e-03   2.6728e+02
20191203_12:00:00   3.7430e-01   8.5815e+01   8.2585e+00   0.0000e+00   7.1456e-02   2.6695e+02
20191203_15:00:00   4.2677e-01   9.5866e+01   9.2512e+00   0.0000e+00   4.5101e-02   2.6489e+02
20191203_18:00:00   3.8504e-01   8.8575e+01   8.4058e+00   0.0000e+00   1.9460e-02   2.6424e+02
20191203_21:00:00   5.4729e-01   1.1625e+02   1.0302e+01   1.9437e-02   2.1905e-02   2.6570e+02
20191204_00:00:00   4.5417e-01   1.0144e+02   9.0339e+00   4.6940e-04   5.5465e-02   2.6388e+02
20191204_03:00:00   3.6777e-01   8.6435e+01   7.3001e+00   0.0000e+00   1.2119e-02   2.6741e+02
20191204_06:00:00   3.2935e-01   7.9153e+01   6.5170e+00   0.0000e+00   1.5690e-02   2.7220e+02
20191204_09:00:00   4.0561e-01   9.3252e+01   7.3143e+00   9.6030e-03   2.4472e-02   2.7537e+02
20191204_12:00:00   5.7053e-01   1.2064e+02   6.3069e+00   9.6836e-02   6.1118e-03   2.8096e+02
20191204_15:00:00   3.8538e-01   8.9277e+01   7.2762e+00   3.4090e-03   3.0120e-05   2.8295e+02
20191204_18:00:00   4.2049e-01   9.5310e+01   7.9980e+00   0.0000e+00   1.1848e-05   2.8282e+02
20191204_21:00:00   4.9369e-01   1.0761e+02   7.7709e+00   3.4681e-02   3.9042e-03   2.8635e+02
20191205_00:00:00   2.8706e-01   7.0602e+01   4.5846e+00   1.6996e-02   1.8197e-04   2.9083e+02
20191205_03:00:00   2.3312e-01   5.9487e+01   3.3928e+00   2.1150e-02   5.8620e-05   2.9289e+02
20191205_06:00:00   8.6027e-02   2.6363e+01   1.5041e+00   0.0000e+00   0.0000e+00   2.8953e+02
20191205_09:00:00   9.2358e-02   2.7638e+01   1.7820e+00   0.0000e+00   0.0000e+00   2.8567e+02
20191205_12:00:00   9.9241e-02   2.9030e+01   2.0485e+00   0.0000e+00   1.5127e-04   2.7999e+02
20191205_15:00:00   8.5655e-02   2.5967e+01   1.7091e+00   0.0000e+00   0.0000e+00   2.7969e+02
20191205_18:00:00   7.1828e-02   2.2826e+01   1.3318e+00   0.0000e+00   0.0000e+00   2.8353e+02
20191205_21:00:00   7.0348e-02   2.2517e+01   1.2803e+00   0.0000e+00   1.1246e-05   2.8318e+02
20191206_00:00:00   8.8685e-02   2.6886e+01   1.7392e+00   0.0000e+00   1.8682e-05   2.8186e+02
20191206_03:00:00   1.0786e-01   3.1401e+01   2.1930e+00   0.0000e+00   3.1896e-03   2.7964e+02
20191206_06:00:00   1.0728e-01   3.1198e+01   2.1946e+00   0.0000e+00   1.2584e-03   2.7915e+02
20191206_09:00:00   1.1474e-01   3.2681e+01   2.4308e+00   0.0000e+00   4.2228e-03   2.7845e+02
20191206_12:00:00   1.2173e-01   3.4435e+01   2.5284e+00   0.0000e+00   2.0144e-02   2.7893e+02
20191206_15:00:00   1.2391e-01   3.4724e+01   2.6144e+00   0.0000e+00   2.6975e-02   2.7520e+02
20191206_18:00:00   1.6535e-01   4.3635e+01   3.6311e+00   0.0000e+00   2.3664e-02   2.7313e+02
20191206_21:00:00   1.7421e-01   4.5645e+01   3.8191e+00   0.0000e+00   4.3371e-03   2.7201e+02
20191207_00:00:00   1.9398e-01   5.0297e+01   4.1816e+00   0.0000e+00   2.4281e-04   2.7053e+02
20191207_03:00:00   2.1675e-01   5.5004e+01   4.6756e+00   0.0000e+00   9.1506e-03   2.7137e+02
20191207_06:00:00   2.6265e-01   6.4333e+01   5.6795e+00   0.0000e+00   6.3297e-03   2.7101e+02
20191207_09:00:00   3.6448e-01   8.4047e+01   7.6338e+00   0.0000e+00   3.1390e-02   2.6998e+02
20191207_12:00:00   8.8933e-01   1.5995e+02   1.0903e+01   1.3991e-01   2.5702e-01   2.7078e+02
20191207_15:00:00   1.1914e+00   1.8927e+02   1.0584e+01   2.7405e-01   4.3562e-02   2.6852e+02
20191207_18:00:00   6.0875e-01   1.2448e+02   1.0770e+01   2.4386e-02   1.5783e-01   2.6712e+02
20191207_21:00:00   1.5293e+00   2.1249e+02   1.1053e+01   4.0650e-01   1.1837e-01   2.6706e+02
20191208_00:00:00   1.4793e+00   2.0947e+02   1.0913e+01   3.8190e-01   6.3734e-01   2.6763e+02
20191208_03:00:00   6.1975e-01   1.2619e+02   1.0221e+01   3.8745e-02   2.7230e-01   2.6873e+02
20191208_06:00:00   1.4855e+00   2.1024e+02   9.9329e+00   4.0257e-01   3.3152e-01   2.7239e+02
20191208_09:00:00   2.1957e+00   2.4181e+02   8.1652e+00   7.3951e-01   9.3719e-02   2.7504e+02
20191208_12:00:00   4.2641e-01   9.6643e+01   6.8026e+00   2.6100e-02   1.1391e-02   2.7714e+02
20191208_15:00:00   1.3969e+00   2.0452e+02   8.1036e+00   4.1080e-01   1.1626e-01   2.7724e+02
20191208_18:00:00   1.3055e+00   1.9783e+02   9.3117e+00   3.4959e-01   1.7331e-01   2.7694e+02
20191208_21:00:00   1.1909e+00   1.8927e+02   1.0509e+01   2.6305e-01   9.2591e-01   2.8326e+02
20191209_00:00:00   1.3391e+00   1.9969e+02   1.0068e+01   3.3600e-01   1.4931e+00   2.9012e+02
20191209_03:00:00   2.1427e+00   2.3880e+02   8.1765e+00   7.3358e-01   2.1728e-01   3.0087e+02
20191209_06:00:00   6.4146e-01   1.2936e+02   6.0923e+00   1.3664e-01   1.4663e-02   3.1051e+02
20191209_09:00:00   1.2028e+00   1.8992e+02   5.5242e+00   3.8527e-01   7.2619e-03   3.0353e+02
20191209_12:00:00   5.4346e-01   1.1444e+02   5.7579e+00   1.0305e-01   1.5394e-01   2.9997e+02
20191209_15:00:00   5.6223e-01   1.1621e+02   5.8015e+00   1.1350e-01   2.2931e-01   2.9577e+02
20191209_18:00:00   3.5614e-01   8.1492e+01   5.8460e+00   2.4734e-02   1.7489e-01   2.9505e+02
20191209_21:00:00   3.4573e-01   7.9250e+01   5.6793e+00   2.3580e-02   2.7254e-01   2.9851e+02
20191210_00:00:00   3.4507e-01   7.9114e+01   5.5679e+00   2.3377e-02   3.3468e-01   2.9352e+02
20191210_03:00:00   2.7612e-01   6.6661e+01   4.6729e+00   9.3400e-03   3.9330e-02   3.0294e+02
20191210_06:00:00   2.3608e-01   5.8555e+01   4.4601e+00   0.0000e+00   5.4512e-02   3.1826e+02
20191210_09:00:00   3.1519e-01   7.4009e+01   5.8502e+00   8.1220e-04   1.5312e-01   3.3373e+02
20191210_12:00:00   3.2332e-01   7.5485e+01   5.9339e+00   0.0000e+00   4.9333e-01   3.3825e+02
20191210_15:00:00   3.3173e-01   7.6942e+01   5.4882e+00   1.1343e-02   4.9193e-01   3.4173e+02
20191210_18:00:00   3.1137e-01   7.3446e+01   4.9332e+00   1.9520e-02   3.6107e-02   3.3960e+02
20191210_21:00:00   1.1685e-01   3.3087e+01   2.0464e+00   9.3100e-04   2.8670e-05   3.3826e+02
20191211_00:00:00   5.6703e-02   1.8664e+01   9.3286e-01   0.0000e+00   0.0000e+00   3.1754e+02
20191211_03:00:00   7.9918e-02   2.4301e+01   1.5003e+00   0.0000e+00   0.0000e+00   2.9982e+02
20191211_06:00:00   1.1951e-01   3.3529e+01   2.4150e+00   0.0000e+00   2.7407e-03   2.9625e+02
20191211_09:00:00   1.5711e-01   4.1853e+01   3.2175e+00   0.0000e+00   1.4231e-02   2.9490e+02
20191211_12:00:00   2.1242e-01   5.3407e+01   4.3338e+00   0.0000e+00   2.4111e-02   3.0053e+02
20191211_15:00:00   2.5929e-01   6.2870e+01   5.1300e+00   0.0000e+00   3.8283e-02   3.0008e+02
20191211_18:00:00   2.7847e-01   6.6431e+01   5.3497e+00   0.0000e+00   7.5366e-02   3.0677e+02
20191211_21:00:00   2.9429e-01   6.9435e+01   5.3204e+00   3.2650e-03   2.3717e-01   3.0793e+02
20191212_00:00:00   2.7284e-01   6.5122e+01   5.1280e+00   0.0000e+00   7.6606e-02   3.0920e+02
20191212_03:00:00   2.4678e-01   6.0171e+01   4.4722e+00   8.9030e-04   5.0188e-02   3.1278e+02
20191212_06:00:00   2.3913e-01   5.8547e+01   4.3782e+00   0.0000e+00   2.3812e-02   3.1111e+02
20191212_09:00:00   2.4105e-01   5.8911e+01   4.3956e+00   0.0000e+00   4.4425e-02   3.1611e+02
20191212_12:00:00   2.3281e-01   5.7203e+01   4.2213e+00   0.0000e+00   4.3734e-02   3.1988e+02
20191212_15:00:00   2.2149e-01   5.4891e+01   3.9969e+00   0.0000e+00   2.8295e-02   3.1979e+02
20191212_18:00:00   2.1540e-01   5.3720e+01   3.8942e+00   0.0000e+00   1.8784e-03   3.2163e+02
20191212_21:00:00   2.1152e-01   5.3010e+01   3.7439e+00   1.7500e-03   8.4866e-04   3.2364e+02
20191213_00:00:00   1.9495e-01   4.9764e+01   3.4843e+00   0.0000e+00   5.7580e-05   3.1927e+02
20191213_03:00:00   1.7571e-01   4.5979e+01   3.0695e+00   0.0000e+00   2.3238e-03   3.1465e+02
20191213_06:00:00   1.4540e-01   3.9537e+01   2.5100e+00   0.0000e+00   6.1800e-06   3.0681e+02
20191213_09:00:00   1.1991e-01   3.3801e+01   2.0856e+00   0.0000e+00   8.0810e-07   3.0055e+02
20191213_12:00:00   9.8537e-02   2.8838e+01   1.7506e+00   0.0000e+00   0.0000e+00   2.9683e+02
20191213_15:00:00   9.9662e-02   2.9052e+01   1.8982e+00   0.0000e+00   0.0000e+00   2.8855e+02
20191213_18:00:00   1.2663e-01   3.5331e+01   2.5577e+00   0.0000e+00   0.0000e+00   2.8300e+02
