#            date       tau225        Tb[K]      pwv[mm] lwp[kg*m^-2] iwp[kg*m^-2]       o3[DU]
20191004_12:00:00   1.5395e+00   2.1676e+02   1.2567e+01   3.6341e-01   8.9241e-03   2.5410e+02
20191004_14:00:00   1.2694e+00   1.9904e+02   1.1336e+01   2.7793e-01   1.4970e-03   2.5113e+02
20191004_15:00:00   1.6441e+00   2.2218e+02   1.3114e+01   3.9965e-01   1.2414e-02   2.5154e+02
20191004_17:00:00   0.0000e+00   2.7000e+00   0.0000e+00   0.0000e+00   0.0000e+00   0.0000e+00
20191004_18:00:00   5.0478e-01   1.1257e+02   8.9831e+00   8.4418e-03   1.4370e-06   2.5336e+02
20191004_19:00:00   4.3909e-01   1.0165e+02   7.7728e+00   6.5482e-03   0.0000e+00   2.5408e+02
20191004_20:00:00   3.9269e-01   9.3299e+01   6.9423e+00   7.8137e-03   0.0000e+00   2.5367e+02
20191004_21:00:00   0.0000e+00   0.0000e+00   0.0000e+00   0.0000e+00   0.0000e+00   0.0000e+00
20191004_22:00:00   0.0000e+00   0.0000e+00   0.0000e+00   0.0000e+00   0.0000e+00   0.0000e+00
20191004_23:00:00   0.0000e+00   2.7000e+00   0.0000e+00   0.0000e+00   0.0000e+00   0.0000e+00
20191005_00:00:00   0.0000e+00   0.0000e+00   0.0000e+00   0.0000e+00   0.0000e+00   0.0000e+00
20191005_01:00:00   2.7491e-01   7.0310e+01   5.1516e+00   5.4730e-04   0.0000e+00   2.5478e+02
20191005_02:00:00   2.2391e-01   5.9540e+01   4.2421e+00   0.0000e+00   0.0000e+00   2.5530e+02
20191005_03:00:00   1.9475e-01   5.3147e+01   3.6722e+00   0.0000e+00   0.0000e+00   2.5569e+02
20191005_04:00:00   0.0000e+00   0.0000e+00   0.0000e+00   0.0000e+00   0.0000e+00   0.0000e+00
20191005_05:00:00   1.5128e-01   4.3157e+01   2.8589e+00   0.0000e+00   0.0000e+00   2.5426e+02
20191005_06:00:00   1.2699e-01   3.7356e+01   2.4024e+00   0.0000e+00   0.0000e+00   2.5577e+02
20191005_07:00:00   0.0000e+00   0.0000e+00   0.0000e+00   0.0000e+00   0.0000e+00   0.0000e+00
20191005_08:00:00   0.0000e+00   0.0000e+00   0.0000e+00   0.0000e+00   0.0000e+00   0.0000e+00
20191005_09:00:00   0.0000e+00   2.7000e+00   0.0000e+00   0.0000e+00   0.0000e+00   0.0000e+00
20191005_10:00:00   0.0000e+00   0.0000e+00   0.0000e+00   0.0000e+00   0.0000e+00   0.0000e+00
20191005_12:00:00   1.2923e-01   3.7936e+01   2.4289e+00   0.0000e+00   0.0000e+00   2.5678e+02
20191005_13:00:00   9.5194e-02   2.9453e+01   1.7949e+00   0.0000e+00   0.0000e+00   2.5567e+02
20191005_14:00:00   7.4365e-01   1.5155e+02   1.2958e+01   0.0000e+00   0.0000e+00   2.5546e+02
20191005_15:00:00   6.9483e-01   1.4183e+02   1.2607e+01   0.0000e+00   0.0000e+00   2.6722e+02
20191005_16:00:00   0.0000e+00   0.0000e+00   0.0000e+00   0.0000e+00   0.0000e+00   0.0000e+00
20191005_17:00:00   8.6844e-02   2.7374e+01   1.6286e+00   0.0000e+00   0.0000e+00   2.5305e+02
20191005_18:00:00   2.4493e-01   6.2727e+01   4.8338e+00   0.0000e+00   0.0000e+00   2.5483e+02
20191005_19:00:00   0.0000e+00   0.0000e+00   0.0000e+00   0.0000e+00   0.0000e+00   0.0000e+00
20191005_20:00:00   5.5453e-01   1.1969e+02   9.7249e+00   2.5256e-02   0.0000e+00   2.5865e+02
20191005_21:00:00   0.0000e+00   0.0000e+00   0.0000e+00   0.0000e+00   0.0000e+00   0.0000e+00
20191005_22:00:00   0.0000e+00   2.7000e+00   0.0000e+00   0.0000e+00   0.0000e+00   0.0000e+00
20191005_23:00:00   0.0000e+00   0.0000e+00   0.0000e+00   0.0000e+00   0.0000e+00   0.0000e+00
20191006_00:00:00   1.4686e-01   4.2257e+01   2.7995e+00   0.0000e+00   0.0000e+00   2.5429e+02
20191006_01:00:00   1.7546e-01   4.7197e+01   3.3321e+00   0.0000e+00   0.0000e+00   2.7899e+02
20191006_02:00:00   0.0000e+00   2.7000e+00   0.0000e+00   0.0000e+00   0.0000e+00   0.0000e+00
20191006_03:00:00   0.0000e+00   0.0000e+00   0.0000e+00   0.0000e+00   0.0000e+00   0.0000e+00
20191006_04:00:00   0.0000e+00   0.0000e+00   0.0000e+00   0.0000e+00   0.0000e+00   0.0000e+00
20191006_05:00:00   1.1062e-01   3.3327e+01   2.1377e+00   0.0000e+00   0.0000e+00   2.5093e+02
20191006_06:00:00   1.0995e-01   3.3087e+01   2.1452e+00   0.0000e+00   0.0000e+00   2.5065e+02
20191006_07:00:00   1.1065e-01   3.3156e+01   2.1913e+00   0.0000e+00   0.0000e+00   2.5074e+02
20191006_08:00:00   0.0000e+00   2.7000e+00   0.0000e+00   0.0000e+00   0.0000e+00   0.0000e+00
20191006_10:00:00   1.0786e-01   3.2043e+01   2.2618e+00   0.0000e+00   0.0000e+00   2.5260e+02
20191006_11:00:00   1.1333e-01   3.3224e+01   2.4254e+00   0.0000e+00   0.0000e+00   2.5337e+02
20191006_12:00:00   0.0000e+00   0.0000e+00   0.0000e+00   0.0000e+00   0.0000e+00   0.0000e+00
20191006_13:00:00   1.1871e-01   3.4450e+01   2.5637e+00   0.0000e+00   2.3844e-04   2.5176e+02
20191006_14:00:00   1.1876e-01   3.4441e+01   2.5720e+00   0.0000e+00   7.9190e-04   2.4941e+02
20191006_15:00:00   1.1706e-01   3.3996e+01   2.5418e+00   0.0000e+00   2.6383e-03   2.4865e+02
20191006_16:00:00   0.0000e+00   2.7000e+00   0.0000e+00   0.0000e+00   0.0000e+00   0.0000e+00
20191006_17:00:00   0.0000e+00   0.0000e+00   0.0000e+00   0.0000e+00   0.0000e+00   0.0000e+00
20191006_18:00:00   0.0000e+00   2.7000e+00   0.0000e+00   0.0000e+00   0.0000e+00   0.0000e+00
20191006_19:00:00   0.0000e+00   0.0000e+00   0.0000e+00   0.0000e+00   0.0000e+00   0.0000e+00
20191006_20:00:00   0.0000e+00   0.0000e+00   0.0000e+00   0.0000e+00   0.0000e+00   0.0000e+00
20191006_21:00:00   1.2459e-01   3.5730e+01   2.7319e+00   0.0000e+00   3.9980e-03   2.5044e+02
20191006_23:00:00   0.0000e+00   0.0000e+00   0.0000e+00   0.0000e+00   0.0000e+00   0.0000e+00
20191007_01:00:00   1.3882e-01   3.9282e+01   3.0177e+00   0.0000e+00   8.5360e-07   2.5386e+02
20191007_02:00:00   0.0000e+00   0.0000e+00   0.0000e+00   0.0000e+00   0.0000e+00   0.0000e+00
20191007_03:00:00   1.5890e-01   4.4226e+01   3.3905e+00   0.0000e+00   4.5482e-05   2.5416e+02
20191007_04:00:00   1.8299e-01   4.9883e+01   3.8441e+00   0.0000e+00   4.6080e-05   2.5427e+02
20191007_05:00:00   1.9349e-01   5.2312e+01   4.0252e+00   0.0000e+00   1.2412e-05   2.5346e+02
20191007_06:00:00   1.8658e-01   5.0796e+01   3.8625e+00   0.0000e+00   0.0000e+00   2.5301e+02
20191007_08:00:00   1.7282e-01   4.7663e+01   3.5672e+00   0.0000e+00   0.0000e+00   2.5564e+02
20191007_09:00:00   1.5714e-01   4.3903e+01   3.2582e+00   0.0000e+00   0.0000e+00   2.5588e+02
20191007_10:00:00   1.5046e-01   4.2344e+01   3.1111e+00   0.0000e+00   0.0000e+00   2.5486e+02
20191007_11:00:00   1.4178e-01   4.0251e+01   2.9384e+00   0.0000e+00   0.0000e+00   2.5541e+02
20191007_12:00:00   0.0000e+00   2.7000e+00   0.0000e+00   0.0000e+00   0.0000e+00   0.0000e+00
20191007_13:00:00   1.6321e-01   4.5304e+01   3.3510e+00   0.0000e+00   0.0000e+00   2.5485e+02
20191007_14:00:00   1.7444e-01   4.7913e+01   3.5541e+00   0.0000e+00   0.0000e+00   2.5768e+02
20191007_15:00:00   0.0000e+00   2.7000e+00   0.0000e+00   0.0000e+00   0.0000e+00   0.0000e+00
20191007_16:00:00   0.0000e+00   2.7000e+00   0.0000e+00   0.0000e+00   0.0000e+00   0.0000e+00
20191007_17:00:00   1.9774e-01   5.3328e+01   3.9376e+00   0.0000e+00   0.0000e+00   2.5734e+02
20191007_18:00:00   2.2219e-01   5.8789e+01   4.3687e+00   0.0000e+00   0.0000e+00   2.5698e+02
20191007_19:00:00   0.0000e+00   2.7000e+00   0.0000e+00   0.0000e+00   0.0000e+00   0.0000e+00
20191007_20:00:00   0.0000e+00   0.0000e+00   0.0000e+00   0.0000e+00   0.0000e+00   0.0000e+00
20191007_21:00:00   0.0000e+00   0.0000e+00   0.0000e+00   0.0000e+00   0.0000e+00   0.0000e+00
20191007_22:00:00   3.0837e-01   7.7130e+01   5.7385e+00   0.0000e+00   0.0000e+00   2.5826e+02
20191007_23:00:00   3.0633e-06   2.7026e+00   0.0000e+00   0.0000e+00   0.0000e+00   9.8923e+00
20191008_00:00:00   2.8467e-01   7.2316e+01   5.3242e+00   0.0000e+00   0.0000e+00   2.5804e+02
20191008_01:00:00   0.0000e+00   0.0000e+00   0.0000e+00   0.0000e+00   0.0000e+00   0.0000e+00
20191008_02:00:00   2.5402e-01   6.5856e+01   4.7863e+00   0.0000e+00   0.0000e+00   2.5520e+02
20191008_03:00:00   1.7586e-01   4.8451e+01   3.4606e+00   0.0000e+00   0.0000e+00   2.5437e+02
20191008_04:00:00   2.6665e-01   6.8357e+01   5.0765e+00   0.0000e+00   1.1915e-03   2.5349e+02
20191008_05:00:00   2.9760e-01   7.4646e+01   5.6364e+00   0.0000e+00   1.1630e-05   2.5332e+02
20191008_06:00:00   6.1641e-02   2.0827e+01   1.1078e+00   0.0000e+00   1.3658e-07   2.5734e+02
20191008_08:00:00   2.7597e-01   7.0105e+01   5.3007e+00   0.0000e+00   0.0000e+00   2.5517e+02
20191008_09:00:00   2.5802e-01   6.6326e+01   4.9800e+00   0.0000e+00   0.0000e+00   2.5549e+02
20191008_10:00:00   2.4625e-01   6.3806e+01   4.7758e+00   0.0000e+00   0.0000e+00   2.5503e+02
20191008_11:00:00   2.5307e-01   6.5184e+01   4.9370e+00   0.0000e+00   0.0000e+00   2.5478e+02
20191008_12:00:00   1.2611e-06   2.7011e+00   0.0000e+00   0.0000e+00   0.0000e+00   5.5778e+00
20191008_13:00:00   0.0000e+00   0.0000e+00   0.0000e+00   0.0000e+00   0.0000e+00   0.0000e+00
20191008_14:00:00   2.7371e-01   6.9312e+01   5.4342e+00   0.0000e+00   4.6460e-06   2.5628e+02
20191008_16:00:00   0.0000e+00   0.0000e+00   0.0000e+00   0.0000e+00   0.0000e+00   0.0000e+00
20191008_17:00:00   2.1319e-01   5.6673e+01   4.2356e+00   0.0000e+00   6.5423e-04   2.6021e+02
20191008_18:00:00   2.0549e-01   5.4958e+01   4.1073e+00   0.0000e+00   7.2340e-05   2.6133e+02
20191008_19:00:00   2.0904e-01   5.5789e+01   4.1517e+00   0.0000e+00   2.1692e-04   2.6064e+02
20191008_21:00:00   2.9907e-01   7.4838e+01   5.7222e+00   0.0000e+00   1.7347e-03   2.6120e+02
20191008_22:00:00   2.2505e-01   5.7834e+01   4.2731e+00   0.0000e+00   3.8429e-03   2.6207e+02
20191009_00:00:00   0.0000e+00   2.7000e+00   0.0000e+00   0.0000e+00   0.0000e+00   0.0000e+00
20191009_02:00:00   1.9754e-01   5.3351e+01   3.9172e+00   0.0000e+00   1.5712e-04   2.6372e+02
20191009_03:00:00   1.7945e-01   4.9283e+01   3.5708e+00   0.0000e+00   4.4980e-06   2.6257e+02
20191009_04:00:00   1.6693e-01   4.6405e+01   3.3309e+00   0.0000e+00   4.6000e-06   2.6139e+02
20191009_05:00:00   1.6329e-01   4.5531e+01   3.2671e+00   0.0000e+00   1.9557e-04   2.6143e+02
20191009_06:00:00   1.6279e-01   4.5400e+01   3.2608e+00   0.0000e+00   8.7140e-06   2.6232e+02
20191009_07:00:00   1.6074e-01   4.4906e+01   3.2279e+00   0.0000e+00   8.4340e-06   2.6325e+02
20191009_08:00:00   1.6470e-01   4.5812e+01   3.2940e+00   0.0000e+00   0.0000e+00   2.6257e+02
20191009_09:00:00   0.0000e+00   0.0000e+00   0.0000e+00   0.0000e+00   0.0000e+00   0.0000e+00
20191009_12:00:00   1.7986e-01   4.9227e+01   3.5383e+00   0.0000e+00   0.0000e+00   2.6223e+02
20191009_15:00:00   0.0000e+00   0.0000e+00   0.0000e+00   0.0000e+00   0.0000e+00   0.0000e+00
20191009_18:00:00   1.8893e-01   5.1136e+01   3.7371e+00   0.0000e+00   0.0000e+00   2.6377e+02
20191009_21:00:00   2.3006e-01   6.0134e+01   4.5562e+00   0.0000e+00   0.0000e+00   2.6272e+02
20191010_00:00:00   1.9170e-01   5.1570e+01   3.9227e+00   0.0000e+00   0.0000e+00   2.6820e+02
20191010_03:00:00   1.6870e-01   4.6272e+01   3.5081e+00   0.0000e+00   0.0000e+00   2.6969e+02
20191010_09:00:00   1.3443e-01   3.8103e+01   2.8325e+00   0.0000e+00   0.0000e+00   2.7290e+02
20191010_15:00:00   0.0000e+00   0.0000e+00   0.0000e+00   0.0000e+00   0.0000e+00   0.0000e+00
20191010_21:00:00   0.0000e+00   2.7000e+00   0.0000e+00   0.0000e+00   0.0000e+00   0.0000e+00
20191011_00:00:00   1.4153e-01   4.0320e+01   2.7872e+00   0.0000e+00   0.0000e+00   2.7284e+02
20191011_03:00:00   1.2458e-01   3.6223e+01   2.4623e+00   0.0000e+00   0.0000e+00   2.7202e+02
20191011_06:00:00   1.4192e-01   4.0429e+01   2.7548e+00   0.0000e+00   0.0000e+00   2.7349e+02
20191011_09:00:00   0.0000e+00   2.7000e+00   0.0000e+00   0.0000e+00   0.0000e+00   0.0000e+00
20191011_12:00:00   0.0000e+00   0.0000e+00   0.0000e+00   0.0000e+00   0.0000e+00   0.0000e+00
20191011_15:00:00   0.0000e+00   0.0000e+00   0.0000e+00   0.0000e+00   0.0000e+00   0.0000e+00
20191011_18:00:00   0.0000e+00   0.0000e+00   0.0000e+00   0.0000e+00   0.0000e+00   0.0000e+00
20191011_21:00:00   1.5315e-01   4.2846e+01   3.0508e+00   0.0000e+00   0.0000e+00   2.6546e+02
20191012_00:00:00   2.2889e-01   5.9651e+01   4.5937e+00   0.0000e+00   0.0000e+00   2.6485e+02
20191012_06:00:00   0.0000e+00   2.7000e+00   0.0000e+00   0.0000e+00   0.0000e+00   0.0000e+00
20191012_12:00:00   0.0000e+00   2.7000e+00   0.0000e+00   0.0000e+00   0.0000e+00   0.0000e+00
20191012_15:00:00   0.0000e+00   0.0000e+00   0.0000e+00   0.0000e+00   0.0000e+00   0.0000e+00
20191012_18:00:00   0.0000e+00   2.7000e+00   0.0000e+00   0.0000e+00   0.0000e+00   0.0000e+00
20191012_21:00:00   3.2891e-01   8.0552e+01   7.1222e+00   0.0000e+00   0.0000e+00   2.5318e+02
20191013_00:00:00   0.0000e+00   0.0000e+00   0.0000e+00   0.0000e+00   0.0000e+00   0.0000e+00
20191013_06:00:00   0.0000e+00   0.0000e+00   0.0000e+00   0.0000e+00   0.0000e+00   0.0000e+00
20191013_12:00:00   0.0000e+00   0.0000e+00   0.0000e+00   0.0000e+00   0.0000e+00   0.0000e+00
20191013_18:00:00   2.3026e-01   5.9519e+01   4.9141e+00   0.0000e+00   0.0000e+00   2.6264e+02
20191013_21:00:00   0.0000e+00   0.0000e+00   0.0000e+00   0.0000e+00   0.0000e+00   0.0000e+00
20191014_00:00:00   0.0000e+00   0.0000e+00   0.0000e+00   0.0000e+00   0.0000e+00   0.0000e+00
20191014_03:00:00   0.0000e+00   2.7000e+00   0.0000e+00   0.0000e+00   0.0000e+00   0.0000e+00
20191014_06:00:00   0.0000e+00   2.7000e+00   0.0000e+00   0.0000e+00   0.0000e+00   0.0000e+00
20191014_09:00:00   2.0219e-01   5.4064e+01   4.1340e+00   0.0000e+00   0.0000e+00   2.5728e+02
20191014_12:00:00   2.3425e-01   6.0814e+01   4.9205e+00   0.0000e+00   0.0000e+00   2.5651e+02
20191014_18:00:00   2.4532e-01   6.2858e+01   5.3445e+00   0.0000e+00   0.0000e+00   2.5371e+02
20191014_21:00:00   0.0000e+00   0.0000e+00   0.0000e+00   0.0000e+00   0.0000e+00   0.0000e+00
20191015_00:00:00   2.7872e-01   7.0047e+01   5.9374e+00   0.0000e+00   0.0000e+00   2.4996e+02
20191015_03:00:00   2.2609e-01   5.9258e+01   4.7834e+00   0.0000e+00   0.0000e+00   2.5027e+02
20191015_06:00:00   1.3480e-01   3.8823e+01   2.7236e+00   0.0000e+00   0.0000e+00   2.4778e+02
20191015_12:00:00   0.0000e+00   0.0000e+00   0.0000e+00   0.0000e+00   0.0000e+00   0.0000e+00
20191016_00:00:00   0.0000e+00   0.0000e+00   0.0000e+00   0.0000e+00   0.0000e+00   0.0000e+00
20191016_03:00:00   4.8372e-01   1.0914e+02   8.8190e+00   5.6089e-03   2.7343e-03   2.4878e+02
20191016_06:00:00   0.0000e+00   0.0000e+00   0.0000e+00   0.0000e+00   0.0000e+00   0.0000e+00
20191016_09:00:00   0.0000e+00   2.7000e+00   0.0000e+00   0.0000e+00   0.0000e+00   0.0000e+00
20191016_12:00:00   0.0000e+00   2.7000e+00   0.0000e+00   0.0000e+00   0.0000e+00   0.0000e+00
20191016_15:00:00   4.7366e-01   1.0689e+02   9.1598e+00   0.0000e+00   0.0000e+00   2.4899e+02
20191016_18:00:00   0.0000e+00   0.0000e+00   0.0000e+00   0.0000e+00   0.0000e+00   0.0000e+00
20191016_21:00:00   1.0623e+00   1.8319e+02   1.0585e+01   1.9467e-01   0.0000e+00   2.4589e+02
20191017_00:00:00   0.0000e+00   2.7000e+00   0.0000e+00   0.0000e+00   0.0000e+00   0.0000e+00
20191017_06:00:00   0.0000e+00   0.0000e+00   0.0000e+00   0.0000e+00   0.0000e+00   0.0000e+00
20191017_09:00:00   7.8425e-01   1.5048e+02   1.5590e+01   1.8588e-03   4.6229e-02   2.4571e+02
20191017_12:00:00   0.0000e+00   0.0000e+00   0.0000e+00   0.0000e+00   0.0000e+00   0.0000e+00
20191017_15:00:00   9.4186e-01   1.6833e+02   1.6382e+01   4.7755e-02   8.3017e-03   2.4623e+02
20191017_18:00:00   9.2373e-01   1.6681e+02   1.5911e+01   4.8917e-02   1.8616e-02   2.4461e+02
20191018_00:00:00   0.0000e+00   0.0000e+00   0.0000e+00   0.0000e+00   0.0000e+00   0.0000e+00
20191018_03:00:00   5.6399e-01   1.2167e+02   1.0596e+01   1.4243e-03   0.0000e+00   2.4564e+02
20191018_06:00:00   6.2765e-01   1.3136e+02   9.1781e+00   4.8892e-02   1.8988e-05   2.4558e+02
20191018_09:00:00   3.3062e-01   8.1382e+01   5.8844e+00   2.4079e-03   0.0000e+00   2.4724e+02
20191018_12:00:00   0.0000e+00   2.7000e+00   0.0000e+00   0.0000e+00   0.0000e+00   0.0000e+00
20191018_15:00:00   0.0000e+00   2.7000e+00   0.0000e+00   0.0000e+00   0.0000e+00   0.0000e+00
20191018_18:00:00   7.9991e-01   1.5705e+02   1.2606e+01   1.7709e-02   0.0000e+00   2.5464e+02
20191018_21:00:00   1.4155e+00   2.1427e+02   2.1658e+01   5.0440e-02   5.4640e-06   2.5716e+02
20191019_00:00:00   2.7723e-01   6.9613e+01   5.9924e+00   0.0000e+00   8.3573e-05   2.5055e+02
20191019_03:00:00   1.7999e-01   4.9137e+01   3.2787e+00   4.8770e-04   0.0000e+00   2.5286e+02
20191019_06:00:00   1.9672e-01   5.2701e+01   3.6979e+00   0.0000e+00   0.0000e+00   2.5302e+02
20191019_09:00:00   2.6113e-01   6.5914e+01   5.0029e+00   2.8560e-03   0.0000e+00   2.5699e+02
20191019_12:00:00   4.0530e-01   9.3813e+01   6.3458e+00   2.9879e-02   1.7792e-05   2.5753e+02
20191019_15:00:00   3.3499e-01   8.1184e+01   3.8665e+00   5.4490e-02   0.0000e+00   2.5881e+02
20191019_18:00:00   2.8519e-01   7.1564e+01   3.3363e+00   4.4760e-02   0.0000e+00   2.5834e+02
20191020_03:00:00   2.4420e-01   6.3241e+01   4.3567e+00   4.9400e-03   0.0000e+00   2.5734e+02
20191020_06:00:00   0.0000e+00   0.0000e+00   0.0000e+00   0.0000e+00   0.0000e+00   0.0000e+00
20191020_09:00:00   1.3718e-01   3.9342e+01   2.5335e+00   0.0000e+00   0.0000e+00   2.5953e+02
20191020_12:00:00   0.0000e+00   0.0000e+00   0.0000e+00   0.0000e+00   0.0000e+00   0.0000e+00
