#            date       tau225        Tb[K]      pwv[mm] lwp[kg*m^-2] iwp[kg*m^-2]       o3[DU]
20191029_18:00:00   8.1838e-02   2.5490e+01   1.5176e+00   0.0000e+00   0.0000e+00   2.9247e+02
20191029_19:00:00   8.2489e-02   2.5673e+01   1.5250e+00   0.0000e+00   0.0000e+00   2.9121e+02
20191029_20:00:00   8.1606e-02   2.5462e+01   1.4996e+00   0.0000e+00   0.0000e+00   2.8780e+02
20191029_21:00:00   8.0568e-02   2.5196e+01   1.4824e+00   0.0000e+00   0.0000e+00   2.8726e+02
20191029_22:00:00   8.5517e-02   2.6392e+01   1.6009e+00   0.0000e+00   0.0000e+00   2.8754e+02
20191029_23:00:00   9.6076e-02   2.8932e+01   1.8583e+00   0.0000e+00   0.0000e+00   2.8694e+02
20191030_00:00:00   1.0538e-01   3.1123e+01   2.0800e+00   0.0000e+00   0.0000e+00   2.8623e+02
20191030_01:00:00   1.1326e-01   3.3005e+01   2.2647e+00   0.0000e+00   0.0000e+00   2.8639e+02
20191030_02:00:00   1.1348e-01   3.3144e+01   2.2531e+00   0.0000e+00   0.0000e+00   2.8638e+02
20191030_03:00:00   1.1454e-01   3.3410e+01   2.2757e+00   0.0000e+00   0.0000e+00   2.8552e+02
20191030_04:00:00   1.1950e-01   3.4600e+01   2.3710e+00   0.0000e+00   0.0000e+00   2.8503e+02
20191030_05:00:00   1.2042e-01   3.4844e+01   2.3599e+00   0.0000e+00   0.0000e+00   2.8481e+02
20191030_06:00:00   1.2058e-01   3.4886e+01   2.3315e+00   0.0000e+00   0.0000e+00   2.8316e+02
20191030_07:00:00   1.2085e-01   3.4949e+01   2.3201e+00   0.0000e+00   0.0000e+00   2.8152e+02
20191030_08:00:00   1.1799e-01   3.4286e+01   2.2441e+00   0.0000e+00   0.0000e+00   2.7939e+02
20191030_09:00:00   1.0722e-01   3.1692e+01   2.0202e+00   0.0000e+00   0.0000e+00   2.7858e+02
20191030_10:00:00   1.0019e-01   2.9953e+01   1.8740e+00   0.0000e+00   0.0000e+00   2.7844e+02
20191030_11:00:00   9.1507e-02   2.7817e+01   1.7033e+00   0.0000e+00   0.0000e+00   2.7908e+02
20191030_12:00:00   8.2852e-02   2.5590e+01   1.5423e+00   0.0000e+00   2.2080e-06   2.8088e+02
20191030_13:00:00   6.1631e-02   2.0172e+01   1.1153e+00   0.0000e+00   2.9684e-05   2.8262e+02
20191030_14:00:00   5.1519e-02   1.7555e+01   8.9944e-01   0.0000e+00   4.1660e-06   2.8149e+02
20191030_15:00:00   4.6435e-02   1.6234e+01   7.8176e-01   0.0000e+00   3.1640e-05   2.8124e+02
20191030_16:00:00   4.2678e-02   1.5261e+01   6.8991e-01   0.0000e+00   4.3300e-04   2.8239e+02
20191030_17:00:00   3.9999e-02   1.4566e+01   6.2041e-01   0.0000e+00   2.5716e-03   2.8308e+02
20191030_18:00:00   3.8653e-02   1.4213e+01   5.8715e-01   0.0000e+00   3.7519e-03   2.8352e+02
20191030_19:00:00   3.7306e-02   1.3861e+01   5.5178e-01   0.0000e+00   4.2276e-03   2.8339e+02
20191030_20:00:00   3.6373e-02   1.3627e+01   5.2611e-01   0.0000e+00   2.2882e-03   2.8385e+02
20191030_21:00:00   3.4056e-02   1.3062e+01   4.5882e-01   0.0000e+00   1.9454e-03   2.8481e+02
20191030_22:00:00   3.1734e-02   1.2482e+01   3.9369e-01   0.0000e+00   2.1639e-03   2.8720e+02
20191030_23:00:00   3.0918e-02   1.2285e+01   3.6862e-01   0.0000e+00   1.4388e-03   2.8585e+02
20191031_00:00:00   3.0796e-02   1.2279e+01   3.6046e-01   0.0000e+00   6.9667e-04   2.8624e+02
20191031_01:00:00   3.0593e-02   1.2252e+01   3.5012e-01   0.0000e+00   1.6142e-04   2.8744e+02
20191031_02:00:00   3.0655e-02   1.2292e+01   3.4668e-01   0.0000e+00   1.6070e-05   2.8768e+02
20191031_03:00:00   3.0792e-02   1.2347e+01   3.4641e-01   0.0000e+00   0.0000e+00   2.8713e+02
20191031_04:00:00   3.0874e-02   1.2377e+01   3.4769e-01   0.0000e+00   0.0000e+00   2.8608e+02
20191031_05:00:00   3.0641e-02   1.2322e+01   3.4242e-01   0.0000e+00   0.0000e+00   2.8546e+02
20191031_06:00:00   3.0905e-02   1.2396e+01   3.4963e-01   0.0000e+00   0.0000e+00   2.8554e+02
20191031_07:00:00   3.1534e-02   1.2560e+01   3.6572e-01   0.0000e+00   0.0000e+00   2.8468e+02
20191031_08:00:00   3.1743e-02   1.2619e+01   3.7112e-01   0.0000e+00   0.0000e+00   2.8497e+02
20191031_09:00:00   3.1327e-02   1.2516e+01   3.6128e-01   0.0000e+00   0.0000e+00   2.8474e+02
20191031_10:00:00   3.0860e-02   1.2397e+01   3.5076e-01   0.0000e+00   0.0000e+00   2.8377e+02
20191031_11:00:00   3.0754e-02   1.2368e+01   3.4967e-01   0.0000e+00   0.0000e+00   2.8333e+02
20191031_12:00:00   3.0861e-02   1.2393e+01   3.5414e-01   0.0000e+00   0.0000e+00   2.8374e+02
20191031_13:00:00   3.1192e-02   1.2481e+01   3.6333e-01   0.0000e+00   0.0000e+00   2.8443e+02
20191031_14:00:00   3.1268e-02   1.2499e+01   3.6616e-01   0.0000e+00   0.0000e+00   2.8473e+02
20191031_15:00:00   3.1549e-02   1.2578e+01   3.7277e-01   0.0000e+00   0.0000e+00   2.8451e+02
20191031_16:00:00   3.1580e-02   1.2587e+01   3.7344e-01   0.0000e+00   0.0000e+00   2.8386e+02
20191031_17:00:00   3.1978e-02   1.2681e+01   3.8661e-01   0.0000e+00   0.0000e+00   2.8400e+02
20191031_18:00:00   3.2081e-02   1.2697e+01   3.9141e-01   0.0000e+00   0.0000e+00   2.8419e+02
20191031_19:00:00   3.2063e-02   1.2689e+01   3.9240e-01   0.0000e+00   0.0000e+00   2.8384e+02
20191031_20:00:00   3.2935e-02   1.2893e+01   4.2041e-01   0.0000e+00   0.0000e+00   2.8334e+02
20191031_21:00:00   3.4408e-02   1.3273e+01   4.5956e-01   0.0000e+00   0.0000e+00   2.8344e+02
20191031_22:00:00   3.6621e-02   1.3824e+01   5.2005e-01   0.0000e+00   0.0000e+00   2.8539e+02
20191031_23:00:00   3.9719e-02   1.4599e+01   6.0436e-01   0.0000e+00   0.0000e+00   2.8667e+02
20191101_00:00:00   4.0647e-02   1.4857e+01   6.2498e-01   0.0000e+00   0.0000e+00   2.8603e+02
20191101_01:00:00   4.1646e-02   1.5130e+01   6.4793e-01   0.0000e+00   0.0000e+00   2.8479e+02
20191101_02:00:00   4.1854e-02   1.5203e+01   6.4983e-01   0.0000e+00   0.0000e+00   2.8448e+02
20191101_03:00:00   4.1499e-02   1.5126e+01   6.3965e-01   0.0000e+00   0.0000e+00   2.8244e+02
20191101_04:00:00   4.1146e-02   1.5047e+01   6.2948e-01   0.0000e+00   0.0000e+00   2.8061e+02
20191101_05:00:00   4.0917e-02   1.5001e+01   6.2057e-01   0.0000e+00   0.0000e+00   2.7967e+02
20191101_06:00:00   4.2114e-02   1.5298e+01   6.5407e-01   0.0000e+00   0.0000e+00   2.7796e+02
20191101_07:00:00   4.5145e-02   1.6016e+01   7.4104e-01   0.0000e+00   1.3175e-05   2.7566e+02
20191101_08:00:00   4.8014e-02   1.6704e+01   8.2193e-01   0.0000e+00   1.0350e-05   2.7479e+02
20191101_09:00:00   5.0446e-02   1.7275e+01   8.9260e-01   0.0000e+00   7.9600e-04   2.7427e+02
20191101_10:00:00   5.2160e-02   1.7685e+01   9.3981e-01   0.0000e+00   6.7500e-03   2.7401e+02
20191101_11:00:00   5.2674e-02   1.7832e+01   9.5154e-01   0.0000e+00   3.4879e-03   2.7513e+02
20191101_12:00:00   5.1992e-02   1.7683e+01   9.3058e-01   0.0000e+00   3.7352e-03   2.7619e+02
20191101_13:00:00   5.0555e-02   1.7357e+01   8.8594e-01   0.0000e+00   1.3339e-03   2.7658e+02
20191101_14:00:00   5.0595e-02   1.7355e+01   8.8876e-01   0.0000e+00   2.8802e-03   2.7737e+02
20191101_15:00:00   4.9475e-02   1.7107e+01   8.5165e-01   0.0000e+00   6.4927e-04   2.7779e+02
20191101_16:00:00   4.9820e-02   1.7190e+01   8.6279e-01   0.0000e+00   1.8736e-03   2.7774e+02
20191101_17:00:00   5.0209e-02   1.7278e+01   8.7314e-01   0.0000e+00   2.0218e-03   2.7667e+02
20191101_18:00:00   4.9313e-02   1.7100e+01   8.4016e-01   0.0000e+00   3.5720e-04   2.7549e+02
20191101_19:00:00   5.0627e-02   1.7415e+01   8.7652e-01   0.0000e+00   0.0000e+00   2.7555e+02
20191101_20:00:00   5.3097e-02   1.7994e+01   9.4721e-01   0.0000e+00   1.1624e-03   2.7579e+02
20191101_21:00:00   5.6936e-02   1.8915e+01   1.0540e+00   0.0000e+00   1.5658e-04   2.7705e+02
20191101_22:00:00   6.0247e-02   1.9740e+01   1.1359e+00   0.0000e+00   3.5920e-06   2.7838e+02
20191101_23:00:00   6.4143e-02   2.0686e+01   1.2331e+00   0.0000e+00   5.9359e-04   2.7898e+02
20191102_00:00:00   6.4971e-02   2.0923e+01   1.2466e+00   0.0000e+00   1.7072e-06   2.7862e+02
20191102_01:00:00   6.7703e-02   2.1585e+01   1.3166e+00   0.0000e+00   0.0000e+00   2.7896e+02
20191102_02:00:00   6.8502e-02   2.1792e+01   1.3316e+00   0.0000e+00   2.2500e-06   2.7890e+02
20191102_03:00:00   7.0555e-02   2.2314e+01   1.3767e+00   0.0000e+00   2.1277e-04   2.7867e+02
20191102_04:00:00   7.2489e-02   2.2818e+01   1.4159e+00   0.0000e+00   1.4166e-04   2.7860e+02
20191102_05:00:00   7.5721e-02   2.3605e+01   1.4949e+00   0.0000e+00   4.1461e-03   2.7853e+02
20191102_06:00:00   8.0914e-02   2.4816e+01   1.6287e+00   0.0000e+00   7.2696e-03   2.7849e+02
20191102_07:00:00   8.5503e-02   2.5926e+01   1.7314e+00   0.0000e+00   1.1469e-02   2.7918e+02
20191102_08:00:00   8.9127e-02   2.6861e+01   1.7966e+00   0.0000e+00   1.3275e-02   2.7914e+02
20191102_09:00:00   9.6529e-02   2.8713e+01   1.9437e+00   0.0000e+00   1.0039e-02   2.7920e+02
20191102_10:00:00   9.9339e-02   2.9430e+01   1.9907e+00   0.0000e+00   2.8970e-03   2.7777e+02
20191102_11:00:00   1.0091e-01   2.9891e+01   1.9939e+00   0.0000e+00   1.9904e-03   2.7753e+02
20191102_12:00:00   1.0566e-01   3.1112e+01   2.0640e+00   0.0000e+00   1.9210e-03   2.7841e+02
20191102_13:00:00   1.1265e-01   3.2788e+01   2.2117e+00   0.0000e+00   1.0799e-03   2.7922e+02
20191102_14:00:00   1.1393e-01   3.3079e+01   2.2401e+00   0.0000e+00   6.8840e-04   2.8174e+02
20191102_15:00:00   1.1519e-01   3.3390e+01   2.2597e+00   0.0000e+00   1.7682e-04   2.8304e+02
20191102_16:00:00   1.1412e-01   3.3147e+01   2.2346e+00   0.0000e+00   5.6700e-04   2.8215e+02
20191102_17:00:00   1.1763e-01   3.3943e+01   2.3222e+00   0.0000e+00   1.3892e-03   2.8072e+02
20191102_18:00:00   1.1961e-01   3.4426e+01   2.3596e+00   0.0000e+00   1.7627e-03   2.7905e+02
20191102_19:00:00   1.2260e-01   3.5167e+01   2.4126e+00   0.0000e+00   1.3238e-03   2.7773e+02
20191102_20:00:00   1.1699e-01   3.3786e+01   2.3118e+00   0.0000e+00   2.1944e-03   2.7638e+02
20191102_21:00:00   1.1788e-01   3.3829e+01   2.3655e+00   0.0000e+00   2.0743e-02   2.7512e+02
20191102_22:00:00   1.1145e-01   3.2336e+01   2.2307e+00   0.0000e+00   1.0121e-03   2.7399e+02
20191102_23:00:00   1.1187e-01   3.2400e+01   2.2513e+00   0.0000e+00   1.4386e-04   2.7250e+02
20191103_00:00:00   1.2546e-01   3.5617e+01   2.5384e+00   0.0000e+00   1.1434e-04   2.7223e+02
20191103_01:00:00   1.5619e-01   4.2775e+01   3.1799e+00   0.0000e+00   8.8560e-04   2.7220e+02
20191103_02:00:00   2.1305e-01   5.5285e+01   4.3685e+00   0.0000e+00   2.5828e-02   2.7221e+02
20191103_03:00:00   2.5419e-01   6.3894e+01   5.2060e+00   0.0000e+00   2.8918e-02   2.7101e+02
20191103_04:00:00   2.8826e-01   7.0568e+01   5.9336e+00   0.0000e+00   3.1811e-02   2.7157e+02
20191103_05:00:00   2.4740e-01   6.2871e+01   4.9360e+00   0.0000e+00   1.1222e-04   2.7133e+02
20191103_06:00:00   2.4914e-01   6.3425e+01   4.8835e+00   0.0000e+00   0.0000e+00   2.7115e+02
20191103_07:00:00   2.6741e-01   6.7164e+01   5.2178e+00   0.0000e+00   1.0926e-05   2.7143e+02
20191103_08:00:00   2.9396e-01   7.2442e+01   5.7084e+00   0.0000e+00   4.7799e-06   2.7181e+02
20191103_09:00:00   2.9610e-01   7.2865e+01   5.7234e+00   0.0000e+00   0.0000e+00   2.7284e+02
20191103_10:00:00   2.9812e-01   7.3240e+01   5.7337e+00   0.0000e+00   0.0000e+00   2.7342e+02
20191103_11:00:00   2.9241e-01   7.2124e+01   5.6002e+00   0.0000e+00   0.0000e+00   2.7443e+02
20191103_12:00:00   2.7995e-01   6.9692e+01   5.3430e+00   0.0000e+00   0.0000e+00   2.7387e+02
20191103_13:00:00   2.6834e-01   6.7373e+01   5.1034e+00   0.0000e+00   0.0000e+00   2.7430e+02
20191103_14:00:00   2.6333e-01   6.6346e+01   4.9823e+00   0.0000e+00   0.0000e+00   2.7379e+02
20191103_15:00:00   2.6019e-01   6.5712e+01   4.9000e+00   0.0000e+00   0.0000e+00   2.7447e+02
20191103_16:00:00   2.5160e-01   6.3982e+01   4.7211e+00   0.0000e+00   0.0000e+00   2.7562e+02
20191103_17:00:00   2.3104e-01   5.9689e+01   4.3199e+00   0.0000e+00   0.0000e+00   2.7396e+02
20191103_18:00:00   1.9785e-01   5.2584e+01   3.6840e+00   0.0000e+00   0.0000e+00   2.7238e+02
20191103_21:00:00   1.4483e-01   4.0605e+01   2.6607e+00   0.0000e+00   0.0000e+00   2.7050e+02
20191104_00:00:00   1.1294e-01   3.3118e+01   2.0580e+00   0.0000e+00   0.0000e+00   2.6856e+02
20191104_03:00:00   7.6478e-02   2.4139e+01   1.3555e+00   0.0000e+00   0.0000e+00   2.6411e+02
20191104_06:00:00   8.8043e-02   2.6879e+01   1.6477e+00   0.0000e+00   0.0000e+00   2.6802e+02
20191104_09:00:00   9.2428e-02   2.7966e+01   1.7529e+00   0.0000e+00   0.0000e+00   2.6329e+02
20191104_12:00:00   9.5439e-02   2.8720e+01   1.8176e+00   0.0000e+00   0.0000e+00   2.5886e+02
20191104_15:00:00   1.0224e-01   3.0428e+01   1.9565e+00   0.0000e+00   0.0000e+00   2.6231e+02
20191104_18:00:00   1.0447e-01   3.1035e+01   1.9904e+00   0.0000e+00   0.0000e+00   2.6333e+02
20191104_21:00:00   1.1168e-01   3.2804e+01   2.1371e+00   0.0000e+00   1.1825e-03   2.6551e+02
20191105_00:00:00   1.2083e-01   3.4974e+01   2.3562e+00   0.0000e+00   1.7579e-03   2.6537e+02
20191105_03:00:00   1.2279e-01   3.5465e+01   2.3904e+00   0.0000e+00   2.1500e-03   2.6705e+02
20191105_06:00:00   1.2039e-01   3.4895e+01   2.3430e+00   0.0000e+00   2.6580e-04   2.6520e+02
20191105_09:00:00   1.1794e-01   3.4159e+01   2.3241e+00   0.0000e+00   9.5884e-05   2.6478e+02
20191105_12:00:00   1.1311e-01   3.2883e+01   2.2487e+00   0.0000e+00   4.0791e-04   2.6428e+02
20191105_15:00:00   1.0957e-01   3.1954e+01   2.1953e+00   0.0000e+00   5.5840e-05   2.6595e+02
20191105_18:00:00   1.1272e-01   3.2646e+01   2.2821e+00   0.0000e+00   0.0000e+00   2.6639e+02
20191105_21:00:00   1.2677e-01   3.5754e+01   2.6471e+00   0.0000e+00   6.5920e-06   2.6694e+02
20191106_00:00:00   1.2037e-01   3.4328e+01   2.4957e+00   0.0000e+00   0.0000e+00   2.6895e+02
20191106_03:00:00   1.1107e-01   3.2246e+01   2.2589e+00   0.0000e+00   0.0000e+00   2.6638e+02
20191106_06:00:00   1.1877e-01   3.4051e+01   2.4349e+00   0.0000e+00   0.0000e+00   2.6657e+02
20191106_09:00:00   1.2791e-01   3.6195e+01   2.6429e+00   0.0000e+00   0.0000e+00   2.6970e+02
20191106_12:00:00   1.2294e-01   3.5093e+01   2.5265e+00   0.0000e+00   0.0000e+00   2.6886e+02
20191106_15:00:00   1.1284e-01   3.2718e+01   2.3077e+00   0.0000e+00   0.0000e+00   2.6856e+02
20191106_18:00:00   1.0121e-01   3.0004e+01   2.0395e+00   0.0000e+00   0.0000e+00   2.6817e+02
20191106_21:00:00   1.0716e-01   3.1566e+01   2.1586e+00   0.0000e+00   0.0000e+00   2.6882e+02
20191107_00:00:00   1.1675e-01   3.3952e+01   2.3640e+00   0.0000e+00   0.0000e+00   2.6970e+02
20191107_03:00:00   1.2993e-01   3.7198e+01   2.6300e+00   0.0000e+00   0.0000e+00   2.6936e+02
20191107_06:00:00   1.3484e-01   3.8447e+01   2.7198e+00   0.0000e+00   1.9318e-03   2.6879e+02
20191107_09:00:00   1.3079e-01   3.7519e+01   2.6363e+00   0.0000e+00   4.1499e-03   2.6812e+02
20191107_12:00:00   1.5492e-01   4.3125e+01   3.1618e+00   0.0000e+00   4.3555e-03   2.6828e+02
20191107_15:00:00   2.0343e-01   5.3947e+01   4.2135e+00   0.0000e+00   3.0066e-03   2.6972e+02
20191107_18:00:00   3.3825e-01   8.0906e+01   7.2052e+00   0.0000e+00   1.1350e-02   2.6780e+02
20191107_21:00:00   4.3793e-01   9.8482e+01   9.3101e+00   0.0000e+00   1.6047e-03   2.6692e+02
20191108_00:00:00   4.7512e-01   1.0465e+02   9.9308e+00   0.0000e+00   1.2465e-01   2.6539e+02
20191108_03:00:00   4.0776e-01   9.3276e+01   8.5498e+00   0.0000e+00   4.6268e-03   2.6666e+02
20191108_06:00:00   3.6669e-01   8.5536e+01   7.8419e+00   0.0000e+00   1.0746e-03   2.6580e+02
20191108_09:00:00   4.3093e-01   9.7297e+01   8.8940e+00   3.5920e-04   7.4810e-03   2.6477e+02
20191108_12:00:00   5.3806e-01   1.1515e+02   1.0284e+01   5.5422e-03   6.5148e-02   2.6610e+02
20191108_15:00:00   8.8705e-01   1.6118e+02   9.0498e+00   1.7775e-01   4.0670e-02   2.6599e+02
20191108_18:00:00   3.8529e-01   9.0141e+01   6.7530e+00   1.2274e-02   1.0864e-03   2.6213e+02
20191108_21:00:00   2.4265e-01   6.1712e+01   4.9217e+00   0.0000e+00   1.8588e-05   2.6155e+02
20191109_00:00:00   2.0169e-01   5.2791e+01   4.2360e+00   0.0000e+00   2.0573e-03   2.6303e+02
20191109_03:00:00   1.6532e-01   4.4480e+01   3.6071e+00   0.0000e+00   2.3363e-03   2.5960e+02
20191109_06:00:00   1.6655e-01   4.4359e+01   3.7255e+00   0.0000e+00   3.0822e-02   2.5762e+02
20191109_09:00:00   1.7319e-01   4.5774e+01   3.8639e+00   0.0000e+00   5.1724e-02   2.5927e+02
20191109_12:00:00   1.6716e-01   4.4819e+01   3.6628e+00   0.0000e+00   5.9096e-05   2.5874e+02
20191109_15:00:00   1.6283e-01   4.4256e+01   3.4763e+00   0.0000e+00   0.0000e+00   2.5701e+02
20191109_18:00:00   1.5615e-01   4.3079e+01   3.2661e+00   0.0000e+00   0.0000e+00   2.5843e+02
20191109_21:00:00   1.5800e-01   4.3676e+01   3.2801e+00   0.0000e+00   0.0000e+00   2.5831e+02
20191110_00:00:00   1.5064e-01   4.2136e+01   3.1038e+00   0.0000e+00   0.0000e+00   2.5908e+02
20191110_03:00:00   1.3443e-01   3.8408e+01   2.7365e+00   0.0000e+00   8.8340e-07   2.5894e+02
20191110_06:00:00   1.3062e-01   3.7450e+01   2.6837e+00   0.0000e+00   1.2485e-04   2.5921e+02
20191110_09:00:00   1.3295e-01   3.7980e+01   2.7381e+00   0.0000e+00   3.3961e-03   2.5857e+02
20191110_12:00:00   1.3356e-01   3.8108e+01   2.7509e+00   0.0000e+00   3.3298e-03   2.5973e+02
20191110_15:00:00   1.5275e-01   4.2229e+01   3.2655e+00   0.0000e+00   1.1618e-02   2.5738e+02
20191110_18:00:00   1.7872e-01   4.7695e+01   3.9555e+00   0.0000e+00   3.2293e-03   2.6237e+02
20191110_21:00:00   1.6742e-01   4.5288e+01   3.6439e+00   0.0000e+00   1.4370e-05   2.6537e+02
20191111_00:00:00   1.4246e-01   3.9896e+01   3.0042e+00   0.0000e+00   0.0000e+00   2.6325e+02
20191111_03:00:00   1.3168e-01   3.7491e+01   2.7433e+00   0.0000e+00   0.0000e+00   2.6170e+02
20191111_06:00:00   1.4850e-01   4.1299e+01   3.1658e+00   0.0000e+00   0.0000e+00   2.6075e+02
20191111_09:00:00   1.8298e-01   4.8826e+01   4.0203e+00   0.0000e+00   0.0000e+00   2.5683e+02
20191111_12:00:00   2.5293e-01   6.3757e+01   5.5659e+00   0.0000e+00   0.0000e+00   2.5910e+02
20191111_15:00:00   3.7227e-01   8.7212e+01   7.9907e+00   0.0000e+00   0.0000e+00   2.6095e+02
20191111_18:00:00   3.4676e-01   8.2366e+01   7.4940e+00   0.0000e+00   1.2344e-05   2.5937e+02
20191111_21:00:00   3.0947e-01   7.5149e+01   6.6877e+00   0.0000e+00   0.0000e+00   2.5792e+02
20191112_00:00:00   3.3588e-01   8.0319e+01   7.1787e+00   0.0000e+00   0.0000e+00   2.5623e+02
20191112_03:00:00   2.8654e-01   7.1151e+01   5.9711e+00   0.0000e+00   0.0000e+00   2.5865e+02
20191112_06:00:00   1.4195e-01   4.0171e+01   2.8244e+00   0.0000e+00   0.0000e+00   2.5517e+02
20191112_09:00:00   1.0701e-01   3.1521e+01   2.1796e+00   0.0000e+00   0.0000e+00   2.5570e+02
20191112_12:00:00   1.3885e-01   3.8671e+01   2.9964e+00   0.0000e+00   0.0000e+00   2.5693e+02
20191112_15:00:00   1.3734e-01   3.8457e+01   2.9218e+00   0.0000e+00   0.0000e+00   2.5451e+02
20191112_18:00:00   1.3098e-01   3.7079e+01   2.7543e+00   0.0000e+00   0.0000e+00   2.5292e+02
20191112_21:00:00   1.4339e-01   3.9986e+01   3.0202e+00   0.0000e+00   0.0000e+00   2.4762e+02
20191113_00:00:00   1.4234e-01   3.9846e+01   2.9710e+00   0.0000e+00   0.0000e+00   2.4837e+02
20191113_03:00:00   1.4477e-01   4.0464e+01   2.9945e+00   0.0000e+00   0.0000e+00   2.4501e+02
20191113_06:00:00   1.6373e-01   4.4769e+01   3.4253e+00   0.0000e+00   0.0000e+00   2.4502e+02
20191113_09:00:00   1.6664e-01   4.5313e+01   3.5403e+00   0.0000e+00   0.0000e+00   2.4793e+02
20191113_12:00:00   1.8026e-01   4.8344e+01   3.8354e+00   0.0000e+00   0.0000e+00   2.4619e+02
20191113_15:00:00   1.9883e-01   5.2267e+01   4.2927e+00   0.0000e+00   0.0000e+00   2.4767e+02
20191113_18:00:00   2.2428e-01   5.7563e+01   4.8831e+00   0.0000e+00   0.0000e+00   2.4986e+02
20191113_21:00:00   2.5226e-01   6.3398e+01   5.4896e+00   0.0000e+00   0.0000e+00   2.5218e+02
20191114_00:00:00   2.5000e-01   6.3214e+01   5.3676e+00   0.0000e+00   0.0000e+00   2.5331e+02
20191114_03:00:00   2.6646e-01   6.7007e+01   5.5837e+00   0.0000e+00   0.0000e+00   2.5354e+02
20191114_06:00:00   2.7284e-01   6.8525e+01   5.6868e+00   0.0000e+00   0.0000e+00   2.5400e+02
20191114_09:00:00   3.0599e-01   7.4969e+01   6.3851e+00   0.0000e+00   1.0255e-04   2.5428e+02
20191114_12:00:00   2.9687e-01   7.3106e+01   6.2336e+00   0.0000e+00   2.0044e-03   2.5631e+02
20191114_15:00:00   2.8932e-01   7.1688e+01   5.9827e+00   0.0000e+00   1.8123e-03   2.5925e+02
20191114_18:00:00   2.7365e-01   6.8953e+01   5.4380e+00   0.0000e+00   0.0000e+00   2.6202e+02
