#            date       tau225        Tb[K]      pwv[mm] lwp[kg*m^-2] iwp[kg*m^-2]       o3[DU]
20191013_06:00:00   0.0000e+00   0.0000e+00   0.0000e+00   0.0000e+00   0.0000e+00   0.0000e+00
20191013_07:00:00   0.0000e+00   2.7000e+00   0.0000e+00   0.0000e+00   0.0000e+00   0.0000e+00
20191013_08:00:00   1.4098e-01   4.0073e+01   2.7047e+00   0.0000e+00   0.0000e+00   2.7288e+02
20191013_09:00:00   0.0000e+00   0.0000e+00   0.0000e+00   0.0000e+00   0.0000e+00   0.0000e+00
20191013_10:00:00   0.0000e+00   0.0000e+00   0.0000e+00   0.0000e+00   0.0000e+00   0.0000e+00
20191013_11:00:00   1.2114e-01   3.5405e+01   2.3011e+00   0.0000e+00   0.0000e+00   2.7111e+02
20191013_12:00:00   7.5212e-01   1.4818e+02   1.3422e+01   4.6003e-03   0.0000e+00   2.6096e+02
20191013_13:00:00   9.0192e-01   1.6781e+02   1.2499e+01   6.3266e-02   0.0000e+00   2.6053e+02
20191013_14:00:00   0.0000e+00   2.7000e+00   0.0000e+00   0.0000e+00   0.0000e+00   0.0000e+00
20191013_15:00:00   0.0000e+00   0.0000e+00   0.0000e+00   0.0000e+00   0.0000e+00   0.0000e+00
20191013_16:00:00   0.0000e+00   0.0000e+00   0.0000e+00   0.0000e+00   0.0000e+00   0.0000e+00
20191013_17:00:00   1.0357e-01   3.1079e+01   1.9937e+00   0.0000e+00   0.0000e+00   2.6581e+02
20191013_18:00:00   1.0499e-01   3.1446e+01   2.0167e+00   0.0000e+00   0.0000e+00   2.6426e+02
20191013_19:00:00   1.1344e-01   3.3497e+01   2.1900e+00   0.0000e+00   0.0000e+00   2.6402e+02
20191013_20:00:00   1.2484e-01   3.6237e+01   2.4235e+00   0.0000e+00   0.0000e+00   2.6284e+02
20191013_21:00:00   0.0000e+00   0.0000e+00   0.0000e+00   0.0000e+00   0.0000e+00   0.0000e+00
20191013_22:00:00   1.7144e-01   4.5672e+01   4.0677e+00   0.0000e+00   2.2216e-04   2.5925e+02
20191013_23:00:00   1.8906e-01   5.1075e+01   3.6954e+00   0.0000e+00   0.0000e+00   2.6141e+02
20191014_00:00:00   0.0000e+00   0.0000e+00   0.0000e+00   0.0000e+00   0.0000e+00   0.0000e+00
20191014_01:00:00   2.0772e-01   5.5135e+01   4.1042e+00   0.0000e+00   0.0000e+00   2.6435e+02
20191014_02:00:00   2.1027e-01   5.5716e+01   4.1480e+00   0.0000e+00   0.0000e+00   2.6456e+02
20191014_03:00:00   0.0000e+00   2.7000e+00   0.0000e+00   0.0000e+00   0.0000e+00   0.0000e+00
20191014_04:00:00   2.0182e-01   5.3895e+01   3.9751e+00   0.0000e+00   0.0000e+00   2.6261e+02
20191014_05:00:00   1.9612e-01   5.2657e+01   3.8643e+00   0.0000e+00   0.0000e+00   2.6239e+02
20191014_06:00:00   1.9130e-01   5.1577e+01   3.7754e+00   0.0000e+00   0.0000e+00   2.6234e+02
20191014_07:00:00   0.0000e+00   0.0000e+00   0.0000e+00   0.0000e+00   0.0000e+00   0.0000e+00
20191014_08:00:00   0.0000e+00   0.0000e+00   0.0000e+00   0.0000e+00   0.0000e+00   0.0000e+00
20191014_09:00:00   0.0000e+00   2.7000e+00   0.0000e+00   0.0000e+00   0.0000e+00   0.0000e+00
20191014_10:00:00   1.9921e-01   5.3193e+01   3.9214e+00   0.0000e+00   0.0000e+00   2.6010e+02
20191014_11:00:00   1.9340e-01   5.1882e+01   3.8097e+00   0.0000e+00   0.0000e+00   2.5914e+02
20191014_12:00:00   0.0000e+00   0.0000e+00   0.0000e+00   0.0000e+00   0.0000e+00   0.0000e+00
20191014_13:00:00   1.6716e-01   4.5950e+01   3.3298e+00   0.0000e+00   0.0000e+00   2.5945e+02
20191014_14:00:00   1.6163e-01   4.4657e+01   3.2359e+00   0.0000e+00   0.0000e+00   2.5958e+02
20191014_15:00:00   1.6745e-01   4.5966e+01   3.3563e+00   0.0000e+00   0.0000e+00   2.5940e+02
20191014_16:00:00   1.7290e-01   4.7189e+01   3.4680e+00   0.0000e+00   0.0000e+00   2.6030e+02
20191014_17:00:00   1.7770e-01   4.8285e+01   3.5440e+00   0.0000e+00   0.0000e+00   2.6121e+02
20191014_18:00:00   3.2139e-01   7.8596e+01   6.6942e+00   0.0000e+00   0.0000e+00   2.5625e+02
20191014_19:00:00   2.1550e-01   5.6765e+01   4.1290e+00   0.0000e+00   0.0000e+00   2.6111e+02
20191014_20:00:00   0.0000e+00   0.0000e+00   0.0000e+00   0.0000e+00   0.0000e+00   0.0000e+00
20191014_21:00:00   0.0000e+00   2.7000e+00   0.0000e+00   0.0000e+00   0.0000e+00   0.0000e+00
20191014_22:00:00   0.0000e+00   0.0000e+00   0.0000e+00   0.0000e+00   0.0000e+00   0.0000e+00
20191014_23:00:00   2.5813e-01   6.5921e+01   4.8381e+00   0.0000e+00   0.0000e+00   2.6174e+02
20191015_00:00:00   2.6081e-01   6.6457e+01   4.9023e+00   0.0000e+00   0.0000e+00   2.6164e+02
20191015_01:00:00   0.0000e+00   0.0000e+00   0.0000e+00   0.0000e+00   0.0000e+00   0.0000e+00
20191015_02:00:00   2.2777e-01   5.9551e+01   4.3144e+00   0.0000e+00   0.0000e+00   2.6215e+02
20191015_03:00:00   0.0000e+00   2.7000e+00   0.0000e+00   0.0000e+00   0.0000e+00   0.0000e+00
20191015_04:00:00   0.0000e+00   0.0000e+00   0.0000e+00   0.0000e+00   0.0000e+00   0.0000e+00
20191015_05:00:00   3.0646e-01   7.6255e+01   5.6730e+00   0.0000e+00   0.0000e+00   2.6707e+02
20191015_06:00:00   2.2453e-01   5.8839e+01   4.2139e+00   0.0000e+00   0.0000e+00   2.6641e+02
20191015_07:00:00   0.0000e+00   2.7000e+00   0.0000e+00   0.0000e+00   0.0000e+00   0.0000e+00
20191015_08:00:00   2.1053e-01   5.5706e+01   3.9890e+00   0.0000e+00   0.0000e+00   2.6856e+02
20191015_09:00:00   0.0000e+00   0.0000e+00   0.0000e+00   0.0000e+00   0.0000e+00   0.0000e+00
20191015_10:00:00   1.9176e-01   5.1618e+01   3.6188e+00   0.0000e+00   0.0000e+00   2.6994e+02
20191015_11:00:00   0.0000e+00   2.7000e+00   0.0000e+00   0.0000e+00   0.0000e+00   0.0000e+00
20191015_12:00:00   0.0000e+00   0.0000e+00   0.0000e+00   0.0000e+00   0.0000e+00   0.0000e+00
20191015_13:00:00   1.4839e-01   4.1824e+01   2.7709e+00   0.0000e+00   0.0000e+00   2.7558e+02
20191015_14:00:00   0.0000e+00   0.0000e+00   0.0000e+00   0.0000e+00   0.0000e+00   0.0000e+00
20191015_15:00:00   1.2614e-01   3.6645e+01   2.3178e+00   0.0000e+00   0.0000e+00   2.7625e+02
20191015_16:00:00   0.0000e+00   0.0000e+00   0.0000e+00   0.0000e+00   0.0000e+00   0.0000e+00
20191015_17:00:00   1.0761e-01   3.2269e+01   1.9197e+00   0.0000e+00   0.0000e+00   2.7669e+02
20191015_18:00:00   1.0266e-01   3.1101e+01   1.8111e+00   0.0000e+00   0.0000e+00   2.7749e+02
20191015_19:00:00   9.7652e-02   2.9894e+01   1.7167e+00   0.0000e+00   0.0000e+00   2.7783e+02
20191015_20:00:00   0.0000e+00   0.0000e+00   0.0000e+00   0.0000e+00   0.0000e+00   0.0000e+00
20191015_21:00:00   0.0000e+00   2.7000e+00   0.0000e+00   0.0000e+00   0.0000e+00   0.0000e+00
20191015_22:00:00   1.1796e-01   3.4939e+01   2.1229e+00   0.0000e+00   0.0000e+00   2.7747e+02
20191015_23:00:00   3.9124e-01   9.3681e+01   7.0971e+00   0.0000e+00   0.0000e+00   2.8089e+02
20191016_00:00:00   0.0000e+00   2.7000e+00   0.0000e+00   0.0000e+00   0.0000e+00   0.0000e+00
20191016_01:00:00   8.7590e-02   2.7423e+01   1.5621e+00   0.0000e+00   0.0000e+00   2.7968e+02
20191016_02:00:00   9.4821e-02   2.9232e+01   1.7216e+00   0.0000e+00   0.0000e+00   2.7923e+02
20191016_03:00:00   1.0655e-01   3.2146e+01   1.9559e+00   0.0000e+00   0.0000e+00   2.7902e+02
20191016_04:00:00   1.0457e-01   3.1669e+01   1.9173e+00   0.0000e+00   0.0000e+00   2.7946e+02
20191016_05:00:00   9.7396e-02   2.9896e+01   1.7801e+00   0.0000e+00   0.0000e+00   2.8050e+02
20191016_06:00:00   0.0000e+00   0.0000e+00   0.0000e+00   0.0000e+00   0.0000e+00   0.0000e+00
20191016_07:00:00   0.0000e+00   0.0000e+00   0.0000e+00   0.0000e+00   0.0000e+00   0.0000e+00
20191016_08:00:00   1.0358e-01   3.1358e+01   1.9117e+00   0.0000e+00   0.0000e+00   2.8039e+02
20191016_09:00:00   1.1215e-01   3.3464e+01   2.0867e+00   0.0000e+00   0.0000e+00   2.7903e+02
20191016_10:00:00   1.1369e-01   3.3860e+01   2.1186e+00   0.0000e+00   0.0000e+00   2.7662e+02
20191016_11:00:00   1.0758e-01   3.2415e+01   1.9911e+00   0.0000e+00   0.0000e+00   2.7491e+02
20191016_12:00:00   0.0000e+00   0.0000e+00   0.0000e+00   0.0000e+00   0.0000e+00   0.0000e+00
20191016_13:00:00   0.0000e+00   0.0000e+00   0.0000e+00   0.0000e+00   0.0000e+00   0.0000e+00
20191016_14:00:00   8.7234e-02   2.7406e+01   1.5752e+00   0.0000e+00   0.0000e+00   2.7395e+02
20191016_15:00:00   0.0000e+00   0.0000e+00   0.0000e+00   0.0000e+00   0.0000e+00   0.0000e+00
20191016_16:00:00   0.0000e+00   0.0000e+00   0.0000e+00   0.0000e+00   0.0000e+00   0.0000e+00
20191016_17:00:00   5.9941e-02   2.0438e+01   1.0183e+00   0.0000e+00   2.0600e-05   2.6866e+02
20191016_18:00:00   5.5739e-02   1.9324e+01   9.3189e-01   0.0000e+00   1.0734e-04   2.6700e+02
20191016_19:00:00   5.8539e-02   2.0075e+01   9.9274e-01   0.0000e+00   8.3460e-05   2.6573e+02
20191016_20:00:00   0.0000e+00   0.0000e+00   0.0000e+00   0.0000e+00   0.0000e+00   0.0000e+00
20191016_21:00:00   0.0000e+00   2.7000e+00   0.0000e+00   0.0000e+00   0.0000e+00   0.0000e+00
20191016_22:00:00   8.0772e-02   2.5834e+01   1.4680e+00   0.0000e+00   4.4856e-05   2.6351e+02
20191016_23:00:00   7.9276e-02   2.5450e+01   1.4471e+00   0.0000e+00   4.7546e-05   2.6274e+02
20191017_00:00:00   0.0000e+00   0.0000e+00   0.0000e+00   0.0000e+00   0.0000e+00   0.0000e+00
20191017_01:00:00   1.0151e-01   3.1058e+01   1.9074e+00   0.0000e+00   0.0000e+00   2.6208e+02
20191017_02:00:00   0.0000e+00   0.0000e+00   0.0000e+00   0.0000e+00   0.0000e+00   0.0000e+00
20191017_03:00:00   0.0000e+00   0.0000e+00   0.0000e+00   0.0000e+00   0.0000e+00   0.0000e+00
20191017_04:00:00   1.3118e-01   3.8219e+01   2.5548e+00   0.0000e+00   7.9015e-05   2.6195e+02
20191017_05:00:00   0.0000e+00   0.0000e+00   0.0000e+00   0.0000e+00   0.0000e+00   0.0000e+00
20191017_06:00:00   1.3053e-01   3.8016e+01   2.5735e+00   0.0000e+00   0.0000e+00   2.6148e+02
20191017_07:00:00   0.0000e+00   0.0000e+00   0.0000e+00   0.0000e+00   0.0000e+00   0.0000e+00
20191017_08:00:00   0.0000e+00   0.0000e+00   0.0000e+00   0.0000e+00   0.0000e+00   0.0000e+00
20191017_09:00:00   1.0944e-01   3.2764e+01   2.1701e+00   0.0000e+00   2.3340e-04   2.6263e+02
20191017_10:00:00   1.0898e-01   3.2636e+01   2.1497e+00   0.0000e+00   4.4900e-04   2.6299e+02
20191017_11:00:00   1.0908e-01   3.2740e+01   2.1161e+00   0.0000e+00   1.4066e-05   2.6189e+02
20191017_12:00:00   1.1414e-01   3.3925e+01   2.2413e+00   0.0000e+00   7.3720e-05   2.6054e+02
20191017_13:00:00   1.1670e-01   3.4499e+01   2.3147e+00   0.0000e+00   0.0000e+00   2.5987e+02
20191017_14:00:00   1.2187e-01   3.5755e+01   2.4173e+00   0.0000e+00   0.0000e+00   2.6020e+02
20191017_15:00:00   1.4218e-01   4.0610e+01   2.8242e+00   0.0000e+00   0.0000e+00   2.6082e+02
20191017_16:00:00   0.0000e+00   0.0000e+00   0.0000e+00   0.0000e+00   0.0000e+00   0.0000e+00
20191017_17:00:00   5.9954e-01   1.3045e+02   1.0702e+01   0.0000e+00   0.0000e+00   2.6180e+02
20191017_18:00:00   1.7750e-01   4.8797e+01   3.5699e+00   0.0000e+00   0.0000e+00   2.6044e+02
20191017_19:00:00   2.2871e-01   5.9473e+01   4.7265e+00   0.0000e+00   0.0000e+00   2.6013e+02
20191017_20:00:00   3.0057e-01   7.5091e+01   5.7763e+00   0.0000e+00   3.5920e-05   2.5790e+02
20191017_21:00:00   4.0787e-01   9.5388e+01   7.4456e+00   8.4630e-03   3.8755e-04   2.5742e+02
20191017_22:00:00   2.0549e-05   2.7118e+00   0.0000e+00   0.0000e+00   0.0000e+00   3.5250e+01
20191017_23:00:00   3.6264e-01   8.6823e+01   7.2165e+00   0.0000e+00   2.3240e-05   2.6298e+02
20191018_00:00:00   2.9553e-01   7.3632e+01   6.0188e+00   0.0000e+00   0.0000e+00   2.6750e+02
20191018_01:00:00   0.0000e+00   0.0000e+00   0.0000e+00   0.0000e+00   0.0000e+00   0.0000e+00
20191018_02:00:00   2.0889e-01   5.5427e+01   4.2966e+00   0.0000e+00   0.0000e+00   2.6684e+02
20191018_03:00:00   3.7753e-02   1.3047e+01   3.0655e-01   0.0000e+00   2.6883e-03   2.0355e+02
20191018_04:00:00   6.1498e+04   2.2440e+02   1.1705e+00   9.3090e-04   2.3052e+06   2.6773e+02
20191018_05:00:00   1.0551e-01   3.1653e+01   2.0905e+00   0.0000e+00   0.0000e+00   2.6877e+02
20191018_06:00:00   3.7760e-02   1.3061e+01   3.0801e-01   0.0000e+00   1.8311e-03   2.0802e+02
20191018_09:00:00   1.2079e-01   3.5293e+01   2.4920e+00   0.0000e+00   0.0000e+00   2.6713e+02
20191018_12:00:00   1.5044e-01   4.2123e+01   3.2415e+00   0.0000e+00   0.0000e+00   2.6489e+02
20191018_15:00:00   1.4842e-01   4.1761e+01   3.1558e+00   0.0000e+00   0.0000e+00   2.6496e+02
20191018_18:00:00   1.4477e-01   4.1075e+01   2.9822e+00   0.0000e+00   0.0000e+00   2.6525e+02
20191018_21:00:00   0.0000e+00   0.0000e+00   0.0000e+00   0.0000e+00   0.0000e+00   0.0000e+00
20191019_00:00:00   1.1880e-01   3.4644e+01   2.4984e+00   0.0000e+00   0.0000e+00   2.6396e+02
20191019_03:00:00   2.2402e-01   5.8310e+01   4.1958e+00   5.2520e-04   2.5580e-03   2.6470e+02
20191019_06:00:00   9.1424e+03   1.4321e+02   3.9903e-01   0.0000e+00   7.3030e+05   2.6153e+02
20191019_09:00:00   3.0878e-06   2.7025e+00   0.0000e+00   0.0000e+00   0.0000e+00   1.0344e+01
20191019_12:00:00   0.0000e+00   2.7000e+00   0.0000e+00   0.0000e+00   0.0000e+00   0.0000e+00
20191019_15:00:00   0.0000e+00   2.7000e+00   0.0000e+00   0.0000e+00   0.0000e+00   0.0000e+00
20191019_18:00:00   1.3988e-01   3.9385e+01   3.0207e+00   0.0000e+00   0.0000e+00   2.6367e+02
20191019_21:00:00   0.0000e+00   0.0000e+00   0.0000e+00   0.0000e+00   0.0000e+00   0.0000e+00
20191020_00:00:00   1.5990e-01   4.4063e+01   3.4261e+00   0.0000e+00   0.0000e+00   2.6790e+02
20191020_03:00:00   3.4158e-01   8.4657e+01   6.6022e+00   0.0000e+00   0.0000e+00   2.6346e+02
20191020_06:00:00   3.3791e-01   8.4093e+01   6.3531e+00   0.0000e+00   0.0000e+00   2.7459e+02
20191020_09:00:00   0.0000e+00   0.0000e+00   0.0000e+00   0.0000e+00   0.0000e+00   0.0000e+00
20191020_12:00:00   1.5140e-01   4.2130e+01   3.2264e+00   0.0000e+00   0.0000e+00   2.7353e+02
20191020_15:00:00   1.5334e-01   4.2625e+01   3.2160e+00   0.0000e+00   0.0000e+00   2.7697e+02
20191020_18:00:00   1.6063e-01   4.4218e+01   3.3510e+00   0.0000e+00   0.0000e+00   2.7635e+02
20191020_21:00:00   0.0000e+00   0.0000e+00   0.0000e+00   0.0000e+00   0.0000e+00   0.0000e+00
20191021_00:00:00   0.0000e+00   0.0000e+00   0.0000e+00   0.0000e+00   0.0000e+00   0.0000e+00
20191021_03:00:00   0.0000e+00   0.0000e+00   0.0000e+00   0.0000e+00   0.0000e+00   0.0000e+00
20191021_06:00:00   0.0000e+00   0.0000e+00   0.0000e+00   0.0000e+00   0.0000e+00   0.0000e+00
20191021_09:00:00   0.0000e+00   2.7000e+00   0.0000e+00   0.0000e+00   0.0000e+00   0.0000e+00
20191021_12:00:00   4.8919e-02   1.7120e+01   7.9315e-01   0.0000e+00   0.0000e+00   2.7373e+02
20191021_15:00:00   0.0000e+00   0.0000e+00   0.0000e+00   0.0000e+00   0.0000e+00   0.0000e+00
20191021_18:00:00   6.9315e-02   2.2274e+01   1.0941e+00   0.0000e+00   0.0000e+00   2.7963e+02
20191021_21:00:00   9.9636e-02   2.9586e+01   1.6780e+00   0.0000e+00   0.0000e+00   2.7668e+02
20191022_00:00:00   0.0000e+00   0.0000e+00   0.0000e+00   0.0000e+00   0.0000e+00   0.0000e+00
20191022_03:00:00   8.1914e-01   1.5573e+02   1.6832e+01   0.0000e+00   2.1930e-01   2.4688e+02
20191022_06:00:00   0.0000e+00   0.0000e+00   0.0000e+00   0.0000e+00   0.0000e+00   0.0000e+00
20191022_09:00:00   0.0000e+00   0.0000e+00   0.0000e+00   0.0000e+00   0.0000e+00   0.0000e+00
20191022_12:00:00   0.0000e+00   0.0000e+00   0.0000e+00   0.0000e+00   0.0000e+00   0.0000e+00
20191022_15:00:00   8.3939e-02   2.5948e+01   1.4948e+00   0.0000e+00   0.0000e+00   2.7254e+02
20191022_18:00:00   2.4685e-01   6.1922e+01   5.8866e+00   2.2410e-04   2.6890e-04   2.4448e+02
20191022_21:00:00   8.5446e-02   2.6462e+01   1.5566e+00   0.0000e+00   0.0000e+00   2.6534e+02
20191023_00:00:00   9.1819e-02   2.8140e+01   1.7099e+00   0.0000e+00   0.0000e+00   2.6425e+02
20191023_03:00:00   0.0000e+00   0.0000e+00   0.0000e+00   0.0000e+00   0.0000e+00   0.0000e+00
20191023_06:00:00   1.0285e-01   3.0853e+01   1.9978e+00   0.0000e+00   0.0000e+00   2.5917e+02
20191023_09:00:00   1.1193e-01   3.2992e+01   2.2168e+00   0.0000e+00   0.0000e+00   2.5923e+02
20191023_12:00:00   1.1529e-01   3.3822e+01   2.2806e+00   0.0000e+00   0.0000e+00   2.5750e+02
20191023_15:00:00   0.0000e+00   0.0000e+00   0.0000e+00   0.0000e+00   0.0000e+00   0.0000e+00
20191023_18:00:00   1.4036e-01   3.9743e+01   2.8352e+00   0.0000e+00   0.0000e+00   2.5519e+02
20191023_21:00:00   0.0000e+00   0.0000e+00   0.0000e+00   0.0000e+00   0.0000e+00   0.0000e+00
20191024_00:00:00   1.6172e-01   4.4739e+01   3.3136e+00   0.0000e+00   0.0000e+00   2.5576e+02
20191024_03:00:00   1.7609e-01   4.8006e+01   3.6160e+00   0.0000e+00   0.0000e+00   2.5634e+02
20191024_06:00:00   1.7408e-01   4.7653e+01   3.5392e+00   0.0000e+00   0.0000e+00   2.5475e+02
20191024_09:00:00   1.7723e-01   4.8329e+01   3.5834e+00   0.0000e+00   0.0000e+00   2.5480e+02
20191024_12:00:00   0.0000e+00   0.0000e+00   0.0000e+00   0.0000e+00   0.0000e+00   0.0000e+00
20191024_15:00:00   2.6674e-01   6.8743e+01   5.2174e+00   0.0000e+00   0.0000e+00   2.5650e+02
20191024_18:00:00   0.0000e+00   0.0000e+00   0.0000e+00   0.0000e+00   0.0000e+00   0.0000e+00
20191024_21:00:00   0.0000e+00   2.7000e+00   0.0000e+00   0.0000e+00   0.0000e+00   0.0000e+00
20191025_00:00:00   0.0000e+00   2.7000e+00   0.0000e+00   0.0000e+00   0.0000e+00   0.0000e+00
20191025_03:00:00   1.3737e-01   3.9140e+01   2.7707e+00   0.0000e+00   0.0000e+00   2.5848e+02
20191025_06:00:00   2.4817e-01   6.4918e+01   4.8855e+00   0.0000e+00   0.0000e+00   2.5740e+02
20191025_09:00:00   1.3056e-01   3.7460e+01   2.6704e+00   0.0000e+00   0.0000e+00   2.5790e+02
20191025_12:00:00   0.0000e+00   0.0000e+00   0.0000e+00   0.0000e+00   0.0000e+00   0.0000e+00
20191025_15:00:00   0.0000e+00   0.0000e+00   0.0000e+00   0.0000e+00   0.0000e+00   0.0000e+00
20191025_18:00:00   0.0000e+00   0.0000e+00   0.0000e+00   0.0000e+00   0.0000e+00   0.0000e+00
20191025_21:00:00   0.0000e+00   0.0000e+00   0.0000e+00   0.0000e+00   0.0000e+00   0.0000e+00
20191026_00:00:00   2.6280e-01   6.7764e+01   5.2461e+00   0.0000e+00   0.0000e+00   2.6005e+02
20191026_03:00:00   1.6855e-01   4.6146e+01   3.5539e+00   0.0000e+00   0.0000e+00   2.5863e+02
20191026_06:00:00   1.6040e-01   4.4291e+01   3.3740e+00   0.0000e+00   0.0000e+00   2.5704e+02
20191026_09:00:00   1.5554e-01   4.3179e+01   3.2492e+00   0.0000e+00   0.0000e+00   2.5708e+02
20191026_12:00:00   1.5102e-01   4.2111e+01   3.1225e+00   0.0000e+00   0.0000e+00   2.6060e+02
20191026_15:00:00   0.0000e+00   0.0000e+00   0.0000e+00   0.0000e+00   0.0000e+00   0.0000e+00
20191026_18:00:00   1.5106e-01   4.2037e+01   3.1136e+00   0.0000e+00   0.0000e+00   2.5796e+02
20191026_21:00:00   1.7725e-01   4.8054e+01   3.5410e+00   0.0000e+00   0.0000e+00   2.5762e+02
20191027_00:00:00   0.0000e+00   0.0000e+00   0.0000e+00   0.0000e+00   0.0000e+00   0.0000e+00
20191027_03:00:00   1.4437e-01   4.0623e+01   2.8190e+00   0.0000e+00   0.0000e+00   2.5896e+02
20191027_06:00:00   1.2203e-01   3.5252e+01   2.3772e+00   0.0000e+00   0.0000e+00   2.5958e+02
20191027_09:00:00   1.0768e-01   3.1711e+01   2.0905e+00   0.0000e+00   0.0000e+00   2.6030e+02
20191027_12:00:00   0.0000e+00   0.0000e+00   0.0000e+00   0.0000e+00   0.0000e+00   0.0000e+00
20191027_15:00:00   0.0000e+00   0.0000e+00   0.0000e+00   0.0000e+00   0.0000e+00   0.0000e+00
20191027_18:00:00   1.4846e-01   4.1131e+01   2.7575e+00   0.0000e+00   0.0000e+00   2.6156e+02
20191027_21:00:00   1.2667e-01   3.6249e+01   2.1901e+00   0.0000e+00   0.0000e+00   2.6160e+02
20191028_00:00:00   4.9311e-02   1.7325e+01   7.2629e-01   0.0000e+00   0.0000e+00   2.5987e+02
20191028_03:00:00   0.0000e+00   0.0000e+00   0.0000e+00   0.0000e+00   0.0000e+00   0.0000e+00
20191028_06:00:00   0.0000e+00   0.0000e+00   0.0000e+00   0.0000e+00   0.0000e+00   0.0000e+00
20191028_09:00:00   0.0000e+00   0.0000e+00   0.0000e+00   0.0000e+00   0.0000e+00   0.0000e+00
20191028_12:00:00   4.6400e-02   1.6634e+01   7.3834e-01   0.0000e+00   0.0000e+00   2.6195e+02
20191028_15:00:00   5.4353e-02   1.8655e+01   9.2175e-01   0.0000e+00   0.0000e+00   2.6263e+02
20191028_18:00:00   0.0000e+00   0.0000e+00   0.0000e+00   0.0000e+00   0.0000e+00   0.0000e+00
20191028_21:00:00   0.0000e+00   2.7000e+00   0.0000e+00   0.0000e+00   0.0000e+00   0.0000e+00
20191029_00:00:00   7.2123e-02   2.3122e+01   1.3375e+00   0.0000e+00   0.0000e+00   2.6326e+02
20191029_03:00:00   7.0811e-02   2.2829e+01   1.3012e+00   0.0000e+00   0.0000e+00   2.6417e+02
20191029_06:00:00   7.1219e-02   2.2916e+01   1.3170e+00   0.0000e+00   0.0000e+00   2.6251e+02
