#            date       tau225        Tb[K]      pwv[mm] lwp[kg*m^-2] iwp[kg*m^-2]       o3[DU]
20191026_06:00:00   9.7796e-02   2.9916e+01   1.8684e+00   0.0000e+00   0.0000e+00   2.8408e+02
20191026_07:00:00   9.4429e-02   2.9083e+01   1.7931e+00   0.0000e+00   0.0000e+00   2.8325e+02
20191026_08:00:00   9.0991e-02   2.8210e+01   1.7192e+00   0.0000e+00   0.0000e+00   2.8344e+02
20191026_09:00:00   8.4417e-02   2.6542e+01   1.5859e+00   0.0000e+00   0.0000e+00   2.8239e+02
20191026_10:00:00   8.3456e-02   2.6274e+01   1.5732e+00   0.0000e+00   0.0000e+00   2.8166e+02
20191026_11:00:00   8.9279e-02   2.7712e+01   1.7097e+00   0.0000e+00   0.0000e+00   2.8168e+02
20191026_12:00:00   9.7431e-02   2.9735e+01   1.8911e+00   0.0000e+00   0.0000e+00   2.8091e+02
20191026_13:00:00   1.0217e-01   3.0906e+01   1.9987e+00   0.0000e+00   0.0000e+00   2.7967e+02
20191026_14:00:00   1.0379e-01   3.1298e+01   2.0405e+00   0.0000e+00   0.0000e+00   2.7856e+02
20191026_15:00:00   1.0424e-01   3.1407e+01   2.0568e+00   0.0000e+00   0.0000e+00   2.7815e+02
20191026_16:00:00   1.0460e-01   3.1510e+01   2.0635e+00   0.0000e+00   0.0000e+00   2.7810e+02
20191026_17:00:00   1.0508e-01   3.1631e+01   2.0719e+00   0.0000e+00   0.0000e+00   2.7699e+02
20191026_18:00:00   1.0606e-01   3.1863e+01   2.0962e+00   0.0000e+00   0.0000e+00   2.7646e+02
20191026_19:00:00   1.0655e-01   3.1981e+01   2.1116e+00   0.0000e+00   0.0000e+00   2.7766e+02
20191026_20:00:00   1.0911e-01   3.2610e+01   2.1671e+00   0.0000e+00   0.0000e+00   2.7831e+02
20191026_21:00:00   1.1132e-01   3.3180e+01   2.2073e+00   0.0000e+00   0.0000e+00   2.7955e+02
20191026_22:00:00   1.0977e-01   3.2838e+01   2.1638e+00   0.0000e+00   0.0000e+00   2.7984e+02
20191026_23:00:00   1.0386e-01   3.1405e+01   2.0301e+00   0.0000e+00   0.0000e+00   2.8065e+02
20191027_00:00:00   1.0008e-01   3.0467e+01   1.9503e+00   0.0000e+00   0.0000e+00   2.8092e+02
20191027_01:00:00   1.0354e-01   3.1300e+01   2.0214e+00   0.0000e+00   0.0000e+00   2.7918e+02
20191027_02:00:00   1.0713e-01   3.2183e+01   2.0930e+00   0.0000e+00   0.0000e+00   2.7906e+02
20191027_03:00:00   1.0888e-01   3.2607e+01   2.1278e+00   0.0000e+00   0.0000e+00   2.7972e+02
20191027_04:00:00   1.0873e-01   3.2573e+01   2.1202e+00   0.0000e+00   0.0000e+00   2.8001e+02
20191027_05:00:00   1.0780e-01   3.2361e+01   2.0931e+00   0.0000e+00   0.0000e+00   2.8136e+02
20191027_06:00:00   1.0434e-01   3.1507e+01   2.0088e+00   0.0000e+00   0.0000e+00   2.8187e+02
20191027_07:00:00   1.0096e-01   3.0648e+01   1.9322e+00   0.0000e+00   0.0000e+00   2.8052e+02
20191027_08:00:00   1.0094e-01   3.0646e+01   1.9312e+00   0.0000e+00   0.0000e+00   2.7844e+02
20191027_09:00:00   9.8395e-02   3.0015e+01   1.8808e+00   0.0000e+00   0.0000e+00   2.7748e+02
20191027_10:00:00   9.4397e-02   2.9010e+01   1.7957e+00   0.0000e+00   0.0000e+00   2.7717e+02
20191027_11:00:00   8.8897e-02   2.7628e+01   1.6751e+00   0.0000e+00   0.0000e+00   2.7716e+02
20191027_12:00:00   8.5366e-02   2.6720e+01   1.6043e+00   0.0000e+00   0.0000e+00   2.7749e+02
20191027_13:00:00   8.8675e-02   2.7497e+01   1.6894e+00   0.0000e+00   0.0000e+00   2.7790e+02
20191027_14:00:00   9.4529e-02   2.8875e+01   1.8374e+00   0.0000e+00   0.0000e+00   2.7770e+02
20191027_15:00:00   9.9608e-02   3.0069e+01   1.9687e+00   0.0000e+00   0.0000e+00   2.7661e+02
20191027_16:00:00   1.0574e-01   3.1544e+01   2.1089e+00   0.0000e+00   0.0000e+00   2.7772e+02
20191027_17:00:00   1.0678e-01   3.1752e+01   2.1385e+00   0.0000e+00   0.0000e+00   2.7767e+02
20191027_18:00:00   1.0575e-01   3.1472e+01   2.1212e+00   0.0000e+00   0.0000e+00   2.7634e+02
20191027_19:00:00   1.0953e-01   3.2400e+01   2.1893e+00   0.0000e+00   0.0000e+00   2.7554e+02
20191027_20:00:00   1.1841e-01   3.4532e+01   2.3743e+00   0.0000e+00   0.0000e+00   2.7592e+02
20191027_21:00:00   1.2482e-01   3.6008e+01   2.5154e+00   0.0000e+00   0.0000e+00   2.7667e+02
20191027_22:00:00   1.2382e-01   3.5790e+01   2.4857e+00   0.0000e+00   0.0000e+00   2.7755e+02
20191027_23:00:00   1.2024e-01   3.4947e+01   2.4021e+00   0.0000e+00   0.0000e+00   2.7703e+02
20191028_00:00:00   1.1975e-01   3.4798e+01   2.3914e+00   0.0000e+00   0.0000e+00   2.7640e+02
20191028_01:00:00   1.2025e-01   3.4886e+01   2.4042e+00   0.0000e+00   0.0000e+00   2.7566e+02
20191028_02:00:00   1.1833e-01   3.4385e+01   2.3652e+00   0.0000e+00   0.0000e+00   2.7540e+02
20191028_03:00:00   1.1425e-01   3.3368e+01   2.2794e+00   0.0000e+00   0.0000e+00   2.7492e+02
20191028_04:00:00   1.1634e-01   3.3811e+01   2.3468e+00   0.0000e+00   0.0000e+00   2.7505e+02
20191028_05:00:00   1.1450e-01   3.3362e+01   2.3083e+00   0.0000e+00   4.6460e-06   2.7533e+02
20191028_06:00:00   1.1871e-01   3.4337e+01   2.3654e+00   0.0000e+00   5.3621e-04   2.7636e+02
20191028_07:00:00   1.1905e-01   3.4414e+01   2.3420e+00   0.0000e+00   4.8143e-04   2.7807e+02
20191028_08:00:00   1.0941e-01   3.2228e+01   2.1151e+00   0.0000e+00   1.4314e-05   2.7873e+02
20191028_09:00:00   1.1708e-01   3.4151e+01   2.2008e+00   0.0000e+00   1.1144e-05   2.8001e+02
20191028_10:00:00   1.1334e-01   3.3298e+01   2.0904e+00   0.0000e+00   3.9713e-05   2.8104e+02
20191028_11:00:00   9.6894e-02   2.9344e+01   1.7484e+00   0.0000e+00   2.0800e-05   2.8168e+02
20191028_12:00:00   7.2466e-02   2.3266e+01   1.2480e+00   0.0000e+00   5.0200e-06   2.8115e+02
20191028_13:00:00   5.8611e-02   1.9702e+01   9.6991e-01   0.0000e+00   2.2560e-05   2.8170e+02
20191028_14:00:00   5.0667e-02   1.7593e+01   8.1695e-01   0.0000e+00   4.4120e-05   2.8365e+02
20191028_15:00:00   4.6006e-02   1.6319e+01   7.3162e-01   0.0000e+00   1.6842e-04   2.8543e+02
20191028_16:00:00   4.4159e-02   1.5789e+01   7.0393e-01   0.0000e+00   2.3868e-04   2.8564e+02
20191028_17:00:00   4.5237e-02   1.6063e+01   7.3250e-01   0.0000e+00   1.8570e-04   2.8394e+02
20191028_18:00:00   4.9090e-02   1.7077e+01   8.1870e-01   0.0000e+00   8.0429e-05   2.8197e+02
20191028_19:00:00   5.5546e-02   1.8748e+01   9.6474e-01   0.0000e+00   0.0000e+00   2.8299e+02
20191028_20:00:00   6.1221e-02   2.0190e+01   1.0968e+00   0.0000e+00   0.0000e+00   2.8284e+02
20191028_21:00:00   6.4721e-02   2.1073e+01   1.1778e+00   0.0000e+00   5.9480e-05   2.8451e+02
20191028_22:00:00   6.6384e-02   2.1495e+01   1.2155e+00   0.0000e+00   6.6400e-05   2.8670e+02
20191028_23:00:00   6.6874e-02   2.1612e+01   1.2294e+00   0.0000e+00   0.0000e+00   2.8678e+02
20191029_00:00:00   6.6173e-02   2.1417e+01   1.2188e+00   0.0000e+00   0.0000e+00   2.8601e+02
20191029_01:00:00   6.6120e-02   2.1384e+01   1.2241e+00   0.0000e+00   3.5440e-05   2.8535e+02
20191029_02:00:00   6.6507e-02   2.1469e+01   1.2361e+00   0.0000e+00   4.2927e-05   2.8567e+02
20191029_03:00:00   6.7691e-02   2.1749e+01   1.2655e+00   0.0000e+00   0.0000e+00   2.8598e+02
20191029_04:00:00   7.0428e-02   2.2420e+01   1.3308e+00   0.0000e+00   0.0000e+00   2.8613e+02
20191029_05:00:00   7.4876e-02   2.3504e+01   1.4358e+00   0.0000e+00   8.4340e-06   2.8616e+02
20191029_06:00:00   7.8894e-02   2.4464e+01   1.5326e+00   0.0000e+00   5.5878e-04   2.8617e+02
20191029_07:00:00   8.0107e-02   2.4764e+01   1.5564e+00   0.0000e+00   5.8950e-04   2.8655e+02
20191029_08:00:00   8.1256e-02   2.5062e+01   1.5742e+00   0.0000e+00   2.8940e-04   2.8715e+02
20191029_09:00:00   8.3136e-02   2.5542e+01   1.6093e+00   0.0000e+00   8.5360e-07   2.8745e+02
20191029_10:00:00   8.4658e-02   2.5947e+01   1.6306e+00   0.0000e+00   0.0000e+00   2.8820e+02
20191029_11:00:00   8.6540e-02   2.6466e+01   1.6558e+00   0.0000e+00   0.0000e+00   2.8976e+02
20191029_12:00:00   8.7299e-02   2.6699e+01   1.6619e+00   0.0000e+00   0.0000e+00   2.9100e+02
20191029_13:00:00   9.0686e-02   2.7455e+01   1.7533e+00   0.0000e+00   0.0000e+00   2.9077e+02
20191029_14:00:00   1.0363e-01   3.0413e+01   2.0800e+00   0.0000e+00   0.0000e+00   2.8974e+02
20191029_15:00:00   1.0940e-01   3.1830e+01   2.1930e+00   0.0000e+00   0.0000e+00   2.8995e+02
20191029_16:00:00   1.1099e-01   3.2309e+01   2.2001e+00   0.0000e+00   0.0000e+00   2.9034e+02
20191029_17:00:00   1.0983e-01   3.2110e+01   2.1486e+00   0.0000e+00   0.0000e+00   2.8917e+02
20191029_18:00:00   1.1069e-01   3.2379e+01   2.1504e+00   0.0000e+00   0.0000e+00   2.8805e+02
20191029_19:00:00   1.1305e-01   3.2956e+01   2.1967e+00   0.0000e+00   0.0000e+00   2.8687e+02
20191029_20:00:00   1.1507e-01   3.3444e+01   2.2359e+00   0.0000e+00   0.0000e+00   2.8538e+02
20191029_21:00:00   1.1650e-01   3.3777e+01   2.2703e+00   0.0000e+00   0.0000e+00   2.8391e+02
20191029_22:00:00   1.1671e-01   3.3820e+01   2.2700e+00   0.0000e+00   0.0000e+00   2.8305e+02
20191029_23:00:00   1.1637e-01   3.3716e+01   2.2742e+00   0.0000e+00   0.0000e+00   2.8288e+02
20191030_00:00:00   1.1889e-01   3.4270e+01   2.3504e+00   0.0000e+00   0.0000e+00   2.8350e+02
20191030_01:00:00   1.2252e-01   3.5120e+01   2.4442e+00   0.0000e+00   0.0000e+00   2.8414e+02
20191030_02:00:00   1.2568e-01   3.5910e+01   2.5019e+00   0.0000e+00   0.0000e+00   2.8310e+02
20191030_03:00:00   1.2292e-01   3.5297e+01   2.4291e+00   0.0000e+00   0.0000e+00   2.8205e+02
20191030_04:00:00   1.2132e-01   3.4920e+01   2.3849e+00   0.0000e+00   0.0000e+00   2.8088e+02
20191030_05:00:00   1.1893e-01   3.4353e+01   2.3294e+00   0.0000e+00   0.0000e+00   2.7956e+02
20191030_06:00:00   1.1645e-01   3.3767e+01   2.2811e+00   0.0000e+00   0.0000e+00   2.7809e+02
20191030_07:00:00   1.1425e-01   3.3221e+01   2.2251e+00   0.0000e+00   0.0000e+00   2.7658e+02
20191030_08:00:00   1.1018e-01   3.2250e+01   2.1404e+00   0.0000e+00   0.0000e+00   2.7542e+02
20191030_09:00:00   1.0584e-01   3.1214e+01   2.0438e+00   0.0000e+00   0.0000e+00   2.7523e+02
20191030_10:00:00   1.0816e-01   3.1770e+01   2.0858e+00   0.0000e+00   0.0000e+00   2.7583e+02
20191030_11:00:00   1.0364e-01   3.0681e+01   1.9899e+00   0.0000e+00   0.0000e+00   2.7698e+02
20191030_12:00:00   1.0008e-01   2.9810e+01   1.9126e+00   0.0000e+00   0.0000e+00   2.7948e+02
20191030_13:00:00   9.4036e-02   2.8342e+01   1.7789e+00   0.0000e+00   0.0000e+00   2.8101e+02
20191030_14:00:00   8.6693e-02   2.6533e+01   1.6207e+00   0.0000e+00   0.0000e+00   2.8318e+02
20191030_15:00:00   8.1544e-02   2.5256e+01   1.5053e+00   0.0000e+00   0.0000e+00   2.8503e+02
20191030_16:00:00   7.4681e-02   2.3555e+01   1.3505e+00   0.0000e+00   0.0000e+00   2.8575e+02
20191030_17:00:00   6.3963e-02   2.0864e+01   1.1168e+00   0.0000e+00   0.0000e+00   2.8616e+02
20191030_18:00:00   5.4826e-02   1.8539e+01   9.1571e-01   0.0000e+00   0.0000e+00   2.8585e+02
20191030_19:00:00   4.9901e-02   1.7277e+01   8.0587e-01   0.0000e+00   0.0000e+00   2.8565e+02
20191030_20:00:00   4.7858e-02   1.6758e+01   7.5740e-01   0.0000e+00   0.0000e+00   2.8520e+02
20191030_21:00:00   4.7151e-02   1.6592e+01   7.3956e-01   0.0000e+00   0.0000e+00   2.8486e+02
20191030_22:00:00   4.5842e-02   1.6259e+01   7.1002e-01   0.0000e+00   0.0000e+00   2.8549e+02
20191030_23:00:00   4.1663e-02   1.5180e+01   6.1335e-01   0.0000e+00   0.0000e+00   2.8623e+02
20191031_00:00:00   3.7079e-02   1.3982e+01   5.0806e-01   0.0000e+00   0.0000e+00   2.8696e+02
20191031_01:00:00   3.4551e-02   1.3321e+01   4.4783e-01   0.0000e+00   0.0000e+00   2.8719e+02
20191031_02:00:00   3.3376e-02   1.3021e+01   4.1927e-01   0.0000e+00   0.0000e+00   2.8607e+02
20191031_03:00:00   3.3328e-02   1.3024e+01   4.1588e-01   0.0000e+00   0.0000e+00   2.8574e+02
20191031_04:00:00   3.3187e-02   1.3005e+01   4.1067e-01   0.0000e+00   0.0000e+00   2.8547e+02
20191031_05:00:00   3.4059e-02   1.3253e+01   4.2943e-01   0.0000e+00   0.0000e+00   2.8653e+02
20191031_06:00:00   3.4120e-02   1.3283e+01   4.2901e-01   0.0000e+00   0.0000e+00   2.8726e+02
20191031_09:00:00   3.7552e-02   1.4222e+01   5.0875e-01   0.0000e+00   0.0000e+00   2.8463e+02
20191031_12:00:00   4.3436e-02   1.5811e+01   6.4158e-01   0.0000e+00   0.0000e+00   2.8525e+02
20191031_15:00:00   4.7132e-02   1.6775e+01   7.2719e-01   0.0000e+00   0.0000e+00   2.8652e+02
20191031_18:00:00   5.0078e-02   1.7529e+01   7.9966e-01   0.0000e+00   0.0000e+00   2.8422e+02
20191031_21:00:00   4.8932e-02   1.7218e+01   7.8169e-01   0.0000e+00   0.0000e+00   2.8257e+02
20191101_00:00:00   4.9100e-02   1.7226e+01   7.9832e-01   0.0000e+00   0.0000e+00   2.8172e+02
20191101_03:00:00   5.1271e-02   1.7698e+01   8.6768e-01   0.0000e+00   0.0000e+00   2.7735e+02
20191101_06:00:00   5.6247e-02   1.8971e+01   9.8277e-01   0.0000e+00   0.0000e+00   2.7450e+02
20191101_09:00:00   6.1896e-02   2.0456e+01   1.0972e+00   0.0000e+00   0.0000e+00   2.7383e+02
20191101_12:00:00   1.4379e-01   3.9892e+01   2.9375e+00   0.0000e+00   0.0000e+00   2.7717e+02
20191101_15:00:00   1.6228e-01   4.4006e+01   3.3451e+00   0.0000e+00   1.5789e-03   2.8071e+02
20191101_18:00:00   1.7301e-01   4.6403e+01   3.5471e+00   0.0000e+00   0.0000e+00   2.7876e+02
20191101_21:00:00   1.3969e-01   3.8990e+01   2.8072e+00   0.0000e+00   0.0000e+00   2.7895e+02
20191102_00:00:00   1.0530e-01   3.1091e+01   2.0255e+00   0.0000e+00   0.0000e+00   2.8148e+02
20191102_03:00:00   9.2590e-02   2.8124e+01   1.7258e+00   0.0000e+00   0.0000e+00   2.7970e+02
20191102_06:00:00   8.2143e-02   2.5555e+01   1.5007e+00   0.0000e+00   0.0000e+00   2.7647e+02
20191102_09:00:00   7.1938e-02   2.3008e+01   1.2764e+00   0.0000e+00   0.0000e+00   2.7882e+02
20191102_12:00:00   7.2734e-02   2.3180e+01   1.2973e+00   0.0000e+00   0.0000e+00   2.7824e+02
20191102_15:00:00   7.6618e-02   2.3978e+01   1.4182e+00   0.0000e+00   0.0000e+00   2.7789e+02
20191102_18:00:00   5.6683e-02   1.9214e+01   9.1942e-01   0.0000e+00   0.0000e+00   2.7700e+02
20191102_21:00:00   4.0632e-02   1.5125e+01   5.4392e-01   0.0000e+00   0.0000e+00   2.7735e+02
20191103_00:00:00   3.6299e-02   1.3957e+01   4.5222e-01   0.0000e+00   0.0000e+00   2.7213e+02
20191103_03:00:00   3.3580e-02   1.3213e+01   3.9664e-01   0.0000e+00   0.0000e+00   2.6626e+02
20191103_06:00:00   3.5045e-02   1.3612e+01   4.3221e-01   0.0000e+00   0.0000e+00   2.6796e+02
20191103_09:00:00   3.4543e-02   1.3420e+01   4.3335e-01   0.0000e+00   4.1518e-04   2.6623e+02
20191103_12:00:00   3.4659e-02   1.3364e+01   4.5408e-01   0.0000e+00   7.8100e-04   2.6341e+02
20191103_15:00:00   3.7997e-02   1.4235e+01   5.3626e-01   0.0000e+00   0.0000e+00   2.5477e+02
20191103_18:00:00   4.7479e-02   1.6574e+01   7.8974e-01   0.0000e+00   1.7511e-04   2.4636e+02
20191103_21:00:00   5.9788e-02   1.9700e+01   1.0869e+00   0.0000e+00   1.6945e-03   2.4261e+02
20191104_00:00:00   7.4029e-02   2.3110e+01   1.4593e+00   0.0000e+00   1.0336e-02   2.4401e+02
20191104_03:00:00   1.0505e-01   3.0254e+01   2.2518e+00   0.0000e+00   3.0980e-02   2.4648e+02
20191104_06:00:00   1.5119e-01   4.0767e+01   3.3236e+00   0.0000e+00   6.7874e-02   2.4627e+02
20191104_09:00:00   1.5800e-01   4.2403e+01   3.4482e+00   0.0000e+00   5.4827e-02   2.4801e+02
20191104_12:00:00   2.0811e-01   5.3342e+01   4.5353e+00   0.0000e+00   7.3674e-02   2.5024e+02
20191104_15:00:00   1.9026e-01   4.9640e+01   4.0822e+00   0.0000e+00   4.8495e-02   2.5606e+02
20191104_18:00:00   2.0535e-01   5.3136e+01   4.3915e+00   0.0000e+00   5.3579e-04   2.5688e+02
20191104_21:00:00   2.2682e-01   5.7991e+01   4.7603e+00   0.0000e+00   2.8740e-06   2.5587e+02
20191105_00:00:00   2.6024e-01   6.5329e+01   5.2349e+00   1.7308e-04   2.6388e-04   2.5616e+02
20191105_03:00:00   3.0957e-01   7.5396e+01   5.9142e+00   3.5690e-03   1.3011e-03   2.5705e+02
20191105_06:00:00   2.7232e-01   6.7953e+01   5.4158e+00   0.0000e+00   0.0000e+00   2.5774e+02
20191105_09:00:00   2.7301e-01   6.8014e+01   5.5128e+00   0.0000e+00   0.0000e+00   2.5732e+02
20191105_12:00:00   2.9125e-01   7.1809e+01   5.8068e+00   0.0000e+00   0.0000e+00   2.5713e+02
20191105_15:00:00   2.9533e-01   7.2449e+01   5.9561e+00   0.0000e+00   0.0000e+00   2.5749e+02
20191105_18:00:00   2.1214e-01   5.5604e+01   4.2198e+00   0.0000e+00   0.0000e+00   2.5655e+02
20191105_21:00:00   2.4504e-01   6.2845e+01   4.7595e+00   0.0000e+00   0.0000e+00   2.5548e+02
20191106_00:00:00   2.7379e-01   6.8885e+01   5.3169e+00   0.0000e+00   0.0000e+00   2.5504e+02
20191106_03:00:00   2.4974e-01   6.3541e+01   5.1421e+00   0.0000e+00   0.0000e+00   2.5367e+02
20191106_06:00:00   3.0463e-01   7.4148e+01   6.4710e+00   0.0000e+00   0.0000e+00   2.5319e+02
20191106_09:00:00   3.0715e-01   7.4601e+01   6.5609e+00   0.0000e+00   4.3999e-05   2.5381e+02
20191106_12:00:00   3.1024e-01   7.5012e+01   6.6391e+00   0.0000e+00   6.5920e-06   2.5855e+02
20191106_15:00:00   3.2095e-01   7.6947e+01   6.8519e+00   0.0000e+00   8.0891e-04   2.5917e+02
20191106_18:00:00   2.7824e-01   6.8574e+01   5.9412e+00   0.0000e+00   2.8740e-06   2.5813e+02
20191106_21:00:00   3.1319e-01   7.5576e+01   6.6231e+00   0.0000e+00   1.3592e-04   2.5934e+02
20191107_00:00:00   3.1970e-01   7.6906e+01   6.7103e+00   0.0000e+00   3.7525e-03   2.6249e+02
20191107_03:00:00   3.2536e-01   7.7882e+01   6.7814e+00   0.0000e+00   3.2492e-03   2.6228e+02
20191107_06:00:00   3.2516e-01   7.8356e+01   6.6001e+00   0.0000e+00   1.1223e-04   2.6063e+02
20191107_09:00:00   3.1479e-01   7.6378e+01   6.4271e+00   0.0000e+00   6.0440e-04   2.6268e+02
20191107_12:00:00   3.1317e-01   7.6035e+01   6.3697e+00   0.0000e+00   6.2267e-04   2.6374e+02
20191107_15:00:00   3.1022e-01   7.5515e+01   6.2816e+00   0.0000e+00   0.0000e+00   2.6131e+02
20191107_18:00:00   3.3847e-01   8.0798e+01   6.8910e+00   0.0000e+00   0.0000e+00   2.6136e+02
20191107_21:00:00   3.5174e-01   8.3348e+01   7.1198e+00   0.0000e+00   1.2823e-04   2.6017e+02
20191108_00:00:00   3.9407e-01   9.0942e+01   7.9592e+00   0.0000e+00   2.0919e-02   2.5848e+02
20191108_03:00:00   3.6807e-01   8.6610e+01   7.3263e+00   0.0000e+00   4.0072e-03   2.5889e+02
20191108_06:00:00   3.9887e-01   9.1959e+01   7.9894e+00   0.0000e+00   4.8862e-03   2.5477e+02
20191108_09:00:00   4.4838e-01   1.0016e+02   9.0831e+00   0.0000e+00   9.8998e-03   2.5503e+02
20191108_12:00:00   4.4122e-01   9.8708e+01   9.0238e+00   0.0000e+00   2.2501e-02   2.5513e+02
20191108_15:00:00   4.1180e-01   9.3697e+01   8.3836e+00   0.0000e+00   1.9372e-02   2.5643e+02
20191108_18:00:00   3.8570e-01   8.9095e+01   7.8537e+00   0.0000e+00   8.2761e-03   2.5317e+02
20191108_21:00:00   3.6361e-01   8.5614e+01   6.2603e+00   1.8659e-02   8.5231e-03   2.4802e+02
20191109_00:00:00   2.3107e-01   5.9037e+01   4.7542e+00   0.0000e+00   2.3450e-02   2.5276e+02
20191109_03:00:00   1.8156e-01   4.8410e+01   3.7378e+00   0.0000e+00   7.8942e-03   2.5366e+02
20191109_06:00:00   1.9048e-01   5.0386e+01   3.9284e+00   0.0000e+00   1.1519e-02   2.5333e+02
20191109_09:00:00   1.7882e-01   4.7823e+01   3.6966e+00   0.0000e+00   3.4628e-03   2.5734e+02
20191109_12:00:00   2.0495e-01   5.3379e+01   4.3117e+00   0.0000e+00   7.0293e-03   2.5903e+02
20191109_15:00:00   2.0583e-01   5.3356e+01   4.3817e+00   0.0000e+00   1.8509e-02   2.6045e+02
20191109_18:00:00   1.8897e-01   4.9456e+01   4.1013e+00   0.0000e+00   2.1714e-02   2.6027e+02
20191109_21:00:00   3.6047e-01   8.3986e+01   7.6066e+00   0.0000e+00   6.8256e-02   2.6192e+02
20191110_00:00:00   4.9084e-01   1.0643e+02   1.0027e+01   0.0000e+00   7.2674e-02   2.5937e+02
20191110_03:00:00   5.0235e-01   1.0822e+02   9.9863e+00   0.0000e+00   2.5389e-01   2.5943e+02
20191110_06:00:00   4.3781e-01   9.8188e+01   8.4660e+00   0.0000e+00   5.9847e-02   2.6079e+02
20191110_09:00:00   4.3382e-01   9.7782e+01   8.2453e+00   0.0000e+00   1.1597e-02   2.6196e+02
20191110_12:00:00   4.2968e-01   9.7172e+01   7.6972e+00   8.1999e-03   5.6575e-03   2.6218e+02
20191110_15:00:00   3.3220e-01   7.9524e+01   6.3562e+00   0.0000e+00   6.8160e-06   2.5756e+02
20191110_18:00:00   3.2065e-01   7.7379e+01   6.2707e+00   0.0000e+00   0.0000e+00   2.5885e+02
20191110_21:00:00   3.5516e-01   8.3900e+01   6.7551e+00   4.7820e-03   1.7379e-05   2.5885e+02
20191111_00:00:00   4.3535e-01   9.8151e+01   8.5546e+00   1.3978e-03   5.8458e-06   2.6335e+02
20191111_03:00:00   5.0243e-01   1.0932e+02   9.8456e+00   0.0000e+00   9.2859e-03   2.6193e+02
20191111_06:00:00   4.8142e-01   1.0621e+02   9.2054e+00   3.1110e-03   1.7130e-04   2.5870e+02
