#            date       tau225        Tb[K]      pwv[mm] lwp[kg*m^-2] iwp[kg*m^-2]       o3[DU]
20191028_06:00:00   1.1883e-01   3.4342e+01   2.4147e+00   0.0000e+00   0.0000e+00   2.7727e+02
20191028_07:00:00   1.2691e-01   3.6135e+01   2.6009e+00   0.0000e+00   1.3940e-05   2.7564e+02
20191028_08:00:00   1.3125e-01   3.7085e+01   2.6899e+00   0.0000e+00   1.2287e-03   2.7583e+02
20191028_09:00:00   1.2221e-01   3.5118e+01   2.4456e+00   0.0000e+00   1.7896e-03   2.7702e+02
20191028_10:00:00   1.1305e-01   3.3127e+01   2.1500e+00   0.0000e+00   1.3091e-03   2.7804e+02
20191028_11:00:00   9.6138e-02   2.9146e+01   1.7456e+00   0.0000e+00   3.3144e-04   2.7875e+02
20191028_12:00:00   8.6644e-02   2.6849e+01   1.5353e+00   0.0000e+00   1.9578e-06   2.8155e+02
20191028_13:00:00   7.0014e-02   2.2643e+01   1.1889e+00   0.0000e+00   1.2356e-05   2.8244e+02
20191028_14:00:00   5.3123e-02   1.8270e+01   8.5004e-01   0.0000e+00   3.9160e-06   2.8052e+02
20191028_15:00:00   4.8153e-02   1.6934e+01   7.5931e-01   0.0000e+00   8.8140e-06   2.7969e+02
20191028_16:00:00   4.4667e-02   1.5963e+01   6.9940e-01   0.0000e+00   7.3720e-05   2.8011e+02
20191028_17:00:00   4.6117e-02   1.6321e+01   7.3900e-01   0.0000e+00   3.5157e-04   2.8134e+02
20191028_18:00:00   5.1191e-02   1.7629e+01   8.5754e-01   0.0000e+00   1.2356e-03   2.8203e+02
20191028_19:00:00   5.7434e-02   1.9242e+01   9.9824e-01   0.0000e+00   6.7201e-04   2.8421e+02
20191028_20:00:00   6.2445e-02   2.0541e+01   1.1078e+00   0.0000e+00   8.3999e-04   2.8621e+02
20191028_21:00:00   6.6526e-02   2.1577e+01   1.2021e+00   0.0000e+00   2.9143e-04   2.8846e+02
20191028_22:00:00   6.7019e-02   2.1708e+01   1.2155e+00   0.0000e+00   3.4082e-04   2.8971e+02
20191028_23:00:00   6.7954e-02   2.1932e+01   1.2426e+00   0.0000e+00   5.6391e-04   2.8723e+02
20191029_00:00:00   6.7840e-02   2.1915e+01   1.2386e+00   0.0000e+00   1.7335e-04   2.8613e+02
20191029_01:00:00   6.6989e-02   2.1707e+01   1.2149e+00   0.0000e+00   1.6447e-04   2.8581e+02
20191029_02:00:00   6.6292e-02   2.1528e+01   1.1975e+00   0.0000e+00   5.9290e-05   2.8661e+02
20191029_03:00:00   6.5291e-02   2.1259e+01   1.1769e+00   0.0000e+00   0.0000e+00   2.8754e+02
20191029_04:00:00   6.3508e-02   2.0809e+01   1.1352e+00   0.0000e+00   2.8120e-06   2.8732e+02
20191029_05:00:00   6.3380e-02   2.0756e+01   1.1359e+00   0.0000e+00   2.8120e-06   2.8722e+02
20191029_06:00:00   6.6747e-02   2.1555e+01   1.2252e+00   0.0000e+00   3.6660e-06   2.8816e+02
20191029_07:00:00   6.8707e-02   2.2024e+01   1.2740e+00   0.0000e+00   2.3947e-05   2.8844e+02
20191029_08:00:00   6.9336e-02   2.2191e+01   1.2864e+00   0.0000e+00   7.5800e-06   2.8785e+02
20191029_09:00:00   7.0038e-02   2.2388e+01   1.2966e+00   0.0000e+00   4.5188e-06   2.8808e+02
20191029_10:00:00   7.0571e-02   2.2534e+01   1.3043e+00   0.0000e+00   0.0000e+00   2.8919e+02
20191029_11:00:00   7.1381e-02   2.2726e+01   1.3221e+00   0.0000e+00   0.0000e+00   2.9042e+02
20191029_12:00:00   7.3447e-02   2.3205e+01   1.3776e+00   0.0000e+00   0.0000e+00   2.9132e+02
20191029_13:00:00   7.2374e-02   2.2977e+01   1.3412e+00   0.0000e+00   0.0000e+00   2.9234e+02
20191029_14:00:00   7.2734e-02   2.3139e+01   1.3290e+00   0.0000e+00   0.0000e+00   2.9421e+02
20191029_15:00:00   7.6871e-02   2.4175e+01   1.4177e+00   0.0000e+00   0.0000e+00   2.9482e+02
20191029_16:00:00   8.0322e-02   2.5016e+01   1.5007e+00   0.0000e+00   0.0000e+00   2.9330e+02
20191029_17:00:00   7.9992e-02   2.4947e+01   1.4886e+00   0.0000e+00   0.0000e+00   2.9028e+02
20191029_18:00:00   8.2728e-02   2.5603e+01   1.5497e+00   0.0000e+00   0.0000e+00   2.8834e+02
20191029_19:00:00   9.3613e-02   2.8240e+01   1.8014e+00   0.0000e+00   0.0000e+00   2.8799e+02
20191029_20:00:00   1.0392e-01   3.0749e+01   2.0255e+00   0.0000e+00   0.0000e+00   2.8804e+02
20191029_21:00:00   1.1125e-01   3.2534e+01   2.1807e+00   0.0000e+00   0.0000e+00   2.8710e+02
20191029_22:00:00   1.1490e-01   3.3454e+01   2.2523e+00   0.0000e+00   0.0000e+00   2.8709e+02
20191029_23:00:00   1.1809e-01   3.4231e+01   2.3168e+00   0.0000e+00   0.0000e+00   2.8736e+02
20191030_00:00:00   1.1953e-01   3.4598e+01   2.3503e+00   0.0000e+00   0.0000e+00   2.8730e+02
20191030_01:00:00   1.2003e-01   3.4703e+01   2.3700e+00   0.0000e+00   0.0000e+00   2.8567e+02
20191030_02:00:00   1.2006e-01   3.4688e+01   2.3676e+00   0.0000e+00   0.0000e+00   2.8284e+02
20191030_03:00:00   1.1744e-01   3.4041e+01   2.3028e+00   0.0000e+00   0.0000e+00   2.8191e+02
20191030_04:00:00   1.1281e-01   3.2916e+01   2.2004e+00   0.0000e+00   0.0000e+00   2.8236e+02
20191030_05:00:00   1.0816e-01   3.1772e+01   2.0965e+00   0.0000e+00   0.0000e+00   2.8097e+02
20191030_06:00:00   1.0093e-01   3.0014e+01   1.9386e+00   0.0000e+00   0.0000e+00   2.7852e+02
20191030_07:00:00   9.4538e-02   2.8449e+01   1.8015e+00   0.0000e+00   0.0000e+00   2.7702e+02
20191030_08:00:00   8.7187e-02   2.6617e+01   1.6576e+00   0.0000e+00   0.0000e+00   2.7581e+02
20191030_09:00:00   8.4079e-02   2.5830e+01   1.6113e+00   0.0000e+00   0.0000e+00   2.7599e+02
20191030_10:00:00   7.6260e-02   2.3877e+01   1.4472e+00   0.0000e+00   0.0000e+00   2.7678e+02
20191030_11:00:00   6.5653e-02   2.1224e+01   1.2056e+00   0.0000e+00   0.0000e+00   2.7872e+02
20191030_12:00:00   5.1094e-02   1.7511e+01   8.7501e-01   0.0000e+00   0.0000e+00   2.8174e+02
20191030_13:00:00   4.5151e-02   1.5988e+01   7.3612e-01   0.0000e+00   3.9057e-05   2.8438e+02
20191030_14:00:00   4.3860e-02   1.5645e+01   7.0416e-01   0.0000e+00   4.4586e-04   2.8524e+02
20191030_15:00:00   4.4274e-02   1.5755e+01   7.1054e-01   0.0000e+00   1.3678e-04   2.8553e+02
20191030_16:00:00   4.4016e-02   1.5693e+01   6.9940e-01   0.0000e+00   2.4793e-04   2.8602e+02
20191030_17:00:00   4.2562e-02   1.5322e+01   6.6012e-01   0.0000e+00   1.5328e-04   2.8553e+02
20191030_18:00:00   4.0623e-02   1.4814e+01   6.1248e-01   0.0000e+00   2.5920e-04   2.8491e+02
20191030_19:00:00   3.9212e-02   1.4454e+01   5.7636e-01   0.0000e+00   1.4334e-04   2.8520e+02
20191030_20:00:00   3.7371e-02   1.3974e+01   5.3256e-01   0.0000e+00   1.9290e-05   2.8476e+02
20191030_21:00:00   3.4687e-02   1.3299e+01   4.6118e-01   0.0000e+00   6.1240e-06   2.8426e+02
20191030_22:00:00   3.1808e-02   1.2558e+01   3.8706e-01   0.0000e+00   2.3500e-05   2.8370e+02
20191030_23:00:00   3.0082e-02   1.2119e+01   3.4097e-01   0.0000e+00   0.0000e+00   2.8387e+02
20191031_00:00:00   2.9317e-02   1.1925e+01   3.1942e-01   0.0000e+00   0.0000e+00   2.8430e+02
20191031_01:00:00   2.9044e-02   1.1864e+01   3.1114e-01   0.0000e+00   0.0000e+00   2.8411e+02
20191031_02:00:00   2.9010e-02   1.1867e+01   3.0945e-01   0.0000e+00   0.0000e+00   2.8399e+02
20191031_03:00:00   2.8735e-02   1.1804e+01   3.0084e-01   0.0000e+00   0.0000e+00   2.8371e+02
20191031_04:00:00   2.8653e-02   1.1788e+01   2.9831e-01   0.0000e+00   0.0000e+00   2.8386e+02
20191031_05:00:00   2.8753e-02   1.1820e+01   3.0080e-01   0.0000e+00   0.0000e+00   2.8400e+02
20191031_06:00:00   2.8945e-02   1.1874e+01   3.0560e-01   0.0000e+00   0.0000e+00   2.8345e+02
20191031_07:00:00   2.8847e-02   1.1852e+01   3.0330e-01   0.0000e+00   0.0000e+00   2.8282e+02
20191031_08:00:00   2.9312e-02   1.1983e+01   3.1441e-01   0.0000e+00   0.0000e+00   2.8161e+02
20191031_09:00:00   2.9740e-02   1.2103e+01   3.2447e-01   0.0000e+00   0.0000e+00   2.8126e+02
20191031_10:00:00   3.0180e-02   1.2225e+01   3.3499e-01   0.0000e+00   0.0000e+00   2.8245e+02
20191031_11:00:00   3.0329e-02   1.2267e+01   3.3893e-01   0.0000e+00   0.0000e+00   2.8302e+02
20191031_12:00:00   3.0643e-02   1.2351e+01   3.4741e-01   0.0000e+00   0.0000e+00   2.8431e+02
20191031_13:00:00   3.0858e-02   1.2408e+01   3.5320e-01   0.0000e+00   0.0000e+00   2.8597e+02
20191031_14:00:00   3.1215e-02   1.2505e+01   3.6210e-01   0.0000e+00   0.0000e+00   2.8660e+02
20191031_15:00:00   3.1438e-02   1.2566e+01   3.6709e-01   0.0000e+00   0.0000e+00   2.8734e+02
20191031_16:00:00   3.1808e-02   1.2665e+01   3.7614e-01   0.0000e+00   0.0000e+00   2.8761e+02
20191031_17:00:00   3.1796e-02   1.2657e+01   3.7736e-01   0.0000e+00   0.0000e+00   2.8773e+02
20191031_18:00:00   3.1638e-02   1.2610e+01   3.7470e-01   0.0000e+00   0.0000e+00   2.8800e+02
20191031_19:00:00   3.1134e-02   1.2473e+01   3.6371e-01   0.0000e+00   0.0000e+00   2.8734e+02
20191031_20:00:00   3.0739e-02   1.2367e+01   3.5556e-01   0.0000e+00   0.0000e+00   2.8616e+02
20191031_21:00:00   3.0424e-02   1.2280e+01   3.4883e-01   0.0000e+00   0.0000e+00   2.8571e+02
20191031_22:00:00   3.0655e-02   1.2336e+01   3.5704e-01   0.0000e+00   0.0000e+00   2.8596e+02
20191031_23:00:00   3.1248e-02   1.2485e+01   3.7452e-01   0.0000e+00   0.0000e+00   2.8497e+02
20191101_00:00:00   3.2349e-02   1.2759e+01   4.0608e-01   0.0000e+00   0.0000e+00   2.8367e+02
20191101_01:00:00   3.5018e-02   1.3427e+01   4.7923e-01   0.0000e+00   0.0000e+00   2.8252e+02
20191101_02:00:00   3.9990e-02   1.4659e+01   6.1187e-01   0.0000e+00   0.0000e+00   2.8198e+02
20191101_03:00:00   4.4841e-02   1.5856e+01   7.3885e-01   0.0000e+00   0.0000e+00   2.8132e+02
20191101_04:00:00   4.7829e-02   1.6609e+01   8.1186e-01   0.0000e+00   0.0000e+00   2.8099e+02
20191101_05:00:00   5.2932e-02   1.7892e+01   9.3602e-01   0.0000e+00   0.0000e+00   2.8157e+02
20191101_06:00:00   5.8156e-02   1.9205e+01   1.0609e+00   0.0000e+00   0.0000e+00   2.8154e+02
20191101_07:00:00   6.1116e-02   1.9959e+01   1.1280e+00   0.0000e+00   0.0000e+00   2.8152e+02
20191101_08:00:00   6.2852e-02   2.0398e+01   1.1625e+00   0.0000e+00   0.0000e+00   2.8181e+02
20191101_09:00:00   6.3536e-02   2.0583e+01   1.1716e+00   0.0000e+00   0.0000e+00   2.8347e+02
20191101_10:00:00   6.5639e-02   2.1120e+01   1.2160e+00   0.0000e+00   0.0000e+00   2.8409e+02
20191101_11:00:00   7.3008e-02   2.2966e+01   1.3818e+00   0.0000e+00   0.0000e+00   2.8480e+02
20191101_12:00:00   8.2135e-02   2.5224e+01   1.5834e+00   0.0000e+00   0.0000e+00   2.8457e+02
20191101_13:00:00   9.0836e-02   2.7358e+01   1.7724e+00   0.0000e+00   0.0000e+00   2.8418e+02
20191101_14:00:00   9.8540e-02   2.9229e+01   1.9392e+00   0.0000e+00   0.0000e+00   2.8480e+02
20191101_15:00:00   1.0520e-01   3.0840e+01   2.0820e+00   0.0000e+00   0.0000e+00   2.8600e+02
20191101_16:00:00   1.0922e-01   3.1820e+01   2.1650e+00   0.0000e+00   0.0000e+00   2.8683e+02
20191101_17:00:00   1.0972e-01   3.1983e+01   2.1702e+00   0.0000e+00   0.0000e+00   2.8657e+02
20191101_18:00:00   1.1072e-01   3.2262e+01   2.1880e+00   0.0000e+00   0.0000e+00   2.8595e+02
20191101_19:00:00   1.1180e-01   3.2550e+01   2.2078e+00   0.0000e+00   0.0000e+00   2.8607e+02
20191101_20:00:00   1.1186e-01   3.2595e+01   2.2046e+00   0.0000e+00   0.0000e+00   2.8699e+02
20191101_21:00:00   1.1036e-01   3.2280e+01   2.1669e+00   0.0000e+00   0.0000e+00   2.8716e+02
20191101_22:00:00   1.0723e-01   3.1574e+01   2.0940e+00   0.0000e+00   0.0000e+00   2.8678e+02
20191101_23:00:00   1.0117e-01   3.0142e+01   1.9556e+00   0.0000e+00   0.0000e+00   2.8604e+02
20191102_00:00:00   9.2817e-02   2.8138e+01   1.7681e+00   0.0000e+00   0.0000e+00   2.8567e+02
20191102_01:00:00   8.7142e-02   2.6764e+01   1.6369e+00   0.0000e+00   0.0000e+00   2.8567e+02
20191102_02:00:00   8.4012e-02   2.6008e+01   1.5625e+00   0.0000e+00   0.0000e+00   2.8563e+02
20191102_03:00:00   8.1786e-02   2.5472e+01   1.5095e+00   0.0000e+00   0.0000e+00   2.8461e+02
20191102_04:00:00   8.0642e-02   2.5210e+01   1.4777e+00   0.0000e+00   0.0000e+00   2.8416e+02
20191102_05:00:00   8.0040e-02   2.5075e+01   1.4609e+00   0.0000e+00   0.0000e+00   2.8327e+02
20191102_06:00:00   7.9979e-02   2.5065e+01   1.4577e+00   0.0000e+00   0.0000e+00   2.8233e+02
20191102_09:00:00   8.7741e-02   2.7017e+01   1.6092e+00   0.0000e+00   0.0000e+00   2.8104e+02
20191102_12:00:00   9.2109e-02   2.8138e+01   1.6898e+00   0.0000e+00   0.0000e+00   2.8273e+02
20191102_15:00:00   8.7122e-02   2.6919e+01   1.5814e+00   0.0000e+00   0.0000e+00   2.8136e+02
20191102_18:00:00   8.5740e-02   2.6623e+01   1.5484e+00   0.0000e+00   0.0000e+00   2.7455e+02
20191102_21:00:00   1.3864e-01   3.9447e+01   2.6374e+00   0.0000e+00   0.0000e+00   2.7065e+02
20191103_00:00:00   1.8891e-01   5.0843e+01   3.6411e+00   0.0000e+00   0.0000e+00   2.7223e+02
20191103_03:00:00   2.0439e-01   5.4140e+01   3.9698e+00   0.0000e+00   0.0000e+00   2.6931e+02
20191103_06:00:00   2.1658e-01   5.6506e+01   4.2974e+00   0.0000e+00   0.0000e+00   2.6785e+02
20191103_09:00:00   1.8213e-01   4.8835e+01   3.6174e+00   0.0000e+00   0.0000e+00   2.7191e+02
20191103_12:00:00   1.7421e-01   4.7143e+01   3.4050e+00   0.0000e+00   0.0000e+00   2.7309e+02
20191103_15:00:00   1.6073e-01   4.4301e+01   3.0573e+00   0.0000e+00   0.0000e+00   2.7425e+02
20191103_18:00:00   1.4433e-01   4.0629e+01   2.7099e+00   0.0000e+00   0.0000e+00   2.6290e+02
20191103_21:00:00   1.2827e-01   3.6917e+01   2.3854e+00   0.0000e+00   0.0000e+00   2.5955e+02
20191104_00:00:00   1.1747e-01   3.4353e+01   2.1760e+00   0.0000e+00   0.0000e+00   2.5884e+02
20191104_03:00:00   1.1161e-01   3.2859e+01   2.0858e+00   0.0000e+00   2.0417e-04   2.5483e+02
20191104_06:00:00   1.1080e-01   3.2605e+01   2.0748e+00   0.0000e+00   3.7868e-03   2.5642e+02
20191104_09:00:00   1.1273e-01   3.2932e+01   2.1541e+00   0.0000e+00   5.6883e-03   2.5375e+02
20191104_12:00:00   1.1491e-01   3.3331e+01   2.2209e+00   0.0000e+00   1.7882e-02   2.5577e+02
20191104_15:00:00   1.2328e-01   3.5155e+01   2.4321e+00   0.0000e+00   1.3478e-02   2.5870e+02
20191104_18:00:00   1.0863e-01   3.1688e+01   2.1435e+00   0.0000e+00   1.3037e-03   2.6206e+02
20191104_21:00:00   1.4362e-01   3.9979e+01   2.8364e+00   0.0000e+00   1.5922e-03   2.6188e+02
20191105_00:00:00   1.4212e-01   3.9528e+01   2.8609e+00   0.0000e+00   1.0044e-03   2.6163e+02
20191105_03:00:00   1.2822e-01   3.6182e+01   2.6245e+00   0.0000e+00   4.1681e-05   2.6113e+02
20191105_06:00:00   1.2037e-01   3.4359e+01   2.4554e+00   0.0000e+00   1.3364e-04   2.6116e+02
20191105_09:00:00   1.1091e-01   3.2215e+01   2.2298e+00   0.0000e+00   0.0000e+00   2.6335e+02
20191105_12:00:00   1.0020e-01   2.9781e+01   1.9616e+00   0.0000e+00   0.0000e+00   2.6615e+02
20191105_15:00:00   9.7744e-02   2.9185e+01   1.9302e+00   0.0000e+00   0.0000e+00   2.6610e+02
20191105_18:00:00   1.1180e-01   3.2410e+01   2.2914e+00   0.0000e+00   0.0000e+00   2.6301e+02
20191105_21:00:00   1.3409e-01   3.7808e+01   2.7682e+00   0.0000e+00   0.0000e+00   2.6134e+02
20191106_00:00:00   1.1658e-01   3.3741e+01   2.3785e+00   0.0000e+00   0.0000e+00   2.6248e+02
20191106_03:00:00   1.1069e-01   3.2349e+01   2.2602e+00   0.0000e+00   0.0000e+00   2.6048e+02
20191106_06:00:00   1.1727e-01   3.4027e+01   2.3892e+00   0.0000e+00   0.0000e+00   2.5967e+02
20191106_09:00:00   1.4871e-01   4.1481e+01   3.0776e+00   0.0000e+00   0.0000e+00   2.6187e+02
20191106_12:00:00   1.7077e-01   4.6666e+01   3.5127e+00   0.0000e+00   0.0000e+00   2.6321e+02
20191106_15:00:00   1.7623e-01   4.7929e+01   3.6435e+00   0.0000e+00   0.0000e+00   2.6491e+02
20191106_18:00:00   2.2955e-01   5.9175e+01   4.8934e+00   0.0000e+00   0.0000e+00   2.6514e+02
20191106_21:00:00   3.0439e-01   7.3888e+01   6.6124e+00   0.0000e+00   9.9057e-03   2.6219e+02
20191107_00:00:00   3.8659e-01   8.9128e+01   8.3001e+00   0.0000e+00   1.3283e-01   2.6362e+02
20191107_03:00:00   4.4598e-01   9.9494e+01   9.4093e+00   0.0000e+00   1.5912e-01   2.6602e+02
20191107_06:00:00   5.8435e-01   1.2132e+02   1.1780e+01   0.0000e+00   4.1928e-01   2.6554e+02
20191107_09:00:00   1.1457e+00   1.8629e+02   1.0834e+01   2.4780e-01   4.7353e-02   2.6762e+02
20191107_12:00:00   4.7504e-01   1.0574e+02   8.9820e+00   3.2902e-03   0.0000e+00   2.7419e+02
20191107_15:00:00   4.3566e-01   9.8941e+01   8.4949e+00   0.0000e+00   0.0000e+00   2.6871e+02
20191107_18:00:00   3.1836e-01   7.8056e+01   5.5979e+00   8.3670e-03   0.0000e+00   2.6580e+02
20191107_21:00:00   2.7376e-01   6.8407e+01   5.4058e+00   9.9990e-05   0.0000e+00   2.6467e+02
20191108_00:00:00   1.6029e-01   4.4334e+01   2.9615e+00   0.0000e+00   0.0000e+00   2.6352e+02
20191108_03:00:00   1.1212e-01   3.2937e+01   2.0688e+00   0.0000e+00   0.0000e+00   2.6323e+02
20191108_06:00:00   7.6747e-02   2.4046e+01   1.4698e+00   0.0000e+00   0.0000e+00   2.5833e+02
20191108_09:00:00   7.5610e-02   2.3777e+01   1.4745e+00   0.0000e+00   0.0000e+00   2.5671e+02
20191108_12:00:00   7.8551e-02   2.4499e+01   1.5658e+00   0.0000e+00   0.0000e+00   2.5607e+02
20191108_15:00:00   9.6861e-02   2.8875e+01   2.0203e+00   0.0000e+00   0.0000e+00   2.5726e+02
20191108_18:00:00   1.2754e-01   3.6014e+01   2.7613e+00   0.0000e+00   3.6123e-05   2.5202e+02
20191108_21:00:00   1.4941e-01   4.0990e+01   3.2775e+00   0.0000e+00   8.1928e-04   2.5295e+02
20191109_00:00:00   1.1467e-01   3.3055e+01   2.4328e+00   0.0000e+00   0.0000e+00   2.6138e+02
20191109_03:00:00   1.0144e-01   2.9989e+01   2.1070e+00   0.0000e+00   0.0000e+00   2.6136e+02
20191109_06:00:00   9.7368e-02   2.8993e+01   2.0228e+00   0.0000e+00   0.0000e+00   2.6357e+02
20191109_09:00:00   1.2037e-01   3.4464e+01   2.5639e+00   0.0000e+00   0.0000e+00   2.6410e+02
20191109_12:00:00   1.4607e-01   4.0582e+01   3.1106e+00   0.0000e+00   0.0000e+00   2.6799e+02
20191109_15:00:00   1.8057e-01   4.8477e+01   3.8580e+00   0.0000e+00   0.0000e+00   2.6645e+02
20191109_18:00:00   2.1314e-01   5.5730e+01   4.5520e+00   0.0000e+00   0.0000e+00   2.6089e+02
20191109_21:00:00   2.2295e-01   5.7830e+01   4.7940e+00   0.0000e+00   1.5096e-03   2.6004e+02
20191110_00:00:00   2.4064e-01   6.1713e+01   5.1326e+00   0.0000e+00   3.8444e-04   2.5772e+02
20191110_03:00:00   2.4402e-01   6.2488e+01   5.1793e+00   0.0000e+00   3.5903e-04   2.5869e+02
20191110_06:00:00   2.2951e-01   5.9450e+01   4.8461e+00   0.0000e+00   3.1321e-03   2.6099e+02
20191110_09:00:00   2.1552e-01   5.6411e+01   4.5471e+00   0.0000e+00   4.5180e-06   2.6077e+02
20191110_12:00:00   2.0686e-01   5.4524e+01   4.3442e+00   0.0000e+00   0.0000e+00   2.6284e+02
20191110_15:00:00   2.1127e-01   5.5362e+01   4.4794e+00   0.0000e+00   8.3630e-04   2.5724e+02
20191110_18:00:00   2.0069e-01   5.2955e+01   4.3079e+00   0.0000e+00   1.1997e-03   2.5740e+02
20191110_21:00:00   1.8974e-01   5.0524e+01   4.0887e+00   0.0000e+00   1.6586e-03   2.5695e+02
20191111_00:00:00   1.7872e-01   4.8228e+01   3.8102e+00   0.0000e+00   1.8736e-04   2.5573e+02
20191111_03:00:00   1.7998e-01   4.8199e+01   3.8999e+00   0.0000e+00   1.9332e-03   2.6024e+02
20191111_06:00:00   1.9233e-01   5.0486e+01   4.2391e+00   0.0000e+00   1.8605e-02   2.5957e+02
20191111_09:00:00   2.1404e-01   5.5114e+01   4.6944e+00   0.0000e+00   2.7380e-03   2.5991e+02
20191111_12:00:00   2.4555e-01   6.2251e+01   5.2257e+00   0.0000e+00   8.5360e-07   2.6513e+02
20191111_15:00:00   8.5849e-02   2.6684e+01   1.5825e+00   0.0000e+00   0.0000e+00   2.6909e+02
20191111_18:00:00   7.1568e-02   2.2929e+01   1.3201e+00   0.0000e+00   0.0000e+00   2.6669e+02
20191111_21:00:00   9.0826e-02   2.7505e+01   1.8218e+00   0.0000e+00   0.0000e+00   2.6390e+02
20191112_00:00:00   1.0639e-01   3.1068e+01   2.2477e+00   0.0000e+00   0.0000e+00   2.6329e+02
20191112_03:00:00   1.0166e-01   2.9888e+01   2.1708e+00   0.0000e+00   0.0000e+00   2.6485e+02
20191112_06:00:00   8.3969e-02   2.5612e+01   1.7634e+00   0.0000e+00   0.0000e+00   2.6032e+02
20191112_09:00:00   6.9394e-02   2.2040e+01   1.4042e+00   0.0000e+00   0.0000e+00   2.6176e+02
20191112_12:00:00   7.6399e-02   2.3765e+01   1.5893e+00   0.0000e+00   0.0000e+00   2.6450e+02
20191112_15:00:00   1.0019e-01   2.9653e+01   2.1538e+00   0.0000e+00   0.0000e+00   2.6170e+02
20191112_18:00:00   8.3977e-02   2.5742e+01   1.7556e+00   0.0000e+00   0.0000e+00   2.6282e+02
20191112_21:00:00   6.9596e-02   2.2314e+01   1.3706e+00   0.0000e+00   0.0000e+00   2.6382e+02
20191113_00:00:00   1.1681e-01   3.3999e+01   2.4526e+00   0.0000e+00   0.0000e+00   2.6247e+02
20191113_03:00:00   2.4888e-01   6.3664e+01   5.2798e+00   0.0000e+00   0.0000e+00   2.6257e+02
20191113_06:00:00   2.7410e-01   6.8829e+01   5.8004e+00   0.0000e+00   0.0000e+00   2.6647e+02
