#            date       tau225        Tb[K]      pwv[mm] lwp[kg*m^-2] iwp[kg*m^-2]       o3[DU]
20191009_00:00:00   3.6070e-01   8.6834e+01   6.8881e+00   2.3240e-04   0.0000e+00   2.7055e+02
20191009_01:00:00   3.1403e-01   7.7830e+01   6.0859e+00   0.0000e+00   0.0000e+00   2.7101e+02
20191009_02:00:00   2.8189e-01   7.1392e+01   5.4734e+00   0.0000e+00   0.0000e+00   2.7055e+02
20191009_03:00:00   0.0000e+00   2.7000e+00   0.0000e+00   0.0000e+00   0.0000e+00   0.0000e+00
20191009_04:00:00   2.3194e-01   6.0922e+01   4.4872e+00   0.0000e+00   0.0000e+00   2.6786e+02
20191009_05:00:00   2.2831e-01   6.0119e+01   4.3954e+00   0.0000e+00   0.0000e+00   2.6957e+02
20191009_07:00:00   1.9997e-01   5.3883e+01   3.8440e+00   0.0000e+00   0.0000e+00   2.6975e+02
20191009_08:00:00   0.0000e+00   2.7000e+00   0.0000e+00   0.0000e+00   0.0000e+00   0.0000e+00
20191009_10:00:00   1.3419e-01   3.8629e+01   2.6372e+00   0.0000e+00   0.0000e+00   2.7158e+02
20191009_11:00:00   1.2679e-01   3.6802e+01   2.5081e+00   0.0000e+00   0.0000e+00   2.7075e+02
20191009_13:00:00   1.3444e-01   3.8438e+01   2.7343e+00   0.0000e+00   0.0000e+00   2.7029e+02
20191009_14:00:00   0.0000e+00   0.0000e+00   0.0000e+00   0.0000e+00   0.0000e+00   0.0000e+00
20191009_15:00:00   1.2680e-01   3.6605e+01   2.6079e+00   0.0000e+00   0.0000e+00   2.7039e+02
20191009_16:00:00   1.3041e-01   3.7416e+01   2.7056e+00   0.0000e+00   0.0000e+00   2.7046e+02
20191009_17:00:00   1.3252e-01   3.7907e+01   2.7509e+00   0.0000e+00   0.0000e+00   2.7085e+02
20191009_18:00:00   0.0000e+00   0.0000e+00   0.0000e+00   0.0000e+00   0.0000e+00   0.0000e+00
20191009_19:00:00   1.7008e-01   4.6676e+01   3.5280e+00   0.0000e+00   0.0000e+00   2.7159e+02
20191009_20:00:00   1.9044e-01   5.1304e+01   3.9249e+00   0.0000e+00   0.0000e+00   2.7197e+02
20191009_21:00:00   1.9669e-01   5.2713e+01   4.0372e+00   0.0000e+00   0.0000e+00   2.7277e+02
20191009_23:00:00   2.1737e-01   5.7184e+01   4.4596e+00   0.0000e+00   0.0000e+00   2.7467e+02
20191010_01:00:00   0.0000e+00   0.0000e+00   0.0000e+00   0.0000e+00   0.0000e+00   0.0000e+00
20191010_02:00:00   2.3432e-01   6.0810e+01   4.8027e+00   0.0000e+00   0.0000e+00   2.7712e+02
20191010_03:00:00   0.0000e+00   0.0000e+00   0.0000e+00   0.0000e+00   0.0000e+00   0.0000e+00
20191010_04:00:00   2.0676e-01   5.4860e+01   4.2839e+00   0.0000e+00   0.0000e+00   2.7650e+02
20191010_05:00:00   1.7636e-01   4.8116e+01   3.6605e+00   0.0000e+00   0.0000e+00   2.7575e+02
20191010_06:00:00   1.5882e-01   4.4122e+01   3.2854e+00   0.0000e+00   0.0000e+00   2.7578e+02
20191010_07:00:00   1.4325e-01   4.0512e+01   2.9499e+00   0.0000e+00   0.0000e+00   2.7621e+02
20191010_08:00:00   0.0000e+00   0.0000e+00   0.0000e+00   0.0000e+00   0.0000e+00   0.0000e+00
20191010_09:00:00   0.0000e+00   0.0000e+00   0.0000e+00   0.0000e+00   0.0000e+00   0.0000e+00
20191010_10:00:00   1.3027e-01   3.7506e+01   2.6430e+00   0.0000e+00   0.0000e+00   2.7601e+02
20191010_11:00:00   1.2742e-01   3.6896e+01   2.5475e+00   0.0000e+00   0.0000e+00   2.7519e+02
20191010_12:00:00   0.0000e+00   0.0000e+00   0.0000e+00   0.0000e+00   0.0000e+00   0.0000e+00
20191010_13:00:00   1.2285e-01   3.5860e+01   2.3947e+00   0.0000e+00   0.0000e+00   2.7481e+02
20191010_14:00:00   0.0000e+00   0.0000e+00   0.0000e+00   0.0000e+00   0.0000e+00   0.0000e+00
20191010_15:00:00   0.0000e+00   0.0000e+00   0.0000e+00   0.0000e+00   0.0000e+00   0.0000e+00
20191010_16:00:00   1.0361e-01   3.1129e+01   1.9921e+00   0.0000e+00   0.0000e+00   2.7439e+02
20191010_17:00:00   9.7648e-02   2.9653e+01   1.8661e+00   0.0000e+00   0.0000e+00   2.7429e+02
20191010_19:00:00   0.0000e+00   0.0000e+00   0.0000e+00   0.0000e+00   0.0000e+00   0.0000e+00
20191010_20:00:00   1.1168e-01   3.3098e+01   2.1353e+00   0.0000e+00   0.0000e+00   2.7361e+02
20191010_21:00:00   1.0999e-01   3.2664e+01   2.1092e+00   0.0000e+00   0.0000e+00   2.7298e+02
20191010_22:00:00   1.0831e-01   3.2232e+01   2.0795e+00   0.0000e+00   0.0000e+00   2.7260e+02
20191010_23:00:00   0.0000e+00   0.0000e+00   0.0000e+00   0.0000e+00   0.0000e+00   0.0000e+00
20191011_00:00:00   0.0000e+00   0.0000e+00   0.0000e+00   0.0000e+00   0.0000e+00   0.0000e+00
20191011_02:00:00   7.4362e-02   2.3684e+01   1.4103e+00   0.0000e+00   0.0000e+00   2.7386e+02
20191011_03:00:00   7.2610e-02   2.3198e+01   1.3845e+00   0.0000e+00   0.0000e+00   2.7261e+02
20191011_04:00:00   6.7542e-02   2.1884e+01   1.2846e+00   0.0000e+00   0.0000e+00   2.7146e+02
20191011_06:00:00   0.0000e+00   0.0000e+00   0.0000e+00   0.0000e+00   0.0000e+00   0.0000e+00
20191011_07:00:00   7.3690e-02   2.3380e+01   1.4223e+00   0.0000e+00   0.0000e+00   2.7212e+02
20191011_08:00:00   7.5913e-02   2.3938e+01   1.4682e+00   0.0000e+00   0.0000e+00   2.7307e+02
20191011_09:00:00   7.9823e-02   2.4885e+01   1.5566e+00   0.0000e+00   0.0000e+00   2.7265e+02
20191011_10:00:00   8.1981e-02   2.5396e+01   1.6082e+00   0.0000e+00   0.0000e+00   2.7173e+02
20191011_11:00:00   8.4422e-02   2.5942e+01   1.6774e+00   0.0000e+00   0.0000e+00   2.7035e+02
20191011_12:00:00   0.0000e+00   0.0000e+00   0.0000e+00   0.0000e+00   0.0000e+00   0.0000e+00
20191011_13:00:00   0.0000e+00   0.0000e+00   0.0000e+00   0.0000e+00   0.0000e+00   0.0000e+00
20191011_15:00:00   9.4274e-02   2.8223e+01   1.9246e+00   0.0000e+00   0.0000e+00   2.7295e+02
20191011_16:00:00   0.0000e+00   2.7000e+00   0.0000e+00   0.0000e+00   0.0000e+00   0.0000e+00
20191011_17:00:00   0.0000e+00   0.0000e+00   0.0000e+00   0.0000e+00   0.0000e+00   0.0000e+00
20191011_18:00:00   0.0000e+00   0.0000e+00   0.0000e+00   0.0000e+00   0.0000e+00   0.0000e+00
20191011_19:00:00   0.0000e+00   0.0000e+00   0.0000e+00   0.0000e+00   0.0000e+00   0.0000e+00
20191011_20:00:00   0.0000e+00   2.7000e+00   0.0000e+00   0.0000e+00   0.0000e+00   0.0000e+00
20191011_22:00:00   1.0091e-01   2.9742e+01   2.1206e+00   0.0000e+00   0.0000e+00   2.6972e+02
20191011_23:00:00   1.0283e-01   3.0181e+01   2.1719e+00   0.0000e+00   0.0000e+00   2.6922e+02
20191012_00:00:00   1.0561e-01   3.0829e+01   2.2409e+00   0.0000e+00   0.0000e+00   2.6912e+02
20191012_01:00:00   1.0986e-01   3.1853e+01   2.3352e+00   0.0000e+00   0.0000e+00   2.6917e+02
20191012_02:00:00   0.0000e+00   0.0000e+00   0.0000e+00   0.0000e+00   0.0000e+00   0.0000e+00
20191012_03:00:00   0.0000e+00   0.0000e+00   0.0000e+00   0.0000e+00   0.0000e+00   0.0000e+00
20191012_05:00:00   1.2832e-01   3.6358e+01   2.7358e+00   0.0000e+00   0.0000e+00   2.6814e+02
20191012_07:00:00   0.0000e+00   0.0000e+00   0.0000e+00   0.0000e+00   0.0000e+00   0.0000e+00
20191012_08:00:00   0.0000e+00   0.0000e+00   0.0000e+00   0.0000e+00   0.0000e+00   0.0000e+00
20191012_09:00:00   2.2590e-01   5.8409e+01   4.7121e+00   0.0000e+00   2.5780e-05   2.6949e+02
20191012_10:00:00   2.4186e-01   6.1763e+01   5.0389e+00   0.0000e+00   8.2400e-06   2.6855e+02
20191012_11:00:00   0.0000e+00   2.7000e+00   0.0000e+00   0.0000e+00   0.0000e+00   0.0000e+00
20191012_12:00:00   2.7019e-01   6.7639e+01   5.5509e+00   0.0000e+00   0.0000e+00   2.6876e+02
20191012_13:00:00   2.6563e-01   6.6770e+01   5.4296e+00   0.0000e+00   0.0000e+00   2.6991e+02
20191012_14:00:00   2.6015e-01   6.5720e+01   5.2656e+00   0.0000e+00   0.0000e+00   2.7106e+02
20191012_15:00:00   2.5308e-01   6.4350e+01   5.0835e+00   0.0000e+00   0.0000e+00   2.7234e+02
20191012_17:00:00   0.0000e+00   2.7000e+00   0.0000e+00   0.0000e+00   0.0000e+00   0.0000e+00
20191012_18:00:00   2.2654e-01   5.8949e+01   4.5129e+00   0.0000e+00   0.0000e+00   2.7067e+02
20191012_19:00:00   2.2278e-01   5.8154e+01   4.4364e+00   0.0000e+00   0.0000e+00   2.6918e+02
20191012_22:00:00   0.0000e+00   0.0000e+00   0.0000e+00   0.0000e+00   0.0000e+00   0.0000e+00
20191012_23:00:00   2.3576e-01   6.1124e+01   4.5813e+00   0.0000e+00   0.0000e+00   2.6863e+02
20191013_00:00:00   2.4203e-01   6.2519e+01   4.6630e+00   0.0000e+00   0.0000e+00   2.6989e+02
20191013_01:00:00   0.0000e+00   0.0000e+00   0.0000e+00   0.0000e+00   0.0000e+00   0.0000e+00
20191013_02:00:00   2.2748e-01   5.9465e+01   4.3848e+00   0.0000e+00   0.0000e+00   2.6931e+02
20191013_03:00:00   2.1266e-01   5.6295e+01   4.1094e+00   0.0000e+00   0.0000e+00   2.6874e+02
20191013_04:00:00   1.9412e-01   5.2241e+01   3.7658e+00   0.0000e+00   0.0000e+00   2.6894e+02
20191013_05:00:00   1.8293e-01   4.9717e+01   3.5629e+00   0.0000e+00   0.0000e+00   2.6991e+02
20191013_06:00:00   0.0000e+00   0.0000e+00   0.0000e+00   0.0000e+00   0.0000e+00   0.0000e+00
20191013_07:00:00   0.0000e+00   0.0000e+00   0.0000e+00   0.0000e+00   0.0000e+00   0.0000e+00
20191013_08:00:00   1.6652e-01   4.5964e+01   3.2288e+00   0.0000e+00   0.0000e+00   2.6904e+02
20191013_09:00:00   1.5876e-01   4.4168e+01   3.0784e+00   0.0000e+00   0.0000e+00   2.6893e+02
20191013_10:00:00   0.0000e+00   2.7000e+00   0.0000e+00   0.0000e+00   0.0000e+00   0.0000e+00
20191013_11:00:00   0.0000e+00   0.0000e+00   0.0000e+00   0.0000e+00   0.0000e+00   0.0000e+00
20191013_12:00:00   0.0000e+00   0.0000e+00   0.0000e+00   0.0000e+00   0.0000e+00   0.0000e+00
20191013_13:00:00   1.4677e-01   4.1336e+01   2.8744e+00   0.0000e+00   0.0000e+00   2.6974e+02
20191013_14:00:00   0.0000e+00   2.7000e+00   0.0000e+00   0.0000e+00   0.0000e+00   0.0000e+00
20191013_15:00:00   0.0000e+00   0.0000e+00   0.0000e+00   0.0000e+00   0.0000e+00   0.0000e+00
20191013_16:00:00   1.4712e-01   4.1332e+01   2.9358e+00   0.0000e+00   0.0000e+00   2.6835e+02
20191013_17:00:00   1.4942e-01   4.1846e+01   2.9927e+00   0.0000e+00   0.0000e+00   2.6584e+02
20191013_18:00:00   1.5518e-01   4.3175e+01   3.1179e+00   0.0000e+00   0.0000e+00   2.6438e+02
20191013_19:00:00   1.7048e-01   4.6693e+01   3.4167e+00   0.0000e+00   0.0000e+00   2.6356e+02
20191013_20:00:00   2.1128e-01   5.5718e+01   4.2195e+00   0.0000e+00   0.0000e+00   2.6250e+02
20191013_21:00:00   2.3841e-01   6.1495e+01   4.7734e+00   0.0000e+00   0.0000e+00   2.6073e+02
20191013_22:00:00   0.0000e+00   0.0000e+00   0.0000e+00   0.0000e+00   0.0000e+00   0.0000e+00
20191013_23:00:00   0.0000e+00   0.0000e+00   0.0000e+00   0.0000e+00   0.0000e+00   0.0000e+00
20191014_00:00:00   2.5527e-01   6.5029e+01   5.1731e+00   0.0000e+00   0.0000e+00   2.6031e+02
20191014_06:00:00   2.0934e-01   5.5206e+01   4.3467e+00   0.0000e+00   4.5379e-03   2.5766e+02
20191014_12:00:00   1.7447e-01   4.7439e+01   3.6206e+00   0.0000e+00   7.0210e-03   2.5689e+02
20191014_15:00:00   0.0000e+00   0.0000e+00   0.0000e+00   0.0000e+00   0.0000e+00   0.0000e+00
20191014_18:00:00   1.6967e-01   4.6463e+01   3.4786e+00   0.0000e+00   2.7681e-03   2.5685e+02
20191014_21:00:00   2.0696e-01   5.4914e+01   4.1645e+00   0.0000e+00   9.9380e-04   2.5365e+02
20191015_00:00:00   0.0000e+00   0.0000e+00   0.0000e+00   0.0000e+00   0.0000e+00   0.0000e+00
20191015_03:00:00   0.0000e+00   0.0000e+00   0.0000e+00   0.0000e+00   0.0000e+00   0.0000e+00
20191015_06:00:00   2.2295e-01   5.8533e+01   4.4725e+00   0.0000e+00   0.0000e+00   2.5412e+02
20191015_09:00:00   0.0000e+00   0.0000e+00   0.0000e+00   0.0000e+00   0.0000e+00   0.0000e+00
20191015_12:00:00   0.0000e+00   0.0000e+00   0.0000e+00   0.0000e+00   0.0000e+00   0.0000e+00
20191015_15:00:00   2.5604e-01   6.5364e+01   5.2231e+00   0.0000e+00   0.0000e+00   2.5280e+02
20191015_18:00:00   2.5018e-01   6.4271e+01   5.1320e+00   0.0000e+00   0.0000e+00   2.5086e+02
20191015_21:00:00   1.9741e-01   5.2480e+01   4.0519e+00   0.0000e+00   9.6015e-04   2.5381e+02
20191016_00:00:00   2.8542e-01   7.1470e+01   6.0848e+00   0.0000e+00   1.7072e-06   2.5115e+02
20191016_03:00:00   2.8004e-01   7.0394e+01   5.9915e+00   0.0000e+00   1.1042e-06   2.5319e+02
20191016_06:00:00   4.5437e-01   1.0243e+02   9.8653e+00   0.0000e+00   6.5109e-03   2.4952e+02
20191016_09:00:00   0.0000e+00   0.0000e+00   0.0000e+00   0.0000e+00   0.0000e+00   0.0000e+00
20191016_12:00:00   7.6489e-01   1.4881e+02   1.5003e+01   8.8206e-04   2.5860e-04   2.5187e+02
20191016_15:00:00   0.0000e+00   0.0000e+00   0.0000e+00   0.0000e+00   0.0000e+00   0.0000e+00
20191016_18:00:00   5.3842e-01   1.1666e+02   1.1171e+01   0.0000e+00   5.4260e-05   2.5320e+02
20191016_21:00:00   1.3886e+00   2.0889e+02   1.3092e+01   2.9151e-01   0.0000e+00   2.5002e+02
20191017_00:00:00   5.7977e-01   1.2328e+02   1.1717e+01   2.6630e-04   0.0000e+00   2.5267e+02
20191017_03:00:00   6.0674e-01   1.2780e+02   1.1938e+01   0.0000e+00   0.0000e+00   2.5431e+02
20191017_06:00:00   5.4866e-01   1.1930e+02   1.0065e+01   9.5270e-03   0.0000e+00   2.5289e+02
20191017_09:00:00   4.0382e-01   9.4877e+01   7.6831e+00   2.2794e-03   0.0000e+00   2.5595e+02
20191017_12:00:00   0.0000e+00   0.0000e+00   0.0000e+00   0.0000e+00   0.0000e+00   0.0000e+00
20191017_15:00:00   1.1163e-01   3.2985e+01   2.2859e+00   0.0000e+00   0.0000e+00   2.5935e+02
20191017_18:00:00   0.0000e+00   0.0000e+00   0.0000e+00   0.0000e+00   0.0000e+00   0.0000e+00
20191017_21:00:00   2.6549e-01   6.7791e+01   5.1794e+00   0.0000e+00   0.0000e+00   2.5411e+02
20191018_00:00:00   0.0000e+00   2.7000e+00   0.0000e+00   0.0000e+00   0.0000e+00   0.0000e+00
20191018_03:00:00   0.0000e+00   0.0000e+00   0.0000e+00   0.0000e+00   0.0000e+00   0.0000e+00
20191018_06:00:00   2.8613e-01   7.1970e+01   5.6644e+00   0.0000e+00   0.0000e+00   2.6007e+02
20191018_09:00:00   0.0000e+00   2.7000e+00   0.0000e+00   0.0000e+00   0.0000e+00   0.0000e+00
20191018_12:00:00   0.0000e+00   0.0000e+00   0.0000e+00   0.0000e+00   0.0000e+00   0.0000e+00
20191018_15:00:00   1.7216e-01   4.6953e+01   3.5152e+00   0.0000e+00   0.0000e+00   2.5816e+02
20191018_18:00:00   0.0000e+00   2.7000e+00   0.0000e+00   0.0000e+00   0.0000e+00   0.0000e+00
20191018_21:00:00   2.5111e-01   6.3839e+01   4.0697e+00   1.9052e-02   4.2850e-05   2.5403e+02
20191019_00:00:00   1.7215e-01   4.6647e+01   3.5085e+00   6.0830e-04   1.1202e-05   2.5687e+02
20191019_03:00:00   1.1455e-01   3.3300e+01   2.4054e+00   0.0000e+00   0.0000e+00   2.5825e+02
20191019_06:00:00   0.0000e+00   0.0000e+00   0.0000e+00   0.0000e+00   0.0000e+00   0.0000e+00
20191019_09:00:00   1.1615e-01   3.3698e+01   2.3956e+00   0.0000e+00   0.0000e+00   2.5910e+02
20191019_12:00:00   1.3566e-01   3.8229e+01   2.8150e+00   0.0000e+00   0.0000e+00   2.6289e+02
20191019_15:00:00   1.3496e-01   3.7858e+01   2.8519e+00   0.0000e+00   0.0000e+00   2.6233e+02
20191019_18:00:00   0.0000e+00   0.0000e+00   0.0000e+00   0.0000e+00   0.0000e+00   0.0000e+00
20191019_21:00:00   1.4095e-01   3.9197e+01   2.9463e+00   0.0000e+00   0.0000e+00   2.6086e+02
20191020_00:00:00   1.1056e-01   3.2330e+01   2.2125e+00   0.0000e+00   0.0000e+00   2.6336e+02
20191020_03:00:00   1.0134e-01   3.0175e+01   1.9852e+00   0.0000e+00   0.0000e+00   2.6530e+02
20191020_06:00:00   1.0455e-01   3.0939e+01   2.0513e+00   0.0000e+00   0.0000e+00   2.6884e+02
20191020_09:00:00   9.5012e-02   2.8644e+01   1.8175e+00   0.0000e+00   0.0000e+00   2.7458e+02
20191020_12:00:00   5.4870e-02   1.8762e+01   8.8565e-01   0.0000e+00   0.0000e+00   2.7795e+02
20191020_15:00:00   4.7839e-02   1.6888e+01   7.4543e-01   0.0000e+00   0.0000e+00   2.7905e+02
20191020_18:00:00   5.5673e-02   1.8860e+01   9.3486e-01   0.0000e+00   0.0000e+00   2.7868e+02
20191020_21:00:00   7.2037e-02   2.2734e+01   1.3610e+00   0.0000e+00   0.0000e+00   2.7482e+02
20191021_03:00:00   1.0727e-01   3.1320e+01   2.1632e+00   0.0000e+00   0.0000e+00   2.7791e+02
20191021_06:00:00   0.0000e+00   0.0000e+00   0.0000e+00   0.0000e+00   0.0000e+00   0.0000e+00
20191021_09:00:00   8.6032e-02   2.6371e+01   1.6502e+00   0.0000e+00   0.0000e+00   2.7516e+02
20191021_12:00:00   0.0000e+00   0.0000e+00   0.0000e+00   0.0000e+00   0.0000e+00   0.0000e+00
20191021_18:00:00   0.0000e+00   0.0000e+00   0.0000e+00   0.0000e+00   0.0000e+00   0.0000e+00
20191021_21:00:00   0.0000e+00   2.7000e+00   0.0000e+00   0.0000e+00   0.0000e+00   0.0000e+00
20191022_00:00:00   1.2002e-01   3.5058e+01   2.4510e+00   0.0000e+00   0.0000e+00   2.6117e+02
20191022_03:00:00   1.1765e-01   3.4682e+01   2.3812e+00   0.0000e+00   0.0000e+00   2.6102e+02
20191022_06:00:00   1.0751e-01   3.2346e+01   2.1405e+00   0.0000e+00   0.0000e+00   2.5839e+02
20191022_09:00:00   1.0607e-01   3.2018e+01   2.1136e+00   0.0000e+00   0.0000e+00   2.5735e+02
20191022_12:00:00   0.0000e+00   0.0000e+00   0.0000e+00   0.0000e+00   0.0000e+00   0.0000e+00
20191022_15:00:00   9.6771e-02   2.9748e+01   1.9053e+00   0.0000e+00   0.0000e+00   2.5352e+02
20191022_18:00:00   9.5573e-02   2.9479e+01   1.8881e+00   0.0000e+00   0.0000e+00   2.5218e+02
20191022_21:00:00   9.4026e-02   2.9114e+01   1.8538e+00   0.0000e+00   0.0000e+00   2.4823e+02
20191023_00:00:00   9.3162e-02   2.8940e+01   1.8290e+00   0.0000e+00   0.0000e+00   2.4808e+02
20191023_03:00:00   8.8727e-02   2.7874e+01   1.7197e+00   0.0000e+00   0.0000e+00   2.4889e+02
20191023_06:00:00   0.0000e+00   2.7000e+00   0.0000e+00   0.0000e+00   0.0000e+00   0.0000e+00
20191023_09:00:00   8.1260e-02   2.5980e+01   1.5467e+00   0.0000e+00   0.0000e+00   2.4566e+02
20191023_12:00:00   7.7580e-02   2.5017e+01   1.4616e+00   0.0000e+00   0.0000e+00   2.4431e+02
20191023_15:00:00   8.0472e-02   2.5747e+01   1.5214e+00   0.0000e+00   0.0000e+00   2.4305e+02
20191023_18:00:00   8.2393e-02   2.6247e+01   1.5590e+00   0.0000e+00   0.0000e+00   2.4366e+02
20191024_03:00:00   7.8796e-02   2.5367e+01   1.4666e+00   0.0000e+00   0.0000e+00   2.4342e+02
20191024_09:00:00   9.2221e-02   2.8773e+01   1.7462e+00   0.0000e+00   0.0000e+00   2.4054e+02
20191024_12:00:00   1.0863e-01   3.2793e+01   2.0917e+00   0.0000e+00   0.0000e+00   2.3908e+02
20191024_15:00:00   1.1677e-01   3.4748e+01   2.2491e+00   0.0000e+00   0.0000e+00   2.4140e+02
20191024_18:00:00   0.0000e+00   0.0000e+00   0.0000e+00   0.0000e+00   0.0000e+00   0.0000e+00
20191024_21:00:00   0.0000e+00   0.0000e+00   0.0000e+00   0.0000e+00   0.0000e+00   0.0000e+00
20191025_00:00:00   0.0000e+00   0.0000e+00   0.0000e+00   0.0000e+00   0.0000e+00   0.0000e+00
