#            date       tau225        Tb[K]      pwv[mm] lwp[kg*m^-2] iwp[kg*m^-2]       o3[DU]
20191004_07:00:00   1.0843e+00   1.8436e+02   1.1387e+01   1.9008e-01   3.6264e-05   2.5385e+02
20191004_09:00:00   1.5817e+00   2.1997e+02   1.1888e+01   3.8674e-01   1.1038e-03   2.5163e+02
20191004_10:00:00   1.9738e+00   2.3740e+02   1.3732e+01   5.1703e-01   1.2959e-02   2.5181e+02
20191004_11:00:00   1.9389e+00   2.3613e+02   1.3550e+01   5.0767e-01   1.9288e-02   2.5218e+02
20191004_13:00:00   0.0000e+00   0.0000e+00   0.0000e+00   0.0000e+00   0.0000e+00   0.0000e+00
20191004_14:00:00   5.6128e-01   1.2127e+02   9.9667e+00   1.6077e-02   1.7310e-04   2.4955e+02
20191004_15:00:00   1.1610e+00   1.9073e+02   1.1769e+01   2.2086e-01   1.6644e-03   2.4999e+02
20191004_17:00:00   5.0374e-01   1.1228e+02   9.5825e+00   5.6020e-05   0.0000e+00   2.5169e+02
20191004_18:00:00   4.7525e-01   1.0774e+02   8.7936e+00   1.4559e-03   0.0000e+00   2.5290e+02
20191004_20:00:00   4.5177e-01   1.0397e+02   7.6724e+00   1.4020e-02   0.0000e+00   2.5265e+02
20191004_21:00:00   4.1661e-01   9.7787e+01   7.0000e+00   1.5471e-02   0.0000e+00   2.5290e+02
20191004_22:00:00   3.8397e-01   9.1755e+01   6.6658e+00   9.4470e-03   0.0000e+00   2.5311e+02
20191004_23:00:00   5.6426e-01   1.2249e+02   6.8772e+00   7.5660e-02   0.0000e+00   2.5366e+02
20191005_00:00:00   4.0159e-01   9.4899e+01   6.5921e+00   1.8047e-02   0.0000e+00   2.5453e+02
20191005_01:00:00   3.2243e-01   7.9938e+01   5.5181e+00   1.1558e-02   0.0000e+00   2.5444e+02
20191005_02:00:00   0.0000e+00   0.0000e+00   0.0000e+00   0.0000e+00   0.0000e+00   0.0000e+00
20191005_03:00:00   0.0000e+00   2.7000e+00   0.0000e+00   0.0000e+00   0.0000e+00   0.0000e+00
20191005_04:00:00   0.0000e+00   0.0000e+00   0.0000e+00   0.0000e+00   0.0000e+00   0.0000e+00
20191005_05:00:00   1.4752e-01   4.2263e+01   2.8028e+00   0.0000e+00   0.0000e+00   2.5324e+02
20191005_06:00:00   1.2338e-01   3.6486e+01   2.3388e+00   0.0000e+00   0.0000e+00   2.5428e+02
20191005_07:00:00   1.1175e-01   3.3647e+01   2.1014e+00   0.0000e+00   0.0000e+00   2.5459e+02
20191005_08:00:00   1.0439e-01   3.1823e+01   1.9585e+00   0.0000e+00   0.0000e+00   2.5443e+02
20191005_09:00:00   9.8932e-02   3.0439e+01   1.8572e+00   0.0000e+00   0.0000e+00   2.5466e+02
20191005_10:00:00   0.0000e+00   2.7000e+00   0.0000e+00   0.0000e+00   0.0000e+00   0.0000e+00
20191005_11:00:00   9.5605e-02   2.9601e+01   1.7959e+00   0.0000e+00   0.0000e+00   2.5528e+02
20191005_13:00:00   8.8247e-02   2.7755e+01   1.6349e+00   0.0000e+00   0.0000e+00   2.5405e+02
20191005_14:00:00   9.1016e-02   2.8418e+01   1.7098e+00   0.0000e+00   0.0000e+00   2.5336e+02
20191005_16:00:00   0.0000e+00   0.0000e+00   0.0000e+00   0.0000e+00   0.0000e+00   0.0000e+00
20191005_17:00:00   0.0000e+00   0.0000e+00   0.0000e+00   0.0000e+00   0.0000e+00   0.0000e+00
20191005_18:00:00   9.4352e-05   2.7674e+00   0.0000e+00   0.0000e+00   0.0000e+00   1.1378e+02
20191005_19:00:00   1.0726e-01   3.2559e+01   2.0317e+00   0.0000e+00   0.0000e+00   2.5363e+02
20191005_20:00:00   1.2061e-01   3.5873e+01   2.2843e+00   0.0000e+00   0.0000e+00   2.5301e+02
20191005_21:00:00   0.0000e+00   0.0000e+00   0.0000e+00   0.0000e+00   0.0000e+00   0.0000e+00
20191005_22:00:00   1.4293e-01   4.1284e+01   2.7265e+00   0.0000e+00   0.0000e+00   2.5285e+02
20191005_23:00:00   0.0000e+00   0.0000e+00   0.0000e+00   0.0000e+00   0.0000e+00   0.0000e+00
20191006_00:00:00   1.3642e-01   3.9740e+01   2.6066e+00   0.0000e+00   0.0000e+00   2.4995e+02
20191006_01:00:00   0.0000e+00   0.0000e+00   0.0000e+00   0.0000e+00   0.0000e+00   0.0000e+00
20191006_03:00:00   0.0000e+00   2.7000e+00   0.0000e+00   0.0000e+00   0.0000e+00   0.0000e+00
20191006_04:00:00   9.8287e-02   3.0277e+01   1.8906e+00   0.0000e+00   0.0000e+00   2.4929e+02
20191006_05:00:00   9.6422e-02   2.9800e+01   1.8501e+00   0.0000e+00   0.0000e+00   2.4966e+02
20191006_06:00:00   1.0932e-01   3.3002e+01   2.1132e+00   0.0000e+00   0.0000e+00   2.4967e+02
20191006_07:00:00   0.0000e+00   2.7000e+00   0.0000e+00   0.0000e+00   0.0000e+00   0.0000e+00
20191006_08:00:00   0.0000e+00   0.0000e+00   0.0000e+00   0.0000e+00   0.0000e+00   0.0000e+00
20191006_09:00:00   0.0000e+00   0.0000e+00   0.0000e+00   0.0000e+00   0.0000e+00   0.0000e+00
20191006_10:00:00   9.7492e-02   2.9658e+01   1.9876e+00   0.0000e+00   0.0000e+00   2.4814e+02
20191006_11:00:00   9.8032e-02   2.9643e+01   2.0434e+00   0.0000e+00   1.1968e-04   2.4939e+02
20191006_12:00:00   1.0400e-01   3.0952e+01   2.2244e+00   0.0000e+00   1.0484e-03   2.5071e+02
20191006_13:00:00   1.0945e-01   3.2205e+01   2.3682e+00   0.0000e+00   2.2658e-04   2.5104e+02
20191006_14:00:00   1.1080e-01   3.2426e+01   2.4269e+00   0.0000e+00   7.1965e-04   2.5028e+02
20191006_15:00:00   1.1094e-01   3.2398e+01   2.4480e+00   0.0000e+00   4.4039e-04   2.4933e+02
20191006_16:00:00   1.0780e-01   3.1670e+01   2.3626e+00   0.0000e+00   2.3283e-03   2.4928e+02
20191006_17:00:00   0.0000e+00   0.0000e+00   0.0000e+00   0.0000e+00   0.0000e+00   0.0000e+00
20191006_18:00:00   0.0000e+00   0.0000e+00   0.0000e+00   0.0000e+00   0.0000e+00   0.0000e+00
20191006_19:00:00   0.0000e+00   0.0000e+00   0.0000e+00   0.0000e+00   0.0000e+00   0.0000e+00
20191006_20:00:00   1.0531e-01   3.1117e+01   2.2983e+00   0.0000e+00   7.6820e-03   2.4945e+02
20191006_21:00:00   1.0924e-01   3.2086e+01   2.3870e+00   0.0000e+00   5.9230e-03   2.5075e+02
20191006_22:00:00   1.1526e-01   3.3528e+01   2.5294e+00   0.0000e+00   4.1927e-03   2.5286e+02
20191006_23:00:00   1.1419e-01   3.3277e+01   2.5048e+00   0.0000e+00   3.8618e-03   2.5393e+02
20191007_00:00:00   1.1784e-01   3.4254e+01   2.5669e+00   0.0000e+00   1.1006e-03   2.5464e+02
20191007_01:00:00   1.3156e-01   3.7704e+01   2.8360e+00   0.0000e+00   2.2061e-04   2.5543e+02
20191007_02:00:00   1.4927e-01   4.2024e+01   3.1855e+00   0.0000e+00   1.7948e-03   2.5561e+02
20191007_04:00:00   3.5478e-02   1.3504e+01   6.2058e-01   0.0000e+00   0.0000e+00   2.6813e+02
20191007_05:00:00   0.0000e+00   0.0000e+00   0.0000e+00   0.0000e+00   0.0000e+00   0.0000e+00
20191007_06:00:00   1.7898e-01   4.9087e+01   3.7504e+00   0.0000e+00   4.4383e-04   2.5685e+02
20191007_07:00:00   0.0000e+00   0.0000e+00   0.0000e+00   0.0000e+00   0.0000e+00   0.0000e+00
20191007_08:00:00   0.0000e+00   0.0000e+00   0.0000e+00   0.0000e+00   0.0000e+00   0.0000e+00
20191007_09:00:00   1.5169e-01   4.2440e+01   3.2498e+00   0.0000e+00   1.7768e-04   2.5480e+02
20191007_10:00:00   0.0000e+00   0.0000e+00   0.0000e+00   0.0000e+00   0.0000e+00   0.0000e+00
20191007_11:00:00   0.0000e+00   2.7000e+00   0.0000e+00   0.0000e+00   0.0000e+00   0.0000e+00
20191007_12:00:00   0.0000e+00   2.7000e+00   0.0000e+00   0.0000e+00   0.0000e+00   0.0000e+00
20191007_13:00:00   0.0000e+00   0.0000e+00   0.0000e+00   0.0000e+00   0.0000e+00   0.0000e+00
20191007_15:00:00   2.9319e-01   7.3712e+01   4.8706e+00   2.0030e-02   1.1961e-03   2.5578e+02
20191007_16:00:00   1.8172e-01   4.9450e+01   3.7910e+00   0.0000e+00   6.7686e-04   2.5539e+02
20191007_17:00:00   1.8948e-01   5.1243e+01   3.9234e+00   0.0000e+00   2.3594e-03   2.5434e+02
20191007_18:00:00   2.1528e-01   5.7048e+01   4.3913e+00   0.0000e+00   1.3458e-03   2.5327e+02
20191007_19:00:00   0.0000e+00   2.7000e+00   0.0000e+00   0.0000e+00   0.0000e+00   0.0000e+00
20191007_20:00:00   2.7675e-01   7.0236e+01   5.4978e+00   0.0000e+00   2.5674e-03   2.5294e+02
20191007_21:00:00   3.1538e-01   7.7984e+01   6.2133e+00   0.0000e+00   1.1276e-02   2.5264e+02
20191007_22:00:00   3.2968e-01   8.0883e+01   6.4376e+00   0.0000e+00   2.7740e-03   2.5315e+02
20191007_23:00:00   0.0000e+00   0.0000e+00   0.0000e+00   0.0000e+00   0.0000e+00   0.0000e+00
20191008_00:00:00   3.2984e-01   8.1054e+01   6.2545e+00   3.2050e-03   1.8302e-04   2.5458e+02
20191008_01:00:00   0.0000e+00   0.0000e+00   0.0000e+00   0.0000e+00   0.0000e+00   0.0000e+00
20191008_02:00:00   2.8594e-01   7.2013e+01   5.7140e+00   0.0000e+00   5.2700e-06   2.5441e+02
20191008_03:00:00   1.3484e-01   3.8794e+01   2.8070e+00   0.0000e+00   0.0000e+00   2.6182e+02
20191008_04:00:00   3.1256e-01   7.7463e+01   6.1390e+00   0.0000e+00   0.0000e+00   2.5363e+02
20191008_05:00:00   3.4883e-01   8.4520e+01   6.7647e+00   0.0000e+00   0.0000e+00   2.5434e+02
20191008_06:00:00   3.2711e-01   8.0365e+01   6.3322e+00   0.0000e+00   0.0000e+00   2.5508e+02
20191008_08:00:00   0.0000e+00   0.0000e+00   0.0000e+00   0.0000e+00   0.0000e+00   0.0000e+00
20191008_09:00:00   2.4687e-01   6.3979e+01   4.7752e+00   0.0000e+00   0.0000e+00   2.5697e+02
20191008_11:00:00   2.3849e-01   6.2032e+01   4.7077e+00   0.0000e+00   0.0000e+00   2.5682e+02
20191008_12:00:00   0.0000e+00   2.7000e+00   0.0000e+00   0.0000e+00   0.0000e+00   0.0000e+00
20191008_13:00:00   2.2159e-01   5.8261e+01   4.5146e+00   0.0000e+00   0.0000e+00   2.5635e+02
20191008_14:00:00   2.3091e-01   6.0114e+01   4.7841e+00   0.0000e+00   0.0000e+00   2.5690e+02
20191008_15:00:00   2.3517e-01   6.0968e+01   4.9147e+00   0.0000e+00   0.0000e+00   2.5828e+02
20191008_16:00:00   0.0000e+00   0.0000e+00   0.0000e+00   0.0000e+00   0.0000e+00   0.0000e+00
20191008_17:00:00   2.2201e-01   5.8096e+01   4.6895e+00   0.0000e+00   0.0000e+00   2.5798e+02
20191008_18:00:00   2.1903e-01   5.7361e+01   4.6845e+00   0.0000e+00   0.0000e+00   2.5777e+02
20191008_19:00:00   2.3917e-01   6.1751e+01   5.0728e+00   0.0000e+00   0.0000e+00   2.5742e+02
20191008_20:00:00   0.0000e+00   0.0000e+00   0.0000e+00   0.0000e+00   0.0000e+00   0.0000e+00
20191008_21:00:00   3.1568e-01   7.7764e+01   6.3135e+00   0.0000e+00   2.8647e-03   2.5815e+02
20191008_22:00:00   3.4165e-01   8.2717e+01   6.8393e+00   0.0000e+00   1.0307e-02   2.5862e+02
20191008_23:00:00   3.1471e-01   7.7338e+01   6.4460e+00   0.0000e+00   1.2484e-02   2.5975e+02
20191009_00:00:00   2.5883e-01   6.6004e+01   5.3790e+00   0.0000e+00   6.6802e-03   2.6108e+02
20191009_01:00:00   2.2278e-01   5.8427e+01   4.6336e+00   0.0000e+00   3.6615e-03   2.6237e+02
20191009_02:00:00   1.9981e-01   5.3468e+01   4.1449e+00   0.0000e+00   3.6059e-03   2.6191e+02
20191009_03:00:00   1.8712e-01   5.0711e+01   3.8490e+00   0.0000e+00   3.9638e-03   2.6207e+02
20191009_04:00:00   1.7683e-01   4.8462e+01   3.5997e+00   0.0000e+00   3.6151e-03   2.6197e+02
20191009_05:00:00   1.7351e-01   4.7725e+01   3.5241e+00   0.0000e+00   2.7214e-03   2.6288e+02
20191009_06:00:00   0.0000e+00   0.0000e+00   0.0000e+00   0.0000e+00   0.0000e+00   0.0000e+00
20191009_09:00:00   0.0000e+00   0.0000e+00   0.0000e+00   0.0000e+00   0.0000e+00   0.0000e+00
20191009_12:00:00   1.3337e-01   3.8242e+01   2.7090e+00   0.0000e+00   1.5894e-04   2.6363e+02
20191009_15:00:00   0.0000e+00   0.0000e+00   0.0000e+00   0.0000e+00   0.0000e+00   0.0000e+00
20191009_18:00:00   0.0000e+00   2.7000e+00   0.0000e+00   0.0000e+00   0.0000e+00   0.0000e+00
20191009_21:00:00   0.0000e+00   0.0000e+00   0.0000e+00   0.0000e+00   0.0000e+00   0.0000e+00
20191010_00:00:00   0.0000e+00   0.0000e+00   0.0000e+00   0.0000e+00   0.0000e+00   0.0000e+00
20191010_03:00:00   0.0000e+00   0.0000e+00   0.0000e+00   0.0000e+00   0.0000e+00   0.0000e+00
20191010_06:00:00   1.3253e-01   3.8035e+01   2.6901e+00   0.0000e+00   0.0000e+00   2.7377e+02
20191010_09:00:00   0.0000e+00   0.0000e+00   0.0000e+00   0.0000e+00   0.0000e+00   0.0000e+00
20191010_12:00:00   8.2547e-02   2.6060e+01   1.5315e+00   0.0000e+00   0.0000e+00   2.7679e+02
20191010_15:00:00   7.9408e-02   2.5238e+01   1.4592e+00   0.0000e+00   0.0000e+00   2.7749e+02
20191010_18:00:00   0.0000e+00   0.0000e+00   0.0000e+00   0.0000e+00   0.0000e+00   0.0000e+00
20191010_21:00:00   1.0590e-01   3.1796e+01   1.9999e+00   0.0000e+00   0.0000e+00   2.7168e+02
20191011_00:00:00   9.8011e-02   2.9842e+01   1.8619e+00   0.0000e+00   0.0000e+00   2.7262e+02
20191011_03:00:00   0.0000e+00   2.7000e+00   0.0000e+00   0.0000e+00   0.0000e+00   0.0000e+00
20191011_06:00:00   8.1559e-02   2.5604e+01   1.5446e+00   0.0000e+00   0.0000e+00   2.7000e+02
20191011_09:00:00   7.9165e-02   2.4905e+01   1.5153e+00   0.0000e+00   0.0000e+00   2.6931e+02
20191011_12:00:00   0.0000e+00   0.0000e+00   0.0000e+00   0.0000e+00   0.0000e+00   0.0000e+00
20191011_21:00:00   9.3770e-02   2.8470e+01   1.8735e+00   0.0000e+00   0.0000e+00   2.6287e+02
20191012_00:00:00   0.0000e+00   0.0000e+00   0.0000e+00   0.0000e+00   0.0000e+00   0.0000e+00
20191012_03:00:00   1.0074e-01   3.0399e+01   1.9626e+00   0.0000e+00   0.0000e+00   2.6580e+02
20191012_06:00:00   1.5303e-01   4.2954e+01   3.0451e+00   0.0000e+00   0.0000e+00   2.6725e+02
20191012_09:00:00   0.0000e+00   2.7000e+00   0.0000e+00   0.0000e+00   0.0000e+00   0.0000e+00
20191012_12:00:00   1.7984e-01   4.9011e+01   3.5898e+00   0.0000e+00   0.0000e+00   2.6779e+02
20191012_15:00:00   0.0000e+00   0.0000e+00   0.0000e+00   0.0000e+00   0.0000e+00   0.0000e+00
20191012_18:00:00   1.3553e-01   3.8578e+01   2.8060e+00   0.0000e+00   0.0000e+00   2.6482e+02
20191012_21:00:00   1.2519e-01   3.6227e+01   2.5621e+00   0.0000e+00   0.0000e+00   2.5887e+02
20191013_03:00:00   1.7436e-01   4.7864e+01   3.5144e+00   0.0000e+00   0.0000e+00   2.6013e+02
20191013_06:00:00   0.0000e+00   0.0000e+00   0.0000e+00   0.0000e+00   0.0000e+00   0.0000e+00
20191013_09:00:00   0.0000e+00   0.0000e+00   0.0000e+00   0.0000e+00   0.0000e+00   0.0000e+00
20191013_12:00:00   0.0000e+00   0.0000e+00   0.0000e+00   0.0000e+00   0.0000e+00   0.0000e+00
20191013_15:00:00   0.0000e+00   0.0000e+00   0.0000e+00   0.0000e+00   0.0000e+00   0.0000e+00
20191013_18:00:00   0.0000e+00   2.7000e+00   0.0000e+00   0.0000e+00   0.0000e+00   0.0000e+00
20191013_21:00:00   0.0000e+00   0.0000e+00   0.0000e+00   0.0000e+00   0.0000e+00   0.0000e+00
20191014_00:00:00   1.4975e-01   4.2013e+01   2.9712e+00   0.0000e+00   0.0000e+00   2.6385e+02
20191014_03:00:00   1.5843e-01   4.4064e+01   3.2634e+00   0.0000e+00   0.0000e+00   2.5625e+02
20191014_06:00:00   1.3263e-01   3.8041e+01   2.7085e+00   0.0000e+00   0.0000e+00   2.5588e+02
20191014_09:00:00   0.0000e+00   2.7000e+00   0.0000e+00   0.0000e+00   0.0000e+00   0.0000e+00
20191014_12:00:00   1.4606e-01   4.0986e+01   3.0517e+00   0.0000e+00   0.0000e+00   2.5459e+02
20191014_15:00:00   1.5282e-01   4.2542e+01   3.2009e+00   0.0000e+00   0.0000e+00   2.5827e+02
20191014_18:00:00   1.7930e-01   4.8568e+01   3.7447e+00   0.0000e+00   0.0000e+00   2.5710e+02
20191014_21:00:00   2.3938e-01   6.1751e+01   4.9148e+00   0.0000e+00   0.0000e+00   2.5481e+02
20191015_00:00:00   0.0000e+00   0.0000e+00   0.0000e+00   0.0000e+00   0.0000e+00   0.0000e+00
20191015_03:00:00   1.3452e-01   3.8585e+01   2.6667e+00   0.0000e+00   0.0000e+00   2.5801e+02
20191015_12:00:00   2.4896e-01   6.5719e+01   4.5729e+00   0.0000e+00   0.0000e+00   2.6724e+02
20191015_15:00:00   3.8178e-01   9.3365e+01   7.0634e+00   0.0000e+00   0.0000e+00   2.6784e+02
20191015_18:00:00   0.0000e+00   2.7000e+00   0.0000e+00   0.0000e+00   0.0000e+00   0.0000e+00
20191015_21:00:00   1.1028e-01   3.2783e+01   2.1024e+00   0.0000e+00   0.0000e+00   2.6094e+02
20191016_00:00:00   0.0000e+00   0.0000e+00   0.0000e+00   0.0000e+00   0.0000e+00   0.0000e+00
20191016_03:00:00   1.4216e-01   4.0101e+01   2.8694e+00   0.0000e+00   0.0000e+00   2.6907e+02
20191016_06:00:00   1.6407e-01   4.5204e+01   3.2656e+00   0.0000e+00   0.0000e+00   2.7014e+02
20191016_09:00:00   1.6321e-01   4.5057e+01   3.2281e+00   0.0000e+00   0.0000e+00   2.7076e+02
20191016_12:00:00   0.0000e+00   0.0000e+00   0.0000e+00   0.0000e+00   0.0000e+00   0.0000e+00
20191016_15:00:00   0.0000e+00   0.0000e+00   0.0000e+00   0.0000e+00   0.0000e+00   0.0000e+00
20191016_18:00:00   0.0000e+00   0.0000e+00   0.0000e+00   0.0000e+00   0.0000e+00   0.0000e+00
20191016_21:00:00   0.0000e+00   0.0000e+00   0.0000e+00   0.0000e+00   0.0000e+00   0.0000e+00
20191017_00:00:00   8.1235e-02   2.5908e+01   1.4742e+00   0.0000e+00   0.0000e+00   2.6346e+02
20191017_03:00:00   0.0000e+00   0.0000e+00   0.0000e+00   0.0000e+00   0.0000e+00   0.0000e+00
20191017_06:00:00   9.3798e-02   2.9126e+01   1.7485e+00   0.0000e+00   0.0000e+00   2.5981e+02
20191017_09:00:00   7.4416e-02   2.4167e+01   1.3763e+00   0.0000e+00   0.0000e+00   2.5798e+02
20191017_12:00:00   6.3911e-02   2.1377e+01   1.1759e+00   0.0000e+00   0.0000e+00   2.5678e+02
20191017_15:00:00   7.0466e-02   2.3054e+01   1.3328e+00   0.0000e+00   0.0000e+00   2.5661e+02
20191017_18:00:00   0.0000e+00   0.0000e+00   0.0000e+00   0.0000e+00   0.0000e+00   0.0000e+00
20191017_21:00:00   0.0000e+00   0.0000e+00   0.0000e+00   0.0000e+00   0.0000e+00   0.0000e+00
20191018_00:00:00   0.0000e+00   2.7000e+00   0.0000e+00   0.0000e+00   0.0000e+00   0.0000e+00
20191018_03:00:00   8.8441e-02   2.7514e+01   1.7793e+00   0.0000e+00   0.0000e+00   2.5295e+02
20191018_09:00:00   0.0000e+00   0.0000e+00   0.0000e+00   0.0000e+00   0.0000e+00   0.0000e+00
20191018_12:00:00   0.0000e+00   0.0000e+00   0.0000e+00   0.0000e+00   0.0000e+00   0.0000e+00
20191018_15:00:00   0.0000e+00   0.0000e+00   0.0000e+00   0.0000e+00   0.0000e+00   0.0000e+00
20191018_18:00:00   0.0000e+00   0.0000e+00   0.0000e+00   0.0000e+00   0.0000e+00   0.0000e+00
20191018_21:00:00   3.3815e-01   8.3499e+01   6.1239e+00   0.0000e+00   2.7450e-06   2.5188e+02
20191019_00:00:00   0.0000e+00   0.0000e+00   0.0000e+00   0.0000e+00   0.0000e+00   0.0000e+00
20191019_03:00:00   1.1383e-01   3.3695e+01   2.2997e+00   0.0000e+00   0.0000e+00   2.5488e+02
20191019_06:00:00   1.2039e-01   3.5220e+01   2.4394e+00   0.0000e+00   0.0000e+00   2.5334e+02
20191019_09:00:00   1.2714e-01   3.6677e+01   2.6277e+00   0.0000e+00   0.0000e+00   2.5538e+02
20191019_12:00:00   1.6519e-01   4.5604e+01   3.3912e+00   0.0000e+00   0.0000e+00   2.5725e+02
20191019_18:00:00   3.5057e-01   8.4166e+01   6.9903e+00   0.0000e+00   0.0000e+00   2.6118e+02
20191019_21:00:00   4.5532e-01   1.0288e+02   8.8733e+00   0.0000e+00   7.6620e-05   2.6370e+02
20191020_00:00:00   3.7668e-01   8.9046e+01   7.3013e+00   0.0000e+00   8.6217e-05   2.6597e+02
20191020_06:00:00   0.0000e+00   0.0000e+00   0.0000e+00   0.0000e+00   0.0000e+00   0.0000e+00
