#            date       tau225        Tb[K]      pwv[mm] lwp[kg*m^-2] iwp[kg*m^-2]       o3[DU]
20191027_18:00:00   1.0773e-01   3.2020e+01   2.1366e+00   0.0000e+00   0.0000e+00   2.7797e+02
20191027_19:00:00   1.0966e-01   3.2459e+01   2.1786e+00   0.0000e+00   0.0000e+00   2.7677e+02
20191027_20:00:00   1.1673e-01   3.4127e+01   2.3309e+00   0.0000e+00   0.0000e+00   2.7698e+02
20191027_21:00:00   1.2367e-01   3.5698e+01   2.4937e+00   0.0000e+00   0.0000e+00   2.7737e+02
20191027_22:00:00   1.1869e-01   3.4529e+01   2.3782e+00   0.0000e+00   0.0000e+00   2.7716e+02
20191027_23:00:00   1.2359e-01   3.5728e+01   2.4598e+00   0.0000e+00   0.0000e+00   2.7645e+02
20191028_00:00:00   1.2956e-01   3.7161e+01   2.5738e+00   0.0000e+00   0.0000e+00   2.7615e+02
20191028_01:00:00   1.3463e-01   3.8337e+01   2.6772e+00   0.0000e+00   0.0000e+00   2.7599e+02
20191028_02:00:00   1.3490e-01   3.8370e+01   2.6767e+00   0.0000e+00   0.0000e+00   2.7508e+02
20191028_03:00:00   1.2538e-01   3.6072e+01   2.4987e+00   0.0000e+00   0.0000e+00   2.7552e+02
20191028_04:00:00   1.1290e-01   3.3025e+01   2.2665e+00   0.0000e+00   0.0000e+00   2.7764e+02
20191028_05:00:00   1.1580e-01   3.3624e+01   2.3595e+00   0.0000e+00   0.0000e+00   2.7800e+02
20191028_06:00:00   1.1643e-01   3.3732e+01   2.3704e+00   0.0000e+00   0.0000e+00   2.7892e+02
20191028_07:00:00   1.2344e-01   3.5310e+01   2.5149e+00   0.0000e+00   6.4854e-05   2.7994e+02
20191028_08:00:00   1.2754e-01   3.6229e+01   2.5948e+00   0.0000e+00   1.4232e-03   2.7978e+02
20191028_09:00:00   1.2587e-01   3.6092e+01   2.4206e+00   0.0000e+00   3.7004e-04   2.7999e+02
20191028_10:00:00   1.2477e-01   3.5974e+01   2.3157e+00   0.0000e+00   1.6184e-04   2.8163e+02
20191028_11:00:00   1.1367e-01   3.3405e+01   2.0642e+00   0.0000e+00   6.1240e-06   2.8277e+02
20191028_12:00:00   8.2881e-02   2.5890e+01   1.4369e+00   0.0000e+00   1.9578e-06   2.8414e+02
20191028_13:00:00   6.2166e-02   2.0608e+01   1.0330e+00   0.0000e+00   8.2400e-06   2.8362e+02
20191028_14:00:00   4.5030e-02   1.6103e+01   6.9337e-01   0.0000e+00   1.3990e-05   2.8281e+02
20191028_15:00:00   3.9291e-02   1.4534e+01   5.7956e-01   0.0000e+00   9.3440e-06   2.8312e+02
20191028_16:00:00   4.1814e-02   1.5189e+01   6.3987e-01   0.0000e+00   1.0571e-05   2.8356e+02
20191028_17:00:00   4.6204e-02   1.6343e+01   7.4068e-01   0.0000e+00   4.9393e-05   2.8387e+02
20191028_18:00:00   5.0644e-02   1.7497e+01   8.4208e-01   0.0000e+00   6.3355e-04   2.8524e+02
20191028_19:00:00   5.6339e-02   1.8964e+01   9.7068e-01   0.0000e+00   4.9257e-04   2.8752e+02
20191028_20:00:00   6.1156e-02   2.0199e+01   1.0781e+00   0.0000e+00   4.4399e-04   2.9033e+02
20191028_21:00:00   6.2076e-02   2.0464e+01   1.0939e+00   0.0000e+00   2.8846e-04   2.9165e+02
20191028_22:00:00   6.3033e-02   2.0703e+01   1.1179e+00   0.0000e+00   2.0958e-04   2.9270e+02
20191028_23:00:00   6.4924e-02   2.1155e+01   1.1683e+00   0.0000e+00   3.7281e-04   2.9181e+02
20191029_00:00:00   6.4719e-02   2.1114e+01   1.1614e+00   0.0000e+00   2.7041e-04   2.9031e+02
20191029_01:00:00   6.4273e-02   2.1027e+01   1.1442e+00   0.0000e+00   1.4660e-05   2.9013e+02
20191029_02:00:00   6.5794e-02   2.1415e+01   1.1789e+00   0.0000e+00   0.0000e+00   2.9023e+02
20191029_03:00:00   6.8398e-02   2.2038e+01   1.2467e+00   0.0000e+00   0.0000e+00   2.8979e+02
20191029_04:00:00   7.3158e-02   2.3166e+01   1.3702e+00   0.0000e+00   0.0000e+00   2.8939e+02
20191029_05:00:00   7.7785e-02   2.4233e+01   1.4923e+00   0.0000e+00   0.0000e+00   2.8960e+02
20191029_06:00:00   7.8347e-02   2.4373e+01   1.5031e+00   0.0000e+00   0.0000e+00   2.9041e+02
20191029_07:00:00   7.7658e-02   2.4228e+01   1.4801e+00   0.0000e+00   0.0000e+00   2.9116e+02
20191029_08:00:00   7.8000e-02   2.4322e+01   1.4828e+00   0.0000e+00   0.0000e+00   2.9143e+02
20191029_09:00:00   8.0463e-02   2.4898e+01   1.5454e+00   0.0000e+00   0.0000e+00   2.9151e+02
20191029_10:00:00   8.3843e-02   2.5693e+01   1.6274e+00   0.0000e+00   0.0000e+00   2.9205e+02
20191029_11:00:00   8.6136e-02   2.6231e+01   1.6825e+00   0.0000e+00   0.0000e+00   2.9186e+02
20191029_12:00:00   8.8190e-02   2.6739e+01   1.7263e+00   0.0000e+00   0.0000e+00   2.9229e+02
20191029_13:00:00   8.5823e-02   2.6224e+01   1.6559e+00   0.0000e+00   0.0000e+00   2.9471e+02
20191029_14:00:00   8.5231e-02   2.6142e+01   1.6275e+00   0.0000e+00   0.0000e+00   2.9704e+02
20191029_15:00:00   8.5784e-02   2.6299e+01   1.6334e+00   0.0000e+00   0.0000e+00   2.9573e+02
20191029_16:00:00   8.6888e-02   2.6577e+01   1.6553e+00   0.0000e+00   0.0000e+00   2.9384e+02
20191029_17:00:00   8.6297e-02   2.6449e+01   1.6370e+00   0.0000e+00   0.0000e+00   2.9105e+02
20191029_18:00:00   8.8412e-02   2.6953e+01   1.6831e+00   0.0000e+00   0.0000e+00   2.9024e+02
20191029_19:00:00   9.5257e-02   2.8591e+01   1.8433e+00   0.0000e+00   0.0000e+00   2.9033e+02
20191029_20:00:00   1.0370e-01   3.0629e+01   2.0262e+00   0.0000e+00   0.0000e+00   2.8946e+02
20191029_21:00:00   1.0861e-01   3.1849e+01   2.1299e+00   0.0000e+00   0.0000e+00   2.8845e+02
20191029_22:00:00   1.1083e-01   3.2408e+01   2.1733e+00   0.0000e+00   0.0000e+00   2.8883e+02
20191029_23:00:00   1.1273e-01   3.2899e+01   2.2117e+00   0.0000e+00   0.0000e+00   2.9030e+02
20191030_00:00:00   1.1463e-01   3.3381e+01   2.2470e+00   0.0000e+00   0.0000e+00   2.9065e+02
20191030_01:00:00   1.1179e-01   3.2760e+01   2.1745e+00   0.0000e+00   0.0000e+00   2.8975e+02
20191030_02:00:00   1.0870e-01   3.2037e+01   2.0963e+00   0.0000e+00   0.0000e+00   2.8717e+02
20191030_03:00:00   1.0540e-01   3.1219e+01   2.0189e+00   0.0000e+00   0.0000e+00   2.8466e+02
20191030_04:00:00   1.0235e-01   3.0471e+01   1.9476e+00   0.0000e+00   0.0000e+00   2.8203e+02
20191030_05:00:00   9.4983e-02   2.8662e+01   1.7877e+00   0.0000e+00   0.0000e+00   2.8011e+02
20191030_06:00:00   8.5399e-02   2.6302e+01   1.5816e+00   0.0000e+00   0.0000e+00   2.7904e+02
20191030_07:00:00   8.0094e-02   2.4990e+01   1.4656e+00   0.0000e+00   0.0000e+00   2.7716e+02
20191030_08:00:00   8.3278e-02   2.5791e+01   1.5296e+00   0.0000e+00   0.0000e+00   2.7559e+02
20191030_09:00:00   8.2842e-02   2.5705e+01   1.5114e+00   0.0000e+00   0.0000e+00   2.7539e+02
20191030_10:00:00   8.1543e-02   2.5388e+01   1.4861e+00   0.0000e+00   0.0000e+00   2.7759e+02
20191030_11:00:00   7.6482e-02   2.4111e+01   1.3764e+00   0.0000e+00   0.0000e+00   2.8004e+02
20191030_12:00:00   6.3382e-02   2.0771e+01   1.1058e+00   0.0000e+00   0.0000e+00   2.8158e+02
20191030_13:00:00   5.1667e-02   1.7746e+01   8.5610e-01   0.0000e+00   0.0000e+00   2.8410e+02
20191030_14:00:00   4.5237e-02   1.6067e+01   7.1466e-01   0.0000e+00   0.0000e+00   2.8582e+02
20191030_15:00:00   4.0968e-02   1.4951e+01   6.1614e-01   0.0000e+00   0.0000e+00   2.8663e+02
20191030_16:00:00   3.6643e-02   1.3817e+01   5.1237e-01   0.0000e+00   0.0000e+00   2.8714e+02
20191030_17:00:00   3.4488e-02   1.3249e+01   4.5899e-01   0.0000e+00   0.0000e+00   2.8743e+02
20191030_18:00:00   3.3912e-02   1.3090e+01   4.4462e-01   0.0000e+00   0.0000e+00   2.8782e+02
20191030_19:00:00   3.3388e-02   1.2954e+01   4.2941e-01   0.0000e+00   0.0000e+00   2.8771e+02
20191030_20:00:00   3.3147e-02   1.2896e+01   4.2147e-01   0.0000e+00   0.0000e+00   2.8785e+02
20191030_21:00:00   3.2880e-02   1.2837e+01   4.1212e-01   0.0000e+00   0.0000e+00   2.8793e+02
20191030_22:00:00   3.3117e-02   1.2918e+01   4.1384e-01   0.0000e+00   0.0000e+00   2.8754e+02
20191030_23:00:00   3.3515e-02   1.3037e+01   4.2032e-01   0.0000e+00   0.0000e+00   2.8717e+02
20191031_00:00:00   3.3145e-02   1.2946e+01   4.1017e-01   0.0000e+00   0.0000e+00   2.8727e+02
20191031_01:00:00   3.3627e-02   1.3083e+01   4.1956e-01   0.0000e+00   0.0000e+00   2.8736e+02
20191031_02:00:00   3.3788e-02   1.3135e+01   4.2135e-01   0.0000e+00   0.0000e+00   2.8726e+02
20191031_03:00:00   3.2432e-02   1.2779e+01   3.8757e-01   0.0000e+00   0.0000e+00   2.8756e+02
20191031_04:00:00   3.1408e-02   1.2509e+01   3.6184e-01   0.0000e+00   0.0000e+00   2.8660e+02
20191031_05:00:00   3.0864e-02   1.2365e+01   3.4963e-01   0.0000e+00   0.0000e+00   2.8675e+02
20191031_06:00:00   3.0022e-02   1.2138e+01   3.3382e-01   0.0000e+00   0.0000e+00   2.8669e+02
20191031_07:00:00   2.9725e-02   1.2056e+01   3.2803e-01   0.0000e+00   0.0000e+00   2.8621e+02
20191031_08:00:00   2.9429e-02   1.1983e+01   3.2217e-01   0.0000e+00   0.0000e+00   2.8573e+02
20191031_09:00:00   2.9461e-02   1.1993e+01   3.2354e-01   0.0000e+00   0.0000e+00   2.8539e+02
20191031_10:00:00   2.9832e-02   1.2092e+01   3.3365e-01   0.0000e+00   0.0000e+00   2.8658e+02
20191031_11:00:00   3.0681e-02   1.2316e+01   3.5582e-01   0.0000e+00   0.0000e+00   2.8694e+02
20191031_12:00:00   3.1773e-02   1.2603e+01   3.8379e-01   0.0000e+00   0.0000e+00   2.8716e+02
20191031_13:00:00   3.2666e-02   1.2840e+01   4.0670e-01   0.0000e+00   0.0000e+00   2.8761e+02
20191031_14:00:00   3.3724e-02   1.3123e+01   4.3249e-01   0.0000e+00   0.0000e+00   2.8796e+02
20191031_15:00:00   3.4730e-02   1.3393e+01   4.5621e-01   0.0000e+00   0.0000e+00   2.8880e+02
20191031_16:00:00   3.5655e-02   1.3641e+01   4.7778e-01   0.0000e+00   0.0000e+00   2.8949e+02
20191031_17:00:00   3.6239e-02   1.3797e+01   4.9171e-01   0.0000e+00   0.0000e+00   2.8998e+02
20191031_18:00:00   3.6684e-02   1.3913e+01   5.0310e-01   0.0000e+00   0.0000e+00   2.8994e+02
20191031_19:00:00   3.6911e-02   1.3964e+01   5.1084e-01   0.0000e+00   0.0000e+00   2.8942e+02
20191031_20:00:00   3.7285e-02   1.4051e+01   5.2222e-01   0.0000e+00   0.0000e+00   2.8941e+02
20191031_21:00:00   3.7107e-02   1.3999e+01   5.1950e-01   0.0000e+00   0.0000e+00   2.8880e+02
20191031_22:00:00   3.7089e-02   1.3992e+01   5.2056e-01   0.0000e+00   0.0000e+00   2.8701e+02
20191031_23:00:00   3.6980e-02   1.3963e+01   5.1897e-01   0.0000e+00   0.0000e+00   2.8481e+02
20191101_00:00:00   3.7088e-02   1.3988e+01   5.2259e-01   0.0000e+00   0.0000e+00   2.8308e+02
20191101_01:00:00   3.6833e-02   1.3919e+01   5.1708e-01   0.0000e+00   0.0000e+00   2.8199e+02
20191101_02:00:00   3.7045e-02   1.3966e+01   5.2486e-01   0.0000e+00   0.0000e+00   2.8080e+02
20191101_03:00:00   3.8917e-02   1.4433e+01   5.7485e-01   0.0000e+00   0.0000e+00   2.8062e+02
20191101_04:00:00   4.1606e-02   1.5099e+01   6.4609e-01   0.0000e+00   0.0000e+00   2.8119e+02
20191101_05:00:00   4.4840e-02   1.5908e+01   7.2932e-01   0.0000e+00   0.0000e+00   2.8186e+02
20191101_06:00:00   4.7709e-02   1.6626e+01   8.0189e-01   0.0000e+00   0.0000e+00   2.8242e+02
20191101_07:00:00   5.1224e-02   1.7496e+01   8.9131e-01   0.0000e+00   0.0000e+00   2.8229e+02
20191101_08:00:00   5.5030e-02   1.8426e+01   9.8623e-01   0.0000e+00   0.0000e+00   2.8168e+02
20191101_09:00:00   5.7426e-02   1.9032e+01   1.0412e+00   0.0000e+00   0.0000e+00   2.8118e+02
20191101_10:00:00   5.8694e-02   1.9360e+01   1.0654e+00   0.0000e+00   0.0000e+00   2.8179e+02
20191101_11:00:00   6.0320e-02   1.9787e+01   1.0964e+00   0.0000e+00   0.0000e+00   2.8238e+02
20191101_12:00:00   6.2710e-02   2.0382e+01   1.1484e+00   0.0000e+00   0.0000e+00   2.8358e+02
20191101_13:00:00   6.6208e-02   2.1237e+01   1.2287e+00   0.0000e+00   0.0000e+00   2.8419e+02
20191101_14:00:00   7.0790e-02   2.2370e+01   1.3320e+00   0.0000e+00   0.0000e+00   2.8521e+02
20191101_15:00:00   7.4405e-02   2.3273e+01   1.4100e+00   0.0000e+00   0.0000e+00   2.8621e+02
20191101_16:00:00   7.9430e-02   2.4516e+01   1.5222e+00   0.0000e+00   0.0000e+00   2.8655e+02
20191101_17:00:00   8.9857e-02   2.7048e+01   1.7574e+00   0.0000e+00   0.0000e+00   2.8576e+02
20191101_18:00:00   1.0420e-01   3.0537e+01   2.0695e+00   0.0000e+00   0.0000e+00   2.8544e+02
20191101_21:00:00   1.0858e-01   3.1778e+01   2.1276e+00   0.0000e+00   0.0000e+00   2.8685e+02
20191102_00:00:00   9.5910e-02   2.8857e+01   1.8215e+00   0.0000e+00   0.0000e+00   2.8806e+02
20191102_03:00:00   9.1976e-02   2.7872e+01   1.7308e+00   0.0000e+00   0.0000e+00   2.8951e+02
20191102_06:00:00   8.5981e-02   2.6447e+01   1.5982e+00   0.0000e+00   0.0000e+00   2.8662e+02
20191102_09:00:00   9.1574e-02   2.7890e+01   1.7043e+00   0.0000e+00   0.0000e+00   2.8297e+02
20191102_12:00:00   9.0805e-02   2.7799e+01   1.6692e+00   0.0000e+00   0.0000e+00   2.8067e+02
20191102_15:00:00   9.3089e-02   2.8362e+01   1.7207e+00   0.0000e+00   0.0000e+00   2.8170e+02
20191102_18:00:00   9.4122e-02   2.8657e+01   1.7403e+00   0.0000e+00   0.0000e+00   2.7429e+02
20191102_21:00:00   9.4055e-02   2.8659e+01   1.7381e+00   0.0000e+00   0.0000e+00   2.6882e+02
20191103_00:00:00   9.5192e-02   2.8942e+01   1.7577e+00   0.0000e+00   0.0000e+00   2.6928e+02
20191103_03:00:00   8.9985e-02   2.7577e+01   1.6781e+00   0.0000e+00   4.0845e-03   2.6611e+02
20191103_06:00:00   9.2026e-02   2.7989e+01   1.7418e+00   0.0000e+00   8.9872e-03   2.6640e+02
20191103_09:00:00   9.7266e-02   2.9135e+01   1.8844e+00   0.0000e+00   7.2513e-03   2.7000e+02
20191103_12:00:00   9.8475e-02   2.9399e+01   1.9166e+00   0.0000e+00   1.7775e-03   2.7040e+02
20191103_15:00:00   9.3269e-02   2.8178e+01   1.7971e+00   0.0000e+00   0.0000e+00   2.6714e+02
20191103_18:00:00   9.0825e-02   2.7574e+01   1.7536e+00   0.0000e+00   0.0000e+00   2.5863e+02
20191103_21:00:00   9.7269e-02   2.9068e+01   1.9170e+00   0.0000e+00   9.5388e-06   2.5191e+02
20191104_00:00:00   1.0162e-01   3.0047e+01   2.0312e+00   0.0000e+00   1.4152e-03   2.5029e+02
20191104_03:00:00   1.0179e-01   3.0100e+01   2.0308e+00   0.0000e+00   0.0000e+00   2.4919e+02
20191104_06:00:00   1.0728e-01   3.1349e+01   2.1668e+00   0.0000e+00   0.0000e+00   2.4974e+02
20191104_09:00:00   1.1383e-01   3.2916e+01   2.3031e+00   0.0000e+00   0.0000e+00   2.4979e+02
20191104_12:00:00   1.1409e-01   3.3066e+01   2.2788e+00   0.0000e+00   0.0000e+00   2.5216e+02
20191104_15:00:00   1.2474e-01   3.5502e+01   2.5298e+00   0.0000e+00   0.0000e+00   2.5373e+02
20191104_18:00:00   1.2188e-01   3.4859e+01   2.4587e+00   0.0000e+00   0.0000e+00   2.5582e+02
20191104_21:00:00   1.6678e-01   4.5001e+01   3.4814e+00   0.0000e+00   0.0000e+00   2.5728e+02
20191105_00:00:00   1.9937e-01   5.2241e+01   4.1401e+00   0.0000e+00   0.0000e+00   2.6073e+02
20191105_03:00:00   2.0558e-01   5.3815e+01   4.1716e+00   0.0000e+00   0.0000e+00   2.5921e+02
20191105_06:00:00   2.1553e-01   5.6255e+01   4.2563e+00   0.0000e+00   0.0000e+00   2.5783e+02
20191105_09:00:00   1.9330e-01   5.1407e+01   3.7883e+00   0.0000e+00   0.0000e+00   2.6126e+02
20191105_12:00:00   1.7054e-01   4.6260e+01   3.3428e+00   0.0000e+00   0.0000e+00   2.6391e+02
20191105_15:00:00   1.4985e-01   4.1552e+01   2.9401e+00   0.0000e+00   0.0000e+00   2.6414e+02
20191105_18:00:00   1.2680e-01   3.6256e+01   2.4645e+00   0.0000e+00   0.0000e+00   2.6227e+02
20191105_21:00:00   1.3013e-01   3.7160e+01   2.5123e+00   0.0000e+00   0.0000e+00   2.5930e+02
20191106_00:00:00   1.2518e-01   3.5928e+01   2.4510e+00   0.0000e+00   0.0000e+00   2.6164e+02
20191106_03:00:00   1.2540e-01   3.5912e+01   2.4777e+00   0.0000e+00   0.0000e+00   2.6154e+02
20191106_06:00:00   1.3252e-01   3.7433e+01   2.6622e+00   0.0000e+00   0.0000e+00   2.5943e+02
20191106_09:00:00   1.3561e-01   3.8014e+01   2.7472e+00   0.0000e+00   0.0000e+00   2.5960e+02
20191106_12:00:00   1.5516e-01   4.2265e+01   3.2126e+00   0.0000e+00   9.9414e-04   2.6089e+02
20191106_15:00:00   1.7520e-01   4.6659e+01   3.6262e+00   0.0000e+00   2.0494e-04   2.6170e+02
20191106_18:00:00   1.4268e-01   3.9886e+01   2.7625e+00   0.0000e+00   0.0000e+00   2.6071e+02
20191106_21:00:00   1.8567e-01   4.9765e+01   3.4761e+00   0.0000e+00   0.0000e+00   2.5976e+02
20191107_00:00:00   1.5858e-01   4.3766e+01   2.9193e+00   0.0000e+00   0.0000e+00   2.6313e+02
20191107_03:00:00   9.5592e-02   2.8837e+01   1.7070e+00   0.0000e+00   0.0000e+00   2.6617e+02
20191107_06:00:00   7.9220e-02   2.4706e+01   1.3938e+00   0.0000e+00   0.0000e+00   2.6611e+02
20191107_09:00:00   7.4326e-02   2.3490e+01   1.2828e+00   0.0000e+00   0.0000e+00   2.6488e+02
20191107_12:00:00   6.2172e-02   2.0495e+01   1.0172e+00   0.0000e+00   0.0000e+00   2.6351e+02
20191107_15:00:00   6.4007e-02   2.0961e+01   1.0751e+00   0.0000e+00   0.0000e+00   2.5984e+02
20191107_18:00:00   7.7575e-02   2.4412e+01   1.3827e+00   0.0000e+00   0.0000e+00   2.5275e+02
20191107_21:00:00   8.5723e-02   2.6384e+01   1.6010e+00   0.0000e+00   0.0000e+00   2.4916e+02
20191108_00:00:00   9.8447e-02   2.9312e+01   1.9568e+00   0.0000e+00   0.0000e+00   2.4867e+02
20191108_03:00:00   1.1633e-01   3.3499e+01   2.3936e+00   0.0000e+00   2.6321e-04   2.4984e+02
20191108_06:00:00   1.1237e-01   3.2422e+01   2.3563e+00   0.0000e+00   2.3985e-03   2.4856e+02
20191108_09:00:00   1.2136e-01   3.4371e+01   2.6075e+00   0.0000e+00   3.3696e-04   2.4832e+02
20191108_12:00:00   1.3272e-01   3.6949e+01   2.8812e+00   0.0000e+00   4.3141e-03   2.4968e+02
20191108_15:00:00   1.3226e-01   3.6903e+01   2.8528e+00   0.0000e+00   2.4819e-03   2.5190e+02
20191108_18:00:00   1.3037e-01   3.6499e+01   2.8168e+00   0.0000e+00   1.3468e-03   2.5047e+02
20191108_21:00:00   1.2718e-01   3.5758e+01   2.7483e+00   0.0000e+00   1.1433e-02   2.4770e+02
20191109_00:00:00   1.3957e-01   3.8418e+01   3.0814e+00   0.0000e+00   1.8877e-02   2.4755e+02
20191109_03:00:00   1.3483e-01   3.7466e+01   2.9483e+00   0.0000e+00   9.4588e-04   2.4763e+02
20191109_06:00:00   1.3163e-01   3.6892e+01   2.8506e+00   0.0000e+00   4.8964e-04   2.4769e+02
20191109_09:00:00   1.4815e-01   4.0430e+01   3.2983e+00   0.0000e+00   1.2180e-03   2.4753e+02
20191109_12:00:00   1.3979e-01   3.8552e+01   3.1064e+00   0.0000e+00   7.5263e-03   2.4885e+02
20191109_15:00:00   1.3645e-01   3.7944e+01   2.9957e+00   0.0000e+00   3.7583e-03   2.4807e+02
20191109_18:00:00   1.4187e-01   3.9089e+01   3.1373e+00   0.0000e+00   1.5372e-02   2.4611e+02
20191109_21:00:00   1.3718e-01   3.8200e+01   2.9560e+00   0.0000e+00   3.8023e-02   2.4261e+02
20191110_00:00:00   1.9170e-01   5.0631e+01   4.0288e+00   0.0000e+00   2.5524e-02   2.4183e+02
20191110_03:00:00   3.0135e-01   7.2784e+01   6.4578e+00   0.0000e+00   8.9275e-03   2.4346e+02
20191110_06:00:00   4.5663e-01   1.0030e+02   9.3805e+00   3.3102e-03   9.8194e-02   2.4748e+02
20191110_09:00:00   2.5448e-01   6.4387e+01   4.7222e+00   0.0000e+00   4.1903e-03   2.5283e+02
20191110_12:00:00   2.1482e-01   5.6005e+01   3.9756e+00   0.0000e+00   0.0000e+00   2.5892e+02
20191110_15:00:00   1.4727e-01   4.1142e+01   2.6667e+00   0.0000e+00   0.0000e+00   2.6078e+02
20191110_18:00:00   1.0075e-01   2.9982e+01   1.8303e+00   0.0000e+00   6.1240e-06   2.6025e+02
20191110_21:00:00   7.8545e-02   2.4359e+01   1.4490e+00   0.0000e+00   5.6444e-04   2.6122e+02
20191111_00:00:00   6.9648e-02   2.1979e+01   1.3094e+00   0.0000e+00   0.0000e+00   2.6062e+02
20191111_03:00:00   7.9642e-02   2.4303e+01   1.5550e+00   0.0000e+00   0.0000e+00   2.6051e+02
20191111_06:00:00   7.8509e-02   2.4132e+01   1.5045e+00   0.0000e+00   0.0000e+00   2.6170e+02
20191111_09:00:00   8.0427e-02   2.4568e+01   1.5401e+00   0.0000e+00   7.4360e-06   2.6177e+02
20191111_12:00:00   8.6806e-02   2.6090e+01   1.6755e+00   0.0000e+00   0.0000e+00   2.6552e+02
20191111_15:00:00   9.1354e-02   2.7225e+01   1.7654e+00   0.0000e+00   0.0000e+00   2.6602e+02
20191111_18:00:00   9.2465e-02   2.7540e+01   1.7767e+00   0.0000e+00   2.8740e-06   2.6402e+02
20191111_21:00:00   9.5461e-02   2.8310e+01   1.8326e+00   0.0000e+00   0.0000e+00   2.5923e+02
20191112_00:00:00   9.7155e-02   2.8696e+01   1.8689e+00   0.0000e+00   0.0000e+00   2.6034e+02
20191112_03:00:00   1.0676e-01   3.1149e+01   2.0450e+00   0.0000e+00   0.0000e+00   2.6095e+02
20191112_06:00:00   9.5876e-02   2.8582e+01   1.8076e+00   0.0000e+00   0.0000e+00   2.6198e+02
20191112_09:00:00   8.1856e-02   2.5173e+01   1.5012e+00   0.0000e+00   0.0000e+00   2.6358e+02
20191112_12:00:00   8.5429e-02   2.6128e+01   1.5618e+00   0.0000e+00   0.0000e+00   2.6295e+02
20191112_15:00:00   9.4278e-02   2.8399e+01   1.7207e+00   0.0000e+00   0.0000e+00   2.6056e+02
20191112_18:00:00   1.0993e-01   3.2245e+01   2.0369e+00   0.0000e+00   1.7076e-04   2.5909e+02
