#            date       tau225        Tb[K]      pwv[mm] lwp[kg*m^-2] iwp[kg*m^-2]       o3[DU]
20191102_12:00:00   2.3396e-01   5.9033e+01   5.0182e+00   0.0000e+00   3.8406e-03   2.7833e+02
20191102_13:00:00   2.4665e-01   6.1836e+01   5.2433e+00   0.0000e+00   3.3720e-04   2.7877e+02
20191102_14:00:00   2.5575e-01   6.3826e+01   5.4190e+00   0.0000e+00   1.4956e-03   2.8053e+02
20191102_15:00:00   2.6086e-01   6.4918e+01   5.5116e+00   0.0000e+00   9.2798e-04   2.8174e+02
20191102_16:00:00   2.6154e-01   6.5151e+01   5.5069e+00   0.0000e+00   7.4984e-04   2.8247e+02
20191102_17:00:00   2.6028e-01   6.4987e+01   5.4601e+00   0.0000e+00   1.0688e-05   2.8122e+02
20191102_18:00:00   2.7236e-01   6.7403e+01   5.7309e+00   0.0000e+00   2.4300e-04   2.7995e+02
20191102_19:00:00   2.7953e-01   6.8852e+01   5.8727e+00   0.0000e+00   6.1194e-03   2.7909e+02
20191102_20:00:00   2.8450e-01   6.9829e+01   5.9822e+00   0.0000e+00   6.7951e-03   2.7730e+02
20191102_21:00:00   2.8267e-01   6.9492e+01   5.9443e+00   0.0000e+00   6.6502e-03   2.7603e+02
20191102_22:00:00   2.8340e-01   6.9630e+01   5.9751e+00   0.0000e+00   6.4473e-03   2.7458e+02
20191102_23:00:00   2.7773e-01   6.8575e+01   5.8345e+00   0.0000e+00   5.8357e-03   2.7267e+02
20191103_00:00:00   2.7114e-01   6.7428e+01   5.6447e+00   0.0000e+00   4.1859e-03   2.7206e+02
20191103_01:00:00   2.7764e-01   6.8741e+01   5.7702e+00   0.0000e+00   2.0331e-03   2.7272e+02
20191103_02:00:00   2.8190e-01   6.9566e+01   5.8546e+00   0.0000e+00   6.4693e-04   2.7109e+02
20191103_03:00:00   3.0583e-01   7.4016e+01   6.4143e+00   0.0000e+00   1.6899e-02   2.6950e+02
20191103_04:00:00   3.0155e-01   7.3298e+01   6.2860e+00   0.0000e+00   1.3836e-02   2.6833e+02
20191103_05:00:00   3.0381e-01   7.3632e+01   6.3688e+00   0.0000e+00   9.0969e-03   2.6815e+02
20191103_06:00:00   2.9686e-01   7.2385e+01   6.1810e+00   0.0000e+00   8.7745e-03   2.6734e+02
20191103_07:00:00   3.0826e-01   7.4461e+01   6.4502e+00   0.0000e+00   1.0707e-02   2.6628e+02
20191103_08:00:00   3.0160e-01   7.3214e+01   6.2780e+00   0.0000e+00   8.3777e-03   2.6756e+02
20191103_09:00:00   3.0044e-01   7.2968e+01   6.2497e+00   0.0000e+00   6.2489e-03   2.6747e+02
20191103_10:00:00   2.8473e-01   6.9971e+01   5.8988e+00   0.0000e+00   5.1431e-03   2.6651e+02
20191103_11:00:00   2.6713e-01   6.6492e+01   5.5150e+00   0.0000e+00   3.7782e-03   2.6657e+02
20191103_12:00:00   2.6086e-01   6.5244e+01   5.3559e+00   0.0000e+00   4.7630e-04   2.6687e+02
20191103_13:00:00   2.4751e-01   6.2564e+01   5.0659e+00   0.0000e+00   9.0260e-04   2.6789e+02
20191103_14:00:00   2.3975e-01   6.1017e+01   4.8865e+00   0.0000e+00   5.8920e-05   2.6819e+02
20191103_15:00:00   2.3150e-01   5.9375e+01   4.6934e+00   0.0000e+00   1.1615e-03   2.6821e+02
20191103_16:00:00   2.2702e-01   5.8472e+01   4.5883e+00   0.0000e+00   1.0867e-03   2.6868e+02
20191103_17:00:00   2.2599e-01   5.8335e+01   4.5512e+00   0.0000e+00   4.1685e-04   2.6854e+02
20191103_18:00:00   2.3265e-01   5.9789e+01   4.6687e+00   0.0000e+00   1.3988e-03   2.6934e+02
20191103_19:00:00   2.4492e-01   6.2378e+01   4.8947e+00   0.0000e+00   6.3200e-03   2.6656e+02
20191103_20:00:00   2.5721e-01   6.4977e+01   5.1139e+00   0.0000e+00   7.3402e-03   2.6566e+02
20191103_21:00:00   2.7418e-01   6.8577e+01   5.3851e+00   0.0000e+00   6.5793e-03   2.6544e+02
20191103_22:00:00   2.8296e-01   7.0535e+01   5.4686e+00   0.0000e+00   1.2507e-03   2.6318e+02
20191103_23:00:00   2.8586e-01   7.1226e+01   5.4519e+00   0.0000e+00   1.7906e-05   2.6260e+02
20191104_00:00:00   2.6748e-01   6.7548e+01   5.0782e+00   0.0000e+00   0.0000e+00   2.6052e+02
20191104_01:00:00   2.4021e-01   6.1883e+01   4.5685e+00   0.0000e+00   0.0000e+00   2.5778e+02
20191104_02:00:00   2.1745e-01   5.6978e+01   4.1535e+00   0.0000e+00   0.0000e+00   2.5335e+02
20191104_03:00:00   2.0212e-01   5.3588e+01   3.8744e+00   0.0000e+00   0.0000e+00   2.5169e+02
20191104_04:00:00   1.8570e-01   4.9915e+01   3.5775e+00   0.0000e+00   2.2180e-05   2.5036e+02
20191104_05:00:00   1.7766e-01   4.8033e+01   3.4494e+00   0.0000e+00   0.0000e+00   2.4922e+02
20191104_06:00:00   1.7192e-01   4.6704e+01   3.3385e+00   0.0000e+00   0.0000e+00   2.4844e+02
20191104_07:00:00   1.6866e-01   4.5846e+01   3.3080e+00   0.0000e+00   0.0000e+00   2.4793e+02
20191104_08:00:00   1.5843e-01   4.3409e+01   3.1371e+00   0.0000e+00   0.0000e+00   2.4502e+02
20191104_09:00:00   1.4458e-01   4.0155e+01   2.8797e+00   0.0000e+00   0.0000e+00   2.4330e+02
20191104_10:00:00   1.3620e-01   3.8127e+01   2.7240e+00   0.0000e+00   0.0000e+00   2.4387e+02
20191104_11:00:00   1.2998e-01   3.6611e+01   2.6084e+00   0.0000e+00   1.2179e-04   2.4480e+02
20191104_12:00:00   1.2808e-01   3.6167e+01   2.5649e+00   0.0000e+00   1.7962e-04   2.4701e+02
20191104_13:00:00   1.3761e-01   3.8371e+01   2.7656e+00   0.0000e+00   1.1926e-05   2.4999e+02
20191104_14:00:00   1.4750e-01   4.0590e+01   2.9851e+00   0.0000e+00   1.1728e-03   2.5355e+02
20191104_15:00:00   1.5153e-01   4.1504e+01   3.0754e+00   0.0000e+00   8.8803e-04   2.5839e+02
20191104_16:00:00   1.5282e-01   4.1811e+01   3.1032e+00   0.0000e+00   1.1529e-04   2.6181e+02
20191104_17:00:00   1.5318e-01   4.1862e+01   3.1196e+00   0.0000e+00   7.0760e-04   2.6478e+02
20191104_18:00:00   1.5652e-01   4.2606e+01   3.1956e+00   0.0000e+00   1.4740e-03   2.6633e+02
20191104_19:00:00   1.6350e-01   4.4203e+01   3.3334e+00   0.0000e+00   1.3044e-03   2.6619e+02
20191104_20:00:00   1.9307e-01   5.0897e+01   3.8742e+00   0.0000e+00   4.4162e-05   2.6739e+02
20191104_21:00:00   2.1524e-01   5.5822e+01   4.2655e+00   0.0000e+00   0.0000e+00   2.6807e+02
20191104_22:00:00   2.3387e-01   5.9800e+01   4.6223e+00   0.0000e+00   0.0000e+00   2.6878e+02
20191104_23:00:00   2.4462e-01   6.2055e+01   4.8320e+00   0.0000e+00   7.7602e-05   2.6854e+02
20191105_00:00:00   2.3138e-01   5.9361e+01   4.5439e+00   0.0000e+00   0.0000e+00   2.6914e+02
20191105_01:00:00   2.1817e-01   5.6610e+01   4.2808e+00   0.0000e+00   0.0000e+00   2.6951e+02
20191105_02:00:00   2.0595e-01   5.4080e+01   4.0125e+00   0.0000e+00   0.0000e+00   2.6942e+02
20191105_03:00:00   1.8839e-01   5.0215e+01   3.6840e+00   0.0000e+00   0.0000e+00   2.6966e+02
20191105_04:00:00   1.7385e-01   4.7036e+01   3.3772e+00   0.0000e+00   0.0000e+00   2.7026e+02
20191105_05:00:00   1.8028e-01   4.8644e+01   3.4292e+00   0.0000e+00   0.0000e+00   2.7144e+02
20191105_06:00:00   2.1107e-01   5.5527e+01   3.9253e+00   0.0000e+00   0.0000e+00   2.7242e+02
20191105_07:00:00   2.5828e-01   6.5474e+01   4.7395e+00   0.0000e+00   3.1079e-06   2.7270e+02
20191105_08:00:00   3.0803e-01   7.5354e+01   5.5443e+00   2.1244e-03   7.1530e-04   2.7316e+02
20191105_09:00:00   3.1486e-01   7.6637e+01   5.6092e+00   3.3226e-03   3.1335e-03   2.7458e+02
20191105_10:00:00   3.1679e-01   7.6959e+01   5.5564e+00   5.5620e-03   2.0748e-03   2.7487e+02
20191105_11:00:00   3.0731e-01   7.5111e+01   5.5345e+00   2.0340e-03   3.0337e-03   2.7537e+02
20191105_12:00:00   2.8922e-01   7.1592e+01   5.3025e+00   0.0000e+00   3.3871e-04   2.7656e+02
20191105_13:00:00   2.8226e-01   7.0240e+01   5.1765e+00   0.0000e+00   1.3972e-05   2.7756e+02
20191105_14:00:00   2.9473e-01   7.2684e+01   5.4015e+00   0.0000e+00   3.7419e-05   2.7861e+02
20191105_15:00:00   3.1813e-01   7.7223e+01   5.8103e+00   2.9880e-04   2.6878e-04   2.7914e+02
20191105_16:00:00   3.4212e-01   8.1787e+01   6.1986e+00   1.3762e-03   4.5181e-03   2.8003e+02
20191105_17:00:00   3.3581e-01   8.0611e+01   6.1436e+00   0.0000e+00   1.0334e-03   2.8050e+02
20191105_18:00:00   3.3619e-01   8.0706e+01   6.1699e+00   0.0000e+00   3.0012e-04   2.8067e+02
20191105_19:00:00   3.3014e-01   7.9599e+01   6.0507e+00   0.0000e+00   3.8376e-04   2.8038e+02
20191105_20:00:00   3.2719e-01   7.9087e+01   5.8182e+00   3.7599e-03   1.4603e-03   2.7955e+02
20191105_21:00:00   3.0694e-01   7.5249e+01   5.6047e+00   0.0000e+00   1.0327e-03   2.7831e+02
20191105_22:00:00   3.2228e-01   7.8245e+01   5.5863e+00   7.0440e-03   1.1320e-03   2.7694e+02
20191105_23:00:00   2.9757e-01   7.3501e+01   5.4087e+00   6.9700e-04   1.6644e-04   2.7540e+02
20191106_00:00:00   3.0073e-01   7.4169e+01   5.4367e+00   1.5138e-03   1.7084e-04   2.7390e+02
20191106_01:00:00   3.4917e-01   8.3443e+01   5.7034e+00   1.5777e-02   2.4000e-03   2.7325e+02
20191106_02:00:00   3.1951e-01   7.7848e+01   5.5264e+00   7.4000e-03   7.7036e-04   2.7302e+02
20191106_03:00:00   2.9653e-01   7.3392e+01   5.4494e+00   0.0000e+00   6.4952e-05   2.7461e+02
20191106_04:00:00   3.0089e-01   7.4259e+01   5.5147e+00   7.2465e-04   5.1120e-05   2.7633e+02
20191106_05:00:00   2.9043e-01   7.2237e+01   5.3546e+00   0.0000e+00   4.7710e-05   2.7737e+02
20191106_06:00:00   2.8389e-01   7.0902e+01   5.2448e+00   0.0000e+00   0.0000e+00   2.7855e+02
20191106_07:00:00   2.8015e-01   7.0086e+01   5.2165e+00   0.0000e+00   0.0000e+00   2.7986e+02
20191106_08:00:00   2.9964e-01   7.3909e+01   5.6130e+00   0.0000e+00   0.0000e+00   2.7999e+02
20191106_09:00:00   3.3229e-01   8.0079e+01   6.2971e+00   0.0000e+00   0.0000e+00   2.7986e+02
20191106_10:00:00   3.7001e-01   8.6647e+01   7.2168e+00   0.0000e+00   2.1489e-04   2.7971e+02
20191106_11:00:00   3.9359e-01   9.0747e+01   7.7220e+00   0.0000e+00   1.2340e-05   2.8003e+02
20191106_12:00:00   4.2351e-01   9.5738e+01   8.3523e+00   0.0000e+00   2.1269e-03   2.8116e+02
20191106_13:00:00   4.1858e-01   9.4799e+01   8.2898e+00   0.0000e+00   1.3020e-02   2.8135e+02
20191106_14:00:00   4.0068e-01   9.1686e+01   7.9406e+00   0.0000e+00   1.0080e-03   2.8255e+02
20191106_15:00:00   3.8800e-01   8.9349e+01   7.7091e+00   0.0000e+00   1.3808e-03   2.8337e+02
20191106_16:00:00   3.9229e-01   9.0012e+01   7.7946e+00   0.0000e+00   2.2827e-03   2.8306e+02
20191106_17:00:00   3.7790e-01   8.7531e+01   7.4543e+00   0.0000e+00   1.1887e-03   2.8337e+02
20191106_18:00:00   3.8160e-01   8.8103e+01   7.5128e+00   0.0000e+00   7.6067e-04   2.8245e+02
20191106_19:00:00   3.4758e-01   8.2021e+01   6.8091e+00   0.0000e+00   8.2124e-04   2.8336e+02
20191106_20:00:00   3.2442e-01   7.7875e+01   6.2736e+00   0.0000e+00   4.3340e-04   2.8309e+02
20191106_21:00:00   3.1681e-01   7.6522e+01   6.0818e+00   0.0000e+00   0.0000e+00   2.8257e+02
20191106_22:00:00   3.3134e-01   7.9461e+01   6.1842e+00   2.2040e-03   9.7940e-06   2.8084e+02
20191106_23:00:00   3.7066e-01   8.7086e+01   5.9708e+00   2.2800e-02   7.8700e-05   2.7875e+02
20191107_00:00:00   2.7974e-01   6.9375e+01   5.4386e+00   0.0000e+00   0.0000e+00   2.7963e+02
20191107_01:00:00   2.4948e-01   6.3332e+01   4.8621e+00   0.0000e+00   0.0000e+00   2.7879e+02
20191107_02:00:00   2.5242e-01   6.4003e+01   4.8748e+00   0.0000e+00   0.0000e+00   2.8165e+02
20191107_03:00:00   2.6964e-01   6.7505e+01   5.1550e+00   0.0000e+00   0.0000e+00   2.8233e+02
20191107_04:00:00   2.7395e-01   6.8347e+01   5.2389e+00   0.0000e+00   0.0000e+00   2.8122e+02
20191107_05:00:00   2.6644e-01   6.6823e+01   5.1190e+00   0.0000e+00   0.0000e+00   2.7824e+02
20191107_06:00:00   2.5912e-01   6.5353e+01   4.9651e+00   0.0000e+00   0.0000e+00   2.7859e+02
20191107_07:00:00   2.5832e-01   6.5207e+01   4.9246e+00   0.0000e+00   0.0000e+00   2.8035e+02
20191107_08:00:00   2.4709e-01   6.2928e+01   4.7040e+00   0.0000e+00   0.0000e+00   2.7884e+02
20191107_09:00:00   2.2531e-01   5.8408e+01   4.2963e+00   0.0000e+00   0.0000e+00   2.7788e+02
20191107_10:00:00   2.1945e-01   5.7196e+01   4.1563e+00   0.0000e+00   0.0000e+00   2.7730e+02
20191107_11:00:00   2.0242e-01   5.3560e+01   3.8228e+00   0.0000e+00   0.0000e+00   2.7825e+02
20191107_12:00:00   1.9625e-01   5.2221e+01   3.6989e+00   0.0000e+00   0.0000e+00   2.7781e+02
20191107_15:00:00   1.8588e-01   4.9926e+01   3.4876e+00   0.0000e+00   0.0000e+00   2.8041e+02
20191107_18:00:00   1.7607e-01   4.7901e+01   3.2368e+00   0.0000e+00   0.0000e+00   2.7714e+02
20191107_21:00:00   1.5305e-01   4.2720e+01   2.7994e+00   0.0000e+00   0.0000e+00   2.7397e+02
20191108_00:00:00   1.6490e-01   4.5410e+01   3.1054e+00   0.0000e+00   0.0000e+00   2.7313e+02
20191108_03:00:00   1.7862e-01   4.8481e+01   3.3926e+00   0.0000e+00   0.0000e+00   2.7425e+02
20191108_06:00:00   1.2572e-01   3.6400e+01   2.3324e+00   0.0000e+00   0.0000e+00   2.7263e+02
20191108_09:00:00   8.7867e-02   2.7248e+01   1.5706e+00   0.0000e+00   0.0000e+00   2.7140e+02
20191108_12:00:00   6.6090e-02   2.1847e+01   1.1110e+00   0.0000e+00   0.0000e+00   2.6899e+02
20191108_15:00:00   5.8691e-02   1.9948e+01   9.6827e-01   0.0000e+00   0.0000e+00   2.6666e+02
20191108_18:00:00   5.5424e-02   1.9108e+01   9.1015e-01   0.0000e+00   0.0000e+00   2.6486e+02
20191108_21:00:00   5.2541e-02   1.8298e+01   8.7076e-01   0.0000e+00   0.0000e+00   2.6234e+02
20191109_00:00:00   6.0006e-02   2.0098e+01   1.0887e+00   0.0000e+00   0.0000e+00   2.5750e+02
20191109_03:00:00   8.8999e-02   2.7229e+01   1.8135e+00   0.0000e+00   0.0000e+00   2.5278e+02
20191109_06:00:00   8.9615e-02   2.7394e+01   1.8312e+00   0.0000e+00   0.0000e+00   2.5061e+02
20191109_09:00:00   8.1562e-02   2.5442e+01   1.6307e+00   0.0000e+00   0.0000e+00   2.5170e+02
20191109_12:00:00   7.9099e-02   2.4817e+01   1.5725e+00   0.0000e+00   2.1158e-03   2.5228e+02
20191109_15:00:00   7.5046e-02   2.3724e+01   1.4922e+00   0.0000e+00   9.3146e-03   2.5038e+02
20191109_18:00:00   7.8921e-02   2.4542e+01   1.6168e+00   0.0000e+00   1.1221e-02   2.4788e+02
20191109_21:00:00   8.1504e-02   2.4970e+01   1.7150e+00   0.0000e+00   2.9701e-02   2.4739e+02
20191110_00:00:00   7.0401e-02   2.2229e+01   1.4110e+00   0.0000e+00   7.5503e-02   2.4918e+02
20191110_03:00:00   7.6567e-02   2.3805e+01   1.5023e+00   0.0000e+00   1.3715e-01   2.5423e+02
20191110_06:00:00   7.7382e-02   2.4345e+01   1.4789e+00   0.0000e+00   4.7115e-02   2.5685e+02
20191110_09:00:00   6.1965e-02   2.0529e+01   1.1269e+00   0.0000e+00   1.2532e-02   2.5893e+02
20191110_12:00:00   5.9045e-02   1.9844e+01   1.0507e+00   0.0000e+00   1.6111e-04   2.5741e+02
20191110_15:00:00   6.3032e-02   2.0797e+01   1.1639e+00   0.0000e+00   0.0000e+00   2.5642e+02
20191110_18:00:00   1.0825e-01   3.1836e+01   2.2526e+00   0.0000e+00   0.0000e+00   2.5182e+02
20191110_21:00:00   1.5750e-01   4.3400e+01   3.3422e+00   0.0000e+00   0.0000e+00   2.5277e+02
20191111_00:00:00   1.9022e-01   5.0361e+01   4.2007e+00   0.0000e+00   0.0000e+00   2.5154e+02
20191111_03:00:00   2.3355e-01   5.9761e+01   5.0703e+00   0.0000e+00   0.0000e+00   2.4699e+02
20191111_06:00:00   2.1603e-01   5.6543e+01   4.5175e+00   0.0000e+00   0.0000e+00   2.4312e+02
20191111_09:00:00   1.7573e-01   4.7870e+01   3.5469e+00   0.0000e+00   0.0000e+00   2.4089e+02
20191111_12:00:00   1.4307e-01   4.0481e+01   2.7985e+00   0.0000e+00   0.0000e+00   2.4226e+02
20191111_15:00:00   1.2046e-01   3.5106e+01   2.3159e+00   0.0000e+00   0.0000e+00   2.4483e+02
20191111_18:00:00   8.9842e-02   2.7495e+01   1.7266e+00   0.0000e+00   0.0000e+00   2.4499e+02
20191111_21:00:00   7.4067e-02   2.3375e+01   1.4467e+00   0.0000e+00   0.0000e+00   2.4778e+02
20191112_00:00:00   7.8941e-02   2.4368e+01   1.6292e+00   0.0000e+00   0.0000e+00   2.5164e+02
20191112_03:00:00   8.2446e-02   2.5089e+01   1.7545e+00   0.0000e+00   0.0000e+00   2.5218e+02
20191112_06:00:00   9.0485e-02   2.7047e+01   1.9363e+00   0.0000e+00   0.0000e+00   2.5196e+02
20191112_09:00:00   8.7512e-02   2.6497e+01   1.8058e+00   0.0000e+00   1.9980e-04   2.5772e+02
20191112_12:00:00   1.1097e-01   3.2140e+01   2.3236e+00   0.0000e+00   3.8634e-03   2.5670e+02
20191112_15:00:00   1.1679e-01   3.3608e+01   2.3995e+00   0.0000e+00   4.4940e-03   2.6005e+02
20191112_18:00:00   1.7183e-01   4.6303e+01   3.6244e+00   0.0000e+00   8.1165e-03   2.6317e+02
20191112_21:00:00   2.9106e-01   7.0779e+01   6.3005e+00   0.0000e+00   2.9807e-03   2.6098e+02
20191113_00:00:00   2.8359e-01   6.9043e+01   6.1743e+00   0.0000e+00   1.8322e-03   2.6352e+02
20191113_03:00:00   3.1786e-01   7.5840e+01   6.8273e+00   0.0000e+00   4.4959e-03   2.6383e+02
20191113_06:00:00   3.1460e-01   7.5245e+01   6.7385e+00   0.0000e+00   5.3142e-03   2.6750e+02
20191113_09:00:00   3.0036e-01   7.2611e+01   6.3252e+00   0.0000e+00   1.8797e-03   2.6372e+02
20191113_12:00:00   2.8779e-01   7.0229e+01   5.9566e+00   0.0000e+00   8.0580e-04   2.6655e+02
20191113_15:00:00   2.7420e-01   6.7375e+01   5.7174e+00   0.0000e+00   2.9993e-03   2.7309e+02
20191113_18:00:00   2.3682e-01   6.0028e+01   4.8425e+00   0.0000e+00   2.4380e-04   2.7380e+02
20191113_21:00:00   2.5440e-01   6.3664e+01   5.1710e+00   0.0000e+00   0.0000e+00   2.7753e+02
20191114_00:00:00   2.8593e-01   6.9883e+01   5.8200e+00   0.0000e+00   0.0000e+00   2.7418e+02
20191114_03:00:00   3.0134e-01   7.2789e+01   6.1043e+00   0.0000e+00   0.0000e+00   2.7671e+02
20191114_06:00:00   3.1006e-01   7.4304e+01   6.2806e+00   0.0000e+00   7.4360e-06   2.7559e+02
20191114_09:00:00   2.9144e-01   7.0770e+01   5.7888e+00   0.0000e+00   2.8740e-06   2.7338e+02
20191114_12:00:00   3.0564e-01   7.3298e+01   6.0564e+00   0.0000e+00   0.0000e+00   2.7492e+02
20191114_15:00:00   3.0347e-01   7.2869e+01   5.8671e+00   0.0000e+00   5.3382e-04   2.7662e+02
20191114_18:00:00   2.8405e-01   6.9163e+01   5.3964e+00   0.0000e+00   3.4573e-04   2.7735e+02
20191114_21:00:00   2.7419e-01   6.7442e+01   5.0207e+00   0.0000e+00   4.9518e-04   2.7997e+02
20191115_00:00:00   2.1974e-01   5.6437e+01   3.9959e+00   0.0000e+00   0.0000e+00   2.7987e+02
20191115_03:00:00   1.8552e-01   4.9026e+01   3.3583e+00   0.0000e+00   0.0000e+00   2.8176e+02
20191115_06:00:00   1.8251e-01   4.8269e+01   3.2564e+00   0.0000e+00   0.0000e+00   2.8323e+02
20191115_09:00:00   1.8488e-01   4.8711e+01   3.2474e+00   0.0000e+00   7.7866e-05   2.8677e+02
20191115_12:00:00   1.7827e-01   4.7111e+01   3.1118e+00   0.0000e+00   2.6929e-04   2.9128e+02
20191115_15:00:00   2.0831e-01   5.3235e+01   3.6737e+00   0.0000e+00   4.8226e-03   2.9661e+02
20191115_18:00:00   2.3018e-01   5.7408e+01   4.1056e+00   6.9700e-04   7.7649e-02   2.9991e+02
20191115_21:00:00   2.1250e-01   5.3861e+01   3.8519e+00   0.0000e+00   6.1531e-03   2.9814e+02
20191116_00:00:00   2.3337e-01   5.8298e+01   4.2270e+00   0.0000e+00   1.4151e-03   2.9961e+02
20191116_03:00:00   1.5403e-01   4.1653e+01   2.7591e+00   0.0000e+00   0.0000e+00   3.0189e+02
20191116_06:00:00   7.8542e-02   2.4420e+01   1.2607e+00   0.0000e+00   0.0000e+00   2.9067e+02
20191116_09:00:00   7.1359e-02   2.2675e+01   1.1615e+00   0.0000e+00   0.0000e+00   2.8609e+02
20191116_12:00:00   7.2737e-02   2.2925e+01   1.2719e+00   0.0000e+00   0.0000e+00   2.8198e+02
20191116_15:00:00   1.0439e-01   3.0146e+01   2.1179e+00   0.0000e+00   1.1542e-03   2.7943e+02
20191116_18:00:00   1.8476e-01   4.7816e+01   4.0009e+00   0.0000e+00   7.3500e-03   2.7592e+02
20191116_21:00:00   2.6789e-01   6.5769e+01   5.6476e+00   0.0000e+00   2.4821e-03   2.7532e+02
20191117_00:00:00   2.2774e-01   5.8280e+01   4.6248e+00   0.0000e+00   0.0000e+00   2.7277e+02
20191117_03:00:00   1.6374e-01   4.4716e+01   3.1872e+00   0.0000e+00   0.0000e+00   2.7205e+02
20191117_06:00:00   8.7806e-02   2.6856e+01   1.6197e+00   0.0000e+00   0.0000e+00   2.6979e+02
20191117_09:00:00   7.5187e-02   2.3697e+01   1.3823e+00   0.0000e+00   0.0000e+00   2.6643e+02
20191117_12:00:00   8.0272e-02   2.4785e+01   1.5703e+00   0.0000e+00   0.0000e+00   2.6671e+02
20191117_15:00:00   1.1129e-01   3.1982e+01   2.4023e+00   0.0000e+00   8.7085e-04   2.6794e+02
20191117_18:00:00   1.3849e-01   3.8263e+01   3.0272e+00   0.0000e+00   1.0576e-03   2.6841e+02
20191117_21:00:00   1.9217e-01   5.0467e+01   4.2030e+00   0.0000e+00   0.0000e+00   2.6698e+02
20191118_00:00:00   2.2398e-01   5.7652e+01   4.8477e+00   0.0000e+00   6.2866e-04   2.6739e+02
20191118_03:00:00   2.3429e-01   6.0383e+01   4.8798e+00   0.0000e+00   0.0000e+00   2.6579e+02
20191118_06:00:00   2.2856e-01   5.9215e+01   4.6855e+00   0.0000e+00   0.0000e+00   2.6010e+02
20191118_09:00:00   1.8046e-01   4.8755e+01   3.6891e+00   0.0000e+00   0.0000e+00   2.5836e+02
20191118_12:00:00   1.5316e-01   4.2576e+01   3.1796e+00   0.0000e+00   0.0000e+00   2.5775e+02
