#            date       tau225        Tb[K]      pwv[mm] lwp[kg*m^-2] iwp[kg*m^-2]       o3[DU]
20191109_12:00:00   5.0848e-01   1.1149e+02   9.7821e+00   0.0000e+00   3.9761e-04   2.5534e+02
20191109_13:00:00   5.0893e-01   1.1157e+02   9.7834e+00   0.0000e+00   1.1042e-06   2.5714e+02
20191109_14:00:00   5.0245e-01   1.1051e+02   9.6784e+00   3.4160e-04   0.0000e+00   2.5833e+02
20191109_15:00:00   4.9737e-01   1.0964e+02   9.6645e+00   0.0000e+00   2.7872e-04   2.5737e+02
20191109_16:00:00   4.9542e-01   1.0936e+02   9.6565e+00   0.0000e+00   2.3408e-03   2.5788e+02
20191109_17:00:00   4.8256e-01   1.0742e+02   9.3545e+00   0.0000e+00   2.5287e-03   2.5732e+02
20191109_18:00:00   4.7140e-01   1.0566e+02   9.1403e+00   0.0000e+00   6.7779e-03   2.5856e+02
20191109_19:00:00   4.6546e-01   1.0462e+02   9.0185e+00   0.0000e+00   1.3738e-02   2.6000e+02
20191109_20:00:00   4.5068e-01   1.0203e+02   8.7912e+00   0.0000e+00   3.4342e-02   2.6049e+02
20191109_21:00:00   4.5208e-01   1.0209e+02   8.8555e+00   0.0000e+00   5.1643e-02   2.6152e+02
20191109_22:00:00   4.2135e-01   9.6767e+01   8.2998e+00   0.0000e+00   4.1018e-02   2.6187e+02
20191109_23:00:00   4.1721e-01   9.5976e+01   8.2493e+00   0.0000e+00   3.0453e-02   2.6149e+02
20191110_00:00:00   3.9764e-01   9.2572e+01   7.8355e+00   0.0000e+00   1.2716e-02   2.6060e+02
20191110_01:00:00   3.6026e-01   8.5836e+01   7.0700e+00   0.0000e+00   8.4353e-03   2.6012e+02
20191110_02:00:00   3.5950e-01   8.5537e+01   7.1158e+00   0.0000e+00   5.4203e-03   2.5924e+02
20191110_03:00:00   3.7745e-01   8.8617e+01   7.5388e+00   0.0000e+00   2.1011e-02   2.5743e+02
20191110_04:00:00   3.4204e-01   8.2149e+01   6.8194e+00   0.0000e+00   1.8714e-02   2.5726e+02
20191110_05:00:00   3.3182e-01   8.0298e+01   6.5549e+00   0.0000e+00   6.5899e-03   2.5838e+02
20191110_06:00:00   3.1254e-01   7.6542e+01   6.1949e+00   0.0000e+00   6.4286e-03   2.5917e+02
20191110_07:00:00   2.9262e-01   7.2676e+01   5.7695e+00   0.0000e+00   3.0914e-03   2.5945e+02
20191110_08:00:00   2.6276e-01   6.6630e+01   5.1955e+00   0.0000e+00   2.6398e-04   2.5890e+02
20191110_09:00:00   2.5084e-01   6.4001e+01   4.9885e+00   0.0000e+00   2.3615e-03   2.5790e+02
20191110_10:00:00   2.4270e-01   6.2137e+01   4.8810e+00   0.0000e+00   5.4219e-03   2.5749e+02
20191110_11:00:00   2.3338e-01   6.0130e+01   4.6991e+00   0.0000e+00   2.8477e-03   2.5803e+02
20191110_12:00:00   2.4843e-01   6.3148e+01   5.0260e+00   0.0000e+00   3.4897e-03   2.5898e+02
20191110_13:00:00   2.3757e-01   6.0948e+01   4.7534e+00   0.0000e+00   4.7253e-03   2.6011e+02
20191110_14:00:00   2.4063e-01   6.1555e+01   4.7834e+00   0.0000e+00   5.6633e-03   2.5876e+02
20191110_15:00:00   2.3319e-01   5.9980e+01   4.6727e+00   0.0000e+00   4.1979e-03   2.5772e+02
20191110_16:00:00   2.1377e-01   5.5715e+01   4.3856e+00   0.0000e+00   2.7492e-03   2.5826e+02
20191110_17:00:00   2.3263e-01   5.9733e+01   4.7577e+00   0.0000e+00   3.5146e-03   2.5688e+02
20191110_18:00:00   2.3312e-01   5.9932e+01   4.7565e+00   0.0000e+00   3.2831e-03   2.5595e+02
20191110_19:00:00   2.3325e-01   5.9910e+01   4.7923e+00   0.0000e+00   1.7360e-03   2.5695e+02
20191110_20:00:00   2.8455e-01   7.0308e+01   5.7718e+00   6.4890e-04   3.5366e-03   2.5724e+02
20191110_21:00:00   4.4365e-01   9.9955e+01   7.0931e+00   3.8730e-02   1.6747e-02   2.5654e+02
20191110_22:00:00   4.5880e-01   1.0222e+02   8.1616e+00   2.3420e-02   2.3272e-02   2.5578e+02
20191110_23:00:00   4.7966e-01   1.0568e+02   8.4033e+00   2.6930e-02   2.0114e-02   2.5721e+02
20191111_00:00:00   4.0300e-01   9.2345e+01   8.1960e+00   8.3750e-04   8.7181e-03   2.5706e+02
20191111_01:00:00   4.2566e-01   9.6323e+01   8.7527e+00   8.9720e-05   8.6366e-03   2.5733e+02
20191111_02:00:00   5.1548e-01   1.1122e+02   1.0448e+01   4.2680e-05   3.0983e-02   2.5739e+02
20191111_03:00:00   5.5068e-01   1.1668e+02   1.1130e+01   0.0000e+00   3.5215e-02   2.5547e+02
20191111_04:00:00   6.0880e-01   1.2525e+02   1.1968e+01   3.9180e-03   4.5187e-02   2.5611e+02
20191111_05:00:00   9.7094e-01   1.6991e+02   1.2631e+01   1.3693e-01   9.9377e-02   2.5766e+02
20191111_06:00:00   1.4997e+00   2.1223e+02   1.2750e+01   3.5369e-01   1.4209e-01   2.6003e+02
20191111_07:00:00   1.1978e+00   1.9047e+02   1.2423e+01   2.3689e-01   8.2140e-02   2.6410e+02
20191111_08:00:00   9.2256e-01   1.6450e+02   1.2172e+01   1.2800e-01   3.6521e-02   2.6451e+02
20191111_09:00:00   7.6137e-01   1.4550e+02   1.2070e+01   6.3496e-02   4.2810e-02   2.6314e+02
20191111_10:00:00   6.7221e-01   1.3374e+02   1.2097e+01   2.4625e-02   7.8771e-02   2.6233e+02
20191111_11:00:00   6.4551e-01   1.3006e+02   1.2027e+01   1.4928e-02   8.6236e-02   2.6150e+02
20191111_12:00:00   6.2915e-01   1.2776e+02   1.1886e+01   1.2114e-02   4.9429e-02   2.6196e+02
20191111_13:00:00   5.8156e-01   1.2090e+02   1.1568e+01   1.7072e-04   5.8593e-03   2.6169e+02
20191111_14:00:00   5.7048e-01   1.1932e+02   1.1354e+01   5.5220e-05   2.3638e-03   2.6028e+02
20191111_15:00:00   5.6665e-01   1.1879e+02   1.1255e+01   0.0000e+00   5.0156e-03   2.6046e+02
20191111_16:00:00   5.8516e-01   1.2153e+02   1.1373e+01   3.8792e-03   3.5375e-03   2.6106e+02
20191111_17:00:00   5.9179e-01   1.2252e+02   1.1379e+01   5.8270e-03   4.9213e-03   2.6108e+02
20191111_18:00:00   5.9804e-01   1.2346e+02   1.1370e+01   8.0440e-03   6.0174e-03   2.6224e+02
20191111_19:00:00   5.9135e-01   1.2252e+02   1.1336e+01   6.2310e-03   1.2479e-02   2.6521e+02
20191111_20:00:00   6.4034e-01   1.2979e+02   1.1338e+01   2.4460e-02   2.6727e-02   2.6532e+02
20191111_21:00:00   6.9914e-01   1.3792e+02   1.1053e+01   5.7285e-02   3.3145e-02   2.6544e+02
20191111_22:00:00   5.6217e-01   1.1871e+02   9.9072e+00   2.3289e-02   5.8697e-03   2.6534e+02
20191111_23:00:00   4.0662e-01   9.3467e+01   7.9264e+00   2.2080e-04   4.3224e-05   2.6538e+02
20191112_00:00:00   2.8019e-01   6.9924e+01   5.4497e+00   0.0000e+00   0.0000e+00   2.6504e+02
20191112_01:00:00   2.0554e-01   5.4473e+01   3.9158e+00   0.0000e+00   0.0000e+00   2.6609e+02
20191112_02:00:00   2.1142e-01   5.5890e+01   3.9012e+00   4.1480e-04   0.0000e+00   2.6493e+02
20191112_03:00:00   2.1766e-01   5.7254e+01   4.0653e+00   0.0000e+00   0.0000e+00   2.6343e+02
20191112_04:00:00   2.5088e-01   6.4221e+01   4.6618e+00   1.6750e-04   0.0000e+00   2.6258e+02
20191112_05:00:00   2.5137e-01   6.4335e+01   4.6415e+00   8.4430e-05   0.0000e+00   2.6319e+02
20191112_06:00:00   2.4006e-01   6.1955e+01   4.4434e+00   0.0000e+00   0.0000e+00   2.6226e+02
20191112_07:00:00   2.3436e-01   6.0732e+01   4.3453e+00   0.0000e+00   0.0000e+00   2.6234e+02
20191112_08:00:00   2.1911e-01   5.7474e+01   4.0774e+00   0.0000e+00   0.0000e+00   2.6156e+02
20191112_09:00:00   2.0659e-01   5.4780e+01   3.8458e+00   0.0000e+00   0.0000e+00   2.6059e+02
20191112_10:00:00   1.9126e-01   5.1399e+01   3.5778e+00   0.0000e+00   0.0000e+00   2.6025e+02
20191112_11:00:00   1.7356e-01   4.7431e+01   3.2694e+00   0.0000e+00   0.0000e+00   2.6055e+02
20191112_12:00:00   1.6457e-01   4.5369e+01   3.1010e+00   0.0000e+00   0.0000e+00   2.6151e+02
20191112_13:00:00   1.4803e-01   4.1579e+01   2.7867e+00   0.0000e+00   0.0000e+00   2.6226e+02
20191112_14:00:00   1.3608e-01   3.8777e+01   2.5589e+00   0.0000e+00   0.0000e+00   2.6281e+02
20191112_15:00:00   1.2744e-01   3.6713e+01   2.3935e+00   0.0000e+00   0.0000e+00   2.6497e+02
20191112_16:00:00   1.2222e-01   3.5444e+01   2.2964e+00   0.0000e+00   0.0000e+00   2.6722e+02
20191112_17:00:00   1.1528e-01   3.3776e+01   2.1685e+00   0.0000e+00   0.0000e+00   2.6752e+02
20191112_18:00:00   1.1178e-01   3.2915e+01   2.1020e+00   0.0000e+00   0.0000e+00   2.6737e+02
20191112_19:00:00   1.1036e-01   3.2547e+01   2.0811e+00   0.0000e+00   0.0000e+00   2.6734e+02
20191112_20:00:00   1.0363e-01   3.0910e+01   1.9539e+00   0.0000e+00   0.0000e+00   2.6669e+02
20191112_21:00:00   9.6630e-02   2.9192e+01   1.8209e+00   0.0000e+00   0.0000e+00   2.6790e+02
20191112_22:00:00   8.9461e-02   2.7430e+01   1.6826e+00   0.0000e+00   0.0000e+00   2.6726e+02
20191112_23:00:00   8.4416e-02   2.6233e+01   1.5636e+00   0.0000e+00   0.0000e+00   2.6729e+02
20191113_00:00:00   7.7826e-02   2.4601e+01   1.4214e+00   0.0000e+00   0.0000e+00   2.6786e+02
20191113_01:00:00   8.7677e-02   2.7091e+01   1.6215e+00   0.0000e+00   0.0000e+00   2.6771e+02
20191113_02:00:00   1.1633e-01   3.4160e+01   2.1901e+00   0.0000e+00   0.0000e+00   2.6729e+02
20191113_03:00:00   1.3828e-01   3.9409e+01   2.6138e+00   0.0000e+00   0.0000e+00   2.6613e+02
20191113_04:00:00   1.2833e-01   3.7083e+01   2.4261e+00   0.0000e+00   0.0000e+00   2.6618e+02
20191113_05:00:00   1.1452e-01   3.3768e+01   2.1669e+00   0.0000e+00   0.0000e+00   2.6666e+02
20191113_06:00:00   1.0357e-01   3.1088e+01   1.9488e+00   0.0000e+00   0.0000e+00   2.6625e+02
20191113_07:00:00   9.2832e-02   2.8422e+01   1.7366e+00   0.0000e+00   0.0000e+00   2.6591e+02
20191113_08:00:00   8.2943e-02   2.5941e+01   1.5469e+00   0.0000e+00   0.0000e+00   2.6550e+02
20191113_09:00:00   8.1389e-02   2.5550e+01   1.5222e+00   0.0000e+00   0.0000e+00   2.6496e+02
20191113_10:00:00   8.3527e-02   2.6099e+01   1.5734e+00   0.0000e+00   0.0000e+00   2.6447e+02
20191113_11:00:00   8.7367e-02   2.7081e+01   1.6529e+00   0.0000e+00   0.0000e+00   2.6428e+02
20191113_12:00:00   9.0865e-02   2.7954e+01   1.7265e+00   0.0000e+00   0.0000e+00   2.6320e+02
20191113_13:00:00   9.4432e-02   2.8822e+01   1.8085e+00   0.0000e+00   0.0000e+00   2.6172e+02
20191113_14:00:00   9.8336e-02   2.9768e+01   1.9012e+00   0.0000e+00   0.0000e+00   2.6149e+02
20191113_15:00:00   1.0237e-01   3.0752e+01   1.9906e+00   0.0000e+00   0.0000e+00   2.6043e+02
20191113_16:00:00   1.0665e-01   3.1809e+01   2.0877e+00   0.0000e+00   0.0000e+00   2.6031e+02
20191113_17:00:00   1.1344e-01   3.3454e+01   2.2383e+00   0.0000e+00   0.0000e+00   2.5955e+02
20191113_18:00:00   1.2018e-01   3.5060e+01   2.3883e+00   0.0000e+00   1.1502e-05   2.6094e+02
20191113_19:00:00   1.2439e-01   3.6059e+01   2.4847e+00   0.0000e+00   6.3640e-05   2.6166e+02
20191113_20:00:00   1.2863e-01   3.7033e+01   2.5828e+00   0.0000e+00   1.1591e-03   2.6362e+02
20191113_21:00:00   1.3244e-01   3.7892e+01   2.6749e+00   0.0000e+00   3.4204e-03   2.6434e+02
20191113_22:00:00   1.3229e-01   3.7799e+01   2.6874e+00   0.0000e+00   6.5440e-03   2.6469e+02
20191113_23:00:00   1.3130e-01   3.7539e+01   2.6760e+00   0.0000e+00   3.9380e-03   2.6589e+02
20191114_00:00:00   1.3084e-01   3.7393e+01   2.6757e+00   0.0000e+00   1.1391e-02   2.6518e+02
20191114_01:00:00   1.3398e-01   3.8046e+01   2.7714e+00   0.0000e+00   1.0997e-02   2.6571e+02
20191114_02:00:00   1.3573e-01   3.8429e+01   2.8174e+00   0.0000e+00   3.8012e-03   2.6681e+02
20191114_03:00:00   1.3611e-01   3.8559e+01   2.8089e+00   0.0000e+00   6.9661e-03   2.6641e+02
20191114_04:00:00   1.3895e-01   3.9182e+01   2.8730e+00   0.0000e+00   1.1098e-02   2.6807e+02
20191114_05:00:00   1.3973e-01   3.9377e+01   2.8804e+00   0.0000e+00   1.5787e-02   2.6953e+02
20191114_06:00:00   1.3864e-01   3.9127e+01   2.8541e+00   0.0000e+00   1.5677e-02   2.6944e+02
20191114_07:00:00   1.3953e-01   3.9352e+01   2.8677e+00   0.0000e+00   1.0398e-02   2.7118e+02
20191114_08:00:00   1.4118e-01   3.9763e+01   2.8895e+00   0.0000e+00   9.4962e-03   2.7281e+02
20191114_09:00:00   1.4413e-01   4.0421e+01   2.9546e+00   0.0000e+00   5.5558e-03   2.7378e+02
20191114_10:00:00   1.4543e-01   4.0698e+01   2.9864e+00   0.0000e+00   2.9634e-03   2.7350e+02
20191114_11:00:00   1.4714e-01   4.1051e+01   3.0284e+00   0.0000e+00   2.8374e-03   2.7362e+02
20191114_12:00:00   1.5492e-01   4.2668e+01   3.2478e+00   0.0000e+00   1.3289e-03   2.7332e+02
20191114_15:00:00   1.8063e-01   4.8208e+01   3.8755e+00   0.0000e+00   1.9965e-03   2.7621e+02
20191114_18:00:00   1.8734e-01   4.9578e+01   4.0139e+00   0.0000e+00   1.1309e-02   2.7793e+02
20191114_21:00:00   1.9651e-01   5.1471e+01   4.2250e+00   0.0000e+00   2.1247e-03   2.7542e+02
20191115_00:00:00   1.7749e-01   4.7435e+01   3.7672e+00   0.0000e+00   1.9327e-04   2.7352e+02
20191115_03:00:00   1.7308e-01   4.6445e+01   3.6475e+00   0.0000e+00   1.0317e-04   2.7371e+02
20191115_06:00:00   1.7483e-01   4.6584e+01   3.7323e+00   0.0000e+00   3.0858e-03   2.7451e+02
20191115_09:00:00   1.8666e-01   4.9057e+01   3.9670e+00   0.0000e+00   1.2112e-02   2.7608e+02
20191115_12:00:00   2.0830e-01   5.3556e+01   4.3963e+00   0.0000e+00   6.1004e-02   2.7815e+02
20191115_15:00:00   2.2991e-01   5.8013e+01   4.8450e+00   0.0000e+00   5.8743e-02   2.7639e+02
20191115_18:00:00   2.3114e-01   5.8246e+01   4.8899e+00   0.0000e+00   4.3111e-02   2.7905e+02
20191115_21:00:00   2.2810e-01   5.7975e+01   4.7140e+00   7.7650e-05   1.4112e-02   2.7874e+02
20191116_00:00:00   2.3470e-01   5.9611e+01   4.7375e+00   9.0000e-04   1.8356e-03   2.7633e+02
20191116_03:00:00   2.4311e-01   6.1050e+01   5.0335e+00   0.0000e+00   1.5699e-02   2.7668e+02
20191116_06:00:00   2.9080e-01   7.0334e+01   6.0183e+00   0.0000e+00   2.1239e-02   2.8030e+02
20191116_09:00:00   3.4358e-01   8.0339e+01   6.9789e+00   0.0000e+00   2.6577e-02   2.8232e+02
20191116_12:00:00   3.7065e-01   8.5079e+01   7.4058e+00   0.0000e+00   1.4778e-01   2.7874e+02
20191116_15:00:00   4.3042e-01   9.5654e+01   7.7730e+00   1.3653e-02   1.1104e-01   2.7800e+02
20191116_18:00:00   4.1141e-01   9.2290e+01   7.7011e+00   6.6040e-03   8.2161e-02   2.7932e+02
20191116_21:00:00   9.9689e-01   1.7034e+02   8.5739e+00   2.3635e-01   2.1834e-01   2.7717e+02
20191117_00:00:00   4.6405e-01   1.0139e+02   8.5205e+00   5.0630e-03   3.1587e-01   2.7868e+02
20191117_03:00:00   6.6769e-01   1.3228e+02   8.8617e+00   8.3368e-02   3.7867e-01   2.7953e+02
20191117_06:00:00   6.5992e-01   1.3124e+02   8.8154e+00   8.1545e-02   3.7021e-01   2.7916e+02
20191117_09:00:00   8.7981e-01   1.5828e+02   8.6119e+00   1.8083e-01   3.9183e-01   2.8339e+02
20191117_12:00:00   4.1239e-01   9.2375e+01   8.0145e+00   1.6470e-05   4.0197e-02   2.8470e+02
20191117_15:00:00   5.0161e-01   1.0742e+02   8.2856e+00   2.9507e-02   8.6690e-02   2.8644e+02
20191117_18:00:00   1.4381e+00   2.0601e+02   8.7048e+00   4.1683e-01   3.3920e-01   2.8750e+02
20191117_21:00:00   8.9610e-01   1.5997e+02   8.5098e+00   1.9419e-01   1.4483e-01   2.8760e+02
20191118_00:00:00   4.2974e-01   9.5744e+01   8.0793e+00   6.1390e-03   3.3136e-02   2.8364e+02
20191118_03:00:00   3.5555e-01   8.2854e+01   7.0009e+00   0.0000e+00   1.9650e-04   2.8237e+02
20191118_06:00:00   4.6975e-01   1.0312e+02   7.0511e+00   4.2840e-02   3.7136e-03   2.7791e+02
20191118_09:00:00   5.0982e-01   1.0950e+02   6.6704e+00   6.8613e-02   7.3805e-03   2.7747e+02
20191118_12:00:00   7.2804e-01   1.4057e+02   6.8382e+00   1.5811e-01   2.8853e-02   2.7470e+02
20191118_15:00:00   3.5679e-01   8.3216e+01   6.3296e+00   1.0792e-02   1.8415e-04   2.7395e+02
20191118_18:00:00   2.9353e-01   7.1427e+01   5.6514e+00   0.0000e+00   7.0890e-07   2.7356e+02
20191118_21:00:00   2.7337e-01   6.7790e+01   4.9839e+00   5.1360e-03   8.1010e-06   2.7034e+02
20191119_00:00:00   2.2167e-01   5.7329e+01   4.1601e+00   5.5900e-04   6.8810e-07   2.7074e+02
20191119_03:00:00   2.2173e-01   5.7167e+01   4.2367e+00   0.0000e+00   1.6367e-03   2.7214e+02
20191119_06:00:00   2.3656e-01   5.9818e+01   4.7355e+00   0.0000e+00   2.6893e-02   2.7505e+02
20191119_09:00:00   2.4999e-01   6.2170e+01   5.1448e+00   0.0000e+00   6.9752e-02   2.7774e+02
20191119_12:00:00   3.2096e-01   7.5768e+01   6.7143e+00   0.0000e+00   6.2164e-02   2.7768e+02
20191119_15:00:00   3.0435e-01   7.2649e+01   6.3465e+00   0.0000e+00   7.4137e-03   2.7592e+02
20191119_18:00:00   3.6025e-01   8.3225e+01   7.3394e+00   8.5230e-04   5.1074e-03   2.7838e+02
20191119_21:00:00   4.4754e-01   9.8822e+01   7.9698e+00   2.2534e-02   3.8843e-02   2.7866e+02
20191120_00:00:00   4.1048e-01   9.2370e+01   8.0000e+00   5.7810e-03   4.6061e-02   2.7641e+02
20191120_03:00:00   4.1755e-01   9.3523e+01   8.0295e+00   6.5450e-03   1.4783e-01   2.7587e+02
20191120_06:00:00   3.7486e-01   8.5954e+01   7.5039e+00   0.0000e+00   2.1804e-01   2.7568e+02
20191120_09:00:00   3.7564e-01   8.6166e+01   7.5937e+00   0.0000e+00   3.1572e-02   2.7672e+02
20191120_12:00:00   3.3484e-01   7.8870e+01   6.7533e+00   0.0000e+00   1.2492e-03   2.7630e+02
20191120_15:00:00   2.9774e-01   7.1909e+01   6.0231e+00   0.0000e+00   1.3700e-04   2.7512e+02
20191120_18:00:00   2.5437e-01   6.3540e+01   5.1592e+00   0.0000e+00   0.0000e+00   2.7460e+02
20191120_21:00:00   2.2897e-01   5.8415e+01   4.6751e+00   0.0000e+00   0.0000e+00   2.7513e+02
20191121_00:00:00   2.2079e-01   5.6687e+01   4.5530e+00   0.0000e+00   0.0000e+00   2.7363e+02
20191121_03:00:00   2.0405e-01   5.3326e+01   4.1803e+00   0.0000e+00   0.0000e+00   2.7159e+02
20191121_06:00:00   1.8015e-01   4.8192e+01   3.6987e+00   0.0000e+00   0.0000e+00   2.7333e+02
20191121_09:00:00   1.4909e-01   4.1275e+01   3.0349e+00   0.0000e+00   0.0000e+00   2.7156e+02
20191121_12:00:00   1.4374e-01   4.0049e+01   2.9165e+00   0.0000e+00   0.0000e+00   2.6642e+02
20191121_15:00:00   1.4330e-01   3.9903e+01   2.9179e+00   0.0000e+00   0.0000e+00   2.6548e+02
20191121_18:00:00   1.3564e-01   3.8125e+01   2.7524e+00   0.0000e+00   0.0000e+00   2.6571e+02
20191121_21:00:00   1.3087e-01   3.7114e+01   2.6056e+00   0.0000e+00   0.0000e+00   2.6744e+02
20191122_00:00:00   1.4212e-01   3.9812e+01   2.8073e+00   0.0000e+00   0.0000e+00   2.7004e+02
20191122_03:00:00   1.6266e-01   4.4481e+01   3.1840e+00   0.0000e+00   0.0000e+00   2.7304e+02
20191122_06:00:00   1.7491e-01   4.7299e+01   3.3803e+00   0.0000e+00   5.1220e-06   2.7155e+02
20191122_09:00:00   1.7905e-01   4.8161e+01   3.4620e+00   0.0000e+00   1.8840e-05   2.6871e+02
20191122_12:00:00   1.7271e-01   4.6584e+01   3.3738e+00   0.0000e+00   0.0000e+00   2.5948e+02
20191122_15:00:00   1.5508e-01   4.2533e+01   3.0785e+00   0.0000e+00   7.7937e-05   2.5262e+02
20191122_18:00:00   1.2698e-01   3.5928e+01   2.5554e+00   0.0000e+00   0.0000e+00   2.5290e+02
20191122_21:00:00   1.3319e-01   3.7616e+01   2.6077e+00   0.0000e+00   0.0000e+00   2.5015e+02
20191123_00:00:00   9.4990e-02   2.8775e+01   1.7341e+00   0.0000e+00   0.0000e+00   2.5108e+02
20191123_03:00:00   9.7796e-02   2.9488e+01   1.7977e+00   0.0000e+00   0.0000e+00   2.5394e+02
20191123_06:00:00   9.1633e-02   2.7957e+01   1.6787e+00   0.0000e+00   0.0000e+00   2.5711e+02
20191123_09:00:00   1.0222e-01   3.0420e+01   1.9164e+00   0.0000e+00   0.0000e+00   2.6275e+02
20191123_12:00:00   1.0694e-01   3.1467e+01   2.0366e+00   0.0000e+00   0.0000e+00   2.6000e+02
20191123_15:00:00   1.0065e-01   2.9975e+01   1.9034e+00   0.0000e+00   0.0000e+00   2.5919e+02
20191123_18:00:00   9.1796e-02   2.7886e+01   1.7041e+00   0.0000e+00   0.0000e+00   2.5874e+02
20191123_21:00:00   8.3336e-02   2.5823e+01   1.5254e+00   0.0000e+00   0.0000e+00   2.5803e+02
20191124_00:00:00   8.2159e-02   2.5515e+01   1.5011e+00   0.0000e+00   0.0000e+00   2.6017e+02
20191124_03:00:00   7.6932e-02   2.4168e+01   1.3976e+00   0.0000e+00   0.0000e+00   2.5892e+02
20191124_06:00:00   7.2586e-02   2.3014e+01   1.3126e+00   0.0000e+00   0.0000e+00   2.5891e+02
20191124_09:00:00   6.4159e-02   2.0814e+01   1.1369e+00   0.0000e+00   0.0000e+00   2.5898e+02
20191124_12:00:00   5.9923e-02   1.9721e+01   1.0430e+00   0.0000e+00   0.0000e+00   2.5949e+02
20191124_15:00:00   5.3579e-02   1.8204e+01   8.7604e-01   0.0000e+00   0.0000e+00   2.6012e+02
20191124_18:00:00   4.4429e-02   1.5899e+01   6.5716e-01   0.0000e+00   0.0000e+00   2.5974e+02
20191124_21:00:00   4.1006e-02   1.4985e+01   5.8540e-01   0.0000e+00   0.0000e+00   2.6038e+02
20191125_00:00:00   4.2144e-02   1.5305e+01   6.0737e-01   0.0000e+00   0.0000e+00   2.6347e+02
20191125_03:00:00   6.0738e-02   2.0230e+01   9.8556e-01   0.0000e+00   0.0000e+00   2.6297e+02
20191125_06:00:00   6.9601e-02   2.2538e+01   1.1508e+00   0.0000e+00   0.0000e+00   2.6177e+02
20191125_09:00:00   9.7383e-02   2.9440e+01   1.6951e+00   0.0000e+00   0.0000e+00   2.6097e+02
20191125_12:00:00   1.3720e-01   3.8705e+01   2.5167e+00   0.0000e+00   0.0000e+00   2.6177e+02
