#            date       tau225        Tb[K]      pwv[mm] lwp[kg*m^-2] iwp[kg*m^-2]       o3[DU]
20191122_00:00:00   2.5077e-01   6.1666e+01   4.5772e+00   0.0000e+00   6.9247e-04   3.0487e+02
20191122_01:00:00   2.4741e-01   6.1034e+01   4.4795e+00   0.0000e+00   1.9518e-02   3.0127e+02
20191122_02:00:00   2.4226e-01   6.0104e+01   4.2897e+00   1.1770e-03   4.2051e-02   2.9695e+02
20191122_03:00:00   2.1945e-01   5.5381e+01   3.9748e+00   0.0000e+00   7.5923e-04   2.9618e+02
20191122_04:00:00   2.5786e-01   6.3184e+01   4.5826e+00   1.0690e-04   1.3617e-01   2.9364e+02
20191122_05:00:00   2.4105e-01   6.0054e+01   4.2329e+00   6.2160e-04   8.7499e-02   2.8833e+02
20191122_06:00:00   2.1718e-01   5.5236e+01   3.7962e+00   1.3456e-03   2.4952e-02   2.8352e+02
20191122_07:00:00   2.0615e-01   5.2891e+01   3.6543e+00   1.2099e-03   6.5112e-03   2.8059e+02
20191122_08:00:00   1.9519e-01   5.0558e+01   3.5196e+00   9.1860e-05   3.5693e-03   2.7799e+02
20191122_09:00:00   1.9111e-01   4.9722e+01   3.4220e+00   1.2606e-03   4.2835e-03   2.7820e+02
20191122_10:00:00   1.7229e-01   4.5694e+01   3.1729e+00   0.0000e+00   2.4949e-04   2.7758e+02
20191122_11:00:00   1.6223e-01   4.3477e+01   3.0432e+00   0.0000e+00   1.3080e-06   2.7701e+02
20191122_12:00:00   1.5837e-01   4.2620e+01   3.0082e+00   0.0000e+00   0.0000e+00   2.7698e+02
20191122_13:00:00   1.5744e-01   4.2382e+01   3.0262e+00   0.0000e+00   0.0000e+00   2.7644e+02
20191122_14:00:00   1.6018e-01   4.2949e+01   3.1073e+00   0.0000e+00   1.0908e-04   2.7520e+02
20191122_15:00:00   1.6402e-01   4.3782e+01   3.1934e+00   0.0000e+00   5.3086e-04   2.7498e+02
20191122_16:00:00   1.6698e-01   4.4391e+01   3.2761e+00   0.0000e+00   1.2454e-03   2.7534e+02
20191122_17:00:00   1.6773e-01   4.4539e+01   3.3111e+00   0.0000e+00   1.6224e-04   2.7592e+02
20191122_18:00:00   1.6425e-01   4.3775e+01   3.2577e+00   0.0000e+00   3.2485e-05   2.7798e+02
20191122_19:00:00   1.5887e-01   4.2544e+01   3.1741e+00   0.0000e+00   3.8997e-05   2.7657e+02
20191122_20:00:00   1.4392e-01   3.9136e+01   2.9022e+00   0.0000e+00   1.3680e-04   2.7558e+02
20191122_21:00:00   1.2734e-01   3.5263e+01   2.5951e+00   0.0000e+00   4.6500e-04   2.7467e+02
20191122_22:00:00   1.2143e-01   3.3800e+01   2.4918e+00   3.4600e-05   4.9547e-03   2.7466e+02
20191122_23:00:00   1.1919e-01   3.3239e+01   2.4680e+00   0.0000e+00   2.2465e-03   2.7347e+02
20191123_00:00:00   1.1448e-01   3.2171e+01   2.3721e+00   0.0000e+00   2.7962e-04   2.7405e+02
20191123_01:00:00   1.1257e-01   3.1717e+01   2.3364e+00   0.0000e+00   2.0200e-04   2.7441e+02
20191123_02:00:00   1.1473e-01   3.2204e+01   2.3910e+00   0.0000e+00   3.4602e-05   2.7493e+02
20191123_03:00:00   1.1404e-01   3.2067e+01   2.3732e+00   0.0000e+00   8.1580e-06   2.7669e+02
20191123_04:00:00   1.1301e-01   3.1872e+01   2.3436e+00   0.0000e+00   1.1032e-05   2.7606e+02
20191123_05:00:00   1.1653e-01   3.2687e+01   2.4256e+00   0.0000e+00   8.1580e-06   2.7310e+02
20191123_06:00:00   1.1923e-01   3.3324e+01   2.4892e+00   0.0000e+00   6.5920e-06   2.7083e+02
20191123_07:00:00   1.1859e-01   3.3209e+01   2.4708e+00   0.0000e+00   0.0000e+00   2.6971e+02
20191123_08:00:00   1.2407e-01   3.4456e+01   2.5974e+00   0.0000e+00   0.0000e+00   2.6720e+02
20191123_09:00:00   1.2833e-01   3.5406e+01   2.7017e+00   0.0000e+00   0.0000e+00   2.6517e+02
20191123_10:00:00   1.3368e-01   3.6626e+01   2.8209e+00   0.0000e+00   0.0000e+00   2.6573e+02
20191123_11:00:00   1.3857e-01   3.7731e+01   2.9430e+00   0.0000e+00   1.1880e-05   2.6626e+02
20191123_12:00:00   1.4303e-01   3.8736e+01   3.0514e+00   0.0000e+00   2.8505e-04   2.6535e+02
20191123_13:00:00   1.5096e-01   4.0487e+01   3.2353e+00   0.0000e+00   3.4247e-05   2.6482e+02
20191123_14:00:00   1.5725e-01   4.1877e+01   3.3883e+00   0.0000e+00   1.1328e-03   2.6411e+02
20191123_15:00:00   1.6018e-01   4.2517e+01   3.4554e+00   0.0000e+00   2.6033e-04   2.6372e+02
20191123_16:00:00   1.5937e-01   4.2383e+01   3.4251e+00   0.0000e+00   2.6079e-04   2.6296e+02
20191123_17:00:00   1.6050e-01   4.2722e+01   3.4416e+00   0.0000e+00   7.1234e-04   2.6267e+02
20191123_18:00:00   1.6818e-01   4.4417e+01   3.6193e+00   0.0000e+00   7.0043e-04   2.6273e+02
20191123_19:00:00   1.7677e-01   4.6329e+01   3.8115e+00   0.0000e+00   9.5238e-04   2.6194e+02
20191123_20:00:00   1.8663e-01   4.8521e+01   4.0230e+00   0.0000e+00   1.4894e-03   2.6199e+02
20191123_21:00:00   1.9568e-01   5.0501e+01   4.2232e+00   0.0000e+00   6.5396e-03   2.6196e+02
20191123_22:00:00   2.0426e-01   5.2422e+01   4.3983e+00   0.0000e+00   7.1714e-03   2.6247e+02
20191123_23:00:00   2.0730e-01   5.3108e+01   4.4721e+00   0.0000e+00   3.0885e-03   2.6303e+02
20191124_00:00:00   2.0522e-01   5.2707e+01   4.4125e+00   0.0000e+00   2.6216e-03   2.6256e+02
20191124_01:00:00   2.0051e-01   5.1763e+01   4.2927e+00   0.0000e+00   2.1334e-03   2.6290e+02
20191124_02:00:00   2.0079e-01   5.1889e+01   4.2911e+00   0.0000e+00   9.4323e-04   2.6314e+02
20191124_03:00:00   2.0324e-01   5.2443e+01   4.3367e+00   0.0000e+00   6.3522e-03   2.6225e+02
20191124_04:00:00   2.0006e-01   5.1787e+01   4.2656e+00   0.0000e+00   6.2720e-03   2.6125e+02
20191124_05:00:00   1.9719e-01   5.1215e+01   4.2071e+00   0.0000e+00   3.6768e-03   2.6148e+02
20191124_06:00:00   1.9531e-01   5.0828e+01   4.1633e+00   0.0000e+00   1.0527e-03   2.6180e+02
20191124_07:00:00   1.9206e-01   5.0097e+01   4.1053e+00   0.0000e+00   3.3870e-03   2.6103e+02
20191124_08:00:00   1.9093e-01   4.9813e+01   4.0855e+00   0.0000e+00   5.4002e-03   2.6067e+02
20191124_09:00:00   1.8409e-01   4.8393e+01   3.9238e+00   0.0000e+00   6.0524e-03   2.6087e+02
20191124_10:00:00   1.8030e-01   4.7570e+01   3.8434e+00   0.0000e+00   2.3259e-03   2.6118e+02
20191124_11:00:00   1.7951e-01   4.7348e+01   3.8299e+00   0.0000e+00   1.6964e-03   2.6019e+02
20191124_12:00:00   1.7914e-01   4.7204e+01   3.8333e+00   0.0000e+00   4.9384e-03   2.5888e+02
20191124_13:00:00   1.7313e-01   4.5983e+01   3.6766e+00   0.0000e+00   2.6403e-05   2.5933e+02
20191124_14:00:00   1.6919e-01   4.5180e+01   3.5714e+00   0.0000e+00   2.2001e-04   2.5973e+02
20191124_15:00:00   1.6682e-01   4.4659e+01   3.5128e+00   0.0000e+00   3.0223e-03   2.5907e+02
20191124_16:00:00   1.6371e-01   4.4005e+01   3.4327e+00   0.0000e+00   7.7843e-03   2.5855e+02
20191124_17:00:00   1.6328e-01   4.3921e+01   3.4254e+00   0.0000e+00   4.0078e-03   2.5799e+02
20191124_18:00:00   1.6281e-01   4.3862e+01   3.4037e+00   0.0000e+00   1.8290e-03   2.5828e+02
20191124_19:00:00   1.6524e-01   4.4393e+01   3.4643e+00   0.0000e+00   4.9111e-03   2.5738e+02
20191124_20:00:00   1.6704e-01   4.4790e+01   3.4985e+00   0.0000e+00   1.1112e-02   2.5699e+02
20191124_21:00:00   1.6405e-01   4.4165e+01   3.4309e+00   0.0000e+00   8.5575e-03   2.5619e+02
20191124_22:00:00   1.6283e-01   4.3849e+01   3.4116e+00   0.0000e+00   2.2364e-02   2.5566e+02
20191124_23:00:00   1.5134e-01   4.1421e+01   3.1422e+00   0.0000e+00   5.0961e-03   2.5566e+02
20191125_00:00:00   1.5088e-01   4.1260e+01   3.1550e+00   0.0000e+00   1.0680e-02   2.5546e+02
20191125_01:00:00   1.5000e-01   4.1049e+01   3.1267e+00   0.0000e+00   3.6604e-02   2.5597e+02
20191125_02:00:00   1.5273e-01   4.1679e+01   3.1846e+00   0.0000e+00   1.6081e-02   2.5741e+02
20191125_03:00:00   1.6108e-01   4.3464e+01   3.3886e+00   0.0000e+00   1.8322e-02   2.5783e+02
20191125_04:00:00   1.6568e-01   4.4452e+01   3.5095e+00   0.0000e+00   1.5208e-02   2.5847e+02
20191125_05:00:00   1.6327e-01   4.3906e+01   3.4699e+00   0.0000e+00   5.7729e-03   2.5876e+02
20191125_06:00:00   1.6180e-01   4.3513e+01   3.4336e+00   0.0000e+00   2.3528e-02   2.6072e+02
20191125_07:00:00   1.5911e-01   4.2902e+01   3.3834e+00   0.0000e+00   2.9617e-02   2.6244e+02
20191125_08:00:00   1.5536e-01   4.2084e+01   3.2914e+00   0.0000e+00   3.2067e-02   2.6400e+02
20191125_09:00:00   1.5337e-01   4.1621e+01   3.2609e+00   0.0000e+00   3.0388e-02   2.6413e+02
20191125_10:00:00   1.5624e-01   4.2167e+01   3.3478e+00   0.0000e+00   2.6867e-02   2.6376e+02
20191125_11:00:00   1.5279e-01   4.1407e+01   3.2613e+00   0.0000e+00   2.8789e-02   2.6459e+02
20191125_12:00:00   1.5200e-01   4.1226e+01   3.2423e+00   0.0000e+00   5.2992e-02   2.6436e+02
20191125_13:00:00   1.4908e-01   4.0597e+01   3.1601e+00   0.0000e+00   4.7174e-02   2.6586e+02
20191125_14:00:00   1.4663e-01   4.0022e+01   3.1189e+00   0.0000e+00   2.0352e-02   2.6517e+02
20191125_15:00:00   1.4407e-01   3.9444e+01   3.0499e+00   0.0000e+00   4.4737e-02   2.6521e+02
20191125_16:00:00   1.3198e-01   3.6705e+01   2.7881e+00   0.0000e+00   2.0240e-02   2.6575e+02
20191125_17:00:00   1.1803e-01   3.3516e+01   2.4533e+00   0.0000e+00   6.4635e-02   2.6679e+02
20191125_18:00:00   1.2183e-01   3.4316e+01   2.5592e+00   0.0000e+00   6.0401e-02   2.6713e+02
20191125_19:00:00   1.1609e-01   3.3062e+01   2.4058e+00   0.0000e+00   5.0498e-02   2.6881e+02
20191125_20:00:00   1.0982e-01   3.1679e+01   2.2429e+00   0.0000e+00   4.4649e-02   2.6968e+02
20191125_21:00:00   1.0700e-01   3.1014e+01   2.1791e+00   0.0000e+00   2.4281e-02   2.6936e+02
20191125_22:00:00   9.9851e-02   2.9398e+01   1.9850e+00   0.0000e+00   3.2838e-02   2.7099e+02
20191125_23:00:00   9.3098e-02   2.7817e+01   1.8364e+00   0.0000e+00   2.1011e-02   2.7195e+02
20191126_00:00:00   9.1826e-02   2.7506e+01   1.8082e+00   0.0000e+00   2.1038e-02   2.7459e+02
20191126_01:00:00   9.2861e-02   2.7788e+01   1.8235e+00   0.0000e+00   2.1286e-02   2.7563e+02
20191126_02:00:00   9.3295e-02   2.7880e+01   1.8466e+00   0.0000e+00   8.5699e-03   2.7465e+02
20191126_03:00:00   9.5575e-02   2.8397e+01   1.8956e+00   0.0000e+00   1.0890e-02   2.7269e+02
20191126_04:00:00   9.8949e-02   2.9227e+01   1.9500e+00   0.0000e+00   1.9966e-02   2.7389e+02
20191126_05:00:00   9.9495e-02   2.9337e+01   1.9720e+00   0.0000e+00   3.2293e-02   2.7238e+02
20191126_06:00:00   9.2789e-02   2.7771e+01   1.8158e+00   0.0000e+00   2.1949e-02   2.7087e+02
20191126_07:00:00   9.7397e-02   2.8863e+01   1.9212e+00   0.0000e+00   1.9135e-02   2.6991e+02
20191126_08:00:00   9.4786e-02   2.8340e+01   1.8410e+00   0.0000e+00   6.9397e-03   2.7080e+02
20191126_09:00:00   9.2756e-02   2.7917e+01   1.7762e+00   0.0000e+00   1.7072e-06   2.7210e+02
20191126_10:00:00   9.4362e-02   2.8289e+01   1.7859e+00   0.0000e+00   0.0000e+00   2.7232e+02
20191126_11:00:00   9.4350e-02   2.8320e+01   1.7875e+00   0.0000e+00   3.2523e-05   2.7284e+02
20191126_12:00:00   9.5697e-02   2.8659e+01   1.8158e+00   0.0000e+00   9.0640e-05   2.7203e+02
20191126_13:00:00   1.0022e-01   2.9752e+01   1.9010e+00   0.0000e+00   0.0000e+00   2.7088e+02
20191126_14:00:00   1.0290e-01   3.0444e+01   1.9476e+00   0.0000e+00   0.0000e+00   2.6953e+02
20191126_15:00:00   1.2333e-01   3.5254e+01   2.3551e+00   0.0000e+00   0.0000e+00   2.6931e+02
20191126_16:00:00   1.3342e-01   3.7622e+01   2.5770e+00   0.0000e+00   0.0000e+00   2.6848e+02
20191126_17:00:00   1.4833e-01   4.1105e+01   2.8730e+00   0.0000e+00   0.0000e+00   2.6752e+02
20191126_18:00:00   1.8575e-01   4.9594e+01   3.1560e+00   9.1320e-03   1.2580e-05   2.6775e+02
20191126_19:00:00   3.6805e-01   8.6499e+01   3.5546e+00   7.5892e-02   5.1438e-05   2.6679e+02
20191126_20:00:00   2.8885e-01   7.1236e+01   3.6119e+00   4.1604e-02   6.6074e-05   2.6692e+02
20191126_21:00:00   2.2705e-01   5.8482e+01   3.6588e+00   1.4016e-02   4.0350e-05   2.6602e+02
20191126_22:00:00   2.4811e-01   6.2847e+01   4.0249e+00   1.3765e-02   8.4353e-05   2.6510e+02
20191126_23:00:00   4.4833e-01   1.0040e+02   4.7834e+00   7.9816e-02   7.1233e-04   2.6574e+02
20191127_00:00:00   9.9518e-01   1.7181e+02   5.4848e+00   2.9532e-01   3.7499e-03   2.6613e+02
20191127_03:00:00   4.3867e-01   9.8643e+01   5.1980e+00   6.6170e-02   5.8630e-04   2.6521e+02
20191127_06:00:00   3.4246e-01   8.1043e+01   5.2183e+00   2.7692e-02   2.3247e-02   2.6528e+02
20191127_09:00:00   2.6412e-01   6.5385e+01   5.1698e+00   2.2649e-04   4.7711e-02   2.6555e+02
20191127_12:00:00   1.4423e+00   2.0679e+02   6.3460e+00   4.7201e-01   3.9194e-02   2.6844e+02
20191127_15:00:00   3.0271e-01   7.3134e+01   5.5646e+00   6.1603e-03   3.2344e-05   2.6858e+02
20191127_18:00:00   2.7492e-01   6.7418e+01   5.0287e+00   9.5470e-03   4.6514e-04   2.6200e+02
20191127_21:00:00   2.5746e-01   6.4073e+01   4.0997e+00   2.0582e-02   1.0374e-04   2.5949e+02
20191128_00:00:00   1.3736e-01   3.8510e+01   2.3651e+00   2.4164e-03   5.6422e-05   2.6061e+02
20191128_03:00:00   1.0810e-01   3.1566e+01   1.9517e+00   0.0000e+00   0.0000e+00   2.6058e+02
20191128_06:00:00   1.2228e-01   3.4576e+01   2.3458e+00   0.0000e+00   1.7163e-03   2.5843e+02
20191128_09:00:00   2.0391e-01   5.2140e+01   4.1714e+00   5.2460e-04   6.4262e-03   2.5839e+02
20191128_12:00:00   2.1187e-01   5.3973e+01   4.1930e+00   2.3370e-03   2.4329e-02   2.5708e+02
20191128_15:00:00   1.9532e-01   5.0542e+01   3.8901e+00   3.1800e-04   3.1013e-02   2.6449e+02
20191128_18:00:00   2.8221e-01   6.8660e+01   4.2228e+00   3.0240e-02   5.1559e-02   2.7171e+02
20191128_21:00:00   3.0230e-01   7.2729e+01   4.7709e+00   2.3965e-02   4.8738e-03   2.7955e+02
20191129_00:00:00   1.8883e-01   4.9573e+01   3.6356e+00   3.7570e-04   1.4540e-05   2.8351e+02
20191129_03:00:00   1.9097e-01   4.9476e+01   3.8652e+00   0.0000e+00   5.7769e-02   2.8449e+02
20191129_06:00:00   1.7218e-01   4.5484e+01   3.5057e+00   0.0000e+00   4.7348e-03   2.9054e+02
20191129_09:00:00   1.4087e-01   3.9140e+01   2.6844e+00   0.0000e+00   4.3762e-05   2.9625e+02
20191129_12:00:00   1.5814e-01   4.2960e+01   2.9866e+00   2.3350e-04   9.8655e-03   3.0349e+02
20191129_15:00:00   1.9286e-01   5.0304e+01   3.7750e+00   0.0000e+00   2.4384e-03   3.0450e+02
20191129_18:00:00   5.1203e-01   1.0959e+02   6.7130e+00   6.7836e-02   5.9078e-02   2.9834e+02
20191129_21:00:00   1.5954e+00   2.1460e+02   7.1354e+00   5.2200e-01   3.0261e-01   2.9448e+02
20191130_00:00:00   4.5466e-01   9.9207e+01   5.7268e+00   6.2225e-02   3.1038e-01   2.9677e+02
20191130_03:00:00   2.4597e-01   6.0567e+01   4.0100e+00   9.7220e-03   6.8069e-02   3.0772e+02
20191130_06:00:00   1.8460e-01   4.7368e+01   3.0728e+00   3.4030e-03   6.4967e-02   3.2076e+02
20191130_09:00:00   1.5289e-01   4.0360e+01   2.6110e+00   0.0000e+00   1.8218e-02   3.2245e+02
20191130_12:00:00   1.4422e-01   3.8379e+01   2.4343e+00   0.0000e+00   1.0495e-02   3.1916e+02
20191130_15:00:00   1.0936e-01   3.0747e+01   1.7607e+00   0.0000e+00   6.2000e-06   3.2518e+02
20191130_18:00:00   9.3183e-02   2.7116e+01   1.5200e+00   2.6520e-04   1.0890e-04   3.2014e+02
20191130_21:00:00   1.3701e-01   3.7186e+01   2.3666e+00   3.1200e-05   1.4530e-04   3.0463e+02
20191201_00:00:00   1.2287e-01   3.4183e+01   2.1521e+00   0.0000e+00   3.5970e-05   3.0177e+02
20191201_03:00:00   9.1311e-02   2.7166e+01   1.5541e+00   0.0000e+00   0.0000e+00   2.9838e+02
20191201_06:00:00   9.5207e-02   2.8174e+01   1.6676e+00   0.0000e+00   0.0000e+00   2.9698e+02
20191201_09:00:00   8.5744e-02   2.5880e+01   1.4887e+00   0.0000e+00   0.0000e+00   2.9849e+02
20191201_12:00:00   1.1396e-01   3.2061e+01   2.2274e+00   0.0000e+00   0.0000e+00   2.9781e+02
20191201_15:00:00   1.4717e-01   4.0276e+01   2.6768e+00   0.0000e+00   0.0000e+00   2.9929e+02
20191201_18:00:00   7.3495e-02   2.3207e+01   1.1991e+00   0.0000e+00   0.0000e+00   2.9646e+02
20191201_21:00:00   5.3446e-02   1.8234e+01   8.1082e-01   0.0000e+00   0.0000e+00   2.9559e+02
20191202_00:00:00   4.6227e-02   1.6413e+01   6.6885e-01   0.0000e+00   0.0000e+00   2.9356e+02
20191202_03:00:00   4.8199e-02   1.6794e+01   7.6254e-01   0.0000e+00   0.0000e+00   2.8361e+02
20191202_06:00:00   9.2430e-02   2.7165e+01   1.9420e+00   0.0000e+00   8.3990e-04   2.8086e+02
20191202_09:00:00   1.5774e-01   4.1704e+01   3.5227e+00   0.0000e+00   6.1904e-03   2.7804e+02
20191202_12:00:00   1.8728e-01   4.8347e+01   4.1092e+00   0.0000e+00   7.0235e-03   2.8125e+02
20191202_15:00:00   2.2146e-01   5.6327e+01   4.6429e+00   0.0000e+00   7.9606e-05   2.7743e+02
20191202_18:00:00   2.0411e-01   5.2909e+01   4.2488e+00   0.0000e+00   3.4636e-03   2.7806e+02
20191202_21:00:00   2.0976e-01   5.3914e+01   4.4462e+00   0.0000e+00   1.7120e-02   2.7868e+02
20191203_00:00:00   2.3418e-01   5.8909e+01   5.0572e+00   0.0000e+00   1.4164e-02   2.7556e+02
20191203_03:00:00   2.5628e-01   6.3538e+01   5.4838e+00   0.0000e+00   1.0190e-03   2.7544e+02
20191203_06:00:00   2.5577e-01   6.4026e+01   5.2177e+00   0.0000e+00   9.3440e-06   2.7391e+02
20191203_09:00:00   2.5734e-01   6.4411e+01   5.2588e+00   0.0000e+00   0.0000e+00   2.7460e+02
20191203_12:00:00   2.1542e-01   5.5859e+01   4.3298e+00   0.0000e+00   0.0000e+00   2.7553e+02
20191203_15:00:00   2.2629e-01   5.7873e+01   4.6513e+00   0.0000e+00   9.2930e-06   2.7577e+02
20191203_18:00:00   2.4343e-01   6.1267e+01   5.0952e+00   0.0000e+00   3.8641e-03   2.7674e+02
20191203_21:00:00   2.3221e-01   5.8911e+01   4.8999e+00   0.0000e+00   2.2797e-04   2.7874e+02
20191204_00:00:00   2.2050e-01   5.6526e+01   4.5942e+00   0.0000e+00   1.0164e-03   2.7903e+02
20191204_03:00:00   2.0302e-01   5.2705e+01   4.2434e+00   0.0000e+00   9.9460e-03   2.7803e+02
20191204_06:00:00   2.0076e-01   5.1879e+01   4.2759e+00   0.0000e+00   3.2293e-03   2.7804e+02
20191204_09:00:00   1.7504e-01   4.6401e+01   3.6748e+00   0.0000e+00   5.5182e-04   2.7865e+02
20191204_12:00:00   1.9324e-01   5.0266e+01   4.0437e+00   0.0000e+00   7.9662e-04   2.8050e+02
20191204_15:00:00   1.9666e-01   5.1169e+01   3.9264e+00   0.0000e+00   1.0632e-03   2.8607e+02
20191204_18:00:00   2.9791e-01   7.1873e+01   5.5711e+00   0.0000e+00   2.1425e-02   2.9103e+02
20191204_21:00:00   2.8978e-01   7.0104e+01   5.2485e+00   1.5582e-03   8.0800e-03   2.9809e+02
20191205_00:00:00   2.7286e-01   6.6438e+01   4.8272e+00   4.1207e-03   5.0970e-03   3.0883e+02
20191205_03:00:00   3.3131e-01   7.7730e+01   4.5847e+00   3.4956e-02   1.7808e-02   3.1533e+02
20191205_06:00:00   1.2849e-01   3.6031e+01   2.0379e+00   3.5764e-03   1.3703e-03   3.1615e+02
20191205_09:00:00   7.6238e-02   2.3648e+01   1.1874e+00   0.0000e+00   0.0000e+00   3.1628e+02
20191205_12:00:00   3.9637e-02   1.4426e+01   5.0822e-01   0.0000e+00   0.0000e+00   3.0844e+02
20191205_15:00:00   6.0558e-02   1.9603e+01   9.7303e-01   0.0000e+00   0.0000e+00   3.0864e+02
20191205_18:00:00   7.3534e-02   2.2706e+01   1.2632e+00   0.0000e+00   0.0000e+00   3.0275e+02
20191205_21:00:00   5.2947e-02   1.7756e+01   8.1851e-01   0.0000e+00   0.0000e+00   2.9628e+02
20191206_00:00:00   4.6635e-02   1.6222e+01   6.7962e-01   0.0000e+00   0.0000e+00   2.9838e+02
20191206_03:00:00   4.7394e-02   1.6397e+01   7.0132e-01   0.0000e+00   0.0000e+00   3.0728e+02
20191206_06:00:00   5.1972e-02   1.7591e+01   7.9544e-01   0.0000e+00   0.0000e+00   3.1097e+02
20191206_09:00:00   6.0803e-02   1.9654e+01   1.0333e+00   0.0000e+00   1.5073e-04   3.0296e+02
20191206_12:00:00   8.3205e-02   2.4863e+01   1.5914e+00   0.0000e+00   3.7261e-03   3.0206e+02
20191206_15:00:00   1.0630e-01   3.0152e+01   2.1290e+00   0.0000e+00   5.5719e-03   2.9756e+02
20191206_18:00:00   1.2561e-01   3.4578e+01   2.5424e+00   0.0000e+00   3.0081e-03   2.9793e+02
20191206_21:00:00   1.0809e-01   3.0787e+01   2.1388e+00   0.0000e+00   1.1538e-03   2.9324e+02
20191207_00:00:00   1.1896e-01   3.3252e+01   2.4365e+00   0.0000e+00   6.0447e-04   2.9400e+02
20191207_03:00:00   1.3446e-01   3.6925e+01   2.7765e+00   0.0000e+00   1.0777e-05   2.9141e+02
20191207_06:00:00   1.4871e-01   4.0270e+01   3.0853e+00   0.0000e+00   1.6750e-04   2.8880e+02
20191207_09:00:00   1.7646e-01   4.6367e+01   3.7516e+00   0.0000e+00   0.0000e+00   2.8218e+02
20191207_12:00:00   2.1923e-01   5.5580e+01   4.7372e+00   0.0000e+00   2.3237e-05   2.8151e+02
20191207_15:00:00   2.8546e-01   6.9287e+01   6.1371e+00   0.0000e+00   4.6000e-06   2.7826e+02
20191207_18:00:00   3.4515e-01   8.0999e+01   7.3418e+00   0.0000e+00   0.0000e+00   2.7489e+02
20191207_21:00:00   4.1063e-01   9.2989e+01   8.6592e+00   0.0000e+00   1.6398e-05   2.7086e+02
20191208_00:00:00   4.3670e-01   9.7408e+01   9.2619e+00   0.0000e+00   1.8435e-04   2.6730e+02
