#            date       tau225        Tb[K]      pwv[mm] lwp[kg*m^-2] iwp[kg*m^-2]       o3[DU]
20191105_06:00:00   2.7827e-01   6.9862e+01   5.1552e+00   0.0000e+00   0.0000e+00   2.6951e+02
20191105_07:00:00   2.7738e-01   6.9642e+01   5.1118e+00   0.0000e+00   0.0000e+00   2.7032e+02
20191105_08:00:00   2.7031e-01   6.8174e+01   4.9512e+00   0.0000e+00   0.0000e+00   2.7134e+02
20191105_09:00:00   2.7601e-01   6.9271e+01   5.0434e+00   0.0000e+00   1.4775e-05   2.7217e+02
20191105_10:00:00   2.8238e-01   7.0520e+01   5.1446e+00   0.0000e+00   3.4140e-07   2.7222e+02
20191105_11:00:00   2.8495e-01   7.1034e+01   5.1819e+00   0.0000e+00   8.3810e-06   2.7232e+02
20191105_12:00:00   2.8444e-01   7.0966e+01   5.1569e+00   0.0000e+00   5.6440e-06   2.7319e+02
20191105_13:00:00   2.8382e-01   7.0870e+01   5.1338e+00   0.0000e+00   2.2091e-05   2.7395e+02
20191105_14:00:00   3.0586e-01   7.5218e+01   5.3888e+00   3.0931e-03   1.9880e-04   2.7407e+02
20191105_15:00:00   3.3203e-01   8.0234e+01   5.5559e+00   1.0796e-02   5.6204e-04   2.7247e+02
20191105_16:00:00   2.9892e-01   7.3867e+01   5.3486e+00   1.7573e-03   3.9381e-04   2.7192e+02
20191105_17:00:00   2.7331e-01   6.8816e+01   4.9544e+00   2.3610e-04   2.9181e-05   2.7131e+02
20191105_18:00:00   2.6676e-01   6.7519e+01   4.8628e+00   0.0000e+00   0.0000e+00   2.7099e+02
20191105_19:00:00   2.9716e-01   7.3610e+01   5.4425e+00   0.0000e+00   1.6426e-05   2.7048e+02
20191105_20:00:00   3.6554e-01   8.6680e+01   6.2887e+00   9.5690e-03   5.6430e-04   2.7024e+02
20191105_21:00:00   3.6729e-01   8.6980e+01   6.5752e+00   4.7190e-03   4.4780e-04   2.7023e+02
20191105_22:00:00   3.8009e-01   8.9291e+01   6.8272e+00   5.0090e-03   1.6241e-03   2.7062e+02
20191105_23:00:00   4.0447e-01   9.3643e+01   7.3880e+00   3.8072e-03   2.4303e-03   2.6978e+02
20191106_00:00:00   3.9777e-01   9.2355e+01   7.5837e+00   1.1215e-04   7.3609e-03   2.6936e+02
20191106_01:00:00   4.2351e-01   9.6840e+01   8.1024e+00   0.0000e+00   7.9108e-03   2.6968e+02
20191106_02:00:00   3.9932e-01   9.2755e+01   7.5751e+00   0.0000e+00   7.8094e-03   2.6976e+02
20191106_03:00:00   3.8766e-01   9.0644e+01   7.4243e+00   0.0000e+00   2.5277e-02   2.7110e+02
20191106_04:00:00   3.9637e-01   9.2077e+01   7.6372e+00   0.0000e+00   3.3603e-02   2.7103e+02
20191106_05:00:00   4.1124e-01   9.4276e+01   8.1333e+00   0.0000e+00   1.0138e-01   2.7230e+02
20191106_06:00:00   4.3443e-01   9.8158e+01   8.7270e+00   0.0000e+00   2.4602e-02   2.7443e+02
20191106_07:00:00   3.9893e-01   9.1877e+01   8.1244e+00   0.0000e+00   5.4363e-03   2.7578e+02
20191106_08:00:00   4.2349e-01   9.6078e+01   8.6396e+00   0.0000e+00   1.0087e-02   2.7743e+02
20191106_09:00:00   4.2659e-01   9.6576e+01   8.7025e+00   2.6940e-04   1.0075e-02   2.7875e+02
20191106_10:00:00   4.6362e-01   1.0259e+02   9.4548e+00   1.7070e-05   4.4087e-02   2.7764e+02
20191106_11:00:00   4.9051e-01   1.0685e+02   9.9104e+00   0.0000e+00   1.2866e-01   2.7604e+02
20191106_12:00:00   4.9530e-01   1.0762e+02   9.9762e+00   0.0000e+00   1.0569e-01   2.7614e+02
20191106_13:00:00   5.1301e-01   1.1034e+02   1.0183e+01   0.0000e+00   3.1248e-01   2.7385e+02
20191106_14:00:00   4.8067e-01   1.0540e+02   9.6733e+00   0.0000e+00   5.6594e-02   2.7178e+02
20191106_15:00:00   4.8379e-01   1.0591e+02   9.6842e+00   0.0000e+00   1.0569e-01   2.7245e+02
20191106_16:00:00   5.1292e-01   1.1056e+02   1.0219e+01   8.0830e-05   7.4914e-02   2.7369e+02
20191106_17:00:00   4.6531e-01   1.0318e+02   9.2304e+00   1.8820e-04   2.5597e-02   2.7362e+02
20191106_18:00:00   4.6074e-01   1.0256e+02   9.0441e+00   0.0000e+00   3.8710e-03   2.7271e+02
20191106_19:00:00   4.5442e-01   1.0144e+02   8.8911e+00   0.0000e+00   1.8290e-02   2.7480e+02
20191106_20:00:00   4.3120e-01   9.7581e+01   8.4027e+00   0.0000e+00   1.2253e-02   2.7465e+02
20191106_21:00:00   3.7972e-01   8.8706e+01   7.3508e+00   2.4510e-04   7.9981e-04   2.7400e+02
20191106_22:00:00   5.2309e-01   1.1356e+02   7.0446e+00   6.0367e-02   9.8920e-03   2.7222e+02
20191106_23:00:00   5.6438e-01   1.1970e+02   6.8890e+00   8.0508e-02   5.1520e-03   2.7093e+02
20191107_00:00:00   6.2521e-01   1.2828e+02   6.7929e+00   1.1095e-01   3.7486e-02   2.6970e+02
20191107_01:00:00   2.8508e-01   7.1160e+01   4.9239e+00   5.9870e-03   5.1893e-03   2.6995e+02
20191107_02:00:00   2.3049e-01   5.9888e+01   4.2034e+00   0.0000e+00   5.1314e-03   2.7032e+02
20191107_03:00:00   2.0717e-01   5.4743e+01   3.8563e+00   0.0000e+00   3.2419e-03   2.6934e+02
20191107_04:00:00   1.8765e-01   5.0483e+01   3.4342e+00   0.0000e+00   2.9003e-03   2.6880e+02
20191107_05:00:00   1.6577e-01   4.5543e+01   3.0197e+00   0.0000e+00   3.0927e-03   2.6932e+02
20191107_06:00:00   1.5130e-01   4.2161e+01   2.7815e+00   0.0000e+00   5.4048e-03   2.6945e+02
20191107_07:00:00   1.4364e-01   4.0321e+01   2.6877e+00   0.0000e+00   4.9519e-03   2.6880e+02
20191107_08:00:00   1.4832e-01   4.1342e+01   2.8095e+00   0.0000e+00   7.0494e-03   2.6647e+02
20191107_09:00:00   1.2984e-01   3.7068e+01   2.4769e+00   0.0000e+00   5.3315e-03   2.6593e+02
20191107_10:00:00   1.2055e-01   3.4854e+01   2.3108e+00   0.0000e+00   6.0300e-03   2.6558e+02
20191107_11:00:00   1.1240e-01   3.2870e+01   2.1685e+00   0.0000e+00   8.7202e-03   2.6636e+02
20191107_12:00:00   1.0664e-01   3.1452e+01   2.0727e+00   0.0000e+00   1.0802e-02   2.6620e+02
20191107_13:00:00   1.0854e-01   3.1868e+01   2.1334e+00   0.0000e+00   8.4570e-03   2.6739e+02
20191107_14:00:00   1.1316e-01   3.2985e+01   2.2260e+00   0.0000e+00   1.5182e-02   2.6666e+02
20191107_15:00:00   1.1501e-01   3.3419e+01   2.2674e+00   0.0000e+00   1.2963e-02   2.6783e+02
20191107_16:00:00   1.0879e-01   3.1955e+01   2.1359e+00   0.0000e+00   2.2179e-02   2.6691e+02
20191107_17:00:00   1.0398e-01   3.0818e+01   2.0294e+00   0.0000e+00   1.2411e-02   2.6640e+02
20191107_18:00:00   1.0615e-01   3.1312e+01   2.0700e+00   0.0000e+00   2.1454e-02   2.6562e+02
20191107_19:00:00   1.1466e-01   3.3361e+01   2.2412e+00   0.0000e+00   2.2315e-02   2.6571e+02
20191107_20:00:00   1.2903e-01   3.6720e+01   2.5380e+00   0.0000e+00   2.7416e-02   2.6369e+02
20191107_21:00:00   1.4079e-01   3.9439e+01   2.7893e+00   0.0000e+00   2.6885e-02   2.6221e+02
20191107_22:00:00   1.5763e-01   4.3176e+01   3.1581e+00   0.0000e+00   5.7062e-02   2.6235e+02
20191107_23:00:00   1.5947e-01   4.3543e+01   3.2353e+00   0.0000e+00   3.6444e-02   2.6400e+02
20191108_00:00:00   1.6498e-01   4.4783e+01   3.3403e+00   0.0000e+00   2.5736e-02   2.6482e+02
20191108_01:00:00   1.5745e-01   4.3065e+01   3.1880e+00   0.0000e+00   4.7974e-02   2.6228e+02
20191108_02:00:00   1.6426e-01   4.4598e+01   3.3182e+00   0.0000e+00   5.7516e-02   2.5829e+02
20191108_03:00:00   1.8633e-01   4.9519e+01   3.7655e+00   0.0000e+00   4.7007e-02   2.5755e+02
20191108_04:00:00   1.7690e-01   4.7426e+01   3.5843e+00   0.0000e+00   4.8198e-02   2.6049e+02
20191108_05:00:00   1.8475e-01   4.9073e+01   3.7747e+00   0.0000e+00   5.4423e-02   2.6142e+02
20191108_06:00:00   1.8929e-01   4.9979e+01   3.8595e+00   0.0000e+00   1.2559e-01   2.6041e+02
20191108_07:00:00   2.1354e-01   5.5207e+01   4.3389e+00   0.0000e+00   1.2594e-01   2.5861e+02
20191108_08:00:00   2.2120e-01   5.6839e+01   4.4428e+00   0.0000e+00   1.8753e-01   2.5852e+02
20191108_09:00:00   2.2574e-01   5.7737e+01   4.5805e+00   0.0000e+00   1.6010e-01   2.5880e+02
20191108_10:00:00   2.2753e-01   5.8027e+01   4.6555e+00   0.0000e+00   1.6955e-01   2.5880e+02
20191108_11:00:00   2.2494e-01   5.7572e+01   4.6286e+00   0.0000e+00   9.2579e-02   2.5929e+02
20191108_12:00:00   2.0253e-01   5.2843e+01   4.2021e+00   0.0000e+00   3.2832e-02   2.5827e+02
20191108_13:00:00   1.9512e-01   5.1163e+01   4.0727e+00   0.0000e+00   5.7392e-02   2.5813e+02
20191108_14:00:00   1.8596e-01   4.9148e+01   3.9183e+00   0.0000e+00   2.9624e-02   2.5807e+02
20191108_15:00:00   1.8515e-01   4.8932e+01   3.9264e+00   0.0000e+00   2.6794e-02   2.5781e+02
20191108_16:00:00   1.9296e-01   5.0640e+01   4.1035e+00   0.0000e+00   1.3056e-02   2.5740e+02
20191108_17:00:00   1.9278e-01   5.0654e+01   4.0985e+00   0.0000e+00   8.8577e-03   2.5592e+02
20191108_18:00:00   1.9924e-01   5.2016e+01   4.2479e+00   0.0000e+00   1.9146e-02   2.5546e+02
20191108_19:00:00   1.8909e-01   4.9908e+01   4.0389e+00   0.0000e+00   1.0006e-03   2.5588e+02
20191108_20:00:00   1.8923e-01   5.0018e+01   4.0274e+00   0.0000e+00   1.9112e-04   2.5384e+02
20191108_21:00:00   2.0317e-01   5.2848e+01   4.3811e+00   0.0000e+00   9.3985e-03   2.5383e+02
20191108_22:00:00   2.1133e-01   5.4613e+01   4.5692e+00   0.0000e+00   6.7804e-03   2.5578e+02
20191108_23:00:00   2.3716e-01   5.9927e+01   5.1382e+00   0.0000e+00   3.4338e-02   2.5789e+02
20191109_00:00:00   2.5103e-01   6.2685e+01   5.4452e+00   0.0000e+00   9.3321e-02   2.5856e+02
20191109_01:00:00   2.7667e-01   6.8135e+01   5.9343e+00   0.0000e+00   2.2873e-02   2.5851e+02
20191109_02:00:00   3.1504e-01   7.5984e+01   6.6355e+00   0.0000e+00   9.8626e-03   2.6038e+02
20191109_03:00:00   3.4825e-01   8.2523e+01   7.2403e+00   0.0000e+00   3.0737e-03   2.6188e+02
20191109_04:00:00   3.8699e-01   8.9766e+01   7.9383e+00   0.0000e+00   1.5496e-04   2.6146e+02
20191109_05:00:00   4.1089e-01   9.4109e+01   8.3450e+00   7.0055e-04   1.9361e-04   2.5822e+02
20191109_06:00:00   5.0436e-01   1.1000e+02   9.0522e+00   2.2713e-02   2.9596e-04   2.5909e+02
20191109_07:00:00   6.5748e-01   1.3301e+02   1.0186e+01   5.8888e-02   8.1122e-04   2.6194e+02
20191109_08:00:00   7.4217e-01   1.4427e+02   1.0525e+01   8.4735e-02   5.5000e-04   2.6112e+02
20191109_09:00:00   7.4756e-01   1.4496e+02   1.0465e+01   8.7332e-02   7.7422e-04   2.6036e+02
20191109_10:00:00   6.4752e-01   1.3164e+02   1.0351e+01   4.7695e-02   1.4400e-03   2.5961e+02
20191109_11:00:00   6.0646e-01   1.2577e+02   1.0495e+01   2.6916e-02   4.2070e-03   2.6051e+02
20191109_12:00:00   5.7199e-01   1.2071e+02   1.0675e+01   7.5460e-03   3.3653e-03   2.5793e+02
20191109_13:00:00   5.5449e-01   1.1809e+02   1.0606e+01   1.4958e-03   2.9813e-03   2.5776e+02
20191109_14:00:00   5.5426e-01   1.1805e+02   1.0591e+01   2.5215e-03   9.1203e-04   2.5676e+02
20191109_15:00:00   5.4751e-01   1.1702e+02   1.0537e+01   1.0114e-03   6.7308e-03   2.5598e+02
20191109_16:00:00   5.3150e-01   1.1465e+02   1.0271e+01   0.0000e+00   5.7847e-05   2.5701e+02
20191109_17:00:00   5.2195e-01   1.1319e+02   1.0094e+01   0.0000e+00   0.0000e+00   2.5667e+02
20191109_18:00:00   5.1190e-01   1.1165e+02   9.9086e+00   0.0000e+00   0.0000e+00   2.5694e+02
20191109_19:00:00   4.9769e-01   1.0940e+02   9.6656e+00   0.0000e+00   0.0000e+00   2.5752e+02
20191109_20:00:00   4.8758e-01   1.0775e+02   9.4941e+00   0.0000e+00   2.7638e-04   2.5592e+02
20191109_21:00:00   4.6882e-01   1.0469e+02   9.1372e+00   0.0000e+00   1.4512e-05   2.5491e+02
20191109_22:00:00   4.4151e-01   1.0015e+02   8.6213e+00   0.0000e+00   2.2080e-06   2.5623e+02
20191109_23:00:00   4.2396e-01   9.7134e+01   8.3031e+00   0.0000e+00   3.1760e-04   2.5507e+02
20191110_00:00:00   4.0075e-01   9.3047e+01   7.8975e+00   0.0000e+00   3.0576e-05   2.5328e+02
20191110_01:00:00   3.8432e-01   9.0085e+01   7.6162e+00   0.0000e+00   1.2251e-04   2.5308e+02
20191110_02:00:00   3.7810e-01   8.8919e+01   7.5097e+00   0.0000e+00   1.2376e-03   2.5068e+02
20191110_03:00:00   3.7329e-01   8.8048e+01   7.3914e+00   0.0000e+00   3.0347e-03   2.5012e+02
20191110_04:00:00   3.6761e-01   8.7026e+01   7.2738e+00   0.0000e+00   2.9504e-03   2.4843e+02
20191110_05:00:00   3.5748e-01   8.5165e+01   7.0637e+00   0.0000e+00   5.9039e-04   2.4705e+02
20191110_06:00:00   3.4648e-01   8.3183e+01   6.8290e+00   0.0000e+00   2.9760e-05   2.4742e+02
20191110_09:00:00   3.1992e-01   7.8150e+01   6.2783e+00   0.0000e+00   1.8424e-03   2.4924e+02
20191110_12:00:00   2.6699e-01   6.7395e+01   5.3528e+00   0.0000e+00   7.2360e-05   2.4996e+02
20191110_15:00:00   2.4449e-01   6.2715e+01   4.8738e+00   0.0000e+00   1.3761e-04   2.4998e+02
20191110_18:00:00   2.5499e-01   6.4810e+01   5.0430e+00   0.0000e+00   7.2577e-06   2.5158e+02
20191110_21:00:00   3.1823e-01   7.7773e+01   5.2413e+00   1.9157e-02   1.2218e-04   2.5158e+02
20191111_00:00:00   2.9575e-01   7.3235e+01   5.2069e+00   1.1171e-02   4.1349e-04   2.5609e+02
20191111_03:00:00   2.4271e-01   6.2225e+01   4.8074e+00   0.0000e+00   0.0000e+00   2.5295e+02
20191111_06:00:00   2.7557e-01   6.9080e+01   5.2636e+00   2.8619e-04   0.0000e+00   2.4969e+02
20191111_09:00:00   3.5696e-01   8.4957e+01   5.7717e+00   2.0336e-02   8.5926e-05   2.5057e+02
20191111_12:00:00   4.7409e-01   1.0561e+02   5.8028e+00   6.7372e-02   1.9623e-04   2.5142e+02
20191111_15:00:00   5.9755e-01   1.2479e+02   6.1869e+00   1.0986e-01   5.4841e-04   2.5360e+02
20191111_18:00:00   7.0444e-01   1.3971e+02   6.1939e+00   1.5481e-01   2.6100e-03   2.5438e+02
20191111_21:00:00   2.8370e-01   7.0718e+01   5.2614e+00   1.3363e-03   0.0000e+00   2.5576e+02
20191112_00:00:00   2.6404e-01   6.6067e+01   5.2318e+00   2.5180e-03   1.0089e-03   2.5921e+02
20191112_03:00:00   3.1463e-01   7.6393e+01   6.2567e+00   0.0000e+00   1.7882e-04   2.6202e+02
20191112_06:00:00   2.6206e-01   6.6443e+01   4.9621e+00   0.0000e+00   5.1066e-04   2.6288e+02
20191112_09:00:00   2.1018e-01   5.5557e+01   3.9691e+00   0.0000e+00   5.1869e-03   2.6368e+02
20191112_12:00:00   1.8541e-01   5.0126e+01   3.4789e+00   0.0000e+00   3.5317e-03   2.6208e+02
20191112_15:00:00   1.5038e-01   4.2226e+01   2.8078e+00   0.0000e+00   6.9027e-03   2.6479e+02
20191112_18:00:00   1.1086e-01   3.2896e+01   2.0636e+00   0.0000e+00   4.2578e-03   2.6873e+02
20191112_21:00:00   9.4362e-02   2.8876e+01   1.7368e+00   0.0000e+00   3.9443e-03   2.6911e+02
20191113_00:00:00   8.5598e-02   2.6639e+01   1.5694e+00   0.0000e+00   7.4864e-03   2.6771e+02
20191113_03:00:00   1.2921e-01   3.7362e+01   2.4495e+00   0.0000e+00   5.3872e-03   2.7260e+02
20191113_06:00:00   1.4392e-01   4.0780e+01   2.7403e+00   0.0000e+00   2.6235e-03   2.7472e+02
20191113_09:00:00   1.3798e-01   3.9364e+01   2.6086e+00   0.0000e+00   3.3420e-04   2.7786e+02
20191113_12:00:00   1.2580e-01   3.6405e+01   2.3899e+00   0.0000e+00   0.0000e+00   2.7539e+02
20191113_15:00:00   1.1664e-01   3.4121e+01   2.2397e+00   0.0000e+00   0.0000e+00   2.7462e+02
20191113_18:00:00   1.2283e-01   3.5562e+01   2.3883e+00   0.0000e+00   0.0000e+00   2.7247e+02
20191113_21:00:00   1.3240e-01   3.7853e+01   2.5606e+00   0.0000e+00   0.0000e+00   2.6953e+02
20191114_00:00:00   1.2361e-01   3.5806e+01   2.3644e+00   0.0000e+00   0.0000e+00   2.6886e+02
20191114_03:00:00   1.4539e-01   4.1024e+01   2.7695e+00   0.0000e+00   0.0000e+00   2.7196e+02
20191114_06:00:00   1.4788e-01   4.1621e+01   2.7965e+00   0.0000e+00   0.0000e+00   2.6623e+02
20191114_09:00:00   1.3995e-01   3.9741e+01   2.6491e+00   0.0000e+00   0.0000e+00   2.6465e+02
20191114_12:00:00   1.2803e-01   3.6925e+01   2.4117e+00   0.0000e+00   0.0000e+00   2.6473e+02
20191114_15:00:00   1.1627e-01   3.4135e+01   2.1673e+00   0.0000e+00   0.0000e+00   2.6726e+02
20191114_18:00:00   1.1783e-01   3.4495e+01   2.2265e+00   0.0000e+00   0.0000e+00   2.6678e+02
20191114_21:00:00   1.3482e-01   3.8552e+01   2.5566e+00   0.0000e+00   0.0000e+00   2.6942e+02
20191115_00:00:00   1.3229e-01   3.7989e+01   2.4927e+00   0.0000e+00   0.0000e+00   2.6928e+02
20191115_03:00:00   1.2770e-01   3.6658e+01   2.5030e+00   0.0000e+00   1.1254e-04   2.6824e+02
20191115_06:00:00   1.4955e-01   4.1294e+01   3.1218e+00   0.0000e+00   7.5521e-03   2.6907e+02
20191115_09:00:00   1.6390e-01   4.4267e+01   3.5098e+00   0.0000e+00   7.5245e-04   2.6857e+02
20191115_12:00:00   1.4188e-01   3.9538e+01   2.9217e+00   0.0000e+00   0.0000e+00   2.6748e+02
20191115_15:00:00   1.1600e-01   3.3736e+01   2.2615e+00   0.0000e+00   0.0000e+00   2.6913e+02
20191115_18:00:00   1.0726e-01   3.1639e+01   2.0618e+00   0.0000e+00   0.0000e+00   2.6827e+02
20191115_21:00:00   1.0601e-01   3.1328e+01   2.0229e+00   0.0000e+00   0.0000e+00   2.6673e+02
20191116_00:00:00   1.0226e-01   3.0342e+01   1.9728e+00   0.0000e+00   0.0000e+00   2.6426e+02
20191116_03:00:00   1.1299e-01   3.2933e+01   2.1976e+00   0.0000e+00   0.0000e+00   2.6310e+02
20191116_06:00:00   1.1351e-01   3.3146e+01   2.1787e+00   0.0000e+00   0.0000e+00   2.6234e+02
20191116_09:00:00   1.1762e-01   3.4234e+01   2.2168e+00   0.0000e+00   0.0000e+00   2.6283e+02
20191116_12:00:00   1.2636e-01   3.6375e+01   2.3589e+00   0.0000e+00   0.0000e+00   2.6317e+02
20191116_15:00:00   1.3008e-01   3.7291e+01   2.4213e+00   0.0000e+00   0.0000e+00   2.6425e+02
20191116_18:00:00   1.6248e-01   4.4809e+01   3.0203e+00   0.0000e+00   0.0000e+00   2.6627e+02
20191116_21:00:00   1.6460e-01   4.5308e+01   3.0769e+00   0.0000e+00   0.0000e+00   2.6432e+02
20191117_00:00:00   1.4257e-01   4.0255e+01   2.6887e+00   0.0000e+00   0.0000e+00   2.6374e+02
20191117_03:00:00   1.6060e-01   4.4187e+01   3.1363e+00   0.0000e+00   2.8675e-05   2.6497e+02
20191117_06:00:00   1.5581e-01   4.3006e+01   3.0931e+00   0.0000e+00   0.0000e+00   2.6692e+02
20191117_09:00:00   1.4838e-01   4.1487e+01   2.8540e+00   0.0000e+00   0.0000e+00   2.7072e+02
20191117_12:00:00   1.6552e-01   4.5131e+01   3.3119e+00   0.0000e+00   0.0000e+00   2.7044e+02
20191117_15:00:00   1.9266e-01   5.0867e+01   3.9969e+00   0.0000e+00   0.0000e+00   2.6957e+02
20191117_18:00:00   1.6269e-01   4.4341e+01   3.3168e+00   0.0000e+00   0.0000e+00   2.6911e+02
20191117_21:00:00   2.1429e-01   5.6005e+01   4.0990e+00   0.0000e+00   0.0000e+00   2.6948e+02
20191118_00:00:00   2.1484e-01   5.5973e+01   4.1571e+00   0.0000e+00   3.7660e-07   2.6537e+02
20191118_03:00:00   2.4843e-01   6.2990e+01   4.6267e+00   2.5110e-03   5.7120e-05   2.6328e+02
20191118_06:00:00   2.8559e-01   7.0383e+01   5.5059e+00   1.2627e-03   1.4559e-04   2.6375e+02
20191118_09:00:00   4.8204e-01   1.0521e+02   9.1445e+00   6.5210e-03   7.9195e-02   2.6364e+02
20191118_12:00:00   1.1075e+00   1.8189e+02   1.0001e+01   2.4987e-01   1.3673e-01   2.6284e+02
20191118_15:00:00   1.8306e+00   2.2945e+02   8.6293e+00   5.7343e-01   4.1497e-03   2.6369e+02
20191118_18:00:00   1.7202e+00   2.2322e+02   1.1656e+01   4.6090e-01   1.0806e+00   2.6781e+02
20191118_21:00:00   2.4687e+00   2.4865e+02   1.1440e+01   7.8996e-01   8.0574e-01   2.6942e+02
20191119_00:00:00   8.8633e-01   1.5932e+02   1.0319e+01   1.4381e-01   8.9687e-01   2.6619e+02
20191119_03:00:00   4.7387e-01   1.0337e+02   8.4262e+00   1.6885e-02   6.8026e-03   2.6724e+02
20191119_06:00:00   3.8435e-01   8.8508e+01   6.2515e+00   2.2647e-02   1.2770e-04   2.6585e+02
20191119_09:00:00   1.6565e-01   4.5110e+01   2.9892e+00   5.3230e-04   0.0000e+00   2.6338e+02
20191119_12:00:00   1.3712e-01   3.8230e+01   2.6925e+00   0.0000e+00   5.3513e-04   2.6134e+02
20191119_15:00:00   1.7166e-01   4.5695e+01   3.3613e+00   3.7100e-03   7.8969e-03   2.6005e+02
20191119_18:00:00   1.3393e-01   3.7103e+01   2.8052e+00   0.0000e+00   1.5633e-02   2.6108e+02
20191119_21:00:00   1.4655e-01   4.0181e+01   2.8566e+00   2.8980e-03   2.1271e-02   2.5966e+02
20191120_00:00:00   1.5276e-01   4.1906e+01   2.7476e+00   5.6680e-03   4.2516e-04   2.5765e+02
20191120_03:00:00   1.5927e-01   4.3297e+01   3.1282e+00   1.8710e-03   2.2119e-04   2.5388e+02
20191120_06:00:00   1.3959e-01   3.8671e+01   2.9039e+00   0.0000e+00   0.0000e+00   2.5337e+02
20191120_09:00:00   1.5034e-01   4.0944e+01   3.1734e+00   0.0000e+00   0.0000e+00   2.5457e+02
20191120_12:00:00   1.6274e-01   4.3751e+01   3.4083e+00   0.0000e+00   0.0000e+00   2.5669e+02
20191120_15:00:00   1.4608e-01   4.0362e+01   2.9008e+00   0.0000e+00   0.0000e+00   2.5953e+02
20191120_18:00:00   1.4786e-01   4.0787e+01   2.9149e+00   0.0000e+00   0.0000e+00   2.6050e+02
20191120_21:00:00   1.7265e-01   4.6410e+01   3.3480e+00   0.0000e+00   0.0000e+00   2.6285e+02
20191121_00:00:00   1.7606e-01   4.7157e+01   3.3849e+00   0.0000e+00   0.0000e+00   2.6031e+02
20191121_03:00:00   1.4832e-01   4.0937e+01   2.8233e+00   0.0000e+00   0.0000e+00   2.5912e+02
20191121_06:00:00   1.4640e-01   4.0491e+01   2.7868e+00   0.0000e+00   0.0000e+00   2.6226e+02
