#            date       tau225        Tb[K]      pwv[mm] lwp[kg*m^-2] iwp[kg*m^-2]       o3[DU]
20191125_00:00:00   1.6597e-01   4.5035e+01   3.7495e+00   0.0000e+00   0.0000e+00   2.6393e+02
20191125_01:00:00   1.4042e-01   3.9247e+01   3.2008e+00   0.0000e+00   0.0000e+00   2.6488e+02
20191125_02:00:00   1.3156e-01   3.7158e+01   3.0048e+00   0.0000e+00   0.0000e+00   2.6471e+02
20191125_03:00:00   1.4490e-01   4.0178e+01   3.3134e+00   0.0000e+00   2.0900e-08   2.6289e+02
20191125_04:00:00   1.5790e-01   4.3078e+01   3.5862e+00   0.0000e+00   0.0000e+00   2.6303e+02
20191125_05:00:00   1.4770e-01   4.0766e+01   3.3385e+00   0.0000e+00   0.0000e+00   2.6359e+02
20191125_06:00:00   1.2322e-01   3.5168e+01   2.7713e+00   0.0000e+00   0.0000e+00   2.6306e+02
20191125_07:00:00   1.0106e-01   2.9935e+01   2.2681e+00   0.0000e+00   0.0000e+00   2.6345e+02
20191125_08:00:00   8.4469e-02   2.5928e+01   1.8917e+00   0.0000e+00   0.0000e+00   2.6445e+02
20191125_09:00:00   7.3926e-02   2.3346e+01   1.6458e+00   0.0000e+00   9.4775e-06   2.6471e+02
20191125_10:00:00   6.8673e-02   2.2057e+01   1.5190e+00   0.0000e+00   9.4828e-05   2.6454e+02
20191125_11:00:00   6.4545e-02   2.1050e+01   1.4122e+00   0.0000e+00   8.1310e-05   2.6426e+02
20191125_12:00:00   6.1749e-02   2.0391e+01   1.3255e+00   0.0000e+00   4.5661e-05   2.6421e+02
20191125_13:00:00   5.2530e-02   1.8099e+01   1.0833e+00   0.0000e+00   5.1382e-04   2.6491e+02
20191125_14:00:00   5.7494e-02   1.9397e+01   1.1985e+00   0.0000e+00   2.0921e-03   2.6549e+02
20191125_15:00:00   6.1301e-02   2.0368e+01   1.2963e+00   0.0000e+00   2.7784e-03   2.6501e+02
20191125_16:00:00   6.5004e-02   2.1315e+01   1.3892e+00   0.0000e+00   1.8706e-03   2.6361e+02
20191125_17:00:00   6.3196e-02   2.0867e+01   1.3486e+00   0.0000e+00   1.0230e-03   2.6287e+02
20191125_18:00:00   6.5197e-02   2.1369e+01   1.3998e+00   0.0000e+00   1.0744e-03   2.6176e+02
20191125_19:00:00   7.2914e-02   2.3286e+01   1.5922e+00   0.0000e+00   1.7129e-03   2.6142e+02
20191125_20:00:00   1.0968e-01   3.2126e+01   2.4820e+00   0.0000e+00   3.3491e-03   2.6161e+02
20191125_21:00:00   1.7396e-01   4.6656e+01   3.7200e+00   4.4424e-03   4.0908e-03   2.6118e+02
20191125_22:00:00   1.7100e-01   4.6128e+01   3.6632e+00   1.0510e-03   6.9981e-03   2.6087e+02
20191125_23:00:00   1.2823e-01   3.6470e+01   2.7816e+00   1.8328e-05   1.7280e-03   2.6095e+02
20191126_00:00:00   1.0639e-01   3.1317e+01   2.3068e+00   0.0000e+00   2.6794e-03   2.6029e+02
20191126_01:00:00   9.1790e-02   2.7798e+01   1.9873e+00   0.0000e+00   4.0926e-03   2.5978e+02
20191126_02:00:00   8.3870e-02   2.5855e+01   1.8193e+00   0.0000e+00   4.5901e-03   2.5836e+02
20191126_03:00:00   7.0377e-02   2.2546e+01   1.5164e+00   0.0000e+00   3.4947e-03   2.5740e+02
20191126_04:00:00   5.9613e-02   1.9839e+01   1.2716e+00   0.0000e+00   5.1657e-03   2.5723e+02
20191126_05:00:00   5.1877e-02   1.7872e+01   1.0848e+00   0.0000e+00   3.2199e-03   2.5804e+02
20191126_06:00:00   5.1284e-02   1.7712e+01   1.0699e+00   0.0000e+00   1.3892e-03   2.5749e+02
20191126_07:00:00   5.2786e-02   1.8104e+01   1.0993e+00   0.0000e+00   6.6680e-05   2.5573e+02
20191126_08:00:00   5.1637e-02   1.7815e+01   1.0679e+00   0.0000e+00   6.2280e-05   2.5588e+02
20191126_09:00:00   4.8951e-02   1.7118e+01   1.0089e+00   0.0000e+00   1.1586e-05   2.5624e+02
20191126_10:00:00   4.7612e-02   1.6734e+01   9.8739e-01   0.0000e+00   6.0280e-05   2.5737e+02
20191126_11:00:00   4.5700e-02   1.6216e+01   9.4736e-01   0.0000e+00   2.3622e-04   2.5825e+02
20191126_12:00:00   4.6054e-02   1.6310e+01   9.5279e-01   0.0000e+00   8.9746e-04   2.5893e+02
20191126_13:00:00   4.2877e-02   1.5504e+01   8.6847e-01   0.0000e+00   2.0195e-04   2.5870e+02
20191126_14:00:00   4.3604e-02   1.5705e+01   8.8471e-01   0.0000e+00   2.8095e-04   2.5850e+02
20191126_15:00:00   4.8003e-02   1.6853e+01   9.9455e-01   0.0000e+00   2.3628e-03   2.5782e+02
20191126_16:00:00   4.7586e-02   1.6770e+01   9.7898e-01   0.0000e+00   1.6215e-03   2.5693e+02
20191126_17:00:00   4.7658e-02   1.6800e+01   9.8085e-01   0.0000e+00   3.6856e-04   2.5669e+02
20191126_18:00:00   5.4535e-02   1.8556e+01   1.1576e+00   0.0000e+00   2.4356e-03   2.5595e+02
20191126_19:00:00   6.9829e-02   2.2403e+01   1.5357e+00   0.0000e+00   3.1557e-03   2.5521e+02
20191126_20:00:00   8.2646e-02   2.5520e+01   1.8568e+00   0.0000e+00   3.4399e-03   2.5488e+02
20191126_21:00:00   8.5471e-02   2.6181e+01   1.9198e+00   0.0000e+00   6.3356e-03   2.5449e+02
20191126_22:00:00   7.7257e-02   2.4179e+01   1.7103e+00   0.0000e+00   3.6101e-03   2.5333e+02
20191126_23:00:00   7.3554e-02   2.3332e+01   1.5885e+00   0.0000e+00   6.1420e-04   2.5228e+02
20191127_00:00:00   5.9180e-02   1.9802e+01   1.2284e+00   0.0000e+00   5.9464e-05   2.5117e+02
20191127_01:00:00   4.7013e-02   1.6704e+01   9.3194e-01   0.0000e+00   3.0300e-04   2.5216e+02
20191127_02:00:00   4.0865e-02   1.5098e+01   7.9000e-01   0.0000e+00   1.7550e-04   2.5273e+02
20191127_03:00:00   3.6346e-02   1.3883e+01   6.8415e-01   0.0000e+00   1.2965e-04   2.5325e+02
20191127_04:00:00   3.4612e-02   1.3413e+01   6.4152e-01   0.0000e+00   1.0877e-04   2.5384e+02
20191127_05:00:00   3.2148e-02   1.2739e+01   5.7950e-01   0.0000e+00   7.0910e-05   2.5467e+02
20191127_06:00:00   2.9984e-02   1.2140e+01   5.2474e-01   0.0000e+00   3.2780e-05   2.5546e+02
20191127_07:00:00   2.7684e-02   1.1502e+01   4.6852e-01   0.0000e+00   2.5952e-05   2.5469e+02
20191127_08:00:00   2.7216e-02   1.1351e+01   4.6242e-01   0.0000e+00   1.4179e-05   2.5359e+02
20191127_09:00:00   2.6991e-02   1.1288e+01   4.5789e-01   0.0000e+00   1.7220e-05   2.5365e+02
20191127_10:00:00   2.6825e-02   1.1239e+01   4.5414e-01   0.0000e+00   3.5263e-05   2.5382e+02
20191127_11:00:00   2.5826e-02   1.0971e+01   4.2659e-01   0.0000e+00   3.8443e-05   2.5324e+02
20191127_12:00:00   2.6580e-02   1.1186e+01   4.4359e-01   0.0000e+00   3.2630e-06   2.5221e+02
20191127_13:00:00   2.6923e-02   1.1280e+01   4.5334e-01   0.0000e+00   0.0000e+00   2.5159e+02
20191127_14:00:00   3.0572e-02   1.2260e+01   5.5215e-01   0.0000e+00   0.0000e+00   2.5137e+02
20191127_15:00:00   3.3766e-02   1.3124e+01   6.3466e-01   0.0000e+00   6.5780e-06   2.5139e+02
20191127_16:00:00   3.5263e-02   1.3539e+01   6.6982e-01   0.0000e+00   3.1950e-07   2.5034e+02
20191127_17:00:00   3.5395e-02   1.3567e+01   6.7799e-01   0.0000e+00   2.0673e-05   2.4821e+02
20191127_18:00:00   3.4291e-02   1.3288e+01   6.4851e-01   0.0000e+00   4.5830e-05   2.4830e+02
20191127_19:00:00   3.6454e-02   1.3873e+01   7.0366e-01   0.0000e+00   7.7814e-05   2.4783e+02
20191127_20:00:00   5.4645e-02   1.8614e+01   1.1652e+00   0.0000e+00   3.9010e-05   2.4773e+02
20191127_21:00:00   7.7346e-02   2.4275e+01   1.7327e+00   0.0000e+00   3.8636e-05   2.4743e+02
20191127_22:00:00   8.9168e-02   2.7127e+01   2.0195e+00   0.0000e+00   2.4663e-04   2.4761e+02
20191127_23:00:00   8.2429e-02   2.5532e+01   1.8123e+00   0.0000e+00   1.4009e-05   2.4842e+02
20191128_00:00:00   7.0918e-02   2.2669e+01   1.5402e+00   0.0000e+00   1.0885e-04   2.4952e+02
20191128_01:00:00   5.9312e-02   1.9770e+01   1.2540e+00   0.0000e+00   1.4694e-03   2.5040e+02
20191128_02:00:00   5.5463e-02   1.8783e+01   1.1677e+00   0.0000e+00   2.8282e-04   2.5029e+02
20191128_03:00:00   4.7336e-02   1.6708e+01   9.7080e-01   0.0000e+00   7.1416e-04   2.4966e+02
20191128_04:00:00   3.8880e-02   1.4495e+01   7.6446e-01   0.0000e+00   2.2257e-05   2.5011e+02
20191128_05:00:00   3.1131e-02   1.2426e+01   5.6889e-01   0.0000e+00   2.3457e-07   2.4996e+02
20191128_06:00:00   2.8269e-02   1.1631e+01   4.9743e-01   0.0000e+00   1.0996e-06   2.5018e+02
20191128_07:00:00   2.6124e-02   1.1015e+01   4.4736e-01   0.0000e+00   1.5775e-04   2.5057e+02
20191128_08:00:00   2.4148e-02   1.0494e+01   3.8806e-01   0.0000e+00   0.0000e+00   2.5048e+02
20191128_09:00:00   2.3884e-02   1.0430e+01   3.7873e-01   0.0000e+00   0.0000e+00   2.5020e+02
20191128_10:00:00   2.2936e-02   1.0185e+01   3.4680e-01   0.0000e+00   1.1594e-05   2.5095e+02
20191128_11:00:00   2.2557e-02   1.0089e+01   3.3440e-01   0.0000e+00   0.0000e+00   2.5064e+02
20191128_12:00:00   2.3291e-02   1.0291e+01   3.5460e-01   0.0000e+00   0.0000e+00   2.5008e+02
20191128_13:00:00   2.3372e-02   1.0323e+01   3.5525e-01   0.0000e+00   0.0000e+00   2.5081e+02
20191128_14:00:00   2.5174e-02   1.0836e+01   4.0190e-01   0.0000e+00   0.0000e+00   2.5252e+02
20191128_15:00:00   2.9791e-02   1.2114e+01   5.2126e-01   0.0000e+00   0.0000e+00   2.5302e+02
20191128_16:00:00   3.3805e-02   1.3193e+01   6.2813e-01   0.0000e+00   0.0000e+00   2.5213e+02
20191128_17:00:00   3.5472e-02   1.3632e+01   6.7352e-01   0.0000e+00   0.0000e+00   2.5255e+02
20191128_18:00:00   3.5747e-02   1.3706e+01   6.8073e-01   0.0000e+00   0.0000e+00   2.5262e+02
20191128_19:00:00   3.7191e-02   1.4074e+01   7.2167e-01   0.0000e+00   1.8282e-07   2.5316e+02
20191128_20:00:00   5.2668e-02   1.8092e+01   1.1197e+00   0.0000e+00   1.3058e-07   2.5222e+02
20191128_21:00:00   7.6003e-02   2.3895e+01   1.7116e+00   0.0000e+00   0.0000e+00   2.5152e+02
20191128_22:00:00   1.0784e-01   3.1615e+01   2.4213e+00   0.0000e+00   7.7124e-05   2.5121e+02
20191128_23:00:00   1.1145e-01   3.2424e+01   2.4699e+00   0.0000e+00   1.4307e-03   2.5076e+02
20191129_00:00:00   9.9426e-02   2.9597e+01   2.1761e+00   0.0000e+00   9.2770e-04   2.5072e+02
20191129_01:00:00   7.3226e-02   2.3247e+01   1.5639e+00   0.0000e+00   2.7203e-04   2.5127e+02
20191129_02:00:00   5.3158e-02   1.8222e+01   1.1006e+00   0.0000e+00   0.0000e+00   2.5075e+02
20191129_03:00:00   4.4630e-02   1.6022e+01   9.0486e-01   0.0000e+00   0.0000e+00   2.5102e+02
20191129_04:00:00   4.3520e-02   1.5709e+01   8.8174e-01   0.0000e+00   0.0000e+00   2.5177e+02
20191129_05:00:00   4.3366e-02   1.5655e+01   8.7772e-01   0.0000e+00   0.0000e+00   2.5194e+02
20191129_06:00:00   4.1797e-02   1.5227e+01   8.4366e-01   0.0000e+00   0.0000e+00   2.5271e+02
20191129_07:00:00   4.2539e-02   1.5411e+01   8.6216e-01   0.0000e+00   3.8380e-05   2.5337e+02
20191129_08:00:00   4.0696e-02   1.4910e+01   8.2305e-01   0.0000e+00   2.2298e-05   2.5354e+02
20191129_09:00:00   3.9594e-02   1.4606e+01   8.0020e-01   0.0000e+00   3.4482e-04   2.5325e+02
20191129_10:00:00   3.7368e-02   1.4005e+01   7.4773e-01   0.0000e+00   2.6940e-04   2.5253e+02
20191129_11:00:00   3.6822e-02   1.3841e+01   7.3929e-01   0.0000e+00   1.3970e-03   2.5256e+02
20191129_12:00:00   3.9922e-02   1.4643e+01   8.1952e-01   0.0000e+00   6.0490e-03   2.5324e+02
20191129_13:00:00   4.0072e-02   1.4686e+01   8.2459e-01   0.0000e+00   4.6782e-03   2.5431e+02
20191129_14:00:00   3.8690e-02   1.4336e+01   7.8733e-01   0.0000e+00   3.8019e-03   2.5435e+02
20191129_15:00:00   4.1397e-02   1.5058e+01   8.5402e-01   0.0000e+00   2.4018e-03   2.5308e+02
20191129_16:00:00   4.7516e-02   1.6640e+01   1.0108e+00   0.0000e+00   2.1241e-03   2.5322e+02
20191129_17:00:00   5.0474e-02   1.7400e+01   1.0879e+00   0.0000e+00   1.5681e-03   2.5373e+02
20191129_18:00:00   5.1869e-02   1.7741e+01   1.1243e+00   0.0000e+00   5.8020e-03   2.5418e+02
20191129_19:00:00   6.2778e-02   2.0494e+01   1.3935e+00   0.0000e+00   1.1766e-02   2.5407e+02
20191129_20:00:00   9.1267e-02   2.7516e+01   2.0794e+00   0.0000e+00   8.7461e-03   2.5348e+02
20191129_21:00:00   1.0643e-01   3.1104e+01   2.4518e+00   0.0000e+00   4.6504e-03   2.5277e+02
20191129_22:00:00   1.0916e-01   3.1710e+01   2.5143e+00   0.0000e+00   3.7319e-03   2.5214e+02
20191129_23:00:00   1.0539e-01   3.0847e+01   2.3869e+00   0.0000e+00   1.2826e-03   2.5106e+02
20191130_00:00:00   9.0336e-02   2.7285e+01   2.0311e+00   0.0000e+00   2.0736e-03   2.5099e+02
20191130_03:00:00   5.3579e-02   1.8243e+01   1.1667e+00   0.0000e+00   7.9940e-04   2.5229e+02
20191130_06:00:00   4.6397e-02   1.6384e+01   9.8830e-01   0.0000e+00   1.2034e-04   2.4860e+02
20191130_09:00:00   4.6163e-02   1.6355e+01   9.6722e-01   0.0000e+00   0.0000e+00   2.5295e+02
20191130_12:00:00   4.4800e-02   1.5970e+01   9.4391e-01   0.0000e+00   1.2001e-03   2.5327e+02
20191130_15:00:00   6.1961e-02   2.0326e+01   1.4004e+00   0.0000e+00   7.5460e-03   2.5133e+02
20191130_18:00:00   8.5134e-02   2.6075e+01   1.9937e+00   0.0000e+00   8.0080e-03   2.5229e+02
20191130_21:00:00   8.9851e-02   2.7202e+01   2.1179e+00   0.0000e+00   1.6191e-05   2.5008e+02
20191201_00:00:00   1.0749e-01   3.1491e+01   2.5278e+00   0.0000e+00   3.6776e-05   2.4756e+02
20191201_03:00:00   1.2707e-01   3.5916e+01   3.0912e+00   0.0000e+00   2.7219e-04   2.4880e+02
20191201_06:00:00   1.2090e-01   3.4412e+01   2.9181e+00   0.0000e+00   0.0000e+00   2.5122e+02
20191201_09:00:00   1.1865e-01   3.3803e+01   2.8787e+00   0.0000e+00   5.4820e-04   2.5142e+02
20191201_12:00:00   1.2615e-01   3.5473e+01   3.0891e+00   0.0000e+00   3.1212e-03   2.5000e+02
20191201_15:00:00   1.3925e-01   3.8459e+01   3.4089e+00   0.0000e+00   2.7251e-03   2.5075e+02
20191201_18:00:00   1.3601e-01   3.7677e+01   3.3391e+00   0.0000e+00   3.1160e-02   2.5035e+02
20191201_21:00:00   1.3396e-01   3.7193e+01   3.2916e+00   0.0000e+00   6.2482e-03   2.4977e+02
20191202_00:00:00   1.0710e-01   3.1090e+01   2.5580e+00   0.0000e+00   1.8246e-03   2.5108e+02
20191202_03:00:00   7.7374e-02   2.4114e+01   1.7333e+00   0.0000e+00   5.9395e-05   2.5112e+02
20191202_06:00:00   5.8740e-02   1.9464e+01   1.2719e+00   0.0000e+00   2.0284e-03   2.5116e+02
20191202_09:00:00   4.2309e-02   1.5244e+01   8.8188e-01   0.0000e+00   3.4621e-03   2.5287e+02
20191202_12:00:00   3.3804e-02   1.3141e+01   6.3705e-01   0.0000e+00   0.0000e+00   2.5444e+02
20191202_15:00:00   3.9912e-02   1.4785e+01   7.9842e-01   0.0000e+00   1.0768e-06   2.5445e+02
20191202_18:00:00   5.1207e-02   1.7704e+01   1.0937e+00   0.0000e+00   2.9130e-03   2.5311e+02
20191202_21:00:00   5.1428e-02   1.7791e+01   1.0872e+00   0.0000e+00   2.8340e-03   2.5089e+02
20191203_00:00:00   6.5201e-02   2.1342e+01   1.4026e+00   0.0000e+00   2.8559e-03   2.5155e+02
20191203_03:00:00   5.2706e-02   1.8200e+01   1.1110e+00   0.0000e+00   1.2748e-03   2.5003e+02
20191203_06:00:00   4.9307e-02   1.7301e+01   1.0191e+00   0.0000e+00   8.8400e-04   2.5057e+02
20191203_09:00:00   5.4945e-02   1.8718e+01   1.1717e+00   0.0000e+00   1.9554e-05   2.4950e+02
20191203_12:00:00   5.9106e-02   1.9780e+01   1.2720e+00   0.0000e+00   0.0000e+00   2.5317e+02
20191203_15:00:00   6.8860e-02   2.2256e+01   1.5234e+00   0.0000e+00   0.0000e+00   2.5360e+02
20191203_18:00:00   7.2080e-02   2.3077e+01   1.5876e+00   0.0000e+00   0.0000e+00   2.5325e+02
20191203_21:00:00   7.9595e-02   2.4860e+01   1.7569e+00   0.0000e+00   0.0000e+00   2.5576e+02
20191204_00:00:00   7.3151e-02   2.3307e+01   1.5517e+00   0.0000e+00   0.0000e+00   2.5679e+02
20191204_03:00:00   6.5209e-02   2.1313e+01   1.3763e+00   0.0000e+00   6.0402e-04   2.5866e+02
20191204_06:00:00   7.0675e-02   2.2595e+01   1.5035e+00   0.0000e+00   6.6891e-05   2.6053e+02
20191204_09:00:00   6.7539e-02   2.1775e+01   1.4270e+00   0.0000e+00   3.6660e-07   2.5858e+02
20191204_12:00:00   7.1241e-02   2.2673e+01   1.5119e+00   0.0000e+00   0.0000e+00   2.5928e+02
20191204_15:00:00   8.6496e-02   2.6402e+01   1.8740e+00   0.0000e+00   0.0000e+00   2.5803e+02
20191204_18:00:00   1.0685e-01   3.1224e+01   2.3700e+00   0.0000e+00   0.0000e+00   2.5867e+02
20191204_21:00:00   8.7660e-02   2.6610e+01   1.9263e+00   0.0000e+00   0.0000e+00   2.5888e+02
20191205_00:00:00   6.6489e-02   2.1444e+01   1.4056e+00   0.0000e+00   1.0764e-04   2.6068e+02
20191205_03:00:00   6.5776e-02   2.1299e+01   1.3887e+00   0.0000e+00   0.0000e+00   2.6215e+02
20191205_06:00:00   6.2738e-02   2.0499e+01   1.3222e+00   0.0000e+00   0.0000e+00   2.5987e+02
20191205_09:00:00   7.0078e-02   2.2248e+01   1.4826e+00   0.0000e+00   0.0000e+00   2.6207e+02
20191205_12:00:00   7.0099e-02   2.2210e+01   1.4877e+00   0.0000e+00   0.0000e+00   2.6495e+02
20191205_15:00:00   9.0815e-02   2.7192e+01   1.9860e+00   0.0000e+00   0.0000e+00   2.6355e+02
20191205_18:00:00   1.0206e-01   2.9803e+01   2.2689e+00   0.0000e+00   0.0000e+00   2.6271e+02
20191205_21:00:00   1.0667e-01   3.0855e+01   2.3529e+00   0.0000e+00   0.0000e+00   2.6626e+02
20191206_00:00:00   8.4789e-02   2.5741e+01   1.7731e+00   0.0000e+00   0.0000e+00   2.6756e+02
20191206_03:00:00   7.2884e-02   2.2886e+01   1.4923e+00   0.0000e+00   0.0000e+00   2.6940e+02
20191206_06:00:00   6.6394e-02   2.1244e+01   1.3304e+00   0.0000e+00   0.0000e+00   2.7111e+02
20191206_09:00:00   6.1827e-02   2.0068e+01   1.2133e+00   0.0000e+00   0.0000e+00   2.7488e+02
20191206_12:00:00   5.0802e-02   1.7371e+01   9.5430e-01   0.0000e+00   0.0000e+00   2.7706e+02
20191206_15:00:00   6.2739e-02   2.0341e+01   1.2461e+00   0.0000e+00   0.0000e+00   2.7842e+02
20191206_18:00:00   7.1543e-02   2.2459e+01   1.4781e+00   0.0000e+00   0.0000e+00   2.7777e+02
20191206_21:00:00   9.9827e-02   2.9126e+01   2.1651e+00   0.0000e+00   1.3792e-04   2.7650e+02
20191207_00:00:00   9.0327e-02   2.7000e+01   1.8836e+00   0.0000e+00   2.0444e-05   2.7335e+02
20191207_03:00:00   8.4569e-02   2.5711e+01   1.7871e+00   0.0000e+00   0.0000e+00   2.6970e+02
20191207_06:00:00   7.7453e-02   2.3999e+01   1.6560e+00   0.0000e+00   0.0000e+00   2.6990e+02
20191207_09:00:00   8.0017e-02   2.4571e+01   1.7451e+00   0.0000e+00   0.0000e+00   2.6799e+02
20191207_12:00:00   8.0792e-02   2.4795e+01   1.7655e+00   0.0000e+00   0.0000e+00   2.6655e+02
20191207_15:00:00   9.6167e-02   2.8523e+01   2.1437e+00   0.0000e+00   0.0000e+00   2.6681e+02
20191207_18:00:00   9.3166e-02   2.7908e+01   2.0573e+00   0.0000e+00   0.0000e+00   2.6519e+02
20191207_21:00:00   7.9014e-02   2.4508e+01   1.7036e+00   0.0000e+00   0.0000e+00   2.6564e+02
20191208_00:00:00   7.4030e-02   2.3320e+01   1.5508e+00   0.0000e+00   0.0000e+00   2.6659e+02
20191208_03:00:00   6.2423e-02   2.0479e+01   1.2706e+00   0.0000e+00   0.0000e+00   2.6462e+02
20191208_06:00:00   4.3605e-02   1.5664e+01   8.3854e-01   0.0000e+00   0.0000e+00   2.6193e+02
20191208_09:00:00   4.2873e-02   1.5444e+01   8.2343e-01   0.0000e+00   0.0000e+00   2.6623e+02
20191208_12:00:00   4.8981e-02   1.6997e+01   9.7675e-01   0.0000e+00   0.0000e+00   2.6553e+02
20191208_15:00:00   6.5223e-02   2.1062e+01   1.3845e+00   0.0000e+00   0.0000e+00   2.6782e+02
20191208_18:00:00   7.2181e-02   2.2795e+01   1.5568e+00   0.0000e+00   0.0000e+00   2.6702e+02
20191208_21:00:00   1.2902e-01   3.6090e+01   2.8885e+00   0.0000e+00   2.0099e-04   2.6533e+02
20191209_00:00:00   1.0191e-01   2.9947e+01   2.1673e+00   0.0000e+00   0.0000e+00   2.6823e+02
20191209_03:00:00   6.6862e-02   2.1508e+01   1.3886e+00   0.0000e+00   0.0000e+00   2.6803e+02
20191209_06:00:00   5.9578e-02   1.9640e+01   1.2320e+00   0.0000e+00   0.0000e+00   2.6736e+02
20191209_09:00:00   5.4969e-02   1.8424e+01   1.1345e+00   0.0000e+00   0.0000e+00   2.6591e+02
20191209_12:00:00   5.3774e-02   1.8084e+01   1.1168e+00   0.0000e+00   0.0000e+00   2.6605e+02
20191209_15:00:00   6.0047e-02   1.9705e+01   1.2766e+00   0.0000e+00   0.0000e+00   2.6751e+02
20191209_18:00:00   8.5422e-02   2.6007e+01   1.8898e+00   0.0000e+00   0.0000e+00   2.6720e+02
20191209_21:00:00   1.0578e-01   3.0832e+01   2.3602e+00   0.0000e+00   3.9123e-07   2.6500e+02
20191210_00:00:00   6.0508e-02   1.9976e+01   1.2485e+00   0.0000e+00   0.0000e+00   2.6065e+02
20191210_03:00:00   4.3147e-02   1.5604e+01   8.2906e-01   0.0000e+00   0.0000e+00   2.6115e+02
20191210_06:00:00   3.9538e-02   1.4611e+01   7.4889e-01   0.0000e+00   0.0000e+00   2.6168e+02
20191210_09:00:00   3.5064e-02   1.3414e+01   6.4044e-01   0.0000e+00   1.7926e-03   2.5942e+02
20191210_12:00:00   3.3068e-02   1.2892e+01   5.9066e-01   0.0000e+00   1.8362e-03   2.5911e+02
20191210_15:00:00   4.2344e-02   1.5326e+01   8.3919e-01   0.0000e+00   3.1974e-03   2.5691e+02
20191210_18:00:00   5.9797e-02   1.9839e+01   1.2714e+00   0.0000e+00   1.7054e-03   2.5419e+02
20191210_21:00:00   8.1388e-02   2.5068e+01   1.8099e+00   0.0000e+00   9.3241e-05   2.5512e+02
20191211_00:00:00   4.7648e-02   1.6672e+01   9.6886e-01   0.0000e+00   3.7743e-03   2.5381e+02
