#            date       tau225        Tb[K]      pwv[mm] lwp[kg*m^-2] iwp[kg*m^-2]       o3[DU]
20191006_18:00:00   5.0922e-02   1.7415e+01   9.7155e-01   0.0000e+00   0.0000e+00   2.7134e+02
20191006_19:00:00   4.8764e-02   1.6886e+01   9.1614e-01   0.0000e+00   0.0000e+00   2.7207e+02
20191006_20:00:00   4.1195e-02   1.4962e+01   7.3872e-01   0.0000e+00   0.0000e+00   2.7389e+02
20191006_21:00:00   0.0000e+00   2.7000e+00   0.0000e+00   0.0000e+00   0.0000e+00   0.0000e+00
20191006_23:00:00   3.0044e-02   1.2068e+01   4.6923e-01   0.0000e+00   0.0000e+00   2.7199e+02
20191007_00:00:00   3.8366e-02   1.4380e+01   6.0799e-01   0.0000e+00   0.0000e+00   2.7221e+02
20191007_01:00:00   0.0000e+00   2.7000e+00   0.0000e+00   0.0000e+00   0.0000e+00   0.0000e+00
20191007_02:00:00   3.1565e-02   1.2473e+01   5.0794e-01   0.0000e+00   0.0000e+00   2.6985e+02
20191007_04:00:00   0.0000e+00   2.7000e+00   0.0000e+00   0.0000e+00   0.0000e+00   0.0000e+00
20191007_05:00:00   9.5762e-01   1.6876e+02   9.5443e+00   2.2201e-01   2.1327e-03   2.5656e+02
20191007_06:00:00   2.9482e-02   1.1924e+01   4.5915e-01   0.0000e+00   0.0000e+00   2.7075e+02
20191007_07:00:00   0.0000e+00   0.0000e+00   0.0000e+00   0.0000e+00   0.0000e+00   0.0000e+00
20191007_08:00:00   0.0000e+00   2.7000e+00   0.0000e+00   0.0000e+00   0.0000e+00   0.0000e+00
20191007_09:00:00   0.0000e+00   0.0000e+00   0.0000e+00   0.0000e+00   0.0000e+00   0.0000e+00
20191007_10:00:00   0.0000e+00   2.7000e+00   0.0000e+00   0.0000e+00   0.0000e+00   0.0000e+00
20191007_11:00:00   0.0000e+00   2.7000e+00   0.0000e+00   0.0000e+00   0.0000e+00   0.0000e+00
20191007_12:00:00   0.0000e+00   0.0000e+00   0.0000e+00   0.0000e+00   0.0000e+00   0.0000e+00
20191007_13:00:00   3.0187e-02   1.2081e+01   4.9226e-01   0.0000e+00   0.0000e+00   2.6741e+02
20191007_14:00:00   0.0000e+00   0.0000e+00   0.0000e+00   0.0000e+00   0.0000e+00   0.0000e+00
20191007_15:00:00   0.0000e+00   0.0000e+00   0.0000e+00   0.0000e+00   0.0000e+00   0.0000e+00
20191007_16:00:00   0.0000e+00   2.7000e+00   0.0000e+00   0.0000e+00   0.0000e+00   0.0000e+00
20191007_17:00:00   5.5436e-02   1.8592e+01   1.1290e+00   0.0000e+00   0.0000e+00   2.6363e+02
20191007_18:00:00   0.0000e+00   0.0000e+00   0.0000e+00   0.0000e+00   0.0000e+00   0.0000e+00
20191007_19:00:00   7.3621e-02   2.3051e+01   1.5827e+00   0.0000e+00   0.0000e+00   2.6304e+02
20191007_20:00:00   0.0000e+00   2.7000e+00   0.0000e+00   0.0000e+00   0.0000e+00   0.0000e+00
20191007_22:00:00   0.0000e+00   2.7000e+00   0.0000e+00   0.0000e+00   0.0000e+00   0.0000e+00
20191007_23:00:00   0.0000e+00   0.0000e+00   0.0000e+00   0.0000e+00   0.0000e+00   0.0000e+00
20191008_00:00:00   0.0000e+00   2.7000e+00   0.0000e+00   0.0000e+00   0.0000e+00   0.0000e+00
20191008_01:00:00   5.8894e-02   1.9342e+01   1.2423e+00   0.0000e+00   0.0000e+00   2.6406e+02
20191008_02:00:00   5.6707e-02   1.8827e+01   1.1865e+00   0.0000e+00   0.0000e+00   2.6417e+02
20191008_03:00:00   0.0000e+00   2.7000e+00   0.0000e+00   0.0000e+00   0.0000e+00   0.0000e+00
20191008_05:00:00   0.0000e+00   0.0000e+00   0.0000e+00   0.0000e+00   0.0000e+00   0.0000e+00
20191008_06:00:00   0.0000e+00   0.0000e+00   0.0000e+00   0.0000e+00   0.0000e+00   0.0000e+00
20191008_07:00:00   0.0000e+00   2.7000e+00   0.0000e+00   0.0000e+00   0.0000e+00   0.0000e+00
20191008_08:00:00   5.3899e-02   1.8092e+01   1.1203e+00   0.0000e+00   0.0000e+00   2.6302e+02
20191008_09:00:00   5.3712e-02   1.8041e+01   1.1164e+00   0.0000e+00   0.0000e+00   2.6453e+02
20191008_10:00:00   0.0000e+00   0.0000e+00   0.0000e+00   0.0000e+00   0.0000e+00   0.0000e+00
20191008_11:00:00   1.0704e-01   3.1701e+01   2.2120e+00   0.0000e+00   0.0000e+00   2.7125e+02
20191008_12:00:00   0.0000e+00   0.0000e+00   0.0000e+00   0.0000e+00   0.0000e+00   0.0000e+00
20191008_13:00:00   4.5804e-02   1.6178e+01   8.9379e-01   0.0000e+00   0.0000e+00   2.6952e+02
20191008_14:00:00   4.6999e-02   1.6503e+01   9.2222e-01   0.0000e+00   0.0000e+00   2.6766e+02
20191008_15:00:00   0.0000e+00   0.0000e+00   0.0000e+00   0.0000e+00   0.0000e+00   0.0000e+00
20191008_16:00:00   6.5586e-02   2.1148e+01   1.3982e+00   0.0000e+00   0.0000e+00   2.6505e+02
20191008_17:00:00   0.0000e+00   0.0000e+00   0.0000e+00   0.0000e+00   0.0000e+00   0.0000e+00
20191008_18:00:00   0.0000e+00   2.7000e+00   0.0000e+00   0.0000e+00   0.0000e+00   0.0000e+00
20191008_19:00:00   9.1398e-02   2.7380e+01   2.0641e+00   0.0000e+00   0.0000e+00   2.6264e+02
20191008_20:00:00   0.0000e+00   0.0000e+00   0.0000e+00   0.0000e+00   0.0000e+00   0.0000e+00
20191008_21:00:00   0.0000e+00   0.0000e+00   0.0000e+00   0.0000e+00   0.0000e+00   0.0000e+00
20191008_23:00:00   8.9756e-02   2.6956e+01   2.0265e+00   0.0000e+00   0.0000e+00   2.6075e+02
20191009_00:00:00   7.7767e-02   2.4141e+01   1.7134e+00   0.0000e+00   0.0000e+00   2.5901e+02
20191009_01:00:00   6.7864e-02   2.1770e+01   1.4583e+00   0.0000e+00   0.0000e+00   2.5857e+02
20191009_02:00:00   7.0068e-02   2.2299e+01   1.5228e+00   0.0000e+00   0.0000e+00   2.5823e+02
20191009_03:00:00   4.5803e-01   1.0626e+02   9.1595e+00   0.0000e+00   0.0000e+00   2.6002e+02
20191009_06:00:00   0.0000e+00   0.0000e+00   0.0000e+00   0.0000e+00   0.0000e+00   0.0000e+00
20191009_07:00:00   5.9650e-02   1.9751e+01   1.2713e+00   0.0000e+00   0.0000e+00   2.6207e+02
20191009_08:00:00   5.6843e-02   1.9045e+01   1.2005e+00   0.0000e+00   0.0000e+00   2.6342e+02
20191009_10:00:00   5.3266e-02   1.8045e+01   1.1363e+00   0.0000e+00   0.0000e+00   2.6320e+02
20191009_11:00:00   0.0000e+00   2.7000e+00   0.0000e+00   0.0000e+00   0.0000e+00   0.0000e+00
20191009_12:00:00   5.0347e-02   1.7286e+01   1.0667e+00   0.0000e+00   0.0000e+00   2.6186e+02
20191009_13:00:00   0.0000e+00   0.0000e+00   0.0000e+00   0.0000e+00   0.0000e+00   0.0000e+00
20191009_14:00:00   0.0000e+00   0.0000e+00   0.0000e+00   0.0000e+00   0.0000e+00   0.0000e+00
20191009_15:00:00   5.7164e-02   1.9111e+01   1.2294e+00   0.0000e+00   0.0000e+00   2.6007e+02
20191009_16:00:00   0.0000e+00   0.0000e+00   0.0000e+00   0.0000e+00   0.0000e+00   0.0000e+00
20191009_18:00:00   0.0000e+00   0.0000e+00   0.0000e+00   0.0000e+00   0.0000e+00   0.0000e+00
20191009_19:00:00   9.2912e-02   2.7749e+01   2.1856e+00   0.0000e+00   0.0000e+00   2.5686e+02
20191009_20:00:00   0.0000e+00   2.7000e+00   0.0000e+00   0.0000e+00   0.0000e+00   0.0000e+00
20191009_21:00:00   0.0000e+00   0.0000e+00   0.0000e+00   0.0000e+00   0.0000e+00   0.0000e+00
20191009_22:00:00   9.1325e-02   2.7387e+01   2.1403e+00   0.0000e+00   0.0000e+00   2.5633e+02
20191010_00:00:00   8.4356e-02   2.5671e+01   1.9631e+00   0.0000e+00   0.0000e+00   2.5597e+02
20191010_03:00:00   0.0000e+00   0.0000e+00   0.0000e+00   0.0000e+00   0.0000e+00   0.0000e+00
20191010_04:00:00   9.0522e-02   2.7120e+01   2.1132e+00   0.0000e+00   0.0000e+00   2.5625e+02
20191010_05:00:00   0.0000e+00   0.0000e+00   0.0000e+00   0.0000e+00   0.0000e+00   0.0000e+00
20191010_06:00:00   8.6320e-02   2.6182e+01   1.9892e+00   0.0000e+00   0.0000e+00   2.5605e+02
20191010_07:00:00   8.0011e-02   2.4693e+01   1.8240e+00   0.0000e+00   0.0000e+00   2.5542e+02
20191010_08:00:00   7.4561e-02   2.3408e+01   1.6771e+00   0.0000e+00   0.0000e+00   2.5724e+02
20191010_09:00:00   6.9948e-02   2.2306e+01   1.5518e+00   0.0000e+00   0.0000e+00   2.5879e+02
20191010_10:00:00   0.0000e+00   0.0000e+00   0.0000e+00   0.0000e+00   0.0000e+00   0.0000e+00
20191010_11:00:00   6.4861e-02   2.1055e+01   1.4212e+00   0.0000e+00   0.0000e+00   2.6163e+02
20191010_12:00:00   0.0000e+00   0.0000e+00   0.0000e+00   0.0000e+00   0.0000e+00   0.0000e+00
20191010_13:00:00   6.5501e-02   2.1250e+01   1.4341e+00   0.0000e+00   0.0000e+00   2.5900e+02
20191010_14:00:00   7.2041e-02   2.2876e+01   1.6021e+00   0.0000e+00   0.0000e+00   2.5837e+02
20191010_15:00:00   8.3523e-02   2.5667e+01   1.9016e+00   0.0000e+00   0.0000e+00   2.5825e+02
20191010_16:00:00   1.0344e-01   3.0342e+01   2.4233e+00   0.0000e+00   0.0000e+00   2.5755e+02
20191010_17:00:00   3.7054e-01   8.9233e+01   7.8372e+00   0.0000e+00   8.4420e-05   2.6041e+02
20191010_18:00:00   1.2978e-01   3.6313e+01   3.1024e+00   4.7980e-04   3.3993e-03   2.5587e+02
20191010_19:00:00   1.2644e-01   3.5618e+01   3.0320e+00   0.0000e+00   1.3555e-03   2.5581e+02
20191010_20:00:00   0.0000e+00   0.0000e+00   0.0000e+00   0.0000e+00   0.0000e+00   0.0000e+00
20191010_21:00:00   2.2833e-01   5.9323e+01   5.2036e+00   0.0000e+00   0.0000e+00   2.5732e+02
20191010_22:00:00   0.0000e+00   0.0000e+00   0.0000e+00   0.0000e+00   0.0000e+00   0.0000e+00
20191010_23:00:00   3.0339e-01   7.4511e+01   6.8012e+00   0.0000e+00   6.9260e-05   2.5747e+02
20191011_00:00:00   1.8493e-01   4.8878e+01   4.3423e+00   1.1992e-03   6.3081e-03   2.5764e+02
20191011_01:00:00   1.4225e-01   3.8846e+01   3.4176e+00   0.0000e+00   4.0912e-02   2.5767e+02
20191011_02:00:00   0.0000e+00   0.0000e+00   0.0000e+00   0.0000e+00   0.0000e+00   0.0000e+00
20191011_03:00:00   0.0000e+00   2.7000e+00   0.0000e+00   0.0000e+00   0.0000e+00   0.0000e+00
20191011_04:00:00   1.4662e-01   4.0192e+01   3.4554e+00   0.0000e+00   0.0000e+00   2.5871e+02
20191011_06:00:00   0.0000e+00   0.0000e+00   0.0000e+00   0.0000e+00   0.0000e+00   0.0000e+00
20191011_07:00:00   1.2725e-01   3.5754e+01   3.0187e+00   0.0000e+00   2.2260e-04   2.5862e+02
20191011_08:00:00   1.2327e-01   3.4794e+01   2.9293e+00   0.0000e+00   1.3048e-04   2.5757e+02
20191011_09:00:00   0.0000e+00   0.0000e+00   0.0000e+00   0.0000e+00   0.0000e+00   0.0000e+00
20191011_10:00:00   1.0832e-01   3.1368e+01   2.5609e+00   0.0000e+00   0.0000e+00   2.5764e+02
20191011_11:00:00   0.0000e+00   0.0000e+00   0.0000e+00   0.0000e+00   0.0000e+00   0.0000e+00
20191011_12:00:00   1.0730e-01   3.1107e+01   2.5432e+00   0.0000e+00   0.0000e+00   2.5906e+02
20191011_13:00:00   0.0000e+00   0.0000e+00   0.0000e+00   0.0000e+00   0.0000e+00   0.0000e+00
20191011_14:00:00   0.0000e+00   0.0000e+00   0.0000e+00   0.0000e+00   0.0000e+00   0.0000e+00
20191011_15:00:00   0.0000e+00   0.0000e+00   0.0000e+00   0.0000e+00   0.0000e+00   0.0000e+00
20191011_16:00:00   0.0000e+00   0.0000e+00   0.0000e+00   0.0000e+00   0.0000e+00   0.0000e+00
20191011_17:00:00   1.5571e-01   4.2117e+01   3.6132e+00   3.3580e-03   2.8801e-03   2.5721e+02
20191011_18:00:00   0.0000e+00   0.0000e+00   0.0000e+00   0.0000e+00   0.0000e+00   0.0000e+00
20191011_21:00:00   1.4690e-01   4.0190e+01   3.5350e+00   0.0000e+00   2.8207e-04   2.5676e+02
20191012_00:00:00   0.0000e+00   0.0000e+00   0.0000e+00   0.0000e+00   0.0000e+00   0.0000e+00
20191012_03:00:00   1.9470e-01   5.0244e+01   4.6562e+00   0.0000e+00   1.0136e-01   2.5837e+02
20191012_06:00:00   1.4820e-01   4.0675e+01   3.5045e+00   0.0000e+00   0.0000e+00   2.5632e+02
20191012_09:00:00   1.4483e-01   3.9991e+01   3.3798e+00   0.0000e+00   0.0000e+00   2.5820e+02
20191012_12:00:00   1.2984e-01   3.6688e+01   2.9799e+00   0.0000e+00   0.0000e+00   2.5866e+02
20191012_15:00:00   0.0000e+00   2.7000e+00   0.0000e+00   0.0000e+00   0.0000e+00   0.0000e+00
20191012_18:00:00   0.0000e+00   0.0000e+00   0.0000e+00   0.0000e+00   0.0000e+00   0.0000e+00
20191012_21:00:00   9.9201e-02   2.9541e+01   2.2275e+00   0.0000e+00   0.0000e+00   2.5613e+02
20191013_00:00:00   7.9287e-02   2.4699e+01   1.7566e+00   0.0000e+00   0.0000e+00   2.5900e+02
20191013_03:00:00   0.0000e+00   0.0000e+00   0.0000e+00   0.0000e+00   0.0000e+00   0.0000e+00
20191013_06:00:00   1.2025e-01   3.4258e+01   2.8048e+00   0.0000e+00   0.0000e+00   2.5802e+02
20191013_09:00:00   1.1882e-01   3.3860e+01   2.7555e+00   0.0000e+00   0.0000e+00   2.5650e+02
20191013_12:00:00   0.0000e+00   0.0000e+00   0.0000e+00   0.0000e+00   0.0000e+00   0.0000e+00
20191013_15:00:00   1.1953e-01   3.4095e+01   2.7608e+00   0.0000e+00   0.0000e+00   2.5892e+02
20191013_18:00:00   0.0000e+00   0.0000e+00   0.0000e+00   0.0000e+00   0.0000e+00   0.0000e+00
20191013_21:00:00   1.3466e-01   3.7476e+01   3.1747e+00   0.0000e+00   0.0000e+00   2.5945e+02
20191014_00:00:00   1.6119e-01   4.3124e+01   3.9028e+00   0.0000e+00   6.5210e-04   2.6255e+02
20191014_03:00:00   0.0000e+00   0.0000e+00   0.0000e+00   0.0000e+00   0.0000e+00   0.0000e+00
20191014_06:00:00   0.0000e+00   0.0000e+00   0.0000e+00   0.0000e+00   0.0000e+00   0.0000e+00
20191014_09:00:00   1.9966e-01   5.1557e+01   4.5103e+00   0.0000e+00   1.3675e-02   2.5981e+02
20191014_12:00:00   0.0000e+00   2.7000e+00   0.0000e+00   0.0000e+00   0.0000e+00   0.0000e+00
20191014_15:00:00   8.8290e-02   2.6740e+01   1.8503e+00   0.0000e+00   0.0000e+00   2.6435e+02
20191014_18:00:00   1.1984e-01   3.4032e+01   2.6184e+00   0.0000e+00   0.0000e+00   2.6522e+02
20191014_21:00:00   0.0000e+00   2.7000e+00   0.0000e+00   0.0000e+00   0.0000e+00   0.0000e+00
20191015_00:00:00   7.3709e-02   2.3098e+01   1.5372e+00   0.0000e+00   0.0000e+00   2.6294e+02
20191015_03:00:00   0.0000e+00   0.0000e+00   0.0000e+00   0.0000e+00   0.0000e+00   0.0000e+00
20191015_06:00:00   4.4250e-02   1.5831e+01   8.5302e-01   0.0000e+00   0.0000e+00   2.6128e+02
20191015_09:00:00   3.9437e-02   1.4585e+01   7.4250e-01   0.0000e+00   0.0000e+00   2.6463e+02
20191015_12:00:00   0.0000e+00   0.0000e+00   0.0000e+00   0.0000e+00   0.0000e+00   0.0000e+00
20191015_15:00:00   0.0000e+00   0.0000e+00   0.0000e+00   0.0000e+00   0.0000e+00   0.0000e+00
20191015_18:00:00   5.9238e-02   1.9646e+01   1.2493e+00   0.0000e+00   0.0000e+00   2.6018e+02
20191015_21:00:00   1.6851e-01   4.6599e+01   3.6166e+00   0.0000e+00   0.0000e+00   2.5882e+02
20191016_00:00:00   0.0000e+00   0.0000e+00   0.0000e+00   0.0000e+00   0.0000e+00   0.0000e+00
20191016_03:00:00   5.1912e-02   1.7760e+01   1.0757e+00   0.0000e+00   0.0000e+00   2.5926e+02
20191016_06:00:00   4.9311e-02   1.7065e+01   1.0156e+00   0.0000e+00   0.0000e+00   2.5726e+02
20191016_12:00:00   5.1079e-02   1.7457e+01   1.0708e+00   0.0000e+00   0.0000e+00   2.5875e+02
20191016_15:00:00   5.5173e-02   1.8524e+01   1.1694e+00   0.0000e+00   0.0000e+00   2.5943e+02
20191016_18:00:00   6.4263e-02   2.0835e+01   1.3925e+00   0.0000e+00   0.0000e+00   2.5821e+02
20191016_21:00:00   0.0000e+00   0.0000e+00   0.0000e+00   0.0000e+00   0.0000e+00   0.0000e+00
20191017_00:00:00   6.1944e-02   2.0177e+01   1.3428e+00   0.0000e+00   0.0000e+00   2.5795e+02
20191017_03:00:00   5.3109e-02   1.7991e+01   1.1328e+00   0.0000e+00   0.0000e+00   2.5504e+02
20191017_09:00:00   0.0000e+00   0.0000e+00   0.0000e+00   0.0000e+00   0.0000e+00   0.0000e+00
20191017_12:00:00   4.6265e-02   1.6227e+01   9.5962e-01   0.0000e+00   5.6783e-05   2.5418e+02
20191017_15:00:00   4.9628e-02   1.7125e+01   1.0392e+00   0.0000e+00   1.2584e-06   2.5363e+02
20191017_18:00:00   0.0000e+00   0.0000e+00   0.0000e+00   0.0000e+00   0.0000e+00   0.0000e+00
20191017_21:00:00   0.0000e+00   0.0000e+00   0.0000e+00   0.0000e+00   0.0000e+00   0.0000e+00
20191018_00:00:00   0.0000e+00   0.0000e+00   0.0000e+00   0.0000e+00   0.0000e+00   0.0000e+00
20191018_03:00:00   9.0429e-02   2.7878e+01   1.7836e+00   0.0000e+00   5.4667e-04   2.5333e+02
20191018_06:00:00   0.0000e+00   2.7000e+00   0.0000e+00   0.0000e+00   0.0000e+00   0.0000e+00
20191018_09:00:00   4.1373e-02   1.5035e+01   8.1774e-01   0.0000e+00   2.4105e-03   2.5410e+02
20191018_12:00:00   3.9220e-02   1.4428e+01   7.7690e-01   0.0000e+00   3.2944e-03   2.5350e+02
20191018_15:00:00   4.4316e-02   1.5766e+01   9.0790e-01   0.0000e+00   7.2041e-05   2.5180e+02
20191018_18:00:00   6.7608e-02   2.1645e+01   1.4826e+00   0.0000e+00   2.2808e-03   2.5176e+02
20191018_21:00:00   0.0000e+00   0.0000e+00   0.0000e+00   0.0000e+00   0.0000e+00   0.0000e+00
20191019_00:00:00   5.3165e-02   1.7990e+01   1.1261e+00   0.0000e+00   3.5214e-03   2.5520e+02
20191019_03:00:00   5.6575e-02   1.8803e+01   1.2161e+00   0.0000e+00   4.0767e-03   2.5342e+02
20191019_09:00:00   5.1494e-02   1.7444e+01   1.0851e+00   0.0000e+00   1.6488e-04   2.5535e+02
20191019_12:00:00   0.0000e+00   0.0000e+00   0.0000e+00   0.0000e+00   0.0000e+00   0.0000e+00
20191019_15:00:00   0.0000e+00   0.0000e+00   0.0000e+00   0.0000e+00   0.0000e+00   0.0000e+00
20191019_18:00:00   0.0000e+00   2.7000e+00   0.0000e+00   0.0000e+00   0.0000e+00   0.0000e+00
20191019_21:00:00   6.8186e-02   2.1561e+01   1.4449e+00   0.0000e+00   3.8995e-05   2.5656e+02
20191020_00:00:00   5.1733e-02   1.7527e+01   1.0242e+00   0.0000e+00   0.0000e+00   2.5751e+02
20191020_03:00:00   3.0428e-02   1.2089e+01   5.1776e-01   0.0000e+00   0.0000e+00   2.6026e+02
20191020_06:00:00   0.0000e+00   0.0000e+00   0.0000e+00   0.0000e+00   0.0000e+00   0.0000e+00
20191020_09:00:00   2.7544e-02   1.1271e+01   4.4440e-01   0.0000e+00   1.4950e-03   2.6282e+02
20191020_12:00:00   0.0000e+00   0.0000e+00   0.0000e+00   0.0000e+00   0.0000e+00   0.0000e+00
20191020_15:00:00   5.2450e-02   1.7656e+01   1.0067e+00   0.0000e+00   0.0000e+00   2.7052e+02
20191020_18:00:00   0.0000e+00   0.0000e+00   0.0000e+00   0.0000e+00   0.0000e+00   0.0000e+00
20191020_21:00:00   4.3510e-02   1.5418e+01   7.8594e-01   0.0000e+00   0.0000e+00   2.7498e+02
20191021_00:00:00   2.9235e-02   1.1793e+01   4.4483e-01   0.0000e+00   0.0000e+00   2.7846e+02
20191021_03:00:00   2.2884e-02   1.0106e+01   2.9822e-01   0.0000e+00   0.0000e+00   2.7666e+02
20191021_06:00:00   2.3846e-02   1.0347e+01   3.2635e-01   0.0000e+00   0.0000e+00   2.7499e+02
20191021_09:00:00   0.0000e+00   0.0000e+00   0.0000e+00   0.0000e+00   0.0000e+00   0.0000e+00
20191021_12:00:00   3.3186e-02   1.2751e+01   5.6641e-01   0.0000e+00   0.0000e+00   2.7887e+02
20191021_15:00:00   0.0000e+00   0.0000e+00   0.0000e+00   0.0000e+00   0.0000e+00   0.0000e+00
20191021_18:00:00   4.3471e-02   1.5368e+01   8.4171e-01   0.0000e+00   0.0000e+00   2.7275e+02
20191021_21:00:00   0.0000e+00   0.0000e+00   0.0000e+00   0.0000e+00   0.0000e+00   0.0000e+00
20191022_00:00:00   0.0000e+00   2.7000e+00   0.0000e+00   0.0000e+00   0.0000e+00   0.0000e+00
20191022_03:00:00   5.1860e-02   1.7567e+01   1.0599e+00   0.0000e+00   0.0000e+00   2.6859e+02
20191022_06:00:00   0.0000e+00   0.0000e+00   0.0000e+00   0.0000e+00   0.0000e+00   0.0000e+00
20191022_09:00:00   0.0000e+00   0.0000e+00   0.0000e+00   0.0000e+00   0.0000e+00   0.0000e+00
20191022_12:00:00   1.2224e-06   2.7010e+00   0.0000e+00   0.0000e+00   0.0000e+00   5.3651e+00
20191022_15:00:00   6.2346e-02   2.0073e+01   1.3817e+00   0.0000e+00   0.0000e+00   2.6839e+02
20191022_18:00:00   5.5832e-02   1.8554e+01   1.1974e+00   0.0000e+00   1.0506e-05   2.7071e+02
