#            date       tau225        Tb[K]      pwv[mm] lwp[kg*m^-2] iwp[kg*m^-2]       o3[DU]
20191028_18:00:00   3.7741e-02   1.4152e+01   7.4474e-01   0.0000e+00   2.6700e-04   2.5335e+02
20191028_19:00:00   3.3766e-02   1.3091e+01   6.4084e-01   0.0000e+00   5.7940e-05   2.5312e+02
20191028_20:00:00   3.2880e-02   1.2850e+01   6.1831e-01   0.0000e+00   0.0000e+00   2.5309e+02
20191028_21:00:00   3.3631e-02   1.3041e+01   6.3870e-01   0.0000e+00   0.0000e+00   2.5289e+02
20191028_22:00:00   3.6104e-02   1.3709e+01   7.0172e-01   0.0000e+00   0.0000e+00   2.5288e+02
20191028_23:00:00   4.1046e-02   1.5054e+01   8.2086e-01   0.0000e+00   0.0000e+00   2.5377e+02
20191029_00:00:00   4.2057e-02   1.5322e+01   8.4367e-01   0.0000e+00   1.9188e-05   2.5611e+02
20191029_01:00:00   3.7971e-02   1.4236e+01   7.4420e-01   0.0000e+00   7.8780e-04   2.5636e+02
20191029_02:00:00   3.5727e-02   1.3629e+01   6.8876e-01   0.0000e+00   4.4180e-04   2.5647e+02
20191029_03:00:00   3.4802e-02   1.3366e+01   6.6659e-01   0.0000e+00   1.3432e-04   2.5724e+02
20191029_04:00:00   3.4620e-02   1.3303e+01   6.6311e-01   0.0000e+00   4.3340e-05   2.5831e+02
20191029_05:00:00   3.4142e-02   1.3171e+01   6.5070e-01   0.0000e+00   2.5860e-04   2.5699e+02
20191029_06:00:00   3.2359e-02   1.2695e+01   6.0309e-01   0.0000e+00   3.0560e-04   2.5287e+02
20191029_07:00:00   3.0168e-02   1.2111e+01   5.4451e-01   0.0000e+00   8.0580e-06   2.5119e+02
20191029_08:00:00   2.9096e-02   1.1811e+01   5.1722e-01   0.0000e+00   2.9054e-06   2.5134e+02
20191029_09:00:00   2.9295e-02   1.1852e+01   5.2440e-01   0.0000e+00   6.0375e-07   2.5066e+02
20191029_10:00:00   2.9758e-02   1.1962e+01   5.3819e-01   0.0000e+00   5.2233e-08   2.5158e+02
20191029_11:00:00   3.0368e-02   1.2120e+01   5.5509e-01   0.0000e+00   1.3566e-05   2.5435e+02
20191029_12:00:00   3.1410e-02   1.2391e+01   5.8542e-01   0.0000e+00   1.2440e-05   2.5686e+02
20191029_13:00:00   3.3773e-02   1.3029e+01   6.4951e-01   0.0000e+00   4.3119e-06   2.5753e+02
20191029_14:00:00   3.7090e-02   1.3904e+01   7.4143e-01   0.0000e+00   8.5120e-05   2.5723e+02
20191029_15:00:00   4.2041e-02   1.5213e+01   8.7541e-01   0.0000e+00   3.0357e-04   2.5698e+02
20191029_16:00:00   4.7469e-02   1.6628e+01   1.0200e+00   0.0000e+00   9.5220e-04   2.5768e+02
20191029_17:00:00   4.6961e-02   1.6491e+01   1.0055e+00   0.0000e+00   2.9761e-03   2.5625e+02
20191029_18:00:00   4.5577e-02   1.6122e+01   9.7128e-01   0.0000e+00   5.5800e-03   2.5422e+02
20191029_19:00:00   4.4086e-02   1.5732e+01   9.3360e-01   0.0000e+00   4.8781e-03   2.5386e+02
20191029_20:00:00   4.6233e-02   1.6295e+01   9.9128e-01   0.0000e+00   1.9286e-03   2.5417e+02
20191029_21:00:00   5.1622e-02   1.7686e+01   1.1334e+00   0.0000e+00   2.2279e-03   2.5382e+02
20191029_22:00:00   5.5106e-02   1.8568e+01   1.2290e+00   0.0000e+00   4.1278e-03   2.5298e+02
20191029_23:00:00   5.7566e-02   1.9195e+01   1.2969e+00   0.0000e+00   6.2850e-03   2.5403e+02
20191030_00:00:00   7.2504e-02   2.2833e+01   1.7115e+00   0.0000e+00   6.7780e-03   2.5302e+02
20191030_01:00:00   8.7819e-02   2.6413e+01   2.1398e+00   0.0000e+00   4.6204e-03   2.5230e+02
20191030_02:00:00   9.4900e-02   2.7907e+01   2.3359e+00   0.0000e+00   5.1918e-03   2.5256e+02
20191030_03:00:00   8.5768e-02   2.5648e+01   2.0892e+00   0.0000e+00   1.6966e-02   2.5478e+02
20191030_04:00:00   8.6273e-02   2.5818e+01   2.1069e+00   0.0000e+00   1.1270e-02   2.5358e+02
20191030_05:00:00   8.2722e-02   2.5035e+01   2.0109e+00   0.0000e+00   4.1866e-03   2.5075e+02
20191030_06:00:00   7.9878e-02   2.4331e+01   1.9358e+00   0.0000e+00   1.9958e-03   2.5016e+02
20191030_07:00:00   8.8817e-02   2.6439e+01   2.1756e+00   0.0000e+00   1.4856e-03   2.5240e+02
20191030_08:00:00   9.4418e-02   2.7751e+01   2.3240e+00   0.0000e+00   2.1060e-04   2.5423e+02
20191030_09:00:00   9.3191e-02   2.7494e+01   2.2830e+00   0.0000e+00   1.5538e-03   2.5694e+02
20191030_10:00:00   9.5962e-02   2.8172e+01   2.3536e+00   0.0000e+00   5.2235e-04   2.5916e+02
20191030_11:00:00   1.0564e-01   3.0352e+01   2.6205e+00   0.0000e+00   6.3855e-04   2.5816e+02
20191030_12:00:00   1.1263e-01   3.1931e+01   2.7976e+00   0.0000e+00   5.1366e-04   2.5878e+02
20191030_13:00:00   1.3342e-01   3.6570e+01   3.3157e+00   0.0000e+00   5.6889e-02   2.5946e+02
20191030_14:00:00   1.3990e-01   3.8171e+01   3.4994e+00   0.0000e+00   8.1794e-03   2.5803e+02
20191030_15:00:00   1.4540e-01   3.9482e+01   3.6432e+00   0.0000e+00   1.4472e-02   2.5717e+02
20191030_16:00:00   1.5487e-01   4.1656e+01   3.8910e+00   0.0000e+00   9.2284e-03   2.5595e+02
20191030_17:00:00   1.5317e-01   4.1419e+01   3.8447e+00   0.0000e+00   6.2036e-03   2.5541e+02
20191030_18:00:00   1.3982e-01   3.8506e+01   3.5105e+00   0.0000e+00   1.9769e-03   2.5355e+02
20191030_19:00:00   1.3700e-01   3.7787e+01   3.4451e+00   0.0000e+00   3.0915e-02   2.5210e+02
20191030_20:00:00   1.5782e-01   4.2192e+01   3.9307e+00   0.0000e+00   1.5479e-01   2.5242e+02
20191030_21:00:00   1.9590e-01   5.0375e+01   4.7571e+00   0.0000e+00   3.3662e-01   2.5236e+02
20191030_22:00:00   2.1761e-01   5.5200e+01   5.3623e+00   4.7970e-05   1.2295e-01   2.5148e+02
20191030_23:00:00   2.1536e-01   5.4754e+01   5.3095e+00   0.0000e+00   1.2087e-01   2.5127e+02
20191031_00:00:00   1.9067e-01   4.9648e+01   4.7048e+00   0.0000e+00   1.4978e-01   2.5273e+02
20191031_01:00:00   1.8291e-01   4.7978e+01   4.5481e+00   5.6970e-07   5.8096e-02   2.5259e+02
20191031_02:00:00   1.8700e-01   4.8747e+01   4.5409e+00   6.9270e-05   2.4033e-01   2.5168e+02
20191031_03:00:00   1.8942e-01   4.9423e+01   4.6532e+00   0.0000e+00   7.8541e-02   2.4903e+02
20191031_04:00:00   2.1173e-01   5.4079e+01   5.1964e+00   0.0000e+00   4.3036e-02   2.4963e+02
20191031_05:00:00   2.1799e-01   5.5566e+01   5.3268e+00   0.0000e+00   9.7193e-03   2.5073e+02
20191031_06:00:00   2.3093e-01   5.8386e+01   5.5583e+00   0.0000e+00   7.9150e-04   2.5289e+02
20191031_07:00:00   2.3945e-01   6.0231e+01   5.6849e+00   0.0000e+00   1.4642e-05   2.5413e+02
20191031_08:00:00   2.3798e-01   5.9947e+01   5.6413e+00   0.0000e+00   3.4140e-05   2.5450e+02
20191031_09:00:00   2.3610e-01   5.9417e+01   5.6348e+00   0.0000e+00   8.8589e-05   2.5655e+02
20191031_10:00:00   2.3026e-01   5.8168e+01   5.5237e+00   0.0000e+00   4.2368e-04   2.5627e+02
20191031_11:00:00   2.1902e-01   5.5854e+01   5.2821e+00   0.0000e+00   6.2682e-08   2.5636e+02
20191031_12:00:00   2.1995e-01   5.6036e+01   5.3126e+00   0.0000e+00   9.3668e-05   2.5698e+02
20191031_13:00:00   2.3126e-01   5.8319e+01   5.6059e+00   0.0000e+00   3.8062e-03   2.5586e+02
20191031_14:00:00   2.4478e-01   6.1024e+01   5.9237e+00   0.0000e+00   3.1235e-02   2.5243e+02
20191031_15:00:00   2.5280e-01   6.2752e+01   6.0635e+00   0.0000e+00   6.4565e-02   2.5178e+02
20191031_16:00:00   2.4750e-01   6.1764e+01   5.9985e+00   0.0000e+00   2.4679e-02   2.5244e+02
20191031_17:00:00   2.5042e-01   6.2338e+01   6.0972e+00   0.0000e+00   3.6070e-02   2.5350e+02
20191031_18:00:00   2.3032e-01   5.8345e+01   5.6149e+00   0.0000e+00   5.2877e-03   2.5290e+02
20191031_19:00:00   2.1363e-01   5.4971e+01   5.1979e+00   0.0000e+00   1.2582e-03   2.5317e+02
20191031_20:00:00   2.1657e-01   5.5497e+01   5.2795e+00   0.0000e+00   1.1758e-04   2.5381e+02
20191031_21:00:00   1.9608e-01   5.1234e+01   4.7577e+00   0.0000e+00   1.1322e-05   2.5450e+02
20191031_22:00:00   2.0105e-01   5.2045e+01   4.9557e+00   0.0000e+00   1.7748e-03   2.5360e+02
20191031_23:00:00   2.1590e-01   5.5080e+01   5.3287e+00   0.0000e+00   5.8573e-03   2.5265e+02
20191101_00:00:00   2.1251e-01   5.4394e+01   5.2206e+00   0.0000e+00   3.7915e-03   2.5356e+02
20191101_01:00:00   2.1306e-01   5.4546e+01   5.2340e+00   0.0000e+00   9.2940e-03   2.5479e+02
20191101_02:00:00   2.1403e-01   5.4783e+01   5.2221e+00   0.0000e+00   7.6065e-04   2.5626e+02
20191101_03:00:00   2.0319e-01   5.2590e+01   4.9417e+00   0.0000e+00   2.2109e-03   2.5535e+02
20191101_04:00:00   1.9983e-01   5.1846e+01   4.8754e+00   0.0000e+00   2.4984e-03   2.5545e+02
20191101_05:00:00   1.8678e-01   4.9142e+01   4.5175e+00   0.0000e+00   1.3929e-08   2.5473e+02
20191101_06:00:00   1.8674e-01   4.9192e+01   4.4818e+00   0.0000e+00   0.0000e+00   2.5404e+02
20191101_07:00:00   1.8848e-01   4.9556e+01   4.4949e+00   0.0000e+00   0.0000e+00   2.5498e+02
20191101_08:00:00   1.8425e-01   4.8655e+01   4.3766e+00   0.0000e+00   0.0000e+00   2.5690e+02
20191101_09:00:00   1.8607e-01   4.9033e+01   4.4190e+00   0.0000e+00   0.0000e+00   2.5767e+02
20191101_10:00:00   1.8684e-01   4.9190e+01   4.4609e+00   0.0000e+00   0.0000e+00   2.5875e+02
20191101_11:00:00   1.9350e-01   5.0581e+01   4.6235e+00   0.0000e+00   0.0000e+00   2.5735e+02
20191101_12:00:00   2.0270e-01   5.2477e+01   4.8522e+00   0.0000e+00   0.0000e+00   2.5623e+02
20191101_13:00:00   2.1028e-01   5.4079e+01   5.0378e+00   0.0000e+00   0.0000e+00   2.5743e+02
20191101_14:00:00   2.1328e-01   5.4805e+01   5.1079e+00   0.0000e+00   0.0000e+00   2.5835e+02
20191101_15:00:00   2.2024e-01   5.6317e+01   5.2775e+00   0.0000e+00   2.3060e-04   2.5789e+02
20191101_16:00:00   2.3529e-01   5.9466e+01   5.6296e+00   0.0000e+00   1.8283e-02   2.5698e+02
20191101_17:00:00   2.5825e-01   6.4002e+01   6.1034e+00   8.3950e-04   1.7007e-01   2.5595e+02
20191101_18:00:00   2.2176e-01   5.6790e+01   5.2755e+00   0.0000e+00   2.8655e-02   2.5479e+02
20191101_19:00:00   2.0067e-01   5.2334e+01   4.7958e+00   0.0000e+00   9.1843e-03   2.5529e+02
20191101_20:00:00   1.8707e-01   4.9254e+01   4.5313e+00   0.0000e+00   5.6774e-02   2.5725e+02
20191101_21:00:00   1.6923e-01   4.5404e+01   4.0170e+00   0.0000e+00   1.3230e-01   2.5812e+02
20191101_22:00:00   1.7246e-01   4.6269e+01   4.0432e+00   0.0000e+00   1.3981e-02   2.5790e+02
20191101_23:00:00   1.7591e-01   4.6963e+01   4.2180e+00   0.0000e+00   1.9640e-04   2.5741e+02
20191102_00:00:00   1.8372e-01   4.8615e+01   4.4003e+00   0.0000e+00   1.7715e-03   2.5706e+02
20191102_01:00:00   2.0704e-01   5.3538e+01   4.9999e+00   0.0000e+00   5.9585e-03   2.5575e+02
20191102_02:00:00   2.3445e-01   5.9172e+01   5.6744e+00   0.0000e+00   9.8817e-03   2.5361e+02
20191102_03:00:00   2.3907e-01   6.0191e+01   5.7132e+00   0.0000e+00   9.0855e-03   2.5253e+02
20191102_04:00:00   2.5820e-01   6.4034e+01   6.1776e+00   0.0000e+00   2.5800e-03   2.5405e+02
20191102_05:00:00   2.7026e-01   6.6367e+01   6.4434e+00   0.0000e+00   3.0700e-03   2.5522e+02
20191102_06:00:00   2.7475e-01   6.7310e+01   6.4882e+00   0.0000e+00   2.7042e-02   2.5843e+02
20191102_07:00:00   2.6858e-01   6.6177e+01   6.3350e+00   0.0000e+00   1.0489e-03   2.5727e+02
20191102_08:00:00   2.7397e-01   6.7226e+01   6.4438e+00   0.0000e+00   1.1560e-03   2.5493e+02
20191102_09:00:00   2.6103e-01   6.4674e+01   6.2187e+00   0.0000e+00   5.1441e-04   2.5327e+02
20191102_10:00:00   2.6459e-01   6.5319e+01   6.3085e+00   0.0000e+00   4.9262e-03   2.5447e+02
20191102_11:00:00   2.5965e-01   6.4378e+01   6.1787e+00   0.0000e+00   1.7569e-03   2.5572e+02
20191102_12:00:00   2.5600e-01   6.3679e+01   6.0983e+00   0.0000e+00   1.4492e-03   2.5745e+02
20191102_13:00:00   2.5559e-01   6.3594e+01   6.1173e+00   0.0000e+00   6.3622e-04   2.5820e+02
20191102_14:00:00   2.2585e-01   5.7623e+01   5.4404e+00   0.0000e+00   3.1137e-04   2.5678e+02
20191102_15:00:00   2.5183e-01   6.2839e+01   6.1128e+00   0.0000e+00   1.6224e-03   2.5628e+02
20191102_16:00:00   2.8337e-01   6.8980e+01   6.3634e+00   1.0698e-02   5.3139e-03   2.5577e+02
20191102_17:00:00   2.6648e-01   6.5816e+01   6.4177e+00   0.0000e+00   1.3911e-02   2.5628e+02
20191102_18:00:00   2.7966e-01   6.8295e+01   6.7550e+00   0.0000e+00   4.9209e-03   2.5713e+02
20191102_21:00:00   2.3014e-01   5.8028e+01   5.5965e+00   0.0000e+00   1.2527e-01   2.5830e+02
20191103_00:00:00   2.1922e-01   5.6123e+01   5.2708e+00   0.0000e+00   3.7696e-03   2.5657e+02
20191103_03:00:00   1.9207e-01   5.0566e+01   4.5726e+00   0.0000e+00   3.0516e-03   2.5380e+02
20191103_06:00:00   1.9470e-01   5.1046e+01   4.5468e+00   0.0000e+00   2.0154e-03   2.5379e+02
20191103_09:00:00   2.1337e-01   5.4892e+01   4.9554e+00   0.0000e+00   2.4569e-04   2.5400e+02
20191103_12:00:00   1.9951e-01   5.2076e+01   4.5794e+00   0.0000e+00   3.0958e-03   2.5240e+02
20191103_15:00:00   2.1284e-01   5.4907e+01   4.9285e+00   0.0000e+00   1.7552e-03   2.5182e+02
20191103_18:00:00   2.1038e-01   5.4417e+01   4.8987e+00   0.0000e+00   3.2163e-03   2.5369e+02
20191103_21:00:00   1.8858e-01   4.9686e+01   4.3589e+00   0.0000e+00   1.1135e-03   2.5632e+02
20191104_00:00:00   1.4828e-01   4.0890e+01   3.3873e+00   0.0000e+00   3.2716e-05   2.5279e+02
20191104_03:00:00   1.2583e-01   3.5790e+01   2.8181e+00   0.0000e+00   2.3020e-05   2.5275e+02
20191104_06:00:00   9.8031e-02   2.9211e+01   2.1515e+00   0.0000e+00   0.0000e+00   2.5238e+02
20191104_09:00:00   8.2074e-02   2.5312e+01   1.7930e+00   0.0000e+00   0.0000e+00   2.5077e+02
20191104_12:00:00   7.1054e-02   2.2603e+01   1.5367e+00   0.0000e+00   0.0000e+00   2.5042e+02
20191104_15:00:00   6.8286e-02   2.1940e+01   1.4899e+00   0.0000e+00   1.4924e-06   2.5166e+02
20191104_18:00:00   8.8882e-02   2.7017e+01   1.9794e+00   0.0000e+00   3.4855e-03   2.5230e+02
20191104_21:00:00   1.0569e-01   3.0912e+01   2.3900e+00   0.0000e+00   4.2103e-03   2.5411e+02
20191105_00:00:00   6.4711e-02   2.1057e+01   1.3539e+00   0.0000e+00   3.8660e-05   2.5155e+02
20191105_03:00:00   4.5225e-02   1.6183e+01   8.8241e-01   0.0000e+00   2.0880e-04   2.5271e+02
20191105_06:00:00   3.7058e-02   1.4043e+01   6.8421e-01   0.0000e+00   0.0000e+00   2.5420e+02
20191105_09:00:00   3.2498e-02   1.2768e+01   5.8746e-01   0.0000e+00   2.0423e-03   2.5287e+02
20191105_12:00:00   3.2019e-02   1.2641e+01   5.7833e-01   0.0000e+00   7.5680e-04   2.5489e+02
20191105_15:00:00   3.6286e-02   1.3780e+01   6.8712e-01   0.0000e+00   2.6458e-03   2.5275e+02
20191105_18:00:00   4.5521e-02   1.6223e+01   9.1561e-01   0.0000e+00   3.0640e-03   2.5334e+02
20191105_21:00:00   7.0262e-02   2.2448e+01   1.5262e+00   0.0000e+00   6.5380e-03   2.5478e+02
20191106_00:00:00   5.1235e-02   1.7726e+01   1.0450e+00   0.0000e+00   9.1975e-04   2.5476e+02
20191106_03:00:00   3.6231e-02   1.3824e+01   6.8463e-01   0.0000e+00   0.0000e+00   2.5753e+02
20191106_06:00:00   3.8061e-02   1.4274e+01   7.3619e-01   0.0000e+00   2.4420e-05   2.5448e+02
20191106_09:00:00   4.2972e-02   1.5525e+01   8.6289e-01   0.0000e+00   1.8188e-05   2.5681e+02
20191106_12:00:00   4.3192e-02   1.5588e+01   8.6438e-01   0.0000e+00   0.0000e+00   2.5896e+02
20191106_15:00:00   4.9456e-02   1.7227e+01   1.0225e+00   0.0000e+00   8.7060e-09   2.5687e+02
20191106_18:00:00   5.0509e-02   1.7531e+01   1.0503e+00   0.0000e+00   0.0000e+00   2.5509e+02
20191106_21:00:00   6.9581e-02   2.2333e+01   1.5161e+00   0.0000e+00   0.0000e+00   2.5558e+02
20191107_00:00:00   5.4014e-02   1.8440e+01   1.1221e+00   0.0000e+00   0.0000e+00   2.5556e+02
20191107_03:00:00   5.2009e-02   1.7944e+01   1.0832e+00   0.0000e+00   0.0000e+00   2.5446e+02
20191107_06:00:00   5.4711e-02   1.8522e+01   1.1680e+00   0.0000e+00   7.5640e-04   2.5406e+02
20191107_09:00:00   6.0908e-02   2.0047e+01   1.3328e+00   0.0000e+00   6.2410e-04   2.5432e+02
20191107_12:00:00   6.1155e-02   2.0122e+01   1.3344e+00   0.0000e+00   9.6100e-05   2.5301e+02
20191107_15:00:00   6.5772e-02   2.1289e+01   1.4580e+00   0.0000e+00   3.3111e-05   2.5274e+02
20191107_18:00:00   6.7318e-02   2.1704e+01   1.5030e+00   0.0000e+00   4.7980e-05   2.5398e+02
20191107_21:00:00   6.8336e-02   2.1960e+01   1.5193e+00   0.0000e+00   0.0000e+00   2.5151e+02
20191108_00:00:00   6.1054e-02   2.0164e+01   1.3316e+00   0.0000e+00   1.8064e-04   2.4855e+02
20191108_03:00:00   5.9729e-02   1.9888e+01   1.2992e+00   0.0000e+00   5.3525e-04   2.4877e+02
20191108_06:00:00   5.9719e-02   1.9850e+01   1.3092e+00   0.0000e+00   2.1036e-04   2.5016e+02
20191108_09:00:00   5.8778e-02   1.9564e+01   1.2941e+00   0.0000e+00   8.4460e-04   2.4970e+02
20191108_12:00:00   5.9169e-02   1.9685e+01   1.2959e+00   0.0000e+00   5.0800e-07   2.5268e+02
20191108_15:00:00   6.3841e-02   2.0904e+01   1.4112e+00   0.0000e+00   5.8360e-06   2.5352e+02
20191108_18:00:00   7.0002e-02   2.2429e+01   1.5702e+00   0.0000e+00   0.0000e+00   2.5385e+02
20191108_21:00:00   7.2200e-02   2.2944e+01   1.6301e+00   0.0000e+00   1.3981e-03   2.5483e+02
20191109_00:00:00   7.2800e-02   2.2925e+01   1.7026e+00   0.0000e+00   4.4779e-05   2.5324e+02
20191109_03:00:00   8.6591e-02   2.6159e+01   2.0922e+00   0.0000e+00   1.9335e-03   2.5437e+02
20191109_06:00:00   9.0788e-02   2.7148e+01   2.1988e+00   0.0000e+00   1.0905e-03   2.5367e+02
20191109_09:00:00   7.4738e-02   2.3368e+01   1.7510e+00   0.0000e+00   1.5178e-03   2.5386e+02
20191109_12:00:00   6.3725e-02   2.0647e+01   1.4723e+00   0.0000e+00   2.2741e-03   2.5699e+02
20191109_15:00:00   6.3850e-02   2.0680e+01   1.4825e+00   0.0000e+00   3.7238e-03   2.5299e+02
20191109_18:00:00   6.9204e-02   2.1984e+01   1.6251e+00   0.0000e+00   1.5616e-02   2.5148e+02
20191109_21:00:00   6.6891e-02   2.1423e+01   1.5555e+00   0.0000e+00   1.5110e-02   2.5176e+02
20191110_00:00:00   6.0227e-02   1.9766e+01   1.3843e+00   0.0000e+00   2.3346e-03   2.5098e+02
20191110_03:00:00   4.9321e-02   1.6958e+01   1.1099e+00   0.0000e+00   6.4040e-03   2.4804e+02
20191110_06:00:00   4.1173e-02   1.4869e+01   8.8218e-01   0.0000e+00   1.3930e-08   2.4659e+02
20191110_09:00:00   3.5246e-02   1.3346e+01   7.1472e-01   0.0000e+00   8.7060e-09   2.5068e+02
20191110_12:00:00   3.6131e-02   1.3538e+01   7.4670e-01   0.0000e+00   3.5066e-03   2.5089e+02
20191110_15:00:00   4.0960e-02   1.4828e+01   8.6798e-01   0.0000e+00   4.9457e-04   2.4877e+02
20191110_18:00:00   4.3448e-02   1.5534e+01   9.1710e-01   0.0000e+00   4.0663e-03   2.4607e+02
20191110_21:00:00   6.8369e-02   2.1888e+01   1.5282e+00   0.0000e+00   7.8503e-04   2.4510e+02
20191111_00:00:00   4.6001e-02   1.6294e+01   9.3780e-01   0.0000e+00   2.5240e-03   2.4722e+02
20191111_03:00:00   4.2236e-02   1.5366e+01   8.3845e-01   0.0000e+00   1.3222e-03   2.4753e+02
20191111_06:00:00   4.2998e-02   1.5576e+01   8.4815e-01   0.0000e+00   1.7550e-03   2.4716e+02
20191111_09:00:00   4.4327e-02   1.5902e+01   8.7819e-01   0.0000e+00   6.7960e-04   2.5041e+02
20191111_12:00:00   5.3819e-02   1.8314e+01   1.1182e+00   0.0000e+00   1.7412e-08   2.5526e+02
20191111_15:00:00   5.6161e-02   1.8928e+01   1.1734e+00   0.0000e+00   0.0000e+00   2.5198e+02
20191111_18:00:00   6.1039e-02   2.0140e+01   1.3034e+00   0.0000e+00   3.7520e-07   2.5170e+02
20191111_21:00:00   7.8401e-02   2.4442e+01   1.7068e+00   0.0000e+00   0.0000e+00   2.5372e+02
20191112_00:00:00   5.1493e-02   1.7776e+01   1.0421e+00   0.0000e+00   0.0000e+00   2.5557e+02
20191112_03:00:00   4.8137e-02   1.6939e+01   9.6317e-01   0.0000e+00   0.0000e+00   2.5225e+02
20191112_06:00:00   4.3244e-02   1.5646e+01   8.5518e-01   0.0000e+00   0.0000e+00   2.5005e+02
20191112_09:00:00   4.4339e-02   1.5915e+01   8.8446e-01   0.0000e+00   0.0000e+00   2.5255e+02
20191112_12:00:00   4.5281e-02   1.6121e+01   9.1210e-01   0.0000e+00   0.0000e+00   2.5788e+02
20191112_15:00:00   4.6541e-02   1.6490e+01   9.3302e-01   0.0000e+00   0.0000e+00   2.5483e+02
20191112_18:00:00   5.3472e-02   1.8283e+01   1.0989e+00   0.0000e+00   0.0000e+00   2.5602e+02
20191112_21:00:00   8.4217e-02   2.5795e+01   1.8558e+00   0.0000e+00   1.9714e-03   2.5707e+02
20191113_00:00:00   5.5935e-02   1.8811e+01   1.1565e+00   0.0000e+00   5.4604e-05   2.5652e+02
20191113_03:00:00   5.2219e-02   1.7900e+01   1.0656e+00   0.0000e+00   6.8981e-04   2.5665e+02
20191113_06:00:00   4.3653e-02   1.5693e+01   8.6345e-01   0.0000e+00   5.0580e-04   2.5721e+02
20191113_09:00:00   4.8227e-02   1.6824e+01   9.8822e-01   0.0000e+00   1.1828e-03   2.5740e+02
20191113_12:00:00   5.2129e-02   1.7807e+01   1.0872e+00   0.0000e+00   2.1264e-03   2.6259e+02
20191113_15:00:00   5.3369e-02   1.8222e+01   1.1042e+00   0.0000e+00   0.0000e+00   2.6037e+02
20191113_18:00:00   6.2081e-02   2.0397e+01   1.3307e+00   0.0000e+00   5.2816e-03   2.5895e+02
