#            date       tau225        Tb[K]      pwv[mm] lwp[kg*m^-2] iwp[kg*m^-2]       o3[DU]
20191123_12:00:00   1.2865e-01   3.6875e+01   2.8205e+00   0.0000e+00   3.2630e-06   2.5810e+02
20191123_13:00:00   1.3141e-01   3.7544e+01   2.9045e+00   0.0000e+00   6.1410e-06   2.5961e+02
20191123_14:00:00   1.4887e-01   4.1587e+01   3.3404e+00   0.0000e+00   6.1410e-06   2.5850e+02
20191123_15:00:00   1.7839e-01   4.8093e+01   4.1173e+00   0.0000e+00   0.0000e+00   2.5849e+02
20191123_16:00:00   1.9186e-01   5.1017e+01   4.4844e+00   0.0000e+00   3.0255e-04   2.5942e+02
20191123_17:00:00   2.3327e-01   5.9615e+01   5.2403e+00   4.7980e-03   3.8860e-02   2.5943e+02
20191123_18:00:00   2.4468e-01   6.2001e+01   5.7262e+00   0.0000e+00   3.7757e-02   2.5898e+02
20191123_19:00:00   2.3730e-01   6.0528e+01   5.6134e+00   0.0000e+00   5.8715e-03   2.5935e+02
20191123_20:00:00   2.3784e-01   6.0503e+01   5.6135e+00   9.5940e-05   1.0304e-02   2.6001e+02
20191123_21:00:00   2.1650e-01   5.5821e+01   5.1711e+00   0.0000e+00   1.2211e-03   2.5969e+02
20191123_22:00:00   1.7046e-01   4.5884e+01   4.0652e+00   0.0000e+00   3.2792e-03   2.5917e+02
20191123_23:00:00   1.6394e-01   4.4402e+01   3.9298e+00   0.0000e+00   1.6549e-02   2.5917e+02
20191124_00:00:00   1.5657e-01   4.2667e+01   3.7948e+00   0.0000e+00   1.2801e-02   2.6017e+02
20191124_01:00:00   1.3642e-01   3.8191e+01   3.2762e+00   0.0000e+00   7.8618e-04   2.6124e+02
20191124_02:00:00   1.1925e-01   3.4315e+01   2.8194e+00   0.0000e+00   8.8424e-05   2.6084e+02
20191124_03:00:00   1.1039e-01   3.2185e+01   2.6243e+00   0.0000e+00   4.1987e-05   2.6092e+02
20191124_04:00:00   1.0752e-01   3.1495e+01   2.5483e+00   0.0000e+00   6.2620e-07   2.6121e+02
20191124_05:00:00   1.0578e-01   3.1092e+01   2.5043e+00   0.0000e+00   3.9150e-07   2.6094e+02
20191124_06:00:00   1.0734e-01   3.1440e+01   2.5385e+00   0.0000e+00   5.5710e-09   2.6046e+02
20191124_07:00:00   1.1107e-01   3.2313e+01   2.6162e+00   0.0000e+00   9.5940e-06   2.6034e+02
20191124_08:00:00   1.0933e-01   3.1918e+01   2.5703e+00   0.0000e+00   0.0000e+00   2.6063e+02
20191124_09:00:00   1.0484e-01   3.0920e+01   2.4449e+00   0.0000e+00   3.2630e-06   2.6133e+02
20191124_10:00:00   1.1001e-01   3.2179e+01   2.5554e+00   0.0000e+00   0.0000e+00   2.6179e+02
20191124_11:00:00   1.1272e-01   3.2846e+01   2.6159e+00   0.0000e+00   0.0000e+00   2.6155e+02
20191124_12:00:00   1.1523e-01   3.3456e+01   2.6733e+00   0.0000e+00   0.0000e+00   2.6169e+02
20191124_13:00:00   1.1682e-01   3.3849e+01   2.7147e+00   0.0000e+00   0.0000e+00   2.6152e+02
20191124_14:00:00   1.2743e-01   3.6366e+01   2.9556e+00   0.0000e+00   0.0000e+00   2.6079e+02
20191124_15:00:00   1.4563e-01   4.0580e+01   3.3914e+00   0.0000e+00   0.0000e+00   2.6018e+02
20191124_16:00:00   1.5463e-01   4.2625e+01   3.6096e+00   0.0000e+00   0.0000e+00   2.5970e+02
20191124_17:00:00   1.5711e-01   4.3174e+01   3.6851e+00   0.0000e+00   0.0000e+00   2.5920e+02
20191124_18:00:00   1.5506e-01   4.2679e+01   3.6550e+00   0.0000e+00   0.0000e+00   2.5822e+02
20191124_19:00:00   1.1179e-01   3.2716e+01   2.6071e+00   0.0000e+00   0.0000e+00   2.5851e+02
20191124_20:00:00   9.8071e-02   2.9425e+01   2.2731e+00   0.0000e+00   0.0000e+00   2.5845e+02
20191124_21:00:00   1.2797e-01   3.6441e+01   2.9784e+00   0.0000e+00   9.9600e-06   2.5749e+02
20191124_22:00:00   1.3403e-01   3.7843e+01   3.0630e+00   0.0000e+00   1.1186e-04   2.5624e+02
20191124_23:00:00   1.3728e-01   3.8486e+01   3.1558e+00   0.0000e+00   3.9242e-03   2.5627e+02
20191125_00:00:00   1.3632e-01   3.8231e+01   3.1258e+00   0.0000e+00   5.8623e-03   2.5748e+02
20191125_01:00:00   1.2671e-01   3.5993e+01   2.9255e+00   0.0000e+00   1.1524e-02   2.5813e+02
20191125_02:00:00   1.1499e-01   3.3199e+01   2.6810e+00   0.0000e+00   1.4666e-02   2.5621e+02
20191125_03:00:00   1.1731e-01   3.3685e+01   2.7488e+00   0.0000e+00   7.9779e-03   2.5595e+02
20191125_04:00:00   1.1782e-01   3.3711e+01   2.7867e+00   0.0000e+00   1.6892e-02   2.5521e+02
20191125_05:00:00   1.1334e-01   3.2590e+01   2.6907e+00   0.0000e+00   2.0099e-02   2.5569e+02
20191125_06:00:00   1.0479e-01   3.0574e+01   2.4922e+00   0.0000e+00   5.4341e-03   2.5633e+02
20191125_07:00:00   9.4874e-02   2.8224e+01   2.2531e+00   0.0000e+00   8.8772e-04   2.5570e+02
20191125_08:00:00   8.9731e-02   2.6957e+01   2.1430e+00   0.0000e+00   1.2965e-03   2.5517e+02
20191125_09:00:00   8.8981e-02   2.6718e+01   2.1427e+00   0.0000e+00   8.3967e-04   2.5558e+02
20191125_10:00:00   8.2741e-02   2.5255e+01   1.9694e+00   0.0000e+00   8.9770e-04   2.5628e+02
20191125_11:00:00   7.2533e-02   2.2816e+01   1.6953e+00   0.0000e+00   2.6842e-04   2.5644e+02
20191125_12:00:00   6.5979e-02   2.1179e+01   1.5287e+00   0.0000e+00   2.1388e-04   2.5654e+02
20191125_13:00:00   5.5608e-02   1.8696e+01   1.2273e+00   0.0000e+00   4.8964e-05   2.5700e+02
20191125_14:00:00   5.7082e-02   1.9110e+01   1.2509e+00   0.0000e+00   3.0179e-05   2.5833e+02
20191125_15:00:00   6.5860e-02   2.1374e+01   1.4518e+00   0.0000e+00   1.8411e-04   2.5829e+02
20191125_16:00:00   7.1035e-02   2.2708e+01   1.5647e+00   0.0000e+00   7.0124e-05   2.5739e+02
20191125_17:00:00   7.0931e-02   2.2712e+01   1.5543e+00   0.0000e+00   9.3060e-06   2.5696e+02
20191125_18:00:00   7.2709e-02   2.3149e+01   1.5995e+00   0.0000e+00   8.4575e-04   2.5632e+02
20191125_19:00:00   1.0026e-01   2.9841e+01   2.2566e+00   0.0000e+00   2.5020e-03   2.5522e+02
20191125_20:00:00   1.4719e-01   4.0709e+01   3.3375e+00   1.8328e-05   2.4087e-03   2.5472e+02
20191125_21:00:00   1.6885e-01   4.5471e+01   3.7116e+00   1.7141e-03   4.9592e-03   2.5480e+02
20191125_22:00:00   1.4537e-01   4.0237e+01   3.1975e+00   0.0000e+00   4.4550e-03   2.5538e+02
20191125_23:00:00   1.2477e-01   3.5538e+01   2.7194e+00   0.0000e+00   2.1136e-03   2.5504e+02
20191126_00:00:00   1.0652e-01   3.1281e+01   2.3044e+00   0.0000e+00   2.0140e-04   2.5396e+02
20191126_01:00:00   8.9729e-02   2.7294e+01   1.9315e+00   0.0000e+00   0.0000e+00   2.5390e+02
20191126_02:00:00   7.7888e-02   2.4438e+01   1.6596e+00   0.0000e+00   0.0000e+00   2.5442e+02
20191126_03:00:00   6.7572e-02   2.1896e+01   1.4158e+00   0.0000e+00   1.3930e-08   2.5499e+02
20191126_04:00:00   6.0840e-02   2.0192e+01   1.2641e+00   0.0000e+00   2.2680e-06   2.5571e+02
20191126_05:00:00   5.4464e-02   1.8579e+01   1.1130e+00   0.0000e+00   3.0040e-05   2.5553e+02
20191126_06:00:00   4.9052e-02   1.7193e+01   9.8070e-01   0.0000e+00   3.4860e-05   2.5567e+02
20191126_07:00:00   4.5059e-02   1.6153e+01   8.8647e-01   0.0000e+00   8.4120e-06   2.5447e+02
20191126_08:00:00   4.1262e-02   1.5158e+01   7.9530e-01   0.0000e+00   6.9640e-09   2.5415e+02
20191126_09:00:00   3.6771e-02   1.3978e+01   6.8618e-01   0.0000e+00   0.0000e+00   2.5512e+02
20191126_10:00:00   3.3743e-02   1.3153e+01   6.1960e-01   0.0000e+00   2.4700e-05   2.5760e+02
20191126_11:00:00   3.2421e-02   1.2790e+01   5.8869e-01   0.0000e+00   1.8712e-04   2.6017e+02
20191126_12:00:00   3.4440e-02   1.3322e+01   6.3942e-01   0.0000e+00   6.3638e-04   2.6148e+02
20191126_13:00:00   3.4486e-02   1.3325e+01   6.4425e-01   0.0000e+00   2.0795e-03   2.6134e+02
20191126_14:00:00   3.6166e-02   1.3777e+01   6.8612e-01   0.0000e+00   2.4280e-03   2.6002e+02
20191126_15:00:00   4.0501e-02   1.4931e+01   7.9519e-01   0.0000e+00   9.3941e-04   2.5848e+02
20191126_16:00:00   4.2002e-02   1.5332e+01   8.2951e-01   0.0000e+00   1.2908e-03   2.5633e+02
20191126_17:00:00   4.4775e-02   1.6071e+01   8.9599e-01   0.0000e+00   3.4768e-04   2.5518e+02
20191126_18:00:00   5.2852e-02   1.8177e+01   1.0926e+00   0.0000e+00   4.6600e-06   2.5454e+02
20191126_19:00:00   6.5345e-02   2.1310e+01   1.4055e+00   0.0000e+00   7.9020e-05   2.5488e+02
20191126_20:00:00   7.9749e-02   2.4826e+01   1.7669e+00   0.0000e+00   4.0180e-04   2.5533e+02
20191126_21:00:00   9.1591e-02   2.7611e+01   2.0575e+00   0.0000e+00   9.1319e-04   2.5457e+02
20191126_22:00:00   9.7869e-02   2.9173e+01   2.1595e+00   0.0000e+00   9.8118e-04   2.5446e+02
20191126_23:00:00   8.8540e-02   2.6980e+01   1.9114e+00   0.0000e+00   0.0000e+00   2.5346e+02
20191127_00:00:00   7.1731e-02   2.2881e+01   1.5190e+00   0.0000e+00   0.0000e+00   2.5290e+02
20191127_01:00:00   6.1235e-02   2.0265e+01   1.2765e+00   0.0000e+00   1.5826e-05   2.5180e+02
20191127_02:00:00   5.5558e-02   1.8824e+01   1.1496e+00   0.0000e+00   1.6602e-04   2.5255e+02
20191127_03:00:00   4.5439e-02   1.6255e+01   9.0110e-01   0.0000e+00   2.3794e-04   2.5364e+02
20191127_04:00:00   3.9139e-02   1.4592e+01   7.5130e-01   0.0000e+00   8.0175e-04   2.5425e+02
20191127_05:00:00   3.4192e-02   1.3288e+01   6.2701e-01   0.0000e+00   1.8658e-04   2.5524e+02
20191127_06:00:00   3.2740e-02   1.2906e+01   5.8832e-01   0.0000e+00   1.2560e-04   2.5476e+02
20191127_07:00:00   3.4371e-02   1.3331e+01   6.3066e-01   0.0000e+00   1.2899e-04   2.5446e+02
20191127_08:00:00   3.4232e-02   1.3279e+01   6.3337e-01   0.0000e+00   5.8350e-05   2.5357e+02
20191127_09:00:00   3.4265e-02   1.3282e+01   6.3841e-01   0.0000e+00   6.4910e-05   2.5422e+02
20191127_10:00:00   3.5130e-02   1.3518e+01   6.5856e-01   0.0000e+00   2.1233e-05   2.5468e+02
20191127_11:00:00   3.5547e-02   1.3617e+01   6.7236e-01   0.0000e+00   5.1857e-05   2.5398e+02
20191127_12:00:00   3.4271e-02   1.3290e+01   6.3550e-01   0.0000e+00   6.4834e-05   2.5319e+02
20191127_13:00:00   3.2656e-02   1.2865e+01   5.9291e-01   0.0000e+00   5.9092e-05   2.5284e+02
20191127_14:00:00   3.3505e-02   1.3103e+01   6.1176e-01   0.0000e+00   3.9014e-05   2.5174e+02
20191127_15:00:00   3.4596e-02   1.3398e+01   6.4037e-01   0.0000e+00   1.7406e-04   2.5140e+02
20191127_16:00:00   3.5072e-02   1.3508e+01   6.5923e-01   0.0000e+00   1.8802e-04   2.5106e+02
20191127_17:00:00   3.6224e-02   1.3849e+01   6.8021e-01   0.0000e+00   7.7578e-04   2.5057e+02
20191127_18:00:00   4.1012e-02   1.5140e+01   7.9705e-01   0.0000e+00   5.6498e-05   2.5210e+02
20191127_19:00:00   5.4788e-02   1.8695e+01   1.1446e+00   0.0000e+00   5.9378e-05   2.5322e+02
20191127_20:00:00   7.7694e-02   2.4381e+01   1.7233e+00   0.0000e+00   1.5232e-05   2.5486e+02
20191127_21:00:00   9.1735e-02   2.7744e+01   2.0736e+00   0.0000e+00   0.0000e+00   2.5510e+02
20191127_22:00:00   9.4921e-02   2.8508e+01   2.1261e+00   0.0000e+00   3.4820e-08   2.5497e+02
20191127_23:00:00   8.6249e-02   2.6450e+01   1.8807e+00   0.0000e+00   1.7412e-08   2.5359e+02
20191128_00:00:00   6.8434e-02   2.2119e+01   1.4476e+00   0.0000e+00   1.6317e-05   2.5223e+02
20191128_01:00:00   5.7572e-02   1.9415e+01   1.1788e+00   0.0000e+00   6.7714e-05   2.5090e+02
20191128_02:00:00   5.0419e-02   1.7612e+01   1.0055e+00   0.0000e+00   4.0270e-07   2.4938e+02
20191128_03:00:00   4.1851e-02   1.5389e+01   8.0534e-01   0.0000e+00   7.5490e-06   2.4935e+02
20191128_04:00:00   3.6625e-02   1.4008e+01   6.7797e-01   0.0000e+00   1.0667e-05   2.4972e+02
20191128_05:00:00   3.2742e-02   1.2948e+01   5.8729e-01   0.0000e+00   1.3678e-05   2.4909e+02
20191128_06:00:00   2.9463e-02   1.2051e+01   5.0664e-01   0.0000e+00   1.3293e-05   2.4935e+02
20191128_07:00:00   2.7533e-02   1.1536e+01   4.5326e-01   0.0000e+00   6.9120e-06   2.4959e+02
20191128_08:00:00   2.6809e-02   1.1330e+01   4.3549e-01   0.0000e+00   6.9120e-06   2.4966e+02
20191128_09:00:00   2.6846e-02   1.1333e+01   4.3679e-01   0.0000e+00   9.9490e-06   2.4938e+02
20191128_10:00:00   2.6230e-02   1.1149e+01   4.2302e-01   0.0000e+00   1.2901e-05   2.4825e+02
20191128_11:00:00   2.5712e-02   1.1003e+01   4.1041e-01   0.0000e+00   6.3750e-06   2.4878e+02
20191128_12:00:00   2.8374e-02   1.1736e+01   4.7686e-01   0.0000e+00   9.7782e-06   2.4836e+02
20191128_15:00:00   3.8224e-02   1.4398e+01   7.2543e-01   0.0000e+00   4.2500e-05   2.4881e+02
20191128_18:00:00   5.4521e-02   1.8624e+01   1.1433e+00   0.0000e+00   4.6760e-04   2.4929e+02
20191128_21:00:00   9.7914e-02   2.9217e+01   2.2170e+00   0.0000e+00   4.2960e-05   2.4971e+02
20191129_00:00:00   4.4627e-02   1.6028e+01   8.8716e-01   0.0000e+00   2.8780e-05   2.4983e+02
20191129_03:00:00   3.1864e-02   1.2648e+01   5.8067e-01   0.0000e+00   9.6020e-06   2.4924e+02
20191129_06:00:00   2.2569e-02   1.0063e+01   3.4759e-01   0.0000e+00   3.2246e-05   2.5087e+02
20191129_09:00:00   2.1965e-02   9.9093e+00   3.2558e-01   0.0000e+00   0.0000e+00   2.5169e+02
20191129_12:00:00   2.1512e-02   9.7910e+00   3.1178e-01   0.0000e+00   0.0000e+00   2.5342e+02
20191129_15:00:00   2.6820e-02   1.1257e+01   4.5152e-01   0.0000e+00   3.1651e-03   2.5616e+02
20191129_18:00:00   3.6363e-02   1.3877e+01   6.8816e-01   0.0000e+00   1.5350e-05   2.5723e+02
20191129_21:00:00   4.5297e-02   1.6221e+01   9.1321e-01   0.0000e+00   9.1421e-06   2.5612e+02
20191130_00:00:00   4.1519e-02   1.5270e+01   8.0416e-01   0.0000e+00   1.1995e-03   2.5551e+02
20191130_03:00:00   3.4595e-02   1.3455e+01   6.3775e-01   0.0000e+00   0.0000e+00   2.5404e+02
20191130_06:00:00   3.0383e-02   1.2295e+01   5.3589e-01   0.0000e+00   6.2860e-06   2.5023e+02
20191130_09:00:00   3.1824e-02   1.2682e+01   5.7777e-01   0.0000e+00   1.8802e-05   2.5194e+02
20191130_12:00:00   3.6129e-02   1.3812e+01   6.9430e-01   0.0000e+00   0.0000e+00   2.5793e+02
20191130_15:00:00   5.4275e-02   1.8567e+01   1.1673e+00   0.0000e+00   3.5840e-04   2.5713e+02
20191130_18:00:00   8.9894e-02   2.7450e+01   2.0693e+00   0.0000e+00   1.9154e-03   2.5352e+02
20191130_21:00:00   8.0015e-02   2.4953e+01   1.8349e+00   0.0000e+00   2.5594e-03   2.5079e+02
20191201_00:00:00   7.5018e-02   2.3810e+01   1.7000e+00   0.0000e+00   1.8508e-04   2.5047e+02
20191201_03:00:00   8.3579e-02   2.5861e+01   1.9555e+00   0.0000e+00   0.0000e+00   2.4891e+02
20191201_06:00:00   9.0639e-02   2.7353e+01   2.1809e+00   0.0000e+00   0.0000e+00   2.5123e+02
20191201_09:00:00   6.9422e-02   2.2231e+01   1.6070e+00   0.0000e+00   0.0000e+00   2.4769e+02
20191201_12:00:00   5.9992e-02   1.9837e+01   1.3657e+00   0.0000e+00   0.0000e+00   2.5280e+02
20191201_15:00:00   7.0264e-02   2.2496e+01   1.6214e+00   0.0000e+00   0.0000e+00   2.4898e+02
20191201_18:00:00   9.2747e-02   2.8068e+01   2.1833e+00   0.0000e+00   2.3660e-04   2.4675e+02
20191201_21:00:00   1.0879e-01   3.1866e+01   2.5710e+00   0.0000e+00   0.0000e+00   2.4732e+02
20191202_00:00:00   8.7878e-02   2.6612e+01   2.1354e+00   0.0000e+00   0.0000e+00   2.4609e+02
20191202_03:00:00   6.9314e-02   2.2149e+01   1.6394e+00   0.0000e+00   0.0000e+00   2.4587e+02
20191202_06:00:00   4.4329e-02   1.5991e+01   9.1117e-01   0.0000e+00   0.0000e+00   2.4815e+02
20191202_09:00:00   3.2608e-02   1.2897e+01   6.0204e-01   0.0000e+00   1.8369e-05   2.4822e+02
20191202_12:00:00   3.2468e-02   1.2863e+01   5.9745e-01   0.0000e+00   1.8891e-03   2.5211e+02
20191202_15:00:00   3.8775e-02   1.4572e+01   7.6480e-01   0.0000e+00   1.3906e-03   2.5021e+02
20191202_18:00:00   4.0699e-02   1.5077e+01   8.1765e-01   0.0000e+00   0.0000e+00   2.4860e+02
20191202_21:00:00   4.5025e-02   1.6234e+01   9.1808e-01   0.0000e+00   0.0000e+00   2.4665e+02
20191203_00:00:00   4.5902e-02   1.6524e+01   9.3183e-01   0.0000e+00   0.0000e+00   2.4523e+02
20191203_03:00:00   4.6017e-02   1.6507e+01   9.6213e-01   0.0000e+00   0.0000e+00   2.4517e+02
20191203_06:00:00   5.8372e-02   1.9606e+01   1.2879e+00   0.0000e+00   0.0000e+00   2.4802e+02
20191203_09:00:00   6.4768e-02   2.1332e+01   1.4103e+00   0.0000e+00   0.0000e+00   2.4968e+02
20191203_12:00:00   9.1572e-02   2.8016e+01   2.0468e+00   0.0000e+00   0.0000e+00   2.4908e+02
20191203_15:00:00   1.3118e-01   3.7447e+01   3.0487e+00   0.0000e+00   0.0000e+00   2.4882e+02
20191203_18:00:00   1.4152e-01   3.9606e+01   3.3716e+00   0.0000e+00   0.0000e+00   2.4716e+02
20191203_21:00:00   6.4532e-02   2.1261e+01   1.3849e+00   0.0000e+00   0.0000e+00   2.4677e+02
20191204_00:00:00   7.6885e-02   2.4354e+01   1.6627e+00   0.0000e+00   0.0000e+00   2.4539e+02
20191204_03:00:00   4.6039e-02   1.6565e+01   9.0252e-01   0.0000e+00   0.0000e+00   2.4569e+02
20191204_06:00:00   3.8383e-02   1.4504e+01   7.1980e-01   0.0000e+00   0.0000e+00   2.4762e+02
20191204_09:00:00   3.3184e-02   1.3095e+01   5.9510e-01   0.0000e+00   0.0000e+00   2.4809e+02
20191204_12:00:00   3.0870e-02   1.2457e+01   5.4223e-01   0.0000e+00   2.6120e-08   2.4856e+02
20191204_15:00:00   3.9832e-02   1.4858e+01   7.7219e-01   0.0000e+00   8.4040e-06   2.4754e+02
20191204_18:00:00   5.2042e-02   1.8021e+01   1.0817e+00   0.0000e+00   1.6696e-04   2.4809e+02
20191204_21:00:00   8.6252e-02   2.6511e+01   1.9064e+00   0.0000e+00   4.5580e-07   2.4900e+02
20191205_00:00:00   5.2089e-02   1.8034e+01   1.0440e+00   0.0000e+00   0.0000e+00   2.4833e+02
20191205_03:00:00   3.9096e-02   1.4685e+01   7.4180e-01   0.0000e+00   0.0000e+00   2.4917e+02
20191205_06:00:00   2.8825e-02   1.1901e+01   4.9089e-01   0.0000e+00   5.5380e-05   2.4954e+02
20191205_09:00:00   2.7815e-02   1.1606e+01   4.6810e-01   0.0000e+00   1.4464e-04   2.5097e+02
20191205_12:00:00   3.1339e-02   1.2546e+01   5.6456e-01   0.0000e+00   1.1028e-03   2.5403e+02
20191205_15:00:00   3.6710e-02   1.3977e+01   7.0639e-01   0.0000e+00   1.4522e-03   2.5191e+02
20191205_18:00:00   4.3157e-02   1.5682e+01   8.7095e-01   0.0000e+00   3.1131e-03   2.5239e+02
20191205_21:00:00   6.4221e-02   2.1088e+01   1.3769e+00   0.0000e+00   9.3040e-04   2.5175e+02
20191206_00:00:00   7.2225e-02   2.3139e+01   1.5188e+00   0.0000e+00   0.0000e+00   2.5247e+02
20191206_03:00:00   4.3825e-02   1.5897e+01   8.8176e-01   0.0000e+00   5.9200e-05   2.5288e+02
20191206_06:00:00   4.1477e-02   1.5253e+01   8.2599e-01   0.0000e+00   0.0000e+00   2.5162e+02
20191206_09:00:00   4.1482e-02   1.5225e+01   8.3499e-01   0.0000e+00   0.0000e+00   2.5646e+02
20191206_12:00:00   5.4778e-02   1.8614e+01   1.1944e+00   0.0000e+00   0.0000e+00   2.5391e+02
20191206_15:00:00   6.3633e-02   2.0919e+01   1.3966e+00   0.0000e+00   0.0000e+00   2.5131e+02
20191206_18:00:00   7.3771e-02   2.3435e+01   1.6395e+00   0.0000e+00   0.0000e+00   2.5292e+02
20191206_21:00:00   1.2593e-01   3.5904e+01   2.8342e+00   0.0000e+00   0.0000e+00   2.5286e+02
20191207_00:00:00   1.0160e-01   3.0230e+01   2.2223e+00   0.0000e+00   0.0000e+00   2.5213e+02
20191207_03:00:00   7.6515e-02   2.4183e+01   1.6611e+00   0.0000e+00   1.2543e-03   2.5289e+02
20191207_06:00:00   7.6737e-02   2.4208e+01   1.6618e+00   0.0000e+00   0.0000e+00   2.5446e+02
20191207_09:00:00   7.4997e-02   2.3709e+01   1.6267e+00   0.0000e+00   0.0000e+00   2.5488e+02
20191207_12:00:00   8.0722e-02   2.5089e+01   1.7668e+00   0.0000e+00   9.7203e-04   2.5305e+02
20191207_15:00:00   8.5687e-02   2.6336e+01   1.8780e+00   0.0000e+00   0.0000e+00   2.5312e+02
20191207_18:00:00   1.0680e-01   3.1377e+01   2.3474e+00   0.0000e+00   0.0000e+00   2.5010e+02
20191207_21:00:00   1.5201e-01   4.1630e+01   3.3283e+00   2.0704e-04   1.3521e-03   2.5180e+02
20191208_00:00:00   1.2489e-01   3.5376e+01   2.7030e+00   2.7494e-05   1.3676e-03   2.5131e+02
20191208_03:00:00   9.2245e-02   2.7860e+01   2.0041e+00   0.0000e+00   0.0000e+00   2.5211e+02
20191208_06:00:00   8.9635e-02   2.7167e+01   1.9644e+00   0.0000e+00   0.0000e+00   2.5250e+02
20191208_09:00:00   8.6668e-02   2.6393e+01   1.9088e+00   0.0000e+00   0.0000e+00   2.5304e+02
20191208_12:00:00   8.1300e-02   2.5089e+01   1.7815e+00   0.0000e+00   0.0000e+00   2.5475e+02
20191208_15:00:00   1.0717e-01   3.1279e+01   2.3927e+00   0.0000e+00   0.0000e+00   2.5383e+02
20191208_18:00:00   1.2734e-01   3.6026e+01   2.8579e+00   0.0000e+00   0.0000e+00   2.5477e+02
20191208_21:00:00   1.3771e-01   3.8264e+01   3.1144e+00   0.0000e+00   2.0146e-05   2.4968e+02
20191209_00:00:00   9.5919e-02   2.8660e+01   2.1055e+00   0.0000e+00   1.5409e-05   2.4967e+02
20191209_03:00:00   6.7874e-02   2.1922e+01   1.4621e+00   0.0000e+00   0.0000e+00   2.4920e+02
20191209_06:00:00   8.7286e-02   2.6552e+01   1.9342e+00   0.0000e+00   7.6760e-06   2.4845e+02
20191209_09:00:00   1.1516e-01   3.3130e+01   2.5581e+00   0.0000e+00   3.5278e-03   2.5144e+02
20191209_12:00:00   1.3773e-01   3.8290e+01   3.0647e+00   0.0000e+00   1.6266e-03   2.5164e+02
