#            date       tau225        Tb[K]      pwv[mm] lwp[kg*m^-2] iwp[kg*m^-2]       o3[DU]
20191109_18:00:00   8.4188e-02   2.5988e+01   1.9147e+00   0.0000e+00   4.2620e-06   2.4986e+02
20191109_19:00:00   8.1413e-02   2.5261e+01   1.8616e+00   0.0000e+00   2.6419e-04   2.4925e+02
20191109_20:00:00   7.4062e-02   2.3395e+01   1.6872e+00   0.0000e+00   2.7700e-03   2.4826e+02
20191109_21:00:00   7.7615e-02   2.4255e+01   1.7710e+00   0.0000e+00   7.0400e-04   2.4716e+02
20191109_22:00:00   7.9213e-02   2.4773e+01   1.7658e+00   0.0000e+00   0.0000e+00   2.4699e+02
20191109_23:00:00   7.1518e-02   2.2848e+01   1.5982e+00   0.0000e+00   0.0000e+00   2.4846e+02
20191110_00:00:00   7.0096e-02   2.2470e+01   1.5802e+00   0.0000e+00   0.0000e+00   2.4916e+02
20191110_01:00:00   7.3965e-02   2.3328e+01   1.7173e+00   0.0000e+00   0.0000e+00   2.4942e+02
20191110_02:00:00   8.5510e-02   2.6008e+01   2.0531e+00   0.0000e+00   7.6940e-05   2.4821e+02
20191110_03:00:00   9.3612e-02   2.7908e+01   2.2600e+00   0.0000e+00   0.0000e+00   2.4794e+02
20191110_04:00:00   9.3489e-02   2.7815e+01   2.2638e+00   0.0000e+00   1.7163e-03   2.4970e+02
20191110_05:00:00   9.6774e-02   2.8535e+01   2.3537e+00   0.0000e+00   4.8736e-03   2.5275e+02
20191110_06:00:00   9.9029e-02   2.9125e+01   2.3975e+00   0.0000e+00   3.8028e-05   2.5195e+02
20191110_07:00:00   1.0677e-01   3.1012e+01   2.5761e+00   0.0000e+00   1.3170e-04   2.5129e+02
20191110_08:00:00   1.1322e-01   3.2597e+01   2.7269e+00   0.0000e+00   1.6771e-03   2.5168e+02
20191110_09:00:00   1.1469e-01   3.3013e+01   2.7401e+00   0.0000e+00   4.0640e-03   2.5248e+02
20191110_10:00:00   1.1870e-01   3.4009e+01   2.8155e+00   0.0000e+00   6.0570e-03   2.5061e+02
20191110_11:00:00   1.3556e-01   3.7937e+01   3.2143e+00   0.0000e+00   4.7281e-03   2.4942e+02
20191110_12:00:00   1.3930e-01   3.8816e+01   3.3018e+00   0.0000e+00   4.9008e-03   2.4929e+02
20191110_13:00:00   1.4418e-01   3.9992e+01   3.4012e+00   0.0000e+00   7.4334e-03   2.4890e+02
20191110_14:00:00   1.5506e-01   4.2501e+01   3.6476e+00   0.0000e+00   4.9731e-03   2.4762e+02
20191110_15:00:00   1.7321e-01   4.6469e+01   4.1193e+00   0.0000e+00   7.7679e-03   2.4714e+02
20191110_16:00:00   1.6991e-01   4.5657e+01   4.0977e+00   0.0000e+00   6.9350e-03   2.4739e+02
20191110_17:00:00   1.3689e-01   3.8305e+01   3.2830e+00   0.0000e+00   9.2783e-03   2.4587e+02
20191110_18:00:00   1.1960e-01   3.4325e+01   2.8464e+00   0.0000e+00   1.1541e-02   2.4525e+02
20191110_19:00:00   1.1191e-01   3.2512e+01   2.6560e+00   0.0000e+00   3.4711e-03   2.4547e+02
20191110_20:00:00   1.0670e-01   3.1224e+01   2.5428e+00   0.0000e+00   1.3969e-03   2.4490e+02
20191110_21:00:00   1.0958e-01   3.1873e+01   2.6182e+00   0.0000e+00   1.4827e-06   2.4507e+02
20191110_22:00:00   1.0853e-01   3.1586e+01   2.5833e+00   0.0000e+00   0.0000e+00   2.4565e+02
20191110_23:00:00   9.7973e-02   2.9034e+01   2.3437e+00   0.0000e+00   0.0000e+00   2.4549e+02
20191111_00:00:00   1.0182e-01   2.9784e+01   2.4942e+00   0.0000e+00   4.9771e-04   2.4606e+02
20191111_01:00:00   1.0321e-01   3.0085e+01   2.5231e+00   0.0000e+00   5.2751e-03   2.4611e+02
20191111_02:00:00   1.1992e-01   3.3889e+01   2.9653e+00   0.0000e+00   7.6918e-03   2.4719e+02
20191111_03:00:00   1.7169e-01   4.5614e+01   4.1830e+00   0.0000e+00   1.0596e-02   2.4743e+02
20191111_04:00:00   1.8009e-01   4.7430e+01   4.3597e+00   0.0000e+00   5.3398e-02   2.4675e+02
20191111_05:00:00   1.7707e-01   4.6714e+01   4.2836e+00   0.0000e+00   8.9093e-02   2.4527e+02
20191111_06:00:00   1.7163e-01   4.5461e+01   4.1620e+00   0.0000e+00   1.1863e-01   2.4461e+02
20191111_07:00:00   1.7835e-01   4.7020e+01   4.3226e+00   0.0000e+00   4.7628e-02   2.4407e+02
20191111_08:00:00   1.8051e-01   4.7527e+01   4.3551e+00   0.0000e+00   6.2902e-02   2.4386e+02
20191111_09:00:00   1.7953e-01   4.7392e+01   4.3371e+00   0.0000e+00   1.8922e-02   2.4364e+02
20191111_10:00:00   1.7807e-01   4.7112e+01   4.3059e+00   0.0000e+00   1.8554e-02   2.4392e+02
20191111_11:00:00   1.7459e-01   4.6345e+01   4.2389e+00   0.0000e+00   1.9781e-02   2.4484e+02
20191111_12:00:00   1.7351e-01   4.6131e+01   4.2201e+00   0.0000e+00   2.1837e-02   2.4499e+02
20191111_13:00:00   1.7314e-01   4.6009e+01   4.2306e+00   0.0000e+00   5.2132e-02   2.4489e+02
20191111_14:00:00   1.9184e-01   5.0117e+01   4.6735e+00   0.0000e+00   5.3543e-02   2.4403e+02
20191111_15:00:00   2.0483e-01   5.3004e+01   4.9758e+00   0.0000e+00   2.3190e-02   2.4281e+02
20191111_16:00:00   2.3472e-01   5.9085e+01   5.3576e+00   7.3400e-03   5.8406e-02   2.4213e+02
20191111_17:00:00   2.3088e-01   5.8271e+01   5.6094e+00   0.0000e+00   1.3181e-01   2.4289e+02
20191111_18:00:00   2.3809e-01   5.9603e+01   5.7635e+00   0.0000e+00   2.2383e-01   2.4291e+02
20191111_19:00:00   2.3956e-01   5.9874e+01   5.7673e+00   0.0000e+00   2.4186e-01   2.4351e+02
20191111_20:00:00   2.2627e-01   5.7174e+01   5.4332e+00   0.0000e+00   2.1766e-01   2.4346e+02
20191111_21:00:00   2.0174e-01   5.2125e+01   4.9130e+00   0.0000e+00   2.3611e-02   2.4297e+02
20191111_22:00:00   1.8637e-01   4.8759e+01   4.5466e+00   0.0000e+00   7.4774e-03   2.4342e+02
20191111_23:00:00   1.5434e-01   4.1559e+01   3.8074e+00   0.0000e+00   9.3043e-02   2.4381e+02
20191112_00:00:00   1.5688e-01   4.2106e+01   3.9228e+00   0.0000e+00   7.1445e-02   2.4325e+02
20191112_01:00:00   1.7190e-01   4.5438e+01   4.3234e+00   0.0000e+00   2.2710e-02   2.4317e+02
20191112_02:00:00   1.7796e-01   4.6848e+01   4.4608e+00   0.0000e+00   2.2054e-03   2.4574e+02
20191112_03:00:00   1.8272e-01   4.7853e+01   4.5536e+00   0.0000e+00   2.6528e-03   2.4455e+02
20191112_04:00:00   1.8578e-01   4.8438e+01   4.6148e+00   0.0000e+00   7.1804e-03   2.4383e+02
20191112_05:00:00   1.8847e-01   4.9027e+01   4.6708e+00   0.0000e+00   2.4136e-02   2.4234e+02
20191112_06:00:00   1.8643e-01   4.8589e+01   4.6408e+00   0.0000e+00   2.9603e-02   2.4219e+02
20191112_07:00:00   1.8305e-01   4.7877e+01   4.5528e+00   0.0000e+00   4.7809e-02   2.4343e+02
20191112_08:00:00   1.8166e-01   4.7618e+01   4.5285e+00   0.0000e+00   2.1077e-02   2.4334e+02
20191112_09:00:00   1.7962e-01   4.7227e+01   4.4682e+00   0.0000e+00   8.2767e-03   2.4335e+02
20191112_10:00:00   1.8458e-01   4.8228e+01   4.5811e+00   0.0000e+00   3.9889e-02   2.4337e+02
20191112_11:00:00   1.9026e-01   4.9470e+01   4.7320e+00   0.0000e+00   2.5471e-02   2.4334e+02
20191112_12:00:00   1.8733e-01   4.8863e+01   4.6449e+00   0.0000e+00   1.4583e-02   2.4459e+02
20191112_13:00:00   1.9215e-01   4.9930e+01   4.7482e+00   0.0000e+00   8.6294e-03   2.4533e+02
20191112_14:00:00   1.9640e-01   5.0895e+01   4.8370e+00   0.0000e+00   2.8878e-03   2.4555e+02
20191112_15:00:00   1.9592e-01   5.0847e+01   4.8142e+00   0.0000e+00   1.1644e-03   2.4519e+02
20191112_16:00:00   1.9298e-01   5.0257e+01   4.7436e+00   0.0000e+00   3.4876e-03   2.4449e+02
20191112_17:00:00   1.9028e-01   4.9706e+01   4.6822e+00   0.0000e+00   5.6744e-04   2.4434e+02
20191112_18:00:00   1.8631e-01   4.8776e+01   4.6032e+00   0.0000e+00   1.0771e-02   2.4426e+02
20191112_19:00:00   1.8457e-01   4.8305e+01   4.5753e+00   0.0000e+00   4.2878e-02   2.4420e+02
20191112_20:00:00   1.7318e-01   4.5915e+01   4.2736e+00   0.0000e+00   8.0520e-04   2.4423e+02
20191112_21:00:00   1.5764e-01   4.2516e+01   3.8831e+00   0.0000e+00   1.2040e-03   2.4493e+02
20191112_22:00:00   1.5404e-01   4.1745e+01   3.7723e+00   0.0000e+00   4.4605e-04   2.4504e+02
20191112_23:00:00   1.3751e-01   3.8024e+01   3.3732e+00   0.0000e+00   2.0323e-04   2.4534e+02
20191113_00:00:00   1.2714e-01   3.5615e+01   3.1143e+00   0.0000e+00   3.2560e-04   2.4533e+02
20191113_01:00:00   1.2226e-01   3.4556e+01   2.9860e+00   0.0000e+00   0.0000e+00   2.4443e+02
20191113_02:00:00   1.1663e-01   3.3304e+01   2.8264e+00   0.0000e+00   0.0000e+00   2.4435e+02
20191113_03:00:00   1.0445e-01   3.0485e+01   2.5248e+00   0.0000e+00   0.0000e+00   2.4406e+02
20191113_04:00:00   9.5566e-02   2.8350e+01   2.3167e+00   0.0000e+00   0.0000e+00   2.4455e+02
20191113_05:00:00   8.9880e-02   2.6976e+01   2.1749e+00   0.0000e+00   0.0000e+00   2.4397e+02
20191113_06:00:00   8.4135e-02   2.5601e+01   2.0174e+00   0.0000e+00   0.0000e+00   2.4547e+02
20191113_07:00:00   7.8167e-02   2.4122e+01   1.8644e+00   0.0000e+00   0.0000e+00   2.4678e+02
20191113_08:00:00   7.6264e-02   2.3629e+01   1.8200e+00   0.0000e+00   0.0000e+00   2.4721e+02
20191113_09:00:00   7.1415e-02   2.2416e+01   1.6995e+00   0.0000e+00   0.0000e+00   2.4683e+02
20191113_10:00:00   6.5082e-02   2.0855e+01   1.5328e+00   0.0000e+00   0.0000e+00   2.4679e+02
20191113_11:00:00   5.8623e-02   1.9276e+01   1.3566e+00   0.0000e+00   0.0000e+00   2.4796e+02
20191113_12:00:00   5.7149e-02   1.8977e+01   1.2950e+00   0.0000e+00   0.0000e+00   2.4886e+02
20191113_13:00:00   5.5418e-02   1.8565e+01   1.2512e+00   0.0000e+00   0.0000e+00   2.4865e+02
20191113_14:00:00   6.0150e-02   1.9763e+01   1.3732e+00   0.0000e+00   0.0000e+00   2.4762e+02
20191113_15:00:00   6.7790e-02   2.1708e+01   1.5617e+00   0.0000e+00   0.0000e+00   2.4619e+02
20191113_16:00:00   7.0007e-02   2.2283e+01   1.6190e+00   0.0000e+00   0.0000e+00   2.4650e+02
20191113_17:00:00   7.7940e-02   2.4251e+01   1.8135e+00   0.0000e+00   0.0000e+00   2.4810e+02
20191113_18:00:00   8.0071e-02   2.4737e+01   1.8781e+00   0.0000e+00   0.0000e+00   2.4953e+02
20191113_19:00:00   7.3909e-02   2.3227e+01   1.7194e+00   0.0000e+00   3.8000e-03   2.4890e+02
20191113_20:00:00   6.9846e-02   2.2206e+01   1.6169e+00   0.0000e+00   9.6439e-03   2.4905e+02
20191113_21:00:00   8.2514e-02   2.5335e+01   1.9271e+00   0.0000e+00   1.0534e-03   2.5033e+02
20191113_22:00:00   1.0013e-01   2.9544e+01   2.3666e+00   0.0000e+00   2.1846e-03   2.4894e+02
20191113_23:00:00   1.0205e-01   3.0032e+01   2.3903e+00   0.0000e+00   3.3000e-04   2.4902e+02
20191114_00:00:00   8.6057e-02   2.6219e+01   1.9916e+00   0.0000e+00   3.8380e-05   2.5002e+02
20191114_01:00:00   7.8791e-02   2.4436e+01   1.8295e+00   0.0000e+00   0.0000e+00   2.4940e+02
20191114_02:00:00   6.5441e-02   2.1114e+01   1.5140e+00   0.0000e+00   4.5580e-07   2.4839e+02
20191114_03:00:00   5.9748e-02   1.9623e+01   1.3906e+00   0.0000e+00   7.0640e-06   2.4672e+02
20191114_04:00:00   5.1660e-02   1.7590e+01   1.1736e+00   0.0000e+00   8.0520e-06   2.4524e+02
20191114_05:00:00   4.5339e-02   1.6032e+01   9.8763e-01   0.0000e+00   0.0000e+00   2.4663e+02
20191114_06:00:00   4.6729e-02   1.6392e+01   1.0199e+00   0.0000e+00   0.0000e+00   2.4877e+02
20191114_07:00:00   4.6677e-02   1.6371e+01   1.0201e+00   0.0000e+00   0.0000e+00   2.4905e+02
20191114_08:00:00   4.9430e-02   1.7077e+01   1.0892e+00   0.0000e+00   0.0000e+00   2.4818e+02
20191114_09:00:00   4.9401e-02   1.7091e+01   1.0825e+00   0.0000e+00   0.0000e+00   2.4858e+02
20191114_10:00:00   4.9655e-02   1.7183e+01   1.0813e+00   0.0000e+00   0.0000e+00   2.4987e+02
20191114_11:00:00   4.8831e-02   1.6974e+01   1.0622e+00   0.0000e+00   0.0000e+00   2.5000e+02
20191114_12:00:00   4.9366e-02   1.7121e+01   1.0745e+00   0.0000e+00   7.6760e-06   2.5092e+02
20191114_13:00:00   5.0331e-02   1.7411e+01   1.0918e+00   0.0000e+00   1.1020e-05   2.5045e+02
20191114_14:00:00   6.1016e-02   2.0179e+01   1.3593e+00   0.0000e+00   5.6140e-05   2.4964e+02
20191114_15:00:00   7.8407e-02   2.4498e+01   1.8128e+00   0.0000e+00   1.5350e-05   2.4726e+02
20191114_16:00:00   8.9148e-02   2.7159e+01   2.0899e+00   0.0000e+00   0.0000e+00   2.4577e+02
20191114_17:00:00   9.9921e-02   2.9802e+01   2.3566e+00   0.0000e+00   0.0000e+00   2.4561e+02
20191114_18:00:00   9.3234e-02   2.8243e+01   2.1737e+00   0.0000e+00   0.0000e+00   2.4591e+02
20191114_21:00:00   7.4157e-02   2.3575e+01   1.6649e+00   0.0000e+00   0.0000e+00   2.4924e+02
20191115_00:00:00   6.5023e-02   2.1309e+01   1.4195e+00   0.0000e+00   3.5333e-05   2.5081e+02
20191115_03:00:00   8.1320e-02   2.5332e+01   1.8297e+00   0.0000e+00   8.5795e-05   2.5123e+02
20191115_06:00:00   1.0525e-01   3.1032e+01   2.4219e+00   0.0000e+00   1.4306e-04   2.5221e+02
20191115_09:00:00   1.0532e-01   3.1050e+01   2.4033e+00   0.0000e+00   6.4297e-04   2.5544e+02
20191115_12:00:00   1.2561e-01   3.5909e+01   2.8304e+00   0.0000e+00   1.5773e-04   2.5230e+02
20191115_15:00:00   1.6168e-01   4.4208e+01   3.7334e+00   0.0000e+00   2.6656e-04   2.5500e+02
20191115_18:00:00   2.5877e-01   6.4296e+01   6.1147e+00   0.0000e+00   1.1667e-01   2.5738e+02
20191115_21:00:00   1.0844e-01   3.1883e+01   2.4620e+00   0.0000e+00   1.6073e-04   2.5671e+02
20191116_00:00:00   8.2017e-02   2.5471e+01   1.8123e+00   0.0000e+00   1.3836e-04   2.5890e+02
20191116_03:00:00   8.3224e-02   2.5681e+01   1.8936e+00   0.0000e+00   3.4254e-04   2.5764e+02
20191116_06:00:00   6.9083e-02   2.2187e+01   1.5311e+00   0.0000e+00   3.5869e-04   2.5814e+02
20191116_09:00:00   4.4943e-02   1.6058e+01   9.2295e-01   0.0000e+00   3.0317e-04   2.5990e+02
20191116_12:00:00   4.3676e-02   1.5753e+01   8.8186e-01   0.0000e+00   1.3169e-04   2.6276e+02
20191116_15:00:00   6.1039e-02   2.0239e+01   1.3269e+00   0.0000e+00   1.4488e-04   2.6061e+02
20191116_18:00:00   9.0913e-02   2.7597e+01   2.0980e+00   0.0000e+00   3.3379e-05   2.6157e+02
20191116_21:00:00   9.2700e-02   2.7860e+01   2.1707e+00   0.0000e+00   2.3845e-04   2.6125e+02
20191117_00:00:00   1.2885e-01   3.6288e+01   3.1126e+00   0.0000e+00   2.9735e-04   2.6252e+02
20191117_03:00:00   1.3094e-01   3.6720e+01   3.1549e+00   0.0000e+00   5.7165e-04   2.6105e+02
20191117_06:00:00   1.3906e-01   3.8525e+01   3.3291e+00   0.0000e+00   9.0960e-05   2.5938e+02
20191117_09:00:00   1.3599e-01   3.7892e+01   3.2189e+00   0.0000e+00   2.1233e-05   2.5796e+02
20191117_12:00:00   1.1501e-01   3.3270e+01   2.6381e+00   0.0000e+00   0.0000e+00   2.5695e+02
20191117_15:00:00   1.0935e-01   3.2077e+01   2.4978e+00   0.0000e+00   0.0000e+00   2.5539e+02
20191117_18:00:00   1.1235e-01   3.2769e+01   2.5877e+00   0.0000e+00   0.0000e+00   2.5359e+02
20191117_21:00:00   1.0260e-01   3.0385e+01   2.3337e+00   0.0000e+00   0.0000e+00   2.5616e+02
20191118_00:00:00   7.8669e-02   2.4611e+01   1.7413e+00   0.0000e+00   0.0000e+00   2.5333e+02
20191118_03:00:00   6.2384e-02   2.0566e+01   1.3496e+00   0.0000e+00   0.0000e+00   2.5307e+02
20191118_06:00:00   4.7556e-02   1.6816e+01   9.6013e-01   0.0000e+00   0.0000e+00   2.5221e+02
20191118_09:00:00   4.0926e-02   1.5103e+01   7.8377e-01   0.0000e+00   0.0000e+00   2.5504e+02
20191118_12:00:00   4.4883e-02   1.6152e+01   8.7500e-01   0.0000e+00   0.0000e+00   2.5828e+02
20191118_15:00:00   6.5153e-02   2.1324e+01   1.3973e+00   0.0000e+00   0.0000e+00   2.5758e+02
20191118_18:00:00   7.8188e-02   2.4587e+01   1.7242e+00   0.0000e+00   0.0000e+00   2.5661e+02
20191118_21:00:00   7.3135e-02   2.3299e+01   1.5870e+00   0.0000e+00   0.0000e+00   2.5634e+02
20191119_00:00:00   6.2976e-02   2.0785e+01   1.3078e+00   0.0000e+00   0.0000e+00   2.5687e+02
20191119_03:00:00   4.3288e-02   1.5757e+01   8.3969e-01   0.0000e+00   0.0000e+00   2.5676e+02
20191119_06:00:00   4.3751e-02   1.5847e+01   8.5715e-01   0.0000e+00   0.0000e+00   2.5739e+02
20191119_09:00:00   4.5992e-02   1.6414e+01   9.1679e-01   0.0000e+00   0.0000e+00   2.5768e+02
20191119_12:00:00   8.0413e-02   2.5042e+01   1.7619e+00   0.0000e+00   0.0000e+00   2.5890e+02
20191119_15:00:00   8.1428e-02   2.5293e+01   1.8307e+00   0.0000e+00   0.0000e+00   2.5659e+02
20191119_18:00:00   9.1557e-02   2.7815e+01   2.0934e+00   0.0000e+00   0.0000e+00   2.5753e+02
20191119_21:00:00   1.0715e-01   3.1402e+01   2.4924e+00   0.0000e+00   0.0000e+00   2.5808e+02
20191120_00:00:00   1.0334e-01   3.0667e+01   2.3424e+00   0.0000e+00   0.0000e+00   2.5891e+02
20191120_03:00:00   6.4423e-02   2.1194e+01   1.3689e+00   0.0000e+00   0.0000e+00   2.5530e+02
20191120_06:00:00   7.5040e-02   2.3802e+01   1.6341e+00   0.0000e+00   4.8000e-06   2.5675e+02
20191120_09:00:00   7.7451e-02   2.4391e+01   1.6748e+00   0.0000e+00   8.6470e-07   2.5668e+02
20191120_12:00:00   7.8042e-02   2.4534e+01   1.6856e+00   0.0000e+00   1.3930e-09   2.5712e+02
20191120_15:00:00   8.0699e-02   2.5231e+01   1.7788e+00   0.0000e+00   0.0000e+00   2.5598e+02
20191120_18:00:00   8.0864e-02   2.5284e+01   1.7882e+00   0.0000e+00   0.0000e+00   2.5276e+02
20191120_21:00:00   9.2762e-02   2.8115e+01   2.0843e+00   0.0000e+00   0.0000e+00   2.5445e+02
20191121_00:00:00   7.9112e-02   2.4782e+01   1.7409e+00   0.0000e+00   0.0000e+00   2.5467e+02
20191121_03:00:00   6.8822e-02   2.2234e+01   1.5102e+00   0.0000e+00   0.0000e+00   2.5283e+02
20191121_06:00:00   7.9229e-02   2.4730e+01   1.7809e+00   0.0000e+00   0.0000e+00   2.5372e+02
20191121_09:00:00   8.4281e-02   2.5921e+01   1.8969e+00   0.0000e+00   0.0000e+00   2.5402e+02
20191121_12:00:00   8.4108e-02   2.5903e+01   1.8876e+00   0.0000e+00   0.0000e+00   2.5300e+02
20191121_15:00:00   8.5842e-02   2.6440e+01   1.9220e+00   0.0000e+00   0.0000e+00   2.5216e+02
20191121_18:00:00   8.0097e-02   2.5123e+01   1.7672e+00   0.0000e+00   0.0000e+00   2.5022e+02
20191121_21:00:00   8.5572e-02   2.6421e+01   1.8952e+00   0.0000e+00   0.0000e+00   2.5016e+02
20191122_00:00:00   7.0809e-02   2.2808e+01   1.5205e+00   0.0000e+00   0.0000e+00   2.5064e+02
20191122_03:00:00   1.0154e-01   3.0077e+01   2.3976e+00   0.0000e+00   0.0000e+00   2.5041e+02
20191122_06:00:00   1.0212e-01   3.0211e+01   2.3969e+00   0.0000e+00   1.1696e-04   2.4906e+02
20191122_09:00:00   1.0234e-01   3.0350e+01   2.3479e+00   0.0000e+00   5.9243e-04   2.5077e+02
20191122_12:00:00   1.0940e-01   3.2109e+01   2.4943e+00   0.0000e+00   7.2280e-04   2.5282e+02
20191122_15:00:00   1.2233e-01   3.5206e+01   2.8373e+00   0.0000e+00   1.8378e-04   2.4890e+02
20191122_18:00:00   1.6179e-01   4.4013e+01   3.8953e+00   0.0000e+00   5.0074e-05   2.4806e+02
20191122_21:00:00   1.1281e-01   3.2878e+01   2.6466e+00   0.0000e+00   0.0000e+00   2.4895e+02
20191123_00:00:00   9.0112e-02   2.7453e+01   2.0828e+00   0.0000e+00   4.6240e-05   2.4968e+02
20191123_03:00:00   1.1704e-01   3.3653e+01   2.8243e+00   0.0000e+00   9.2234e-04   2.4961e+02
20191123_06:00:00   1.3847e-01   3.8758e+01   3.2703e+00   0.0000e+00   1.5059e-03   2.4914e+02
20191123_09:00:00   1.3302e-01   3.7510e+01   3.1304e+00   0.0000e+00   3.1236e-03   2.5220e+02
20191123_12:00:00   1.1048e-01   3.2310e+01   2.5892e+00   0.0000e+00   3.3796e-03   2.5305e+02
20191123_15:00:00   1.0395e-01   3.0859e+01   2.4333e+00   0.0000e+00   3.6042e-03   2.5258e+02
20191123_18:00:00   1.0760e-01   3.1684e+01   2.5571e+00   0.0000e+00   4.3120e-04   2.5146e+02
20191123_21:00:00   1.1884e-01   3.4138e+01   2.8949e+00   0.0000e+00   0.0000e+00   2.5213e+02
20191124_00:00:00   1.3342e-01   3.7499e+01   3.2816e+00   0.0000e+00   1.7196e-04   2.5289e+02
20191124_03:00:00   1.2469e-01   3.5455e+01   3.0689e+00   0.0000e+00   2.3515e-03   2.5096e+02
20191124_06:00:00   1.1896e-01   3.4068e+01   2.8998e+00   0.0000e+00   1.9562e-05   2.5231e+02
20191124_09:00:00   1.0174e-01   3.0093e+01   2.4238e+00   0.0000e+00   1.0837e-04   2.5479e+02
20191124_12:00:00   9.8015e-02   2.9290e+01   2.3163e+00   0.0000e+00   1.3072e-05   2.5469e+02
20191124_15:00:00   1.0593e-01   3.1242e+01   2.5292e+00   0.0000e+00   3.7650e-05   2.5726e+02
20191124_18:00:00   1.0075e-01   3.0067e+01   2.4072e+00   0.0000e+00   9.9490e-06   2.5496e+02
20191124_21:00:00   8.2508e-02   2.5564e+01   1.9436e+00   0.0000e+00   0.0000e+00   2.5307e+02
20191125_00:00:00   1.0060e-01   2.9821e+01   2.4475e+00   0.0000e+00   3.1700e-03   2.5357e+02
20191125_03:00:00   9.5000e-02   2.8410e+01   2.2951e+00   0.0000e+00   0.0000e+00   2.5513e+02
20191125_06:00:00   8.8620e-02   2.6999e+01   2.0690e+00   0.0000e+00   0.0000e+00   2.5484e+02
20191125_09:00:00   8.6557e-02   2.6494e+01   2.0008e+00   0.0000e+00   1.9334e-05   2.5495e+02
20191125_12:00:00   1.0286e-01   3.0515e+01   2.3716e+00   0.0000e+00   5.1380e-05   2.5510e+02
20191125_15:00:00   1.2483e-01   3.5744e+01   2.9379e+00   0.0000e+00   2.8389e-03   2.5326e+02
20191125_18:00:00   1.2731e-01   3.6298e+01   3.0334e+00   0.0000e+00   6.3720e-03   2.5520e+02
