#            date       tau225        Tb[K]      pwv[mm] lwp[kg*m^-2] iwp[kg*m^-2]       o3[DU]
20191118_18:00:00   2.4182e-01   6.0664e+01   5.7518e+00   0.0000e+00   1.7010e-01   2.5779e+02
20191118_19:00:00   2.9478e-01   7.1066e+01   6.8805e+00   0.0000e+00   2.6882e-01   2.5733e+02
20191118_20:00:00   3.1418e-01   7.4688e+01   7.2059e+00   0.0000e+00   3.0904e-01   2.5712e+02
20191118_21:00:00   2.9265e-01   7.0629e+01   6.7963e+00   0.0000e+00   2.1437e-01   2.5711e+02
20191118_22:00:00   2.6422e-01   6.5165e+01   6.2455e+00   0.0000e+00   5.7021e-03   2.5852e+02
20191118_23:00:00   2.4319e-01   6.1108e+01   5.6974e+00   0.0000e+00   2.3127e-03   2.5981e+02
20191119_00:00:00   2.1783e-01   5.6021e+01   5.1125e+00   0.0000e+00   8.8197e-04   2.6029e+02
20191119_01:00:00   2.1657e-01   5.5760e+01   5.0478e+00   0.0000e+00   8.1629e-04   2.6141e+02
20191119_02:00:00   2.1527e-01   5.5517e+01   5.0212e+00   0.0000e+00   2.3953e-04   2.6075e+02
20191119_03:00:00   2.2321e-01   5.7169e+01   5.1819e+00   0.0000e+00   1.6692e-04   2.5867e+02
20191119_04:00:00   2.3451e-01   5.9476e+01   5.3989e+00   0.0000e+00   6.6237e-04   2.5848e+02
20191119_05:00:00   2.3008e-01   5.8610e+01   5.2542e+00   0.0000e+00   9.3327e-05   2.5917e+02
20191119_06:00:00   2.3578e-01   5.9715e+01   5.3705e+00   0.0000e+00   9.4381e-05   2.5956e+02
20191119_07:00:00   2.4341e-01   6.1163e+01   5.5544e+00   0.0000e+00   1.2075e-03   2.6109e+02
20191119_08:00:00   2.4332e-01   6.1130e+01   5.5689e+00   0.0000e+00   6.3763e-03   2.6121e+02
20191119_09:00:00   2.3994e-01   6.0434e+01   5.5021e+00   0.0000e+00   2.1631e-03   2.5879e+02
20191119_10:00:00   2.3771e-01   5.9939e+01   5.4598e+00   0.0000e+00   1.3360e-03   2.5692e+02
20191119_11:00:00   2.3290e-01   5.9009e+01   5.3116e+00   0.0000e+00   1.5776e-02   2.5516e+02
20191119_12:00:00   2.4407e-01   6.1306e+01   5.5009e+00   0.0000e+00   6.0432e-02   2.5392e+02
20191119_13:00:00   2.4971e-01   6.2453e+01   5.6390e+00   0.0000e+00   7.0880e-02   2.5354e+02
20191119_14:00:00   2.5051e-01   6.2653e+01   5.6701e+00   0.0000e+00   6.7153e-02   2.5445e+02
20191119_15:00:00   2.6596e-01   6.5837e+01   5.7831e+00   5.3240e-03   7.3573e-02   2.5643e+02
20191119_16:00:00   2.6518e-01   6.5833e+01   5.9738e+00   9.5940e-04   1.0618e-01   2.5712e+02
20191119_17:00:00   2.6971e-01   6.6882e+01   5.8689e+00   5.2760e-03   8.5214e-02   2.5751e+02
20191119_18:00:00   2.5264e-01   6.3499e+01   5.7166e+00   1.7978e-03   2.9520e-02   2.5719e+02
20191119_19:00:00   2.4325e-01   6.1571e+01   5.5551e+00   9.5940e-04   2.0396e-02   2.5593e+02
20191119_20:00:00   2.2276e-01   5.7243e+01   5.1439e+00   9.5940e-05   2.8343e-02   2.5470e+02
20191119_21:00:00   1.9309e-01   5.0979e+01   4.3838e+00   0.0000e+00   3.7758e-03   2.5344e+02
20191119_22:00:00   1.8141e-01   4.8420e+01   4.0776e+00   0.0000e+00   2.5654e-04   2.5369e+02
20191119_23:00:00   1.6943e-01   4.5765e+01   3.8067e+00   0.0000e+00   0.0000e+00   2.5220e+02
20191120_00:00:00   1.6780e-01   4.5392e+01   3.8227e+00   0.0000e+00   0.0000e+00   2.5260e+02
20191120_01:00:00   1.7563e-01   4.7098e+01   4.0090e+00   0.0000e+00   0.0000e+00   2.5250e+02
20191120_02:00:00   1.7512e-01   4.6950e+01   4.0065e+00   0.0000e+00   0.0000e+00   2.5282e+02
20191120_03:00:00   1.8092e-01   4.8170e+01   4.1513e+00   0.0000e+00   0.0000e+00   2.5258e+02
20191120_04:00:00   1.9422e-01   5.0966e+01   4.4796e+00   0.0000e+00   1.1730e-06   2.5214e+02
20191120_05:00:00   1.9887e-01   5.1961e+01   4.5698e+00   0.0000e+00   0.0000e+00   2.5214e+02
20191120_06:00:00   1.8719e-01   4.9513e+01   4.2811e+00   0.0000e+00   0.0000e+00   2.5249e+02
20191120_07:00:00   1.7248e-01   4.6336e+01   3.9372e+00   0.0000e+00   0.0000e+00   2.5312e+02
20191120_08:00:00   1.6019e-01   4.3620e+01   3.6531e+00   0.0000e+00   0.0000e+00   2.5348e+02
20191120_09:00:00   1.4094e-01   3.9310e+01   3.2101e+00   0.0000e+00   0.0000e+00   2.5203e+02
20191120_10:00:00   1.2471e-01   3.5574e+01   2.8401e+00   0.0000e+00   0.0000e+00   2.5152e+02
20191120_11:00:00   1.1601e-01   3.3533e+01   2.6430e+00   0.0000e+00   0.0000e+00   2.5324e+02
20191120_12:00:00   1.1611e-01   3.3579e+01   2.6378e+00   0.0000e+00   0.0000e+00   2.5493e+02
20191120_13:00:00   1.2002e-01   3.4523e+01   2.7290e+00   0.0000e+00   0.0000e+00   2.5563e+02
20191120_14:00:00   1.2658e-01   3.6052e+01   2.9072e+00   0.0000e+00   0.0000e+00   2.5591e+02
20191120_15:00:00   1.4036e-01   3.9225e+01   3.2578e+00   0.0000e+00   0.0000e+00   2.5502e+02
20191120_16:00:00   1.5516e-01   4.2540e+01   3.6509e+00   0.0000e+00   2.6861e-04   2.5472e+02
20191120_17:00:00   1.5141e-01   4.1730e+01   3.5485e+00   4.7980e-04   9.6706e-04   2.5346e+02
20191120_18:00:00   1.4020e-01   3.9236e+01   3.2988e+00   0.0000e+00   1.5351e-05   2.5205e+02
20191120_19:00:00   1.3741e-01   3.8530e+01   3.2568e+00   0.0000e+00   7.6760e-06   2.5166e+02
20191120_20:00:00   1.1711e-01   3.3834e+01   2.7522e+00   0.0000e+00   0.0000e+00   2.5090e+02
20191120_21:00:00   1.2476e-01   3.5685e+01   2.8882e+00   0.0000e+00   0.0000e+00   2.5060e+02
20191120_22:00:00   1.3151e-01   3.7307e+01   3.0003e+00   0.0000e+00   0.0000e+00   2.5160e+02
20191120_23:00:00   1.2454e-01   3.5714e+01   2.8110e+00   0.0000e+00   0.0000e+00   2.5132e+02
20191121_00:00:00   1.1856e-01   3.4285e+01   2.6731e+00   0.0000e+00   0.0000e+00   2.5106e+02
20191121_01:00:00   1.1421e-01   3.3246e+01   2.5775e+00   0.0000e+00   0.0000e+00   2.5204e+02
20191121_02:00:00   1.0894e-01   3.1985e+01   2.4759e+00   0.0000e+00   0.0000e+00   2.5261e+02
20191121_03:00:00   1.0915e-01   3.1989e+01   2.4993e+00   0.0000e+00   0.0000e+00   2.5305e+02
20191121_04:00:00   1.1521e-01   3.3368e+01   2.6578e+00   0.0000e+00   0.0000e+00   2.5420e+02
20191121_05:00:00   1.1821e-01   3.4019e+01   2.7432e+00   0.0000e+00   0.0000e+00   2.5357e+02
20191121_06:00:00   1.1651e-01   3.3615e+01   2.7010e+00   0.0000e+00   0.0000e+00   2.5390e+02
20191121_07:00:00   1.1188e-01   3.2555e+01   2.5785e+00   0.0000e+00   0.0000e+00   2.5375e+02
20191121_08:00:00   1.0481e-01   3.0895e+01   2.4062e+00   0.0000e+00   0.0000e+00   2.5516e+02
20191121_09:00:00   1.0060e-01   2.9889e+01   2.3086e+00   0.0000e+00   0.0000e+00   2.5564e+02
20191121_10:00:00   9.8042e-02   2.9270e+01   2.2412e+00   0.0000e+00   0.0000e+00   2.5615e+02
20191121_11:00:00   9.6325e-02   2.8866e+01   2.1974e+00   0.0000e+00   0.0000e+00   2.5640e+02
20191121_12:00:00   9.9622e-02   2.9663e+01   2.2723e+00   0.0000e+00   0.0000e+00   2.5577e+02
20191121_13:00:00   1.0537e-01   3.1051e+01   2.4132e+00   0.0000e+00   0.0000e+00   2.5493e+02
20191121_14:00:00   1.1042e-01   3.2273e+01   2.5415e+00   0.0000e+00   0.0000e+00   2.5439e+02
20191121_15:00:00   1.2363e-01   3.5382e+01   2.8712e+00   0.0000e+00   0.0000e+00   2.5340e+02
20191121_16:00:00   1.3757e-01   3.8620e+01   3.2250e+00   0.0000e+00   0.0000e+00   2.5344e+02
20191121_17:00:00   1.4812e-01   4.1033e+01   3.4932e+00   0.0000e+00   0.0000e+00   2.5377e+02
20191121_18:00:00   1.4799e-01   4.1041e+01   3.4781e+00   0.0000e+00   1.0746e-04   2.5339e+02
20191121_19:00:00   1.4080e-01   3.9447e+01   3.2994e+00   0.0000e+00   0.0000e+00   2.5329e+02
20191121_20:00:00   1.3364e-01   3.7770e+01   3.1290e+00   0.0000e+00   0.0000e+00   2.5229e+02
20191121_21:00:00   1.2518e-01   3.5756e+01   2.9315e+00   0.0000e+00   0.0000e+00   2.5132e+02
20191121_22:00:00   1.3413e-01   3.7913e+01   3.0675e+00   0.0000e+00   0.0000e+00   2.5066e+02
20191121_23:00:00   1.1789e-01   3.4201e+01   2.6696e+00   0.0000e+00   0.0000e+00   2.5047e+02
20191122_00:00:00   1.0101e-01   3.0208e+01   2.2585e+00   0.0000e+00   0.0000e+00   2.5038e+02
20191122_01:00:00   8.6166e-02   2.6627e+01   1.8924e+00   0.0000e+00   0.0000e+00   2.5069e+02
20191122_02:00:00   7.9933e-02   2.5107e+01   1.7428e+00   0.0000e+00   0.0000e+00   2.5031e+02
20191122_03:00:00   8.1292e-02   2.5397e+01   1.7894e+00   0.0000e+00   0.0000e+00   2.5089e+02
20191122_04:00:00   8.3014e-02   2.5800e+01   1.8401e+00   0.0000e+00   0.0000e+00   2.5144e+02
20191122_05:00:00   8.2524e-02   2.5636e+01   1.8455e+00   0.0000e+00   0.0000e+00   2.5262e+02
20191122_06:00:00   8.5259e-02   2.6264e+01   1.9206e+00   0.0000e+00   0.0000e+00   2.5189e+02
20191122_07:00:00   8.4716e-02   2.6122e+01   1.9089e+00   0.0000e+00   6.9640e-09   2.5198e+02
20191122_08:00:00   8.4678e-02   2.6097e+01   1.9045e+00   0.0000e+00   1.1730e-06   2.5208e+02
20191122_09:00:00   8.2680e-02   2.5604e+01   1.8525e+00   0.0000e+00   0.0000e+00   2.5197e+02
20191122_10:00:00   8.0460e-02   2.5064e+01   1.7976e+00   0.0000e+00   0.0000e+00   2.5294e+02
20191122_11:00:00   7.9966e-02   2.4949e+01   1.7836e+00   0.0000e+00   0.0000e+00   2.5406e+02
20191122_12:00:00   8.4693e-02   2.6102e+01   1.8945e+00   0.0000e+00   0.0000e+00   2.5236e+02
20191122_13:00:00   9.2506e-02   2.8002e+01   2.0928e+00   0.0000e+00   1.8230e-05   2.5044e+02
20191122_14:00:00   1.0763e-01   3.1630e+01   2.4708e+00   0.0000e+00   2.2360e-03   2.5023e+02
20191122_15:00:00   1.1950e-01   3.4480e+01   2.7711e+00   0.0000e+00   2.3165e-03   2.5215e+02
20191122_16:00:00   1.3836e-01   3.8840e+01   3.2636e+00   0.0000e+00   2.4783e-03   2.5269e+02
20191122_17:00:00   1.5710e-01   4.3087e+01   3.7179e+00   0.0000e+00   2.3314e-03   2.5090e+02
20191122_18:00:00   1.6944e-01   4.5796e+01   4.0171e+00   0.0000e+00   1.0947e-03   2.4961e+02
20191122_19:00:00   1.7141e-01   4.6227e+01   4.0701e+00   0.0000e+00   2.1941e-04   2.4944e+02
20191122_20:00:00   1.6543e-01   4.4879e+01   3.9207e+00   0.0000e+00   4.5580e-07   2.4936e+02
20191122_21:00:00   1.4065e-01   3.9431e+01   3.2843e+00   0.0000e+00   0.0000e+00   2.4990e+02
20191122_22:00:00   1.2711e-01   3.6377e+01   2.8875e+00   0.0000e+00   0.0000e+00   2.5042e+02
20191122_23:00:00   1.1817e-01   3.4254e+01   2.6721e+00   0.0000e+00   0.0000e+00   2.5057e+02
20191123_00:00:00   1.0624e-01   3.1409e+01   2.4065e+00   0.0000e+00   2.4705e-05   2.5201e+02
20191123_01:00:00   1.0504e-01   3.1112e+01   2.4015e+00   0.0000e+00   6.1410e-06   2.5172e+02
20191123_02:00:00   1.1253e-01   3.2881e+01   2.5919e+00   0.0000e+00   0.0000e+00   2.5100e+02
20191123_03:00:00   1.1798e-01   3.4127e+01   2.7433e+00   0.0000e+00   0.0000e+00   2.5105e+02
20191123_04:00:00   1.2029e-01   3.4590e+01   2.8181e+00   0.0000e+00   0.0000e+00   2.5218e+02
20191123_05:00:00   1.1462e-01   3.3252e+01   2.6774e+00   0.0000e+00   7.6760e-06   2.5261e+02
20191123_06:00:00   1.1082e-01   3.2348e+01   2.5706e+00   0.0000e+00   7.6760e-06   2.5258e+02
20191123_07:00:00   1.0852e-01   3.1813e+01   2.4999e+00   0.0000e+00   0.0000e+00   2.5265e+02
20191123_08:00:00   1.0791e-01   3.1684e+01   2.4727e+00   0.0000e+00   0.0000e+00   2.5353e+02
20191123_09:00:00   1.1302e-01   3.2895e+01   2.5854e+00   0.0000e+00   0.0000e+00   2.5428e+02
20191123_10:00:00   1.1824e-01   3.4155e+01   2.7000e+00   0.0000e+00   0.0000e+00   2.5490e+02
20191123_11:00:00   1.2132e-01   3.4905e+01   2.7698e+00   0.0000e+00   0.0000e+00   2.5492e+02
20191123_12:00:00   1.1767e-01   3.4074e+01   2.6849e+00   0.0000e+00   3.0720e-07   2.5453e+02
20191123_13:00:00   1.0891e-01   3.2062e+01   2.4783e+00   0.0000e+00   1.7412e-08   2.5488e+02
20191123_14:00:00   1.1503e-01   3.3548e+01   2.6307e+00   0.0000e+00   3.6660e-07   2.5540e+02
20191123_15:00:00   1.3686e-01   3.8611e+01   3.1835e+00   0.0000e+00   0.0000e+00   2.5634e+02
20191123_16:00:00   1.5535e-01   4.2797e+01   3.6654e+00   0.0000e+00   1.1084e-06   2.5553e+02
20191123_17:00:00   1.7052e-01   4.6128e+01   4.0532e+00   0.0000e+00   1.1727e-03   2.5412e+02
20191123_18:00:00   1.8068e-01   4.8308e+01   4.3068e+00   0.0000e+00   3.9609e-03   2.5266e+02
20191123_21:00:00   1.7562e-01   4.7108e+01   4.1910e+00   0.0000e+00   0.0000e+00   2.5519e+02
20191124_00:00:00   1.2964e-01   3.6777e+01   3.0710e+00   0.0000e+00   0.0000e+00   2.5534e+02
20191124_03:00:00   1.1453e-01   3.3308e+01   2.6661e+00   0.0000e+00   0.0000e+00   2.5521e+02
20191124_06:00:00   1.2636e-01   3.6038e+01   2.9296e+00   0.0000e+00   0.0000e+00   2.5467e+02
20191124_09:00:00   1.0231e-01   3.0442e+01   2.3278e+00   0.0000e+00   0.0000e+00   2.5606e+02
20191124_12:00:00   7.6767e-02   2.4175e+01   1.7143e+00   0.0000e+00   2.1400e-03   2.5855e+02
20191124_15:00:00   6.6879e-02   2.1737e+01   1.4813e+00   0.0000e+00   8.7060e-09   2.5971e+02
20191124_18:00:00   1.0398e-01   3.0816e+01   2.3975e+00   0.0000e+00   0.0000e+00   2.5617e+02
20191124_21:00:00   9.6603e-02   2.8936e+01   2.2369e+00   0.0000e+00   1.1799e-03   2.5403e+02
20191125_00:00:00   1.0125e-01   3.0001e+01   2.3056e+00   0.0000e+00   7.5081e-03   2.5380e+02
20191125_03:00:00   9.3841e-02   2.8116e+01   2.1806e+00   0.0000e+00   4.3374e-03   2.5627e+02
20191125_06:00:00   7.3256e-02   2.3013e+01   1.7001e+00   0.0000e+00   2.3818e-03   2.5716e+02
20191125_09:00:00   6.5202e-02   2.0955e+01   1.5210e+00   0.0000e+00   7.7282e-06   2.5438e+02
20191125_12:00:00   6.5296e-02   2.0983e+01   1.5254e+00   0.0000e+00   1.6182e-03   2.5589e+02
20191125_15:00:00   7.6188e-02   2.3752e+01   1.7607e+00   0.0000e+00   5.1856e-03   2.5700e+02
20191125_18:00:00   1.0990e-01   3.1977e+01   2.4693e+00   0.0000e+00   1.3797e-02   2.5505e+02
20191125_21:00:00   1.0658e-01   3.1123e+01   2.3728e+00   0.0000e+00   2.5986e-03   2.5326e+02
20191126_00:00:00   1.4308e-01   3.9387e+01   2.4076e+00   1.3787e-02   3.0741e-03   2.5574e+02
20191126_03:00:00   7.6540e-02   2.3832e+01   1.5784e+00   1.2250e-05   6.3250e-06   2.5451e+02
20191126_06:00:00   6.8876e-02   2.1903e+01   1.4123e+00   0.0000e+00   0.0000e+00   2.5409e+02
20191126_09:00:00   6.0758e-02   1.9902e+01   1.2010e+00   0.0000e+00   0.0000e+00   2.6314e+02
20191126_12:00:00   3.4809e-02   1.3375e+01   5.8878e-01   0.0000e+00   0.0000e+00   2.6467e+02
20191126_15:00:00   3.9501e-02   1.4629e+01   7.0833e-01   0.0000e+00   9.9840e-05   2.6588e+02
20191126_18:00:00   6.3585e-02   2.0743e+01   1.2929e+00   0.0000e+00   4.9550e-05   2.6591e+02
20191126_21:00:00   9.1801e-02   2.7563e+01   1.9771e+00   0.0000e+00   0.0000e+00   2.6139e+02
20191127_00:00:00   6.4239e-02   2.0950e+01   1.2910e+00   0.0000e+00   3.0700e-05   2.6189e+02
20191127_03:00:00   3.2763e-02   1.2944e+01   5.5577e-01   0.0000e+00   3.4140e-06   2.6248e+02
20191127_06:00:00   2.8860e-02   1.1870e+01   4.6763e-01   0.0000e+00   1.3053e-05   2.6248e+02
20191127_09:00:00   2.8476e-02   1.1753e+01   4.5946e-01   0.0000e+00   0.0000e+00   2.6679e+02
20191127_12:00:00   2.9559e-02   1.2021e+01   4.9022e-01   0.0000e+00   0.0000e+00   2.6496e+02
20191127_15:00:00   3.6172e-02   1.3802e+01   6.5700e-01   0.0000e+00   0.0000e+00   2.6054e+02
20191127_18:00:00   4.1155e-02   1.5123e+01   7.8002e-01   0.0000e+00   0.0000e+00   2.6051e+02
20191127_21:00:00   8.9900e-02   2.7148e+01   1.9802e+00   0.0000e+00   0.0000e+00   2.5774e+02
20191128_00:00:00   6.7656e-02   2.1795e+01   1.3823e+00   0.0000e+00   0.0000e+00   2.5630e+02
20191128_03:00:00   4.0961e-02   1.5083e+01   7.5979e-01   0.0000e+00   3.4590e-06   2.5792e+02
20191128_06:00:00   2.9933e-02   1.2139e+01   4.9816e-01   0.0000e+00   0.0000e+00   2.6053e+02
20191128_09:00:00   2.7411e-02   1.1444e+01   4.3820e-01   0.0000e+00   0.0000e+00   2.6209e+02
20191128_12:00:00   2.8799e-02   1.1801e+01   4.7863e-01   0.0000e+00   0.0000e+00   2.6199e+02
20191128_15:00:00   3.4790e-02   1.3423e+01   6.2746e-01   0.0000e+00   0.0000e+00   2.6168e+02
20191128_18:00:00   5.4124e-02   1.8410e+01   1.1147e+00   0.0000e+00   0.0000e+00   2.6134e+02
20191128_21:00:00   8.6924e-02   2.6378e+01   1.9185e+00   0.0000e+00   0.0000e+00   2.5749e+02
20191129_00:00:00   9.1965e-02   2.7607e+01   1.9261e+00   0.0000e+00   8.1620e-07   2.5655e+02
20191129_03:00:00   5.6478e-02   1.8962e+01   1.1372e+00   0.0000e+00   0.0000e+00   2.6028e+02
20191129_06:00:00   4.0010e-02   1.4711e+01   7.6305e-01   0.0000e+00   2.9320e-07   2.6100e+02
20191129_09:00:00   3.5345e-02   1.3489e+01   6.5039e-01   0.0000e+00   1.3930e-08   2.5938e+02
20191129_12:00:00   3.5367e-02   1.3495e+01   6.4938e-01   0.0000e+00   0.0000e+00   2.6041e+02
20191129_15:00:00   4.2564e-02   1.5373e+01   8.3272e-01   0.0000e+00   3.2320e-05   2.6002e+02
20191129_18:00:00   5.6836e-02   1.9024e+01   1.1873e+00   0.0000e+00   4.0200e-07   2.5896e+02
20191129_21:00:00   7.0633e-02   2.2388e+01   1.5323e+00   0.0000e+00   2.0216e-04   2.5846e+02
20191130_00:00:00   5.1147e-02   1.7510e+01   1.0541e+00   0.0000e+00   2.2703e-04   2.5604e+02
20191130_03:00:00   3.6917e-02   1.3898e+01   7.0718e-01   0.0000e+00   6.0304e-05   2.5561e+02
20191130_06:00:00   3.3859e-02   1.3068e+01   6.3744e-01   0.0000e+00   1.1598e-03   2.5756e+02
20191130_09:00:00   3.1730e-02   1.2508e+01   5.8280e-01   0.0000e+00   1.7932e-04   2.6148e+02
20191130_12:00:00   3.2643e-02   1.2735e+01   6.0679e-01   0.0000e+00   3.1453e-03   2.6177e+02
20191130_15:00:00   3.6311e-02   1.3742e+01   6.9184e-01   0.0000e+00   2.5200e-05   2.5820e+02
20191130_18:00:00   4.8754e-02   1.7003e+01   9.9907e-01   0.0000e+00   4.9920e-04   2.5677e+02
20191130_21:00:00   5.6104e-02   1.8845e+01   1.1806e+00   0.0000e+00   1.9262e-04   2.5634e+02
20191201_00:00:00   5.1300e-02   1.7618e+01   1.0433e+00   0.0000e+00   2.7622e-03   2.5602e+02
20191201_03:00:00   3.8295e-02   1.4233e+01   7.5702e-01   0.0000e+00   5.3020e-03   2.5345e+02
20191201_06:00:00   3.8764e-02   1.4335e+01   7.7759e-01   0.0000e+00   3.4743e-04   2.5578e+02
20191201_09:00:00   3.7324e-02   1.3970e+01   7.4227e-01   0.0000e+00   6.5580e-05   2.5622e+02
20191201_12:00:00   3.6481e-02   1.3754e+01   7.1623e-01   0.0000e+00   1.4084e-03   2.5490e+02
20191201_15:00:00   4.2001e-02   1.5234e+01   8.5129e-01   0.0000e+00   6.8840e-04   2.5586e+02
20191201_18:00:00   4.8042e-02   1.6743e+01   1.0158e+00   0.0000e+00   9.6961e-03   2.5506e+02
20191201_21:00:00   6.4622e-02   2.0929e+01   1.4302e+00   0.0000e+00   3.0456e-03   2.5255e+02
20191202_00:00:00   5.9439e-02   1.9663e+01   1.2787e+00   0.0000e+00   2.5962e-03   2.5114e+02
20191202_03:00:00   3.9085e-02   1.4409e+01   8.0479e-01   0.0000e+00   2.7525e-03   2.5105e+02
20191202_06:00:00   2.9612e-02   1.1945e+01   5.4485e-01   0.0000e+00   2.3260e-05   2.4987e+02
20191202_09:00:00   3.1012e-02   1.2227e+01   6.0851e-01   0.0000e+00   1.9094e-03   2.5074e+02
20191202_12:00:00   3.0659e-02   1.2135e+01   5.9697e-01   0.0000e+00   3.6261e-03   2.4972e+02
20191202_15:00:00   4.0306e-02   1.4684e+01   8.5816e-01   0.0000e+00   6.7362e-03   2.5022e+02
20191202_18:00:00   4.8527e-02   1.6895e+01   1.0612e+00   0.0000e+00   1.2508e-04   2.5010e+02
20191202_21:00:00   6.7197e-02   2.1391e+01   1.5747e+00   0.0000e+00   4.5763e-02   2.4653e+02
20191203_00:00:00   7.6813e-02   2.3830e+01   1.8360e+00   0.0000e+00   1.7886e-03   2.4756e+02
20191203_03:00:00   5.0610e-02   1.7294e+01   1.1642e+00   0.0000e+00   0.0000e+00   2.4744e+02
20191203_06:00:00   5.0782e-02   1.7324e+01   1.1659e+00   0.0000e+00   0.0000e+00   2.4586e+02
20191203_09:00:00   5.1727e-02   1.7572e+01   1.1980e+00   0.0000e+00   0.0000e+00   2.4738e+02
20191203_12:00:00   6.1905e-02   2.0050e+01   1.5012e+00   0.0000e+00   1.3980e-03   2.4632e+02
20191203_15:00:00   7.6042e-02   2.3628e+01   1.8741e+00   0.0000e+00   5.8020e-05   2.4715e+02
20191203_18:00:00   1.1180e-01   3.2125e+01   2.8287e+00   0.0000e+00   1.7130e-02   2.4549e+02
20191203_21:00:00   1.3842e-01   3.8208e+01   3.5249e+00   0.0000e+00   2.6387e-02   2.4662e+02
20191204_00:00:00   1.3439e-01   3.7392e+01   3.4318e+00   0.0000e+00   1.1265e-03   2.4482e+02
20191204_03:00:00   1.1388e-01   3.2582e+01   2.9094e+00   0.0000e+00   2.2643e-03   2.4426e+02
20191204_06:00:00   1.1614e-01   3.3071e+01   2.9697e+00   0.0000e+00   2.2098e-03   2.4449e+02
20191204_09:00:00   1.0674e-01   3.0931e+01   2.7114e+00   0.0000e+00   1.6660e-03   2.4650e+02
20191204_12:00:00   1.1002e-01   3.1667e+01   2.8179e+00   0.0000e+00   3.2177e-04   2.4539e+02
20191204_15:00:00   1.2810e-01   3.5927e+01   3.2838e+00   0.0000e+00   0.0000e+00   2.4335e+02
20191204_18:00:00   1.3890e-01   3.8444e+01   3.5568e+00   0.0000e+00   0.0000e+00   2.4253e+02
