#            date       tau225        Tb[K]      pwv[mm] lwp[kg*m^-2] iwp[kg*m^-2]       o3[DU]
20191119_00:00:00   2.1963e-01   5.6331e+01   5.1516e+00   0.0000e+00   1.0993e-03   2.5993e+02
20191119_01:00:00   2.2338e-01   5.7209e+01   5.1844e+00   0.0000e+00   4.4072e-04   2.6079e+02
20191119_02:00:00   2.3434e-01   5.9544e+01   5.3991e+00   0.0000e+00   3.2314e-04   2.6073e+02
20191119_03:00:00   2.4198e-01   6.1125e+01   5.5362e+00   0.0000e+00   9.5200e-05   2.5924e+02
20191119_04:00:00   2.4406e-01   6.1513e+01   5.5773e+00   0.0000e+00   1.8690e-04   2.5955e+02
20191119_05:00:00   2.3795e-01   6.0298e+01   5.4142e+00   0.0000e+00   7.1426e-05   2.5958e+02
20191119_06:00:00   2.3493e-01   5.9664e+01   5.3064e+00   0.0000e+00   1.0312e-04   2.5929e+02
20191119_07:00:00   2.4726e-01   6.2082e+01   5.5807e+00   1.1670e-04   3.2820e-04   2.5997e+02
20191119_08:00:00   2.4813e-01   6.2179e+01   5.6272e+00   0.0000e+00   1.3111e-03   2.6071e+02
20191119_09:00:00   2.4503e-01   6.1469e+01   5.5711e+00   1.8328e-05   1.3513e-02   2.5759e+02
20191119_10:00:00   2.3648e-01   5.9757e+01   5.3791e+00   0.0000e+00   2.4416e-02   2.5707e+02
20191119_11:00:00   2.3968e-01   6.0405e+01   5.4288e+00   0.0000e+00   6.2659e-02   2.5634e+02
20191119_12:00:00   2.4805e-01   6.2039e+01   5.5749e+00   0.0000e+00   1.1331e-01   2.5429e+02
20191119_13:00:00   2.3958e-01   6.0321e+01   5.4282e+00   4.7980e-05   7.7220e-02   2.5299e+02
20191119_14:00:00   2.4194e-01   6.0861e+01   5.5101e+00   0.0000e+00   5.3039e-02   2.5457e+02
20191119_15:00:00   2.4863e-01   6.2308e+01   5.5980e+00   1.5860e-03   5.8956e-02   2.5605e+02
20191119_16:00:00   2.8019e-01   6.8763e+01   5.4846e+00   1.9044e-02   3.2787e-02   2.5617e+02
20191119_17:00:00   2.6454e-01   6.5813e+01   6.0248e+00   0.0000e+00   1.1082e-01   2.5661e+02
20191119_18:00:00   2.7068e-01   6.7059e+01   6.1511e+00   6.9599e-04   4.6455e-02   2.5580e+02
20191119_19:00:00   2.8361e-01   6.9548e+01   6.2532e+00   5.5360e-03   1.0367e-02   2.5428e+02
20191119_20:00:00   2.5203e-01   6.3157e+01   5.7942e+00   4.0381e-04   5.5513e-02   2.5340e+02
20191119_21:00:00   2.1529e-01   5.5672e+01   4.8563e+00   1.9188e-04   2.6144e-02   2.5233e+02
20191119_22:00:00   1.9641e-01   5.1666e+01   4.4170e+00   0.0000e+00   1.2924e-03   2.5341e+02
20191119_23:00:00   1.7465e-01   4.6912e+01   3.9147e+00   0.0000e+00   0.0000e+00   2.5319e+02
20191120_00:00:00   1.6779e-01   4.5405e+01   3.7658e+00   0.0000e+00   0.0000e+00   2.5279e+02
20191120_01:00:00   1.7566e-01   4.7090e+01   3.9871e+00   0.0000e+00   0.0000e+00   2.5270e+02
20191120_02:00:00   1.9512e-01   5.1202e+01   4.4952e+00   0.0000e+00   0.0000e+00   2.5191e+02
20191120_03:00:00   2.0187e-01   5.2632e+01   4.6550e+00   0.0000e+00   0.0000e+00   2.5255e+02
20191120_04:00:00   1.9777e-01   5.1792e+01   4.5376e+00   0.0000e+00   0.0000e+00   2.5241e+02
20191120_05:00:00   1.9622e-01   5.1465e+01   4.4886e+00   0.0000e+00   0.0000e+00   2.5437e+02
20191120_06:00:00   1.9441e-01   5.1063e+01   4.4402e+00   0.0000e+00   0.0000e+00   2.5378e+02
20191120_07:00:00   1.7916e-01   4.7798e+01   4.0741e+00   0.0000e+00   0.0000e+00   2.5376e+02
20191120_08:00:00   1.5796e-01   4.3156e+01   3.5840e+00   0.0000e+00   0.0000e+00   2.5436e+02
20191120_09:00:00   1.3482e-01   3.7921e+01   3.0525e+00   0.0000e+00   0.0000e+00   2.5423e+02
20191120_10:00:00   1.1728e-01   3.3862e+01   2.6450e+00   0.0000e+00   0.0000e+00   2.5377e+02
20191120_11:00:00   1.0656e-01   3.1337e+01   2.3973e+00   0.0000e+00   0.0000e+00   2.5455e+02
20191120_12:00:00   1.0478e-01   3.0928e+01   2.3567e+00   0.0000e+00   0.0000e+00   2.5523e+02
20191120_13:00:00   1.0901e-01   3.1955e+01   2.4615e+00   0.0000e+00   0.0000e+00   2.5492e+02
20191120_14:00:00   1.1673e-01   3.3769e+01   2.6696e+00   0.0000e+00   0.0000e+00   2.5443e+02
20191120_15:00:00   1.3156e-01   3.7202e+01   3.0471e+00   0.0000e+00   0.0000e+00   2.5484e+02
20191120_16:00:00   1.4604e-01   4.0519e+01   3.4276e+00   0.0000e+00   0.0000e+00   2.5576e+02
20191120_17:00:00   1.5465e-01   4.2447e+01   3.6504e+00   0.0000e+00   5.3720e-04   2.5328e+02
20191120_18:00:00   1.4095e-01   3.9435e+01   3.3017e+00   0.0000e+00   4.6060e-05   2.5181e+02
20191120_19:00:00   1.2194e-01   3.5087e+01   2.8459e+00   0.0000e+00   0.0000e+00   2.5205e+02
20191120_20:00:00   9.8825e-02   2.9581e+01   2.2876e+00   0.0000e+00   0.0000e+00   2.5128e+02
20191120_21:00:00   1.1402e-01   3.3224e+01   2.6232e+00   0.0000e+00   0.0000e+00   2.5064e+02
20191120_22:00:00   1.2982e-01   3.6982e+01   2.9275e+00   0.0000e+00   0.0000e+00   2.5198e+02
20191120_23:00:00   1.1610e-01   3.3786e+01   2.5853e+00   0.0000e+00   0.0000e+00   2.5214e+02
20191121_00:00:00   1.0729e-01   3.1659e+01   2.3728e+00   0.0000e+00   0.0000e+00   2.5271e+02
20191121_01:00:00   1.0551e-01   3.1236e+01   2.3283e+00   0.0000e+00   0.0000e+00   2.5280e+02
20191121_02:00:00   9.4263e-02   2.8524e+01   2.0817e+00   0.0000e+00   0.0000e+00   2.5339e+02
20191121_03:00:00   8.5430e-02   2.6348e+01   1.8909e+00   0.0000e+00   0.0000e+00   2.5325e+02
20191121_04:00:00   8.0840e-02   2.5206e+01   1.7898e+00   0.0000e+00   0.0000e+00   2.5443e+02
20191121_05:00:00   7.9062e-02   2.4766e+01   1.7454e+00   0.0000e+00   0.0000e+00   2.5437e+02
20191121_06:00:00   7.8862e-02   2.4708e+01   1.7410e+00   0.0000e+00   0.0000e+00   2.5385e+02
20191121_07:00:00   7.7840e-02   2.4432e+01   1.7197e+00   0.0000e+00   0.0000e+00   2.5422e+02
20191121_08:00:00   6.9369e-02   2.2339e+01   1.5176e+00   0.0000e+00   0.0000e+00   2.5454e+02
20191121_09:00:00   6.5079e-02   2.1247e+01   1.4206e+00   0.0000e+00   0.0000e+00   2.5574e+02
20191121_10:00:00   6.6407e-02   2.1553e+01   1.4629e+00   0.0000e+00   0.0000e+00   2.5642e+02
20191121_11:00:00   6.9669e-02   2.2349e+01   1.5503e+00   0.0000e+00   0.0000e+00   2.5655e+02
20191121_12:00:00   7.6558e-02   2.4055e+01   1.7169e+00   0.0000e+00   0.0000e+00   2.5598e+02
20191121_13:00:00   7.8634e-02   2.4582e+01   1.7678e+00   0.0000e+00   0.0000e+00   2.5541e+02
20191121_14:00:00   8.4195e-02   2.5961e+01   1.9120e+00   0.0000e+00   0.0000e+00   2.5539e+02
20191121_15:00:00   9.8860e-02   2.9519e+01   2.2836e+00   0.0000e+00   0.0000e+00   2.5505e+02
20191121_16:00:00   1.1700e-01   3.3853e+01   2.7362e+00   0.0000e+00   0.0000e+00   2.5437e+02
20191121_17:00:00   1.3538e-01   3.8132e+01   3.1861e+00   0.0000e+00   0.0000e+00   2.5331e+02
20191121_18:00:00   1.3344e-01   3.7700e+01   3.1283e+00   0.0000e+00   0.0000e+00   2.5231e+02
20191121_19:00:00   1.2270e-01   3.5232e+01   2.8730e+00   0.0000e+00   0.0000e+00   2.5176e+02
20191121_20:00:00   1.1592e-01   3.3611e+01   2.7108e+00   0.0000e+00   0.0000e+00   2.5143e+02
20191121_21:00:00   1.2021e-01   3.4608e+01   2.8069e+00   0.0000e+00   0.0000e+00   2.5148e+02
20191121_22:00:00   1.2961e-01   3.6867e+01   2.9691e+00   0.0000e+00   0.0000e+00   2.5069e+02
20191121_23:00:00   1.0859e-01   3.1972e+01   2.4672e+00   0.0000e+00   0.0000e+00   2.5083e+02
20191122_00:00:00   9.3460e-02   2.8357e+01   2.0947e+00   0.0000e+00   0.0000e+00   2.5057e+02
20191122_01:00:00   8.9060e-02   2.7287e+01   1.9884e+00   0.0000e+00   0.0000e+00   2.4963e+02
20191122_02:00:00   8.7053e-02   2.6786e+01   1.9438e+00   0.0000e+00   0.0000e+00   2.4875e+02
20191122_03:00:00   8.5031e-02   2.6249e+01   1.9071e+00   0.0000e+00   0.0000e+00   2.5030e+02
20191122_04:00:00   8.7221e-02   2.6747e+01   1.9704e+00   0.0000e+00   0.0000e+00   2.5114e+02
20191122_05:00:00   9.1599e-02   2.7787e+01   2.0807e+00   0.0000e+00   0.0000e+00   2.5196e+02
20191122_06:00:00   9.3186e-02   2.8167e+01   2.1184e+00   0.0000e+00   0.0000e+00   2.5227e+02
20191122_07:00:00   9.1716e-02   2.7809e+01   2.0809e+00   0.0000e+00   8.7060e-09   2.5252e+02
20191122_08:00:00   9.0496e-02   2.7513e+01   2.0480e+00   0.0000e+00   0.0000e+00   2.5242e+02
20191122_09:00:00   9.4220e-02   2.8399e+01   2.1343e+00   0.0000e+00   0.0000e+00   2.5233e+02
20191122_10:00:00   9.4192e-02   2.8385e+01   2.1370e+00   0.0000e+00   0.0000e+00   2.5225e+02
20191122_11:00:00   9.4311e-02   2.8390e+01   2.1524e+00   0.0000e+00   0.0000e+00   2.5224e+02
20191122_12:00:00   9.6913e-02   2.9009e+01   2.2170e+00   0.0000e+00   0.0000e+00   2.5154e+02
20191122_13:00:00   1.0068e-01   2.9929e+01   2.3097e+00   0.0000e+00   0.0000e+00   2.5069e+02
20191122_14:00:00   1.1014e-01   3.2215e+01   2.5412e+00   0.0000e+00   4.7980e-04   2.5160e+02
20191122_15:00:00   1.1959e-01   3.4477e+01   2.7857e+00   0.0000e+00   2.6860e-04   2.5196e+02
20191122_16:00:00   1.3549e-01   3.8144e+01   3.2112e+00   0.0000e+00   3.2620e-04   2.5216e+02
20191122_17:00:00   1.5143e-01   4.1798e+01   3.6059e+00   0.0000e+00   0.0000e+00   2.5304e+02
20191122_18:00:00   1.6644e-01   4.5147e+01   3.9640e+00   0.0000e+00   3.6840e-04   2.5221e+02
20191122_19:00:00   1.7321e-01   4.6640e+01   4.1295e+00   0.0000e+00   3.0700e-05   2.5035e+02
20191122_20:00:00   1.7940e-01   4.7952e+01   4.2727e+00   0.0000e+00   0.0000e+00   2.5042e+02
20191122_21:00:00   1.6701e-01   4.5248e+01   3.9605e+00   0.0000e+00   5.8640e-07   2.5029e+02
20191122_22:00:00   1.4424e-01   4.0263e+01   3.3285e+00   0.0000e+00   0.0000e+00   2.5029e+02
20191122_23:00:00   1.3670e-01   3.8556e+01   3.1601e+00   0.0000e+00   0.0000e+00   2.4963e+02
20191123_00:00:00   1.2687e-01   3.6268e+01   2.9328e+00   0.0000e+00   0.0000e+00   2.4989e+02
20191123_01:00:00   1.1858e-01   3.4306e+01   2.7515e+00   0.0000e+00   0.0000e+00   2.4975e+02
20191123_02:00:00   1.3171e-01   3.7278e+01   3.1055e+00   0.0000e+00   0.0000e+00   2.5052e+02
20191123_03:00:00   1.4891e-01   4.1081e+01   3.5415e+00   0.0000e+00   0.0000e+00   2.5136e+02
20191123_04:00:00   1.4809e-01   4.0837e+01   3.5289e+00   0.0000e+00   0.0000e+00   2.5298e+02
20191123_05:00:00   1.4335e-01   3.9745e+01   3.4101e+00   0.0000e+00   0.0000e+00   2.5365e+02
20191123_06:00:00   1.3965e-01   3.8901e+01   3.3035e+00   0.0000e+00   0.0000e+00   2.5376e+02
20191123_07:00:00   1.4063e-01   3.9134e+01   3.3075e+00   0.0000e+00   0.0000e+00   2.5293e+02
20191123_08:00:00   1.4222e-01   3.9545e+01   3.3176e+00   0.0000e+00   0.0000e+00   2.5419e+02
20191123_09:00:00   1.4373e-01   3.9941e+01   3.3268e+00   0.0000e+00   0.0000e+00   2.5564e+02
20191123_10:00:00   1.4199e-01   3.9606e+01   3.2699e+00   0.0000e+00   0.0000e+00   2.5626e+02
20191123_11:00:00   1.3946e-01   3.9089e+01   3.1927e+00   0.0000e+00   0.0000e+00   2.5635e+02
20191123_12:00:00   1.4384e-01   4.0144e+01   3.2761e+00   0.0000e+00   0.0000e+00   2.5491e+02
20191123_13:00:00   1.4986e-01   4.1602e+01   3.3868e+00   0.0000e+00   0.0000e+00   2.5459e+02
20191123_14:00:00   1.7236e-01   4.6720e+01   3.9133e+00   0.0000e+00   7.6760e-06   2.5399e+02
20191123_15:00:00   2.1777e-01   5.6491e+01   4.7821e+00   4.3180e-03   1.6631e-03   2.5415e+02
20191123_16:00:00   2.2729e-01   5.8522e+01   5.0965e+00   2.9120e-03   3.6664e-02   2.5489e+02
20191123_17:00:00   2.3944e-01   6.0915e+01   5.5811e+00   0.0000e+00   6.1606e-02   2.5488e+02
20191123_18:00:00   2.4039e-01   6.1052e+01   5.6430e+00   0.0000e+00   3.6255e-02   2.5470e+02
20191123_19:00:00   2.3322e-01   5.9480e+01   5.5229e+00   0.0000e+00   6.0768e-03   2.5434e+02
20191123_20:00:00   2.2478e-01   5.7743e+01   5.3061e+00   0.0000e+00   2.6449e-03   2.5432e+02
20191123_21:00:00   1.9882e-01   5.2231e+01   4.6891e+00   0.0000e+00   9.5940e-06   2.5630e+02
20191123_22:00:00   1.5817e-01   4.3293e+01   3.7386e+00   0.0000e+00   0.0000e+00   2.5688e+02
20191123_23:00:00   1.2354e-01   3.5459e+01   2.8367e+00   0.0000e+00   0.0000e+00   2.5655e+02
20191124_00:00:00   1.2041e-01   3.4709e+01   2.7513e+00   0.0000e+00   0.0000e+00   2.5644e+02
20191124_03:00:00   1.0536e-01   3.1164e+01   2.4088e+00   0.0000e+00   0.0000e+00   2.5562e+02
20191124_06:00:00   9.2173e-02   2.7992e+01   2.1020e+00   0.0000e+00   0.0000e+00   2.5746e+02
20191124_09:00:00   8.6524e-02   2.6566e+01   1.9696e+00   0.0000e+00   0.0000e+00   2.5607e+02
20191124_12:00:00   9.5422e-02   2.8729e+01   2.1824e+00   0.0000e+00   4.2100e-05   2.5754e+02
20191124_15:00:00   1.1082e-01   3.2416e+01   2.5593e+00   0.0000e+00   2.5663e-04   2.5586e+02
20191124_18:00:00   1.2138e-01   3.4825e+01   2.8524e+00   0.0000e+00   2.1878e-03   2.5542e+02
20191124_21:00:00   9.4680e-02   2.8427e+01   2.2178e+00   0.0000e+00   0.0000e+00   2.5381e+02
20191125_00:00:00   9.2571e-02   2.7909e+01   2.1263e+00   0.0000e+00   0.0000e+00   2.5354e+02
20191125_03:00:00   9.0363e-02   2.7310e+01   2.0983e+00   0.0000e+00   1.9912e-03   2.5465e+02
20191125_06:00:00   5.6660e-02   1.9000e+01   1.2445e+00   0.0000e+00   0.0000e+00   2.5546e+02
20191125_09:00:00   4.1983e-02   1.5227e+01   8.5909e-01   0.0000e+00   3.2661e-03   2.5690e+02
20191125_12:00:00   3.5758e-02   1.3649e+01   6.8320e-01   0.0000e+00   1.3395e-03   2.5730e+02
20191125_15:00:00   4.8028e-02   1.6900e+01   9.7572e-01   0.0000e+00   2.7004e-04   2.5750e+02
20191125_18:00:00   8.4021e-02   2.5896e+01   1.8336e+00   0.0000e+00   4.9160e-03   2.5627e+02
20191125_21:00:00   9.9100e-02   2.9443e+01   2.1538e+00   1.1394e-05   8.7764e-04   2.5578e+02
20191126_00:00:00   1.1319e-01   3.2630e+01   2.1015e+00   5.7000e-03   3.3893e-03   2.5509e+02
20191126_03:00:00   6.3213e-02   2.0645e+01   1.2573e+00   0.0000e+00   1.2444e-05   2.5313e+02
20191126_06:00:00   4.5913e-02   1.6282e+01   8.5069e-01   0.0000e+00   2.4016e-07   2.5767e+02
20191126_09:00:00   3.3876e-02   1.3166e+01   5.7218e-01   0.0000e+00   0.0000e+00   2.6033e+02
20191126_12:00:00   3.2315e-02   1.2755e+01   5.4120e-01   0.0000e+00   8.0260e-05   2.6251e+02
20191126_15:00:00   3.3328e-02   1.3039e+01   5.6953e-01   0.0000e+00   1.0482e-04   2.6367e+02
20191126_18:00:00   4.8159e-02   1.6919e+01   9.2865e-01   0.0000e+00   2.4560e-05   2.6064e+02
20191126_21:00:00   7.0892e-02   2.2628e+01   1.4912e+00   0.0000e+00   0.0000e+00   2.6072e+02
20191127_00:00:00   5.5905e-02   1.8919e+01   1.1112e+00   0.0000e+00   0.0000e+00   2.6068e+02
20191127_03:00:00   3.6227e-02   1.3864e+01   6.4495e-01   0.0000e+00   0.0000e+00   2.6109e+02
20191127_06:00:00   2.9908e-02   1.2147e+01   4.9542e-01   0.0000e+00   0.0000e+00   2.6290e+02
20191127_09:00:00   2.6165e-02   1.1110e+01   4.0332e-01   0.0000e+00   0.0000e+00   2.6300e+02
20191127_12:00:00   2.9069e-02   1.1884e+01   4.7737e-01   0.0000e+00   0.0000e+00   2.6239e+02
20191127_15:00:00   3.5573e-02   1.3614e+01   6.4145e-01   0.0000e+00   0.0000e+00   2.6251e+02
20191127_18:00:00   6.0497e-02   1.9965e+01   1.2651e+00   0.0000e+00   0.0000e+00   2.6282e+02
20191127_21:00:00   9.6285e-02   2.8505e+01   2.1360e+00   0.0000e+00   0.0000e+00   2.5820e+02
20191128_00:00:00   9.1495e-02   2.7452e+01   1.9142e+00   0.0000e+00   6.7230e-06   2.5902e+02
20191128_03:00:00   5.2712e-02   1.7994e+01   1.0422e+00   0.0000e+00   6.2910e-06   2.5880e+02
20191128_06:00:00   4.4008e-02   1.5730e+01   8.5401e-01   0.0000e+00   0.0000e+00   2.6046e+02
20191128_09:00:00   4.2860e-02   1.5412e+01   8.2597e-01   0.0000e+00   0.0000e+00   2.5938e+02
20191128_12:00:00   3.8532e-02   1.4323e+01   7.0931e-01   0.0000e+00   0.0000e+00   2.6182e+02
20191128_15:00:00   3.9832e-02   1.4702e+01   7.3829e-01   0.0000e+00   0.0000e+00   2.6243e+02
20191128_18:00:00   5.1177e-02   1.7655e+01   1.0207e+00   0.0000e+00   0.0000e+00   2.6424e+02
20191128_21:00:00   7.0318e-02   2.2394e+01   1.4982e+00   0.0000e+00   0.0000e+00   2.6369e+02
20191129_00:00:00   4.2324e-02   1.5418e+01   7.8765e-01   0.0000e+00   0.0000e+00   2.6177e+02
20191129_03:00:00   3.0466e-02   1.2316e+01   5.0062e-01   0.0000e+00   0.0000e+00   2.6395e+02
20191129_06:00:00   2.5446e-02   1.0926e+01   3.8407e-01   0.0000e+00   0.0000e+00   2.6320e+02
20191129_09:00:00   2.4149e-02   1.0549e+01   3.5877e-01   0.0000e+00   0.0000e+00   2.6383e+02
20191129_12:00:00   2.5713e-02   1.0961e+01   4.0137e-01   0.0000e+00   0.0000e+00   2.6479e+02
20191129_15:00:00   3.0753e-02   1.2362e+01   5.2209e-01   0.0000e+00   0.0000e+00   2.6466e+02
20191129_18:00:00   3.9378e-02   1.4677e+01   7.3492e-01   0.0000e+00   0.0000e+00   2.6164e+02
20191129_21:00:00   6.1382e-02   2.0233e+01   1.2964e+00   0.0000e+00   0.0000e+00   2.5909e+02
20191130_00:00:00   6.0174e-02   1.9964e+01   1.2203e+00   0.0000e+00   0.0000e+00   2.5786e+02
20191130_03:00:00   3.6271e-02   1.3827e+01   6.7003e-01   0.0000e+00   1.2256e-03   2.5907e+02
20191130_06:00:00   2.9891e-02   1.2099e+01   5.1661e-01   0.0000e+00   0.0000e+00   2.5883e+02
20191130_09:00:00   2.8300e-02   1.1622e+01   4.8505e-01   0.0000e+00   1.5165e-03   2.5817e+02
20191130_12:00:00   2.5807e-02   1.0969e+01   4.1695e-01   0.0000e+00   4.7560e-07   2.5942e+02
20191130_15:00:00   3.5812e-02   1.3669e+01   6.6912e-01   0.0000e+00   2.5220e-03   2.5928e+02
20191130_18:00:00   4.5658e-02   1.6277e+01   9.0857e-01   0.0000e+00   6.6380e-04   2.5769e+02
20191130_21:00:00   7.5284e-02   2.3622e+01   1.6556e+00   0.0000e+00   1.5580e-03   2.5915e+02
20191201_00:00:00   5.6453e-02   1.9048e+01   1.1398e+00   0.0000e+00   0.0000e+00   2.5940e+02
20191201_03:00:00   3.4827e-02   1.3493e+01   6.2445e-01   0.0000e+00   0.0000e+00   2.5903e+02
20191201_06:00:00   3.0053e-02   1.2186e+01   5.1138e-01   0.0000e+00   0.0000e+00   2.5545e+02
20191201_09:00:00   2.7886e-02   1.1570e+01   4.6114e-01   0.0000e+00   0.0000e+00   2.5543e+02
20191201_12:00:00   2.6593e-02   1.1226e+01   4.2418e-01   0.0000e+00   0.0000e+00   2.5610e+02
20191201_15:00:00   3.4546e-02   1.3394e+01   6.2365e-01   0.0000e+00   0.0000e+00   2.5595e+02
20191201_18:00:00   4.0084e-02   1.4876e+01   7.6484e-01   0.0000e+00   0.0000e+00   2.5616e+02
20191201_21:00:00   6.7544e-02   2.1829e+01   1.4426e+00   0.0000e+00   0.0000e+00   2.5512e+02
20191202_00:00:00   5.1044e-02   1.7709e+01   1.0051e+00   0.0000e+00   0.0000e+00   2.5556e+02
20191202_03:00:00   3.4925e-02   1.3535e+01   6.1934e-01   0.0000e+00   0.0000e+00   2.5562e+02
20191202_06:00:00   3.2202e-02   1.2794e+01   5.4755e-01   0.0000e+00   0.0000e+00   2.5336e+02
20191202_09:00:00   2.7086e-02   1.1385e+01   4.2500e-01   0.0000e+00   0.0000e+00   2.5452e+02
20191202_12:00:00   2.6062e-02   1.1083e+01   4.0507e-01   0.0000e+00   0.0000e+00   2.5625e+02
20191202_15:00:00   3.6419e-02   1.3889e+01   6.6952e-01   0.0000e+00   0.0000e+00   2.5385e+02
20191202_18:00:00   5.5532e-02   1.8841e+01   1.1413e+00   0.0000e+00   0.0000e+00   2.5566e+02
20191202_21:00:00   7.7219e-02   2.4171e+01   1.6821e+00   0.0000e+00   0.0000e+00   2.5139e+02
20191203_00:00:00   4.9602e-02   1.7298e+01   9.9047e-01   0.0000e+00   0.0000e+00   2.5231e+02
20191203_03:00:00   3.3813e-02   1.3167e+01   6.1722e-01   0.0000e+00   0.0000e+00   2.5120e+02
20191203_06:00:00   3.0966e-02   1.2379e+01   5.4907e-01   0.0000e+00   0.0000e+00   2.5172e+02
20191203_09:00:00   2.9305e-02   1.1916e+01   5.0756e-01   0.0000e+00   0.0000e+00   2.5669e+02
20191203_12:00:00   2.9511e-02   1.1977e+01   5.1009e-01   0.0000e+00   0.0000e+00   2.5331e+02
20191203_15:00:00   4.2729e-02   1.5514e+01   8.4953e-01   0.0000e+00   0.0000e+00   2.5018e+02
20191203_18:00:00   5.2638e-02   1.8079e+01   1.1099e+00   0.0000e+00   0.0000e+00   2.5166e+02
20191203_21:00:00   6.4971e-02   2.1169e+01   1.4173e+00   0.0000e+00   2.6297e-03   2.5017e+02
20191204_00:00:00   5.6228e-02   1.9031e+01   1.1813e+00   0.0000e+00   7.3300e-07   2.5081e+02
20191204_03:00:00   6.9144e-02   2.2222e+01   1.5306e+00   0.0000e+00   0.0000e+00   2.5103e+02
20191204_06:00:00   6.9178e-02   2.2114e+01   1.5504e+00   0.0000e+00   3.0880e-05   2.5131e+02
20191204_09:00:00   7.2030e-02   2.2691e+01   1.6502e+00   0.0000e+00   1.9188e-05   2.5275e+02
20191204_12:00:00   8.6372e-02   2.6147e+01   2.0215e+00   0.0000e+00   2.0756e-03   2.5123e+02
20191204_15:00:00   9.9583e-02   2.9354e+01   2.3585e+00   0.0000e+00   1.5938e-03   2.5120e+02
20191204_18:00:00   1.1378e-01   3.2792e+01   2.7056e+00   0.0000e+00   2.5815e-03   2.4948e+02
20191204_21:00:00   1.5740e-01   4.2593e+01   3.7915e+00   0.0000e+00   6.4200e-05   2.4930e+02
20191205_00:00:00   1.4368e-01   3.9644e+01   3.4411e+00   0.0000e+00   0.0000e+00   2.5044e+02
