#            date       tau225        Tb[K]      pwv[mm] lwp[kg*m^-2] iwp[kg*m^-2]       o3[DU]
20191104_00:00:00   6.0810e-02   1.8618e+01   7.4020e-01   0.0000e+00   3.8696e-05   3.2248e+02
20191104_01:00:00   5.9426e-02   1.8306e+01   7.1713e-01   0.0000e+00   5.0987e-05   3.2426e+02
20191104_02:00:00   5.7803e-02   1.7941e+01   6.9007e-01   0.0000e+00   3.6710e-05   3.2680e+02
20191104_03:00:00   5.6454e-02   1.7635e+01   6.6818e-01   0.0000e+00   3.2632e-05   3.2938e+02
20191104_04:00:00   5.5071e-02   1.7313e+01   6.4390e-01   0.0000e+00   3.2632e-05   3.3195e+02
20191104_05:00:00   5.3840e-02   1.7031e+01   6.2283e-01   0.0000e+00   2.4474e-05   3.3529e+02
20191104_06:00:00   5.2402e-02   1.6705e+01   5.9774e-01   0.0000e+00   4.0796e-05   3.3868e+02
20191104_07:00:00   5.0990e-02   1.6386e+01   5.7367e-01   0.0000e+00   2.4474e-05   3.4299e+02
20191104_08:00:00   4.9766e-02   1.6109e+01   5.5254e-01   0.0000e+00   2.4474e-05   3.4498e+02
20191104_09:00:00   4.8770e-02   1.5885e+01   5.3517e-01   0.0000e+00   2.4474e-05   3.4402e+02
20191104_10:00:00   4.8202e-02   1.5756e+01   5.2575e-01   0.0000e+00   2.4474e-05   3.4600e+02
20191104_11:00:00   4.7706e-02   1.5645e+01   5.1669e-01   0.0000e+00   1.6316e-05   3.4807e+02
20191104_12:00:00   4.7389e-02   1.5571e+01   5.1073e-01   0.0000e+00   1.6316e-05   3.4967e+02
20191104_13:00:00   4.6923e-02   1.5463e+01   5.0235e-01   0.0000e+00   1.6316e-05   3.4961e+02
20191104_14:00:00   4.6557e-02   1.5380e+01   4.9653e-01   0.0000e+00   8.1580e-06   3.5018e+02
20191104_15:00:00   4.6202e-02   1.5298e+01   4.9118e-01   0.0000e+00   1.6316e-05   3.5099e+02
20191104_16:00:00   4.5932e-02   1.5238e+01   4.8744e-01   0.0000e+00   1.6316e-05   3.5370e+02
20191104_17:00:00   4.5752e-02   1.5202e+01   4.8495e-01   0.0000e+00   8.1580e-06   3.5670e+02
20191104_18:00:00   4.5545e-02   1.5154e+01   4.8169e-01   0.0000e+00   8.1580e-06   3.5876e+02
20191104_19:00:00   4.5675e-02   1.5187e+01   4.8492e-01   0.0000e+00   8.1580e-06   3.6058e+02
20191104_20:00:00   4.7408e-02   1.5593e+01   5.1951e-01   0.0000e+00   1.6316e-05   3.6244e+02
20191104_21:00:00   4.7779e-02   1.5686e+01   5.2748e-01   0.0000e+00   1.6316e-05   3.6431e+02
20191104_22:00:00   4.8107e-02   1.5765e+01   5.3295e-01   0.0000e+00   1.6316e-05   3.6566e+02
20191104_23:00:00   4.8772e-02   1.5924e+01   5.4433e-01   0.0000e+00   1.6316e-05   3.6770e+02
20191105_00:00:00   4.9391e-02   1.6070e+01   5.5516e-01   0.0000e+00   8.1580e-06   3.6935e+02
20191105_01:00:00   4.9803e-02   1.6171e+01   5.6241e-01   0.0000e+00   8.1580e-06   3.7050e+02
20191105_02:00:00   5.0064e-02   1.6238e+01   5.6701e-01   0.0000e+00   8.1580e-06   3.7203e+02
20191105_03:00:00   5.0265e-02   1.6288e+01   5.7044e-01   0.0000e+00   8.1580e-06   3.7360e+02
20191105_04:00:00   5.0787e-02   1.6413e+01   5.8009e-01   0.0000e+00   8.1580e-06   3.7468e+02
20191105_05:00:00   5.0975e-02   1.6458e+01   5.8364e-01   0.0000e+00   8.1580e-06   3.7535e+02
20191105_06:00:00   5.0962e-02   1.6460e+01   5.8380e-01   0.0000e+00   8.1580e-06   3.7782e+02
20191105_07:00:00   5.0898e-02   1.6451e+01   5.8292e-01   0.0000e+00   8.1580e-06   3.8046e+02
20191105_08:00:00   5.0540e-02   1.6372e+01   5.7694e-01   0.0000e+00   8.1580e-06   3.8160e+02
20191105_09:00:00   4.9723e-02   1.6182e+01   5.6211e-01   0.0000e+00   0.0000e+00   3.8069e+02
20191105_10:00:00   4.8879e-02   1.5987e+01   5.4733e-01   0.0000e+00   0.0000e+00   3.7989e+02
20191105_11:00:00   4.7957e-02   1.5776e+01   5.3089e-01   0.0000e+00   0.0000e+00   3.8063e+02
20191105_12:00:00   4.6959e-02   1.5547e+01   5.1309e-01   0.0000e+00   0.0000e+00   3.8061e+02
20191105_13:00:00   4.6010e-02   1.5328e+01   4.9537e-01   0.0000e+00   0.0000e+00   3.7955e+02
20191105_14:00:00   4.5325e-02   1.5167e+01   4.8155e-01   0.0000e+00   0.0000e+00   3.7889e+02
20191105_15:00:00   4.5220e-02   1.5143e+01   4.7808e-01   0.0000e+00   0.0000e+00   3.7888e+02
20191105_16:00:00   4.5751e-02   1.5274e+01   4.8525e-01   0.0000e+00   0.0000e+00   3.7969e+02
20191105_17:00:00   4.6661e-02   1.5492e+01   4.9947e-01   0.0000e+00   0.0000e+00   3.8077e+02
20191105_18:00:00   4.7676e-02   1.5734e+01   5.1592e-01   0.0000e+00   0.0000e+00   3.8181e+02
20191105_19:00:00   4.8628e-02   1.5962e+01   5.3198e-01   0.0000e+00   0.0000e+00   3.8252e+02
20191105_20:00:00   4.8977e-02   1.6045e+01   5.3781e-01   0.0000e+00   0.0000e+00   3.8214e+02
20191105_21:00:00   4.9137e-02   1.6081e+01   5.4094e-01   0.0000e+00   0.0000e+00   3.8217e+02
20191105_22:00:00   4.8858e-02   1.6016e+01   5.3634e-01   0.0000e+00   0.0000e+00   3.8199e+02
20191105_23:00:00   4.8103e-02   1.5836e+01   5.2300e-01   0.0000e+00   0.0000e+00   3.8257e+02
20191106_00:00:00   4.6638e-02   1.5489e+01   4.9689e-01   0.0000e+00   0.0000e+00   3.8231e+02
20191106_01:00:00   4.4792e-02   1.5050e+01   4.6460e-01   0.0000e+00   0.0000e+00   3.8114e+02
20191106_02:00:00   4.2661e-02   1.4542e+01   4.2744e-01   0.0000e+00   0.0000e+00   3.8001e+02
20191106_03:00:00   4.1151e-02   1.4189e+01   3.9992e-01   0.0000e+00   0.0000e+00   3.8009e+02
20191106_04:00:00   4.0707e-02   1.4086e+01   3.8981e-01   0.0000e+00   0.0000e+00   3.8019e+02
20191106_05:00:00   4.1478e-02   1.4268e+01   4.0132e-01   0.0000e+00   0.0000e+00   3.7914e+02
20191106_06:00:00   4.2525e-02   1.4517e+01   4.1673e-01   0.0000e+00   0.0000e+00   3.7783e+02
20191106_07:00:00   4.5211e-02   1.5149e+01   4.6404e-01   0.0000e+00   0.0000e+00   3.7577e+02
20191106_08:00:00   4.7748e-02   1.5739e+01   5.0856e-01   0.0000e+00   0.0000e+00   3.7433e+02
20191106_09:00:00   4.9657e-02   1.6175e+01   5.4136e-01   0.0000e+00   0.0000e+00   3.7416e+02
20191106_10:00:00   4.9381e-02   1.6106e+01   5.3562e-01   0.0000e+00   0.0000e+00   3.7297e+02
20191106_11:00:00   4.8193e-02   1.5827e+01   5.1415e-01   0.0000e+00   0.0000e+00   3.7239e+02
20191106_12:00:00   4.6543e-02   1.5435e+01   4.8301e-01   0.0000e+00   0.0000e+00   3.7439e+02
20191106_13:00:00   4.5953e-02   1.5292e+01   4.7167e-01   0.0000e+00   0.0000e+00   3.7446e+02
20191106_14:00:00   4.5732e-02   1.5233e+01   4.6753e-01   0.0000e+00   0.0000e+00   3.7485e+02
20191106_15:00:00   4.5835e-02   1.5250e+01   4.6880e-01   0.0000e+00   0.0000e+00   3.7429e+02
20191106_16:00:00   4.5719e-02   1.5216e+01   4.6583e-01   0.0000e+00   0.0000e+00   3.7267e+02
20191106_17:00:00   4.5733e-02   1.5221e+01   4.6576e-01   0.0000e+00   0.0000e+00   3.6949e+02
20191106_18:00:00   4.5791e-02   1.5232e+01   4.6575e-01   0.0000e+00   0.0000e+00   3.6799e+02
20191106_19:00:00   4.5862e-02   1.5244e+01   4.6651e-01   0.0000e+00   0.0000e+00   3.6769e+02
20191106_20:00:00   4.5824e-02   1.5233e+01   4.6546e-01   0.0000e+00   0.0000e+00   3.6731e+02
20191106_21:00:00   4.6186e-02   1.5315e+01   4.7148e-01   0.0000e+00   0.0000e+00   3.6691e+02
20191106_22:00:00   4.7115e-02   1.5529e+01   4.8645e-01   0.0000e+00   0.0000e+00   3.6741e+02
20191106_23:00:00   4.9108e-02   1.5990e+01   5.2007e-01   0.0000e+00   0.0000e+00   3.6794e+02
20191107_00:00:00   5.1771e-02   1.6603e+01   5.6639e-01   0.0000e+00   0.0000e+00   3.6801e+02
20191107_01:00:00   5.4679e-02   1.7271e+01   6.1830e-01   0.0000e+00   0.0000e+00   3.6786e+02
20191107_02:00:00   5.7292e-02   1.7859e+01   6.6432e-01   0.0000e+00   1.6896e-05   3.6675e+02
20191107_03:00:00   6.0243e-02   1.8518e+01   7.1665e-01   0.0000e+00   8.0557e-04   3.6536e+02
20191107_04:00:00   6.4261e-02   1.9417e+01   7.8615e-01   0.0000e+00   4.0075e-03   3.6545e+02
20191107_05:00:00   6.5443e-02   1.9678e+01   8.0634e-01   0.0000e+00   5.7640e-03   3.6645e+02
20191107_06:00:00   6.5137e-02   1.9607e+01   8.0105e-01   0.0000e+00   3.1838e-03   3.6633e+02
20191107_07:00:00   6.3633e-02   1.9261e+01   7.7249e-01   0.0000e+00   1.7742e-03   3.6582e+02
20191107_08:00:00   6.1543e-02   1.8786e+01   7.3409e-01   0.0000e+00   5.2189e-04   3.6554e+02
20191107_09:00:00   5.9437e-02   1.8310e+01   6.9473e-01   0.0000e+00   2.1125e-04   3.6580e+02
20191107_10:00:00   5.8072e-02   1.8001e+01   6.6803e-01   0.0000e+00   2.8508e-04   3.6695e+02
20191107_11:00:00   5.7791e-02   1.7930e+01   6.6179e-01   0.0000e+00   4.1458e-04   3.6765e+02
20191107_12:00:00   5.8238e-02   1.8023e+01   6.7114e-01   0.0000e+00   2.5848e-04   3.6821e+02
20191107_13:00:00   5.5852e-02   1.7471e+01   6.2998e-01   0.0000e+00   2.4436e-04   3.6807e+02
20191107_14:00:00   5.5587e-02   1.7403e+01   6.2538e-01   0.0000e+00   2.1353e-04   3.6718e+02
20191107_15:00:00   5.5135e-02   1.7299e+01   6.1728e-01   0.0000e+00   1.4478e-04   3.6694e+02
20191107_16:00:00   5.4762e-02   1.7211e+01   6.1033e-01   0.0000e+00   1.1896e-04   3.6676e+02
20191107_17:00:00   5.4509e-02   1.7150e+01   6.0556e-01   0.0000e+00   1.4489e-04   3.6618e+02
20191107_18:00:00   5.4487e-02   1.7142e+01   6.0496e-01   0.0000e+00   1.4921e-04   3.6576e+02
20191107_19:00:00   5.4595e-02   1.7167e+01   6.0625e-01   0.0000e+00   8.8703e-05   3.6591e+02
20191107_20:00:00   5.4342e-02   1.7107e+01   6.0153e-01   0.0000e+00   8.8663e-05   3.6636e+02
20191107_21:00:00   5.4413e-02   1.7124e+01   6.0274e-01   0.0000e+00   8.0083e-05   3.6650e+02
20191107_22:00:00   5.4256e-02   1.7087e+01   6.0025e-01   0.0000e+00   6.7183e-05   3.6683e+02
20191107_23:00:00   5.4149e-02   1.7062e+01   5.9787e-01   0.0000e+00   7.5873e-05   3.6708e+02
20191108_00:00:00   5.3842e-02   1.6995e+01   5.9258e-01   0.0000e+00   7.5913e-05   3.6709e+02
20191108_01:00:00   5.3334e-02   1.6879e+01   5.8290e-01   0.0000e+00   7.5913e-05   3.6387e+02
20191108_02:00:00   5.3177e-02   1.6841e+01   5.7962e-01   0.0000e+00   8.4573e-05   3.5717e+02
20191108_03:00:00   5.2984e-02   1.6795e+01   5.7581e-01   0.0000e+00   1.0151e-04   3.4656e+02
20191108_04:00:00   5.3027e-02   1.6803e+01   5.7620e-01   0.0000e+00   1.1032e-04   3.4054e+02
20191108_05:00:00   5.3241e-02   1.6854e+01   5.7978e-01   0.0000e+00   1.1091e-04   3.3911e+02
20191108_06:00:00   5.3657e-02   1.6949e+01   5.8673e-01   0.0000e+00   1.2014e-04   3.3904e+02
20191108_07:00:00   5.3711e-02   1.6960e+01   5.8711e-01   0.0000e+00   4.8165e-04   3.3831e+02
20191108_08:00:00   5.3959e-02   1.7019e+01   5.9165e-01   0.0000e+00   3.0196e-04   3.4076e+02
20191108_09:00:00   5.4146e-02   1.7058e+01   5.9534e-01   0.0000e+00   5.3515e-04   3.4594e+02
20191108_10:00:00   5.4404e-02   1.7113e+01   5.9987e-01   0.0000e+00   1.1162e-03   3.4780e+02
20191108_11:00:00   5.4279e-02   1.7078e+01   5.9713e-01   0.0000e+00   1.3589e-03   3.4657e+02
20191108_12:00:00   5.4087e-02   1.7033e+01   5.9363e-01   0.0000e+00   1.2756e-03   3.4599e+02
20191108_13:00:00   5.3954e-02   1.7002e+01   5.9063e-01   0.0000e+00   1.5557e-03   3.4459e+02
20191108_14:00:00   5.3480e-02   1.6890e+01   5.8152e-01   0.0000e+00   1.6094e-03   3.4257e+02
20191108_15:00:00   5.3071e-02   1.6798e+01   5.7353e-01   0.0000e+00   1.5851e-03   3.4113e+02
20191108_16:00:00   5.2503e-02   1.6665e+01   5.6272e-01   0.0000e+00   1.6940e-03   3.4076e+02
20191108_17:00:00   5.2270e-02   1.6611e+01   5.5811e-01   0.0000e+00   1.5106e-03   3.4070e+02
20191108_18:00:00   5.2308e-02   1.6618e+01   5.5881e-01   0.0000e+00   1.3945e-03   3.4287e+02
20191108_19:00:00   5.2478e-02   1.6662e+01   5.6205e-01   0.0000e+00   1.1425e-03   3.4654e+02
20191108_20:00:00   5.2182e-02   1.6593e+01   5.5644e-01   0.0000e+00   1.2693e-03   3.5225e+02
20191108_21:00:00   5.2196e-02   1.6595e+01   5.5767e-01   0.0000e+00   1.2421e-03   3.5534e+02
20191108_22:00:00   5.2192e-02   1.6597e+01   5.5879e-01   0.0000e+00   1.2652e-03   3.5804e+02
20191108_23:00:00   5.2366e-02   1.6632e+01   5.6259e-01   0.0000e+00   1.3824e-03   3.5925e+02
20191109_00:00:00   5.2995e-02   1.6776e+01   5.7531e-01   0.0000e+00   1.1897e-03   3.6176e+02
20191109_03:00:00   5.4604e-02   1.7143e+01   6.0672e-01   0.0000e+00   1.7101e-03   3.6550e+02
20191109_06:00:00   5.4656e-02   1.7154e+01   6.0819e-01   0.0000e+00   2.7915e-03   3.6778e+02
20191109_09:00:00   5.4248e-02   1.7062e+01   6.0002e-01   0.0000e+00   2.9789e-03   3.6076e+02
20191109_12:00:00   5.3200e-02   1.6821e+01   5.7886e-01   0.0000e+00   4.0248e-03   3.6364e+02
20191109_15:00:00   5.2472e-02   1.6660e+01   5.6351e-01   0.0000e+00   3.8387e-03   3.6533e+02
20191109_18:00:00   5.2156e-02   1.6587e+01   5.5970e-01   0.0000e+00   3.3012e-03   3.6370e+02
20191109_21:00:00   5.2891e-02   1.6765e+01   5.7493e-01   0.0000e+00   2.1841e-03   3.6403e+02
20191110_00:00:00   5.4672e-02   1.7197e+01   6.1100e-01   0.0000e+00   1.0547e-03   3.6126e+02
20191110_03:00:00   6.1475e-02   1.8764e+01   7.3410e-01   0.0000e+00   4.5223e-03   3.5851e+02
20191110_06:00:00   6.1734e-02   1.8816e+01   7.3807e-01   0.0000e+00   1.3607e-02   3.5899e+02
20191110_09:00:00   6.1205e-02   1.8692e+01   7.2797e-01   0.0000e+00   1.7189e-02   3.5214e+02
20191110_12:00:00   5.5499e-02   1.7380e+01   6.2567e-01   0.0000e+00   8.6663e-03   3.4094e+02
20191110_15:00:00   4.5344e-02   1.5021e+01   4.4896e-01   0.0000e+00   3.4973e-03   3.4759e+02
20191110_18:00:00   4.4533e-02   1.4801e+01   4.3300e-01   0.0000e+00   2.8001e-03   3.3822e+02
20191110_21:00:00   4.4299e-02   1.4736e+01   4.2565e-01   0.0000e+00   3.3359e-03   3.3913e+02
20191111_00:00:00   4.3842e-02   1.4622e+01   4.1419e-01   0.0000e+00   4.9985e-03   3.4508e+02
20191111_03:00:00   4.2991e-02   1.4422e+01   3.9667e-01   0.0000e+00   6.6196e-03   3.4447e+02
20191111_06:00:00   4.2277e-02   1.4261e+01   3.8234e-01   0.0000e+00   6.7659e-03   3.4239e+02
20191111_09:00:00   4.2394e-02   1.4288e+01   3.8541e-01   0.0000e+00   5.1912e-03   3.4282e+02
20191111_12:00:00   4.2866e-02   1.4397e+01   3.9555e-01   0.0000e+00   4.1504e-03   3.4262e+02
20191111_15:00:00   4.4591e-02   1.4810e+01   4.2903e-01   0.0000e+00   2.5651e-03   3.4125e+02
20191111_18:00:00   5.3216e-02   1.6811e+01   5.7264e-01   0.0000e+00   5.3168e-03   3.4022e+02
20191111_21:00:00   5.5983e-02   1.7473e+01   6.2078e-01   0.0000e+00   7.1139e-03   3.3659e+02
20191112_00:00:00   5.9130e-02   1.8222e+01   6.7541e-01   0.0000e+00   1.6516e-02   3.3940e+02
20191112_03:00:00   6.0752e-02   1.8599e+01   7.0323e-01   0.0000e+00   2.3208e-02   3.3753e+02
20191112_06:00:00   6.1591e-02   1.8797e+01   7.1785e-01   0.0000e+00   2.5952e-02   3.2737e+02
20191112_09:00:00   6.1238e-02   1.8714e+01   7.0974e-01   0.0000e+00   2.5566e-02   3.2448e+02
20191112_12:00:00   6.0878e-02   1.8615e+01   7.0601e-01   0.0000e+00   2.1430e-02   3.2222e+02
20191112_15:00:00   6.0827e-02   1.8603e+01   7.0666e-01   0.0000e+00   1.7148e-02   3.1188e+02
20191112_18:00:00   6.0918e-02   1.8623e+01   7.0740e-01   0.0000e+00   1.8528e-02   3.0901e+02
20191112_21:00:00   6.0853e-02   1.8608e+01   7.0494e-01   0.0000e+00   1.7862e-02   3.0956e+02
20191113_00:00:00   6.0348e-02   1.8492e+01   6.9522e-01   0.0000e+00   1.6593e-02   3.0844e+02
20191113_03:00:00   5.9724e-02   1.8343e+01   6.8306e-01   0.0000e+00   1.5340e-02   3.0786e+02
20191113_06:00:00   5.9284e-02   1.8239e+01   6.7516e-01   0.0000e+00   1.2477e-02   3.0251e+02
20191113_09:00:00   5.9133e-02   1.8201e+01   6.7305e-01   0.0000e+00   1.1820e-02   2.9501e+02
20191113_12:00:00   5.9214e-02   1.8219e+01   6.7496e-01   0.0000e+00   1.4893e-02   2.9091e+02
20191113_15:00:00   5.9125e-02   1.8192e+01   6.7455e-01   0.0000e+00   1.9493e-02   2.8458e+02
20191113_18:00:00   5.8922e-02   1.8138e+01   6.7410e-01   0.0000e+00   1.6426e-02   2.8263e+02
20191113_21:00:00   5.8531e-02   1.8037e+01   6.6822e-01   0.0000e+00   1.8049e-02   2.8028e+02
20191114_00:00:00   5.8147e-02   1.7947e+01   6.6343e-01   0.0000e+00   1.6340e-02   2.8024e+02
20191114_03:00:00   5.7066e-02   1.7689e+01   6.4329e-01   0.0000e+00   1.5191e-02   2.8522e+02
20191114_06:00:00   5.7046e-02   1.7691e+01   6.4341e-01   0.0000e+00   1.0829e-02   3.0814e+02
20191114_09:00:00   5.6804e-02   1.7633e+01   6.3833e-01   0.0000e+00   1.1161e-02   3.1490e+02
20191114_12:00:00   5.7161e-02   1.7721e+01   6.4605e-01   0.0000e+00   8.8536e-03   3.1639e+02
20191114_15:00:00   5.7688e-02   1.7853e+01   6.5649e-01   0.0000e+00   6.8568e-03   3.2435e+02
20191114_18:00:00   5.8549e-02   1.8057e+01   6.7279e-01   0.0000e+00   7.1663e-03   3.2961e+02
20191114_21:00:00   6.0125e-02   1.8431e+01   7.0002e-01   0.0000e+00   1.4184e-02   3.3532e+02
20191115_00:00:00   6.3758e-02   1.9257e+01   7.6777e-01   0.0000e+00   1.2324e-02   3.4205e+02
20191115_03:00:00   6.6013e-02   1.9790e+01   8.1145e-01   0.0000e+00   1.0115e-02   3.4340e+02
20191115_06:00:00   6.7366e-02   2.0094e+01   8.3914e-01   0.0000e+00   9.8154e-03   3.4436e+02
20191115_09:00:00   6.8656e-02   2.0400e+01   8.6433e-01   0.0000e+00   5.4134e-03   3.4534e+02
20191115_12:00:00   6.9347e-02   2.0560e+01   8.7972e-01   0.0000e+00   5.8751e-03   3.4716e+02
20191115_15:00:00   7.0485e-02   2.0833e+01   9.0284e-01   0.0000e+00   4.3890e-03   3.4718e+02
20191115_18:00:00   7.1433e-02   2.1053e+01   9.1951e-01   0.0000e+00   4.6998e-03   3.4766e+02
20191115_21:00:00   7.2859e-02   2.1392e+01   9.4802e-01   0.0000e+00   5.1220e-03   3.4730e+02
20191116_00:00:00   7.2887e-02   2.1417e+01   9.4781e-01   0.0000e+00   5.8488e-03   3.4873e+02
20191116_03:00:00   7.3375e-02   2.1533e+01   9.6048e-01   0.0000e+00   4.1642e-03   3.4648e+02
20191116_06:00:00   7.5074e-02   2.1913e+01   9.9527e-01   0.0000e+00   6.1762e-03   3.4695e+02
20191116_09:00:00   7.5631e-02   2.2049e+01   1.0072e+00   0.0000e+00   2.7533e-03   3.4941e+02
20191116_12:00:00   7.8652e-02   2.2744e+01   1.0679e+00   0.0000e+00   1.1406e-03   3.4994e+02
20191116_15:00:00   8.0359e-02   2.3136e+01   1.1128e+00   0.0000e+00   2.8124e-04   3.5071e+02
20191116_18:00:00   8.4257e-02   2.4017e+01   1.1929e+00   0.0000e+00   4.0039e-03   3.5097e+02
20191116_21:00:00   8.7998e-02   2.4888e+01   1.2643e+00   0.0000e+00   5.9390e-03   3.5279e+02
20191117_00:00:00   9.0949e-02   2.5570e+01   1.3222e+00   0.0000e+00   5.4957e-03   3.5482e+02
20191117_03:00:00   9.3945e-02   2.6255e+01   1.3798e+00   0.0000e+00   7.5222e-03   3.5763e+02
20191117_06:00:00   9.6822e-02   2.6919e+01   1.4326e+00   0.0000e+00   9.4872e-03   3.5914e+02
20191117_09:00:00   9.8581e-02   2.7324e+01   1.4661e+00   0.0000e+00   8.9261e-03   3.5865e+02
20191117_12:00:00   1.0008e-01   2.7671e+01   1.4908e+00   0.0000e+00   1.1520e-02   3.6517e+02
20191117_15:00:00   1.0076e-01   2.7830e+01   1.4992e+00   0.0000e+00   1.4087e-02   3.6489e+02
20191117_18:00:00   9.9785e-02   2.7624e+01   1.4804e+00   0.0000e+00   8.7375e-03   3.6373e+02
20191117_21:00:00   9.8859e-02   2.7432e+01   1.4662e+00   0.0000e+00   3.1498e-03   3.6619e+02
20191118_00:00:00   1.0067e-01   2.7836e+01   1.4988e+00   0.0000e+00   5.7628e-03   3.6490e+02
20191118_03:00:00   1.0088e-01   2.7883e+01   1.5014e+00   0.0000e+00   8.6386e-03   3.6590e+02
20191118_06:00:00   1.0087e-01   2.7880e+01   1.4967e+00   0.0000e+00   1.5828e-02   3.6431e+02
20191118_09:00:00   1.0063e-01   2.7830e+01   1.4858e+00   0.0000e+00   2.4924e-02   3.6850e+02
20191118_12:00:00   9.8824e-02   2.7416e+01   1.4541e+00   0.0000e+00   1.5068e-02   3.6768e+02
20191118_15:00:00   9.6733e-02   2.6930e+01   1.4123e+00   0.0000e+00   1.7007e-02   3.6476e+02
20191118_18:00:00   9.5581e-02   2.6670e+01   1.3871e+00   0.0000e+00   1.8148e-02   3.6550e+02
20191118_21:00:00   9.4373e-02   2.6400e+01   1.3632e+00   0.0000e+00   1.3953e-02   3.7061e+02
20191119_00:00:00   9.3419e-02   2.6177e+01   1.3438e+00   0.0000e+00   1.8078e-02   3.7454e+02
20191119_03:00:00   9.2024e-02   2.5859e+01   1.3095e+00   0.0000e+00   3.0819e-02   3.7253e+02
20191119_06:00:00   9.0201e-02   2.5447e+01   1.2726e+00   0.0000e+00   3.2298e-02   3.7081e+02
20191119_09:00:00   8.7679e-02   2.4871e+01   1.2203e+00   0.0000e+00   3.6975e-02   3.7042e+02
20191119_12:00:00   8.2713e-02   2.3777e+01   1.1283e+00   0.0000e+00   2.6438e-02   3.7183e+02
20191119_15:00:00   7.9077e-02   2.2928e+01   1.0552e+00   0.0000e+00   3.3901e-02   3.7096e+02
20191119_18:00:00   7.6621e-02   2.2361e+01   1.0167e+00   0.0000e+00   1.6920e-02   3.6752e+02
20191119_21:00:00   7.4344e-02   2.1818e+01   9.7159e-01   0.0000e+00   2.3409e-02   3.6772e+02
20191120_00:00:00   7.1629e-02   2.1178e+01   9.1949e-01   0.0000e+00   2.6463e-02   3.6760e+02
