#            date       tau225        Tb[K]      pwv[mm] lwp[kg*m^-2] iwp[kg*m^-2]       o3[DU]
20191117_00:00:00   6.7504e-02   2.0280e+01   9.1072e-01   0.0000e+00   1.0369e-02   3.2737e+02
20191117_01:00:00   6.6523e-02   2.0058e+01   8.9334e-01   0.0000e+00   9.4177e-03   3.2561e+02
20191117_02:00:00   6.4047e-02   1.9493e+01   8.5162e-01   0.0000e+00   6.6758e-03   3.2567e+02
20191117_03:00:00   6.1917e-02   1.9006e+01   8.1434e-01   0.0000e+00   5.0186e-03   3.2634e+02
20191117_04:00:00   6.0992e-02   1.8797e+01   7.9872e-01   0.0000e+00   4.3894e-03   3.2561e+02
20191117_05:00:00   5.7983e-02   1.8110e+01   7.4129e-01   0.0000e+00   2.5620e-03   3.2456e+02
20191117_06:00:00   5.4373e-02   1.7288e+01   6.7001e-01   0.0000e+00   1.0258e-03   3.2464e+02
20191117_07:00:00   4.9981e-02   1.6287e+01   5.8077e-01   0.0000e+00   5.3039e-05   3.2587e+02
20191117_08:00:00   4.7241e-02   1.5665e+01   5.2296e-01   0.0000e+00   0.0000e+00   3.2658e+02
20191117_09:00:00   4.7229e-02   1.5661e+01   5.2251e-01   0.0000e+00   8.1580e-06   3.2649e+02
20191117_10:00:00   4.9196e-02   1.6103e+01   5.6542e-01   0.0000e+00   0.0000e+00   3.2561e+02
20191117_11:00:00   5.0066e-02   1.6298e+01   5.8453e-01   0.0000e+00   0.0000e+00   3.2733e+02
20191117_12:00:00   5.1424e-02   1.6608e+01   6.1104e-01   0.0000e+00   0.0000e+00   3.2850e+02
20191117_13:00:00   5.4460e-02   1.7307e+01   6.6967e-01   0.0000e+00   1.6316e-05   3.2819e+02
20191117_14:00:00   5.4761e-02   1.7374e+01   6.7512e-01   0.0000e+00   1.6316e-05   3.2676e+02
20191117_15:00:00   5.2224e-02   1.6787e+01   6.2614e-01   0.0000e+00   8.1580e-06   3.2556e+02
20191117_16:00:00   4.9748e-02   1.6209e+01   5.7878e-01   0.0000e+00   8.1580e-06   3.2641e+02
20191117_17:00:00   4.9206e-02   1.6082e+01   5.6780e-01   0.0000e+00   8.1580e-06   3.2695e+02
20191117_18:00:00   4.8960e-02   1.6019e+01   5.6193e-01   0.0000e+00   8.1580e-06   3.2629e+02
20191117_19:00:00   4.8778e-02   1.5976e+01   5.5723e-01   0.0000e+00   8.1580e-06   3.2503e+02
20191117_20:00:00   4.8380e-02   1.5885e+01   5.4772e-01   0.0000e+00   0.0000e+00   3.2428e+02
20191117_21:00:00   4.8236e-02   1.5852e+01   5.4232e-01   0.0000e+00   0.0000e+00   3.2445e+02
20191117_22:00:00   4.8152e-02   1.5829e+01   5.3884e-01   0.0000e+00   0.0000e+00   3.2607e+02
20191117_23:00:00   4.8127e-02   1.5824e+01   5.3654e-01   0.0000e+00   0.0000e+00   3.2793e+02
20191118_00:00:00   4.8005e-02   1.5793e+01   5.3255e-01   0.0000e+00   0.0000e+00   3.2963e+02
20191118_01:00:00   4.7655e-02   1.5708e+01   5.2331e-01   0.0000e+00   0.0000e+00   3.3165e+02
20191118_02:00:00   4.7312e-02   1.5621e+01   5.1529e-01   0.0000e+00   0.0000e+00   3.3356e+02
20191118_03:00:00   4.6866e-02   1.5513e+01   5.0588e-01   0.0000e+00   0.0000e+00   3.3484e+02
20191118_04:00:00   4.6443e-02   1.5414e+01   4.9753e-01   0.0000e+00   0.0000e+00   3.3568e+02
20191118_05:00:00   4.6012e-02   1.5315e+01   4.8838e-01   0.0000e+00   0.0000e+00   3.3616e+02
20191118_06:00:00   4.5659e-02   1.5231e+01   4.8079e-01   0.0000e+00   0.0000e+00   3.3572e+02
20191118_07:00:00   4.5718e-02   1.5237e+01   4.8106e-01   0.0000e+00   0.0000e+00   3.3566e+02
20191118_08:00:00   4.5928e-02   1.5281e+01   4.8366e-01   0.0000e+00   0.0000e+00   3.3646e+02
20191118_09:00:00   4.6030e-02   1.5301e+01   4.8415e-01   0.0000e+00   0.0000e+00   3.3634e+02
20191118_10:00:00   4.6199e-02   1.5341e+01   4.8616e-01   0.0000e+00   0.0000e+00   3.3612e+02
20191118_11:00:00   4.6252e-02   1.5354e+01   4.8611e-01   0.0000e+00   8.1580e-06   3.3671e+02
20191118_12:00:00   4.6534e-02   1.5423e+01   4.8990e-01   0.0000e+00   0.0000e+00   3.3715e+02
20191118_13:00:00   4.5827e-02   1.5259e+01   4.7356e-01   0.0000e+00   0.0000e+00   3.3669e+02
20191118_14:00:00   4.6146e-02   1.5332e+01   4.7731e-01   0.0000e+00   0.0000e+00   3.3573e+02
20191118_15:00:00   4.6227e-02   1.5351e+01   4.7764e-01   0.0000e+00   0.0000e+00   3.3575e+02
20191118_16:00:00   4.6553e-02   1.5429e+01   4.8235e-01   0.0000e+00   0.0000e+00   3.3575e+02
20191118_17:00:00   4.7213e-02   1.5575e+01   4.9573e-01   0.0000e+00   0.0000e+00   3.3365e+02
20191118_18:00:00   4.7954e-02   1.5742e+01   5.1118e-01   0.0000e+00   0.0000e+00   3.3093e+02
20191118_19:00:00   4.9387e-02   1.6073e+01   5.3991e-01   0.0000e+00   1.6316e-05   3.3000e+02
20191118_20:00:00   5.0222e-02   1.6259e+01   5.5877e-01   0.0000e+00   8.1580e-06   3.3000e+02
20191118_21:00:00   5.1299e-02   1.6505e+01   5.8262e-01   0.0000e+00   2.4477e-05   3.3111e+02
20191118_22:00:00   5.2698e-02   1.6820e+01   6.1189e-01   0.0000e+00   1.3461e-04   3.3142e+02
20191118_23:00:00   5.4297e-02   1.7186e+01   6.4495e-01   0.0000e+00   2.0802e-04   3.3116e+02
20191119_00:00:00   5.6905e-02   1.7777e+01   6.9571e-01   0.0000e+00   8.6677e-04   3.3263e+02
20191119_01:00:00   6.0146e-02   1.8511e+01   7.5661e-01   0.0000e+00   3.5584e-03   3.3393e+02
20191119_02:00:00   6.3185e-02   1.9204e+01   8.1259e-01   0.0000e+00   6.0505e-03   3.3447e+02
20191119_03:00:00   6.6040e-02   1.9851e+01   8.6267e-01   0.0000e+00   6.7075e-03   3.3511e+02
20191119_04:00:00   6.5783e-02   1.9803e+01   8.5156e-01   0.0000e+00   9.5544e-03   3.3619e+02
20191119_05:00:00   6.8534e-02   2.0422e+01   8.9302e-01   0.0000e+00   1.7532e-02   3.3655e+02
20191119_06:00:00   7.2466e-02   2.1313e+01   9.5162e-01   0.0000e+00   2.8220e-02   3.3658e+02
20191119_07:00:00   7.5938e-02   2.2094e+01   1.0015e+00   0.0000e+00   3.8603e-02   3.3662e+02
20191119_08:00:00   7.6390e-02   2.2191e+01   1.0030e+00   0.0000e+00   4.3915e-02   3.3535e+02
20191119_09:00:00   7.5643e-02   2.2021e+01   9.8869e-01   0.0000e+00   3.7769e-02   3.3514e+02
20191119_10:00:00   7.4772e-02   2.1823e+01   9.7327e-01   0.0000e+00   2.8185e-02   3.3917e+02
20191119_11:00:00   7.3632e-02   2.1568e+01   9.5102e-01   0.0000e+00   1.9553e-02   3.4337e+02
20191119_12:00:00   7.3212e-02   2.1486e+01   9.3995e-01   0.0000e+00   1.5156e-02   3.4607e+02
20191119_13:00:00   7.2270e-02   2.1290e+01   9.1793e-01   0.0000e+00   1.1904e-02   3.4800e+02
20191119_14:00:00   7.3171e-02   2.1500e+01   9.3651e-01   0.0000e+00   9.3884e-03   3.4858e+02
20191119_15:00:00   7.4951e-02   2.1901e+01   9.6953e-01   0.0000e+00   1.5368e-02   3.4733e+02
20191119_16:00:00   7.6506e-02   2.2263e+01   1.0002e+00   0.0000e+00   1.5123e-02   3.4554e+02
20191119_17:00:00   7.7861e-02   2.2575e+01   1.0256e+00   0.0000e+00   1.9278e-02   3.4236e+02
20191119_18:00:00   7.9881e-02   2.3040e+01   1.0601e+00   0.0000e+00   3.2758e-02   3.3920e+02
20191119_19:00:00   8.1577e-02   2.3419e+01   1.0826e+00   0.0000e+00   6.4342e-02   3.3668e+02
20191119_20:00:00   8.2791e-02   2.3697e+01   1.1049e+00   0.0000e+00   7.0766e-02   3.3451e+02
20191119_21:00:00   8.6417e-02   2.4496e+01   1.1739e+00   0.0000e+00   7.1219e-02   3.3499e+02
20191119_22:00:00   8.7390e-02   2.4720e+01   1.1912e+00   0.0000e+00   7.5720e-02   3.3557e+02
20191119_23:00:00   8.8127e-02   2.4887e+01   1.2030e+00   0.0000e+00   8.3826e-02   3.3512e+02
20191120_00:00:00   8.8948e-02   2.5077e+01   1.2193e+00   0.0000e+00   8.2344e-02   3.3374e+02
20191120_01:00:00   8.9477e-02   2.5196e+01   1.2296e+00   0.0000e+00   8.1778e-02   3.3280e+02
20191120_02:00:00   9.0013e-02   2.5322e+01   1.2424e+00   0.0000e+00   7.4876e-02   3.3267e+02
20191120_03:00:00   9.0989e-02   2.5549e+01   1.2644e+00   0.0000e+00   6.8151e-02   3.3275e+02
20191120_04:00:00   9.2199e-02   2.5830e+01   1.2876e+00   0.0000e+00   6.7846e-02   3.3323e+02
20191120_05:00:00   9.3833e-02   2.6210e+01   1.3171e+00   0.0000e+00   6.8824e-02   3.3279e+02
20191120_06:00:00   9.5411e-02   2.6575e+01   1.3476e+00   0.0000e+00   6.5307e-02   3.3236e+02
20191120_07:00:00   9.6790e-02   2.6893e+01   1.3696e+00   0.0000e+00   7.2636e-02   3.3321e+02
20191120_08:00:00   9.7804e-02   2.7127e+01   1.3890e+00   0.0000e+00   7.1245e-02   3.3587e+02
20191120_09:00:00   9.9073e-02   2.7420e+01   1.4129e+00   0.0000e+00   7.1592e-02   3.3853e+02
20191120_10:00:00   9.9850e-02   2.7602e+01   1.4284e+00   0.0000e+00   6.7963e-02   3.3966e+02
20191120_11:00:00   1.0093e-01   2.7857e+01   1.4525e+00   0.0000e+00   5.7992e-02   3.4029e+02
20191120_12:00:00   1.0164e-01   2.8019e+01   1.4583e+00   0.0000e+00   7.4067e-02   3.4111e+02
20191120_13:00:00   1.0171e-01   2.8035e+01   1.4605e+00   0.0000e+00   7.0635e-02   3.4229e+02
20191120_14:00:00   1.0176e-01   2.8048e+01   1.4607e+00   0.0000e+00   7.0459e-02   3.4307e+02
20191120_15:00:00   1.0194e-01   2.8095e+01   1.4690e+00   0.0000e+00   5.7551e-02   3.4390e+02
20191120_16:00:00   1.0236e-01   2.8195e+01   1.4808e+00   0.0000e+00   5.0452e-02   3.4414e+02
20191120_17:00:00   1.0263e-01   2.8254e+01   1.4860e+00   0.0000e+00   4.8865e-02   3.4346e+02
20191120_18:00:00   1.0319e-01   2.8385e+01   1.5006e+00   0.0000e+00   4.0422e-02   3.4302e+02
20191120_19:00:00   1.0376e-01   2.8516e+01   1.5138e+00   0.0000e+00   3.5022e-02   3.4348e+02
20191120_20:00:00   1.0414e-01   2.8605e+01   1.5207e+00   0.0000e+00   3.2994e-02   3.4383e+02
20191120_21:00:00   1.0408e-01   2.8599e+01   1.5202e+00   0.0000e+00   2.9784e-02   3.4412e+02
20191120_22:00:00   1.0402e-01   2.8592e+01   1.5214e+00   0.0000e+00   2.2180e-02   3.4451e+02
20191120_23:00:00   1.0513e-01   2.8842e+01   1.5448e+00   0.0000e+00   2.0516e-02   3.4533e+02
20191121_00:00:00   1.0609e-01   2.9054e+01   1.5632e+00   0.0000e+00   2.2251e-02   3.4543e+02
20191121_01:00:00   1.0677e-01   2.9204e+01   1.5768e+00   0.0000e+00   2.2642e-02   3.4484e+02
20191121_02:00:00   1.0719e-01   2.9300e+01   1.5860e+00   0.0000e+00   2.2272e-02   3.4442e+02
20191121_03:00:00   1.0744e-01   2.9359e+01   1.5892e+00   0.0000e+00   2.6155e-02   3.4423e+02
20191121_04:00:00   1.0788e-01   2.9460e+01   1.5968e+00   0.0000e+00   2.9515e-02   3.4535e+02
20191121_05:00:00   1.0813e-01   2.9518e+01   1.6022e+00   0.0000e+00   2.8176e-02   3.4748e+02
20191121_06:00:00   1.0862e-01   2.9631e+01   1.6119e+00   0.0000e+00   2.6498e-02   3.4821e+02
20191121_07:00:00   1.0904e-01   2.9731e+01   1.6191e+00   0.0000e+00   2.7760e-02   3.4799e+02
20191121_08:00:00   1.0918e-01   2.9764e+01   1.6201e+00   0.0000e+00   2.9311e-02   3.4734e+02
20191121_09:00:00   1.0933e-01   2.9796e+01   1.6183e+00   0.0000e+00   4.1038e-02   3.4678e+02
20191121_10:00:00   1.0906e-01   2.9733e+01   1.6105e+00   0.0000e+00   4.6915e-02   3.4688e+02
20191121_11:00:00   1.0898e-01   2.9716e+01   1.6094e+00   0.0000e+00   4.7738e-02   3.4721e+02
20191121_12:00:00   1.0884e-01   2.9687e+01   1.6079e+00   0.0000e+00   4.5624e-02   3.4750e+02
20191121_13:00:00   1.0876e-01   2.9666e+01   1.6062e+00   0.0000e+00   4.7547e-02   3.4792e+02
20191121_14:00:00   1.0854e-01   2.9618e+01   1.6042e+00   0.0000e+00   4.2263e-02   3.4784e+02
20191121_15:00:00   1.0825e-01   2.9569e+01   1.5998e+00   0.0000e+00   3.6470e-02   3.4725e+02
20191121_16:00:00   1.0668e-01   2.9231e+01   1.5696e+00   0.0000e+00   3.2939e-02   3.4693e+02
20191121_17:00:00   1.0613e-01   2.9116e+01   1.5606e+00   0.0000e+00   2.9437e-02   3.4718e+02
20191121_18:00:00   1.0580e-01   2.9047e+01   1.5555e+00   0.0000e+00   2.7756e-02   3.4729e+02
20191121_19:00:00   1.0625e-01   2.9152e+01   1.5672e+00   0.0000e+00   2.2780e-02   3.4702e+02
20191121_20:00:00   1.0598e-01   2.9101e+01   1.5645e+00   0.0000e+00   1.9070e-02   3.4624e+02
20191121_21:00:00   1.0583e-01   2.9080e+01   1.5659e+00   0.0000e+00   1.1472e-02   3.4435e+02
20191121_22:00:00   1.0694e-01   2.9327e+01   1.5903e+00   0.0000e+00   1.1170e-02   3.4224e+02
20191121_23:00:00   1.0876e-01   2.9727e+01   1.6275e+00   0.0000e+00   1.1384e-02   3.4075e+02
20191122_00:00:00   1.0991e-01   2.9979e+01   1.6494e+00   0.0000e+00   1.4613e-02   3.4025e+02
20191122_03:00:00   1.1381e-01   3.0868e+01   1.7316e+00   0.0000e+00   1.3974e-02   3.4028e+02
20191122_06:00:00   1.1706e-01   3.1600e+01   1.7990e+00   0.0000e+00   1.2654e-02   3.4017e+02
20191122_09:00:00   1.1982e-01   3.2229e+01   1.8581e+00   0.0000e+00   1.0277e-02   3.3890e+02
20191122_12:00:00   1.1856e-01   3.1964e+01   1.8414e+00   0.0000e+00   8.1369e-03   3.3849e+02
20191122_15:00:00   1.2199e-01   3.2683e+01   1.9188e+00   0.0000e+00   4.7602e-03   3.3928e+02
20191122_18:00:00   1.2459e-01   3.3243e+01   1.9677e+00   0.0000e+00   1.2571e-02   3.3643e+02
20191122_21:00:00   1.2717e-01   3.3832e+01   2.0059e+00   0.0000e+00   2.3492e-02   3.3167e+02
20191123_00:00:00   1.2283e-01   3.2937e+01   1.9082e+00   0.0000e+00   2.8121e-02   3.2579e+02
20191123_03:00:00   1.1520e-01   3.1269e+01   1.7677e+00   0.0000e+00   8.2383e-03   3.2100e+02
20191123_06:00:00   9.9196e-02   2.7719e+01   1.4713e+00   0.0000e+00   1.5078e-03   3.2132e+02
20191123_09:00:00   9.7621e-02   2.7293e+01   1.4485e+00   0.0000e+00   2.7565e-03   3.2171e+02
20191123_12:00:00   9.5077e-02   2.6698e+01   1.3958e+00   0.0000e+00   3.3233e-03   3.2208e+02
20191123_15:00:00   9.6566e-02   2.6987e+01   1.4153e+00   0.0000e+00   4.9376e-03   3.2466e+02
20191123_18:00:00   9.9710e-02   2.7645e+01   1.4727e+00   0.0000e+00   8.8163e-03   3.2770e+02
20191123_21:00:00   1.0109e-01   2.7946e+01   1.4936e+00   0.0000e+00   1.2768e-02   3.2831e+02
20191124_00:00:00   9.9013e-02   2.7466e+01   1.4506e+00   0.0000e+00   1.5249e-02   3.2679e+02
20191124_03:00:00   9.8400e-02   2.7300e+01   1.4362e+00   0.0000e+00   1.7321e-02   3.2654e+02
20191124_06:00:00   9.6182e-02   2.6778e+01   1.3910e+00   0.0000e+00   2.2085e-02   3.2860e+02
20191124_09:00:00   9.5413e-02   2.6587e+01   1.3724e+00   0.0000e+00   2.6715e-02   3.3048e+02
20191124_12:00:00   9.1652e-02   2.5736e+01   1.3023e+00   0.0000e+00   1.8648e-02   3.2979e+02
20191124_15:00:00   8.1366e-02   2.3497e+01   1.1044e+00   0.0000e+00   3.7897e-03   3.2832e+02
20191124_18:00:00   8.2245e-02   2.3651e+01   1.1244e+00   0.0000e+00   1.7662e-03   3.2875e+02
20191124_21:00:00   8.3304e-02   2.3838e+01   1.1519e+00   0.0000e+00   4.8332e-03   3.2931e+02
20191125_00:00:00   7.8700e-02   2.2787e+01   1.0741e+00   0.0000e+00   5.5547e-03   3.3023e+02
20191125_03:00:00   7.1976e-02   2.1275e+01   9.4934e-01   0.0000e+00   3.4468e-03   3.2984e+02
20191125_06:00:00   6.4898e-02   1.9671e+01   8.2220e-01   0.0000e+00   5.9348e-04   3.3012e+02
20191125_09:00:00   5.6936e-02   1.7850e+01   6.8005e-01   0.0000e+00   2.6504e-05   3.3113e+02
20191125_12:00:00   4.7593e-02   1.5758e+01   4.9484e-01   0.0000e+00   0.0000e+00   3.3315e+02
20191125_15:00:00   5.1692e-02   1.6742e+01   5.7218e-01   0.0000e+00   0.0000e+00   3.3656e+02
20191125_18:00:00   6.8794e-02   2.0661e+01   9.0421e-01   0.0000e+00   3.2632e-05   3.3567e+02
20191125_21:00:00   6.3394e-02   1.9486e+01   8.0582e-01   0.0000e+00   0.0000e+00   3.3465e+02
20191126_00:00:00   8.2753e-02   2.3834e+01   1.1553e+00   0.0000e+00   1.1790e-03   3.3622e+02
20191126_03:00:00   8.0239e-02   2.3296e+01   1.0766e+00   0.0000e+00   7.6222e-03   3.3961e+02
20191126_06:00:00   5.7110e-02   1.7979e+01   6.6859e-01   0.0000e+00   2.4380e-04   3.3221e+02
20191126_09:00:00   5.5577e-02   1.7549e+01   6.5987e-01   0.0000e+00   5.9552e-04   3.3008e+02
20191126_12:00:00   6.2110e-02   1.9024e+01   7.7388e-01   0.0000e+00   2.3820e-03   3.3131e+02
20191126_15:00:00   7.0596e-02   2.0967e+01   8.9375e-01   0.0000e+00   8.9751e-03   3.3381e+02
20191126_18:00:00   6.3551e-02   1.9396e+01   7.5700e-01   0.0000e+00   6.3515e-03   3.3844e+02
20191126_21:00:00   5.8303e-02   1.8165e+01   6.5918e-01   0.0000e+00   4.8542e-04   3.3971e+02
20191127_00:00:00   5.3797e-02   1.7088e+01   5.7672e-01   0.0000e+00   2.5123e-05   3.4011e+02
20191127_03:00:00   5.1177e-02   1.6450e+01   5.2818e-01   0.0000e+00   4.2710e-04   3.4172e+02
20191127_06:00:00   4.9343e-02   1.6005e+01   4.9525e-01   0.0000e+00   6.1180e-06   3.4135e+02
20191127_09:00:00   4.2903e-02   1.4495e+01   3.9158e-01   0.0000e+00   6.1180e-06   3.4158e+02
20191127_12:00:00   4.2041e-02   1.4289e+01   3.7694e-01   0.0000e+00   8.1170e-06   3.3964e+02
20191127_15:00:00   4.0783e-02   1.4007e+01   3.5699e-01   0.0000e+00   1.0243e-05   3.4208e+02
20191127_18:00:00   4.4633e-02   1.4924e+01   4.1811e-01   0.0000e+00   6.1180e-06   3.4483e+02
20191127_21:00:00   4.5939e-02   1.5249e+01   4.3971e-01   0.0000e+00   6.1180e-06   3.5059e+02
20191128_00:00:00   4.8499e-02   1.5864e+01   4.8382e-01   0.0000e+00   4.1950e-06   3.5805e+02
20191128_03:00:00   5.3033e-02   1.6938e+01   5.6462e-01   0.0000e+00   3.3519e-05   3.5818e+02
20191128_06:00:00   5.8534e-02   1.8237e+01   6.6264e-01   0.0000e+00   1.2668e-03   3.5592e+02
20191128_09:00:00   5.9716e-02   1.8547e+01   6.8446e-01   0.0000e+00   1.2559e-03   3.5224e+02
20191128_12:00:00   5.7032e-02   1.7941e+01   6.3660e-01   0.0000e+00   9.5384e-04   3.5146e+02
20191128_15:00:00   6.2074e-02   1.9095e+01   7.3018e-01   0.0000e+00   1.2759e-03   3.4357e+02
20191128_18:00:00   6.9571e-02   2.0812e+01   8.7428e-01   0.0000e+00   2.5531e-03   3.3675e+02
20191128_21:00:00   7.4290e-02   2.1904e+01   9.6349e-01   0.0000e+00   1.8571e-03   3.3493e+02
20191129_00:00:00   8.0097e-02   2.3217e+01   1.0763e+00   0.0000e+00   1.4996e-03   3.3269e+02
20191129_03:00:00   8.3976e-02   2.4104e+01   1.1473e+00   0.0000e+00   6.3393e-03   3.3240e+02
20191129_06:00:00   8.0676e-02   2.3371e+01   1.0998e+00   0.0000e+00   3.0404e-03   3.3261e+02
20191129_09:00:00   8.3553e-02   2.4008e+01   1.1560e+00   0.0000e+00   1.7568e-03   3.3220e+02
20191129_12:00:00   8.2504e-02   2.3783e+01   1.1387e+00   0.0000e+00   1.4217e-03   3.3075e+02
20191129_15:00:00   8.1322e-02   2.3519e+01   1.1208e+00   0.0000e+00   1.0361e-03   3.3027e+02
20191129_18:00:00   8.1300e-02   2.3516e+01   1.1235e+00   0.0000e+00   1.8947e-03   3.3006e+02
20191129_21:00:00   8.1392e-02   2.3548e+01   1.1197e+00   0.0000e+00   1.8435e-03   3.2915e+02
20191130_00:00:00   7.6480e-02   2.2437e+01   1.0308e+00   0.0000e+00   2.0080e-06   3.2864e+02
20191130_03:00:00   7.6069e-02   2.2326e+01   1.0263e+00   0.0000e+00   1.0808e-04   3.2898e+02
20191130_06:00:00   7.6888e-02   2.2504e+01   1.0424e+00   0.0000e+00   6.3220e-05   3.2991e+02
20191130_09:00:00   7.5638e-02   2.2231e+01   1.0216e+00   0.0000e+00   1.4260e-05   3.2880e+02
20191130_12:00:00   7.5176e-02   2.2134e+01   1.0156e+00   0.0000e+00   6.3186e-05   3.3016e+02
20191130_15:00:00   7.5163e-02   2.2141e+01   1.0160e+00   0.0000e+00   2.2396e-05   3.3035e+02
20191130_18:00:00   7.6609e-02   2.2483e+01   1.0402e+00   0.0000e+00   3.0554e-05   3.3085e+02
20191130_21:00:00   7.9857e-02   2.3228e+01   1.0945e+00   0.0000e+00   2.2379e-05   3.3061e+02
20191201_00:00:00   8.0303e-02   2.3339e+01   1.0999e+00   0.0000e+00   2.2384e-05   3.3190e+02
20191201_03:00:00   8.0698e-02   2.3431e+01   1.1044e+00   0.0000e+00   2.6460e-05   3.3073e+02
20191201_06:00:00   8.1545e-02   2.3617e+01   1.1171e+00   0.0000e+00   2.6465e-05   3.2851e+02
20191201_09:00:00   8.1585e-02   2.3622e+01   1.1164e+00   0.0000e+00   2.0311e-05   3.2602e+02
20191201_12:00:00   8.1053e-02   2.3501e+01   1.1049e+00   0.0000e+00   2.0478e-04   3.2798e+02
20191201_15:00:00   8.2894e-02   2.3891e+01   1.1422e+00   0.0000e+00   3.4140e-04   3.2655e+02
20191201_18:00:00   8.4492e-02   2.4220e+01   1.1747e+00   0.0000e+00   4.3596e-04   3.2593e+02
20191201_21:00:00   8.5721e-02   2.4474e+01   1.1958e+00   0.0000e+00   4.9922e-04   3.2406e+02
20191202_00:00:00   8.5106e-02   2.4325e+01   1.1866e+00   0.0000e+00   1.7012e-04   3.2443e+02
20191202_03:00:00   8.2794e-02   2.3802e+01   1.1428e+00   0.0000e+00   1.8458e-04   3.2501e+02
20191202_06:00:00   8.4406e-02   2.4158e+01   1.1683e+00   0.0000e+00   9.4514e-04   3.2356e+02
20191202_09:00:00   8.6776e-02   2.4691e+01   1.2049e+00   0.0000e+00   4.6215e-03   3.2207e+02
20191202_12:00:00   8.6863e-02   2.4713e+01   1.2030e+00   0.0000e+00   7.0701e-03   3.2299e+02
20191202_15:00:00   8.6289e-02   2.4585e+01   1.1936e+00   0.0000e+00   3.7793e-03   3.2278e+02
20191202_18:00:00   8.5836e-02   2.4478e+01   1.1844e+00   0.0000e+00   5.0878e-03   3.2505e+02
20191202_21:00:00   8.5457e-02   2.4390e+01   1.1763e+00   0.0000e+00   4.0187e-03   3.3453e+02
20191203_00:00:00   8.5217e-02   2.4343e+01   1.1719e+00   0.0000e+00   3.3363e-03   3.4211e+02
