#            date       tau225        Tb[K]      pwv[mm] lwp[kg*m^-2] iwp[kg*m^-2]       o3[DU]
20191128_12:00:00   9.1556e-02   2.5770e+01   1.3458e+00   0.0000e+00   1.1122e-02   2.7241e+02
20191128_13:00:00   9.2448e-02   2.5975e+01   1.3637e+00   0.0000e+00   4.9597e-03   2.7225e+02
20191128_14:00:00   9.2951e-02   2.6086e+01   1.3732e+00   0.0000e+00   3.2803e-03   2.7291e+02
20191128_15:00:00   9.3860e-02   2.6287e+01   1.3860e+00   0.0000e+00   5.8423e-03   2.7297e+02
20191128_16:00:00   9.5196e-02   2.6600e+01   1.4070e+00   0.0000e+00   6.6192e-03   2.7259e+02
20191128_17:00:00   9.6121e-02   2.6828e+01   1.4228e+00   0.0000e+00   4.0887e-03   2.7212e+02
20191128_18:00:00   9.5674e-02   2.6736e+01   1.4133e+00   0.0000e+00   1.9590e-03   2.7269e+02
20191128_19:00:00   9.4513e-02   2.6487e+01   1.3910e+00   0.0000e+00   8.1589e-04   2.7391e+02
20191128_20:00:00   9.2515e-02   2.6048e+01   1.3542e+00   0.0000e+00   2.5042e-04   2.7612e+02
20191128_21:00:00   9.1711e-02   2.5862e+01   1.3386e+00   0.0000e+00   3.4833e-04   2.7891e+02
20191128_22:00:00   9.0669e-02   2.5622e+01   1.3174e+00   0.0000e+00   4.1186e-04   2.8069e+02
20191128_23:00:00   8.9262e-02   2.5303e+01   1.2927e+00   0.0000e+00   1.6377e-04   2.8219e+02
20191129_00:00:00   8.7863e-02   2.4982e+01   1.2666e+00   0.0000e+00   2.4535e-04   2.8269e+02
20191129_01:00:00   8.6860e-02   2.4761e+01   1.2463e+00   0.0000e+00   1.6756e-04   2.8473e+02
20191129_02:00:00   8.5582e-02   2.4477e+01   1.2209e+00   0.0000e+00   1.9206e-04   2.8867e+02
20191129_03:00:00   8.4336e-02   2.4194e+01   1.1960e+00   0.0000e+00   4.9010e-04   2.9068e+02
20191129_04:00:00   8.3132e-02   2.3926e+01   1.1730e+00   0.0000e+00   4.7841e-04   2.9202e+02
20191129_05:00:00   8.1579e-02   2.3585e+01   1.1410e+00   0.0000e+00   2.2548e-04   2.9463e+02
20191129_06:00:00   8.0054e-02   2.3246e+01   1.1091e+00   0.0000e+00   7.4186e-05   2.9559e+02
20191129_07:00:00   7.5932e-02   2.2332e+01   1.0288e+00   0.0000e+00   1.6183e-04   2.9623e+02
20191129_08:00:00   7.5157e-02   2.2148e+01   1.0124e+00   0.0000e+00   8.0759e-04   2.9675e+02
20191129_09:00:00   7.4545e-02   2.2001e+01   9.9945e-01   0.0000e+00   1.4132e-03   2.9736e+02
20191129_10:00:00   7.4268e-02   2.1935e+01   9.9261e-01   0.0000e+00   1.8675e-03   2.9726e+02
20191129_11:00:00   7.4151e-02   2.1904e+01   9.8908e-01   0.0000e+00   1.9062e-03   2.9816e+02
20191129_12:00:00   7.3399e-02   2.1727e+01   9.7352e-01   0.0000e+00   1.7781e-03   3.0050e+02
20191129_13:00:00   7.2011e-02   2.1410e+01   9.4867e-01   0.0000e+00   1.1803e-03   3.0195e+02
20191129_14:00:00   7.0066e-02   2.0964e+01   9.1492e-01   0.0000e+00   7.1411e-04   3.0261e+02
20191129_15:00:00   6.8063e-02   2.0500e+01   8.8020e-01   0.0000e+00   3.2593e-04   3.0234e+02
20191129_16:00:00   6.6027e-02   2.0029e+01   8.4544e-01   0.0000e+00   8.8519e-05   3.0300e+02
20191129_17:00:00   6.3792e-02   1.9512e+01   8.0657e-01   0.0000e+00   3.4637e-05   3.0528e+02
20191129_18:00:00   6.1841e-02   1.9062e+01   7.7219e-01   0.0000e+00   2.0883e-05   3.0740e+02
20191129_19:00:00   6.0202e-02   1.8682e+01   7.4396e-01   0.0000e+00   1.6316e-05   3.0845e+02
20191129_20:00:00   5.9123e-02   1.8425e+01   7.2516e-01   0.0000e+00   1.6316e-05   3.0877e+02
20191129_21:00:00   5.8979e-02   1.8382e+01   7.2214e-01   0.0000e+00   8.1580e-06   3.0869e+02
20191129_22:00:00   5.9427e-02   1.8484e+01   7.2906e-01   0.0000e+00   8.1580e-06   3.0811e+02
20191129_23:00:00   5.9700e-02   1.8546e+01   7.3276e-01   0.0000e+00   4.5680e-06   3.0756e+02
20191130_00:00:00   5.9945e-02   1.8605e+01   7.3575e-01   0.0000e+00   4.5590e-06   3.0662e+02
20191130_01:00:00   5.9853e-02   1.8586e+01   7.3228e-01   0.0000e+00   1.2715e-05   3.0599e+02
20191130_02:00:00   6.0292e-02   1.8687e+01   7.3933e-01   0.0000e+00   1.2720e-05   3.0586e+02
20191130_03:00:00   6.1146e-02   1.8878e+01   7.5466e-01   0.0000e+00   2.0884e-05   3.0720e+02
20191130_04:00:00   6.2431e-02   1.9167e+01   7.7851e-01   0.0000e+00   2.9040e-05   3.0936e+02
20191130_05:00:00   6.3880e-02   1.9497e+01   8.0525e-01   0.0000e+00   3.7190e-05   3.1037e+02
20191130_06:00:00   6.5850e-02   1.9953e+01   8.4061e-01   0.0000e+00   3.3579e-05   3.1046e+02
20191130_07:00:00   6.6932e-02   2.0209e+01   8.5835e-01   0.0000e+00   1.2703e-05   3.0961e+02
20191130_08:00:00   6.6738e-02   2.0183e+01   8.5329e-01   0.0000e+00   9.0900e-06   3.0747e+02
20191130_09:00:00   6.7803e-02   2.0436e+01   8.7437e-01   0.0000e+00   1.2705e-05   3.0391e+02
20191130_10:00:00   6.8962e-02   2.0703e+01   8.9819e-01   0.0000e+00   1.2706e-05   3.0024e+02
20191130_11:00:00   6.9598e-02   2.0845e+01   9.1225e-01   0.0000e+00   2.0860e-05   2.9744e+02
20191130_12:00:00   6.9389e-02   2.0802e+01   9.1144e-01   0.0000e+00   2.9003e-05   2.9562e+02
20191130_13:00:00   6.9048e-02   2.0729e+01   9.0693e-01   0.0000e+00   2.0842e-05   2.9491e+02
20191130_14:00:00   6.9810e-02   2.0905e+01   9.2135e-01   0.0000e+00   1.6316e-05   2.9502e+02
20191130_15:00:00   7.1189e-02   2.1216e+01   9.4706e-01   0.0000e+00   1.6316e-05   2.9561e+02
20191130_16:00:00   7.2190e-02   2.1444e+01   9.6478e-01   0.0000e+00   1.6316e-05   2.9647e+02
20191130_17:00:00   7.3705e-02   2.1785e+01   9.8991e-01   0.0000e+00   2.9012e-05   2.9707e+02
20191130_18:00:00   7.5725e-02   2.2238e+01   1.0232e+00   0.0000e+00   2.8994e-05   2.9835e+02
20191130_19:00:00   7.6820e-02   2.2481e+01   1.0409e+00   0.0000e+00   9.6624e-05   2.9978e+02
20191130_20:00:00   7.7235e-02   2.2577e+01   1.0477e+00   0.0000e+00   5.5975e-05   3.0104e+02
20191130_21:00:00   7.5984e-02   2.2299e+01   1.0223e+00   0.0000e+00   1.3478e-05   3.0227e+02
20191130_22:00:00   7.3775e-02   2.1809e+01   9.8115e-01   0.0000e+00   7.1720e-05   3.0397e+02
20191130_23:00:00   7.1629e-02   2.1312e+01   9.4401e-01   0.0000e+00   7.8127e-05   3.0570e+02
20191201_00:00:00   7.1827e-02   2.1343e+01   9.5021e-01   0.0000e+00   3.9520e-04   3.0837e+02
20191201_01:00:00   7.3690e-02   2.1752e+01   9.8456e-01   0.0000e+00   8.3736e-04   3.1165e+02
20191201_02:00:00   7.7002e-02   2.2487e+01   1.0426e+00   0.0000e+00   1.9334e-03   3.1391e+02
20191201_03:00:00   7.9961e-02   2.3142e+01   1.0906e+00   0.0000e+00   5.1439e-03   3.1568e+02
20191201_04:00:00   7.9740e-02   2.3091e+01   1.0836e+00   0.0000e+00   7.8515e-03   3.1697e+02
20191201_05:00:00   7.9191e-02   2.2967e+01   1.0707e+00   0.0000e+00   9.1313e-03   3.1820e+02
20191201_06:00:00   7.8758e-02   2.2866e+01   1.0601e+00   0.0000e+00   9.4067e-03   3.1959e+02
20191201_07:00:00   7.8492e-02   2.2806e+01   1.0527e+00   0.0000e+00   9.3891e-03   3.2046e+02
20191201_08:00:00   7.8202e-02   2.2744e+01   1.0461e+00   0.0000e+00   7.6984e-03   3.2101e+02
20191201_09:00:00   7.7801e-02   2.2650e+01   1.0378e+00   0.0000e+00   6.1607e-03   3.2167e+02
20191201_10:00:00   7.7277e-02   2.2527e+01   1.0272e+00   0.0000e+00   5.7423e-03   3.2114e+02
20191201_11:00:00   7.6697e-02   2.2393e+01   1.0146e+00   0.0000e+00   5.9388e-03   3.2019e+02
20191201_12:00:00   7.6432e-02   2.2337e+01   1.0081e+00   0.0000e+00   4.9207e-03   3.1891e+02
20191201_13:00:00   7.5806e-02   2.2195e+01   9.9470e-01   0.0000e+00   4.2468e-03   3.1656e+02
20191201_14:00:00   7.5181e-02   2.2055e+01   9.8170e-01   0.0000e+00   4.1787e-03   3.1371e+02
20191201_15:00:00   7.4308e-02   2.1858e+01   9.6380e-01   0.0000e+00   4.5100e-03   3.1125e+02
20191201_16:00:00   7.3671e-02   2.1714e+01   9.5036e-01   0.0000e+00   4.8843e-03   3.1057e+02
20191201_17:00:00   7.3230e-02   2.1613e+01   9.4154e-01   0.0000e+00   4.7904e-03   3.1197e+02
20191201_18:00:00   7.3096e-02   2.1582e+01   9.3848e-01   0.0000e+00   4.4615e-03   3.1406e+02
20191201_19:00:00   7.2717e-02   2.1492e+01   9.3074e-01   0.0000e+00   3.9194e-03   3.1634e+02
20191201_20:00:00   7.2594e-02   2.1463e+01   9.2751e-01   0.0000e+00   3.9949e-03   3.1851e+02
20191201_21:00:00   7.2315e-02   2.1394e+01   9.2208e-01   0.0000e+00   4.4593e-03   3.2022e+02
20191201_22:00:00   7.2020e-02   2.1324e+01   9.1676e-01   0.0000e+00   3.6359e-03   3.2169e+02
20191201_23:00:00   7.1968e-02   2.1311e+01   9.1505e-01   0.0000e+00   3.1631e-03   3.2366e+02
20191202_00:00:00   7.1698e-02   2.1244e+01   9.0890e-01   0.0000e+00   3.2082e-03   3.2571e+02
20191202_01:00:00   7.1682e-02   2.1237e+01   9.0793e-01   0.0000e+00   3.1096e-03   3.2727e+02
20191202_02:00:00   7.1570e-02   2.1208e+01   9.0541e-01   0.0000e+00   2.9865e-03   3.2846e+02
20191202_03:00:00   7.1173e-02   2.1113e+01   8.9877e-01   0.0000e+00   2.1037e-03   3.2890e+02
20191202_04:00:00   7.1107e-02   2.1097e+01   8.9790e-01   0.0000e+00   1.8043e-03   3.2917e+02
20191202_05:00:00   7.1000e-02   2.1071e+01   8.9555e-01   0.0000e+00   2.0455e-03   3.2996e+02
20191202_06:00:00   7.1197e-02   2.1115e+01   8.9856e-01   0.0000e+00   3.7052e-03   3.3040e+02
20191202_07:00:00   7.1458e-02   2.1174e+01   9.0312e-01   0.0000e+00   3.5357e-03   3.3079e+02
20191202_08:00:00   7.1829e-02   2.1258e+01   9.1006e-01   0.0000e+00   2.7187e-03   3.3094e+02
20191202_09:00:00   7.1961e-02   2.1286e+01   9.1261e-01   0.0000e+00   2.1167e-03   3.3082e+02
20191202_10:00:00   7.2203e-02   2.1343e+01   9.1712e-01   0.0000e+00   2.2405e-03   3.3050e+02
20191202_11:00:00   7.2278e-02   2.1364e+01   9.1850e-01   0.0000e+00   2.1701e-03   3.3037e+02
20191202_12:00:00   7.2290e-02   2.1369e+01   9.1898e-01   0.0000e+00   1.9477e-03   3.3078e+02
20191202_13:00:00   7.2454e-02   2.1408e+01   9.2217e-01   0.0000e+00   1.1479e-03   3.3127e+02
20191202_14:00:00   7.2786e-02   2.1484e+01   9.2897e-01   0.0000e+00   8.3139e-04   3.3160e+02
20191202_15:00:00   7.2964e-02   2.1522e+01   9.3399e-01   0.0000e+00   1.2116e-03   3.3150e+02
20191202_16:00:00   7.3343e-02   2.1607e+01   9.4266e-01   0.0000e+00   1.7836e-03   3.3161e+02
20191202_17:00:00   7.3764e-02   2.1700e+01   9.5180e-01   0.0000e+00   1.8743e-03   3.3149e+02
20191202_18:00:00   7.4274e-02   2.1816e+01   9.6221e-01   0.0000e+00   1.6170e-03   3.3096e+02
20191202_19:00:00   7.4737e-02   2.1924e+01   9.7202e-01   0.0000e+00   6.8871e-04   3.3024e+02
20191202_20:00:00   7.5089e-02   2.2005e+01   9.7980e-01   0.0000e+00   6.4031e-04   3.2972e+02
20191202_21:00:00   7.5526e-02   2.2108e+01   9.8890e-01   0.0000e+00   6.5601e-04   3.2940e+02
20191202_22:00:00   7.5976e-02   2.2209e+01   9.9860e-01   0.0000e+00   5.3515e-04   3.2884e+02
20191202_23:00:00   7.6521e-02   2.2331e+01   1.0086e+00   0.0000e+00   1.0368e-03   3.2766e+02
20191203_00:00:00   7.7012e-02   2.2442e+01   1.0175e+00   0.0000e+00   1.0813e-03   3.2651e+02
20191203_01:00:00   7.7303e-02   2.2510e+01   1.0229e+00   0.0000e+00   5.9222e-04   3.2562e+02
20191203_02:00:00   7.7489e-02   2.2553e+01   1.0259e+00   0.0000e+00   5.3779e-04   3.2515e+02
20191203_03:00:00   7.7717e-02   2.2609e+01   1.0290e+00   0.0000e+00   1.1963e-03   3.2489e+02
20191203_04:00:00   7.7677e-02   2.2604e+01   1.0268e+00   0.0000e+00   1.5941e-03   3.2520e+02
20191203_05:00:00   7.7994e-02   2.2679e+01   1.0317e+00   0.0000e+00   1.7285e-03   3.2560e+02
20191203_06:00:00   7.8240e-02   2.2732e+01   1.0357e+00   0.0000e+00   1.6345e-03   3.2612e+02
20191203_07:00:00   7.8495e-02   2.2790e+01   1.0406e+00   0.0000e+00   1.2769e-03   3.2653e+02
20191203_08:00:00   7.8998e-02   2.2901e+01   1.0498e+00   0.0000e+00   1.1803e-03   3.2682e+02
20191203_09:00:00   7.9638e-02   2.3043e+01   1.0626e+00   0.0000e+00   2.3816e-03   3.2665e+02
20191203_10:00:00   8.0052e-02   2.3131e+01   1.0709e+00   0.0000e+00   2.7556e-03   3.2643e+02
20191203_11:00:00   7.9837e-02   2.3079e+01   1.0677e+00   0.0000e+00   2.5809e-03   3.2641e+02
20191203_12:00:00   7.9390e-02   2.2977e+01   1.0603e+00   0.0000e+00   2.8551e-03   3.2664e+02
20191203_15:00:00   7.8464e-02   2.2777e+01   1.0433e+00   0.0000e+00   2.7645e-03   3.2689e+02
20191203_18:00:00   7.8348e-02   2.2756e+01   1.0419e+00   0.0000e+00   2.3842e-03   3.2712e+02
20191203_21:00:00   7.8304e-02   2.2759e+01   1.0408e+00   0.0000e+00   9.9437e-04   3.2588e+02
20191204_00:00:00   7.5495e-02   2.2139e+01   9.9556e-01   0.0000e+00   4.4868e-05   3.2503e+02
20191204_03:00:00   7.3654e-02   2.1746e+01   9.6234e-01   0.0000e+00   3.2406e-05   3.2400e+02
20191204_06:00:00   7.3106e-02   2.1645e+01   9.5123e-01   0.0000e+00   2.8769e-04   3.2165e+02
20191204_09:00:00   7.2316e-02   2.1485e+01   9.3599e-01   0.0000e+00   3.5190e-04   3.2017e+02
20191204_12:00:00   7.1862e-02   2.1399e+01   9.2768e-01   0.0000e+00   5.5960e-04   3.1832e+02
20191204_15:00:00   7.3269e-02   2.1715e+01   9.5597e-01   0.0000e+00   6.4946e-04   3.1942e+02
20191204_18:00:00   7.4621e-02   2.2011e+01   9.8559e-01   0.0000e+00   6.1972e-04   3.2379e+02
20191204_21:00:00   7.7059e-02   2.2555e+01   1.0351e+00   0.0000e+00   6.5617e-04   3.2392e+02
20191205_00:00:00   7.9939e-02   2.3194e+01   1.0931e+00   0.0000e+00   7.1345e-04   3.2259e+02
20191205_03:00:00   8.2362e-02   2.3730e+01   1.1405e+00   0.0000e+00   1.1135e-03   3.2353e+02
20191205_06:00:00   8.4065e-02   2.4116e+01   1.1743e+00   0.0000e+00   1.1241e-03   3.2265e+02
20191205_09:00:00   8.6482e-02   2.4654e+01   1.2238e+00   0.0000e+00   3.5872e-03   3.2032e+02
20191205_12:00:00   8.9304e-02   2.5285e+01   1.2743e+00   0.0000e+00   1.5768e-02   3.1858e+02
20191205_15:00:00   9.4646e-02   2.6480e+01   1.3712e+00   0.0000e+00   2.4384e-02   3.1692e+02
20191205_18:00:00   1.0014e-01   2.7705e+01   1.4698e+00   0.0000e+00   2.9947e-02   3.1385e+02
20191205_21:00:00   1.0530e-01   2.8860e+01   1.5607e+00   0.0000e+00   3.3439e-02   3.1035e+02
20191206_00:00:00   1.0856e-01   2.9600e+01   1.6231e+00   0.0000e+00   3.4018e-02   3.1080e+02
20191206_03:00:00   1.1030e-01   2.9997e+01   1.6554e+00   0.0000e+00   3.8648e-02   3.1340e+02
20191206_06:00:00   1.1138e-01   3.0252e+01   1.6777e+00   0.0000e+00   3.4253e-02   3.1362e+02
20191206_09:00:00   1.1194e-01   3.0385e+01   1.6887e+00   0.0000e+00   3.7011e-02   3.1457e+02
20191206_12:00:00   1.1211e-01   3.0423e+01   1.6881e+00   0.0000e+00   4.6241e-02   3.1397e+02
20191206_15:00:00   1.1266e-01   3.0548e+01   1.7043e+00   0.0000e+00   4.4274e-02   3.1742e+02
20191206_18:00:00   1.1277e-01   3.0577e+01   1.7060e+00   0.0000e+00   4.7699e-02   3.2139e+02
20191206_21:00:00   1.1335e-01   3.0721e+01   1.7213e+00   0.0000e+00   3.5043e-02   3.2562e+02
20191207_00:00:00   1.1284e-01   3.0615e+01   1.7071e+00   0.0000e+00   4.6289e-02   3.2870e+02
20191207_03:00:00   1.1113e-01   3.0235e+01   1.6800e+00   0.0000e+00   3.4020e-02   3.3318e+02
20191207_06:00:00   1.0851e-01   2.9654e+01   1.6348e+00   0.0000e+00   3.0270e-02   3.3432e+02
20191207_09:00:00   1.0603e-01   2.9100e+01   1.5946e+00   0.0000e+00   2.3935e-02   3.3353e+02
20191207_12:00:00   1.0170e-01   2.8136e+01   1.5212e+00   0.0000e+00   2.1954e-02   3.3157e+02
20191207_15:00:00   9.6736e-02   2.7026e+01   1.4372e+00   0.0000e+00   2.0898e-02   3.2631e+02
20191207_18:00:00   9.3665e-02   2.6329e+01   1.3816e+00   0.0000e+00   2.2399e-02   3.2180e+02
20191207_21:00:00   9.1435e-02   2.5824e+01   1.3407e+00   0.0000e+00   2.5231e-02   3.1931e+02
20191208_00:00:00   9.0940e-02   2.5709e+01   1.3313e+00   0.0000e+00   2.3952e-02   3.1905e+02
20191208_03:00:00   9.1772e-02   2.5878e+01   1.3358e+00   0.0000e+00   3.3654e-02   3.1848e+02
20191208_06:00:00   9.4873e-02   2.6567e+01   1.3827e+00   0.0000e+00   2.8531e-02   3.1481e+02
20191208_09:00:00   9.7083e-02   2.7049e+01   1.4120e+00   0.0000e+00   2.9522e-02   3.1487e+02
20191208_12:00:00   9.8107e-02   2.7280e+01   1.4220e+00   0.0000e+00   2.5846e-02   3.1342e+02
20191208_15:00:00   9.6487e-02   2.6927e+01   1.3886e+00   0.0000e+00   1.6566e-02   3.1062e+02
20191208_18:00:00   9.4221e-02   2.6424e+01   1.3433e+00   0.0000e+00   9.4124e-03   3.1068e+02
20191208_21:00:00   9.2804e-02   2.6122e+01   1.3122e+00   0.0000e+00   4.2422e-03   3.1339e+02
20191209_00:00:00   8.8867e-02   2.5282e+01   1.2322e+00   0.0000e+00   2.5734e-03   3.1413e+02
20191209_03:00:00   8.5226e-02   2.4493e+01   1.1660e+00   0.0000e+00   2.4591e-05   3.1413e+02
20191209_06:00:00   8.5538e-02   2.4566e+01   1.1751e+00   0.0000e+00   3.2525e-05   3.1343e+02
20191209_09:00:00   9.3022e-02   2.6210e+01   1.3202e+00   0.0000e+00   2.4922e-03   3.1290e+02
20191209_12:00:00   9.7313e-02   2.7194e+01   1.3975e+00   0.0000e+00   1.0930e-02   3.1055e+02
20191209_15:00:00   9.8999e-02   2.7599e+01   1.4241e+00   0.0000e+00   2.5870e-02   3.0874e+02
20191209_18:00:00   9.6887e-02   2.7179e+01   1.3914e+00   0.0000e+00   1.2729e-02   3.0591e+02
20191209_21:00:00   9.4093e-02   2.6589e+01   1.3424e+00   0.0000e+00   5.9774e-03   3.0416e+02
20191210_00:00:00   8.9586e-02   2.5596e+01   1.2598e+00   0.0000e+00   2.0832e-03   3.0369e+02
20191210_03:00:00   8.4034e-02   2.4334e+01   1.1582e+00   0.0000e+00   4.0898e-04   3.0501e+02
20191210_06:00:00   7.9942e-02   2.3382e+01   1.0868e+00   0.0000e+00   1.2366e-05   3.0457e+02
20191210_09:00:00   7.4858e-02   2.2203e+01   1.0003e+00   0.0000e+00   1.6559e-05   3.0299e+02
20191210_12:00:00   6.8167e-02   2.0664e+01   8.8498e-01   0.0000e+00   1.6561e-05   3.0516e+02
20191210_15:00:00   6.5757e-02   2.0114e+01   8.4072e-01   0.0000e+00   8.3950e-06   3.0571e+02
20191210_18:00:00   6.5277e-02   2.0001e+01   8.3470e-01   0.0000e+00   8.3830e-06   3.0421e+02
20191210_21:00:00   6.1645e-02   1.9159e+01   7.7568e-01   0.0000e+00   0.0000e+00   3.0214e+02
20191211_00:00:00   5.8182e-02   1.8356e+01   7.1706e-01   0.0000e+00   0.0000e+00   3.0038e+02
20191211_03:00:00   5.6362e-02   1.7930e+01   6.8639e-01   0.0000e+00   1.6316e-05   2.9957e+02
20191211_06:00:00   5.5304e-02   1.7673e+01   6.7094e-01   0.0000e+00   0.0000e+00   2.9663e+02
20191211_09:00:00   5.4849e-02   1.7558e+01   6.6596e-01   0.0000e+00   0.0000e+00   2.9509e+02
20191211_12:00:00   5.5121e-02   1.7611e+01   6.7442e-01   0.0000e+00   1.6316e-05   2.9431e+02
20191211_15:00:00   5.5848e-02   1.7768e+01   6.9298e-01   0.0000e+00   8.1580e-06   2.9446e+02
20191211_18:00:00   5.8378e-02   1.8339e+01   7.4570e-01   0.0000e+00   1.6316e-05   2.9301e+02
20191211_21:00:00   6.5279e-02   1.9912e+01   8.8034e-01   0.0000e+00   2.4474e-05   2.9131e+02
20191212_00:00:00   7.3435e-02   2.1765e+01   1.0333e+00   0.0000e+00   2.4474e-05   2.9072e+02
20191212_03:00:00   7.6419e-02   2.2443e+01   1.0844e+00   0.0000e+00   5.0952e-05   2.9149e+02
20191212_06:00:00   7.6849e-02   2.2548e+01   1.0882e+00   0.0000e+00   2.4474e-05   2.9325e+02
20191212_09:00:00   7.3332e-02   2.1765e+01   1.0192e+00   0.0000e+00   3.4641e-05   2.9423e+02
20191212_12:00:00   6.8749e-02   2.0757e+01   9.2309e-01   0.0000e+00   2.4474e-05   2.9614e+02
20191212_15:00:00   7.2244e-02   2.1628e+01   9.6672e-01   0.0000e+00   1.2237e-05   2.9875e+02
20191212_18:00:00   7.2364e-02   2.1717e+01   9.5799e-01   0.0000e+00   1.2237e-05   3.0378e+02
20191212_21:00:00   9.1201e-02   2.5975e+01   1.3223e+00   0.0000e+00   3.8750e-05   3.0763e+02
20191213_00:00:00   1.1514e-01   3.1309e+01   1.7770e+00   0.0000e+00   1.4960e-03   3.0813e+02
20191213_03:00:00   1.3875e-01   3.6519e+01   2.2218e+00   0.0000e+00   4.3534e-02   3.0897e+02
20191213_06:00:00   1.5686e-01   4.0637e+01   2.5532e+00   0.0000e+00   8.2568e-02   3.0605e+02
20191213_09:00:00   1.7283e-01   4.4209e+01   2.8530e+00   0.0000e+00   9.6844e-02   3.0320e+02
20191213_12:00:00   1.7157e-01   4.3840e+01   2.8554e+00   0.0000e+00   9.3861e-02   3.0077e+02
20191213_15:00:00   1.7299e-01   4.4107e+01   2.8939e+00   0.0000e+00   7.6936e-02   2.9825e+02
20191213_18:00:00   1.6680e-01   4.2724e+01   2.8000e+00   0.0000e+00   3.0466e-02   2.9904e+02
20191213_21:00:00   1.6797e-01   4.2997e+01   2.8186e+00   0.0000e+00   2.2061e-02   3.0094e+02
20191214_00:00:00   1.7506e-01   4.4618e+01   2.9469e+00   0.0000e+00   1.3334e-02   3.0386e+02
20191214_03:00:00   1.8241e-01   4.6238e+01   3.0548e+00   0.0000e+00   6.6971e-02   3.0678e+02
20191214_06:00:00   2.0164e-01   5.0442e+01   3.3566e+00   0.0000e+00   1.9224e-01   3.0775e+02
20191214_09:00:00   1.7507e-01   4.4813e+01   2.9760e+00   0.0000e+00   1.2111e-02   3.0704e+02
20191214_12:00:00   1.7273e-01   4.4263e+01   2.9244e+00   0.0000e+00   1.8091e-02   3.0717e+02
