#            date       tau225        Tb[K]      pwv[mm] lwp[kg*m^-2] iwp[kg*m^-2]       o3[DU]
20191012_06:00:00   0.0000e+00   0.0000e+00   0.0000e+00   0.0000e+00   0.0000e+00   0.0000e+00
20191012_07:00:00   1.5066e-01   4.1174e+01   2.4701e+00   0.0000e+00   6.9545e-03   1.9366e+02
20191012_08:00:00   0.0000e+00   2.7000e+00   0.0000e+00   0.0000e+00   0.0000e+00   0.0000e+00
20191012_09:00:00   5.4144e-02   1.6867e+01   5.8174e-01   0.0000e+00   2.5664e-02   1.9399e+02
20191012_10:00:00   8.6126e-01   1.6425e+02   1.5797e+01   1.0198e-03   2.9507e-03   1.9556e+02
20191012_11:00:00   1.7445e+03   2.5661e+02   7.1785e+00   0.0000e+00   5.4800e+04   2.7641e+02
20191012_12:00:00   4.9098e-02   1.5707e+01   5.0094e-01   0.0000e+00   2.7408e-02   1.9571e+02
20191012_13:00:00   0.0000e+00   0.0000e+00   0.0000e+00   0.0000e+00   0.0000e+00   0.0000e+00
20191012_14:00:00   0.0000e+00   2.7000e+00   0.0000e+00   0.0000e+00   0.0000e+00   0.0000e+00
20191012_15:00:00   0.0000e+00   0.0000e+00   0.0000e+00   0.0000e+00   0.0000e+00   0.0000e+00
20191012_16:00:00   0.0000e+00   0.0000e+00   0.0000e+00   0.0000e+00   0.0000e+00   0.0000e+00
20191012_17:00:00   5.2003e-02   1.6377e+01   5.4992e-01   0.0000e+00   3.6960e-02   1.9758e+02
20191012_18:00:00   5.2181e-02   1.6420e+01   5.5402e-01   0.0000e+00   3.6732e-02   1.9868e+02
20191012_19:00:00   5.2083e-02   1.6398e+01   5.5369e-01   0.0000e+00   3.3662e-02   1.9886e+02
20191012_20:00:00   5.1719e-02   1.6311e+01   5.4770e-01   0.0000e+00   3.2164e-02   1.9842e+02
20191012_21:00:00   5.1678e-02   1.6302e+01   5.4714e-01   0.0000e+00   3.1968e-02   1.9835e+02
20191012_22:00:00   5.1539e-02   1.6270e+01   5.4650e-01   0.0000e+00   2.8582e-02   1.9895e+02
20191012_23:00:00   5.1526e-02   1.6269e+01   5.4807e-01   0.0000e+00   2.4344e-02   1.9950e+02
20191013_00:00:00   5.1239e-02   1.6201e+01   5.4402e-01   0.0000e+00   2.1335e-02   2.0017e+02
20191013_01:00:00   1.3311e-03   3.3990e+00   1.1460e-03   0.0000e+00   9.8190e-05   1.6589e+02
20191013_02:00:00   0.0000e+00   0.0000e+00   0.0000e+00   0.0000e+00   0.0000e+00   0.0000e+00
20191013_03:00:00   4.7524e-02   1.5334e+01   4.7740e-01   0.0000e+00   2.6943e-02   2.0067e+02
20191013_04:00:00   4.7215e-02   1.5261e+01   4.7256e-01   0.0000e+00   2.5372e-02   2.0067e+02
20191013_05:00:00   4.6725e-02   1.5145e+01   4.6506e-01   0.0000e+00   2.1800e-02   2.0043e+02
20191013_06:00:00   4.6358e-02   1.5058e+01   4.5921e-01   0.0000e+00   1.9617e-02   2.0054e+02
20191013_07:00:00   4.6106e-02   1.4997e+01   4.5510e-01   0.0000e+00   1.7657e-02   2.0084e+02
20191013_08:00:00   4.5716e-02   1.4903e+01   4.4748e-01   0.0000e+00   1.8690e-02   2.0025e+02
20191013_09:00:00   0.0000e+00   0.0000e+00   0.0000e+00   0.0000e+00   0.0000e+00   0.0000e+00
20191013_10:00:00   4.5530e-02   1.4855e+01   4.4355e-01   0.0000e+00   1.9862e-02   1.9966e+02
20191013_11:00:00   0.0000e+00   0.0000e+00   0.0000e+00   0.0000e+00   0.0000e+00   0.0000e+00
20191013_12:00:00   0.0000e+00   0.0000e+00   0.0000e+00   0.0000e+00   0.0000e+00   0.0000e+00
20191013_13:00:00   0.0000e+00   0.0000e+00   0.0000e+00   0.0000e+00   0.0000e+00   0.0000e+00
20191013_14:00:00   4.5092e-02   1.4746e+01   4.3076e-01   0.0000e+00   3.2214e-02   2.0133e+02
20191013_15:00:00   0.0000e+00   0.0000e+00   0.0000e+00   0.0000e+00   0.0000e+00   0.0000e+00
20191013_16:00:00   0.0000e+00   0.0000e+00   0.0000e+00   0.0000e+00   0.0000e+00   0.0000e+00
20191013_17:00:00   3.4468e-01   8.3751e+01   6.5133e+00   0.0000e+00   3.7729e-04   2.0256e+02
20191013_18:00:00   4.4461e-02   1.4596e+01   4.2095e-01   0.0000e+00   2.4633e-02   2.0007e+02
20191013_19:00:00   0.0000e+00   0.0000e+00   0.0000e+00   0.0000e+00   0.0000e+00   0.0000e+00
20191013_20:00:00   0.0000e+00   0.0000e+00   0.0000e+00   0.0000e+00   0.0000e+00   0.0000e+00
20191013_21:00:00   4.3939e-02   1.4481e+01   4.1279e-01   0.0000e+00   1.8805e-02   1.9479e+02
20191013_22:00:00   0.0000e+00   0.0000e+00   0.0000e+00   0.0000e+00   0.0000e+00   0.0000e+00
20191013_23:00:00   4.3754e-02   1.4435e+01   4.1133e-01   0.0000e+00   1.5162e-02   1.9394e+02
20191014_00:00:00   4.3177e-01   9.9238e+01   7.9275e+00   0.0000e+00   4.3941e-03   1.9921e+02
20191014_01:00:00   4.4273e-01   1.0099e+02   8.1255e+00   0.0000e+00   4.5077e-04   1.9878e+02
20191014_02:00:00   0.0000e+00   0.0000e+00   0.0000e+00   0.0000e+00   0.0000e+00   0.0000e+00
20191014_03:00:00   4.3486e-02   1.4367e+01   4.0733e-01   0.0000e+00   1.1299e-02   1.9601e+02
20191014_04:00:00   4.3131e-02   1.4285e+01   4.0140e-01   0.0000e+00   1.0243e-02   1.9577e+02
20191014_05:00:00   0.0000e+00   2.7000e+00   0.0000e+00   0.0000e+00   0.0000e+00   0.0000e+00
20191014_06:00:00   0.0000e+00   2.7000e+00   0.0000e+00   0.0000e+00   0.0000e+00   0.0000e+00
20191014_07:00:00   4.2518e-02   1.4146e+01   3.9120e-01   0.0000e+00   7.0529e-03   1.9497e+02
20191014_08:00:00   2.5695e-01   6.5894e+01   4.7985e+00   0.0000e+00   2.6517e-05   1.9827e+02
20191014_09:00:00   4.1944e-02   1.4005e+01   3.8210e-01   0.0000e+00   7.7392e-03   1.9547e+02
20191014_10:00:00   4.1437e-02   1.3885e+01   3.7464e-01   0.0000e+00   6.0799e-03   1.9516e+02
20191014_11:00:00   0.0000e+00   0.0000e+00   0.0000e+00   0.0000e+00   0.0000e+00   0.0000e+00
20191014_12:00:00   0.0000e+00   0.0000e+00   0.0000e+00   0.0000e+00   0.0000e+00   0.0000e+00
20191014_13:00:00   0.0000e+00   0.0000e+00   0.0000e+00   0.0000e+00   0.0000e+00   0.0000e+00
20191014_14:00:00   0.0000e+00   0.0000e+00   0.0000e+00   0.0000e+00   0.0000e+00   0.0000e+00
20191014_15:00:00   0.0000e+00   2.7000e+00   0.0000e+00   0.0000e+00   0.0000e+00   0.0000e+00
20191014_16:00:00   6.4706e-01   1.3558e+02   1.1880e+01   0.0000e+00   6.1188e-04   1.9779e+02
20191014_17:00:00   0.0000e+00   0.0000e+00   0.0000e+00   0.0000e+00   0.0000e+00   0.0000e+00
20191014_18:00:00   3.7926e-02   1.3053e+01   3.1628e-01   0.0000e+00   1.8191e-03   1.9730e+02
20191014_19:00:00   1.4426e-01   4.0776e+01   2.7805e+00   0.0000e+00   0.0000e+00   2.7043e+02
20191014_20:00:00   0.0000e+00   0.0000e+00   0.0000e+00   0.0000e+00   0.0000e+00   0.0000e+00
20191014_21:00:00   0.0000e+00   2.7000e+00   0.0000e+00   0.0000e+00   0.0000e+00   0.0000e+00
20191014_22:00:00   0.0000e+00   0.0000e+00   0.0000e+00   0.0000e+00   0.0000e+00   0.0000e+00
20191014_23:00:00   3.6460e-02   1.2701e+01   2.9088e-01   0.0000e+00   2.8757e-04   1.9878e+02
20191015_00:00:00   3.6282e-02   1.2659e+01   2.8763e-01   0.0000e+00   1.0604e-04   1.9871e+02
20191015_01:00:00   3.6054e-02   1.2603e+01   2.8314e-01   0.0000e+00   4.0790e-05   1.9906e+02
20191015_02:00:00   3.6063e-02   1.2603e+01   2.8346e-01   0.0000e+00   1.2644e-04   1.9887e+02
20191015_03:00:00   3.6001e-02   1.2585e+01   2.8212e-01   0.0000e+00   5.0168e-04   1.9818e+02
20191015_04:00:00   0.0000e+00   0.0000e+00   0.0000e+00   0.0000e+00   0.0000e+00   0.0000e+00
20191015_05:00:00   3.5779e-02   1.2530e+01   2.7832e-01   0.0000e+00   2.1823e-04   1.9737e+02
20191015_06:00:00   0.0000e+00   0.0000e+00   0.0000e+00   0.0000e+00   0.0000e+00   0.0000e+00
20191015_07:00:00   3.5790e-02   1.2532e+01   2.7777e-01   0.0000e+00   5.0987e-05   1.9663e+02
20191015_08:00:00   3.5773e-02   1.2528e+01   2.7747e-01   0.0000e+00   5.0987e-05   1.9621e+02
20191015_09:00:00   3.5760e-02   1.2524e+01   2.7725e-01   0.0000e+00   6.1186e-05   1.9612e+02
20191015_10:00:00   3.5706e-02   1.2509e+01   2.7663e-01   0.0000e+00   6.9352e-05   1.9581e+02
20191015_11:00:00   0.0000e+00   0.0000e+00   0.0000e+00   0.0000e+00   0.0000e+00   0.0000e+00
20191015_12:00:00   8.2479e-02   2.5322e+01   1.7878e+00   0.0000e+00   0.0000e+00   2.6399e+02
20191015_13:00:00   1.6076e-01   4.4139e+01   3.7591e+00   0.0000e+00   2.3172e-05   2.5208e+02
20191015_14:00:00   0.0000e+00   0.0000e+00   0.0000e+00   0.0000e+00   0.0000e+00   0.0000e+00
20191015_15:00:00   0.0000e+00   2.7000e+00   0.0000e+00   0.0000e+00   0.0000e+00   0.0000e+00
20191015_16:00:00   3.5995e-02   1.2568e+01   2.8232e-01   0.0000e+00   3.1203e-04   1.9403e+02
20191015_17:00:00   3.5975e-02   1.2564e+01   2.8229e-01   0.0000e+00   2.1414e-04   1.9344e+02
20191015_18:00:00   0.0000e+00   2.7000e+00   0.0000e+00   0.0000e+00   0.0000e+00   0.0000e+00
20191015_19:00:00   3.5693e-02   1.2501e+01   2.7791e-01   0.0000e+00   6.5278e-05   1.9198e+02
20191015_20:00:00   3.5579e-02   1.2475e+01   2.7604e-01   0.0000e+00   3.2632e-05   1.9118e+02
20191015_21:00:00   3.1409e-01   7.7157e+01   6.0775e+00   0.0000e+00   4.0780e-05   1.7676e+02
20191015_22:00:00   3.5421e-02   1.2437e+01   2.7374e-01   0.0000e+00   4.0790e-05   1.9042e+02
20191015_23:00:00   0.0000e+00   0.0000e+00   0.0000e+00   0.0000e+00   0.0000e+00   0.0000e+00
20191016_00:00:00   3.5339e-02   1.2416e+01   2.7169e-01   0.0000e+00   4.0796e-05   1.9062e+02
20191016_01:00:00   3.5324e-02   1.2412e+01   2.7175e-01   0.0000e+00   8.1583e-05   1.9133e+02
20191016_02:00:00   3.5236e-02   1.2391e+01   2.7052e-01   0.0000e+00   5.7109e-05   1.9121e+02
20191016_03:00:00   0.0000e+00   2.7000e+00   0.0000e+00   0.0000e+00   0.0000e+00   0.0000e+00
20191016_04:00:00   0.0000e+00   2.7000e+00   0.0000e+00   0.0000e+00   0.0000e+00   0.0000e+00
20191016_05:00:00   0.0000e+00   2.7000e+00   0.0000e+00   0.0000e+00   0.0000e+00   0.0000e+00
20191016_06:00:00   3.4700e-02   1.2267e+01   2.6200e-01   0.0000e+00   4.8954e-05   1.9233e+02
20191016_07:00:00   0.0000e+00   0.0000e+00   0.0000e+00   0.0000e+00   0.0000e+00   0.0000e+00
20191016_08:00:00   0.0000e+00   0.0000e+00   0.0000e+00   0.0000e+00   0.0000e+00   0.0000e+00
20191016_09:00:00   7.6028e-02   2.3816e+01   1.7318e+00   0.0000e+00   6.7804e-04   2.5448e+02
20191016_10:00:00   3.3727e-02   1.2040e+01   2.4568e-01   0.0000e+00   4.8948e-05   1.9185e+02
20191016_11:00:00   0.0000e+00   2.7000e+00   0.0000e+00   0.0000e+00   0.0000e+00   0.0000e+00
20191016_12:00:00   3.3297e-02   1.1938e+01   2.3882e-01   0.0000e+00   4.0790e-05   1.9283e+02
20191016_13:00:00   3.2955e-02   1.1858e+01   2.3317e-01   0.0000e+00   4.0790e-05   1.9288e+02
20191016_14:00:00   3.2594e-02   1.1774e+01   2.2714e-01   0.0000e+00   3.2632e-05   1.9269e+02
20191016_15:00:00   3.2294e-02   1.1704e+01   2.2248e-01   0.0000e+00   2.4474e-05   1.9224e+02
20191016_16:00:00   0.0000e+00   0.0000e+00   0.0000e+00   0.0000e+00   0.0000e+00   0.0000e+00
20191016_17:00:00   2.9196e-01   7.3361e+01   6.0752e+00   0.0000e+00   0.0000e+00   2.5915e+02
20191016_18:00:00   0.0000e+00   0.0000e+00   0.0000e+00   0.0000e+00   0.0000e+00   0.0000e+00
20191016_19:00:00   2.1369e-01   5.6937e+01   4.3807e+00   0.0000e+00   0.0000e+00   2.5325e+02
20191016_20:00:00   0.0000e+00   0.0000e+00   0.0000e+00   0.0000e+00   0.0000e+00   0.0000e+00
20191016_21:00:00   1.2436e-01   3.5186e+01   2.7765e+00   0.0000e+00   0.0000e+00   2.5753e+02
20191016_22:00:00   0.0000e+00   2.7000e+00   0.0000e+00   0.0000e+00   0.0000e+00   0.0000e+00
20191016_23:00:00   3.0682e-02   1.1328e+01   1.9521e-01   0.0000e+00   4.2829e-05   1.8783e+02
20191017_00:00:00   0.0000e+00   2.7000e+00   0.0000e+00   0.0000e+00   0.0000e+00   0.0000e+00
20191017_01:00:00   3.0739e-02   1.1346e+01   1.9469e-01   0.0000e+00   8.1580e-06   1.9058e+02
20191017_02:00:00   3.0936e-02   1.1394e+01   1.9702e-01   0.0000e+00   1.3487e-05   1.9240e+02
20191017_03:00:00   3.1045e-02   1.1419e+01   1.9815e-01   0.0000e+00   8.1580e-06   1.9291e+02
20191017_04:00:00   1.5103e+00   2.1198e+02   1.1585e+01   4.1275e-01   5.8680e-01   2.5685e+02
20191017_05:00:00   3.1551e-02   1.1540e+01   2.0726e-01   0.0000e+00   1.8834e-05   1.9285e+02
20191017_06:00:00   3.1632e-02   1.1560e+01   2.0803e-01   0.0000e+00   2.6971e-05   1.9244e+02
20191017_09:00:00   3.3423e-02   1.1981e+01   2.4162e-01   0.0000e+00   3.7662e-04   1.9448e+02
20191017_12:00:00   3.5049e-02   1.2368e+01   2.6961e-01   0.0000e+00   1.7488e-03   1.9801e+02
20191017_15:00:00   3.6930e-02   1.2816e+01   3.0192e-01   0.0000e+00   2.1477e-03   1.9950e+02
20191017_18:00:00   4.2436e-01   9.5414e+01   9.1009e+00   1.6407e-03   2.5412e-03   2.6876e+02
20191017_21:00:00   0.0000e+00   0.0000e+00   0.0000e+00   0.0000e+00   0.0000e+00   0.0000e+00
20191018_00:00:00   5.0706e-01   1.1174e+02   1.0078e+01   0.0000e+00   0.0000e+00   2.5552e+02
20191018_03:00:00   4.2845e-02   1.4217e+01   4.0191e-01   0.0000e+00   2.6115e-02   2.0834e+02
20191018_06:00:00   4.3548e-02   1.4388e+01   4.1554e-01   0.0000e+00   1.8875e-02   2.0368e+02
20191018_09:00:00   0.0000e+00   2.7000e+00   0.0000e+00   0.0000e+00   0.0000e+00   0.0000e+00
20191018_12:00:00   0.0000e+00   0.0000e+00   0.0000e+00   0.0000e+00   0.0000e+00   0.0000e+00
20191018_15:00:00   0.0000e+00   0.0000e+00   0.0000e+00   0.0000e+00   0.0000e+00   0.0000e+00
20191018_18:00:00   0.0000e+00   2.7000e+00   0.0000e+00   0.0000e+00   0.0000e+00   0.0000e+00
20191018_21:00:00   0.0000e+00   2.7000e+00   0.0000e+00   0.0000e+00   0.0000e+00   0.0000e+00
20191019_00:00:00   0.0000e+00   0.0000e+00   0.0000e+00   0.0000e+00   0.0000e+00   0.0000e+00
20191019_03:00:00   3.5529e-02   1.2491e+01   2.5070e-01   0.0000e+00   9.5295e-04   2.3094e+02
20191019_06:00:00   3.4613e-02   1.2284e+01   2.3558e-01   0.0000e+00   1.0136e-03   2.2709e+02
20191019_09:00:00   1.1086e-01   3.1918e+01   2.5100e+00   0.0000e+00   0.0000e+00   2.5405e+02
20191019_12:00:00   3.3233e-02   1.1984e+01   2.1459e-01   0.0000e+00   1.4443e-04   2.3433e+02
20191019_15:00:00   3.3279e-02   1.1994e+01   2.1686e-01   0.0000e+00   2.8920e-05   2.3701e+02
20191019_18:00:00   3.3381e-02   1.2014e+01   2.2019e-01   0.0000e+00   7.7380e-05   2.3719e+02
20191019_21:00:00   3.4635e-02   1.2301e+01   2.4080e-01   0.0000e+00   3.0000e-04   2.3901e+02
20191020_00:00:00   3.4513e-02   1.2262e+01   2.3643e-01   0.0000e+00   2.7711e-03   2.4077e+02
20191020_03:00:00   3.4324e-02   1.2225e+01   2.3295e-01   0.0000e+00   2.2412e-03   2.4337e+02
20191020_06:00:00   0.0000e+00   0.0000e+00   0.0000e+00   0.0000e+00   0.0000e+00   0.0000e+00
20191020_09:00:00   3.3369e-02   1.2073e+01   2.2067e-01   0.0000e+00   2.3520e-04   2.4009e+02
20191020_12:00:00   3.2810e-02   1.1986e+01   2.1623e-01   0.0000e+00   9.4540e-06   2.4313e+02
20191020_15:00:00   0.0000e+00   0.0000e+00   0.0000e+00   0.0000e+00   0.0000e+00   0.0000e+00
20191020_18:00:00   0.0000e+00   2.7000e+00   0.0000e+00   0.0000e+00   0.0000e+00   0.0000e+00
20191020_21:00:00   0.0000e+00   0.0000e+00   0.0000e+00   0.0000e+00   0.0000e+00   0.0000e+00
20191021_00:00:00   2.5837e-02   1.0920e+01   3.8465e-01   0.0000e+00   0.0000e+00   2.6776e+02
20191021_03:00:00   5.6347e-02   1.7441e+01   6.4325e-01   0.0000e+00   3.3346e-03   2.4851e+02
20191021_06:00:00   4.5633e-02   1.4941e+01   4.4237e-01   0.0000e+00   1.8631e-02   2.4694e+02
20191021_09:00:00   4.2714e-02   1.4223e+01   3.8454e-01   0.0000e+00   1.7154e-02   2.4297e+02
20191021_12:00:00   4.2117e-02   1.4056e+01   3.7189e-01   0.0000e+00   1.6878e-02   2.4546e+02
20191021_15:00:00   3.3276e-01   7.9236e+01   7.2352e+00   0.0000e+00   4.7322e-04   2.5402e+02
20191021_18:00:00   0.0000e+00   2.7000e+00   0.0000e+00   0.0000e+00   0.0000e+00   0.0000e+00
20191021_21:00:00   0.0000e+00   0.0000e+00   0.0000e+00   0.0000e+00   0.0000e+00   0.0000e+00
20191022_00:00:00   5.8880e-01   1.2606e+02   1.0551e+01   0.0000e+00   1.6316e-05   2.4014e+02
20191022_03:00:00   4.1301e-02   1.3864e+01   3.5613e-01   0.0000e+00   1.9971e-03   2.3762e+02
20191022_06:00:00   4.1870e-02   1.4008e+01   3.6846e-01   0.0000e+00   1.5384e-03   2.3696e+02
20191022_09:00:00   0.0000e+00   0.0000e+00   0.0000e+00   0.0000e+00   0.0000e+00   0.0000e+00
20191022_12:00:00   0.0000e+00   2.7000e+00   0.0000e+00   0.0000e+00   0.0000e+00   0.0000e+00
20191022_15:00:00   0.0000e+00   2.7000e+00   0.0000e+00   0.0000e+00   0.0000e+00   0.0000e+00
20191022_18:00:00   0.0000e+00   0.0000e+00   0.0000e+00   0.0000e+00   0.0000e+00   0.0000e+00
20191022_21:00:00   1.6147e-01   4.4324e+01   3.3056e+00   0.0000e+00   0.0000e+00   2.2879e+02
20191023_00:00:00   0.0000e+00   0.0000e+00   0.0000e+00   0.0000e+00   0.0000e+00   0.0000e+00
20191023_03:00:00   0.0000e+00   0.0000e+00   0.0000e+00   0.0000e+00   0.0000e+00   0.0000e+00
20191023_06:00:00   0.0000e+00   2.7000e+00   0.0000e+00   0.0000e+00   0.0000e+00   0.0000e+00
20191023_09:00:00   0.0000e+00   2.7000e+00   0.0000e+00   0.0000e+00   0.0000e+00   0.0000e+00
20191023_12:00:00   4.0371e-02   1.3654e+01   3.4241e-01   0.0000e+00   2.4658e-03   2.3689e+02
20191023_15:00:00   4.0496e-02   1.3679e+01   3.4328e-01   0.0000e+00   2.7997e-03   2.3567e+02
20191023_18:00:00   3.9762e-02   1.3515e+01   3.2966e-01   0.0000e+00   1.9713e-03   2.3427e+02
20191023_21:00:00   3.9643e-02   1.3502e+01   3.3047e-01   0.0000e+00   1.2321e-03   2.3400e+02
20191024_00:00:00   4.0554e-02   1.3724e+01   3.5273e-01   0.0000e+00   1.3271e-03   2.3672e+02
20191024_03:00:00   4.4015e-02   1.4529e+01   4.2497e-01   0.0000e+00   5.3394e-03   2.3651e+02
20191024_06:00:00   4.6982e-02   1.5221e+01   4.7897e-01   0.0000e+00   2.4631e-02   2.3671e+02
20191024_09:00:00   4.7909e-02   1.5440e+01   4.9325e-01   0.0000e+00   3.8679e-02   2.3599e+02
20191024_12:00:00   4.7770e-02   1.5413e+01   4.9130e-01   0.0000e+00   3.3393e-02   2.3664e+02
20191024_15:00:00   0.0000e+00   2.7000e+00   0.0000e+00   0.0000e+00   0.0000e+00   0.0000e+00
20191024_18:00:00   2.8687e-01   7.0836e+01   5.5815e+00   0.0000e+00   5.8815e-04   2.7303e+02
20191024_21:00:00   4.6603e-02   1.5148e+01   4.7348e-01   0.0000e+00   8.2658e-03   2.4924e+02
20191025_00:00:00   4.5929e-02   1.4985e+01   4.5831e-01   0.0000e+00   1.1173e-02   2.5474e+02
20191025_03:00:00   4.5503e-02   1.4882e+01   4.5091e-01   0.0000e+00   8.3699e-03   2.5862e+02
20191025_06:00:00   0.0000e+00   2.7000e+00   0.0000e+00   0.0000e+00   0.0000e+00   0.0000e+00
20191025_12:00:00   0.0000e+00   2.7000e+00   0.0000e+00   0.0000e+00   0.0000e+00   0.0000e+00
20191025_15:00:00   0.0000e+00   2.7000e+00   0.0000e+00   0.0000e+00   0.0000e+00   0.0000e+00
20191025_18:00:00   0.0000e+00   2.7000e+00   0.0000e+00   0.0000e+00   0.0000e+00   0.0000e+00
20191025_21:00:00   0.0000e+00   2.7000e+00   0.0000e+00   0.0000e+00   0.0000e+00   0.0000e+00
20191026_00:00:00   2.3332e-01   6.1169e+01   4.4987e+00   0.0000e+00   0.0000e+00   2.5297e+02
20191026_03:00:00   0.0000e+00   0.0000e+00   0.0000e+00   0.0000e+00   0.0000e+00   0.0000e+00
20191026_06:00:00   4.0403e-02   1.3651e+01   3.4754e-01   0.0000e+00   3.5282e-03   2.8695e+02
20191026_09:00:00   0.0000e+00   2.7000e+00   0.0000e+00   0.0000e+00   0.0000e+00   0.0000e+00
20191026_12:00:00   3.8504e-02   1.3238e+01   3.0544e-01   0.0000e+00   6.1330e-03   2.8682e+02
20191026_15:00:00   3.9700e-02   1.3531e+01   3.2762e-01   0.0000e+00   4.8708e-03   2.8969e+02
20191026_18:00:00   4.2087e-02   1.4084e+01   3.7579e-01   0.0000e+00   4.0197e-03   2.9198e+02
20191026_21:00:00   4.5363e-02   1.4860e+01   4.3786e-01   0.0000e+00   6.1211e-03   2.9484e+02
20191027_00:00:00   0.0000e+00   0.0000e+00   0.0000e+00   0.0000e+00   0.0000e+00   0.0000e+00
20191027_03:00:00   0.0000e+00   2.7000e+00   0.0000e+00   0.0000e+00   0.0000e+00   0.0000e+00
20191027_06:00:00   5.5345e-02   1.7209e+01   6.0714e-01   0.0000e+00   1.3383e-02   3.1470e+02
20191027_09:00:00   5.5887e-02   1.7342e+01   6.1483e-01   0.0000e+00   1.7693e-02   3.2207e+02
20191027_12:00:00   5.6736e-02   1.7548e+01   6.3052e-01   0.0000e+00   1.9341e-02   3.2674e+02
20191027_15:00:00   5.8466e-02   1.7963e+01   6.6354e-01   0.0000e+00   2.0930e-02   3.3205e+02
20191027_18:00:00   2.6843e-01   6.8304e+01   4.9222e+00   0.0000e+00   8.8527e-03   3.3743e+02
20191027_21:00:00   6.5169e-02   1.9527e+01   7.8938e-01   0.0000e+00   2.6222e-02   3.4159e+02
20191028_00:00:00   6.4813e-02   1.9479e+01   7.9799e-01   0.0000e+00   1.0144e-02   3.4611e+02
20191028_03:00:00   5.5431e-02   1.7370e+01   6.4803e-01   0.0000e+00   1.2155e-03   3.4713e+02
20191028_06:00:00   0.0000e+00   0.0000e+00   0.0000e+00   0.0000e+00   0.0000e+00   0.0000e+00
