#            date       tau225        Tb[K]      pwv[mm] lwp[kg*m^-2] iwp[kg*m^-2]       o3[DU]
20191109_12:00:00   4.8075e-02   1.5804e+01   5.2280e-01   0.0000e+00   0.0000e+00   3.5302e+02
20191109_13:00:00   4.7964e-02   1.5778e+01   5.2109e-01   0.0000e+00   0.0000e+00   3.5302e+02
20191109_14:00:00   4.7976e-02   1.5781e+01   5.2184e-01   0.0000e+00   0.0000e+00   3.5159e+02
20191109_15:00:00   4.7698e-02   1.5714e+01   5.1739e-01   0.0000e+00   0.0000e+00   3.5024e+02
20191109_16:00:00   4.7004e-02   1.5553e+01   5.0417e-01   0.0000e+00   0.0000e+00   3.4970e+02
20191109_17:00:00   4.6425e-02   1.5417e+01   4.9238e-01   0.0000e+00   0.0000e+00   3.4955e+02
20191109_18:00:00   4.6198e-02   1.5367e+01   4.8821e-01   0.0000e+00   0.0000e+00   3.5000e+02
20191109_19:00:00   4.6402e-02   1.5411e+01   4.9294e-01   0.0000e+00   0.0000e+00   3.5061e+02
20191109_20:00:00   4.7069e-02   1.5562e+01   5.0587e-01   0.0000e+00   0.0000e+00   3.5188e+02
20191109_21:00:00   4.7772e-02   1.5724e+01   5.1826e-01   0.0000e+00   0.0000e+00   3.5199e+02
20191109_22:00:00   4.8421e-02   1.5874e+01   5.2908e-01   0.0000e+00   0.0000e+00   3.5144e+02
20191109_23:00:00   4.8530e-02   1.5902e+01   5.3033e-01   0.0000e+00   0.0000e+00   3.5347e+02
20191110_00:00:00   4.8004e-02   1.5780e+01   5.2042e-01   0.0000e+00   0.0000e+00   3.5527e+02
20191110_01:00:00   4.7061e-02   1.5564e+01   5.0321e-01   0.0000e+00   0.0000e+00   3.5629e+02
20191110_02:00:00   4.6095e-02   1.5343e+01   4.8691e-01   0.0000e+00   0.0000e+00   3.5673e+02
20191110_03:00:00   4.5374e-02   1.5172e+01   4.7541e-01   0.0000e+00   0.0000e+00   3.5717e+02
20191110_04:00:00   4.5150e-02   1.5116e+01   4.7360e-01   0.0000e+00   0.0000e+00   3.5860e+02
20191110_05:00:00   4.5559e-02   1.5211e+01   4.8218e-01   0.0000e+00   0.0000e+00   3.5939e+02
20191110_06:00:00   4.6704e-02   1.5480e+01   5.0317e-01   0.0000e+00   0.0000e+00   3.5925e+02
20191110_07:00:00   4.7274e-02   1.5615e+01   5.1159e-01   0.0000e+00   0.0000e+00   3.5744e+02
20191110_08:00:00   4.8396e-02   1.5876e+01   5.3252e-01   0.0000e+00   0.0000e+00   3.5365e+02
20191110_09:00:00   4.8799e-02   1.5968e+01   5.4037e-01   0.0000e+00   8.1580e-06   3.4936e+02
20191110_10:00:00   4.9159e-02   1.6049e+01   5.4797e-01   0.0000e+00   8.1580e-06   3.4790e+02
20191110_11:00:00   4.9585e-02   1.6146e+01   5.5639e-01   0.0000e+00   8.1580e-06   3.4469e+02
20191110_12:00:00   4.9956e-02   1.6231e+01   5.6326e-01   0.0000e+00   8.1580e-06   3.4279e+02
20191110_13:00:00   5.0118e-02   1.6265e+01   5.6579e-01   0.0000e+00   0.0000e+00   3.3894e+02
20191110_14:00:00   5.0079e-02   1.6250e+01   5.6494e-01   0.0000e+00   0.0000e+00   3.3899e+02
20191110_15:00:00   5.0148e-02   1.6261e+01   5.6535e-01   0.0000e+00   0.0000e+00   3.4559e+02
20191110_16:00:00   5.0145e-02   1.6256e+01   5.6546e-01   0.0000e+00   8.1580e-06   3.4714e+02
20191110_17:00:00   5.0338e-02   1.6293e+01   5.6806e-01   0.0000e+00   0.0000e+00   3.4710e+02
20191110_18:00:00   5.0351e-02   1.6288e+01   5.6776e-01   0.0000e+00   8.1580e-06   3.4479e+02
20191110_19:00:00   5.0179e-02   1.6238e+01   5.6347e-01   0.0000e+00   8.1580e-06   3.4366e+02
20191110_20:00:00   4.9957e-02   1.6180e+01   5.5824e-01   0.0000e+00   8.1580e-06   3.4252e+02
20191110_21:00:00   4.9546e-02   1.6080e+01   5.4844e-01   0.0000e+00   0.0000e+00   3.4589e+02
20191110_22:00:00   4.9034e-02   1.5961e+01   5.3628e-01   0.0000e+00   0.0000e+00   3.4535e+02
20191110_23:00:00   4.8424e-02   1.5821e+01   5.2278e-01   0.0000e+00   0.0000e+00   3.4955e+02
20191111_00:00:00   4.7710e-02   1.5656e+01   5.0788e-01   0.0000e+00   4.6020e-06   3.4611e+02
20191111_01:00:00   4.7202e-02   1.5540e+01   4.9657e-01   0.0000e+00   4.6140e-06   3.4374e+02
20191111_02:00:00   4.6816e-02   1.5449e+01   4.8871e-01   0.0000e+00   9.2590e-06   3.4551e+02
20191111_03:00:00   4.6872e-02   1.5460e+01   4.8811e-01   0.0000e+00   4.6350e-06   3.4651e+02
20191111_04:00:00   4.6899e-02   1.5465e+01   4.8805e-01   0.0000e+00   4.6490e-06   3.4673e+02
20191111_05:00:00   4.7284e-02   1.5556e+01   4.9434e-01   0.0000e+00   9.3050e-06   3.4658e+02
20191111_06:00:00   4.7909e-02   1.5700e+01   5.0464e-01   0.0000e+00   1.2803e-05   3.4608e+02
20191111_07:00:00   4.8236e-02   1.5774e+01   5.1031e-01   0.0000e+00   1.7458e-05   3.4727e+02
20191111_08:00:00   4.8524e-02   1.5840e+01   5.1658e-01   0.0000e+00   1.2825e-05   3.4713e+02
20191111_09:00:00   4.8739e-02   1.5886e+01   5.2212e-01   0.0000e+00   8.1580e-06   3.4643e+02
20191111_10:00:00   4.9181e-02   1.5988e+01   5.3088e-01   0.0000e+00   8.1580e-06   3.4778e+02
20191111_11:00:00   4.9440e-02   1.6046e+01   5.3597e-01   0.0000e+00   8.1580e-06   3.4697e+02
20191111_12:00:00   4.9905e-02   1.6152e+01   5.4427e-01   0.0000e+00   8.1580e-06   3.4869e+02
20191111_13:00:00   5.0394e-02   1.6261e+01   5.5289e-01   0.0000e+00   1.2835e-05   3.4924e+02
20191111_14:00:00   5.0765e-02   1.6341e+01   5.5923e-01   0.0000e+00   2.0394e-05   3.4876e+02
20191111_15:00:00   5.1172e-02   1.6431e+01   5.6652e-01   0.0000e+00   1.6316e-05   3.4707e+02
20191111_16:00:00   5.1520e-02   1.6508e+01   5.7223e-01   0.0000e+00   2.9175e-05   3.4626e+02
20191111_17:00:00   5.2131e-02   1.6647e+01   5.8212e-01   0.0000e+00   2.9169e-05   3.4525e+02
20191111_18:00:00   5.2654e-02   1.6761e+01   5.9098e-01   0.0000e+00   2.9158e-05   3.4175e+02
20191111_19:00:00   5.3210e-02   1.6889e+01   6.0073e-01   0.0000e+00   2.9764e-05   3.3992e+02
20191111_20:00:00   5.3574e-02   1.6967e+01   6.0683e-01   0.0000e+00   2.9161e-05   3.4063e+02
20191111_21:00:00   5.3735e-02   1.7001e+01   6.0956e-01   0.0000e+00   2.5702e-05   3.4169e+02
20191111_22:00:00   5.4243e-02   1.7115e+01   6.1845e-01   0.0000e+00   2.5706e-05   3.4262e+02
20191111_23:00:00   5.4525e-02   1.7177e+01   6.2356e-01   0.0000e+00   2.1012e-05   3.4183e+02
20191112_00:00:00   5.4744e-02   1.7226e+01   6.2727e-01   0.0000e+00   2.1010e-05   3.4127e+02
20191112_01:00:00   5.5054e-02   1.7292e+01   6.3192e-01   0.0000e+00   2.1006e-05   3.4191e+02
20191112_02:00:00   5.5198e-02   1.7318e+01   6.3401e-01   0.0000e+00   1.6316e-05   3.4232e+02
20191112_03:00:00   5.5391e-02   1.7361e+01   6.3765e-01   0.0000e+00   1.6316e-05   3.4246e+02
20191112_04:00:00   5.5537e-02   1.7395e+01   6.4067e-01   0.0000e+00   1.6316e-05   3.4194e+02
20191112_05:00:00   5.5600e-02   1.7408e+01   6.4188e-01   0.0000e+00   1.6316e-05   3.4129e+02
20191112_06:00:00   5.5741e-02   1.7439e+01   6.4390e-01   0.0000e+00   2.1023e-05   3.4075e+02
20191112_07:00:00   5.5600e-02   1.7405e+01   6.4143e-01   0.0000e+00   2.1021e-05   3.4030e+02
20191112_08:00:00   5.5438e-02   1.7367e+01   6.3897e-01   0.0000e+00   2.1026e-05   3.3977e+02
20191112_09:00:00   5.5197e-02   1.7311e+01   6.3476e-01   0.0000e+00   1.6951e-05   3.3981e+02
20191112_10:00:00   5.5150e-02   1.7297e+01   6.3411e-01   0.0000e+00   2.1032e-05   3.3923e+02
20191112_11:00:00   5.5212e-02   1.7311e+01   6.3643e-01   0.0000e+00   1.6316e-05   3.3672e+02
20191112_12:00:00   5.5163e-02   1.7299e+01   6.3575e-01   0.0000e+00   1.6316e-05   3.3348e+02
20191112_13:00:00   5.4896e-02   1.7237e+01   6.3108e-01   0.0000e+00   1.6316e-05   3.3001e+02
20191112_14:00:00   5.4803e-02   1.7217e+01   6.2883e-01   0.0000e+00   1.6968e-05   3.2604e+02
20191112_15:00:00   5.4673e-02   1.7186e+01   6.2687e-01   0.0000e+00   2.1055e-05   3.2225e+02
20191112_16:00:00   5.4660e-02   1.7182e+01   6.2710e-01   0.0000e+00   1.6978e-05   3.2019e+02
20191112_17:00:00   5.4533e-02   1.7153e+01   6.2483e-01   0.0000e+00   2.1057e-05   3.1894e+02
20191112_18:00:00   5.4495e-02   1.7146e+01   6.2431e-01   0.0000e+00   1.6973e-05   3.1787e+02
20191112_19:00:00   5.4531e-02   1.7157e+01   6.2544e-01   0.0000e+00   1.6973e-05   3.1714e+02
20191112_20:00:00   5.4447e-02   1.7139e+01   6.2435e-01   0.0000e+00   2.9213e-05   3.1690e+02
20191112_21:00:00   5.4428e-02   1.7135e+01   6.2382e-01   0.0000e+00   3.3297e-05   3.1644e+02
20191112_22:00:00   5.4382e-02   1.7126e+01   6.2283e-01   0.0000e+00   3.3298e-05   3.1558e+02
20191112_23:00:00   5.4482e-02   1.7152e+01   6.2453e-01   0.0000e+00   4.1450e-05   3.1377e+02
20191113_00:00:00   5.4577e-02   1.7174e+01   6.2578e-01   0.0000e+00   4.1444e-05   3.1225e+02
20191113_01:00:00   5.4712e-02   1.7209e+01   6.2810e-01   0.0000e+00   4.0790e-05   3.1058e+02
20191113_02:00:00   5.4841e-02   1.7242e+01   6.3052e-01   0.0000e+00   4.0790e-05   3.0783e+02
20191113_03:00:00   5.4754e-02   1.7220e+01   6.2846e-01   0.0000e+00   4.0790e-05   3.0540e+02
20191113_04:00:00   5.5080e-02   1.7298e+01   6.3415e-01   0.0000e+00   4.5530e-05   3.0356e+02
20191113_05:00:00   5.5268e-02   1.7346e+01   6.3743e-01   0.0000e+00   4.0790e-05   3.0154e+02
20191113_06:00:00   5.5368e-02   1.7373e+01   6.3901e-01   0.0000e+00   4.0790e-05   2.9992e+02
20191113_07:00:00   5.5964e-02   1.7515e+01   6.4893e-01   0.0000e+00   4.5508e-05   2.9849e+02
20191113_08:00:00   5.6739e-02   1.7692e+01   6.6148e-01   0.0000e+00   4.5501e-05   2.9758e+02
20191113_09:00:00   5.7641e-02   1.7902e+01   6.7621e-01   0.0000e+00   5.9621e-05   2.9607e+02
20191113_10:00:00   5.8786e-02   1.8168e+01   6.9552e-01   0.0000e+00   1.7239e-04   2.9376e+02
20191113_11:00:00   5.9657e-02   1.8369e+01   7.1025e-01   0.0000e+00   6.2847e-04   2.9237e+02
20191113_12:00:00   6.0508e-02   1.8563e+01   7.2454e-01   0.0000e+00   1.0498e-03   2.9169e+02
20191113_13:00:00   6.1628e-02   1.8821e+01   7.4355e-01   0.0000e+00   1.5120e-03   2.8993e+02
20191113_14:00:00   6.2372e-02   1.8990e+01   7.5635e-01   0.0000e+00   2.0208e-03   2.8709e+02
20191113_15:00:00   6.3236e-02   1.9183e+01   7.7148e-01   0.0000e+00   2.3258e-03   2.8481e+02
20191113_16:00:00   6.3775e-02   1.9304e+01   7.8147e-01   0.0000e+00   2.3404e-03   2.8352e+02
20191113_17:00:00   6.3357e-02   1.9207e+01   7.7486e-01   0.0000e+00   2.0144e-03   2.8254e+02
20191113_18:00:00   6.2894e-02   1.9097e+01   7.6828e-01   0.0000e+00   1.6067e-03   2.8173e+02
20191113_19:00:00   6.2704e-02   1.9045e+01   7.6581e-01   0.0000e+00   1.5408e-03   2.8090e+02
20191113_20:00:00   6.2788e-02   1.9059e+01   7.6819e-01   0.0000e+00   7.1220e-04   2.8030e+02
20191113_21:00:00   6.3215e-02   1.9151e+01   7.7581e-01   0.0000e+00   4.0600e-04   2.7981e+02
20191113_22:00:00   6.4269e-02   1.9386e+01   7.9404e-01   0.0000e+00   1.2381e-03   2.7960e+02
20191113_23:00:00   6.5463e-02   1.9656e+01   8.1361e-01   0.0000e+00   3.5264e-03   2.7964e+02
20191114_00:00:00   6.6180e-02   1.9820e+01   8.2506e-01   0.0000e+00   4.4857e-03   2.8000e+02
20191114_01:00:00   6.7087e-02   2.0033e+01   8.3985e-01   0.0000e+00   6.0617e-03   2.7963e+02
20191114_02:00:00   6.7784e-02   2.0198e+01   8.5058e-01   0.0000e+00   8.1756e-03   2.7852e+02
20191114_03:00:00   6.8756e-02   2.0428e+01   8.6535e-01   0.0000e+00   1.1633e-02   2.7799e+02
20191114_04:00:00   6.9543e-02   2.0618e+01   8.7845e-01   0.0000e+00   1.2083e-02   2.7883e+02
20191114_05:00:00   6.9751e-02   2.0670e+01   8.8148e-01   0.0000e+00   1.1748e-02   2.8472e+02
20191114_06:00:00   6.9986e-02   2.0728e+01   8.8395e-01   0.0000e+00   1.1547e-02   2.9644e+02
20191114_07:00:00   6.9963e-02   2.0723e+01   8.8244e-01   0.0000e+00   1.0398e-02   3.0276e+02
20191114_08:00:00   7.0096e-02   2.0755e+01   8.8396e-01   0.0000e+00   9.7031e-03   3.0487e+02
20191114_09:00:00   6.9972e-02   2.0725e+01   8.7956e-01   0.0000e+00   1.1871e-02   3.1025e+02
20191114_10:00:00   6.9709e-02   2.0663e+01   8.7335e-01   0.0000e+00   1.3362e-02   3.1314e+02
20191114_11:00:00   6.9500e-02   2.0615e+01   8.7069e-01   0.0000e+00   1.0395e-02   3.1394e+02
20191114_12:00:00   6.8915e-02   2.0475e+01   8.5989e-01   0.0000e+00   9.6717e-03   3.1614e+02
20191114_15:00:00   6.5909e-02   1.9798e+01   8.0774e-01   0.0000e+00   8.8331e-03   3.2892e+02
20191114_18:00:00   6.9868e-02   2.0699e+01   8.7645e-01   0.0000e+00   1.2550e-02   3.3202e+02
20191114_21:00:00   7.1340e-02   2.1061e+01   9.0150e-01   0.0000e+00   1.4378e-02   3.3722e+02
20191115_00:00:00   7.3341e-02   2.1556e+01   9.3626e-01   0.0000e+00   1.0863e-02   3.4097e+02
20191115_03:00:00   7.1986e-02   2.1240e+01   9.1046e-01   0.0000e+00   8.0647e-03   3.4559e+02
20191115_06:00:00   7.1359e-02   2.1085e+01   8.9759e-01   0.0000e+00   1.0994e-02   3.4436e+02
20191115_09:00:00   7.2281e-02   2.1290e+01   9.1533e-01   0.0000e+00   9.7304e-03   3.4409e+02
20191115_12:00:00   7.2444e-02   2.1327e+01   9.1999e-01   0.0000e+00   6.1999e-03   3.4654e+02
20191115_15:00:00   7.1870e-02   2.1190e+01   9.0790e-01   0.0000e+00   7.1726e-03   3.4825e+02
20191115_18:00:00   7.1572e-02   2.1117e+01   9.0259e-01   0.0000e+00   6.2845e-03   3.5037e+02
20191115_21:00:00   7.0641e-02   2.0902e+01   8.8721e-01   0.0000e+00   1.7912e-03   3.5166e+02
20191116_00:00:00   7.0363e-02   2.0828e+01   8.8167e-01   0.0000e+00   5.3844e-03   3.5548e+02
20191116_03:00:00   6.9884e-02   2.0724e+01   8.7494e-01   0.0000e+00   2.9785e-03   3.5908e+02
20191116_06:00:00   6.8456e-02   2.0407e+01   8.5167e-01   0.0000e+00   5.2057e-04   3.6074e+02
20191116_09:00:00   6.7985e-02   2.0300e+01   8.4546e-01   0.0000e+00   5.3066e-04   3.5864e+02
20191116_12:00:00   6.7757e-02   2.0250e+01   8.4468e-01   0.0000e+00   8.6421e-04   3.5862e+02
20191116_15:00:00   6.7509e-02   2.0202e+01   8.4409e-01   0.0000e+00   1.3880e-03   3.5807e+02
20191116_18:00:00   6.7744e-02   2.0254e+01   8.5423e-01   0.0000e+00   2.2500e-03   3.5549e+02
20191116_21:00:00   6.9317e-02   2.0614e+01   8.8491e-01   0.0000e+00   4.7987e-03   3.5751e+02
20191117_00:00:00   7.1422e-02   2.1099e+01   9.2464e-01   0.0000e+00   6.6339e-03   3.6079e+02
20191117_03:00:00   7.2933e-02   2.1454e+01   9.5060e-01   0.0000e+00   9.8506e-03   3.6040e+02
20191117_06:00:00   7.3340e-02   2.1555e+01   9.5986e-01   0.0000e+00   9.7079e-03   3.6193e+02
20191117_09:00:00   7.2867e-02   2.1458e+01   9.5329e-01   0.0000e+00   8.6176e-03   3.6221e+02
20191117_12:00:00   7.1350e-02   2.1126e+01   9.2914e-01   0.0000e+00   9.2232e-03   3.6106e+02
20191117_15:00:00   6.9354e-02   2.0686e+01   8.9720e-01   0.0000e+00   6.1683e-03   3.5901e+02
20191117_18:00:00   6.7017e-02   2.0159e+01   8.5776e-01   0.0000e+00   5.8493e-03   3.5743e+02
20191117_21:00:00   6.5474e-02   1.9815e+01   8.3258e-01   0.0000e+00   4.3809e-03   3.5471e+02
20191118_00:00:00   6.3992e-02   1.9475e+01   8.0674e-01   0.0000e+00   3.0024e-03   3.5547e+02
20191118_03:00:00   6.3228e-02   1.9299e+01   7.9379e-01   0.0000e+00   1.9578e-03   3.5652e+02
20191118_06:00:00   6.2229e-02   1.9066e+01   7.7600e-01   0.0000e+00   1.1422e-03   3.5736e+02
20191118_09:00:00   6.1624e-02   1.8927e+01   7.6590e-01   0.0000e+00   8.9739e-05   3.5647e+02
20191118_12:00:00   6.1271e-02   1.8847e+01   7.5781e-01   0.0000e+00   2.0396e-04   3.5753e+02
20191118_15:00:00   6.0578e-02   1.8693e+01   7.4574e-01   0.0000e+00   2.4474e-05   3.5738e+02
20191118_18:00:00   5.9829e-02   1.8535e+01   7.3010e-01   0.0000e+00   1.6316e-05   3.5286e+02
20191118_21:00:00   5.9161e-02   1.8389e+01   7.1277e-01   0.0000e+00   8.1580e-06   3.4958e+02
20191119_00:00:00   5.7723e-02   1.8073e+01   6.7996e-01   0.0000e+00   1.6316e-05   3.5812e+02
20191119_03:00:00   5.4008e-02   1.7226e+01   6.1045e-01   0.0000e+00   8.1580e-06   3.4779e+02
20191119_06:00:00   5.1294e-02   1.6593e+01   5.6455e-01   0.0000e+00   0.0000e+00   3.5018e+02
20191119_09:00:00   4.8741e-02   1.6000e+01   5.2084e-01   0.0000e+00   0.0000e+00   3.5685e+02
20191119_12:00:00   4.5281e-02   1.5186e+01   4.6013e-01   0.0000e+00   0.0000e+00   3.5438e+02
20191119_15:00:00   4.2331e-02   1.4491e+01   4.0845e-01   0.0000e+00   0.0000e+00   3.5860e+02
20191119_18:00:00   4.0630e-02   1.4088e+01   3.7965e-01   0.0000e+00   0.0000e+00   3.5640e+02
20191119_21:00:00   3.9486e-02   1.3817e+01   3.6039e-01   0.0000e+00   0.0000e+00   3.5937e+02
20191120_00:00:00   3.8717e-02   1.3633e+01   3.4746e-01   0.0000e+00   0.0000e+00   3.6221e+02
20191120_03:00:00   3.8574e-02   1.3599e+01   3.4581e-01   0.0000e+00   0.0000e+00   3.6265e+02
20191120_06:00:00   3.8865e-02   1.3663e+01   3.5127e-01   0.0000e+00   0.0000e+00   3.5975e+02
20191120_09:00:00   3.9845e-02   1.3894e+01   3.6781e-01   0.0000e+00   0.0000e+00   3.5836e+02
20191120_12:00:00   4.2741e-02   1.4580e+01   4.1477e-01   0.0000e+00   0.0000e+00   3.5784e+02
20191120_15:00:00   4.7026e-02   1.5593e+01   4.8672e-01   0.0000e+00   8.9470e-06   3.5818e+02
20191120_18:00:00   5.3749e-02   1.7157e+01   6.0181e-01   0.0000e+00   8.9580e-06   3.5916e+02
20191120_21:00:00   5.6984e-02   1.7895e+01   6.5638e-01   0.0000e+00   5.2829e-05   3.5948e+02
20191121_00:00:00   5.7850e-02   1.8076e+01   6.7153e-01   0.0000e+00   1.7080e-05   3.5735e+02
20191121_03:00:00   5.7633e-02   1.8007e+01   6.6691e-01   0.0000e+00   1.0237e-04   3.5589e+02
20191121_06:00:00   5.6849e-02   1.7819e+01   6.5240e-01   0.0000e+00   2.2230e-04   3.5579e+02
20191121_09:00:00   5.6659e-02   1.7767e+01   6.4918e-01   0.0000e+00   1.7728e-05   3.5600e+02
20191121_12:00:00   5.6935e-02   1.7827e+01   6.5284e-01   0.0000e+00   5.2479e-05   3.5457e+02
20191121_15:00:00   5.7029e-02   1.7845e+01   6.5323e-01   0.0000e+00   2.0158e-04   3.5032e+02
20191121_18:00:00   5.7210e-02   1.7885e+01   6.5465e-01   0.0000e+00   5.0017e-04   3.5008e+02
20191121_21:00:00   5.4910e-02   1.7363e+01   6.1325e-01   0.0000e+00   7.3922e-04   3.5474e+02
20191122_00:00:00   5.5360e-02   1.7461e+01   6.2010e-01   0.0000e+00   1.2788e-03   3.5481e+02
20191122_03:00:00   5.5088e-02   1.7391e+01   6.1487e-01   0.0000e+00   1.4594e-03   3.5706e+02
20191122_06:00:00   5.5308e-02   1.7436e+01   6.1996e-01   0.0000e+00   8.6235e-04   3.5949e+02
20191122_09:00:00   5.5621e-02   1.7496e+01   6.2669e-01   0.0000e+00   1.8794e-04   3.6386e+02
20191122_12:00:00   5.5924e-02   1.7553e+01   6.3365e-01   0.0000e+00   4.8587e-04   3.6465e+02
20191122_15:00:00   5.6001e-02   1.7563e+01   6.3744e-01   0.0000e+00   5.0434e-05   3.6360e+02
20191122_18:00:00   5.5817e-02   1.7515e+01   6.3521e-01   0.0000e+00   3.7080e-05   3.6138e+02
20191122_21:00:00   5.5253e-02   1.7389e+01   6.2622e-01   0.0000e+00   3.3008e-05   3.6314e+02
20191123_00:00:00   5.4691e-02   1.7261e+01   6.1701e-01   0.0000e+00   4.1564e-05   3.6492e+02
20191123_03:00:00   5.3926e-02   1.7089e+01   6.0457e-01   0.0000e+00   2.8952e-05   3.6312e+02
20191123_06:00:00   5.3155e-02   1.6914e+01   5.9158e-01   0.0000e+00   3.3453e-05   3.6414e+02
20191123_09:00:00   5.2707e-02   1.6817e+01   5.8429e-01   0.0000e+00   3.3461e-05   3.6262e+02
20191123_12:00:00   5.1921e-02   1.6642e+01   5.7105e-01   0.0000e+00   3.3499e-05   3.6255e+02
20191123_15:00:00   5.1326e-02   1.6509e+01   5.6113e-01   0.0000e+00   2.5359e-05   3.6070e+02
20191123_18:00:00   5.0832e-02   1.6393e+01   5.5442e-01   0.0000e+00   2.5370e-05   3.6101e+02
20191123_21:00:00   5.0867e-02   1.6397e+01   5.5810e-01   0.0000e+00   2.5362e-05   3.6229e+02
20191124_00:00:00   5.0378e-02   1.6282e+01   5.5181e-01   0.0000e+00   2.5378e-05   3.6210e+02
20191124_03:00:00   4.9810e-02   1.6145e+01   5.4292e-01   0.0000e+00   1.6405e-04   3.6159e+02
20191124_06:00:00   5.1267e-02   1.6481e+01   5.7034e-01   0.0000e+00   2.5356e-05   3.6434e+02
20191124_09:00:00   5.2003e-02   1.6645e+01   5.8425e-01   0.0000e+00   2.0831e-05   3.5975e+02
20191124_12:00:00   5.3363e-02   1.6955e+01   6.0884e-01   0.0000e+00   2.8985e-05   3.6198e+02
20191124_15:00:00   5.4078e-02   1.7122e+01   6.2160e-01   0.0000e+00   2.8977e-05   3.6196e+02
20191124_18:00:00   5.5504e-02   1.7453e+01   6.4655e-01   0.0000e+00   2.8967e-05   3.6169e+02
20191124_21:00:00   5.7211e-02   1.7856e+01   6.7643e-01   0.0000e+00   2.8953e-05   3.6305e+02
20191125_00:00:00   5.8234e-02   1.8100e+01   6.9250e-01   0.0000e+00   2.8951e-05   3.6484e+02
20191125_03:00:00   5.8614e-02   1.8213e+01   6.9411e-01   0.0000e+00   2.0792e-05   3.6531e+02
20191125_06:00:00   5.9728e-02   1.8477e+01   7.1419e-01   0.0000e+00   1.7123e-05   3.6655e+02
20191125_09:00:00   5.7463e-02   1.7960e+01   6.7940e-01   0.0000e+00   8.9780e-06   3.5849e+02
20191125_12:00:00   5.5658e-02   1.7543e+01   6.5593e-01   0.0000e+00   4.1663e-05   3.5295e+02
