#            date       tau225        Tb[K]      pwv[mm] lwp[kg*m^-2] iwp[kg*m^-2]       o3[DU]
20191026_12:00:00   4.2012e-02   1.4054e+01   3.7270e-01   0.0000e+00   1.2451e-02   2.0772e+02
20191026_13:00:00   4.2147e-02   1.4086e+01   3.7692e-01   0.0000e+00   8.6281e-03   2.0768e+02
20191026_14:00:00   4.2100e-02   1.4074e+01   3.7741e-01   0.0000e+00   8.2884e-03   2.0669e+02
20191026_15:00:00   4.1909e-02   1.4026e+01   3.7409e-01   0.0000e+00   9.4130e-03   2.0615e+02
20191026_16:00:00   4.1998e-02   1.4047e+01   3.7578e-01   0.0000e+00   1.0864e-02   2.0608e+02
20191026_17:00:00   4.2253e-02   1.4110e+01   3.8070e-01   0.0000e+00   1.0551e-02   2.0705e+02
20191026_18:00:00   4.2509e-02   1.4174e+01   3.8659e-01   0.0000e+00   9.5705e-03   2.0844e+02
20191026_19:00:00   4.2661e-02   1.4213e+01   3.9101e-01   0.0000e+00   8.1702e-03   2.0880e+02
20191026_20:00:00   4.2792e-02   1.4247e+01   3.9540e-01   0.0000e+00   7.2664e-03   2.0946e+02
20191026_21:00:00   4.2893e-02   1.4271e+01   3.9781e-01   0.0000e+00   7.6006e-03   2.1133e+02
20191026_22:00:00   4.3202e-02   1.4345e+01   4.0356e-01   0.0000e+00   8.3415e-03   2.1410e+02
20191026_23:00:00   4.3627e-02   1.4446e+01   4.1248e-01   0.0000e+00   7.0229e-03   2.1716e+02
20191027_00:00:00   4.4239e-02   1.4596e+01   4.2572e-01   0.0000e+00   5.2934e-03   2.1988e+02
20191027_01:00:00   4.4478e-02   1.4652e+01   4.3233e-01   0.0000e+00   3.9302e-03   2.2038e+02
20191027_02:00:00   4.4755e-02   1.4719e+01   4.3858e-01   0.0000e+00   3.5675e-03   2.1862e+02
20191027_03:00:00   4.4935e-02   1.4764e+01   4.4249e-01   0.0000e+00   3.7673e-03   2.1828e+02
20191027_04:00:00   4.5215e-02   1.4834e+01   4.4804e-01   0.0000e+00   4.5798e-03   2.2087e+02
20191027_05:00:00   4.5182e-02   1.4831e+01   4.4815e-01   0.0000e+00   3.7561e-03   2.2312e+02
20191027_06:00:00   4.5276e-02   1.4860e+01   4.5120e-01   0.0000e+00   3.1113e-03   2.2343e+02
20191027_07:00:00   4.5052e-02   1.4815e+01   4.4832e-01   0.0000e+00   2.1908e-03   2.2496e+02
20191027_08:00:00   4.4909e-02   1.4788e+01   4.4683e-01   0.0000e+00   1.3669e-03   2.2659e+02
20191027_09:00:00   4.4896e-02   1.4788e+01   4.4706e-01   0.0000e+00   9.9164e-04   2.2454e+02
20191027_10:00:00   4.5069e-02   1.4831e+01   4.5016e-01   0.0000e+00   8.6110e-04   2.2481e+02
20191027_11:00:00   4.5280e-02   1.4884e+01   4.5393e-01   0.0000e+00   7.1221e-04   2.2452e+02
20191027_12:00:00   4.9226e-02   1.5799e+01   5.1669e-01   0.0000e+00   7.1033e-04   2.2564e+02
20191027_13:00:00   4.9070e-02   1.5766e+01   5.1454e-01   0.0000e+00   1.1099e-03   2.2545e+02
20191027_14:00:00   4.9064e-02   1.5764e+01   5.1439e-01   0.0000e+00   1.1100e-03   2.2494e+02
20191027_15:00:00   5.0909e-02   1.6193e+01   5.4814e-01   0.0000e+00   7.6106e-04   2.2462e+02
20191027_16:00:00   5.0698e-02   1.6147e+01   5.4445e-01   0.0000e+00   4.5121e-04   2.2414e+02
20191027_17:00:00   5.0484e-02   1.6101e+01   5.3989e-01   0.0000e+00   3.2064e-04   2.2465e+02
20191027_18:00:00   5.0122e-02   1.6023e+01   5.3346e-01   0.0000e+00   2.8189e-04   2.2511e+02
20191027_19:00:00   4.9666e-02   1.5924e+01   5.2588e-01   0.0000e+00   3.0227e-04   2.2495e+02
20191027_20:00:00   4.9108e-02   1.5796e+01   5.1660e-01   0.0000e+00   3.4053e-04   2.2571e+02
20191027_21:00:00   4.8659e-02   1.5696e+01   5.0942e-01   0.0000e+00   6.4239e-04   2.2577e+02
20191027_22:00:00   4.8313e-02   1.5618e+01   5.0408e-01   0.0000e+00   1.0707e-03   2.2523e+02
20191027_23:00:00   4.7960e-02   1.5538e+01   4.9763e-01   0.0000e+00   1.1013e-03   2.2587e+02
20191028_00:00:00   4.7588e-02   1.5448e+01   4.9062e-01   0.0000e+00   1.0625e-03   2.2661e+02
20191028_01:00:00   4.7181e-02   1.5354e+01   4.8317e-01   0.0000e+00   8.4634e-04   2.2715e+02
20191028_02:00:00   4.6753e-02   1.5259e+01   4.7611e-01   0.0000e+00   5.0994e-04   2.2900e+02
20191028_03:00:00   4.6351e-02   1.5166e+01   4.6882e-01   0.0000e+00   3.3855e-04   2.3196e+02
20191028_04:00:00   4.5921e-02   1.5069e+01   4.6043e-01   0.0000e+00   3.5897e-04   2.3548e+02
20191028_05:00:00   4.5906e-02   1.5068e+01   4.5924e-01   0.0000e+00   3.0792e-04   2.4191e+02
20191028_06:00:00   4.5833e-02   1.5050e+01   4.5698e-01   0.0000e+00   2.6104e-04   2.4623e+02
20191028_07:00:00   4.5924e-02   1.5072e+01   4.5775e-01   0.0000e+00   2.3454e-04   2.4787e+02
20191028_08:00:00   4.5821e-02   1.5052e+01   4.5622e-01   0.0000e+00   1.4888e-04   2.5050e+02
20191028_09:00:00   4.5638e-02   1.5013e+01   4.5319e-01   0.0000e+00   8.1568e-05   2.5481e+02
20191028_10:00:00   4.5471e-02   1.4973e+01   4.4993e-01   0.0000e+00   9.7889e-05   2.5741e+02
20191028_11:00:00   4.5777e-02   1.5045e+01   4.5483e-01   0.0000e+00   1.0605e-04   2.5857e+02
20191028_12:00:00   4.6070e-02   1.5110e+01   4.5917e-01   0.0000e+00   6.9338e-05   2.5976e+02
20191028_13:00:00   4.6520e-02   1.5218e+01   4.6770e-01   0.0000e+00   5.3029e-05   2.6024e+02
20191028_14:00:00   4.6879e-02   1.5297e+01   4.7418e-01   0.0000e+00   4.2838e-05   2.6117e+02
20191028_15:00:00   4.6971e-02   1.5320e+01   4.7636e-01   0.0000e+00   4.2838e-05   2.6327e+02
20191028_16:00:00   4.6651e-02   1.5248e+01   4.7106e-01   0.0000e+00   3.4678e-05   2.6332e+02
20191028_17:00:00   4.6293e-02   1.5162e+01   4.6368e-01   0.0000e+00   3.4678e-05   2.6375e+02
20191028_18:00:00   4.5825e-02   1.5053e+01   4.5465e-01   0.0000e+00   2.6513e-05   2.6432e+02
20191028_19:00:00   4.5322e-02   1.4937e+01   4.4513e-01   0.0000e+00   2.6513e-05   2.6499e+02
20191028_20:00:00   4.4943e-02   1.4847e+01   4.3790e-01   0.0000e+00   2.6513e-05   2.6866e+02
20191028_21:00:00   4.4701e-02   1.4793e+01   4.3321e-01   0.0000e+00   0.0000e+00   2.7108e+02
20191028_22:00:00   4.4356e-02   1.4714e+01   4.2657e-01   0.0000e+00   8.1580e-06   2.7468e+02
20191028_23:00:00   4.4176e-02   1.4674e+01   4.2303e-01   0.0000e+00   8.1580e-06   2.7735e+02
20191029_00:00:00   4.4295e-02   1.4702e+01   4.2479e-01   0.0000e+00   8.1580e-06   2.7977e+02
20191029_01:00:00   4.4928e-02   1.4843e+01   4.3662e-01   0.0000e+00   0.0000e+00   2.8214e+02
20191029_02:00:00   4.5903e-02   1.5063e+01   4.5528e-01   0.0000e+00   1.6316e-05   2.8201e+02
20191029_03:00:00   4.7315e-02   1.5386e+01   4.8231e-01   0.0000e+00   1.6316e-05   2.8402e+02
20191029_04:00:00   4.8503e-02   1.5660e+01   5.0441e-01   0.0000e+00   2.4474e-05   2.8447e+02
20191029_05:00:00   4.9642e-02   1.5916e+01   5.2465e-01   0.0000e+00   1.3868e-04   2.8319e+02
20191029_06:00:00   5.0709e-02   1.6158e+01   5.4305e-01   0.0000e+00   3.4265e-04   2.8605e+02
20191029_07:00:00   5.1554e-02   1.6355e+01   5.5788e-01   0.0000e+00   3.8340e-04   2.8718e+02
20191029_08:00:00   5.2293e-02   1.6523e+01   5.6994e-01   0.0000e+00   1.2767e-03   2.9189e+02
20191029_09:00:00   5.2991e-02   1.6682e+01   5.8247e-01   0.0000e+00   2.8548e-04   2.9146e+02
20191029_10:00:00   5.3555e-02   1.6812e+01   5.9341e-01   0.0000e+00   1.3052e-04   2.8850e+02
20191029_11:00:00   5.3880e-02   1.6885e+01   5.9952e-01   0.0000e+00   4.4865e-04   2.8777e+02
20191029_12:00:00   5.4175e-02   1.6949e+01   6.0411e-01   0.0000e+00   1.8681e-03   2.8823e+02
20191029_13:00:00   5.4275e-02   1.6968e+01   6.0592e-01   0.0000e+00   1.7709e-03   2.8774e+02
20191029_14:00:00   5.4422e-02   1.7000e+01   6.0887e-01   0.0000e+00   2.7499e-03   2.8611e+02
20191029_15:00:00   5.4438e-02   1.7004e+01   6.0966e-01   0.0000e+00   1.9110e-03   2.9009e+02
20191029_16:00:00   5.4329e-02   1.6980e+01   6.0866e-01   0.0000e+00   3.5150e-04   2.9255e+02
20191029_17:00:00   5.4184e-02   1.6945e+01   6.0566e-01   0.0000e+00   1.3631e-03   2.9468e+02
20191029_18:00:00   5.4168e-02   1.6943e+01   6.0457e-01   0.0000e+00   2.2137e-03   2.9280e+02
20191029_19:00:00   5.4125e-02   1.6932e+01   6.0383e-01   0.0000e+00   1.4675e-03   2.9576e+02
20191029_20:00:00   4.7706e-02   1.5459e+01   4.9768e-01   0.0000e+00   2.4312e-03   2.9669e+02
20191029_21:00:00   4.7632e-02   1.5440e+01   4.9587e-01   0.0000e+00   4.5919e-03   2.9866e+02
20191029_22:00:00   4.7509e-02   1.5410e+01   4.9369e-01   0.0000e+00   5.3240e-03   2.9651e+02
20191029_23:00:00   4.7491e-02   1.5406e+01   4.9336e-01   0.0000e+00   5.3565e-03   3.0772e+02
20191030_00:00:00   4.7353e-02   1.5372e+01   4.9042e-01   0.0000e+00   5.8484e-03   3.0981e+02
20191030_01:00:00   4.7177e-02   1.5329e+01   4.8727e-01   0.0000e+00   5.8138e-03   3.0879e+02
20191030_02:00:00   4.7025e-02   1.5293e+01   4.8453e-01   0.0000e+00   5.9198e-03   3.0887e+02
20191030_03:00:00   4.6711e-02   1.5221e+01   4.7897e-01   0.0000e+00   5.7940e-03   3.0858e+02
20191030_04:00:00   4.6312e-02   1.5126e+01   4.7087e-01   0.0000e+00   5.7862e-03   3.0968e+02
20191030_05:00:00   4.6070e-02   1.5069e+01   4.6494e-01   0.0000e+00   8.0458e-03   3.1132e+02
20191030_06:00:00   4.5848e-02   1.5017e+01   4.5994e-01   0.0000e+00   8.7888e-03   3.0976e+02
20191030_07:00:00   4.5862e-02   1.5022e+01   4.6087e-01   0.0000e+00   8.0275e-03   3.0953e+02
20191030_08:00:00   4.5836e-02   1.5012e+01   4.6116e-01   0.0000e+00   7.7378e-03   3.0777e+02
20191030_09:00:00   4.5728e-02   1.4984e+01   4.5939e-01   0.0000e+00   7.9380e-03   3.0646e+02
20191030_10:00:00   4.5775e-02   1.4997e+01   4.6012e-01   0.0000e+00   7.6337e-03   3.0787e+02
20191030_11:00:00   4.5745e-02   1.4994e+01   4.5964e-01   0.0000e+00   6.5813e-03   3.1017e+02
20191030_12:00:00   4.5650e-02   1.4972e+01   4.5703e-01   0.0000e+00   6.6391e-03   3.0905e+02
20191030_13:00:00   4.5698e-02   1.4985e+01   4.5765e-01   0.0000e+00   6.3212e-03   3.0782e+02
20191030_14:00:00   4.9417e-02   1.5846e+01   5.1671e-01   0.0000e+00   5.6734e-03   3.0482e+02
20191030_15:00:00   4.9507e-02   1.5871e+01   5.1900e-01   0.0000e+00   4.2048e-03   3.1036e+02
20191030_16:00:00   4.9610e-02   1.5895e+01   5.2107e-01   0.0000e+00   4.4490e-03   3.1395e+02
20191030_17:00:00   4.9763e-02   1.5931e+01   5.2342e-01   0.0000e+00   5.3546e-03   3.1318e+02
20191030_18:00:00   4.9954e-02   1.5979e+01   5.2568e-01   0.0000e+00   6.7198e-03   3.1308e+02
20191030_19:00:00   5.0105e-02   1.6018e+01   5.2787e-01   0.0000e+00   6.9603e-03   3.1543e+02
20191030_20:00:00   5.0081e-02   1.6013e+01   5.2648e-01   0.0000e+00   6.9565e-03   3.1621e+02
20191030_21:00:00   5.0263e-02   1.6058e+01   5.2990e-01   0.0000e+00   7.9823e-03   3.1531e+02
20191030_22:00:00   5.0178e-02   1.6036e+01   5.2659e-01   0.0000e+00   9.5389e-03   3.1758e+02
20191030_23:00:00   5.0412e-02   1.6093e+01   5.2957e-01   0.0000e+00   1.0821e-02   3.1612e+02
20191031_00:00:00   5.0179e-02   1.6037e+01   5.2489e-01   0.0000e+00   9.6261e-03   3.1496e+02
20191031_01:00:00   5.0368e-02   1.6083e+01   5.2750e-01   0.0000e+00   9.9945e-03   3.1493e+02
20191031_02:00:00   5.0519e-02   1.6117e+01   5.2944e-01   0.0000e+00   1.1049e-02   3.1260e+02
20191031_03:00:00   5.0687e-02   1.6149e+01   5.3077e-01   0.0000e+00   1.1484e-02   3.1144e+02
20191031_04:00:00   5.1521e-02   1.6339e+01   5.4411e-01   0.0000e+00   1.3053e-02   3.1302e+02
20191031_05:00:00   5.2154e-02   1.6482e+01   5.5501e-01   0.0000e+00   1.1363e-02   3.1414e+02
20191031_06:00:00   5.2392e-02   1.6535e+01   5.5945e-01   0.0000e+00   9.1808e-03   3.1201e+02
20191031_07:00:00   5.2344e-02   1.6534e+01   5.5909e-01   0.0000e+00   6.5824e-03   3.1290e+02
20191031_08:00:00   5.1686e-02   1.6395e+01   5.4765e-01   0.0000e+00   4.8404e-03   3.1336e+02
20191031_09:00:00   5.0963e-02   1.6234e+01   5.3636e-01   0.0000e+00   2.7805e-03   3.1268e+02
20191031_10:00:00   5.0086e-02   1.6040e+01   5.2244e-01   0.0000e+00   2.2136e-03   3.1226e+02
20191031_11:00:00   4.9288e-02   1.5866e+01   5.0940e-01   0.0000e+00   1.8647e-03   3.1226e+02
20191031_12:00:00   4.8964e-02   1.5803e+01   5.0506e-01   0.0000e+00   1.3967e-03   3.1278e+02
20191031_15:00:00   5.1041e-02   1.6292e+01   5.4530e-01   0.0000e+00   5.7096e-04   3.1600e+02
20191031_18:00:00   5.2053e-02   1.6523e+01   5.6654e-01   0.0000e+00   1.0280e-03   3.2121e+02
20191031_21:00:00   5.4925e-02   1.7167e+01   6.1887e-01   0.0000e+00   4.3494e-03   3.2504e+02
20191101_00:00:00   5.8957e-02   1.8069e+01   6.7876e-01   0.0000e+00   1.9818e-02   3.2837e+02
20191101_03:00:00   5.4176e-02   1.6989e+01   5.9162e-01   0.0000e+00   1.0470e-02   3.2834e+02
20191101_06:00:00   5.4443e-02   1.7037e+01   6.0268e-01   0.0000e+00   3.5908e-03   3.2814e+02
20191101_09:00:00   6.0016e-02   1.8331e+01   7.0450e-01   0.0000e+00   1.2973e-03   3.2622e+02
20191101_12:00:00   6.3612e-02   1.9149e+01   7.7259e-01   0.0000e+00   3.8023e-03   3.2707e+02
20191101_15:00:00   6.6391e-02   1.9807e+01   8.2200e-01   0.0000e+00   8.4556e-03   3.2028e+02
20191101_18:00:00   6.7729e-02   2.0125e+01   8.4439e-01   0.0000e+00   9.6062e-03   3.2059e+02
20191101_21:00:00   6.8002e-02   2.0228e+01   8.4626e-01   0.0000e+00   5.5482e-03   3.1971e+02
20191102_00:00:00   7.0895e-02   2.0893e+01   9.0167e-01   0.0000e+00   6.8315e-03   3.1640e+02
20191102_03:00:00   7.2371e-02   2.1224e+01   9.2758e-01   0.0000e+00   1.6300e-02   3.1297e+02
20191102_06:00:00   7.3182e-02   2.1409e+01   9.3169e-01   0.0000e+00   4.4146e-02   3.1241e+02
20191102_09:00:00   7.2102e-02   2.1157e+01   9.1020e-01   0.0000e+00   4.0704e-02   3.1158e+02
20191102_12:00:00   6.8212e-02   2.0270e+01   8.4236e-01   0.0000e+00   1.5906e-02   3.1091e+02
20191102_15:00:00   6.9566e-02   2.0562e+01   8.7092e-01   0.0000e+00   1.0396e-02   3.0621e+02
20191102_18:00:00   7.1980e-02   2.1123e+01   9.0924e-01   0.0000e+00   1.8582e-02   3.0751e+02
20191102_21:00:00   7.3526e-02   2.1490e+01   9.2055e-01   0.0000e+00   5.0910e-02   3.0821e+02
20191103_00:00:00   7.0544e-02   2.0837e+01   8.6969e-01   0.0000e+00   2.8276e-02   3.0143e+02
20191103_03:00:00   7.2180e-02   2.1247e+01   9.0818e-01   0.0000e+00   1.5382e-02   2.9198e+02
20191103_06:00:00   8.1690e-02   2.3398e+01   1.0835e+00   0.0000e+00   3.8898e-02   2.9169e+02
20191103_09:00:00   9.3775e-02   2.6089e+01   1.2790e+00   0.0000e+00   1.4601e-01   2.8596e+02
20191103_12:00:00   9.8325e-02   2.7126e+01   1.3757e+00   0.0000e+00   1.4304e-01   2.8520e+02
20191103_15:00:00   1.0519e-01   2.8727e+01   1.5047e+00   0.0000e+00   1.3545e-01   2.7998e+02
20191103_18:00:00   1.0636e-01   2.8983e+01   1.5186e+00   0.0000e+00   1.6021e-01   2.7620e+02
20191103_21:00:00   1.0403e-01   2.8475e+01   1.4871e+00   0.0000e+00   1.0716e-01   2.7759e+02
20191104_00:00:00   1.0452e-01   2.8610e+01   1.4927e+00   0.0000e+00   9.4478e-02   2.8560e+02
20191104_03:00:00   1.0507e-01   2.8749e+01   1.5102e+00   0.0000e+00   6.2390e-02   2.8248e+02
20191104_06:00:00   1.0411e-01   2.8547e+01   1.5069e+00   0.0000e+00   1.9704e-02   2.8180e+02
20191104_09:00:00   1.0501e-01   2.8751e+01   1.5244e+00   0.0000e+00   1.3690e-02   2.8605e+02
20191104_12:00:00   1.0246e-01   2.8190e+01   1.4740e+00   0.0000e+00   1.7067e-02   2.8290e+02
20191104_15:00:00   1.0465e-01   2.8661e+01   1.5200e+00   0.0000e+00   1.5948e-02   2.8147e+02
20191104_18:00:00   1.0852e-01   2.9531e+01   1.5891e+00   0.0000e+00   2.4851e-02   2.8342e+02
20191104_21:00:00   1.1017e-01   2.9909e+01   1.6199e+00   0.0000e+00   2.7552e-02   2.8392e+02
20191105_00:00:00   1.1090e-01   3.0069e+01   1.6324e+00   0.0000e+00   3.4088e-02   2.7961e+02
20191105_03:00:00   1.1282e-01   3.0506e+01   1.6693e+00   0.0000e+00   4.0219e-02   2.6137e+02
20191105_06:00:00   1.1415e-01   3.0808e+01   1.6956e+00   0.0000e+00   4.1844e-02   2.6085e+02
20191105_09:00:00   1.1564e-01   3.1148e+01   1.7277e+00   0.0000e+00   3.6048e-02   2.5870e+02
20191105_12:00:00   1.1673e-01   3.1408e+01   1.7552e+00   0.0000e+00   2.4168e-02   2.5874e+02
20191105_15:00:00   1.1760e-01   3.1608e+01   1.7640e+00   0.0000e+00   4.5107e-02   2.6685e+02
20191105_18:00:00   1.1065e-01   3.0123e+01   1.6514e+00   0.0000e+00   3.3870e-03   2.5525e+02
20191105_21:00:00   1.0951e-01   2.9856e+01   1.6372e+00   0.0000e+00   4.8088e-03   2.5170e+02
20191106_00:00:00   1.0631e-01   2.9154e+01   1.5759e+00   0.0000e+00   6.2004e-03   2.4896e+02
20191106_03:00:00   1.1301e-01   3.0576e+01   1.7089e+00   0.0000e+00   1.2258e-02   2.3932e+02
20191106_06:00:00   1.0724e-01   2.9335e+01   1.6052e+00   0.0000e+00   5.1688e-03   2.4255e+02
20191106_09:00:00   1.0141e-01   2.8080e+01   1.4934e+00   0.0000e+00   5.7045e-04   2.4918e+02
20191106_12:00:00   9.9386e-02   2.7638e+01   1.4571e+00   0.0000e+00   6.5444e-04   2.4334e+02
20191106_15:00:00   9.3370e-02   2.6328e+01   1.3400e+00   0.0000e+00   2.2632e-04   2.3287e+02
20191106_18:00:00   8.7205e-02   2.4938e+01   1.2245e+00   0.0000e+00   1.3464e-04   2.3002e+02
20191106_21:00:00   8.6103e-02   2.4668e+01   1.2066e+00   0.0000e+00   3.2713e-04   2.2842e+02
20191107_00:00:00   8.5406e-02   2.4497e+01   1.1943e+00   0.0000e+00   4.5689e-05   2.2454e+02
20191107_03:00:00   8.5239e-02   2.4440e+01   1.1924e+00   0.0000e+00   4.3389e-05   2.2218e+02
20191107_06:00:00   8.6509e-02   2.4706e+01   1.2175e+00   0.0000e+00   1.9799e-05   2.1948e+02
20191107_09:00:00   8.6190e-02   2.4613e+01   1.2126e+00   0.0000e+00   5.1269e-05   2.1581e+02
20191107_12:00:00   8.7720e-02   2.4933e+01   1.2397e+00   0.0000e+00   2.5889e-05   2.1299e+02
20191107_15:00:00   8.8367e-02   2.5061e+01   1.2521e+00   0.0000e+00   3.0409e-05   2.1279e+02
20191107_18:00:00   8.8201e-02   2.5006e+01   1.2509e+00   0.0000e+00   2.0190e-04   2.1166e+02
20191107_21:00:00   8.7184e-02   2.4762e+01   1.2343e+00   0.0000e+00   4.2629e-04   2.1153e+02
20191108_00:00:00   8.6274e-02   2.4540e+01   1.2220e+00   0.0000e+00   6.4664e-04   2.1266e+02
20191108_03:00:00   8.5231e-02   2.4283e+01   1.2062e+00   0.0000e+00   1.9743e-03   2.1247e+02
20191108_06:00:00   8.2193e-02   2.3591e+01   1.1521e+00   0.0000e+00   3.5817e-03   2.1304e+02
20191108_09:00:00   7.8189e-02   2.2687e+01   1.0793e+00   0.0000e+00   3.8002e-03   2.1523e+02
20191108_12:00:00   8.4151e-02   2.4004e+01   1.1913e+00   0.0000e+00   5.8454e-03   2.1714e+02
20191108_15:00:00   9.1637e-02   2.5665e+01   1.3172e+00   0.0000e+00   1.3907e-02   2.2009e+02
20191108_18:00:00   9.4032e-02   2.6199e+01   1.3576e+00   0.0000e+00   1.1645e-02   2.2356e+02
20191108_21:00:00   9.5093e-02   2.6445e+01   1.3750e+00   0.0000e+00   1.5527e-02   2.2775e+02
20191109_00:00:00   9.5800e-02   2.6619e+01   1.3877e+00   0.0000e+00   1.7979e-02   2.2837e+02
20191109_03:00:00   9.6373e-02   2.6763e+01   1.3964e+00   0.0000e+00   2.0938e-02   2.2950e+02
20191109_06:00:00   9.2555e-02   2.5923e+01   1.3295e+00   0.0000e+00   9.6597e-03   2.3476e+02
20191109_09:00:00   7.8776e-02   2.2830e+01   1.0705e+00   0.0000e+00   7.6265e-04   2.3677e+02
20191109_12:00:00   5.0330e-02   1.6269e+01   5.3413e-01   0.0000e+00   8.7350e-04   2.3748e+02
20191109_15:00:00   4.1372e-02   1.4111e+01   3.7114e-01   0.0000e+00   4.4160e-06   2.4000e+02
20191109_18:00:00   3.6613e-02   1.2943e+01   2.8454e-01   0.0000e+00   4.4100e-06   2.3816e+02
20191109_21:00:00   3.3062e-02   1.2082e+01   2.2786e-01   0.0000e+00   0.0000e+00   2.3738e+02
20191110_00:00:00   3.3347e-02   1.2142e+01   2.3268e-01   0.0000e+00   0.0000e+00   2.3880e+02
20191110_03:00:00   3.3495e-02   1.2173e+01   2.3307e-01   0.0000e+00   0.0000e+00   2.4078e+02
20191110_06:00:00   3.4718e-02   1.2464e+01   2.5253e-01   0.0000e+00   8.9830e-06   2.4159e+02
20191110_09:00:00   3.5652e-02   1.2685e+01   2.6822e-01   0.0000e+00   8.5740e-06   2.4199e+02
20191110_12:00:00   3.5306e-02   1.2605e+01   2.6259e-01   0.0000e+00   8.9980e-06   2.3905e+02
20191110_15:00:00   3.5597e-02   1.2672e+01   2.6863e-01   0.0000e+00   9.0000e-06   2.3453e+02
20191110_18:00:00   3.5768e-02   1.2715e+01   2.7464e-01   0.0000e+00   4.4890e-06   2.3059e+02
20191110_21:00:00   3.6402e-02   1.2863e+01   2.8803e-01   0.0000e+00   8.9370e-06   2.2869e+02
20191111_00:00:00   3.7496e-02   1.3125e+01   3.0887e-01   0.0000e+00   4.4480e-06   2.2911e+02
20191111_03:00:00   3.9420e-02   1.3578e+01   3.4379e-01   0.0000e+00   4.4220e-06   2.2767e+02
20191111_06:00:00   4.3896e-02   1.4618e+01   4.2833e-01   0.0000e+00   2.3282e-04   2.2561e+02
20191111_09:00:00   5.7758e-02   1.7795e+01   6.6631e-01   0.0000e+00   1.7577e-03   2.2149e+02
20191111_12:00:00   6.1113e-02   1.8569e+01   7.3027e-01   0.0000e+00   1.8635e-03   2.1909e+02
