#            date       tau225        Tb[K]      pwv[mm] lwp[kg*m^-2] iwp[kg*m^-2]       o3[DU]
20191004_00:00:00   0.0000e+00   0.0000e+00   0.0000e+00   0.0000e+00   0.0000e+00   0.0000e+00
20191004_01:00:00   4.0997e-02   1.3786e+01   3.5826e-01   0.0000e+00   1.4610e-02   2.1651e+02
20191004_02:00:00   4.1819e-02   1.3983e+01   3.7368e-01   0.0000e+00   1.5396e-02   2.1741e+02
20191004_03:00:00   4.2600e-02   1.4173e+01   3.8400e-01   0.0000e+00   2.5539e-02   2.1800e+02
20191004_04:00:00   0.0000e+00   2.7000e+00   0.0000e+00   0.0000e+00   0.0000e+00   0.0000e+00
20191004_05:00:00   4.4132e-02   1.4547e+01   4.1453e-01   0.0000e+00   2.4273e-02   2.1614e+02
20191004_07:00:00   0.0000e+00   0.0000e+00   0.0000e+00   0.0000e+00   0.0000e+00   0.0000e+00
20191004_08:00:00   5.2363e-02   1.6488e+01   5.5485e-01   0.0000e+00   3.3698e-02   2.0683e+02
20191004_09:00:00   5.2701e-02   1.6565e+01   5.6329e-01   0.0000e+00   3.4157e-02   2.0420e+02
20191004_10:00:00   5.3667e-02   1.6794e+01   5.8052e-01   0.0000e+00   3.6357e-02   2.0237e+02
20191004_11:00:00   5.5276e-02   1.7183e+01   6.0933e-01   0.0000e+00   3.8143e-02   2.0316e+02
20191004_12:00:00   5.5840e-02   1.7320e+01   6.1847e-01   0.0000e+00   4.4809e-02   2.0359e+02
20191004_13:00:00   0.0000e+00   0.0000e+00   0.0000e+00   0.0000e+00   0.0000e+00   0.0000e+00
20191004_14:00:00   0.0000e+00   2.7000e+00   0.0000e+00   0.0000e+00   0.0000e+00   0.0000e+00
20191004_15:00:00   5.8045e-02   1.7857e+01   6.5562e-01   0.0000e+00   5.9356e-02   1.9988e+02
20191004_16:00:00   5.7004e-02   1.7605e+01   6.2849e-01   0.0000e+00   7.6118e-02   2.0244e+02
20191004_17:00:00   5.5741e-02   1.7311e+01   6.0880e-01   0.0000e+00   5.9503e-02   2.0458e+02
20191004_18:00:00   3.8962e-01   9.1427e+01   7.9395e+00   0.0000e+00   9.8701e-04   1.8128e+02
20191004_19:00:00   0.0000e+00   0.0000e+00   0.0000e+00   0.0000e+00   0.0000e+00   0.0000e+00
20191004_20:00:00   5.2764e-02   1.6656e+01   5.5941e-01   0.0000e+00   2.0245e-02   2.0711e+02
20191004_21:00:00   5.1968e-02   1.6472e+01   5.3823e-01   0.0000e+00   3.8460e-02   2.0551e+02
20191004_22:00:00   5.1612e-02   1.6382e+01   5.3396e-01   0.0000e+00   3.4666e-02   2.0448e+02
20191004_23:00:00   5.1344e-02   1.6315e+01   5.3082e-01   0.0000e+00   2.9442e-02   2.0423e+02
20191005_00:00:00   0.0000e+00   0.0000e+00   0.0000e+00   0.0000e+00   0.0000e+00   0.0000e+00
20191005_01:00:00   0.0000e+00   0.0000e+00   0.0000e+00   0.0000e+00   0.0000e+00   0.0000e+00
20191005_02:00:00   0.0000e+00   2.7000e+00   0.0000e+00   0.0000e+00   0.0000e+00   0.0000e+00
20191005_03:00:00   4.2202e-02   1.4137e+01   3.7876e-01   0.0000e+00   1.4406e-02   2.0621e+02
20191005_04:00:00   0.0000e+00   0.0000e+00   0.0000e+00   0.0000e+00   0.0000e+00   0.0000e+00
20191005_05:00:00   4.1347e-02   1.3928e+01   3.6143e-01   0.0000e+00   1.7907e-02   2.0580e+02
20191005_06:00:00   4.0852e-02   1.3808e+01   3.5361e-01   0.0000e+00   1.6372e-02   2.0668e+02
20191005_07:00:00   4.0621e-02   1.3748e+01   3.5004e-01   0.0000e+00   1.4207e-02   2.0616e+02
20191005_08:00:00   0.0000e+00   0.0000e+00   0.0000e+00   0.0000e+00   0.0000e+00   0.0000e+00
20191005_09:00:00   4.0513e-02   1.3719e+01   3.4840e-01   0.0000e+00   1.5057e-02   2.0711e+02
20191005_10:00:00   0.0000e+00   0.0000e+00   0.0000e+00   0.0000e+00   0.0000e+00   0.0000e+00
20191005_11:00:00   4.0571e-01   9.3164e+01   7.3574e+00   2.1764e-03   1.8930e-04   2.8780e+02
20191005_12:00:00   0.0000e+00   0.0000e+00   0.0000e+00   0.0000e+00   0.0000e+00   0.0000e+00
20191005_13:00:00   3.9607e-02   1.3514e+01   3.3566e-01   0.0000e+00   9.9849e-03   2.0915e+02
20191005_14:00:00   0.0000e+00   0.0000e+00   0.0000e+00   0.0000e+00   0.0000e+00   0.0000e+00
20191005_15:00:00   3.8704e-02   1.3305e+01   3.2335e-01   0.0000e+00   7.7119e-03   2.0933e+02
20191005_16:00:00   3.7726e-02   1.3084e+01   3.0770e-01   0.0000e+00   5.5415e-03   2.0710e+02
20191005_17:00:00   3.6345e-02   1.2770e+01   2.8509e-01   0.0000e+00   4.4184e-03   2.0472e+02
20191005_18:00:00   3.5272e-02   1.2528e+01   2.6846e-01   0.0000e+00   3.7325e-03   2.0214e+02
20191005_19:00:00   3.5644e-02   1.2619e+01   2.7863e-01   0.0000e+00   3.9787e-03   2.0105e+02
20191005_20:00:00   3.7121e-02   1.2971e+01   3.0868e-01   0.0000e+00   4.4411e-03   1.9946e+02
20191005_21:00:00   3.9205e-02   1.3465e+01   3.5045e-01   0.0000e+00   4.6105e-03   1.9854e+02
20191005_23:00:00   4.8354e-02   1.5608e+01   5.2340e-01   0.0000e+00   2.0869e-03   1.9998e+02
20191006_00:00:00   0.0000e+00   2.7000e+00   0.0000e+00   0.0000e+00   0.0000e+00   0.0000e+00
20191006_02:00:00   3.6402e-02   1.2853e+01   3.0641e-01   0.0000e+00   8.8380e-05   2.0184e+02
20191006_03:00:00   3.5820e-02   1.2709e+01   2.9691e-01   0.0000e+00   6.7840e-05   2.0246e+02
20191006_04:00:00   3.6534e-02   1.2873e+01   3.0999e-01   0.0000e+00   1.3601e-04   2.0185e+02
20191006_05:00:00   0.0000e+00   2.7000e+00   0.0000e+00   0.0000e+00   0.0000e+00   0.0000e+00
20191006_06:00:00   3.8246e-02   1.3271e+01   3.3988e-01   0.0000e+00   6.3220e-04   2.0315e+02
20191006_09:00:00   0.0000e+00   0.0000e+00   0.0000e+00   0.0000e+00   0.0000e+00   0.0000e+00
20191006_10:00:00   3.7432e-02   1.3011e+01   3.2742e-01   0.0000e+00   4.2156e-03   2.0689e+02
20191006_11:00:00   3.7731e-02   1.3067e+01   3.3285e-01   0.0000e+00   5.9962e-03   2.0863e+02
20191006_12:00:00   3.8662e-02   1.3279e+01   3.4815e-01   0.0000e+00   4.5633e-03   2.0960e+02
20191006_13:00:00   0.0000e+00   2.7000e+00   0.0000e+00   0.0000e+00   0.0000e+00   0.0000e+00
20191006_14:00:00   0.0000e+00   0.0000e+00   0.0000e+00   0.0000e+00   0.0000e+00   0.0000e+00
20191006_15:00:00   3.7456e-02   1.2985e+01   3.1217e-01   0.0000e+00   4.9315e-03   2.1928e+02
20191006_16:00:00   0.0000e+00   0.0000e+00   0.0000e+00   0.0000e+00   0.0000e+00   0.0000e+00
20191006_17:00:00   0.0000e+00   0.0000e+00   0.0000e+00   0.0000e+00   0.0000e+00   0.0000e+00
20191006_19:00:00   3.4355e-02   1.2220e+01   2.4867e-01   0.0000e+00   4.8490e-03   2.2142e+02
20191006_20:00:00   3.3837e-02   1.2093e+01   2.3804e-01   0.0000e+00   4.3991e-03   2.2067e+02
20191006_21:00:00   0.0000e+00   2.7000e+00   0.0000e+00   0.0000e+00   0.0000e+00   0.0000e+00
20191006_22:00:00   3.2561e-02   1.1782e+01   2.1041e-01   0.0000e+00   5.5906e-03   2.2184e+02
20191007_00:00:00   0.0000e+00   0.0000e+00   0.0000e+00   0.0000e+00   0.0000e+00   0.0000e+00
20191007_01:00:00   0.0000e+00   0.0000e+00   0.0000e+00   0.0000e+00   0.0000e+00   0.0000e+00
20191007_02:00:00   3.3351e-02   1.1955e+01   2.2511e-01   0.0000e+00   3.0294e-03   2.2514e+02
20191007_03:00:00   0.0000e+00   2.7000e+00   0.0000e+00   0.0000e+00   0.0000e+00   0.0000e+00
20191007_04:00:00   0.0000e+00   0.0000e+00   0.0000e+00   0.0000e+00   0.0000e+00   0.0000e+00
20191007_05:00:00   3.6149e-02   1.2607e+01   2.8107e-01   0.0000e+00   1.8703e-03   2.2159e+02
20191007_06:00:00   0.0000e+00   0.0000e+00   0.0000e+00   0.0000e+00   0.0000e+00   0.0000e+00
20191007_07:00:00   3.7511e-02   1.2917e+01   3.0573e-01   0.0000e+00   4.5369e-03   2.1587e+02
20191007_08:00:00   3.7703e-02   1.2964e+01   3.0889e-01   0.0000e+00   4.9875e-03   2.1442e+02
20191007_09:00:00   3.7787e-02   1.2986e+01   3.1041e-01   0.0000e+00   4.2381e-03   2.1435e+02
20191007_10:00:00   0.0000e+00   0.0000e+00   0.0000e+00   0.0000e+00   0.0000e+00   0.0000e+00
20191007_11:00:00   3.7947e-02   1.3029e+01   3.1362e-01   0.0000e+00   2.9656e-03   2.1403e+02
20191007_12:00:00   3.7903e-02   1.3022e+01   3.1303e-01   0.0000e+00   2.1707e-03   2.1232e+02
20191007_13:00:00   0.0000e+00   2.7000e+00   0.0000e+00   0.0000e+00   0.0000e+00   0.0000e+00
20191007_14:00:00   3.7328e-02   1.2894e+01   3.0366e-01   0.0000e+00   1.2918e-03   2.1216e+02
20191007_15:00:00   0.0000e+00   2.7000e+00   0.0000e+00   0.0000e+00   0.0000e+00   0.0000e+00
20191007_16:00:00   3.7383e-02   1.2913e+01   3.0519e-01   0.0000e+00   1.0589e-03   2.1067e+02
20191007_17:00:00   3.7424e-02   1.2922e+01   3.0604e-01   0.0000e+00   1.0710e-03   2.1011e+02
20191007_18:00:00   3.7409e-02   1.2919e+01   3.0581e-01   0.0000e+00   1.3685e-03   2.0933e+02
20191007_20:00:00   0.0000e+00   2.7000e+00   0.0000e+00   0.0000e+00   0.0000e+00   0.0000e+00
20191007_21:00:00   1.0802e+00   1.8557e+02   2.0897e+01   0.0000e+00   0.0000e+00   1.7893e+02
20191007_22:00:00   3.8073e-02   1.3080e+01   3.2083e-01   0.0000e+00   8.8565e-04   2.0550e+02
20191007_23:00:00   3.8153e-02   1.3099e+01   3.2305e-01   0.0000e+00   7.6550e-04   2.0493e+02
20191008_00:00:00   0.0000e+00   0.0000e+00   0.0000e+00   0.0000e+00   0.0000e+00   0.0000e+00
20191008_01:00:00   3.8462e-02   1.3172e+01   3.2959e-01   0.0000e+00   7.6174e-04   2.0252e+02
20191008_02:00:00   0.0000e+00   2.7000e+00   0.0000e+00   0.0000e+00   0.0000e+00   0.0000e+00
20191008_03:00:00   0.0000e+00   0.0000e+00   0.0000e+00   0.0000e+00   0.0000e+00   0.0000e+00
20191008_04:00:00   0.0000e+00   0.0000e+00   0.0000e+00   0.0000e+00   0.0000e+00   0.0000e+00
20191008_05:00:00   0.0000e+00   0.0000e+00   0.0000e+00   0.0000e+00   0.0000e+00   0.0000e+00
20191008_06:00:00   0.0000e+00   2.7000e+00   0.0000e+00   0.0000e+00   0.0000e+00   0.0000e+00
20191008_07:00:00   3.9255e-02   1.3348e+01   3.4220e-01   0.0000e+00   3.8301e-03   1.9373e+02
20191008_10:00:00   3.9356e-02   1.3371e+01   3.4290e-01   0.0000e+00   3.4868e-03   1.9512e+02
20191008_11:00:00   3.9312e-02   1.3361e+01   3.4157e-01   0.0000e+00   3.2997e-03   1.9521e+02
20191008_13:00:00   0.0000e+00   2.7000e+00   0.0000e+00   0.0000e+00   0.0000e+00   0.0000e+00
20191008_14:00:00   3.9205e-02   1.3331e+01   3.3653e-01   0.0000e+00   4.1748e-03   1.9702e+02
20191008_15:00:00   1.1537e-01   3.3366e+01   2.4121e+00   0.0000e+00   0.0000e+00   1.9312e+02
20191008_16:00:00   3.9183e-02   1.3324e+01   3.3588e-01   0.0000e+00   2.1649e-03   1.9677e+02
20191008_17:00:00   3.9163e-02   1.3318e+01   3.3441e-01   0.0000e+00   3.1023e-03   1.9675e+02
20191008_18:00:00   3.9120e-02   1.3308e+01   3.3280e-01   0.0000e+00   3.8255e-03   1.9700e+02
20191008_19:00:00   0.0000e+00   0.0000e+00   0.0000e+00   0.0000e+00   0.0000e+00   0.0000e+00
20191008_20:00:00   3.9092e-02   1.3303e+01   3.3198e-01   0.0000e+00   2.1599e-03   1.9891e+02
20191008_21:00:00   3.8990e-02   1.3280e+01   3.2997e-01   0.0000e+00   1.4245e-03   1.9947e+02
20191008_22:00:00   3.8906e-02   1.3262e+01   3.2817e-01   0.0000e+00   1.0326e-03   2.0036e+02
20191008_23:00:00   0.0000e+00   0.0000e+00   0.0000e+00   0.0000e+00   0.0000e+00   0.0000e+00
20191009_00:00:00   0.0000e+00   0.0000e+00   0.0000e+00   0.0000e+00   0.0000e+00   0.0000e+00
20191009_06:00:00   3.9450e-02   1.3399e+01   3.3547e-01   0.0000e+00   1.1523e-03   2.0082e+02
20191009_09:00:00   3.9775e-02   1.3475e+01   3.4037e-01   0.0000e+00   9.0731e-04   2.0165e+02
20191009_12:00:00   4.0476e-02   1.3640e+01   3.5226e-01   0.0000e+00   8.6265e-04   2.0206e+02
20191009_15:00:00   4.1348e-02   1.3842e+01   3.6614e-01   0.0000e+00   1.6492e-03   2.0233e+02
20191009_18:00:00   4.1777e-02   1.3939e+01   3.7038e-01   0.0000e+00   4.9311e-03   2.0363e+02
20191009_21:00:00   0.0000e+00   2.7000e+00   0.0000e+00   0.0000e+00   0.0000e+00   0.0000e+00
20191010_00:00:00   0.0000e+00   0.0000e+00   0.0000e+00   0.0000e+00   0.0000e+00   0.0000e+00
20191010_03:00:00   0.0000e+00   0.0000e+00   0.0000e+00   0.0000e+00   0.0000e+00   0.0000e+00
20191010_06:00:00   4.4237e-02   1.4528e+01   4.0470e-01   0.0000e+00   1.1811e-02   1.9913e+02
20191010_12:00:00   4.7336e-02   1.5273e+01   4.6360e-01   0.0000e+00   1.2193e-02   1.9455e+02
20191010_15:00:00   5.5271e-02   1.7123e+01   5.9569e-01   0.0000e+00   1.7334e-02   1.9572e+02
20191010_18:00:00   5.8212e-02   1.7822e+01   6.4612e-01   0.0000e+00   2.7173e-02   1.9766e+02
20191010_21:00:00   0.0000e+00   2.7000e+00   0.0000e+00   0.0000e+00   0.0000e+00   0.0000e+00
20191011_00:00:00   6.8011e-02   2.0108e+01   8.1885e-01   0.0000e+00   4.7184e-02   1.9268e+02
20191011_03:00:00   7.2414e-02   2.1151e+01   9.0546e-01   0.0000e+00   3.6772e-02   1.9163e+02
20191011_06:00:00   7.5459e-02   2.1870e+01   9.5951e-01   0.0000e+00   3.8449e-02   1.9491e+02
20191011_09:00:00   7.7491e-02   2.2356e+01   9.9854e-01   0.0000e+00   3.0068e-02   1.9668e+02
20191011_12:00:00   7.7845e-02   2.2441e+01   1.0116e+00   0.0000e+00   1.6110e-02   1.9910e+02
20191011_15:00:00   7.8105e-02   2.2491e+01   1.0177e+00   0.0000e+00   1.6409e-02   2.0147e+02
20191011_18:00:00   7.8329e-02   2.2534e+01   1.0210e+00   0.0000e+00   2.0528e-02   2.0253e+02
20191011_21:00:00   0.0000e+00   0.0000e+00   0.0000e+00   0.0000e+00   0.0000e+00   0.0000e+00
20191012_00:00:00   7.3130e-02   2.1350e+01   9.3632e-01   0.0000e+00   1.4610e-02   2.0665e+02
20191012_03:00:00   0.0000e+00   2.7000e+00   0.0000e+00   0.0000e+00   0.0000e+00   0.0000e+00
20191012_06:00:00   0.0000e+00   0.0000e+00   0.0000e+00   0.0000e+00   0.0000e+00   0.0000e+00
20191012_09:00:00   0.0000e+00   0.0000e+00   0.0000e+00   0.0000e+00   0.0000e+00   0.0000e+00
20191012_12:00:00   0.0000e+00   2.7000e+00   0.0000e+00   0.0000e+00   0.0000e+00   0.0000e+00
20191012_15:00:00   5.3890e-02   1.6929e+01   6.0258e-01   0.0000e+00   4.5476e-03   2.0896e+02
20191012_18:00:00   0.0000e+00   0.0000e+00   0.0000e+00   0.0000e+00   0.0000e+00   0.0000e+00
20191012_21:00:00   5.3986e-02   1.6948e+01   6.0306e-01   0.0000e+00   6.0370e-04   2.1040e+02
20191013_00:00:00   0.0000e+00   0.0000e+00   0.0000e+00   0.0000e+00   0.0000e+00   0.0000e+00
20191013_03:00:00   0.0000e+00   0.0000e+00   0.0000e+00   0.0000e+00   0.0000e+00   0.0000e+00
20191013_06:00:00   5.7682e-02   1.7798e+01   6.5756e-01   0.0000e+00   4.4868e-05   2.1341e+02
20191013_09:00:00   5.4815e-02   1.7145e+01   6.0488e-01   0.0000e+00   3.6710e-05   2.0985e+02
20191013_12:00:00   0.0000e+00   0.0000e+00   0.0000e+00   0.0000e+00   0.0000e+00   0.0000e+00
20191013_15:00:00   4.9907e-02   1.5993e+01   5.2209e-01   0.0000e+00   3.2632e-05   2.0675e+02
20191013_18:00:00   4.8711e-02   1.5711e+01   5.0102e-01   0.0000e+00   1.6316e-05   2.0916e+02
20191013_21:00:00   0.0000e+00   0.0000e+00   0.0000e+00   0.0000e+00   0.0000e+00   0.0000e+00
20191014_00:00:00   4.1963e-02   1.4118e+01   3.8379e-01   0.0000e+00   0.0000e+00   2.1258e+02
20191014_03:00:00   4.0109e-02   1.3672e+01   3.5096e-01   0.0000e+00   0.0000e+00   2.1194e+02
20191014_06:00:00   3.5531e-02   1.2581e+01   2.7412e-01   0.0000e+00   0.0000e+00   2.0998e+02
20191014_12:00:00   3.0589e-02   1.1386e+01   1.8164e-01   0.0000e+00   0.0000e+00   2.0698e+02
20191014_15:00:00   0.0000e+00   0.0000e+00   0.0000e+00   0.0000e+00   0.0000e+00   0.0000e+00
20191014_18:00:00   3.4443e-02   1.2270e+01   2.5370e-01   0.0000e+00   1.6316e-05   2.0057e+02
20191014_21:00:00   3.4398e-02   1.2253e+01   2.5217e-01   0.0000e+00   8.1580e-06   1.9975e+02
20191015_00:00:00   3.4687e-02   1.2307e+01   2.5496e-01   0.0000e+00   8.1580e-06   1.9982e+02
20191015_03:00:00   3.4698e-02   1.2301e+01   2.5421e-01   0.0000e+00   1.6316e-05   1.9874e+02
20191015_06:00:00   0.0000e+00   0.0000e+00   0.0000e+00   0.0000e+00   0.0000e+00   0.0000e+00
20191015_09:00:00   3.3975e-02   1.2110e+01   2.3860e-01   0.0000e+00   2.5761e-05   1.9536e+02
20191015_12:00:00   0.0000e+00   0.0000e+00   0.0000e+00   0.0000e+00   0.0000e+00   0.0000e+00
20191015_18:00:00   3.4567e-02   1.2210e+01   2.4329e-01   0.0000e+00   2.9110e-05   1.9167e+02
20191015_21:00:00   0.0000e+00   2.7000e+00   0.0000e+00   0.0000e+00   0.0000e+00   0.0000e+00
20191016_00:00:00   3.5575e-02   1.2437e+01   2.5970e-01   0.0000e+00   2.0496e-04   1.8937e+02
20191016_03:00:00   3.5914e-02   1.2517e+01   2.6582e-01   0.0000e+00   5.2873e-04   1.9030e+02
20191016_06:00:00   3.5091e-02   1.2326e+01   2.5030e-01   0.0000e+00   2.5134e-04   1.9107e+02
20191016_09:00:00   3.5605e-02   1.2445e+01   2.5978e-01   0.0000e+00   7.4074e-04   1.9116e+02
20191016_12:00:00   3.6392e-02   1.2632e+01   2.7388e-01   0.0000e+00   3.3667e-03   1.9253e+02
20191016_15:00:00   3.6305e-02   1.2609e+01   2.7227e-01   0.0000e+00   1.6215e-03   1.9296e+02
20191016_18:00:00   3.8799e-02   1.3194e+01   3.1403e-01   0.0000e+00   6.2648e-03   1.9100e+02
20191016_21:00:00   3.9391e-02   1.3328e+01   3.2167e-01   0.0000e+00   1.0062e-02   1.9050e+02
20191017_00:00:00   3.9824e-02   1.3429e+01   3.2645e-01   0.0000e+00   1.6972e-02   1.8895e+02
20191017_03:00:00   0.0000e+00   0.0000e+00   0.0000e+00   0.0000e+00   0.0000e+00   0.0000e+00
20191017_06:00:00   0.0000e+00   2.7000e+00   0.0000e+00   0.0000e+00   0.0000e+00   0.0000e+00
20191017_09:00:00   0.0000e+00   2.7000e+00   0.0000e+00   0.0000e+00   0.0000e+00   0.0000e+00
20191017_12:00:00   4.0053e-02   1.3507e+01   3.3452e-01   0.0000e+00   4.9977e-03   1.8854e+02
20191017_15:00:00   4.0247e-02   1.3537e+01   3.2745e-01   0.0000e+00   3.8231e-02   1.8848e+02
20191017_18:00:00   3.9406e-02   1.3341e+01   3.1870e-01   0.0000e+00   1.7465e-02   1.9098e+02
20191017_21:00:00   3.9770e-02   1.3430e+01   3.2788e-01   0.0000e+00   1.7929e-02   1.9118e+02
20191018_00:00:00   3.9872e-02   1.3454e+01   3.2762e-01   0.0000e+00   2.9272e-02   1.9188e+02
20191018_03:00:00   3.9700e-02   1.3414e+01   3.2516e-01   0.0000e+00   3.2152e-02   1.9006e+02
20191018_06:00:00   0.0000e+00   0.0000e+00   0.0000e+00   0.0000e+00   0.0000e+00   0.0000e+00
20191018_09:00:00   3.8764e-02   1.3198e+01   3.1796e-01   0.0000e+00   8.6144e-03   1.9042e+02
20191018_12:00:00   3.9634e-02   1.3411e+01   3.3747e-01   0.0000e+00   1.1402e-02   1.8458e+02
20191018_15:00:00   0.0000e+00   2.7000e+00   0.0000e+00   0.0000e+00   0.0000e+00   0.0000e+00
20191018_21:00:00   4.1819e-02   1.3932e+01   3.7459e-01   0.0000e+00   3.4152e-02   1.8564e+02
20191019_00:00:00   0.0000e+00   0.0000e+00   0.0000e+00   0.0000e+00   0.0000e+00   0.0000e+00
20191019_03:00:00   4.1563e-02   1.3875e+01   3.7202e-01   0.0000e+00   2.2747e-02   1.8756e+02
20191019_09:00:00   4.1078e-02   1.3762e+01   3.6319e-01   0.0000e+00   1.1847e-02   1.9440e+02
20191019_12:00:00   4.0685e-02   1.3661e+01   3.5350e-01   0.0000e+00   1.2208e-02   1.9550e+02
20191019_15:00:00   4.0177e-02   1.3536e+01   3.4318e-01   0.0000e+00   9.8613e-03   1.9570e+02
20191019_18:00:00   2.1071e-01   5.6053e+01   4.2497e+00   0.0000e+00   0.0000e+00   1.8793e+02
20191019_21:00:00   3.9713e-02   1.3423e+01   3.3345e-01   0.0000e+00   5.5059e-03   1.9802e+02
