#            date       tau225        Tb[K]      pwv[mm] lwp[kg*m^-2] iwp[kg*m^-2]       o3[DU]
20191003_18:00:00   3.4784e-02   1.2319e+01   2.4297e-01   0.0000e+00   2.0488e-03   2.1352e+02
20191003_19:00:00   0.0000e+00   2.7000e+00   0.0000e+00   0.0000e+00   0.0000e+00   0.0000e+00
20191003_21:00:00   3.8710e-02   1.3245e+01   3.1514e-01   0.0000e+00   9.2115e-03   2.1195e+02
20191003_22:00:00   3.9637e-02   1.3468e+01   3.3095e-01   0.0000e+00   1.3766e-02   2.1202e+02
20191003_23:00:00   4.0131e-02   1.3587e+01   3.3960e-01   0.0000e+00   1.5384e-02   2.1135e+02
20191004_00:00:00   4.0421e-02   1.3660e+01   3.4703e-01   0.0000e+00   1.2701e-02   2.0981e+02
20191004_01:00:00   4.0885e-02   1.3776e+01   3.5704e-01   0.0000e+00   9.7221e-03   2.1094e+02
20191004_02:00:00   4.1704e-02   1.3970e+01   3.7296e-01   0.0000e+00   9.7653e-03   2.1164e+02
20191004_04:00:00   4.4016e-02   1.4520e+01   4.0811e-01   0.0000e+00   3.5516e-02   2.1115e+02
20191004_05:00:00   4.4688e-02   1.4684e+01   4.2715e-01   0.0000e+00   2.2518e-02   2.1124e+02
20191004_06:00:00   0.0000e+00   2.7000e+00   0.0000e+00   0.0000e+00   0.0000e+00   0.0000e+00
20191004_07:00:00   0.0000e+00   2.7000e+00   0.0000e+00   0.0000e+00   0.0000e+00   0.0000e+00
20191004_08:00:00   5.3752e-02   1.6823e+01   5.8166e-01   0.0000e+00   3.5026e-02   2.0326e+02
20191004_09:00:00   0.0000e+00   2.7000e+00   0.0000e+00   0.0000e+00   0.0000e+00   0.0000e+00
20191004_10:00:00   0.0000e+00   0.0000e+00   0.0000e+00   0.0000e+00   0.0000e+00   0.0000e+00
20191004_11:00:00   0.0000e+00   0.0000e+00   0.0000e+00   0.0000e+00   0.0000e+00   0.0000e+00
20191004_12:00:00   5.7583e-02   1.7741e+01   6.5494e-01   0.0000e+00   3.9468e-02   2.0013e+02
20191004_13:00:00   5.8477e-02   1.7945e+01   6.5815e-01   0.0000e+00   7.8286e-02   1.9959e+02
20191004_14:00:00   5.8200e-02   1.7891e+01   6.6562e-01   0.0000e+00   5.3174e-02   1.9806e+02
20191004_15:00:00   5.8326e-02   1.7933e+01   6.6782e-01   0.0000e+00   5.3604e-02   1.9656e+02
20191004_16:00:00   0.0000e+00   2.7000e+00   0.0000e+00   0.0000e+00   0.0000e+00   0.0000e+00
20191004_17:00:00   0.0000e+00   0.0000e+00   0.0000e+00   0.0000e+00   0.0000e+00   0.0000e+00
20191004_18:00:00   5.6977e-02   1.7619e+01   6.3308e-01   0.0000e+00   5.9507e-02   2.0185e+02
20191004_19:00:00   5.5762e-02   1.7353e+01   6.1171e-01   0.0000e+00   4.1900e-02   2.0294e+02
20191004_20:00:00   0.0000e+00   0.0000e+00   0.0000e+00   0.0000e+00   0.0000e+00   0.0000e+00
20191004_22:00:00   5.1298e-02   1.6329e+01   5.2526e-01   0.0000e+00   3.4872e-02   2.0501e+02
20191004_23:00:00   4.8946e-02   1.5770e+01   4.8498e-01   0.0000e+00   2.2259e-02   2.0620e+02
20191005_00:00:00   4.7709e-02   1.5455e+01   4.5950e-01   0.0000e+00   2.6852e-02   2.0692e+02
20191005_01:00:00   4.6448e-02   1.5141e+01   4.4172e-01   0.0000e+00   1.4011e-02   2.0787e+02
20191005_04:00:00   3.9203e-02   1.3406e+01   3.1983e-01   0.0000e+00   1.7153e-02   2.0919e+02
20191005_05:00:00   3.9052e-02   1.3362e+01   3.1940e-01   0.0000e+00   1.2091e-02   2.0967e+02
20191005_06:00:00   3.8749e-02   1.3283e+01   3.1392e-01   0.0000e+00   1.2401e-02   2.0914e+02
20191005_07:00:00   3.8192e-02   1.3148e+01   3.0400e-01   0.0000e+00   9.5683e-03   2.0736e+02
20191005_08:00:00   3.7352e-02   1.2953e+01   2.8754e-01   0.0000e+00   1.0364e-02   2.0736e+02
20191005_09:00:00   0.0000e+00   0.0000e+00   0.0000e+00   0.0000e+00   0.0000e+00   0.0000e+00
20191005_10:00:00   3.6576e-02   1.2780e+01   2.7617e-01   0.0000e+00   6.2499e-03   2.1008e+02
20191005_11:00:00   3.5794e-02   1.2597e+01   2.6507e-01   0.0000e+00   6.6358e-03   2.1107e+02
20191005_12:00:00   0.0000e+00   0.0000e+00   0.0000e+00   0.0000e+00   0.0000e+00   0.0000e+00
20191005_13:00:00   3.7397e-02   1.2988e+01   2.9272e-01   0.0000e+00   7.4302e-03   2.1260e+02
20191005_14:00:00   3.7942e-02   1.3121e+01   3.0383e-01   0.0000e+00   7.5612e-03   2.1262e+02
20191005_15:00:00   3.8436e-02   1.3239e+01   3.1353e-01   0.0000e+00   8.5106e-03   2.1372e+02
20191005_16:00:00   3.9046e-02   1.3386e+01   3.2598e-01   0.0000e+00   9.4317e-03   2.1465e+02
20191005_17:00:00   3.9104e-02   1.3404e+01   3.2921e-01   0.0000e+00   8.1078e-03   2.1487e+02
20191005_18:00:00   0.0000e+00   2.7000e+00   0.0000e+00   0.0000e+00   0.0000e+00   0.0000e+00
20191005_19:00:00   3.7991e-02   1.3159e+01   3.1484e-01   0.0000e+00   3.5459e-03   2.0997e+02
20191005_20:00:00   3.7018e-02   1.2940e+01   2.9929e-01   0.0000e+00   3.1262e-03   2.0654e+02
20191005_21:00:00   3.5566e-02   1.2608e+01   2.7473e-01   0.0000e+00   3.6615e-03   2.0483e+02
20191005_22:00:00   3.5727e-02   1.2652e+01   2.7932e-01   0.0000e+00   5.0234e-03   2.0511e+02
20191005_23:00:00   3.6763e-02   1.2906e+01   3.0144e-01   0.0000e+00   5.4077e-03   2.0569e+02
20191006_01:00:00   4.7210e-02   1.5357e+01   5.0112e-01   0.0000e+00   2.5575e-03   2.0444e+02
20191006_02:00:00   4.5084e-02   1.4876e+01   4.6571e-01   0.0000e+00   8.4000e-04   2.0414e+02
20191006_03:00:00   4.1104e-02   1.3955e+01   3.9612e-01   0.0000e+00   1.0024e-04   2.0422e+02
20191006_04:00:00   0.0000e+00   0.0000e+00   0.0000e+00   0.0000e+00   0.0000e+00   0.0000e+00
20191006_05:00:00   3.8871e-02   1.3420e+01   3.5747e-01   0.0000e+00   0.0000e+00   2.0323e+02
20191006_06:00:00   0.0000e+00   2.7000e+00   0.0000e+00   0.0000e+00   0.0000e+00   0.0000e+00
20191006_07:00:00   4.0482e-02   1.3777e+01   3.8472e-01   0.0000e+00   2.1318e-05   2.0539e+02
20191006_08:00:00   3.9075e-02   1.3417e+01   3.6101e-01   0.0000e+00   8.5480e-04   2.0730e+02
20191006_09:00:00   3.9025e-02   1.3383e+01   3.6001e-01   0.0000e+00   1.3715e-03   2.0963e+02
20191006_11:00:00   0.0000e+00   0.0000e+00   0.0000e+00   0.0000e+00   0.0000e+00   0.0000e+00
20191006_12:00:00   3.3947e-02   1.2171e+01   2.5037e-01   0.0000e+00   6.1454e-03   2.1572e+02
20191006_13:00:00   3.2821e-02   1.1895e+01   2.2866e-01   0.0000e+00   7.1311e-03   2.1449e+02
20191006_14:00:00   0.0000e+00   2.7000e+00   0.0000e+00   0.0000e+00   0.0000e+00   0.0000e+00
20191006_15:00:00   0.0000e+00   0.0000e+00   0.0000e+00   0.0000e+00   0.0000e+00   0.0000e+00
20191006_16:00:00   3.1822e-02   1.1632e+01   2.0662e-01   0.0000e+00   3.8096e-03   2.1651e+02
20191006_17:00:00   0.0000e+00   2.7000e+00   0.0000e+00   0.0000e+00   0.0000e+00   0.0000e+00
20191006_18:00:00   0.0000e+00   0.0000e+00   0.0000e+00   0.0000e+00   0.0000e+00   0.0000e+00
20191006_19:00:00   3.2686e-02   1.1820e+01   2.1800e-01   0.0000e+00   2.5824e-03   2.2115e+02
20191006_20:00:00   0.0000e+00   0.0000e+00   0.0000e+00   0.0000e+00   0.0000e+00   0.0000e+00
20191006_21:00:00   3.3566e-02   1.2013e+01   2.3488e-01   0.0000e+00   1.9125e-03   2.2081e+02
20191006_22:00:00   3.4213e-02   1.2160e+01   2.4616e-01   0.0000e+00   1.5433e-03   2.2126e+02
20191006_23:00:00   3.5201e-02   1.2388e+01   2.6353e-01   0.0000e+00   1.3071e-03   2.2009e+02
20191007_00:00:00   3.6021e-02   1.2576e+01   2.7789e-01   0.0000e+00   1.3246e-03   2.2000e+02
20191007_01:00:00   3.6449e-02   1.2671e+01   2.8542e-01   0.0000e+00   1.3886e-03   2.2067e+02
20191007_02:00:00   3.6734e-02   1.2732e+01   2.9081e-01   0.0000e+00   1.5538e-03   2.2053e+02
20191007_03:00:00   3.6920e-02   1.2771e+01   2.9371e-01   0.0000e+00   3.2838e-03   2.1906e+02
20191007_04:00:00   0.0000e+00   2.7000e+00   0.0000e+00   0.0000e+00   0.0000e+00   0.0000e+00
20191007_05:00:00   3.6679e-02   1.2709e+01   2.8713e-01   0.0000e+00   6.1035e-03   2.1813e+02
20191007_06:00:00   3.6598e-02   1.2690e+01   2.8487e-01   0.0000e+00   5.7134e-03   2.1678e+02
20191007_07:00:00   0.0000e+00   0.0000e+00   0.0000e+00   0.0000e+00   0.0000e+00   0.0000e+00
20191007_08:00:00   3.6404e-02   1.2645e+01   2.8150e-01   0.0000e+00   3.9773e-03   2.1692e+02
20191007_09:00:00   3.6345e-02   1.2630e+01   2.8021e-01   0.0000e+00   3.5305e-03   2.1738e+02
20191007_10:00:00   3.6203e-02   1.2598e+01   2.7726e-01   0.0000e+00   3.2603e-03   2.1652e+02
20191007_12:00:00   3.5633e-02   1.2476e+01   2.6858e-01   0.0000e+00   2.3238e-03   2.1293e+02
20191007_14:00:00   3.5798e-02   1.2515e+01   2.7044e-01   0.0000e+00   2.2312e-03   2.1239e+02
20191007_15:00:00   3.5830e-02   1.2524e+01   2.7081e-01   0.0000e+00   2.4500e-03   2.1173e+02
20191007_16:00:00   3.5915e-02   1.2546e+01   2.7232e-01   0.0000e+00   2.1628e-03   2.1063e+02
20191007_17:00:00   3.5913e-02   1.2545e+01   2.7238e-01   0.0000e+00   2.2755e-03   2.0866e+02
20191007_18:00:00   3.6036e-02   1.2575e+01   2.7516e-01   0.0000e+00   2.3134e-03   2.0747e+02
20191007_19:00:00   3.6317e-02   1.2642e+01   2.8096e-01   0.0000e+00   1.8447e-03   2.0582e+02
20191007_20:00:00   3.6645e-02   1.2721e+01   2.8782e-01   0.0000e+00   1.5818e-03   2.0425e+02
20191007_21:00:00   3.7139e-02   1.2835e+01   2.9767e-01   0.0000e+00   1.9155e-03   2.0308e+02
20191007_22:00:00   0.0000e+00   0.0000e+00   0.0000e+00   0.0000e+00   0.0000e+00   0.0000e+00
20191007_23:00:00   3.7924e-02   1.3013e+01   3.1180e-01   0.0000e+00   4.5424e-03   2.0194e+02
20191008_00:00:00   3.8056e-02   1.3042e+01   3.1402e-01   0.0000e+00   5.1392e-03   2.0194e+02
20191008_01:00:00   3.8226e-02   1.3083e+01   3.1711e-01   0.0000e+00   5.4824e-03   2.0066e+02
20191008_02:00:00   3.8335e-02   1.3108e+01   3.1897e-01   0.0000e+00   5.4385e-03   1.9902e+02
20191008_03:00:00   3.8344e-02   1.3110e+01   3.1916e-01   0.0000e+00   5.8029e-03   1.9821e+02
20191008_04:00:00   0.0000e+00   2.7000e+00   0.0000e+00   0.0000e+00   0.0000e+00   0.0000e+00
20191008_05:00:00   0.0000e+00   2.7000e+00   0.0000e+00   0.0000e+00   0.0000e+00   0.0000e+00
20191008_06:00:00   3.8331e-02   1.3110e+01   3.1986e-01   0.0000e+00   2.7425e-03   1.9863e+02
20191008_07:00:00   0.0000e+00   0.0000e+00   0.0000e+00   0.0000e+00   0.0000e+00   0.0000e+00
20191008_08:00:00   3.8551e-02   1.3169e+01   3.2361e-01   0.0000e+00   1.9370e-03   1.9728e+02
20191008_09:00:00   3.8512e-02   1.3164e+01   3.2346e-01   0.0000e+00   1.2133e-03   1.9615e+02
20191008_10:00:00   9.9068e-06   2.7055e+00   0.0000e+00   0.0000e+00   0.0000e+00   2.1021e+01
20191008_11:00:00   0.0000e+00   0.0000e+00   0.0000e+00   0.0000e+00   0.0000e+00   0.0000e+00
20191008_12:00:00   3.8473e-02   1.3154e+01   3.2204e-01   0.0000e+00   9.2943e-04   1.9430e+02
20191008_13:00:00   3.8778e-02   1.3228e+01   3.2713e-01   0.0000e+00   8.0046e-04   1.9388e+02
20191008_14:00:00   3.8876e-02   1.3251e+01   3.2796e-01   0.0000e+00   2.3027e-03   1.9386e+02
20191008_15:00:00   3.8907e-02   1.3255e+01   3.2743e-01   0.0000e+00   3.5877e-03   1.9365e+02
20191008_17:00:00   0.0000e+00   0.0000e+00   0.0000e+00   0.0000e+00   0.0000e+00   0.0000e+00
20191008_18:00:00   3.9074e-02   1.3294e+01   3.2879e-01   0.0000e+00   1.8461e-03   1.9438e+02
20191008_21:00:00   0.0000e+00   0.0000e+00   0.0000e+00   0.0000e+00   0.0000e+00   0.0000e+00
20191009_03:00:00   0.0000e+00   0.0000e+00   0.0000e+00   0.0000e+00   0.0000e+00   0.0000e+00
20191009_06:00:00   0.0000e+00   2.7000e+00   0.0000e+00   0.0000e+00   0.0000e+00   0.0000e+00
20191009_12:00:00   3.9561e-02   1.3406e+01   3.3064e-01   0.0000e+00   1.5339e-03   1.9993e+02
20191009_15:00:00   3.9440e-02   1.3384e+01   3.2840e-01   0.0000e+00   1.8134e-03   2.0002e+02
20191009_21:00:00   4.1777e-02   1.3944e+01   3.6932e-01   0.0000e+00   4.8953e-03   2.0398e+02
20191010_00:00:00   4.2458e-02   1.4106e+01   3.8286e-01   0.0000e+00   5.9366e-03   2.0240e+02
20191010_03:00:00   4.3463e-02   1.4348e+01   3.9862e-01   0.0000e+00   1.1186e-02   2.0073e+02
20191010_09:00:00   0.0000e+00   0.0000e+00   0.0000e+00   0.0000e+00   0.0000e+00   0.0000e+00
20191010_12:00:00   4.5591e-02   1.4877e+01   4.3370e-01   0.0000e+00   4.4954e-03   1.9869e+02
20191010_18:00:00   5.6003e-02   1.7303e+01   6.0646e-01   0.0000e+00   2.3453e-02   1.9176e+02
20191010_21:00:00   5.4917e-02   1.7067e+01   5.9022e-01   0.0000e+00   1.6003e-02   1.9128e+02
20191011_00:00:00   5.9008e-02   1.8009e+01   6.5583e-01   0.0000e+00   4.0191e-02   1.9222e+02
20191011_03:00:00   6.1043e-02   1.8492e+01   6.8430e-01   0.0000e+00   6.1681e-02   1.9274e+02
20191011_06:00:00   6.1889e-02   1.8696e+01   6.9623e-01   0.0000e+00   7.0869e-02   1.9552e+02
20191011_09:00:00   6.2611e-02   1.8872e+01   7.0995e-01   0.0000e+00   6.5203e-02   1.9668e+02
20191011_12:00:00   6.6406e-02   1.9735e+01   7.7887e-01   0.0000e+00   5.6816e-02   1.9661e+02
20191011_15:00:00   6.8578e-02   2.0249e+01   8.1451e-01   0.0000e+00   6.6176e-02   1.9946e+02
20191011_18:00:00   7.0216e-02   2.0630e+01   8.4562e-01   0.0000e+00   6.8652e-02   1.9765e+02
20191011_21:00:00   0.0000e+00   2.7000e+00   0.0000e+00   0.0000e+00   0.0000e+00   0.0000e+00
20191012_00:00:00   7.3008e-02   2.1283e+01   8.9359e-01   0.0000e+00   8.5796e-02   1.9773e+02
20191012_03:00:00   7.0405e-02   2.0668e+01   8.5412e-01   0.0000e+00   7.0503e-02   2.0028e+02
20191012_06:00:00   5.5064e-02   1.7159e+01   6.1176e-01   0.0000e+00   3.2636e-02   1.9959e+02
20191012_09:00:00   4.7500e-02   1.5406e+01   4.8074e-01   0.0000e+00   2.1642e-02   1.9910e+02
20191012_12:00:00   0.0000e+00   2.7000e+00   0.0000e+00   0.0000e+00   0.0000e+00   0.0000e+00
20191012_18:00:00   4.0503e-02   1.3766e+01   3.6033e-01   0.0000e+00   9.8447e-03   1.9530e+02
20191012_21:00:00   3.8653e-02   1.3336e+01   3.2453e-01   0.0000e+00   6.9399e-03   1.9551e+02
20191013_00:00:00   4.0020e-02   1.3656e+01   3.4795e-01   0.0000e+00   4.5808e-03   1.9545e+02
20191013_03:00:00   0.0000e+00   0.0000e+00   0.0000e+00   0.0000e+00   0.0000e+00   0.0000e+00
20191013_06:00:00   3.9200e-02   1.3448e+01   3.3358e-01   0.0000e+00   2.0658e-03   1.9282e+02
20191013_09:00:00   3.6948e-02   1.2915e+01   2.9147e-01   0.0000e+00   9.3819e-05   1.9079e+02
20191013_12:00:00   3.4828e-02   1.2418e+01   2.4656e-01   0.0000e+00   2.4272e-04   1.8947e+02
20191013_15:00:00   3.1521e-02   1.1634e+01   1.8905e-01   0.0000e+00   0.0000e+00   1.8974e+02
20191013_18:00:00   3.0899e-02   1.1476e+01   1.7496e-01   0.0000e+00   0.0000e+00   1.9228e+02
20191013_21:00:00   0.0000e+00   0.0000e+00   0.0000e+00   0.0000e+00   0.0000e+00   0.0000e+00
20191014_00:00:00   3.1602e-02   1.1625e+01   1.8474e-01   0.0000e+00   0.0000e+00   1.9393e+02
20191014_03:00:00   3.1368e-02   1.1561e+01   1.8212e-01   0.0000e+00   0.0000e+00   1.9639e+02
20191014_06:00:00   0.0000e+00   0.0000e+00   0.0000e+00   0.0000e+00   0.0000e+00   0.0000e+00
20191014_09:00:00   0.0000e+00   2.7000e+00   0.0000e+00   0.0000e+00   0.0000e+00   0.0000e+00
20191014_12:00:00   0.0000e+00   0.0000e+00   0.0000e+00   0.0000e+00   0.0000e+00   0.0000e+00
20191014_15:00:00   0.0000e+00   0.0000e+00   0.0000e+00   0.0000e+00   0.0000e+00   0.0000e+00
20191014_18:00:00   3.3554e-02   1.2047e+01   2.2362e-01   0.0000e+00   0.0000e+00   1.9574e+02
20191014_21:00:00   0.0000e+00   2.7000e+00   0.0000e+00   0.0000e+00   0.0000e+00   0.0000e+00
20191015_00:00:00   3.2908e-02   1.1891e+01   2.1208e-01   0.0000e+00   0.0000e+00   1.9367e+02
20191015_03:00:00   3.3046e-02   1.1917e+01   2.1595e-01   0.0000e+00   4.7580e-06   1.9295e+02
20191015_06:00:00   3.3135e-02   1.1934e+01   2.1712e-01   0.0000e+00   4.7730e-06   1.9299e+02
20191015_09:00:00   3.2818e-02   1.1858e+01   2.1035e-01   0.0000e+00   4.7700e-06   1.9213e+02
20191015_12:00:00   3.2717e-02   1.1827e+01   2.0809e-01   0.0000e+00   4.7710e-06   1.9119e+02
20191015_15:00:00   3.2592e-02   1.1793e+01   2.0455e-01   0.0000e+00   0.0000e+00   1.9071e+02
20191015_21:00:00   0.0000e+00   2.7000e+00   0.0000e+00   0.0000e+00   0.0000e+00   0.0000e+00
20191016_00:00:00   0.0000e+00   0.0000e+00   0.0000e+00   0.0000e+00   0.0000e+00   0.0000e+00
20191016_03:00:00   1.3826e+00   2.0883e+02   2.1454e+01   1.0981e-01   2.5088e-04   1.7026e+02
20191016_06:00:00   4.6556e-02   1.5080e+01   4.5518e-01   0.0000e+00   3.3124e-02   1.9622e+02
20191016_09:00:00   5.2562e-02   1.6490e+01   5.6051e-01   0.0000e+00   5.1368e-02   1.9502e+02
20191016_15:00:00   5.2757e-02   1.6536e+01   5.6971e-01   0.0000e+00   3.6717e-02   1.9583e+02
20191016_18:00:00   4.7378e-02   1.5281e+01   4.6822e-01   0.0000e+00   3.1983e-02   1.9683e+02
20191016_21:00:00   4.6636e-02   1.5101e+01   4.5600e-01   0.0000e+00   1.6213e-02   1.9764e+02
20191017_00:00:00   1.2518e-01   3.6638e+01   2.4925e+00   0.0000e+00   0.0000e+00   1.8292e+02
20191017_03:00:00   4.4798e-02   1.4681e+01   4.2314e-01   0.0000e+00   5.2701e-03   2.0036e+02
20191017_06:00:00   0.0000e+00   0.0000e+00   0.0000e+00   0.0000e+00   0.0000e+00   0.0000e+00
20191017_09:00:00   4.5030e-02   1.4728e+01   4.1874e-01   0.0000e+00   7.5513e-03   2.0075e+02
20191017_12:00:00   4.5517e-02   1.4839e+01   4.2074e-01   0.0000e+00   1.7191e-02   2.0146e+02
20191017_15:00:00   4.5540e-02   1.4848e+01   4.2072e-01   0.0000e+00   1.5188e-02   2.0346e+02
20191017_18:00:00   4.5069e-02   1.4733e+01   4.1610e-01   0.0000e+00   7.6451e-03   2.0363e+02
20191017_21:00:00   4.3917e-02   1.4458e+01   3.9751e-01   0.0000e+00   8.4325e-03   2.0228e+02
20191018_00:00:00   4.2407e-02   1.4105e+01   3.7547e-01   0.0000e+00   4.2561e-03   2.0262e+02
20191018_03:00:00   3.9691e-02   1.3475e+01   3.3139e-01   0.0000e+00   5.9386e-04   2.0303e+02
20191018_06:00:00   3.7510e-02   1.2964e+01   2.9496e-01   0.0000e+00   4.8948e-05   2.0163e+02
20191018_12:00:00   3.3765e-02   1.2076e+01   2.3115e-01   0.0000e+00   2.4474e-05   2.0074e+02
20191018_15:00:00   0.0000e+00   2.7000e+00   0.0000e+00   0.0000e+00   0.0000e+00   0.0000e+00
20191018_18:00:00   0.0000e+00   0.0000e+00   0.0000e+00   0.0000e+00   0.0000e+00   0.0000e+00
20191018_21:00:00   0.0000e+00   2.7000e+00   0.0000e+00   0.0000e+00   0.0000e+00   0.0000e+00
20191019_00:00:00   2.9580e-02   1.1087e+01   1.6110e-01   0.0000e+00   0.0000e+00   2.0270e+02
20191019_03:00:00   0.0000e+00   0.0000e+00   0.0000e+00   0.0000e+00   0.0000e+00   0.0000e+00
20191019_06:00:00   1.0836e+00   1.8595e+02   2.0742e+01   1.5296e-03   1.6318e-06   2.4923e+02
20191019_09:00:00   2.8270e-02   1.0789e+01   1.4265e-01   0.0000e+00   0.0000e+00   2.0061e+02
20191019_12:00:00   0.0000e+00   0.0000e+00   0.0000e+00   0.0000e+00   0.0000e+00   0.0000e+00
