#            date       tau225        Tb[K]      pwv[mm] lwp[kg*m^-2] iwp[kg*m^-2]       o3[DU]
20191010_07:00:00   3.6121e-01   8.6696e+01   7.0215e+00   0.0000e+00   0.0000e+00   2.7467e+02
20191010_08:00:00   0.0000e+00   0.0000e+00   0.0000e+00   0.0000e+00   0.0000e+00   0.0000e+00
20191010_09:00:00   0.0000e+00   2.7000e+00   0.0000e+00   0.0000e+00   0.0000e+00   0.0000e+00
20191010_10:00:00   0.0000e+00   0.0000e+00   0.0000e+00   0.0000e+00   0.0000e+00   0.0000e+00
20191010_11:00:00   3.4582e-01   8.3934e+01   6.6790e+00   0.0000e+00   0.0000e+00   2.7565e+02
20191010_13:00:00   3.8836e-01   9.2032e+01   7.2536e+00   2.9895e-03   0.0000e+00   2.7549e+02
20191010_14:00:00   0.0000e+00   2.7000e+00   0.0000e+00   0.0000e+00   0.0000e+00   0.0000e+00
20191010_15:00:00   0.0000e+00   2.7000e+00   0.0000e+00   0.0000e+00   0.0000e+00   0.0000e+00
20191010_16:00:00   0.0000e+00   0.0000e+00   0.0000e+00   0.0000e+00   0.0000e+00   0.0000e+00
20191010_18:00:00   1.3520e-01   3.8898e+01   2.7110e+00   0.0000e+00   0.0000e+00   2.6420e+02
20191010_19:00:00   3.9937e-01   9.3803e+01   7.7218e+00   0.0000e+00   0.0000e+00   2.7877e+02
20191010_20:00:00   3.8320e-01   9.0889e+01   7.4311e+00   0.0000e+00   0.0000e+00   2.7851e+02
20191010_21:00:00   3.6557e-01   8.7601e+01   7.1398e+00   0.0000e+00   0.0000e+00   2.7719e+02
20191010_22:00:00   3.7499e-01   8.9277e+01   7.3167e+00   0.0000e+00   0.0000e+00   2.7526e+02
20191010_23:00:00   3.6498e-01   8.7349e+01   7.1828e+00   0.0000e+00   3.4280e-05   2.7363e+02
20191011_00:00:00   3.6020e-01   8.6262e+01   7.1880e+00   0.0000e+00   2.0201e-03   2.7230e+02
20191011_01:00:00   0.0000e+00   0.0000e+00   0.0000e+00   0.0000e+00   0.0000e+00   0.0000e+00
20191011_02:00:00   1.7451e-01   4.6804e+01   3.8285e+00   0.0000e+00   1.0816e-04   2.6146e+02
20191011_03:00:00   3.8491e-01   9.0382e+01   7.8464e+00   0.0000e+00   8.6767e-04   2.7063e+02
20191011_04:00:00   5.0933e-01   1.1268e+02   9.6647e+00   4.3020e-03   4.9741e-03   2.7036e+02
20191011_05:00:00   0.0000e+00   0.0000e+00   0.0000e+00   0.0000e+00   0.0000e+00   0.0000e+00
20191011_06:00:00   0.0000e+00   0.0000e+00   0.0000e+00   0.0000e+00   0.0000e+00   0.0000e+00
20191011_07:00:00   7.4935e-01   1.4720e+02   1.5712e+01   0.0000e+00   4.8874e-02   2.6661e+02
20191011_08:00:00   3.6466e-01   8.6127e+01   7.5896e+00   0.0000e+00   6.2312e-03   2.7028e+02
20191011_09:00:00   3.4358e-01   8.1759e+01   7.2806e+00   0.0000e+00   5.4648e-03   2.7065e+02
20191011_10:00:00   3.2478e-01   7.7949e+01   6.9536e+00   0.0000e+00   6.2873e-03   2.7030e+02
20191011_11:00:00   3.2748e-01   7.8410e+01   7.0196e+00   0.0000e+00   4.2179e-03   2.7053e+02
20191011_12:00:00   3.5456e-01   8.3528e+01   7.5661e+00   0.0000e+00   1.0697e-02   2.7079e+02
20191011_13:00:00   3.8355e-01   8.8839e+01   8.1473e+00   0.0000e+00   4.2769e-02   2.6980e+02
20191011_14:00:00   4.0932e-01   9.3514e+01   8.6318e+00   0.0000e+00   7.2632e-02   2.6924e+02
20191011_15:00:00   4.4968e-01   1.0049e+02   9.4182e+00   0.0000e+00   9.8749e-02   2.7003e+02
20191011_16:00:00   4.8519e-01   1.0637e+02   1.0066e+01   0.0000e+00   1.6840e-01   2.7007e+02
20191011_17:00:00   4.9244e-01   1.0756e+02   1.0160e+01   0.0000e+00   2.2627e-01   2.7001e+02
20191011_18:00:00   0.0000e+00   0.0000e+00   0.0000e+00   0.0000e+00   0.0000e+00   0.0000e+00
20191011_19:00:00   4.8325e-01   1.0621e+02   9.9417e+00   0.0000e+00   1.5229e-01   2.7038e+02
20191011_20:00:00   4.9516e-01   1.0817e+02   1.0122e+01   0.0000e+00   1.8674e-01   2.7106e+02
20191011_21:00:00   0.0000e+00   2.7000e+00   0.0000e+00   0.0000e+00   0.0000e+00   0.0000e+00
20191011_22:00:00   0.0000e+00   0.0000e+00   0.0000e+00   0.0000e+00   0.0000e+00   0.0000e+00
20191011_23:00:00   4.6000e-01   1.0241e+02   9.4462e+00   0.0000e+00   9.2767e-03   2.7013e+02
20191012_00:00:00   4.5286e-01   1.0108e+02   9.3364e+00   0.0000e+00   9.0818e-03   2.6967e+02
20191012_02:00:00   5.0219e-01   1.0937e+02   1.0123e+01   0.0000e+00   6.0887e-02   2.6881e+02
20191012_03:00:00   0.0000e+00   2.7000e+00   0.0000e+00   0.0000e+00   0.0000e+00   0.0000e+00
20191012_04:00:00   0.0000e+00   2.7000e+00   0.0000e+00   0.0000e+00   0.0000e+00   0.0000e+00
20191012_05:00:00   4.9627e-01   1.0847e+02   9.8649e+00   0.0000e+00   6.2983e-02   2.7211e+02
20191012_06:00:00   4.9041e-01   1.0755e+02   9.7407e+00   0.0000e+00   4.3789e-02   2.7432e+02
20191012_07:00:00   4.9486e-01   1.0827e+02   9.7967e+00   0.0000e+00   2.8334e-02   2.7676e+02
20191012_09:00:00   4.9054e-01   1.0763e+02   9.6558e+00   0.0000e+00   4.0995e-03   2.7976e+02
20191012_10:00:00   4.8304e-01   1.0640e+02   9.4988e+00   0.0000e+00   4.6959e-03   2.7940e+02
20191012_11:00:00   4.8802e-01   1.0721e+02   9.5909e+00   0.0000e+00   2.3798e-02   2.7953e+02
20191012_12:00:00   4.9606e-01   1.0861e+02   9.7128e+00   0.0000e+00   2.6665e-02   2.7794e+02
20191012_13:00:00   5.3360e-01   1.1462e+02   1.0342e+01   5.7780e-05   9.7594e-03   2.7746e+02
20191012_14:00:00   5.5086e-01   1.1737e+02   1.0617e+01   0.0000e+00   4.4017e-03   2.7904e+02
20191012_15:00:00   5.6020e-01   1.1877e+02   1.0778e+01   1.7332e-04   2.8750e-02   2.7944e+02
20191012_16:00:00   5.5229e-01   1.1766e+02   1.0562e+01   5.2000e-04   3.6355e-03   2.7944e+02
20191012_17:00:00   5.3570e-01   1.1526e+02   1.0226e+01   0.0000e+00   1.9717e-04   2.7810e+02
20191012_18:00:00   5.0175e-01   1.0990e+02   9.5768e+00   0.0000e+00   1.9018e-05   2.7760e+02
20191012_19:00:00   4.3395e-01   9.8805e+01   8.2550e+00   0.0000e+00   7.6265e-05   2.7795e+02
20191012_20:00:00   3.9290e-01   9.1639e+01   7.4409e+00   0.0000e+00   0.0000e+00   2.7826e+02
20191012_21:00:00   3.5893e-01   8.5405e+01   6.8112e+00   0.0000e+00   0.0000e+00   2.7835e+02
20191012_22:00:00   3.4603e-01   8.2907e+01   6.5664e+00   0.0000e+00   0.0000e+00   2.7850e+02
20191012_23:00:00   3.1099e-01   7.7488e+01   6.6647e+00   0.0000e+00   0.0000e+00   2.6086e+02
20191013_00:00:00   2.8285e-01   7.0528e+01   5.3659e+00   0.0000e+00   0.0000e+00   2.7507e+02
20191013_01:00:00   0.0000e+00   0.0000e+00   0.0000e+00   0.0000e+00   0.0000e+00   0.0000e+00
20191013_02:00:00   2.7352e-01   6.8658e+01   5.1864e+00   0.0000e+00   0.0000e+00   2.7225e+02
20191013_03:00:00   2.6275e-01   6.6474e+01   4.9970e+00   0.0000e+00   0.0000e+00   2.6999e+02
20191013_04:00:00   2.5914e-01   6.5735e+01   4.9453e+00   0.0000e+00   0.0000e+00   2.6922e+02
20191013_05:00:00   3.0421e-01   7.4883e+01   5.7657e+00   0.0000e+00   0.0000e+00   2.6873e+02
20191013_06:00:00   1.8547e-01   4.9527e+01   4.3310e+00   0.0000e+00   8.7760e-05   2.5179e+02
20191013_07:00:00   3.4882e-01   8.3405e+01   6.6291e+00   0.0000e+00   0.0000e+00   2.6769e+02
20191013_08:00:00   3.5414e-01   8.4382e+01   6.7586e+00   0.0000e+00   0.0000e+00   2.6954e+02
20191013_09:00:00   3.4621e-01   8.2940e+01   6.6137e+00   0.0000e+00   0.0000e+00   2.7104e+02
20191013_10:00:00   0.0000e+00   0.0000e+00   0.0000e+00   0.0000e+00   0.0000e+00   0.0000e+00
20191013_11:00:00   3.5383e-01   8.4574e+01   6.6654e+00   0.0000e+00   0.0000e+00   2.6770e+02
20191013_12:00:00   0.0000e+00   0.0000e+00   0.0000e+00   0.0000e+00   0.0000e+00   0.0000e+00
20191013_13:00:00   4.0201e-01   9.3489e+01   7.4776e+00   2.3104e-04   7.4999e-05   2.6573e+02
20191013_14:00:00   3.9455e-01   9.2237e+01   7.3162e+00   9.8895e-04   7.9005e-05   2.6619e+02
20191013_15:00:00   3.6977e-01   8.7768e+01   6.9286e+00   0.0000e+00   3.7904e-05   2.6701e+02
20191013_17:00:00   3.2206e-01   7.8802e+01   6.0629e+00   0.0000e+00   0.0000e+00   2.6923e+02
20191013_18:00:00   3.0476e-01   7.5425e+01   5.7393e+00   0.0000e+00   0.0000e+00   2.7003e+02
20191013_19:00:00   3.2178e-01   7.8808e+01   6.0218e+00   0.0000e+00   0.0000e+00   2.7043e+02
20191013_20:00:00   3.4656e-01   8.3539e+01   6.4654e+00   0.0000e+00   0.0000e+00   2.6930e+02
20191013_21:00:00   3.6893e-01   8.7658e+01   6.8758e+00   0.0000e+00   0.0000e+00   2.6898e+02
20191013_22:00:00   3.8047e-01   8.9580e+01   7.2614e+00   0.0000e+00   0.0000e+00   2.6730e+02
20191013_23:00:00   4.3399e-01   9.8766e+01   8.4509e+00   0.0000e+00   0.0000e+00   2.6652e+02
20191014_00:00:00   4.8743e-01   1.0740e+02   9.5686e+00   0.0000e+00   1.6999e-04   2.6731e+02
20191014_01:00:00   5.7951e-01   1.2130e+02   1.1311e+01   4.8320e-04   2.6279e-02   2.6685e+02
20191014_02:00:00   0.0000e+00   0.0000e+00   0.0000e+00   0.0000e+00   0.0000e+00   0.0000e+00
20191014_03:00:00   1.0466e+00   1.7715e+02   1.3001e+01   1.5127e-01   3.5296e-01   2.6682e+02
20191014_04:00:00   9.5339e-01   1.6786e+02   1.3175e+01   1.1141e-01   2.3110e-01   2.6771e+02
20191014_05:00:00   2.5505e+00   2.5234e+02   1.3672e+01   7.5738e-01   6.9147e-01   2.6846e+02
20191014_06:00:00   2.7280e+00   2.5504e+02   1.3311e+01   8.5331e-01   9.8969e-01   2.7260e+02
20191014_07:00:00   1.2454e+00   1.9542e+02   8.8724e+00   3.1789e-01   3.8044e-02   2.8162e+02
20191014_08:00:00   2.2225e-01   5.7949e+01   4.1656e+00   0.0000e+00   0.0000e+00   2.8695e+02
20191014_09:00:00   2.0155e-01   5.3284e+01   3.7938e+00   0.0000e+00   0.0000e+00   2.8898e+02
20191014_10:00:00   0.0000e+00   0.0000e+00   0.0000e+00   0.0000e+00   0.0000e+00   0.0000e+00
20191014_11:00:00   1.6196e-01   4.4108e+01   3.1882e+00   2.3610e-04   0.0000e+00   2.8818e+02
20191014_12:00:00   1.6266e-01   4.4220e+01   3.2362e+00   1.0830e-04   0.0000e+00   2.8702e+02
20191014_13:00:00   1.7675e-01   4.7446e+01   3.5046e+00   0.0000e+00   0.0000e+00   2.8545e+02
20191014_14:00:00   1.8582e-01   4.9503e+01   3.6744e+00   0.0000e+00   0.0000e+00   2.8465e+02
20191014_15:00:00   0.0000e+00   0.0000e+00   0.0000e+00   0.0000e+00   0.0000e+00   0.0000e+00
20191014_16:00:00   1.8986e-01   5.0445e+01   3.7807e+00   0.0000e+00   0.0000e+00   2.8560e+02
20191014_17:00:00   0.0000e+00   0.0000e+00   0.0000e+00   0.0000e+00   0.0000e+00   0.0000e+00
20191014_18:00:00   1.7032e-01   4.6252e+01   3.3130e+00   0.0000e+00   0.0000e+00   2.9093e+02
20191014_19:00:00   1.5743e-01   4.3445e+01   2.9738e+00   2.7140e-04   0.0000e+00   2.9062e+02
20191014_20:00:00   1.4822e-01   4.1319e+01   2.7348e+00   1.2170e-03   0.0000e+00   2.8948e+02
20191014_21:00:00   0.0000e+00   0.0000e+00   0.0000e+00   0.0000e+00   0.0000e+00   0.0000e+00
20191014_22:00:00   1.3560e-01   3.8193e+01   2.5613e+00   5.0730e-05   3.7282e-05   2.8745e+02
20191014_23:00:00   1.4959e-01   4.1349e+01   2.8476e+00   0.0000e+00   1.0480e-03   2.8605e+02
20191015_00:00:00   1.7093e-01   4.6122e+01   3.2826e+00   0.0000e+00   1.8718e-04   2.8362e+02
20191015_01:00:00   1.7343e-01   4.6540e+01   3.3899e+00   0.0000e+00   0.0000e+00   2.8348e+02
20191015_02:00:00   0.0000e+00   0.0000e+00   0.0000e+00   0.0000e+00   0.0000e+00   0.0000e+00
20191015_03:00:00   3.2825e-01   8.0306e+01   7.0694e+00   0.0000e+00   0.0000e+00   2.6682e+02
20191015_09:00:00   1.8928e-01   4.9723e+01   3.9873e+00   0.0000e+00   3.8594e-03   2.8813e+02
20191015_12:00:00   2.0226e-01   5.2401e+01   4.3181e+00   0.0000e+00   6.5957e-05   2.8353e+02
20191015_15:00:00   0.0000e+00   0.0000e+00   0.0000e+00   0.0000e+00   0.0000e+00   0.0000e+00
20191015_18:00:00   2.9944e-01   7.2563e+01   6.4553e+00   0.0000e+00   2.0043e-03   2.8211e+02
20191015_21:00:00   3.5897e-01   8.3998e+01   7.6635e+00   0.0000e+00   0.0000e+00   2.8257e+02
20191016_00:00:00   0.0000e+00   2.7000e+00   0.0000e+00   0.0000e+00   0.0000e+00   0.0000e+00
20191016_03:00:00   3.7800e-01   8.8350e+01   7.7924e+00   0.0000e+00   3.3884e-05   2.7655e+02
20191016_06:00:00   3.9030e-01   9.0888e+01   7.8990e+00   0.0000e+00   0.0000e+00   2.7801e+02
20191016_09:00:00   4.3262e-01   9.8573e+01   8.6637e+00   0.0000e+00   0.0000e+00   2.8361e+02
20191016_12:00:00   4.5681e-01   1.0276e+02   9.1938e+00   0.0000e+00   0.0000e+00   2.8319e+02
20191016_15:00:00   4.5515e-01   1.0260e+02   9.0978e+00   0.0000e+00   0.0000e+00   2.7873e+02
20191016_18:00:00   0.0000e+00   0.0000e+00   0.0000e+00   0.0000e+00   0.0000e+00   0.0000e+00
20191016_21:00:00   0.0000e+00   0.0000e+00   0.0000e+00   0.0000e+00   0.0000e+00   0.0000e+00
20191017_00:00:00   0.0000e+00   2.7000e+00   0.0000e+00   0.0000e+00   0.0000e+00   0.0000e+00
20191017_03:00:00   4.3788e-01   9.9534e+01   8.5434e+00   0.0000e+00   1.4821e-02   2.7544e+02
20191017_06:00:00   0.0000e+00   0.0000e+00   0.0000e+00   0.0000e+00   0.0000e+00   0.0000e+00
20191017_09:00:00   4.1091e-01   9.4238e+01   8.1771e+00   0.0000e+00   1.0627e-01   2.7661e+02
20191017_12:00:00   4.9995e-01   1.0877e+02   1.0083e+01   0.0000e+00   6.1891e-02   2.7262e+02
20191017_15:00:00   6.3030e-01   1.2761e+02   1.2393e+01   0.0000e+00   5.8225e-01   2.6503e+02
20191017_18:00:00   9.9162e-01   1.7115e+02   1.3983e+01   1.0790e-01   7.0530e-01   2.6433e+02
20191017_21:00:00   2.5477e+00   2.5116e+02   1.3574e+01   7.6512e-01   5.3930e-01   2.6389e+02
20191018_00:00:00   0.0000e+00   0.0000e+00   0.0000e+00   0.0000e+00   0.0000e+00   0.0000e+00
20191018_03:00:00   1.7643e+00   2.2587e+02   1.1324e+01   4.8436e-01   4.7071e-02   2.7151e+02
20191018_06:00:00   1.5083e+00   2.1203e+02   9.6399e+00   4.1583e-01   2.5428e-02   2.6778e+02
20191018_09:00:00   0.0000e+00   0.0000e+00   0.0000e+00   0.0000e+00   0.0000e+00   0.0000e+00
20191018_12:00:00   4.5881e-01   1.0234e+02   8.2101e+00   1.2862e-02   1.0985e-03   2.6752e+02
20191018_15:00:00   4.3976e-01   9.9068e+01   8.1490e+00   5.7487e-03   1.7655e-03   2.6712e+02
20191018_18:00:00   0.0000e+00   2.7000e+00   0.0000e+00   0.0000e+00   0.0000e+00   0.0000e+00
20191018_21:00:00   3.4637e-01   8.2728e+01   6.4227e+00   0.0000e+00   0.0000e+00   2.7225e+02
20191019_03:00:00   0.0000e+00   0.0000e+00   0.0000e+00   0.0000e+00   0.0000e+00   0.0000e+00
20191019_06:00:00   2.6110e-01   6.5994e+01   4.8450e+00   0.0000e+00   5.9563e-04   2.7115e+02
20191019_09:00:00   0.0000e+00   0.0000e+00   0.0000e+00   0.0000e+00   0.0000e+00   0.0000e+00
20191019_12:00:00   3.2221e-01   7.8327e+01   4.8391e+00   2.4464e-02   1.0458e-05   2.7382e+02
20191019_15:00:00   3.3377e-01   8.0665e+01   4.6929e+00   3.2464e-02   1.4455e-05   2.6855e+02
20191019_18:00:00   2.5700e-01   6.5182e+01   4.6204e+00   4.8140e-03   0.0000e+00   2.7108e+02
20191019_21:00:00   2.7617e-01   6.8779e+01   5.2733e+00   0.0000e+00   0.0000e+00   2.7341e+02
20191020_00:00:00   3.4642e-01   8.2126e+01   6.6380e+00   0.0000e+00   2.1414e-04   2.6859e+02
20191020_03:00:00   4.0047e-01   9.1810e+01   7.6447e+00   0.0000e+00   1.3187e-03   2.6783e+02
20191020_06:00:00   3.8919e-01   8.9138e+01   7.6890e+00   0.0000e+00   6.8778e-02   2.7169e+02
20191020_09:00:00   3.1786e-01   7.6270e+01   6.2483e+00   0.0000e+00   0.0000e+00   2.7692e+02
20191020_12:00:00   4.5153e-01   1.0068e+02   8.3094e+00   2.4548e-03   1.2001e-02   2.7781e+02
20191020_15:00:00   3.7335e-01   8.7106e+01   6.8926e+00   2.1827e-03   3.3320e-06   2.7300e+02
20191020_18:00:00   3.7137e-01   8.6396e+01   6.9099e+00   5.3818e-03   1.3149e-02   2.7093e+02
20191020_21:00:00   2.7254e-01   6.7393e+01   5.3678e+00   0.0000e+00   4.7167e-03   2.6791e+02
20191021_00:00:00   0.0000e+00   2.7000e+00   0.0000e+00   0.0000e+00   0.0000e+00   0.0000e+00
20191021_03:00:00   2.6039e-01   6.4549e+01   5.2083e+00   7.9270e-05   6.6444e-03   2.6710e+02
20191021_06:00:00   1.7462e-01   4.5762e+01   3.6518e+00   0.0000e+00   8.4826e-02   2.6850e+02
20191021_09:00:00   1.3272e-01   3.6275e+01   2.7554e+00   0.0000e+00   5.2949e-02   2.7802e+02
20191021_15:00:00   0.0000e+00   2.7000e+00   0.0000e+00   0.0000e+00   0.0000e+00   0.0000e+00
20191021_18:00:00   1.7387e-01   4.6365e+01   3.6037e+00   0.0000e+00   8.5680e-06   2.7266e+02
20191021_21:00:00   1.8667e-01   4.8870e+01   4.0149e+00   0.0000e+00   1.2833e-03   2.6991e+02
20191022_00:00:00   2.3197e-01   5.8112e+01   5.0910e+00   0.0000e+00   1.2720e-02   2.6402e+02
20191022_03:00:00   2.9869e-01   7.1301e+01   6.4404e+00   0.0000e+00   8.9711e-02   2.6261e+02
20191022_06:00:00   3.4574e-01   8.0715e+01   7.2494e+00   0.0000e+00   9.5609e-03   2.6466e+02
20191022_09:00:00   3.8333e-01   8.9264e+01   7.5069e+00   0.0000e+00   0.0000e+00   2.6596e+02
20191022_12:00:00   3.9248e-01   9.1471e+01   7.5117e+00   0.0000e+00   0.0000e+00   2.6352e+02
20191022_15:00:00   0.0000e+00   0.0000e+00   0.0000e+00   0.0000e+00   0.0000e+00   0.0000e+00
20191022_18:00:00   0.0000e+00   2.7000e+00   0.0000e+00   0.0000e+00   0.0000e+00   0.0000e+00
20191022_21:00:00   3.1728e-01   7.7905e+01   6.0387e+00   0.0000e+00   0.0000e+00   2.6052e+02
20191023_00:00:00   2.8526e-01   7.1549e+01   5.4623e+00   0.0000e+00   5.5800e-06   2.5606e+02
20191023_03:00:00   2.4783e-01   6.3848e+01   4.7874e+00   0.0000e+00   3.4280e-06   2.5806e+02
20191023_06:00:00   0.0000e+00   0.0000e+00   0.0000e+00   0.0000e+00   0.0000e+00   0.0000e+00
20191023_09:00:00   2.2058e-01   5.7962e+01   4.3473e+00   0.0000e+00   0.0000e+00   2.6249e+02
20191023_12:00:00   2.2228e-01   5.8243e+01   4.4421e+00   0.0000e+00   0.0000e+00   2.6171e+02
20191023_15:00:00   2.3598e-01   6.1302e+01   4.6897e+00   0.0000e+00   0.0000e+00   2.5947e+02
20191023_18:00:00   2.1985e-01   5.7928e+01   4.3730e+00   0.0000e+00   0.0000e+00   2.6283e+02
20191023_21:00:00   2.4393e-01   6.3014e+01   4.9246e+00   0.0000e+00   0.0000e+00   2.6595e+02
20191024_00:00:00   2.5515e-01   6.5393e+01   5.1504e+00   0.0000e+00   0.0000e+00   2.6387e+02
20191024_03:00:00   2.4679e-01   6.3633e+01   4.9818e+00   0.0000e+00   0.0000e+00   2.6648e+02
20191024_06:00:00   2.3595e-01   6.1327e+01   4.7666e+00   0.0000e+00   0.0000e+00   2.7104e+02
20191024_09:00:00   2.3551e-01   6.1149e+01   4.7827e+00   0.0000e+00   8.1580e-06   2.7304e+02
20191024_12:00:00   2.4459e-01   6.3092e+01   4.9489e+00   0.0000e+00   5.6185e-04   2.6778e+02
20191024_15:00:00   2.7502e-01   6.9417e+01   5.5247e+00   0.0000e+00   2.6616e-04   2.6500e+02
20191024_18:00:00   2.8424e-01   7.1132e+01   5.7235e+00   0.0000e+00   1.6102e-03   2.6876e+02
20191024_21:00:00   2.8099e-01   7.0232e+01   5.6935e+00   0.0000e+00   6.9229e-03   2.6974e+02
20191025_00:00:00   2.8016e-01   7.0001e+01   5.6061e+00   0.0000e+00   1.0335e-03   2.6723e+02
20191025_03:00:00   0.0000e+00   0.0000e+00   0.0000e+00   0.0000e+00   0.0000e+00   0.0000e+00
20191025_06:00:00   0.0000e+00   2.7000e+00   0.0000e+00   0.0000e+00   0.0000e+00   0.0000e+00
20191025_09:00:00   1.8116e-01   4.9135e+01   3.7746e+00   0.0000e+00   0.0000e+00   2.6397e+02
20191025_12:00:00   3.7604e-01   8.7720e+01   7.4150e+00   6.2450e-05   2.3373e-02   2.7936e+02
20191025_15:00:00   1.5680e-01   4.3942e+01   2.6999e+00   0.0000e+00   0.0000e+00   2.8901e+02
20191025_18:00:00   1.0152e-01   3.0646e+01   1.7661e+00   0.0000e+00   0.0000e+00   2.8370e+02
20191025_21:00:00   9.0418e-02   2.7873e+01   1.5877e+00   0.0000e+00   0.0000e+00   2.7947e+02
20191026_00:00:00   9.6788e-02   2.9355e+01   1.7588e+00   0.0000e+00   0.0000e+00   2.7582e+02
20191026_03:00:00   0.0000e+00   2.7000e+00   0.0000e+00   0.0000e+00   0.0000e+00   0.0000e+00
20191026_06:00:00   1.4406e-01   4.0287e+01   2.9205e+00   0.0000e+00   0.0000e+00   2.7268e+02
