#            date       tau225        Tb[K]      pwv[mm] lwp[kg*m^-2] iwp[kg*m^-2]       o3[DU]
20191010_00:00:00   4.2324e-01   9.8132e+01   8.1877e+00   0.0000e+00   8.1896e-04   2.7343e+02
20191010_02:00:00   0.0000e+00   0.0000e+00   0.0000e+00   0.0000e+00   0.0000e+00   0.0000e+00
20191010_04:00:00   0.0000e+00   0.0000e+00   0.0000e+00   0.0000e+00   0.0000e+00   0.0000e+00
20191010_05:00:00   3.8361e-01   9.0775e+01   7.4935e+00   0.0000e+00   4.9981e-04   2.7529e+02
20191010_06:00:00   3.7811e-01   8.9795e+01   7.3705e+00   0.0000e+00   1.2520e-05   2.7633e+02
20191010_07:00:00   3.7115e-01   8.8526e+01   7.2123e+00   0.0000e+00   0.0000e+00   2.7631e+02
20191010_08:00:00   8.4112e-02   2.6776e+01   1.6452e+00   0.0000e+00   0.0000e+00   2.6103e+02
20191010_09:00:00   3.5893e-01   8.6342e+01   6.9419e+00   0.0000e+00   0.0000e+00   2.7724e+02
20191010_10:00:00   3.5866e-01   8.6301e+01   6.9276e+00   0.0000e+00   0.0000e+00   2.7741e+02
20191010_11:00:00   3.6338e-01   8.7209e+01   7.0085e+00   0.0000e+00   0.0000e+00   2.7691e+02
20191010_12:00:00   3.8112e-01   9.0551e+01   7.3196e+00   0.0000e+00   0.0000e+00   2.7647e+02
20191010_13:00:00   4.1348e-01   9.6464e+01   7.8530e+00   6.1063e-04   0.0000e+00   2.7619e+02
20191010_14:00:00   4.5599e-01   1.0393e+02   8.4450e+00   4.7776e-03   0.0000e+00   2.7633e+02
20191010_15:00:00   4.7498e-01   1.0703e+02   8.8539e+00   4.3259e-03   2.3039e-05   2.7657e+02
20191010_16:00:00   4.7111e-01   1.0627e+02   8.9675e+00   1.1725e-03   1.2988e-04   2.7778e+02
20191010_17:00:00   4.6055e-01   1.0447e+02   8.7277e+00   2.6020e-03   0.0000e+00   2.7887e+02
20191010_18:00:00   0.0000e+00   0.0000e+00   0.0000e+00   0.0000e+00   0.0000e+00   0.0000e+00
20191010_20:00:00   0.0000e+00   0.0000e+00   0.0000e+00   0.0000e+00   0.0000e+00   0.0000e+00
20191010_21:00:00   0.0000e+00   2.7000e+00   0.0000e+00   0.0000e+00   0.0000e+00   0.0000e+00
20191010_22:00:00   3.5573e-01   8.5527e+01   7.0099e+00   0.0000e+00   0.0000e+00   2.7588e+02
20191010_23:00:00   0.0000e+00   2.7000e+00   0.0000e+00   0.0000e+00   0.0000e+00   0.0000e+00
20191011_00:00:00   3.6631e-01   8.7241e+01   7.3439e+00   0.0000e+00   7.5018e-04   2.7297e+02
20191011_01:00:00   0.0000e+00   0.0000e+00   0.0000e+00   0.0000e+00   0.0000e+00   0.0000e+00
20191011_02:00:00   3.7876e-01   8.9426e+01   7.6276e+00   0.0000e+00   0.0000e+00   2.7101e+02
20191011_03:00:00   3.6278e-01   8.6489e+01   7.3003e+00   0.0000e+00   1.1148e-04   2.7157e+02
20191011_04:00:00   3.3082e-01   8.0308e+01   6.7007e+00   0.0000e+00   2.2767e-03   2.7172e+02
20191011_05:00:00   2.8456e-01   7.1019e+01   5.8162e+00   0.0000e+00   2.9882e-03   2.7161e+02
20191011_06:00:00   2.5451e-01   6.4589e+01   5.2859e+00   0.0000e+00   4.9542e-03   2.7146e+02
20191011_07:00:00   2.3782e-01   6.0782e+01   5.0323e+00   0.0000e+00   1.3914e-02   2.7111e+02
20191011_08:00:00   0.0000e+00   0.0000e+00   0.0000e+00   0.0000e+00   0.0000e+00   0.0000e+00
20191011_09:00:00   2.9165e-01   7.1451e+01   6.2455e+00   0.0000e+00   7.6747e-03   2.7141e+02
20191011_11:00:00   3.8553e-01   8.9173e+01   8.1974e+00   0.0000e+00   1.0344e-02   2.7115e+02
20191011_12:00:00   0.0000e+00   2.7000e+00   0.0000e+00   0.0000e+00   0.0000e+00   0.0000e+00
20191011_13:00:00   4.4399e-01   9.9424e+01   9.3337e+00   0.0000e+00   5.1094e-02   2.6983e+02
20191011_14:00:00   4.5499e-01   1.0129e+02   9.5363e+00   0.0000e+00   6.4160e-02   2.6939e+02
20191011_15:00:00   4.7404e-01   1.0444e+02   9.8700e+00   0.0000e+00   1.3853e-01   2.6929e+02
20191011_16:00:00   4.8607e-01   1.0642e+02   1.0112e+01   0.0000e+00   7.2647e-02   2.7022e+02
20191011_17:00:00   0.0000e+00   0.0000e+00   0.0000e+00   0.0000e+00   0.0000e+00   0.0000e+00
20191011_18:00:00   4.6195e-01   1.0249e+02   9.6221e+00   0.0000e+00   1.0899e-01   2.7095e+02
20191011_19:00:00   4.6805e-01   1.0352e+02   9.6923e+00   0.0000e+00   9.0913e-02   2.7160e+02
20191011_20:00:00   4.8059e-01   1.0558e+02   9.9286e+00   0.0000e+00   5.2190e-02   2.7189e+02
20191011_21:00:00   4.8149e-01   1.0580e+02   9.9412e+00   0.0000e+00   4.9469e-02   2.7151e+02
20191011_22:00:00   0.0000e+00   2.7000e+00   0.0000e+00   0.0000e+00   0.0000e+00   0.0000e+00
20191011_23:00:00   4.9165e-01   1.0735e+02   1.0091e+01   0.0000e+00   1.0929e-01   2.7049e+02
20191012_00:00:00   4.8423e-01   1.0610e+02   9.9209e+00   0.0000e+00   1.3691e-01   2.7010e+02
20191012_01:00:00   4.6989e-01   1.0378e+02   9.6002e+00   0.0000e+00   7.8855e-02   2.6983e+02
20191012_02:00:00   4.5007e-01   1.0051e+02   9.1665e+00   0.0000e+00   8.5248e-02   2.6942e+02
20191012_03:00:00   4.3771e-01   9.8470e+01   8.8801e+00   0.0000e+00   5.1191e-02   2.7080e+02
20191012_04:00:00   0.0000e+00   0.0000e+00   0.0000e+00   0.0000e+00   0.0000e+00   0.0000e+00
20191012_05:00:00   4.3991e-01   9.8984e+01   8.8590e+00   0.0000e+00   7.7028e-03   2.7507e+02
20191012_06:00:00   4.4365e-01   9.9680e+01   8.8809e+00   0.0000e+00   2.7664e-03   2.7703e+02
20191012_07:00:00   0.0000e+00   2.7000e+00   0.0000e+00   0.0000e+00   0.0000e+00   0.0000e+00
20191012_09:00:00   0.0000e+00   0.0000e+00   0.0000e+00   0.0000e+00   0.0000e+00   0.0000e+00
20191012_10:00:00   4.9407e-01   1.0811e+02   9.7145e+00   0.0000e+00   1.3563e-02   2.8195e+02
20191012_11:00:00   4.8253e-01   1.0619e+02   9.5003e+00   0.0000e+00   1.1168e-02   2.8173e+02
20191012_12:00:00   7.7280e-01   1.4968e+02   1.0943e+01   7.7320e-02   1.4524e-02   2.8129e+02
20191012_13:00:00   5.0102e-01   1.0925e+02   9.6882e+00   2.0982e-03   2.0220e-03   2.8180e+02
20191012_14:00:00   0.0000e+00   2.7000e+00   0.0000e+00   0.0000e+00   0.0000e+00   0.0000e+00
20191012_15:00:00   5.4832e-01   1.1695e+02   9.9314e+00   1.4275e-02   2.3296e-04   2.8256e+02
20191012_16:00:00   5.6111e-01   1.1863e+02   1.0461e+01   9.3405e-03   2.2394e-02   2.8126e+02
20191012_17:00:00   0.0000e+00   0.0000e+00   0.0000e+00   0.0000e+00   0.0000e+00   0.0000e+00
20191012_19:00:00   4.7858e-01   1.0619e+02   9.0602e+00   1.1554e-04   9.1044e-05   2.7895e+02
20191012_20:00:00   4.4486e-01   1.0060e+02   8.4277e+00   0.0000e+00   0.0000e+00   2.7894e+02
20191012_21:00:00   4.0510e-01   9.3658e+01   7.7062e+00   0.0000e+00   0.0000e+00   2.7890e+02
20191012_22:00:00   3.8269e-01   8.9578e+01   7.3037e+00   0.0000e+00   0.0000e+00   2.7862e+02
20191012_23:00:00   0.0000e+00   2.7000e+00   0.0000e+00   0.0000e+00   0.0000e+00   0.0000e+00
20191013_00:00:00   0.0000e+00   2.7000e+00   0.0000e+00   0.0000e+00   0.0000e+00   0.0000e+00
20191013_01:00:00   2.9141e-01   7.2264e+01   5.4780e+00   0.0000e+00   0.0000e+00   2.7493e+02
20191013_02:00:00   2.8907e-01   7.1805e+01   5.4295e+00   0.0000e+00   0.0000e+00   2.7404e+02
20191013_04:00:00   3.1096e-01   7.6053e+01   5.8997e+00   0.0000e+00   0.0000e+00   2.7012e+02
20191013_06:00:00   3.3783e-01   8.1339e+01   6.3892e+00   0.0000e+00   0.0000e+00   2.6830e+02
20191013_07:00:00   3.3996e-01   8.1688e+01   6.4818e+00   0.0000e+00   0.0000e+00   2.6886e+02
20191013_08:00:00   0.0000e+00   2.7000e+00   0.0000e+00   0.0000e+00   0.0000e+00   0.0000e+00
20191013_09:00:00   3.5439e-01   8.4356e+01   6.7846e+00   0.0000e+00   0.0000e+00   2.7145e+02
20191013_10:00:00   3.6191e-01   8.5884e+01   6.8380e+00   0.0000e+00   0.0000e+00   2.7136e+02
20191013_11:00:00   2.9030e-01   7.3197e+01   6.3949e+00   0.0000e+00   0.0000e+00   2.6221e+02
20191013_12:00:00   3.8025e-01   8.9454e+01   7.0429e+00   8.9980e-04   2.0517e-05   2.6760e+02
20191013_13:00:00   3.9253e-01   9.1772e+01   7.2629e+00   5.0767e-04   5.1462e-05   2.6634e+02
20191013_14:00:00   3.7881e-01   8.9305e+01   7.0799e+00   1.1555e-04   9.8733e-06   2.6674e+02
20191013_15:00:00   3.6458e-01   8.6819e+01   6.8037e+00   0.0000e+00   1.8486e-06   2.6806e+02
20191013_16:00:00   3.2941e-01   8.0211e+01   6.1709e+00   0.0000e+00   0.0000e+00   2.7124e+02
20191013_17:00:00   2.7465e-01   6.9411e+01   5.1605e+00   0.0000e+00   0.0000e+00   2.7365e+02
20191013_18:00:00   2.5031e-01   6.4324e+01   4.7401e+00   0.0000e+00   0.0000e+00   2.7500e+02
20191013_19:00:00   2.7444e-01   6.9370e+01   5.1599e+00   0.0000e+00   0.0000e+00   2.7547e+02
20191013_20:00:00   2.9487e-01   7.3514e+01   5.5183e+00   0.0000e+00   0.0000e+00   2.7377e+02
20191013_21:00:00   3.8582e-01   9.2550e+01   8.3909e+00   0.0000e+00   0.0000e+00   2.6187e+02
20191013_23:00:00   4.2767e-01   9.7860e+01   8.1365e+00   0.0000e+00   6.2700e-05   2.6989e+02
20191014_02:00:00   0.0000e+00   2.7000e+00   0.0000e+00   0.0000e+00   0.0000e+00   0.0000e+00
20191014_03:00:00   5.9657e-01   1.2388e+02   1.1341e+01   4.3312e-03   3.1650e-02   2.6807e+02
20191014_04:00:00   1.0078e+00   1.7366e+02   1.2106e+01   1.5848e-01   2.1833e-02   2.6936e+02
20191014_05:00:00   1.7990e+00   2.2802e+02   1.2822e+01   4.7262e-01   1.8982e-01   2.7377e+02
20191014_06:00:00   0.0000e+00   0.0000e+00   0.0000e+00   0.0000e+00   0.0000e+00   0.0000e+00
20191014_07:00:00   8.8991e-01   1.6180e+02   9.7876e+00   1.4975e-01   2.2317e-01   2.8252e+02
20191014_08:00:00   2.5425e-01   6.4460e+01   4.7767e+00   0.0000e+00   0.0000e+00   2.8664e+02
20191014_09:00:00   2.1973e-01   5.6884e+01   4.2429e+00   0.0000e+00   0.0000e+00   2.8698e+02
20191014_10:00:00   2.0167e-01   5.2835e+01   3.9860e+00   0.0000e+00   0.0000e+00   2.8866e+02
20191014_11:00:00   1.9950e-01   5.2461e+01   3.9309e+00   6.1730e-05   0.0000e+00   2.8839e+02
20191014_12:00:00   1.9033e-01   5.0502e+01   3.7274e+00   4.5590e-05   0.0000e+00   2.8639e+02
20191014_13:00:00   0.0000e+00   0.0000e+00   0.0000e+00   0.0000e+00   0.0000e+00   0.0000e+00
20191014_15:00:00   1.9652e-01   5.1924e+01   3.8301e+00   0.0000e+00   9.7474e-05   2.8527e+02
20191014_16:00:00   1.7759e-01   4.7721e+01   3.4914e+00   0.0000e+00   1.2681e-04   2.8628e+02
20191014_17:00:00   1.6922e-01   4.5818e+01   3.3436e+00   0.0000e+00   1.4266e-04   2.8789e+02
20191014_18:00:00   1.7280e-01   4.6597e+01   3.4218e+00   0.0000e+00   8.0721e-05   2.8930e+02
20191014_19:00:00   1.7953e-01   4.8108e+01   3.5536e+00   0.0000e+00   0.0000e+00   2.8986e+02
20191014_20:00:00   1.7462e-01   4.7075e+01   3.4169e+00   0.0000e+00   0.0000e+00   2.9018e+02
20191014_21:00:00   1.5683e-01   4.3190e+01   2.9847e+00   0.0000e+00   0.0000e+00   2.8943e+02
20191014_22:00:00   1.5048e-01   4.1818e+01   2.7984e+00   0.0000e+00   0.0000e+00   2.8751e+02
20191014_23:00:00   1.5326e-01   4.2518e+01   2.7954e+00   0.0000e+00   0.0000e+00   2.8640e+02
20191015_00:00:00   1.6001e-01   4.4070e+01   2.8874e+00   0.0000e+00   0.0000e+00   2.8635e+02
20191015_03:00:00   1.8338e-01   4.8882e+01   3.4432e+00   0.0000e+00   1.3796e-03   2.8456e+02
20191015_06:00:00   1.2854e-01   3.6409e+01   2.4490e+00   0.0000e+00   0.0000e+00   2.8701e+02
20191015_09:00:00   0.0000e+00   2.7000e+00   0.0000e+00   0.0000e+00   0.0000e+00   0.0000e+00
20191015_12:00:00   0.0000e+00   0.0000e+00   0.0000e+00   0.0000e+00   0.0000e+00   0.0000e+00
20191015_15:00:00   1.8575e-01   4.8256e+01   4.0504e+00   0.0000e+00   4.9724e-03   2.8428e+02
20191015_18:00:00   2.1211e-01   5.4139e+01   4.5820e+00   0.0000e+00   5.2810e-05   2.8643e+02
20191015_21:00:00   0.0000e+00   2.7000e+00   0.0000e+00   0.0000e+00   0.0000e+00   0.0000e+00
20191016_00:00:00   2.1101e-01   5.4597e+01   4.4142e+00   0.0000e+00   0.0000e+00   2.8052e+02
20191016_03:00:00   0.0000e+00   0.0000e+00   0.0000e+00   0.0000e+00   0.0000e+00   0.0000e+00
20191016_06:00:00   2.6864e-01   6.6670e+01   5.7169e+00   0.0000e+00   2.0284e-05   2.7978e+02
20191016_09:00:00   3.7409e-01   8.9433e+01   7.5817e+00   0.0000e+00   0.0000e+00   2.6476e+02
20191016_12:00:00   0.0000e+00   0.0000e+00   0.0000e+00   0.0000e+00   0.0000e+00   0.0000e+00
20191016_15:00:00   0.0000e+00   0.0000e+00   0.0000e+00   0.0000e+00   0.0000e+00   0.0000e+00
20191016_18:00:00   3.3699e-01   8.0559e+01   6.9335e+00   0.0000e+00   0.0000e+00   2.7852e+02
20191016_21:00:00   2.7150e-01   6.7706e+01   5.5953e+00   0.0000e+00   3.6558e-03   2.7756e+02
20191017_00:00:00   1.9406e-01   5.1253e+01   4.0081e+00   0.0000e+00   4.3275e-02   2.7636e+02
20191017_03:00:00   3.0188e-01   7.3871e+01   6.0718e+00   0.0000e+00   1.7014e-02   2.7460e+02
20191017_06:00:00   3.8690e-01   9.0038e+01   7.5660e+00   0.0000e+00   1.3047e-03   2.7207e+02
20191017_09:00:00   5.1780e-01   1.1164e+02   1.0266e+01   0.0000e+00   2.2401e-02   2.7495e+02
20191017_12:00:00   0.0000e+00   0.0000e+00   0.0000e+00   0.0000e+00   0.0000e+00   0.0000e+00
20191017_15:00:00   0.0000e+00   0.0000e+00   0.0000e+00   0.0000e+00   0.0000e+00   0.0000e+00
20191017_18:00:00   5.5576e-01   1.1746e+02   1.0674e+01   5.7780e-05   1.7428e-01   2.6995e+02
20191017_21:00:00   5.1036e-01   1.1076e+02   9.6226e+00   1.0756e-03   1.1099e-02   2.6972e+02
20191018_00:00:00   4.6748e-01   1.0388e+02   8.8116e+00   7.4920e-04   7.8603e-04   2.6908e+02
20191018_03:00:00   0.0000e+00   0.0000e+00   0.0000e+00   0.0000e+00   0.0000e+00   0.0000e+00
20191018_09:00:00   5.3214e-01   1.1396e+02   9.5202e+00   1.0175e-02   3.8759e-04   2.7132e+02
20191018_15:00:00   0.0000e+00   0.0000e+00   0.0000e+00   0.0000e+00   0.0000e+00   0.0000e+00
20191018_18:00:00   0.0000e+00   0.0000e+00   0.0000e+00   0.0000e+00   0.0000e+00   0.0000e+00
20191018_21:00:00   2.6921e-01   6.6864e+01   5.3896e+00   0.0000e+00   8.3378e-04   2.7001e+02
20191019_00:00:00   3.2840e-01   7.7949e+01   6.7654e+00   0.0000e+00   1.2875e-04   2.6159e+02
20191019_03:00:00   3.2291e-01   7.7029e+01   6.5331e+00   0.0000e+00   1.0352e-02   2.5848e+02
20191019_06:00:00   3.5186e-01   8.2448e+01   7.0385e+00   0.0000e+00   8.7578e-03   2.5978e+02
20191019_09:00:00   0.0000e+00   0.0000e+00   0.0000e+00   0.0000e+00   0.0000e+00   0.0000e+00
20191019_12:00:00   0.0000e+00   2.7000e+00   0.0000e+00   0.0000e+00   0.0000e+00   0.0000e+00
20191019_15:00:00   4.6431e-01   1.0181e+02   9.0135e+00   3.5914e-03   4.0925e-02   2.6585e+02
20191019_18:00:00   5.1764e-01   1.1021e+02   9.9350e+00   2.1420e-04   3.4522e-01   2.7297e+02
20191019_21:00:00   4.4902e-01   9.9093e+01   8.5565e+00   0.0000e+00   1.4885e-01   2.8216e+02
20191020_00:00:00   3.2060e-01   7.6082e+01   6.2159e+00   0.0000e+00   1.8057e-02   2.7976e+02
20191020_03:00:00   2.1756e-01   5.5675e+01   4.0654e+00   0.0000e+00   2.5760e-06   2.8707e+02
20191020_06:00:00   2.2428e-01   5.6787e+01   4.1408e+00   3.0300e-05   8.6960e-08   2.9960e+02
20191020_09:00:00   0.0000e+00   0.0000e+00   0.0000e+00   0.0000e+00   0.0000e+00   0.0000e+00
20191020_15:00:00   1.4967e-01   4.0803e+01   2.5369e+00   9.3900e-04   1.0769e-04   3.0197e+02
20191020_18:00:00   2.1374e-01   5.4221e+01   3.7784e+00   9.9070e-04   1.1226e-02   3.0590e+02
20191020_21:00:00   5.3746e-01   1.1261e+02   5.4531e+00   9.7352e-02   3.1299e-01   3.0390e+02
20191021_00:00:00   2.5294e-01   6.2242e+01   4.0929e+00   8.8850e-03   1.1849e-02   3.0448e+02
20191021_06:00:00   1.3014e-01   3.6228e+01   2.2973e+00   0.0000e+00   2.0561e-04   2.8354e+02
20191021_09:00:00   0.0000e+00   0.0000e+00   0.0000e+00   0.0000e+00   0.0000e+00   0.0000e+00
20191021_12:00:00   1.3712e-01   3.7970e+01   2.5551e+00   0.0000e+00   2.5760e-06   2.8057e+02
20191021_15:00:00   0.0000e+00   0.0000e+00   0.0000e+00   0.0000e+00   0.0000e+00   0.0000e+00
20191021_18:00:00   1.5801e-01   4.2744e+01   2.9580e+00   4.1570e-03   8.4590e-05   2.7669e+02
20191021_21:00:00   1.5957e-01   4.2982e+01   3.2814e+00   0.0000e+00   4.2990e-06   2.7656e+02
20191022_00:00:00   1.8579e-01   4.8955e+01   3.8498e+00   4.5150e-05   6.3472e-06   2.7238e+02
20191022_03:00:00   2.2620e-01   5.7966e+01   4.6568e+00   0.0000e+00   0.0000e+00   2.6913e+02
20191022_09:00:00   0.0000e+00   0.0000e+00   0.0000e+00   0.0000e+00   0.0000e+00   0.0000e+00
20191022_12:00:00   2.7117e-01   6.7489e+01   5.5548e+00   0.0000e+00   0.0000e+00   2.6528e+02
20191022_15:00:00   2.7863e-01   6.9164e+01   5.7768e+00   0.0000e+00   0.0000e+00   2.6334e+02
20191022_18:00:00   0.0000e+00   0.0000e+00   0.0000e+00   0.0000e+00   0.0000e+00   0.0000e+00
20191022_21:00:00   2.9489e-01   7.2511e+01   6.1082e+00   0.0000e+00   0.0000e+00   2.6488e+02
20191023_00:00:00   3.3157e-01   8.0116e+01   6.6475e+00   0.0000e+00   0.0000e+00   2.6326e+02
20191023_03:00:00   2.6387e-01   6.6953e+01   5.2115e+00   0.0000e+00   0.0000e+00   2.6542e+02
20191023_06:00:00   2.2173e-01   5.8370e+01   4.2184e+00   0.0000e+00   0.0000e+00   2.6861e+02
20191023_09:00:00   2.0111e-01   5.3843e+01   3.8554e+00   0.0000e+00   0.0000e+00   2.7203e+02
20191023_12:00:00   1.9193e-01   5.1872e+01   3.6823e+00   0.0000e+00   7.7657e-05   2.7183e+02
20191023_15:00:00   1.9464e-01   5.2292e+01   3.8293e+00   0.0000e+00   7.2056e-04   2.7196e+02
20191023_18:00:00   1.8057e-01   4.8740e+01   3.6626e+00   0.0000e+00   2.3533e-04   2.7729e+02
20191023_21:00:00   1.6671e-01   4.5481e+01   3.4152e+00   0.0000e+00   0.0000e+00   2.7796e+02
20191024_00:00:00   0.0000e+00   0.0000e+00   0.0000e+00   0.0000e+00   0.0000e+00   0.0000e+00
20191024_03:00:00   1.4997e-01   4.1901e+01   2.9714e+00   0.0000e+00   9.6645e-04   2.6946e+02
20191024_06:00:00   1.3702e-01   3.8824e+01   2.6986e+00   0.0000e+00   2.3554e-04   2.6795e+02
20191024_09:00:00   1.2840e-01   3.6815e+01   2.5045e+00   0.0000e+00   1.4558e-03   2.6988e+02
20191024_12:00:00   1.3891e-01   3.9176e+01   2.7367e+00   0.0000e+00   2.7942e-03   2.6729e+02
20191024_15:00:00   0.0000e+00   2.7000e+00   0.0000e+00   0.0000e+00   0.0000e+00   0.0000e+00
20191024_18:00:00   0.0000e+00   2.7000e+00   0.0000e+00   0.0000e+00   0.0000e+00   0.0000e+00
20191024_21:00:00   1.8531e-01   4.9038e+01   3.8506e+00   0.0000e+00   2.3898e-02   2.6948e+02
20191025_00:00:00   2.0461e-01   5.2980e+01   4.3047e+00   0.0000e+00   1.6884e-02   2.7024e+02
20191025_03:00:00   0.0000e+00   2.7000e+00   0.0000e+00   0.0000e+00   0.0000e+00   0.0000e+00
20191025_06:00:00   0.0000e+00   2.7000e+00   0.0000e+00   0.0000e+00   0.0000e+00   0.0000e+00
20191025_09:00:00   0.0000e+00   2.7000e+00   0.0000e+00   0.0000e+00   0.0000e+00   0.0000e+00
20191025_12:00:00   4.2996e-01   9.6757e+01   8.3153e+00   0.0000e+00   7.7300e-06   2.8339e+02
20191025_15:00:00   0.0000e+00   0.0000e+00   0.0000e+00   0.0000e+00   0.0000e+00   0.0000e+00
20191025_21:00:00   0.0000e+00   2.7000e+00   0.0000e+00   0.0000e+00   0.0000e+00   0.0000e+00
20191026_00:00:00   2.0858e-01   5.3917e+01   3.5981e+00   3.5420e-03   6.8880e-05   3.1687e+02
