#            date       tau225        Tb[K]      pwv[mm] lwp[kg*m^-2] iwp[kg*m^-2]       o3[DU]
20191003_06:00:00   2.2836e-01   5.8608e+01   5.2134e+00   0.0000e+00   4.7475e-03   2.6104e+02
20191003_07:00:00   2.0744e-01   5.4340e+01   4.6919e+00   0.0000e+00   3.5637e-03   2.6311e+02
20191003_08:00:00   0.0000e+00   0.0000e+00   0.0000e+00   0.0000e+00   0.0000e+00   0.0000e+00
20191003_09:00:00   1.6042e-01   4.4300e+01   3.4994e+00   0.0000e+00   4.5337e-03   2.6375e+02
20191003_10:00:00   1.5407e-01   4.2928e+01   3.3334e+00   0.0000e+00   5.3544e-03   2.6317e+02
20191003_11:00:00   1.5639e-01   4.3414e+01   3.4026e+00   0.0000e+00   7.0714e-03   2.6218e+02
20191003_12:00:00   1.5691e-01   4.3615e+01   3.3961e+00   0.0000e+00   1.0090e-02   2.6130e+02
20191003_13:00:00   0.0000e+00   0.0000e+00   0.0000e+00   0.0000e+00   0.0000e+00   0.0000e+00
20191003_14:00:00   1.5630e-01   4.3741e+01   3.3076e+00   0.0000e+00   9.9100e-03   2.5946e+02
20191003_15:00:00   0.0000e+00   0.0000e+00   0.0000e+00   0.0000e+00   0.0000e+00   0.0000e+00
20191003_16:00:00   1.5673e-01   4.3972e+01   3.2861e+00   0.0000e+00   9.8781e-03   2.6062e+02
20191003_17:00:00   0.0000e+00   2.7000e+00   0.0000e+00   0.0000e+00   0.0000e+00   0.0000e+00
20191003_18:00:00   1.6239e-01   4.5356e+01   3.3797e+00   0.0000e+00   2.1141e-03   2.6403e+02
20191003_19:00:00   1.6951e-01   4.7038e+01   3.5286e+00   0.0000e+00   1.9570e-03   2.6409e+02
20191003_20:00:00   1.8340e-01   5.0156e+01   3.8386e+00   0.0000e+00   1.7843e-03   2.6230e+02
20191003_22:00:00   2.0098e-01   5.4079e+01   4.1826e+00   0.0000e+00   4.9640e-05   2.6276e+02
20191003_23:00:00   0.0000e+00   0.0000e+00   0.0000e+00   0.0000e+00   0.0000e+00   0.0000e+00
20191004_00:00:00   0.0000e+00   0.0000e+00   0.0000e+00   0.0000e+00   0.0000e+00   0.0000e+00
20191004_01:00:00   1.9086e-01   5.1857e+01   3.9490e+00   0.0000e+00   1.0525e-03   2.6096e+02
20191004_02:00:00   1.8137e-01   4.9737e+01   3.7362e+00   0.0000e+00   5.4720e-04   2.6019e+02
20191004_03:00:00   1.7554e-01   4.8425e+01   3.6005e+00   0.0000e+00   1.1158e-05   2.6042e+02
20191004_04:00:00   1.7131e-01   4.7447e+01   3.5031e+00   0.0000e+00   1.0933e-05   2.6195e+02
20191004_05:00:00   0.0000e+00   0.0000e+00   0.0000e+00   0.0000e+00   0.0000e+00   0.0000e+00
20191004_06:00:00   1.6068e-01   4.5050e+01   3.2443e+00   0.0000e+00   3.2220e-06   2.6827e+02
20191004_08:00:00   1.5627e-01   4.3804e+01   3.2274e+00   0.0000e+00   0.0000e+00   2.7092e+02
20191004_09:00:00   1.5656e-01   4.3802e+01   3.2528e+00   0.0000e+00   0.0000e+00   2.6932e+02
20191004_10:00:00   1.5994e-01   4.4535e+01   3.3295e+00   0.0000e+00   0.0000e+00   2.6883e+02
20191004_11:00:00   1.5802e-01   4.4080e+01   3.2840e+00   0.0000e+00   0.0000e+00   2.6811e+02
20191004_12:00:00   1.6254e-01   4.5130e+01   3.3786e+00   0.0000e+00   0.0000e+00   2.6674e+02
20191004_13:00:00   1.8279e-01   4.9759e+01   3.8030e+00   0.0000e+00   1.5366e-06   2.6513e+02
20191004_14:00:00   2.1951e-01   5.7881e+01   4.5729e+00   0.0000e+00   4.0844e-04   2.6581e+02
20191004_15:00:00   0.0000e+00   2.7000e+00   0.0000e+00   0.0000e+00   0.0000e+00   0.0000e+00
20191004_16:00:00   2.7309e-01   6.9052e+01   5.7309e+00   0.0000e+00   4.5695e-03   2.6925e+02
20191004_17:00:00   2.7691e-01   6.9787e+01   5.8288e+00   0.0000e+00   2.7167e-03   2.7047e+02
20191004_18:00:00   2.6834e-01   6.7974e+01   5.6737e+00   0.0000e+00   4.0446e-03   2.7012e+02
20191004_19:00:00   2.6727e-01   6.7671e+01   5.6921e+00   0.0000e+00   2.5855e-03   2.7024e+02
20191004_20:00:00   0.0000e+00   0.0000e+00   0.0000e+00   0.0000e+00   0.0000e+00   0.0000e+00
20191004_21:00:00   2.8274e-01   7.0698e+01   6.0382e+00   0.0000e+00   2.2240e-03   2.7198e+02
20191004_22:00:00   2.6961e-01   6.7938e+01   5.7728e+00   0.0000e+00   1.4551e-03   2.7173e+02
20191004_23:00:00   0.0000e+00   0.0000e+00   0.0000e+00   0.0000e+00   0.0000e+00   0.0000e+00
20191005_00:00:00   1.8366e-01   4.9494e+01   3.9112e+00   0.0000e+00   1.9058e-04   2.7092e+02
20191005_01:00:00   1.4908e-01   4.1611e+01   3.1423e+00   0.0000e+00   1.1489e-03   2.7141e+02
20191005_02:00:00   0.0000e+00   0.0000e+00   0.0000e+00   0.0000e+00   0.0000e+00   0.0000e+00
20191005_03:00:00   1.3041e-01   3.7430e+01   2.6639e+00   0.0000e+00   2.9431e-04   2.7289e+02
20191005_04:00:00   1.3195e-01   3.7844e+01   2.6792e+00   0.0000e+00   0.0000e+00   2.7387e+02
20191005_05:00:00   1.2840e-01   3.7029e+01   2.5925e+00   0.0000e+00   0.0000e+00   2.7483e+02
20191005_06:00:00   1.2170e-06   2.7010e+00   0.0000e+00   0.0000e+00   0.0000e+00   5.3486e+00
20191005_07:00:00   1.1877e-01   3.4751e+01   2.3818e+00   0.0000e+00   0.0000e+00   2.7680e+02
20191005_08:00:00   0.0000e+00   0.0000e+00   0.0000e+00   0.0000e+00   0.0000e+00   0.0000e+00
20191005_09:00:00   1.1719e-01   3.4424e+01   2.3353e+00   0.0000e+00   1.1576e-04   2.7751e+02
20191005_10:00:00   1.0846e-01   3.2276e+01   2.1472e+00   0.0000e+00   7.1417e-04   2.7709e+02
20191005_11:00:00   1.0217e-01   3.0700e+01   2.0115e+00   0.0000e+00   1.1771e-03   2.7674e+02
20191005_12:00:00   1.0457e-01   3.1264e+01   2.0587e+00   0.0000e+00   2.3102e-03   2.7642e+02
20191005_13:00:00   1.1031e-01   3.2651e+01   2.1747e+00   0.0000e+00   1.7209e-03   2.7611e+02
20191005_14:00:00   1.1863e-01   3.4685e+01   2.3331e+00   0.0000e+00   2.3963e-03   2.7617e+02
20191005_15:00:00   1.2613e-01   3.6515e+01   2.4741e+00   0.0000e+00   8.1314e-04   2.7661e+02
20191005_16:00:00   1.1985e-01   3.4995e+01   2.3465e+00   0.0000e+00   4.9219e-05   2.7732e+02
20191005_17:00:00   1.1099e-01   3.2801e+01   2.1789e+00   0.0000e+00   5.3380e-04   2.7733e+02
20191005_18:00:00   1.0860e-01   3.2063e+01   2.1702e+00   0.0000e+00   1.6952e-03   2.7610e+02
20191005_19:00:00   1.0940e-01   3.2121e+01   2.2245e+00   0.0000e+00   2.0244e-03   2.7465e+02
20191005_20:00:00   1.0887e-01   3.1923e+01   2.2311e+00   0.0000e+00   9.3898e-04   2.7322e+02
20191005_21:00:00   1.0588e-01   3.1246e+01   2.1541e+00   0.0000e+00   3.7197e-04   2.7160e+02
20191005_22:00:00   1.0583e-01   3.1269e+01   2.1412e+00   0.0000e+00   0.0000e+00   2.7129e+02
20191005_23:00:00   0.0000e+00   0.0000e+00   0.0000e+00   0.0000e+00   0.0000e+00   0.0000e+00
20191006_00:00:00   1.0533e-01   3.1186e+01   2.1245e+00   0.0000e+00   0.0000e+00   2.7320e+02
20191006_01:00:00   1.0553e-01   3.1288e+01   2.1116e+00   0.0000e+00   0.0000e+00   2.7124e+02
20191006_02:00:00   0.0000e+00   0.0000e+00   0.0000e+00   0.0000e+00   0.0000e+00   0.0000e+00
20191006_03:00:00   0.0000e+00   0.0000e+00   0.0000e+00   0.0000e+00   0.0000e+00   0.0000e+00
20191006_05:00:00   1.1475e-01   3.3557e+01   2.3048e+00   0.0000e+00   1.1554e-06   2.6436e+02
20191006_06:00:00   1.3718e-01   3.8752e+01   2.8413e+00   0.0000e+00   0.0000e+00   2.6585e+02
20191006_07:00:00   1.4348e-01   4.0483e+01   2.9019e+00   0.0000e+00   0.0000e+00   2.7046e+02
20191006_08:00:00   1.5017e-01   4.2283e+01   2.9747e+00   0.0000e+00   0.0000e+00   2.7375e+02
20191006_09:00:00   0.0000e+00   0.0000e+00   0.0000e+00   0.0000e+00   0.0000e+00   0.0000e+00
20191006_10:00:00   2.2000e-01   5.7636e+01   4.5714e+00   0.0000e+00   0.0000e+00   2.7093e+02
20191006_11:00:00   2.0912e-01   5.5249e+01   4.3587e+00   0.0000e+00   1.2140e-03   2.6470e+02
20191006_12:00:00   2.0611e-01   5.4476e+01   4.3302e+00   0.0000e+00   3.0222e-03   2.6036e+02
20191006_13:00:00   0.0000e+00   0.0000e+00   0.0000e+00   0.0000e+00   0.0000e+00   0.0000e+00
20191006_14:00:00   2.4747e-01   6.3260e+01   5.2491e+00   0.0000e+00   2.5991e-05   2.5716e+02
20191006_15:00:00   2.5650e-01   6.5124e+01   5.4419e+00   0.0000e+00   4.2283e-06   2.5700e+02
20191006_16:00:00   2.4697e-01   6.3061e+01   5.2728e+00   0.0000e+00   5.8623e-04   2.5765e+02
20191006_17:00:00   2.5358e-01   6.4274e+01   5.4961e+00   0.0000e+00   3.9156e-03   2.5884e+02
20191006_18:00:00   2.3716e-01   6.0853e+01   5.1775e+00   0.0000e+00   4.1484e-03   2.5872e+02
20191006_19:00:00   2.2307e-01   5.7851e+01   4.8985e+00   0.0000e+00   2.0566e-03   2.5800e+02
20191006_20:00:00   2.1629e-01   5.6461e+01   4.7553e+00   0.0000e+00   1.5578e-03   2.5623e+02
20191006_21:00:00   2.1219e-01   5.5615e+01   4.6695e+00   0.0000e+00   1.2116e-03   2.5448e+02
20191006_22:00:00   2.1300e-01   5.5809e+01   4.6979e+00   0.0000e+00   2.9589e-03   2.5396e+02
20191006_23:00:00   2.1136e-01   5.5486e+01   4.6530e+00   0.0000e+00   4.2924e-03   2.5323e+02
20191007_00:00:00   0.0000e+00   0.0000e+00   0.0000e+00   0.0000e+00   0.0000e+00   0.0000e+00
20191007_01:00:00   2.9034e-01   7.1930e+01   6.1237e+00   0.0000e+00   0.0000e+00   2.7027e+02
20191007_02:00:00   2.5097e-01   6.3930e+01   5.5543e+00   0.0000e+00   8.3819e-03   2.5296e+02
20191007_03:00:00   2.8874e-01   7.1787e+01   6.3464e+00   0.0000e+00   1.4364e-02   2.5307e+02
20191007_04:00:00   3.4036e-01   8.2137e+01   7.4037e+00   0.0000e+00   7.4341e-03   2.5314e+02
20191007_05:00:00   3.8288e-01   9.0231e+01   8.2906e+00   0.0000e+00   5.6832e-03   2.5368e+02
20191007_06:00:00   4.0212e-01   9.3890e+01   8.6314e+00   0.0000e+00   7.1772e-04   2.5475e+02
20191007_07:00:00   4.1956e-01   9.7106e+01   8.9622e+00   0.0000e+00   1.1026e-03   2.5533e+02
20191007_08:00:00   4.3113e-01   9.9231e+01   9.1705e+00   0.0000e+00   8.5331e-04   2.5571e+02
20191007_09:00:00   4.5687e-01   1.0376e+02   9.6387e+00   0.0000e+00   9.6550e-04   2.5659e+02
20191007_10:00:00   4.8837e-01   1.0908e+02   1.0236e+01   0.0000e+00   8.2710e-04   2.5540e+02
20191007_11:00:00   5.0656e-01   1.1195e+02   1.0654e+01   0.0000e+00   7.2077e-04   2.5393e+02
20191007_12:00:00   5.5386e-01   1.1963e+02   1.1501e+01   0.0000e+00   7.4401e-04   2.5353e+02
20191007_13:00:00   5.8094e-01   1.2374e+02   1.2031e+01   0.0000e+00   1.1750e-03   2.5316e+02
20191007_14:00:00   6.5082e-01   1.3382e+02   1.3395e+01   0.0000e+00   1.0442e-03   2.5379e+02
20191007_15:00:00   0.0000e+00   0.0000e+00   0.0000e+00   0.0000e+00   0.0000e+00   0.0000e+00
20191007_16:00:00   0.0000e+00   0.0000e+00   0.0000e+00   0.0000e+00   0.0000e+00   0.0000e+00
20191007_17:00:00   0.0000e+00   0.0000e+00   0.0000e+00   0.0000e+00   0.0000e+00   0.0000e+00
20191007_19:00:00   6.8287e-01   1.3844e+02   1.4098e+01   0.0000e+00   1.1513e-02   2.5599e+02
20191007_20:00:00   0.0000e+00   0.0000e+00   0.0000e+00   0.0000e+00   0.0000e+00   0.0000e+00
20191007_21:00:00   6.2379e-01   1.3033e+02   1.2821e+01   0.0000e+00   6.4745e-02   2.5443e+02
20191007_22:00:00   6.0401e-01   1.2777e+02   1.2252e+01   0.0000e+00   2.7134e-02   2.5345e+02
20191007_23:00:00   5.4986e-01   1.1985e+02   1.1024e+01   0.0000e+00   3.0630e-03   2.5304e+02
20191008_00:00:00   5.3124e-01   1.1710e+02   1.0537e+01   0.0000e+00   2.6233e-04   2.5277e+02
20191008_01:00:00   5.0710e-01   1.1335e+02   9.9616e+00   0.0000e+00   4.2840e-06   2.5260e+02
20191008_02:00:00   4.8145e-01   1.0908e+02   9.4506e+00   0.0000e+00   0.0000e+00   2.5238e+02
20191008_03:00:00   4.6099e-01   1.0560e+02   9.0582e+00   0.0000e+00   0.0000e+00   2.5185e+02
20191008_04:00:00   4.4353e-01   1.0257e+02   8.7388e+00   0.0000e+00   0.0000e+00   2.5038e+02
20191008_05:00:00   0.0000e+00   0.0000e+00   0.0000e+00   0.0000e+00   0.0000e+00   0.0000e+00
20191008_06:00:00   4.3033e-01   1.0016e+02   8.4655e+00   0.0000e+00   0.0000e+00   2.5091e+02
20191008_09:00:00   3.9241e-01   9.3267e+01   7.8285e+00   0.0000e+00   0.0000e+00   2.5343e+02
20191008_12:00:00   3.5504e-01   8.6297e+01   7.2498e+00   4.3650e-04   1.7602e-04   2.5070e+02
20191008_15:00:00   1.6044e-04   2.8105e+00   1.5400e-04   0.0000e+00   0.0000e+00   1.5362e+02
20191008_18:00:00   0.0000e+00   0.0000e+00   0.0000e+00   0.0000e+00   0.0000e+00   0.0000e+00
20191008_21:00:00   3.8857e-01   9.1364e+01   8.4247e+00   0.0000e+00   2.2510e-03   2.5230e+02
20191009_00:00:00   3.8204e-01   9.0265e+01   8.2425e+00   0.0000e+00   1.0225e-04   2.5232e+02
20191009_03:00:00   0.0000e+00   2.7000e+00   0.0000e+00   0.0000e+00   0.0000e+00   0.0000e+00
20191009_06:00:00   3.8617e-01   9.1004e+01   8.2722e+00   0.0000e+00   1.4212e-04   2.5651e+02
20191009_09:00:00   0.0000e+00   0.0000e+00   0.0000e+00   0.0000e+00   0.0000e+00   0.0000e+00
20191009_12:00:00   0.0000e+00   2.7000e+00   0.0000e+00   0.0000e+00   0.0000e+00   0.0000e+00
20191009_15:00:00   4.4374e-01   1.0082e+02   9.4225e+00   0.0000e+00   3.5848e-04   2.5860e+02
20191009_18:00:00   4.3469e-01   9.9047e+01   9.2550e+00   0.0000e+00   6.9505e-02   2.6146e+02
20191009_21:00:00   4.2441e-01   9.7301e+01   9.0376e+00   0.0000e+00   5.2151e-02   2.5915e+02
20191010_00:00:00   4.3259e-01   9.8607e+01   9.2069e+00   0.0000e+00   2.7470e-03   2.6021e+02
20191010_03:00:00   4.4760e-01   1.0105e+02   9.4909e+00   0.0000e+00   2.9440e-03   2.6175e+02
20191010_06:00:00   2.8655e-01   7.1848e+01   5.6011e+00   0.0000e+00   0.0000e+00   2.5841e+02
20191010_09:00:00   0.0000e+00   0.0000e+00   0.0000e+00   0.0000e+00   0.0000e+00   0.0000e+00
20191010_15:00:00   0.0000e+00   0.0000e+00   0.0000e+00   0.0000e+00   0.0000e+00   0.0000e+00
20191010_18:00:00   2.6774e-01   6.8015e+01   5.3504e+00   0.0000e+00   0.0000e+00   2.5825e+02
20191011_00:00:00   1.5441e-01   4.3177e+01   3.1209e+00   0.0000e+00   0.0000e+00   2.5922e+02
20191011_03:00:00   0.0000e+00   0.0000e+00   0.0000e+00   0.0000e+00   0.0000e+00   0.0000e+00
20191011_06:00:00   1.7823e-01   4.8620e+01   3.6377e+00   0.0000e+00   0.0000e+00   2.6023e+02
20191011_09:00:00   1.8323e-01   4.9757e+01   3.7168e+00   0.0000e+00   0.0000e+00   2.6255e+02
20191011_12:00:00   2.0884e-01   5.5476e+01   4.2122e+00   0.0000e+00   0.0000e+00   2.5982e+02
20191011_15:00:00   2.5275e-01   6.5053e+01   5.0306e+00   0.0000e+00   0.0000e+00   2.5920e+02
20191011_18:00:00   0.0000e+00   0.0000e+00   0.0000e+00   0.0000e+00   0.0000e+00   0.0000e+00
20191011_21:00:00   5.0238e-02   1.6021e+01   5.1793e-01   0.0000e+00   4.2491e-02   2.1261e+02
20191012_00:00:00   2.9553e-01   7.3734e+01   5.9752e+00   0.0000e+00   0.0000e+00   2.5666e+02
20191012_06:00:00   0.0000e+00   2.7000e+00   0.0000e+00   0.0000e+00   0.0000e+00   0.0000e+00
20191012_09:00:00   3.0042e-01   7.4422e+01   6.0011e+00   0.0000e+00   4.4920e-03   2.6150e+02
20191012_12:00:00   3.9271e-01   9.1672e+01   7.5790e+00   0.0000e+00   0.0000e+00   2.6604e+02
20191012_15:00:00   0.0000e+00   2.7000e+00   0.0000e+00   0.0000e+00   0.0000e+00   0.0000e+00
20191012_18:00:00   3.9584e-01   9.2306e+01   7.7078e+00   0.0000e+00   6.1604e-04   2.6784e+02
20191012_21:00:00   3.9450e-01   9.2025e+01   7.6653e+00   0.0000e+00   7.8908e-03   2.6605e+02
20191013_03:00:00   4.2222e-01   9.6592e+01   8.2493e+00   0.0000e+00   6.6343e-03   2.6841e+02
20191013_06:00:00   2.8424e-01   7.0882e+01   5.8151e+00   0.0000e+00   1.1210e-03   2.6525e+02
20191013_09:00:00   4.1478e-01   9.5191e+01   8.1305e+00   0.0000e+00   1.1515e-03   2.7057e+02
20191013_12:00:00   4.4827e-01   1.0095e+02   8.7917e+00   5.7780e-05   5.8432e-03   2.6804e+02
20191013_15:00:00   4.6162e-01   1.0333e+02   8.9732e+00   8.0340e-04   4.2418e-03   2.6745e+02
20191013_18:00:00   0.0000e+00   2.7000e+00   0.0000e+00   0.0000e+00   0.0000e+00   0.0000e+00
20191014_00:00:00   4.3370e-01   9.7963e+01   8.8312e+00   0.0000e+00   1.5833e-03   2.6370e+02
20191014_03:00:00   4.7744e-01   1.0521e+02   9.6578e+00   0.0000e+00   8.0067e-02   2.6462e+02
20191014_06:00:00   5.6665e-01   1.1912e+02   1.1120e+01   0.0000e+00   3.3316e-01   2.6783e+02
20191014_09:00:00   6.1032e-01   1.2570e+02   1.1831e+01   0.0000e+00   2.9135e-01   2.7297e+02
20191014_15:00:00   6.7209e-01   1.3415e+02   1.2718e+01   1.1554e-04   5.7114e-01   2.6900e+02
20191014_18:00:00   7.1661e-01   1.4013e+02   1.2816e+01   1.6011e-02   4.4199e-01   2.7545e+02
20191014_21:00:00   6.6047e-01   1.3243e+02   1.1857e+01   1.4893e-02   2.2628e-01   2.7766e+02
20191015_00:00:00   6.1641e-01   1.2623e+02   1.1541e+01   3.9016e-03   2.6279e-01   2.7608e+02
20191015_03:00:00   0.0000e+00   0.0000e+00   0.0000e+00   0.0000e+00   0.0000e+00   0.0000e+00
20191015_06:00:00   9.2814e-01   1.6562e+02   1.0465e+01   1.5223e-01   7.1878e-02   2.8727e+02
20191015_09:00:00   7.3914e-01   1.4333e+02   1.0641e+01   6.8576e-02   1.4346e-01   2.8852e+02
20191015_15:00:00   0.0000e+00   2.7000e+00   0.0000e+00   0.0000e+00   0.0000e+00   0.0000e+00
20191015_18:00:00   3.5038e-01   8.3610e+01   6.6025e+00   7.3130e-05   0.0000e+00   2.8694e+02
20191015_21:00:00   2.7429e-01   6.8915e+01   5.1134e+00   0.0000e+00   0.0000e+00   2.8984e+02
20191016_03:00:00   2.5430e-01   6.4691e+01   4.6627e+00   0.0000e+00   1.5134e-03   2.9059e+02
20191016_06:00:00   2.2226e-01   5.7638e+01   4.1850e+00   0.0000e+00   4.9257e-03   2.9031e+02
20191016_09:00:00   1.3400e-01   3.8768e+01   2.6095e+00   0.0000e+00   0.0000e+00   2.7166e+02
20191016_12:00:00   1.9699e-01   5.2367e+01   3.4332e+00   3.3095e-03   3.4660e-06   3.0077e+02
20191016_15:00:00   2.4161e-01   6.2104e+01   3.7333e+00   1.4027e-02   2.3643e-06   2.9770e+02
20191016_18:00:00   2.2678e-01   5.9053e+01   3.1163e+00   2.1335e-02   2.9412e-06   2.9385e+02
20191016_21:00:00   1.4429e-01   4.0393e+01   2.5594e+00   1.4603e-03   1.7713e-06   2.8836e+02
20191017_03:00:00   0.0000e+00   0.0000e+00   0.0000e+00   0.0000e+00   0.0000e+00   0.0000e+00
20191017_06:00:00   1.2634e-01   3.5658e+01   2.5462e+00   0.0000e+00   1.9145e-04   2.7688e+02
20191017_09:00:00   0.0000e+00   0.0000e+00   0.0000e+00   0.0000e+00   0.0000e+00   0.0000e+00
20191017_12:00:00   2.6607e-01   6.6552e+01   3.8954e+00   3.0221e-02   9.2880e-06   2.7403e+02
20191017_15:00:00   3.8471e-01   8.9861e+01   4.6655e+00   5.9178e-02   1.9337e-05   2.7164e+02
20191017_18:00:00   2.1545e-01   5.5931e+01   4.3044e+00   0.0000e+00   0.0000e+00   2.7307e+02
20191017_21:00:00   1.8117e-01   4.8469e+01   3.6572e+00   0.0000e+00   0.0000e+00   2.7192e+02
20191018_03:00:00   1.6504e-01   4.5009e+01   3.3393e+00   0.0000e+00   5.9140e-06   2.6323e+02
20191018_06:00:00   0.0000e+00   0.0000e+00   0.0000e+00   0.0000e+00   0.0000e+00   0.0000e+00
20191018_09:00:00   1.7256e-01   4.6811e+01   3.5236e+00   0.0000e+00   8.1580e-06   2.6503e+02
20191018_12:00:00   4.3029e-01   1.0006e+02   7.8877e+00   0.0000e+00   2.3578e-04   2.6142e+02
20191018_15:00:00   2.0291e-01   5.3810e+01   4.1227e+00   0.0000e+00   0.0000e+00   2.5943e+02
20191018_18:00:00   0.0000e+00   0.0000e+00   0.0000e+00   0.0000e+00   0.0000e+00   0.0000e+00
20191018_21:00:00   0.0000e+00   0.0000e+00   0.0000e+00   0.0000e+00   0.0000e+00   0.0000e+00
20191019_00:00:00   1.8216e-01   4.8858e+01   3.8001e+00   0.0000e+00   1.0912e-02   2.5617e+02
20191019_03:00:00   1.8988e-01   5.0219e+01   4.0430e+00   0.0000e+00   1.7173e-02   2.5549e+02
20191019_06:00:00   1.9769e-01   5.1945e+01   4.2017e+00   0.0000e+00   3.9956e-04   2.5600e+02
