#            date       tau225        Tb[K]      pwv[mm] lwp[kg*m^-2] iwp[kg*m^-2]       o3[DU]
20191109_00:00:00   8.4317e-02   2.5232e+01   1.4865e+00   0.0000e+00   0.0000e+00   3.1357e+02
20191109_01:00:00   9.2511e-02   2.7204e+01   1.6696e+00   0.0000e+00   0.0000e+00   3.1355e+02
20191109_02:00:00   1.0381e-01   2.9936e+01   1.9124e+00   0.0000e+00   0.0000e+00   3.1822e+02
20191109_03:00:00   1.1775e-01   3.3155e+01   2.2243e+00   0.0000e+00   3.2775e-05   3.1833e+02
20191109_04:00:00   1.4639e-01   3.9710e+01   2.8231e+00   0.0000e+00   1.5693e-03   3.1835e+02
20191109_05:00:00   1.6544e-01   4.4091e+01   3.1915e+00   0.0000e+00   2.1335e-03   3.1680e+02
20191109_06:00:00   1.7888e-01   4.7021e+01   3.4671e+00   0.0000e+00   3.8037e-03   3.1722e+02
20191109_07:00:00   2.1054e-01   5.3734e+01   4.1068e+00   0.0000e+00   1.2654e-02   3.1995e+02
20191109_08:00:00   2.3736e-01   5.9450e+01   4.5978e+00   0.0000e+00   5.0214e-04   3.2010e+02
20191109_09:00:00   2.7139e-01   6.6463e+01   5.1770e+00   0.0000e+00   0.0000e+00   3.2156e+02
20191109_10:00:00   2.8475e-01   6.9327e+01   5.3602e+00   0.0000e+00   4.4960e-04   3.2019e+02
20191109_11:00:00   2.8852e-01   7.0271e+01   5.4137e+00   0.0000e+00   1.0369e-03   3.2054e+02
20191109_12:00:00   2.8716e-01   7.0179e+01   5.3590e+00   0.0000e+00   3.2220e-06   3.1793e+02
20191109_13:00:00   2.8043e-01   6.8957e+01   5.1873e+00   0.0000e+00   1.1554e-06   3.1794e+02
20191109_14:00:00   2.8892e-01   7.0516e+01   5.4081e+00   0.0000e+00   6.1463e-06   3.1667e+02
20191109_15:00:00   2.9961e-01   7.2447e+01   5.6479e+00   0.0000e+00   6.1746e-03   3.1634e+02
20191109_16:00:00   3.3311e-01   7.8480e+01   6.3849e+00   0.0000e+00   2.6041e-02   3.1604e+02
20191109_17:00:00   3.6522e-01   8.4454e+01   6.9526e+00   0.0000e+00   3.1560e-02   3.1585e+02
20191109_18:00:00   4.3099e-01   9.5785e+01   8.1640e+00   0.0000e+00   1.1092e-01   3.1601e+02
20191109_19:00:00   5.6839e-01   1.1862e+02   8.4211e+00   4.8596e-02   2.0762e-02   3.2092e+02
20191109_20:00:00   4.2860e-01   9.6029e+01   7.6737e+00   6.1980e-03   1.3221e-03   3.2047e+02
20191109_21:00:00   3.3944e-01   8.0286e+01   6.1925e+00   1.7795e-03   2.6250e-03   3.2137e+02
20191109_22:00:00   4.4792e-01   9.9828e+01   5.8862e+00   5.3315e-02   5.3926e-03   3.2081e+02
20191109_23:00:00   4.6880e-01   1.0324e+02   5.1453e+00   8.1518e-02   1.3038e-02   3.2072e+02
20191110_00:00:00   2.2984e-01   5.8060e+01   4.1491e+00   7.2574e-03   5.9481e-03   3.2291e+02
20191110_01:00:00   2.0206e-01   5.2185e+01   3.8188e+00   2.9330e-03   2.9764e-03   3.2867e+02
20191110_02:00:00   1.8959e-01   4.9377e+01   3.7351e+00   0.0000e+00   5.6923e-03   3.3198e+02
20191110_03:00:00   1.9070e-01   4.9450e+01   3.7924e+00   0.0000e+00   8.5852e-03   3.3287e+02
20191110_04:00:00   1.9440e-01   5.0146e+01   3.8734e+00   0.0000e+00   5.4729e-03   3.3235e+02
20191110_05:00:00   1.9152e-01   4.9609e+01   3.7991e+00   0.0000e+00   6.0853e-03   3.3222e+02
20191110_06:00:00   2.1577e-01   5.4613e+01   4.2936e+00   0.0000e+00   2.0983e-02   3.3337e+02
20191110_07:00:00   2.3336e-01   5.8095e+01   4.6449e+00   0.0000e+00   3.5760e-02   3.3539e+02
20191110_08:00:00   2.2852e-01   5.7108e+01   4.5259e+00   0.0000e+00   3.1555e-02   3.3302e+02
20191110_09:00:00   2.4493e-01   6.0308e+01   4.8424e+00   0.0000e+00   4.4923e-02   3.3154e+02
20191110_10:00:00   2.5799e-01   6.2842e+01   5.0947e+00   0.0000e+00   5.1255e-02   3.3048e+02
20191110_11:00:00   2.6751e-01   6.4581e+01   5.2924e+00   0.0000e+00   4.2026e-02   3.3391e+02
20191110_12:00:00   2.8839e-01   6.8561e+01   5.6902e+00   2.0130e-05   1.6128e-02   3.3611e+02
20191110_13:00:00   3.0646e-01   7.2045e+01   6.0112e+00   0.0000e+00   1.4867e-02   3.3387e+02
20191110_14:00:00   3.0700e-01   7.2106e+01   5.9906e+00   4.3040e-04   3.0233e-02   3.3357e+02
20191110_15:00:00   2.8539e-01   6.8057e+01   5.6288e+00   0.0000e+00   1.2691e-03   3.3265e+02
20191110_16:00:00   2.8152e-01   6.7313e+01   5.5720e+00   0.0000e+00   2.2271e-03   3.2943e+02
20191110_17:00:00   2.8670e-01   6.8405e+01   5.6760e+00   4.5210e-05   3.3004e-03   3.2938e+02
20191110_18:00:00   2.7191e-01   6.5696e+01   5.3207e+00   7.9120e-05   5.8224e-04   3.2858e+02
20191110_19:00:00   2.5978e-01   6.3446e+01   4.8869e+00   2.4720e-03   1.0368e-04   3.2834e+02
20191110_20:00:00   2.6095e-01   6.3733e+01   4.8318e+00   2.9028e-03   5.8975e-04   3.2832e+02
20191110_21:00:00   2.6448e-01   6.4507e+01   4.6966e+00   7.2222e-03   5.3306e-03   3.2623e+02
20191110_22:00:00   2.3280e-01   5.8158e+01   4.2040e+00   4.6533e-03   8.4390e-03   3.2576e+02
20191110_23:00:00   1.9915e-01   5.1169e+01   3.7338e+00   2.2036e-03   3.6024e-03   3.2515e+02
20191111_00:00:00   1.8895e-01   4.8971e+01   3.6855e+00   8.6410e-04   2.6304e-04   3.2430e+02
20191111_01:00:00   1.9207e-01   4.9593e+01   3.9230e+00   1.9260e-04   1.4822e-04   3.2527e+02
20191111_02:00:00   2.4679e-01   6.0819e+01   5.1752e+00   4.6240e-05   6.3817e-04   3.2530e+02
20191111_03:00:00   3.0581e-01   7.2486e+01   6.3410e+00   9.2860e-06   1.9051e-03   3.2572e+02
20191111_04:00:00   3.2793e-01   7.6880e+01   6.7115e+00   0.0000e+00   2.0935e-03   3.2506e+02
20191111_05:00:00   3.5950e-01   8.2889e+01   7.2287e+00   0.0000e+00   1.3913e-03   3.2578e+02
20191111_06:00:00   3.8028e-01   8.6910e+01   7.6064e+00   0.0000e+00   2.6917e-03   3.2394e+02
20191111_07:00:00   4.0940e-01   9.2143e+01   8.0862e+00   0.0000e+00   7.9047e-03   3.2282e+02
20191111_08:00:00   4.4772e-01   9.8642e+01   8.8374e+00   0.0000e+00   2.9853e-02   3.2064e+02
20191111_09:00:00   4.9723e-01   1.0671e+02   9.2521e+00   1.0109e-02   1.3038e-01   3.1635e+02
20191111_10:00:00   5.0042e-01   1.0729e+02   9.0473e+00   1.7088e-02   6.8488e-02   3.1238e+02
20191111_11:00:00   4.7430e-01   1.0305e+02   8.5068e+00   1.9484e-02   8.6651e-02   3.1153e+02
20191111_12:00:00   4.2648e-01   9.4760e+01   8.2411e+00   7.8790e-03   1.0220e-01   3.0785e+02
20191111_13:00:00   3.9585e-01   8.9252e+01   8.1281e+00   2.0870e-05   1.0912e-01   3.0631e+02
20191111_14:00:00   3.9080e-01   8.8454e+01   8.0935e+00   2.6440e-04   2.2695e-02   3.0372e+02
20191111_15:00:00   3.5798e-01   8.2604e+01   7.4680e+00   3.2080e-04   6.5785e-03   2.9845e+02
20191111_16:00:00   3.2430e-01   7.6405e+01   6.7964e+00   1.6420e-04   1.8986e-04   2.9416e+02
20191111_17:00:00   2.9653e-01   7.1077e+01   6.2629e+00   0.0000e+00   1.9608e-04   2.9239e+02
20191111_18:00:00   2.8943e-01   6.9777e+01   6.0640e+00   0.0000e+00   1.3772e-04   2.9114e+02
20191111_19:00:00   2.8982e-01   6.9912e+01   6.0407e+00   4.3630e-05   4.1552e-05   2.9006e+02
20191111_20:00:00   2.8562e-01   6.9101e+01   5.9222e+00   5.5300e-05   1.0932e-05   2.8951e+02
20191111_21:00:00   2.8101e-01   6.8212e+01   5.7997e+00   0.0000e+00   3.4280e-06   2.8892e+02
20191111_22:00:00   2.7448e-01   6.6930e+01   5.6430e+00   0.0000e+00   0.0000e+00   2.8888e+02
20191111_23:00:00   2.6106e-01   6.4288e+01   5.3674e+00   0.0000e+00   2.7722e-05   2.8909e+02
20191112_00:00:00   2.4678e-01   6.1421e+01   5.0821e+00   0.0000e+00   5.6087e-05   2.8897e+02
20191112_01:00:00   2.4020e-01   6.0082e+01   4.9587e+00   0.0000e+00   0.0000e+00   2.8798e+02
20191112_02:00:00   2.4727e-01   6.1487e+01   5.1242e+00   0.0000e+00   1.8414e-04   2.8802e+02
20191112_03:00:00   2.5859e-01   6.3848e+01   5.3473e+00   0.0000e+00   8.5680e-06   2.8839e+02
20191112_04:00:00   2.7596e-01   6.7354e+01   5.7176e+00   0.0000e+00   0.0000e+00   2.9040e+02
20191112_05:00:00   2.8921e-01   6.9981e+01   5.9844e+00   0.0000e+00   1.2796e-05   2.9249e+02
20191112_06:00:00   2.8706e-01   6.9581e+01   5.9319e+00   0.0000e+00   1.1554e-06   2.9342e+02
20191112_07:00:00   2.9997e-01   7.2047e+01   6.2192e+00   0.0000e+00   7.5239e-05   2.9453e+02
20191112_08:00:00   3.1125e-01   7.4301e+01   6.4089e+00   0.0000e+00   5.8281e-04   2.9470e+02
20191112_09:00:00   3.2448e-01   7.6799e+01   6.6666e+00   0.0000e+00   2.6599e-04   2.9478e+02
20191112_10:00:00   3.2399e-01   7.6799e+01   6.6153e+00   0.0000e+00   2.4936e-03   2.9356e+02
20191112_11:00:00   3.1827e-01   7.5890e+01   6.4495e+00   0.0000e+00   2.6155e-03   2.9136e+02
20191112_12:00:00   3.1481e-01   7.5347e+01   6.3303e+00   0.0000e+00   2.3166e-03   2.9109e+02
20191112_13:00:00   3.1352e-01   7.5186e+01   6.2609e+00   0.0000e+00   1.7722e-03   2.9114e+02
20191112_14:00:00   3.0971e-01   7.4508e+01   6.1610e+00   0.0000e+00   2.6324e-03   2.9210e+02
20191112_15:00:00   3.0255e-01   7.3174e+01   6.0022e+00   0.0000e+00   2.0077e-03   2.9364e+02
20191112_16:00:00   2.9127e-01   7.1015e+01   5.7471e+00   0.0000e+00   0.0000e+00   2.9498e+02
20191112_17:00:00   2.7172e-01   6.7213e+01   5.3490e+00   0.0000e+00   0.0000e+00   2.9496e+02
20191112_18:00:00   2.5651e-01   6.4109e+01   5.0692e+00   0.0000e+00   0.0000e+00   2.9487e+02
20191112_19:00:00   2.4902e-01   6.2605e+01   4.9290e+00   0.0000e+00   0.0000e+00   2.9419e+02
20191112_20:00:00   2.4573e-01   6.1876e+01   4.8820e+00   0.0000e+00   0.0000e+00   2.9340e+02
20191112_21:00:00   2.5197e-01   6.3065e+01   5.0265e+00   0.0000e+00   0.0000e+00   2.9097e+02
20191112_22:00:00   2.6125e-01   6.4886e+01   5.2267e+00   0.0000e+00   0.0000e+00   2.8927e+02
20191112_23:00:00   2.6867e-01   6.6359e+01   5.3852e+00   0.0000e+00   0.0000e+00   2.8807e+02
20191113_00:00:00   2.7884e-01   6.8553e+01   5.5243e+00   0.0000e+00   0.0000e+00   2.8548e+02
20191113_01:00:00   2.8296e-01   6.9586e+01   5.5133e+00   0.0000e+00   0.0000e+00   2.8522e+02
20191113_02:00:00   2.8212e-01   6.9603e+01   5.4110e+00   0.0000e+00   0.0000e+00   2.8714e+02
20191113_03:00:00   2.8447e-01   7.0235e+01   5.3586e+00   0.0000e+00   0.0000e+00   2.8869e+02
20191113_04:00:00   2.7385e-01   6.8272e+01   5.0289e+00   0.0000e+00   0.0000e+00   2.9093e+02
20191113_05:00:00   2.7018e-01   6.7606e+01   4.8595e+00   0.0000e+00   1.8909e-04   2.9344e+02
20191113_06:00:00   2.3834e-01   6.1009e+01   3.7662e+00   1.0580e-02   1.2328e-04   2.9471e+02
20191113_07:00:00   9.2267e-01   1.6486e+02   4.1271e+00   2.8807e-01   2.1325e-03   2.9368e+02
20191113_08:00:00   9.1123e-01   1.6336e+02   3.9915e+00   2.8757e-01   1.4028e-03   2.9247e+02
20191113_09:00:00   8.5457e-01   1.5699e+02   3.6306e+00   2.7283e-01   1.1952e-03   2.9084e+02
20191113_10:00:00   1.1864e+00   1.8889e+02   4.1509e+00   4.0088e-01   9.6903e-03   2.9168e+02
20191113_11:00:00   7.0611e-01   1.3885e+02   3.6952e+00   2.0947e-01   6.0132e-03   2.9450e+02
20191113_12:00:00   7.9112e-01   1.4969e+02   2.9450e+00   2.6176e-01   5.4005e-04   2.9581e+02
20191113_13:00:00   3.5638e-01   8.4240e+01   2.4449e+00   9.0290e-02   2.6016e-04   2.9502e+02
20191113_14:00:00   4.6713e-01   1.0401e+02   2.2093e+00   1.4182e-01   1.1057e-04   2.9482e+02
20191113_15:00:00   1.8599e-01   4.9843e+01   1.7767e+00   3.4110e-02   4.3550e-05   2.9556e+02
20191113_16:00:00   3.9508e-01   9.1509e+01   2.5633e+00   1.0246e-01   2.7205e-04   2.9769e+02
20191113_17:00:00   6.9280e-01   1.3758e+02   2.8159e+00   2.2065e-01   1.0410e-03   3.0022e+02
20191113_18:00:00   1.0499e-01   3.1065e+01   1.6640e+00   2.4619e-03   3.6190e-06   3.0360e+02
20191113_19:00:00   7.7512e-02   2.4131e+01   1.3047e+00   1.6650e-04   7.8350e-08   3.0950e+02
20191113_20:00:00   7.7667e-02   2.4049e+01   1.3310e+00   0.0000e+00   0.0000e+00   3.1084e+02
20191113_21:00:00   7.6336e-02   2.3771e+01   1.2734e+00   0.0000e+00   0.0000e+00   3.1061e+02
20191113_22:00:00   8.1464e-02   2.5010e+01   1.3803e+00   0.0000e+00   0.0000e+00   3.0800e+02
20191113_23:00:00   8.7606e-02   2.6477e+01   1.5161e+00   0.0000e+00   0.0000e+00   3.0644e+02
20191114_00:00:00   9.4825e-02   2.8168e+01   1.6698e+00   0.0000e+00   0.0000e+00   3.0822e+02
20191114_03:00:00   1.0838e-01   3.1278e+01   1.9730e+00   0.0000e+00   5.8200e-06   3.1246e+02
20191114_06:00:00   1.1544e-01   3.2970e+01   2.1262e+00   0.0000e+00   0.0000e+00   3.1334e+02
20191114_09:00:00   1.3832e-01   3.8166e+01   2.6235e+00   0.0000e+00   9.1541e-04   3.1272e+02
20191114_12:00:00   1.9413e-01   5.0396e+01   3.7933e+00   0.0000e+00   2.5477e-03   3.1304e+02
20191114_15:00:00   2.4398e-01   6.0846e+01   4.8094e+00   0.0000e+00   3.9354e-03   3.1512e+02
20191114_18:00:00   2.7479e-01   6.7250e+01   4.2405e+00   2.3383e-02   9.9047e-03   3.1859e+02
20191114_21:00:00   1.5964e+00   2.1292e+02   4.7107e+00   5.8445e-01   3.5699e-01   3.2359e+02
20191115_00:00:00   3.7481e-01   8.4844e+01   2.4291e+00   1.0428e-01   4.6978e-02   3.3931e+02
20191115_03:00:00   6.4443e-02   2.0510e+01   8.7573e-01   7.6930e-05   1.0120e-05   3.5247e+02
20191115_06:00:00   7.7019e-02   2.3473e+01   1.1269e+00   0.0000e+00   0.0000e+00   3.6101e+02
20191115_09:00:00   1.2285e-01   3.3709e+01   1.9995e+00   0.0000e+00   2.3770e-04   3.7238e+02
20191115_12:00:00   1.6003e-01   4.1831e+01   2.6238e+00   1.0920e-04   2.1204e-02   3.7765e+02
20191115_15:00:00   1.4433e-01   3.8460e+01   2.3591e+00   5.5620e-04   2.5241e-03   3.8495e+02
20191115_18:00:00   1.0621e-01   3.0059e+01   1.6803e+00   1.1530e-04   1.1107e-05   4.0005e+02
20191115_21:00:00   8.7695e-02   2.5932e+01   1.1920e+00   3.0970e-03   7.9860e-04   3.9925e+02
20191116_00:00:00   8.4659e-02   2.5146e+01   1.2785e+00   0.0000e+00   6.6640e-07   3.9734e+02
20191116_03:00:00   8.3299e-02   2.4806e+01   1.2416e+00   0.0000e+00   0.0000e+00   3.9819e+02
20191116_06:00:00   6.9117e-02   2.1302e+01   9.9730e-01   0.0000e+00   0.0000e+00   3.9737e+02
20191116_09:00:00   8.2175e-02   2.4271e+01   1.2463e+00   0.0000e+00   4.4452e-03   3.9727e+02
20191116_12:00:00   9.4927e-02   2.7309e+01   1.4652e+00   0.0000e+00   2.7740e-06   4.0172e+02
20191116_15:00:00   1.0756e-01   3.0280e+01   1.6979e+00   0.0000e+00   1.8090e-04   4.0145e+02
20191116_18:00:00   1.1146e-01   3.1010e+01   1.8500e+00   0.0000e+00   2.9548e-03   3.9583e+02
20191116_21:00:00   1.2156e-01   3.3423e+01   2.0760e+00   0.0000e+00   0.0000e+00   3.9034e+02
20191117_00:00:00   6.1401e-02   1.9663e+01   8.8503e-01   0.0000e+00   9.9740e-07   3.7832e+02
20191117_03:00:00   6.0553e-02   1.9455e+01   8.6436e-01   0.0000e+00   2.8910e-06   3.8577e+02
20191117_06:00:00   8.9250e-02   2.6355e+01   1.3980e+00   0.0000e+00   1.3120e-06   3.6674e+02
20191117_09:00:00   9.4657e-02   2.7712e+01   1.4557e+00   0.0000e+00   3.3190e-07   3.3436e+02
20191117_12:00:00   8.1238e-02   2.4585e+01   1.2220e+00   0.0000e+00   0.0000e+00   3.2374e+02
20191117_15:00:00   7.1330e-02   2.2249e+01   1.0738e+00   0.0000e+00   7.8290e-06   3.2365e+02
20191117_18:00:00   6.5406e-02   2.0869e+01   9.7131e-01   1.0500e-04   3.2252e-05   3.1995e+02
20191117_21:00:00   6.7641e-02   2.1368e+01   1.0673e+00   0.0000e+00   1.4700e-07   3.1629e+02
20191118_00:00:00   8.6287e-02   2.5803e+01   1.5034e+00   0.0000e+00   0.0000e+00   3.1398e+02
20191118_03:00:00   8.7590e-02   2.6195e+01   1.5451e+00   0.0000e+00   0.0000e+00   3.1355e+02
20191118_06:00:00   9.5242e-02   2.7925e+01   1.7557e+00   0.0000e+00   0.0000e+00   3.1048e+02
20191118_09:00:00   1.2678e-01   3.5080e+01   2.4610e+00   0.0000e+00   2.3128e-03   3.1393e+02
20191118_12:00:00   1.3008e-01   3.5883e+01   2.5188e+00   0.0000e+00   0.0000e+00   3.1539e+02
20191118_15:00:00   1.8625e-01   4.8491e+01   3.6381e+00   0.0000e+00   1.4737e-03   3.1596e+02
20191118_18:00:00   2.4887e-01   6.1846e+01   4.7810e+00   0.0000e+00   2.1381e-04   3.1471e+02
20191118_21:00:00   2.6841e-01   6.5681e+01   5.1441e+00   0.0000e+00   6.2146e-04   3.1485e+02
20191119_00:00:00   2.6726e-01   6.5672e+01   5.0046e+00   0.0000e+00   0.0000e+00   3.0989e+02
20191119_03:00:00   2.5869e-01   6.4115e+01   4.7470e+00   0.0000e+00   0.0000e+00   3.1153e+02
20191119_06:00:00   2.5341e-01   6.3137e+01   4.5297e+00   0.0000e+00   0.0000e+00   3.1323e+02
20191119_09:00:00   2.3214e-01   5.8647e+01   4.1811e+00   0.0000e+00   0.0000e+00   3.1376e+02
20191119_12:00:00   1.6969e-01   4.5357e+01   3.0339e+00   0.0000e+00   0.0000e+00   3.1543e+02
20191119_15:00:00   1.6735e-01   4.4919e+01   3.0024e+00   0.0000e+00   0.0000e+00   3.1983e+02
20191119_18:00:00   2.0231e-01   5.2630e+01   3.6072e+00   0.0000e+00   0.0000e+00   3.2359e+02
20191119_21:00:00   1.5263e-01   4.1933e+01   2.6062e+00   0.0000e+00   0.0000e+00   3.2163e+02
20191120_00:00:00   9.6039e-02   2.8703e+01   1.5802e+00   0.0000e+00   0.0000e+00   3.1845e+02
20191120_03:00:00   7.6951e-02   2.4005e+01   1.2417e+00   0.0000e+00   0.0000e+00   3.1676e+02
20191120_06:00:00   6.9446e-02   2.1967e+01   1.1637e+00   0.0000e+00   0.0000e+00   3.1380e+02
20191120_09:00:00   9.5305e-02   2.8108e+01   1.7608e+00   0.0000e+00   0.0000e+00   3.0873e+02
20191120_12:00:00   1.1162e-01   3.1887e+01   2.1434e+00   0.0000e+00   2.0424e-03   3.0656e+02
20191120_15:00:00   9.1824e-02   2.7456e+01   1.6743e+00   0.0000e+00   3.2220e-06   3.0684e+02
20191120_18:00:00   1.6390e-01   4.4050e+01   3.2233e+00   0.0000e+00   2.6920e-06   3.0512e+02
20191120_21:00:00   1.7500e-01   4.6415e+01   3.4535e+00   0.0000e+00   0.0000e+00   3.0461e+02
20191121_00:00:00   1.9926e-01   5.1754e+01   3.9181e+00   0.0000e+00   2.2211e-03   3.0470e+02
20191121_03:00:00   1.7801e-01   4.7015e+01   3.4967e+00   0.0000e+00   0.0000e+00   3.0476e+02
20191121_06:00:00   1.1420e-01   3.2470e+01   2.1890e+00   0.0000e+00   7.5900e-05   3.0548e+02
20191121_09:00:00   9.6166e-02   2.8257e+01   1.8001e+00   0.0000e+00   3.0736e-06   3.0462e+02
20191121_12:00:00   1.1083e-01   3.1599e+01   2.1574e+00   0.0000e+00   8.9255e-04   2.9931e+02
20191121_15:00:00   1.6445e-01   4.3658e+01   3.3531e+00   3.2240e-05   5.8223e-05   2.9711e+02
20191121_18:00:00   2.0653e-01   5.2926e+01   4.1931e+00   0.0000e+00   6.4420e-06   2.9312e+02
20191121_21:00:00   2.8400e-01   6.8818e+01   5.7200e+00   0.0000e+00   1.1354e-03   2.8649e+02
20191122_00:00:00   3.6511e-01   8.4428e+01   7.3209e+00   0.0000e+00   2.8462e-03   2.8577e+02
20191122_03:00:00   4.9077e-01   1.0594e+02   9.6090e+00   0.0000e+00   8.7634e-03   2.8559e+02
20191122_06:00:00   5.1964e-01   1.1052e+02   1.0097e+01   0.0000e+00   5.5856e-02   2.8459e+02
20191122_09:00:00   4.9507e-01   1.0659e+02   9.7452e+00   0.0000e+00   3.6881e-03   2.8376e+02
20191122_12:00:00   5.5279e-01   1.1612e+02   1.0334e+01   5.8352e-03   1.8006e-03   2.8095e+02
20191122_15:00:00   7.0783e-01   1.3852e+02   1.0753e+01   6.1969e-02   1.1609e-02   2.7815e+02
20191122_18:00:00   5.7332e-01   1.1945e+02   1.0451e+01   1.4304e-02   2.0723e-02   2.7741e+02
20191122_21:00:00   3.4682e-01   8.1334e+01   6.8587e+00   5.3220e-03   8.1551e-03   2.7862e+02
20191123_00:00:00   2.4898e-01   6.1998e+01   5.2069e+00   0.0000e+00   8.4271e-03   2.7805e+02
20191123_03:00:00   1.9279e-01   5.0284e+01   4.0172e+00   0.0000e+00   3.0653e-03   2.7737e+02
20191123_06:00:00   1.1702e-01   3.3658e+01   2.2489e+00   0.0000e+00   2.6043e-03   2.7850e+02
20191123_09:00:00   1.1574e-01   3.2910e+01   2.3454e+00   0.0000e+00   1.5365e-02   2.7818e+02
20191123_12:00:00   9.9533e-02   2.9385e+01   1.9136e+00   1.7640e-04   4.4808e-03   2.7814e+02
20191123_15:00:00   1.0896e-01   3.1777e+01   2.0486e+00   7.6480e-04   3.7660e-05   2.7444e+02
20191123_18:00:00   1.2641e-01   3.6058e+01   2.3361e+00   8.5820e-04   1.8497e-03   2.7336e+02
20191123_21:00:00   1.9516e-01   5.0767e+01   3.9831e+00   0.0000e+00   1.2149e-03   2.7999e+02
20191124_00:00:00   3.4287e-01   8.0059e+01   7.0038e+00   0.0000e+00   3.7158e-03   2.8560e+02
20191124_03:00:00   4.3764e-01   9.7654e+01   8.2583e+00   3.8880e-03   9.2820e-03   2.8507e+02
20191124_06:00:00   8.6268e-01   1.5844e+02   7.5461e+00   1.8648e-01   7.5109e-03   2.9063e+02
20191124_09:00:00   1.2031e+00   1.9131e+02   5.3643e+00   3.7804e-01   8.1947e-04   2.8693e+02
20191124_12:00:00   2.3778e-01   6.0577e+01   4.4318e+00   0.0000e+00   1.4344e-04   2.7856e+02
20191124_15:00:00   2.6622e-01   6.6481e+01   4.0376e+00   1.7652e-02   9.4979e-04   2.8047e+02
20191124_18:00:00   1.6422e-01   4.4490e+01   3.0099e+00   0.0000e+00   1.1130e-03   2.8370e+02
20191124_21:00:00   1.2276e-01   3.4627e+01   2.3320e+00   1.3390e-04   1.3182e-03   2.8168e+02
20191125_00:00:00   2.2835e-01   5.8107e+01   2.7251e+00   3.4140e-02   1.1933e-03   2.8649e+02
