#            date       tau225        Tb[K]      pwv[mm] lwp[kg*m^-2] iwp[kg*m^-2]       o3[DU]
20191012_06:00:00   4.2577e-01   9.6869e+01   8.5546e+00   0.0000e+00   6.4058e-03   2.7297e+02
20191012_07:00:00   4.5056e-01   1.0096e+02   9.0286e+00   0.0000e+00   5.2791e-02   2.7461e+02
20191012_08:00:00   4.5948e-01   1.0258e+02   9.1269e+00   0.0000e+00   1.6224e-02   2.7666e+02
20191012_09:00:00   1.7445e+03   2.5661e+02   7.1785e+00   0.0000e+00   5.4800e+04   2.7641e+02
20191012_10:00:00   4.7876e-01   1.0576e+02   9.4566e+00   0.0000e+00   5.0393e-02   2.7735e+02
20191012_11:00:00   0.0000e+00   0.0000e+00   0.0000e+00   0.0000e+00   0.0000e+00   0.0000e+00
20191012_12:00:00   0.0000e+00   0.0000e+00   0.0000e+00   0.0000e+00   0.0000e+00   0.0000e+00
20191012_13:00:00   4.7515e-01   1.0554e+02   9.2121e+00   1.1554e-04   8.7256e-04   2.7948e+02
20191012_14:00:00   4.9654e-01   1.0934e+02   9.1603e+00   6.8206e-03   1.0752e-04   2.8053e+02
20191012_15:00:00   0.0000e+00   2.7000e+00   0.0000e+00   0.0000e+00   0.0000e+00   0.0000e+00
20191012_16:00:00   4.8527e-01   1.0764e+02   9.0563e+00   2.2852e-03   1.7511e-04   2.8036e+02
20191012_17:00:00   4.7247e-01   1.0551e+02   8.9003e+00   2.3100e-04   4.1264e-05   2.8129e+02
20191012_18:00:00   5.1719e-02   1.6311e+01   5.4770e-01   0.0000e+00   3.2164e-02   1.9842e+02
20191012_19:00:00   1.3074e-01   3.8154e+01   2.6856e+00   0.0000e+00   3.2520e-05   2.4600e+02
20191012_20:00:00   0.0000e+00   0.0000e+00   0.0000e+00   0.0000e+00   0.0000e+00   0.0000e+00
20191012_21:00:00   4.2814e-01   9.7865e+01   8.0536e+00   0.0000e+00   0.0000e+00   2.8055e+02
20191012_22:00:00   3.8279e-01   8.9924e+01   7.1610e+00   0.0000e+00   0.0000e+00   2.7977e+02
20191012_23:00:00   3.1586e-01   7.7394e+01   5.8913e+00   0.0000e+00   0.0000e+00   2.7927e+02
20191013_00:00:00   0.0000e+00   2.7000e+00   0.0000e+00   0.0000e+00   0.0000e+00   0.0000e+00
20191013_01:00:00   2.7922e-01   7.0004e+01   5.2223e+00   0.0000e+00   0.0000e+00   2.7672e+02
20191013_02:00:00   2.3728e-01   6.1295e+01   4.4682e+00   0.0000e+00   0.0000e+00   2.7495e+02
20191013_03:00:00   1.1299e-01   3.2586e+01   2.6509e+00   0.0000e+00   0.0000e+00   2.6524e+02
20191013_04:00:00   9.2920e-01   1.7000e+02   9.1923e+00   1.6239e-01   0.0000e+00   2.6999e+02
20191013_05:00:00   1.4359e+00   2.1270e+02   2.0276e+01   1.5306e-01   1.8975e-02   2.5577e+02
20191013_06:00:00   0.0000e+00   0.0000e+00   0.0000e+00   0.0000e+00   0.0000e+00   0.0000e+00
20191013_07:00:00   0.0000e+00   0.0000e+00   0.0000e+00   0.0000e+00   0.0000e+00   0.0000e+00
20191013_08:00:00   0.0000e+00   0.0000e+00   0.0000e+00   0.0000e+00   0.0000e+00   0.0000e+00
20191013_09:00:00   3.4621e-01   8.3113e+01   6.5578e+00   0.0000e+00   0.0000e+00   2.6864e+02
20191013_10:00:00   0.0000e+00   2.7000e+00   0.0000e+00   0.0000e+00   0.0000e+00   0.0000e+00
20191013_11:00:00   0.0000e+00   2.7000e+00   0.0000e+00   0.0000e+00   0.0000e+00   0.0000e+00
20191013_12:00:00   3.0990e-01   7.7316e+01   6.6271e+00   0.0000e+00   0.0000e+00   2.6032e+02
20191013_13:00:00   4.5092e-02   1.4746e+01   4.3076e-01   0.0000e+00   3.2214e-02   2.0133e+02
20191013_14:00:00   3.1092e-01   7.7437e+01   6.6425e+00   0.0000e+00   0.0000e+00   2.6500e+02
20191013_15:00:00   0.0000e+00   0.0000e+00   0.0000e+00   0.0000e+00   0.0000e+00   0.0000e+00
20191013_16:00:00   3.2826e-01   8.0099e+01   6.1551e+00   0.0000e+00   9.2440e-06   2.6442e+02
20191013_17:00:00   3.0319e-01   7.5808e+01   6.4521e+00   0.0000e+00   0.0000e+00   2.6233e+02
20191013_18:00:00   2.9479e-01   7.3577e+01   5.5657e+00   0.0000e+00   0.0000e+00   2.6503e+02
20191013_19:00:00   0.0000e+00   0.0000e+00   0.0000e+00   0.0000e+00   0.0000e+00   0.0000e+00
20191013_20:00:00   0.0000e+00   0.0000e+00   0.0000e+00   0.0000e+00   0.0000e+00   0.0000e+00
20191013_21:00:00   3.4913e-01   8.4317e+01   6.4360e+00   0.0000e+00   4.8999e-04   2.6695e+02
20191013_22:00:00   0.0000e+00   0.0000e+00   0.0000e+00   0.0000e+00   0.0000e+00   0.0000e+00
20191013_23:00:00   4.0708e-01   9.4761e+01   7.5494e+00   0.0000e+00   3.7718e-03   2.6796e+02
20191014_00:00:00   4.3542e-01   9.9488e+01   8.1872e+00   0.0000e+00   9.4004e-03   2.6808e+02
20191014_01:00:00   2.8299e-01   7.2675e+01   5.2426e+00   0.0000e+00   0.0000e+00   2.6256e+02
20191014_02:00:00   0.0000e+00   0.0000e+00   0.0000e+00   0.0000e+00   0.0000e+00   0.0000e+00
20191014_03:00:00   0.0000e+00   0.0000e+00   0.0000e+00   0.0000e+00   0.0000e+00   0.0000e+00
20191014_04:00:00   6.8327e-01   1.3676e+02   1.1894e+01   2.5854e-02   1.0173e-02   2.6610e+02
20191014_05:00:00   2.0103e+00   2.3700e+02   1.4111e+01   5.3140e-01   2.2831e-01   2.6632e+02
20191014_06:00:00   7.0707e-01   1.3966e+02   1.3223e+01   5.3144e-03   8.5239e-02   2.6711e+02
20191014_07:00:00   1.3052e+00   1.9993e+02   1.3581e+01   2.3925e-01   2.8821e-01   2.6881e+02
20191014_08:00:00   5.6350e-01   1.1906e+02   1.0797e+01   0.0000e+00   2.6562e-02   2.7158e+02
20191014_09:00:00   5.5062e-01   1.1699e+02   1.0523e+01   2.5081e-04   6.5612e-03   2.7413e+02
20191014_10:00:00   4.4620e-01   1.0064e+02   8.2042e+00   5.4260e-04   1.8691e-03   2.7715e+02
20191014_11:00:00   1.3863e+03   2.5172e+02   6.4926e+00   1.2592e-01   4.7110e+04   2.8051e+02
20191014_12:00:00   0.0000e+00   0.0000e+00   0.0000e+00   0.0000e+00   0.0000e+00   0.0000e+00
20191014_13:00:00   3.1132e-01   7.5726e+01   5.8421e+00   0.0000e+00   0.0000e+00   2.8524e+02
20191014_14:00:00   3.9024e-01   9.0723e+01   6.4197e+00   1.7334e-02   1.2107e-05   2.8388e+02
20191014_15:00:00   3.1437e-01   7.6282e+01   5.6159e+00   4.8895e-03   9.8970e-06   2.8465e+02
20191014_16:00:00   0.0000e+00   0.0000e+00   0.0000e+00   0.0000e+00   0.0000e+00   0.0000e+00
20191014_17:00:00   3.8930e-01   9.3691e+01   7.2501e+00   0.0000e+00   0.0000e+00   2.6351e+02
20191014_18:00:00   1.7934e-01   4.8298e+01   3.4078e+00   0.0000e+00   0.0000e+00   2.8994e+02
20191014_19:00:00   0.0000e+00   0.0000e+00   0.0000e+00   0.0000e+00   0.0000e+00   0.0000e+00
20191014_20:00:00   1.6203e-01   4.4483e+01   3.0418e+00   0.0000e+00   0.0000e+00   2.8940e+02
20191014_21:00:00   1.5861e-01   4.3742e+01   2.9309e+00   0.0000e+00   0.0000e+00   2.8819e+02
20191014_22:00:00   0.0000e+00   0.0000e+00   0.0000e+00   0.0000e+00   0.0000e+00   0.0000e+00
20191014_23:00:00   0.0000e+00   0.0000e+00   0.0000e+00   0.0000e+00   0.0000e+00   0.0000e+00
20191015_00:00:00   0.0000e+00   0.0000e+00   0.0000e+00   0.0000e+00   0.0000e+00   0.0000e+00
20191015_01:00:00   0.0000e+00   0.0000e+00   0.0000e+00   0.0000e+00   0.0000e+00   0.0000e+00
20191015_02:00:00   1.4628e-01   4.0514e+01   2.7134e+00   1.5940e-04   5.7366e-03   2.8547e+02
20191015_03:00:00   1.1122e-01   3.2067e+01   2.1154e+00   0.0000e+00   8.9770e-03   2.8668e+02
20191015_04:00:00   8.6193e-02   2.5967e+01   1.6267e+00   0.0000e+00   3.0695e-03   2.8608e+02
20191015_05:00:00   7.4756e-02   2.3088e+01   1.4058e+00   0.0000e+00   2.7316e-04   2.8588e+02
20191015_06:00:00   7.5927e-02   2.3298e+01   1.4511e+00   0.0000e+00   0.0000e+00   2.8618e+02
20191015_07:00:00   7.8070e-02   2.3846e+01   1.4959e+00   0.0000e+00   4.5475e-05   2.8659e+02
20191015_08:00:00   8.6881e-02   2.5902e+01   1.7130e+00   0.0000e+00   9.4060e-04   2.8713e+02
20191015_09:00:00   9.3963e-02   2.7565e+01   1.8811e+00   0.0000e+00   9.2742e-04   2.8784e+02
20191015_10:00:00   9.8611e-02   2.8720e+01   1.9729e+00   0.0000e+00   1.6956e-04   2.8841e+02
20191015_11:00:00   1.0535e-01   3.0313e+01   2.1252e+00   0.0000e+00   1.4276e-04   2.8973e+02
20191015_12:00:00   0.0000e+00   0.0000e+00   0.0000e+00   0.0000e+00   0.0000e+00   0.0000e+00
20191015_13:00:00   0.0000e+00   0.0000e+00   0.0000e+00   0.0000e+00   0.0000e+00   0.0000e+00
20191015_14:00:00   1.2004e-01   3.4085e+01   2.3926e+00   0.0000e+00   0.0000e+00   2.8789e+02
20191015_15:00:00   7.2516e-01   1.4557e+02   1.4414e+01   0.0000e+00   6.2482e-05   2.5481e+02
20191015_16:00:00   0.0000e+00   0.0000e+00   0.0000e+00   0.0000e+00   0.0000e+00   0.0000e+00
20191015_17:00:00   3.9038e+03   1.6353e+02   4.2319e+00   0.0000e+00   2.4690e+05   2.6229e+02
20191015_18:00:00   2.6064e-01   6.6595e+01   5.0383e+00   0.0000e+00   7.7300e-06   2.8614e+02
20191015_19:00:00   1.2555e-01   3.5280e+01   2.5930e+00   0.0000e+00   1.3783e-02   2.8876e+02
20191015_20:00:00   1.5245e-01   4.1154e+01   3.2317e+00   0.0000e+00   7.1727e-02   2.8883e+02
20191015_21:00:00   6.1301e+04   1.7850e+02   3.1151e+00   0.0000e+00   2.8313e+06   2.8670e+02
20191015_22:00:00   0.0000e+00   2.7000e+00   0.0000e+00   0.0000e+00   0.0000e+00   0.0000e+00
20191015_23:00:00   0.0000e+00   0.0000e+00   0.0000e+00   0.0000e+00   0.0000e+00   0.0000e+00
20191016_00:00:00   1.9334e-01   5.0417e+01   4.1080e+00   0.0000e+00   1.5366e-06   2.8310e+02
20191016_01:00:00   2.0485e-01   5.2997e+01   4.3210e+00   0.0000e+00   5.7294e-04   2.8167e+02
20191016_02:00:00   2.0909e-01   5.4027e+01   4.3925e+00   0.0000e+00   7.9514e-05   2.8104e+02
20191016_03:00:00   1.9817e-01   5.1834e+01   4.1476e+00   0.0000e+00   3.8480e-06   2.8117e+02
20191016_04:00:00   2.1033e-01   5.4422e+01   4.4460e+00   0.0000e+00   0.0000e+00   2.8105e+02
20191016_05:00:00   0.0000e+00   2.7000e+00   0.0000e+00   0.0000e+00   0.0000e+00   0.0000e+00
20191016_06:00:00   4.4546e+04   2.1240e+02   7.6468e+00   1.5848e-02   1.5054e+06   2.6646e+02
20191016_07:00:00   2.7781e-01   6.8141e+01   5.9891e+00   0.0000e+00   7.1836e-04   2.8272e+02
20191016_08:00:00   1.9764e-01   5.3687e+01   4.2317e+00   0.0000e+00   5.1839e-05   2.8500e+02
20191016_09:00:00   3.2614e-01   7.7467e+01   7.0181e+00   0.0000e+00   1.5794e-03   2.8500e+02
20191016_10:00:00   0.0000e+00   2.7000e+00   0.0000e+00   0.0000e+00   0.0000e+00   0.0000e+00
20191016_11:00:00   3.7849e-01   8.7127e+01   8.0785e+00   0.0000e+00   6.7049e-03   2.8355e+02
20191016_12:00:00   0.0000e+00   2.7000e+00   0.0000e+00   0.0000e+00   0.0000e+00   0.0000e+00
20191016_13:00:00   2.2911e-01   6.0229e+01   4.9409e+00   0.0000e+00   0.0000e+00   2.5979e+02
20191016_14:00:00   0.0000e+00   2.7000e+00   0.0000e+00   0.0000e+00   0.0000e+00   0.0000e+00
20191016_15:00:00   0.0000e+00   0.0000e+00   0.0000e+00   0.0000e+00   0.0000e+00   0.0000e+00
20191016_16:00:00   0.0000e+00   2.7000e+00   0.0000e+00   0.0000e+00   0.0000e+00   0.0000e+00
20191016_17:00:00   0.0000e+00   0.0000e+00   0.0000e+00   0.0000e+00   0.0000e+00   0.0000e+00
20191016_18:00:00   3.8719e-01   8.9441e+01   8.0484e+00   0.0000e+00   0.0000e+00   2.8040e+02
20191016_19:00:00   3.8709e-01   8.9503e+01   8.0223e+00   0.0000e+00   0.0000e+00   2.8034e+02
20191016_20:00:00   3.8056e-01   8.8291e+01   7.8965e+00   0.0000e+00   0.0000e+00   2.7999e+02
20191016_21:00:00   3.7055e-01   8.6460e+01   7.6910e+00   0.0000e+00   0.0000e+00   2.7968e+02
20191016_22:00:00   0.0000e+00   0.0000e+00   0.0000e+00   0.0000e+00   0.0000e+00   0.0000e+00
20191016_23:00:00   2.6186e-01   6.5559e+01   6.0758e+00   0.0000e+00   2.7745e-03   2.5101e+02
20191017_00:00:00   3.5446e-01   8.3375e+01   7.3093e+00   0.0000e+00   0.0000e+00   2.7693e+02
20191017_01:00:00   3.5584e-01   8.3751e+01   7.3410e+00   0.0000e+00   0.0000e+00   2.7640e+02
20191017_02:00:00   0.0000e+00   0.0000e+00   0.0000e+00   0.0000e+00   0.0000e+00   0.0000e+00
20191017_03:00:00   3.6055e-01   8.4593e+01   7.4541e+00   0.0000e+00   0.0000e+00   2.7502e+02
20191017_04:00:00   3.5378e-01   8.3315e+01   7.3149e+00   0.0000e+00   8.4573e-06   2.7548e+02
20191017_05:00:00   3.4188e-01   8.1131e+01   7.0714e+00   0.0000e+00   1.4016e-04   2.7525e+02
20191017_06:00:00   0.0000e+00   0.0000e+00   0.0000e+00   0.0000e+00   0.0000e+00   0.0000e+00
20191017_09:00:00   3.3293e-01   7.9560e+01   6.8335e+00   0.0000e+00   0.0000e+00   2.7486e+02
20191017_12:00:00   3.3699e-01   8.0224e+01   6.9491e+00   0.0000e+00   4.4979e-03   2.7382e+02
20191017_15:00:00   0.0000e+00   2.7000e+00   0.0000e+00   0.0000e+00   0.0000e+00   0.0000e+00
20191017_18:00:00   3.7068e-01   8.6308e+01   7.5735e+00   0.0000e+00   1.9548e-02   2.7619e+02
20191017_21:00:00   0.0000e+00   0.0000e+00   0.0000e+00   0.0000e+00   0.0000e+00   0.0000e+00
20191018_00:00:00   4.2398e-01   9.5862e+01   8.5023e+00   0.0000e+00   4.5269e-04   2.7076e+02
20191018_03:00:00   4.2466e-01   9.6448e+01   8.3128e+00   0.0000e+00   0.0000e+00   2.7070e+02
20191018_06:00:00   4.1748e-01   9.5479e+01   8.0015e+00   0.0000e+00   2.1540e-06   2.6845e+02
20191018_09:00:00   3.8110e-01   8.9180e+01   7.2065e+00   0.0000e+00   3.7440e-04   2.7081e+02
20191018_12:00:00   3.1107e+00   2.6666e+02   2.2145e+01   7.8744e-01   6.8338e-03   2.5410e+02
20191018_15:00:00   0.0000e+00   0.0000e+00   0.0000e+00   0.0000e+00   0.0000e+00   0.0000e+00
20191018_18:00:00   6.3449e-01   1.3073e+02   1.3189e+01   7.7650e-04   0.0000e+00   2.7198e+02
20191018_21:00:00   0.0000e+00   0.0000e+00   0.0000e+00   0.0000e+00   0.0000e+00   0.0000e+00
20191019_00:00:00   2.3915e-01   6.1705e+01   4.4974e+00   0.0000e+00   0.0000e+00   2.5945e+02
20191019_03:00:00   2.0453e-01   5.3742e+01   4.0812e+00   0.0000e+00   3.7454e-03   2.5903e+02
20191019_06:00:00   0.0000e+00   0.0000e+00   0.0000e+00   0.0000e+00   0.0000e+00   0.0000e+00
20191019_09:00:00   0.0000e+00   2.7000e+00   0.0000e+00   0.0000e+00   0.0000e+00   0.0000e+00
20191019_12:00:00   0.0000e+00   2.7000e+00   0.0000e+00   0.0000e+00   0.0000e+00   0.0000e+00
20191019_15:00:00   0.0000e+00   2.7000e+00   0.0000e+00   0.0000e+00   0.0000e+00   0.0000e+00
20191019_18:00:00   1.8295e-01   4.9407e+01   3.5221e+00   0.0000e+00   0.0000e+00   2.7669e+02
20191019_21:00:00   1.6657e-01   4.5773e+01   3.1864e+00   0.0000e+00   0.0000e+00   2.7570e+02
20191020_00:00:00   1.6947e-01   4.6409e+01   3.2774e+00   0.0000e+00   0.0000e+00   2.7491e+02
20191020_03:00:00   0.0000e+00   2.7000e+00   0.0000e+00   0.0000e+00   0.0000e+00   0.0000e+00
20191020_06:00:00   1.2070e-01   3.4868e+01   2.3728e+00   0.0000e+00   0.0000e+00   2.7351e+02
20191020_09:00:00   2.4695e-01   6.4784e+01   4.6877e+00   0.0000e+00   0.0000e+00   2.7378e+02
20191020_12:00:00   0.0000e+00   0.0000e+00   0.0000e+00   0.0000e+00   0.0000e+00   0.0000e+00
20191020_15:00:00   0.0000e+00   0.0000e+00   0.0000e+00   0.0000e+00   0.0000e+00   0.0000e+00
20191020_18:00:00   1.4893e-01   4.1866e+01   2.9590e+00   0.0000e+00   0.0000e+00   2.7141e+02
20191020_21:00:00   1.3659e-01   3.8896e+01   2.7183e+00   0.0000e+00   0.0000e+00   2.7301e+02
20191021_00:00:00   1.2617e-01   3.6419e+01   2.4906e+00   0.0000e+00   0.0000e+00   2.7285e+02
20191021_03:00:00   1.2745e-01   3.6821e+01   2.5019e+00   0.0000e+00   0.0000e+00   2.7450e+02
20191021_06:00:00   1.0739e+00   1.8457e+02   2.0626e+01   1.8587e-02   9.0797e-03   2.3640e+02
20191021_09:00:00   0.0000e+00   0.0000e+00   0.0000e+00   0.0000e+00   0.0000e+00   0.0000e+00
20191021_12:00:00   0.0000e+00   0.0000e+00   0.0000e+00   0.0000e+00   0.0000e+00   0.0000e+00
20191021_15:00:00   1.2937e-01   3.7497e+01   2.4571e+00   0.0000e+00   0.0000e+00   2.6830e+02
20191021_18:00:00   1.0402e-01   3.1330e+01   1.9274e+00   0.0000e+00   0.0000e+00   2.7054e+02
20191021_21:00:00   1.0905e-01   3.2490e+01   2.0386e+00   0.0000e+00   5.6660e-05   2.6568e+02
20191022_00:00:00   1.1999e-01   3.5059e+01   2.2714e+00   0.0000e+00   2.5496e-03   2.6344e+02
20191022_03:00:00   1.3258e-01   3.7901e+01   2.5612e+00   0.0000e+00   7.0888e-03   2.6289e+02
20191022_06:00:00   1.4233e-01   4.0019e+01   2.7922e+00   0.0000e+00   7.1768e-03   2.6794e+02
20191022_09:00:00   1.5945e-01   4.3784e+01   3.1924e+00   0.0000e+00   9.7883e-03   2.7136e+02
20191022_12:00:00   3.4582e-01   8.1967e+01   7.1196e+00   0.0000e+00   3.2148e-02   2.7049e+02
20191022_15:00:00   0.0000e+00   0.0000e+00   0.0000e+00   0.0000e+00   0.0000e+00   0.0000e+00
20191022_18:00:00   1.0902e+00   1.8534e+02   2.1613e+01   0.0000e+00   5.3114e-02   2.7164e+02
20191022_21:00:00   0.0000e+00   2.7000e+00   0.0000e+00   0.0000e+00   0.0000e+00   0.0000e+00
20191023_00:00:00   5.8313e-01   1.2180e+02   1.1213e+01   0.0000e+00   4.3356e-03   2.7566e+02
20191023_03:00:00   6.1065e-01   1.2562e+02   1.1639e+01   3.7523e-04   1.5207e-02   2.7844e+02
20191023_06:00:00   6.2947e-01   1.2838e+02   1.1450e+01   1.2103e-02   2.5294e-03   2.8180e+02
20191023_09:00:00   0.0000e+00   0.0000e+00   0.0000e+00   0.0000e+00   0.0000e+00   0.0000e+00
20191023_12:00:00   0.0000e+00   0.0000e+00   0.0000e+00   0.0000e+00   0.0000e+00   0.0000e+00
20191023_15:00:00   0.0000e+00   0.0000e+00   0.0000e+00   0.0000e+00   0.0000e+00   0.0000e+00
20191023_18:00:00   3.3224e-01   8.0215e+01   6.2174e+00   0.0000e+00   7.7226e-04   2.6861e+02
20191023_21:00:00   0.0000e+00   0.0000e+00   0.0000e+00   0.0000e+00   0.0000e+00   0.0000e+00
20191024_00:00:00   4.0883e-01   9.3780e+01   7.9034e+00   0.0000e+00   5.9003e-03   2.6941e+02
20191024_03:00:00   3.9090e-01   9.1047e+01   7.1915e+00   2.2000e-03   3.2664e-03   2.6981e+02
20191024_06:00:00   3.7787e-01   8.8694e+01   6.8096e+00   4.2228e-03   5.7518e-03   2.7260e+02
20191024_09:00:00   0.0000e+00   2.7000e+00   0.0000e+00   0.0000e+00   0.0000e+00   0.0000e+00
20191024_12:00:00   3.9056e-01   9.0977e+01   6.9305e+00   8.0410e-03   1.5071e-02   2.7426e+02
20191024_15:00:00   4.4473e-01   1.0053e+02   6.9587e+00   3.0466e-02   2.1698e-02   2.7514e+02
20191024_18:00:00   3.1564e-01   7.7057e+01   5.7859e+00   1.7299e-03   1.4101e-02   2.8520e+02
20191024_21:00:00   1.6508e-01   4.4522e+01   3.6868e+00   0.0000e+00   0.0000e+00   2.4622e+02
20191025_00:00:00   0.0000e+00   2.7000e+00   0.0000e+00   0.0000e+00   0.0000e+00   0.0000e+00
20191025_03:00:00   0.0000e+00   0.0000e+00   0.0000e+00   0.0000e+00   0.0000e+00   0.0000e+00
20191025_06:00:00   2.8687e-01   7.0836e+01   5.5815e+00   0.0000e+00   5.8815e-04   2.7303e+02
20191025_09:00:00   3.4398e-01   8.1363e+01   6.8818e+00   0.0000e+00   7.5362e-03   2.7513e+02
20191025_12:00:00   4.5343e-01   1.0138e+02   7.9360e+00   1.6744e-02   1.8188e-04   2.7382e+02
20191025_15:00:00   0.0000e+00   0.0000e+00   0.0000e+00   0.0000e+00   0.0000e+00   0.0000e+00
20191025_18:00:00   3.2904e-01   7.9473e+01   6.1581e+00   1.4198e-04   0.0000e+00   2.7244e+02
20191025_21:00:00   2.8908e-01   7.1571e+01   5.5462e+00   0.0000e+00   0.0000e+00   2.7018e+02
20191026_00:00:00   2.3161e-01   6.0033e+01   4.4279e+00   0.0000e+00   0.0000e+00   2.6587e+02
20191026_03:00:00   0.0000e+00   0.0000e+00   0.0000e+00   0.0000e+00   0.0000e+00   0.0000e+00
20191026_06:00:00   0.0000e+00   0.0000e+00   0.0000e+00   0.0000e+00   0.0000e+00   0.0000e+00
20191026_09:00:00   0.0000e+00   0.0000e+00   0.0000e+00   0.0000e+00   0.0000e+00   0.0000e+00
20191026_12:00:00   1.9351e-01   5.1413e+01   4.0115e+00   0.0000e+00   0.0000e+00   2.5920e+02
20191026_15:00:00   2.1344e-01   5.6010e+01   4.3771e+00   0.0000e+00   0.0000e+00   2.5652e+02
20191026_18:00:00   0.0000e+00   0.0000e+00   0.0000e+00   0.0000e+00   0.0000e+00   0.0000e+00
20191026_21:00:00   1.7314e-01   4.7374e+01   3.5297e+00   0.0000e+00   0.0000e+00   2.5736e+02
20191027_00:00:00   1.8174e-01   4.9427e+01   3.6992e+00   0.0000e+00   0.0000e+00   2.5345e+02
20191027_03:00:00   0.0000e+00   0.0000e+00   0.0000e+00   0.0000e+00   0.0000e+00   0.0000e+00
20191027_06:00:00   1.9948e-01   5.3633e+01   3.9855e+00   0.0000e+00   0.0000e+00   2.4549e+02
20191027_09:00:00   2.1736e-01   5.7543e+01   4.3894e+00   0.0000e+00   1.2397e-04   2.5653e+02
20191027_12:00:00   0.0000e+00   2.7000e+00   0.0000e+00   0.0000e+00   0.0000e+00   0.0000e+00
20191027_15:00:00   0.0000e+00   2.7000e+00   0.0000e+00   0.0000e+00   0.0000e+00   0.0000e+00
20191027_18:00:00   1.6091e-01   4.4923e+01   3.1576e+00   0.0000e+00   0.0000e+00   2.4323e+02
20191027_21:00:00   5.7362e-02   1.9296e+01   1.0070e+00   0.0000e+00   0.0000e+00   2.5529e+02
20191028_00:00:00   0.0000e+00   0.0000e+00   0.0000e+00   0.0000e+00   0.0000e+00   0.0000e+00
20191028_03:00:00   0.0000e+00   2.7000e+00   0.0000e+00   0.0000e+00   0.0000e+00   0.0000e+00
20191028_06:00:00   2.6709e-01   6.7508e+01   5.3899e+00   0.0000e+00   0.0000e+00   2.5065e+02
