#            date       tau225        Tb[K]      pwv[mm] lwp[kg*m^-2] iwp[kg*m^-2]       o3[DU]
20191103_18:00:00   1.9275e-01   5.1848e+01   3.9184e+00   6.1440e-05   0.0000e+00   2.8393e+02
20191103_19:00:00   2.4887e-01   6.4219e+01   4.9554e+00   2.9630e-04   0.0000e+00   2.8307e+02
20191103_20:00:00   2.3408e-01   6.1142e+01   4.5935e+00   6.2700e-04   0.0000e+00   2.8234e+02
20191103_21:00:00   2.1208e-01   5.6388e+01   4.1724e+00   8.1180e-04   0.0000e+00   2.8284e+02
20191103_22:00:00   2.3750e-01   6.1951e+01   4.6225e+00   4.5920e-04   0.0000e+00   2.8283e+02
20191103_23:00:00   2.0337e-01   5.4460e+01   3.9234e+00   0.0000e+00   0.0000e+00   2.8392e+02
20191104_00:00:00   1.5883e-01   4.4219e+01   3.1047e+00   0.0000e+00   0.0000e+00   2.8380e+02
20191104_01:00:00   1.7538e-01   4.7889e+01   3.5467e+00   0.0000e+00   0.0000e+00   2.8187e+02
20191104_02:00:00   1.6973e-01   4.6497e+01   3.4801e+00   0.0000e+00   0.0000e+00   2.8171e+02
20191104_03:00:00   1.7134e-01   4.6861e+01   3.5179e+00   0.0000e+00   0.0000e+00   2.8122e+02
20191104_04:00:00   1.8530e-01   5.0098e+01   3.7959e+00   0.0000e+00   5.0544e-04   2.8074e+02
20191104_05:00:00   2.0679e-01   5.4865e+01   4.2437e+00   0.0000e+00   1.4748e-03   2.8119e+02
20191104_06:00:00   2.3296e-01   6.0511e+01   4.7472e+00   0.0000e+00   1.1962e-04   2.8235e+02
20191104_07:00:00   2.7185e-01   6.8714e+01   5.4626e+00   0.0000e+00   0.0000e+00   2.8317e+02
20191104_08:00:00   2.9444e-01   7.3411e+01   5.8695e+00   0.0000e+00   0.0000e+00   2.8448e+02
20191104_09:00:00   3.1505e-01   7.7566e+01   6.2563e+00   0.0000e+00   0.0000e+00   2.8620e+02
20191104_10:00:00   3.3876e-01   8.2107e+01   6.7402e+00   0.0000e+00   0.0000e+00   2.8791e+02
20191104_11:00:00   3.6752e-01   8.7420e+01   7.3168e+00   0.0000e+00   0.0000e+00   2.8835e+02
20191104_12:00:00   3.9605e-01   9.2406e+01   7.9037e+00   0.0000e+00   0.0000e+00   2.8966e+02
20191104_13:00:00   4.0657e-01   9.4176e+01   8.1203e+00   0.0000e+00   0.0000e+00   2.9052e+02
20191104_14:00:00   4.1213e-01   9.5188e+01   8.2299e+00   0.0000e+00   3.0740e-06   2.9482e+02
20191104_15:00:00   4.0831e-01   9.4346e+01   8.1933e+00   0.0000e+00   1.7174e-05   2.9729e+02
20191104_16:00:00   4.0304e-01   9.3237e+01   8.1292e+00   0.0000e+00   1.4482e-05   2.9769e+02
20191104_17:00:00   3.8781e-01   9.0347e+01   7.8654e+00   0.0000e+00   3.0740e-06   3.0188e+02
20191104_18:00:00   3.2769e-01   7.9222e+01   6.6018e+00   2.7800e-04   6.9200e-06   3.0298e+02
20191104_19:00:00   3.0469e-01   7.4746e+01   6.1059e+00   4.0090e-04   0.0000e+00   3.0323e+02
20191104_20:00:00   3.1485e-01   7.6584e+01   6.2786e+00   9.1800e-04   0.0000e+00   3.0416e+02
20191104_21:00:00   3.2102e-01   7.7732e+01   6.2209e+00   4.3030e-03   7.8700e-05   2.9788e+02
20191104_22:00:00   3.1761e-01   7.7001e+01   6.1161e+00   5.2860e-03   8.1540e-05   2.9830e+02
20191104_23:00:00   3.0187e-01   7.3644e+01   6.0862e+00   2.9140e-05   2.9744e-04   2.9627e+02
20191105_00:00:00   2.4773e-01   6.2850e+01   4.9102e+00   5.5160e-04   6.4420e-06   2.9567e+02
20191105_01:00:00   1.9513e-01   5.1968e+01   3.1653e+00   1.2860e-02   0.0000e+00   2.9555e+02
20191105_02:00:00   2.5442e-01   6.4849e+01   2.4602e+00   5.0543e-02   4.2920e-06   2.9728e+02
20191105_03:00:00   6.6805e-01   1.3477e+02   3.1107e+00   2.0707e-01   2.3197e-04   2.9470e+02
20191105_04:00:00   6.7519e-01   1.3488e+02   3.7176e+00   2.0187e-01   9.3471e-04   2.9172e+02
20191105_05:00:00   1.4094e-01   3.8660e+01   2.7479e+00   1.9020e-03   7.3975e-04   2.9080e+02
20191105_06:00:00   8.3975e-02   2.5457e+01   1.5308e+00   6.9100e-04   1.3950e-06   2.9064e+02
20191105_07:00:00   7.5254e-02   2.3437e+01   1.3347e+00   0.0000e+00   0.0000e+00   2.9182e+02
20191105_08:00:00   7.5235e-02   2.3433e+01   1.3213e+00   0.0000e+00   2.8480e-07   2.9173e+02
20191105_09:00:00   7.0397e-02   2.2331e+01   1.1758e+00   0.0000e+00   0.0000e+00   2.9201e+02
20191105_10:00:00   6.1527e-02   2.0192e+01   9.5726e-01   0.0000e+00   0.0000e+00   2.9132e+02
20191105_11:00:00   6.6041e-02   2.1329e+01   1.0310e+00   0.0000e+00   0.0000e+00   2.9091e+02
20191105_12:00:00   8.1640e-02   2.5200e+01   1.3100e+00   0.0000e+00   0.0000e+00   2.9291e+02
20191105_13:00:00   8.9544e-02   2.7141e+01   1.4384e+00   8.8730e-05   1.0140e-07   2.9486e+02
20191105_14:00:00   9.9395e-02   2.9515e+01   1.4811e+00   3.3320e-03   8.7180e-06   2.9776e+02
20191105_15:00:00   1.0522e-01   3.0838e+01   1.6583e+00   1.8585e-03   2.4979e-05   2.9970e+02
20191105_16:00:00   1.2394e-01   3.5208e+01   2.0607e+00   2.0852e-04   4.2960e-05   3.0143e+02
20191105_17:00:00   1.5964e-01   4.3314e+01   2.4643e+00   5.4164e-03   3.5876e-04   3.0404e+02
20191105_18:00:00   1.6541e-01   4.4560e+01   2.5623e+00   5.6018e-03   1.1583e-04   3.0784e+02
20191105_19:00:00   2.1434e-01   5.5160e+01   2.7757e+00   2.1306e-02   3.5373e-04   3.0768e+02
20191105_20:00:00   3.7521e-01   8.6670e+01   2.9442e+00   8.6342e-02   1.1268e-03   3.0753e+02
20191105_21:00:00   6.9285e-01   1.3557e+02   3.6570e+00   2.0743e-01   8.8338e-03   3.1062e+02
20191105_22:00:00   2.6584e-01   6.5425e+01   3.9344e+00   1.5360e-02   4.8641e-03   3.1323e+02
20191105_23:00:00   3.3872e-01   7.9594e+01   3.8316e+00   4.9585e-02   4.9309e-03   3.1271e+02
20191106_00:00:00   2.1168e-01   5.4231e+01   3.6304e+00   3.7300e-05   2.6947e-04   3.0821e+02
20191106_01:00:00   1.8485e-01   4.8581e+01   3.1491e+00   0.0000e+00   0.0000e+00   3.0380e+02
20191106_02:00:00   1.4398e-01   3.9684e+01   2.4046e+00   0.0000e+00   0.0000e+00   3.0213e+02
20191106_03:00:00   1.1390e-01   3.2831e+01   1.8608e+00   0.0000e+00   0.0000e+00   2.9951e+02
20191106_04:00:00   1.0364e-01   3.0414e+01   1.6861e+00   0.0000e+00   0.0000e+00   2.9729e+02
20191106_05:00:00   8.9882e-02   2.7117e+01   1.4609e+00   0.0000e+00   0.0000e+00   2.9706e+02
20191106_06:00:00   7.8369e-02   2.4300e+01   1.2714e+00   0.0000e+00   0.0000e+00   2.9614e+02
20191106_07:00:00   7.2358e-02   2.2756e+01   1.1889e+00   0.0000e+00   0.0000e+00   2.9487e+02
20191106_08:00:00   7.4739e-02   2.3203e+01   1.2900e+00   0.0000e+00   0.0000e+00   2.9291e+02
20191106_09:00:00   8.6267e-02   2.5833e+01   1.5814e+00   0.0000e+00   2.1540e-06   2.9187e+02
20191106_10:00:00   9.7278e-02   2.8333e+01   1.8526e+00   0.0000e+00   9.2440e-07   2.9134e+02
20191106_11:00:00   1.1194e-01   3.1657e+01   2.1992e+00   0.0000e+00   0.0000e+00   2.9224e+02
20191106_12:00:00   1.2808e-01   3.5263e+01   2.5769e+00   0.0000e+00   7.1988e-04   2.9217e+02
20191106_13:00:00   1.4502e-01   3.9039e+01   2.9548e+00   0.0000e+00   3.3339e-05   2.9200e+02
20191106_14:00:00   1.6265e-01   4.2979e+01   3.3360e+00   0.0000e+00   5.5224e-04   2.8971e+02
20191106_15:00:00   1.7744e-01   4.6276e+01   3.6445e+00   0.0000e+00   1.9817e-03   2.8800e+02
20191106_16:00:00   1.9042e-01   4.9220e+01   3.8889e+00   0.0000e+00   2.6276e-03   2.8841e+02
20191106_17:00:00   2.0458e-01   5.2426e+01   4.1438e+00   0.0000e+00   1.6755e-04   2.8954e+02
20191106_18:00:00   2.2194e-01   5.6256e+01   4.4486e+00   0.0000e+00   3.3534e-05   2.9053e+02
20191106_19:00:00   2.3626e-01   5.9430e+01   4.6744e+00   0.0000e+00   1.3508e-04   2.8961e+02
20191106_20:00:00   2.5750e-01   6.3833e+01   5.0613e+00   0.0000e+00   1.3034e-04   2.8886e+02
20191106_21:00:00   2.6029e-01   6.4577e+01   5.0659e+00   0.0000e+00   0.0000e+00   2.8873e+02
20191106_22:00:00   2.5486e-01   6.3694e+01   4.8886e+00   0.0000e+00   0.0000e+00   2.8735e+02
20191106_23:00:00   2.4684e-01   6.2177e+01   4.7094e+00   0.0000e+00   0.0000e+00   2.8665e+02
20191107_00:00:00   2.3998e-01   6.0748e+01   4.6066e+00   0.0000e+00   0.0000e+00   2.8600e+02
20191107_01:00:00   2.4219e-01   6.1263e+01   4.6234e+00   0.0000e+00   0.0000e+00   2.8625e+02
20191107_02:00:00   2.4458e-01   6.1919e+01   4.5923e+00   0.0000e+00   0.0000e+00   2.8693e+02
20191107_03:00:00   2.5044e-01   6.3243e+01   4.6346e+00   0.0000e+00   0.0000e+00   2.8772e+02
20191107_04:00:00   2.4677e-01   6.2559e+01   4.5152e+00   0.0000e+00   0.0000e+00   2.8900e+02
20191107_05:00:00   2.3393e-01   5.9870e+01   4.2565e+00   0.0000e+00   0.0000e+00   2.9064e+02
20191107_06:00:00   2.0450e-01   5.3598e+01   3.7221e+00   0.0000e+00   0.0000e+00   2.9246e+02
20191107_07:00:00   1.7909e-01   4.8028e+01   3.2627e+00   0.0000e+00   0.0000e+00   2.9444e+02
20191107_08:00:00   1.6444e-01   4.4735e+01   2.9903e+00   0.0000e+00   0.0000e+00   2.9545e+02
20191107_09:00:00   1.4255e-01   3.9725e+01   2.5655e+00   0.0000e+00   0.0000e+00   2.9527e+02
20191107_10:00:00   1.2382e-01   3.5342e+01   2.2047e+00   0.0000e+00   0.0000e+00   2.9490e+02
20191107_11:00:00   1.2649e-01   3.5911e+01   2.2592e+00   0.0000e+00   0.0000e+00   2.9411e+02
20191107_12:00:00   1.4463e-01   4.0046e+01   2.6135e+00   0.0000e+00   0.0000e+00   2.9410e+02
20191107_13:00:00   1.7008e-01   4.5736e+01   3.0937e+00   0.0000e+00   0.0000e+00   2.9456e+02
20191107_14:00:00   1.6693e-01   4.4942e+01   3.0658e+00   0.0000e+00   0.0000e+00   2.9455e+02
20191107_15:00:00   1.5960e-01   4.3223e+01   2.9506e+00   0.0000e+00   0.0000e+00   2.9538e+02
20191107_16:00:00   1.3340e-01   3.7430e+01   2.3991e+00   0.0000e+00   8.3790e-08   2.9704e+02
20191107_17:00:00   9.9138e-02   2.9549e+01   1.6696e+00   0.0000e+00   0.0000e+00   2.9900e+02
20191107_18:00:00   8.7678e-02   2.6797e+01   1.4118e+00   3.9250e-04   0.0000e+00   3.0064e+02
20191107_19:00:00   7.7229e-02   2.4174e+01   1.2191e+00   2.0660e-04   0.0000e+00   3.0214e+02
20191107_20:00:00   6.9221e-02   2.2153e+01   1.0538e+00   6.1800e-04   3.4540e-07   3.0226e+02
20191107_21:00:00   8.1200e-02   2.5136e+01   1.1415e+00   3.9260e-03   1.1010e-06   3.0216e+02
20191107_22:00:00   6.9313e-02   2.2149e+01   1.0858e+00   3.1850e-04   0.0000e+00   3.0418e+02
20191107_23:00:00   6.9277e-02   2.2066e+01   1.1157e+00   0.0000e+00   0.0000e+00   3.0585e+02
20191108_00:00:00   7.2059e-02   2.2682e+01   1.1915e+00   0.0000e+00   0.0000e+00   3.0717e+02
20191108_01:00:00   7.9650e-02   2.4460e+01   1.3696e+00   0.0000e+00   0.0000e+00   3.0900e+02
20191108_02:00:00   9.1119e-02   2.7142e+01   1.6288e+00   0.0000e+00   0.0000e+00   3.0862e+02
20191108_03:00:00   1.0452e-01   3.0170e+01   1.9425e+00   0.0000e+00   0.0000e+00   3.0804e+02
20191108_04:00:00   1.1950e-01   3.3613e+01   2.2663e+00   0.0000e+00   0.0000e+00   3.0772e+02
20191108_05:00:00   1.3661e-01   3.7496e+01   2.6338e+00   0.0000e+00   1.2292e-06   3.0812e+02
20191108_06:00:00   1.5951e-01   4.2607e+01   3.1090e+00   0.0000e+00   2.5720e-05   3.0891e+02
20191108_07:00:00   1.7706e-01   4.6494e+01   3.4411e+00   0.0000e+00   0.0000e+00   3.1050e+02
20191108_08:00:00   1.8839e-01   4.9001e+01   3.6542e+00   0.0000e+00   0.0000e+00   3.1085e+02
20191108_09:00:00   1.8693e-01   4.8722e+01   3.6095e+00   0.0000e+00   0.0000e+00   3.1194e+02
20191108_10:00:00   1.6359e-01   4.3725e+01   3.1058e+00   0.0000e+00   0.0000e+00   3.1100e+02
20191108_11:00:00   1.3984e-01   3.8464e+01   2.6106e+00   0.0000e+00   0.0000e+00   3.1005e+02
20191108_12:00:00   1.2959e-01   3.6182e+01   2.3908e+00   0.0000e+00   0.0000e+00   3.0865e+02
20191108_13:00:00   1.3054e-01   3.6415e+01   2.4096e+00   0.0000e+00   0.0000e+00   3.0710e+02
20191108_14:00:00   1.3014e-01   3.6386e+01   2.3893e+00   1.2420e-04   0.0000e+00   3.0692e+02
20191108_15:00:00   1.1468e-01   3.2780e+01   2.0974e+00   3.0900e-05   0.0000e+00   3.0774e+02
20191108_16:00:00   1.0753e-01   3.0993e+01   1.9872e+00   1.2450e-04   0.0000e+00   3.0838e+02
20191108_17:00:00   1.0617e-01   3.0643e+01   1.9787e+00   0.0000e+00   0.0000e+00   3.0815e+02
20191108_18:00:00   1.0868e-01   3.1291e+01   2.0238e+00   0.0000e+00   0.0000e+00   3.0827e+02
20191108_21:00:00   1.3010e-01   3.6284e+01   2.4531e+00   0.0000e+00   0.0000e+00   3.0986e+02
20191109_00:00:00   1.3801e-01   3.8229e+01   2.5779e+00   0.0000e+00   0.0000e+00   3.1110e+02
20191109_03:00:00   1.4464e-01   3.9940e+01   2.6716e+00   0.0000e+00   0.0000e+00   3.0939e+02
20191109_06:00:00   1.7558e-01   4.6709e+01   3.3427e+00   0.0000e+00   3.4695e-04   3.1200e+02
20191109_09:00:00   1.9598e-01   5.1184e+01   3.7205e+00   0.0000e+00   2.8710e-03   3.1428e+02
20191109_12:00:00   2.3052e-01   5.8594e+01   4.3231e+00   0.0000e+00   5.1542e-04   3.1158e+02
20191109_15:00:00   1.9429e-01   5.0887e+01   3.6582e+00   0.0000e+00   0.0000e+00   3.0829e+02
20191109_18:00:00   1.6981e-01   4.5406e+01   3.2376e+00   0.0000e+00   2.0216e-04   3.0960e+02
20191109_21:00:00   2.0437e-01   5.2519e+01   4.0419e+00   0.0000e+00   6.9167e-03   3.1311e+02
20191110_00:00:00   2.1572e-01   5.4914e+01   4.2662e+00   0.0000e+00   4.2646e-05   3.1224e+02
20191110_03:00:00   1.6392e-01   4.4209e+01   3.0843e+00   0.0000e+00   0.0000e+00   3.0976e+02
20191110_06:00:00   1.7307e-01   4.6183e+01   3.3021e+00   0.0000e+00   0.0000e+00   3.1070e+02
20191110_09:00:00   1.8189e-01   4.7838e+01   3.5687e+00   0.0000e+00   3.5020e-06   3.1204e+02
20191110_12:00:00   1.8051e-01   4.7842e+01   3.4827e+00   0.0000e+00   6.0746e-04   3.1091e+02
20191110_15:00:00   1.7767e-01   4.7508e+01   3.4018e+00   0.0000e+00   5.8200e-06   3.0458e+02
20191110_18:00:00   2.0453e-01   5.3425e+01   3.9491e+00   0.0000e+00   7.7382e-04   3.0326e+02
20191110_21:00:00   2.4562e-01   6.1982e+01   4.8217e+00   0.0000e+00   0.0000e+00   3.0412e+02
20191111_00:00:00   2.7946e-01   6.8790e+01   5.6423e+00   0.0000e+00   8.3815e-04   2.9805e+02
20191111_03:00:00   3.4560e-01   8.1579e+01   7.0568e+00   0.0000e+00   2.0987e-03   2.9751e+02
20191111_06:00:00   3.7669e-01   8.7501e+01   7.7038e+00   0.0000e+00   6.2807e-03   2.9690e+02
20191111_09:00:00   3.4497e-01   8.1680e+01   7.0915e+00   0.0000e+00   3.0495e-02   2.9495e+02
20191111_12:00:00   3.1355e-01   7.5962e+01   6.3820e+00   0.0000e+00   7.3111e-03   2.9024e+02
20191111_15:00:00   3.7553e-01   8.8321e+01   7.3083e+00   0.0000e+00   3.1673e-03   2.8936e+02
20191111_18:00:00   4.1581e-01   9.5858e+01   7.2739e+00   1.4544e-02   5.5665e-04   2.8711e+02
20191111_21:00:00   4.1065e-01   9.4984e+01   7.0321e+00   1.7860e-02   3.1139e-04   2.8577e+02
20191112_00:00:00   7.1733e-01   1.4215e+02   7.3775e+00   1.3211e-01   5.7567e-04   2.8005e+02
20191112_03:00:00   1.2487e+00   1.9594e+02   6.9883e+00   3.5559e-01   1.0160e-03   2.8175e+02
20191112_06:00:00   2.1879e+00   2.4243e+02   7.7571e+00   7.3223e-01   7.9403e-04   2.7931e+02
20191112_09:00:00   1.8491e+00   2.2982e+02   7.2779e+00   6.0402e-01   7.2995e-04   2.7944e+02
20191112_12:00:00   2.9911e-01   7.3673e+01   5.4944e+00   6.4670e-03   5.6322e-06   2.7754e+02
20191112_15:00:00   2.4928e-01   6.3652e+01   4.6842e+00   2.9050e-03   2.2311e-05   2.7752e+02
20191112_18:00:00   2.7782e-01   6.9229e+01   5.4760e+00   6.4080e-04   4.5440e-07   2.8171e+02
20191112_21:00:00   2.4777e-01   6.2957e+01   4.8613e+00   1.4260e-03   4.4880e-06   2.8495e+02
20191113_00:00:00   1.9068e-01   5.0163e+01   3.9190e+00   1.1520e-04   4.6070e-07   2.8475e+02
20191113_03:00:00   2.3510e-01   5.9012e+01   4.8832e+00   0.0000e+00   0.0000e+00   2.8633e+02
20191113_06:00:00   2.4626e-01   6.1348e+01   5.0083e+00   0.0000e+00   0.0000e+00   2.8979e+02
20191113_09:00:00   2.7801e-01   6.8213e+01   5.3848e+00   0.0000e+00   8.7860e-05   2.9447e+02
20191113_12:00:00   3.0861e-01   7.3637e+01   6.1214e+00   0.0000e+00   0.0000e+00   2.9923e+02
20191113_15:00:00   3.4603e-01   8.0970e+01   6.5670e+00   1.1790e-03   3.7493e-04   3.0604e+02
20191113_18:00:00   3.5642e-01   8.2999e+01   6.2895e+00   1.0644e-02   4.6011e-04   3.1128e+02
20191113_21:00:00   3.7087e-01   8.5673e+01   6.1799e+00   1.9555e-02   2.7429e-03   3.1031e+02
20191114_00:00:00   3.5779e-01   8.3271e+01   6.5216e+00   4.5960e-03   6.4680e-04   3.1004e+02
20191114_03:00:00   2.9154e-01   7.1063e+01   5.1858e+00   4.1350e-03   7.9150e-06   3.1058e+02
20191114_06:00:00   3.0750e-01   7.3906e+01   5.7585e+00   0.0000e+00   7.0528e-06   3.1371e+02
20191114_09:00:00   3.2632e-01   7.7345e+01   6.1687e+00   0.0000e+00   6.4828e-03   3.1682e+02
20191114_12:00:00   2.3026e-01   5.8785e+01   4.2145e+00   4.1310e-04   3.7566e-03   3.1542e+02
20191114_15:00:00   3.1919e-01   7.6747e+01   4.8660e+00   2.2204e-02   9.2612e-04   3.1122e+02
20191114_18:00:00   1.8389e-01   4.8715e+01   3.4839e+00   0.0000e+00   3.8752e-03   3.0907e+02
20191114_21:00:00   1.0192e-01   2.9983e+01   1.8546e+00   0.0000e+00   5.7435e-03   3.0678e+02
20191115_00:00:00   8.1792e-02   2.5205e+01   1.4250e+00   0.0000e+00   9.8896e-04   3.0180e+02
20191115_03:00:00   7.7177e-02   2.4025e+01   1.3392e+00   0.0000e+00   9.0570e-04   3.0223e+02
20191115_06:00:00   8.6785e-02   2.6250e+01   1.5685e+00   0.0000e+00   2.5620e-04   3.0708e+02
20191115_09:00:00   9.3338e-02   2.7844e+01   1.6974e+00   0.0000e+00   4.6100e-06   3.1178e+02
20191115_12:00:00   1.0115e-01   2.9754e+01   1.8530e+00   0.0000e+00   2.4645e-04   3.1331e+02
20191115_15:00:00   9.0867e-02   2.7244e+01   1.6399e+00   0.0000e+00   2.1976e-03   3.1439e+02
20191115_18:00:00   1.0818e-01   3.1283e+01   2.0126e+00   0.0000e+00   1.2454e-03   3.1427e+02
20191115_21:00:00   2.3299e-01   5.8635e+01   4.5761e+00   0.0000e+00   4.3862e-04   3.1063e+02
20191116_00:00:00   1.8445e+00   2.2816e+02   8.9144e+00   5.7230e-01   4.2976e-01   3.0749e+02
20191116_03:00:00   1.4589e+00   2.0751e+02   7.8871e+00   4.3994e-01   1.8012e-01   3.1014e+02
20191116_06:00:00   6.5926e-01   1.3137e+02   6.6231e+00   1.2825e-01   5.5265e-02   3.1256e+02
20191116_09:00:00   2.7622e-01   6.7365e+01   5.2077e+00   0.0000e+00   5.7571e-02   3.0732e+02
20191116_12:00:00   2.7516e-01   6.6959e+01   5.2453e+00   3.0156e-04   7.7641e-02   3.0201e+02
20191116_15:00:00   1.3425e-01   3.6872e+01   2.5415e+00   2.5613e-04   2.4622e-02   2.9624e+02
20191116_18:00:00   1.0639e-01   3.0007e+01   2.0784e+00   0.0000e+00   2.6799e-02   2.9548e+02
20191116_21:00:00   1.1978e-01   3.3065e+01   2.3613e+00   0.0000e+00   2.1192e-02   2.9538e+02
20191117_00:00:00   1.4277e-01   3.8543e+01   2.7906e+00   0.0000e+00   1.2228e-02   2.9410e+02
20191117_03:00:00   1.4920e-01   3.9930e+01   2.8709e+00   0.0000e+00   8.3132e-02   2.9980e+02
20191117_06:00:00   3.4384e-01   8.0323e+01   4.9613e+00   3.3351e-02   5.5907e-02   3.0218e+02
20191117_09:00:00   4.8097e-01   1.0374e+02   7.9037e+00   1.9373e-02   4.6881e-01   3.0585e+02
20191117_12:00:00   4.7698e-01   1.0355e+02   6.6449e+00   5.1365e-02   1.4020e-02   3.0090e+02
20191117_15:00:00   1.2469e+00   1.9218e+02   7.2482e+00   3.6557e-01   1.8531e-01   3.0309e+02
20191117_18:00:00   8.6734e-01   1.5649e+02   6.9374e+00   2.1311e-01   8.6894e-02   3.0736e+02
20191117_21:00:00   5.6178e-01   1.1709e+02   7.0805e+00   7.3669e-02   6.4953e-02   3.1376e+02
20191118_00:00:00   3.7317e-01   8.5417e+01   6.8434e+00   1.4744e-03   8.1338e-03   3.1771e+02
20191118_03:00:00   3.7793e-01   8.6275e+01   6.9835e+00   1.4971e-03   1.2462e-02   3.1556e+02
20191118_06:00:00   3.5095e-01   8.1295e+01   6.7372e+00   6.3880e-06   1.9166e-02   3.2153e+02
20191118_09:00:00   4.5114e-01   9.9247e+01   7.4055e+00   2.3361e-02   1.4101e-01   3.2258e+02
20191118_12:00:00   7.4841e-01   1.4317e+02   8.2444e+00   1.2465e-01   2.9973e-01   3.1944e+02
20191118_15:00:00   4.6329e-01   1.0106e+02   7.6963e+00   1.7786e-02   3.5732e-01   3.1903e+02
20191118_18:00:00   1.0634e+00   1.7712e+02   7.3184e+00   2.8325e-01   1.8390e-01   3.2240e+02
20191118_21:00:00   6.2806e-01   1.2640e+02   7.2650e+00   1.0131e-01   8.7805e-02   3.2172e+02
20191119_00:00:00   5.4216e-01   1.1370e+02   7.3132e+00   6.2806e-02   6.5276e-02   3.1923e+02
20191119_03:00:00   7.2275e-01   1.3902e+02   7.5591e+00   1.2471e-01   9.6388e-01   3.1990e+02
20191119_06:00:00   3.1861e-01   7.4871e+01   5.8127e+00   3.0289e-03   9.3617e-02   3.2397e+02
20191119_09:00:00   2.5857e-01   6.3141e+01   4.8608e+00   0.0000e+00   3.0727e-02   3.2521e+02
20191119_12:00:00   2.1114e-01   5.3541e+01   3.8849e+00   1.2062e-03   2.7539e-03   3.2825e+02
20191119_15:00:00   4.0204e-01   9.0487e+01   4.1160e+00   7.7201e-02   3.0771e-02   3.2680e+02
20191119_18:00:00   1.3614e-01   3.7356e+01   2.2164e+00   3.8451e-03   1.8165e-02   3.2992e+02
