#            date       tau225        Tb[K]      pwv[mm] lwp[kg*m^-2] iwp[kg*m^-2]       o3[DU]
20191013_06:00:00   0.0000e+00   2.7000e+00   0.0000e+00   0.0000e+00   0.0000e+00   0.0000e+00
20191013_07:00:00   2.5261e-01   6.4481e+01   4.8336e+00   0.0000e+00   0.0000e+00   2.6787e+02
20191013_08:00:00   2.7380e-01   6.8825e+01   5.2306e+00   0.0000e+00   0.0000e+00   2.6818e+02
20191013_09:00:00   2.9488e-01   7.3125e+01   5.5879e+00   0.0000e+00   0.0000e+00   2.6871e+02
20191013_10:00:00   0.0000e+00   0.0000e+00   0.0000e+00   0.0000e+00   0.0000e+00   0.0000e+00
20191013_11:00:00   0.0000e+00   0.0000e+00   0.0000e+00   0.0000e+00   0.0000e+00   0.0000e+00
20191013_12:00:00   0.0000e+00   0.0000e+00   0.0000e+00   0.0000e+00   0.0000e+00   0.0000e+00
20191013_13:00:00   2.8058e-01   7.0492e+01   5.2464e+00   0.0000e+00   0.0000e+00   2.6978e+02
20191013_14:00:00   2.8447e-01   7.1304e+01   5.3341e+00   0.0000e+00   0.0000e+00   2.7058e+02
20191013_15:00:00   2.9123e-01   7.2709e+01   5.4491e+00   0.0000e+00   0.0000e+00   2.6929e+02
20191013_16:00:00   0.0000e+00   2.7000e+00   0.0000e+00   0.0000e+00   0.0000e+00   0.0000e+00
20191013_17:00:00   2.3917e-01   6.2043e+01   4.5026e+00   0.0000e+00   0.0000e+00   2.6682e+02
20191013_18:00:00   2.1455e-01   5.6730e+01   4.0812e+00   0.0000e+00   0.0000e+00   2.6698e+02
20191013_19:00:00   2.5326e-01   6.5031e+01   4.7883e+00   0.0000e+00   0.0000e+00   2.6803e+02
20191013_20:00:00   3.0428e-01   7.5423e+01   5.7089e+00   0.0000e+00   0.0000e+00   2.6908e+02
20191013_21:00:00   0.0000e+00   0.0000e+00   0.0000e+00   0.0000e+00   0.0000e+00   0.0000e+00
20191013_22:00:00   3.9013e-01   9.1496e+01   7.3287e+00   0.0000e+00   0.0000e+00   2.6782e+02
20191013_23:00:00   0.0000e+00   0.0000e+00   0.0000e+00   0.0000e+00   0.0000e+00   0.0000e+00
20191014_00:00:00   3.9758e-01   9.2533e+01   7.6428e+00   0.0000e+00   0.0000e+00   2.6805e+02
20191014_01:00:00   4.4263e-01   1.0018e+02   8.5450e+00   0.0000e+00   9.7677e-03   2.6748e+02
20191014_02:00:00   4.0396e-01   9.3387e+01   7.9259e+00   0.0000e+00   3.7537e-02   2.6657e+02
20191014_03:00:00   0.0000e+00   2.7000e+00   0.0000e+00   0.0000e+00   0.0000e+00   0.0000e+00
20191014_04:00:00   5.4540e-01   1.1675e+02   1.0279e+01   1.5650e-03   1.8449e-03   2.6539e+02
20191014_05:00:00   0.0000e+00   0.0000e+00   0.0000e+00   0.0000e+00   0.0000e+00   0.0000e+00
20191014_06:00:00   0.0000e+00   0.0000e+00   0.0000e+00   0.0000e+00   0.0000e+00   0.0000e+00
20191014_07:00:00   0.0000e+00   0.0000e+00   0.0000e+00   0.0000e+00   0.0000e+00   0.0000e+00
20191014_08:00:00   0.0000e+00   0.0000e+00   0.0000e+00   0.0000e+00   0.0000e+00   0.0000e+00
20191014_09:00:00   0.0000e+00   2.7000e+00   0.0000e+00   0.0000e+00   0.0000e+00   0.0000e+00
20191014_10:00:00   0.0000e+00   2.7000e+00   0.0000e+00   0.0000e+00   0.0000e+00   0.0000e+00
20191014_11:00:00   2.0005e-01   5.3436e+01   3.4470e+00   4.1350e-03   0.0000e+00   2.8425e+02
20191014_12:00:00   3.9595e-01   9.2740e+01   4.8751e+00   4.9278e-02   1.6158e-05   2.8250e+02
20191014_13:00:00   4.3331e-01   9.9144e+01   5.9579e+00   4.0510e-02   1.1749e-03   2.8320e+02
20191014_14:00:00   3.8316e-01   9.0059e+01   5.2419e+00   3.6213e-02   4.7116e-05   2.8484e+02
20191014_15:00:00   3.4735e-01   8.4085e+01   7.4061e+00   0.0000e+00   0.0000e+00   2.6910e+02
20191014_16:00:00   3.8371e-01   8.9942e+01   4.6009e+00   5.5308e-02   7.3726e-04   2.8555e+02
20191014_17:00:00   2.8546e-01   7.0757e+01   4.8603e+00   1.0861e-02   3.6752e-04   2.8887e+02
20191014_18:00:00   2.1812e-01   5.6862e+01   4.0092e+00   8.0320e-04   0.0000e+00   2.9051e+02
20191014_19:00:00   1.7657e-01   4.7740e+01   3.2679e+00   2.5620e-05   0.0000e+00   2.9159e+02
20191014_20:00:00   0.0000e+00   0.0000e+00   0.0000e+00   0.0000e+00   0.0000e+00   0.0000e+00
20191014_21:00:00   2.1052e-01   5.5242e+01   3.7884e+00   1.3040e-04   4.2840e-06   2.8807e+02
20191014_22:00:00   4.5625e-01   1.0602e+02   8.0830e+00   0.0000e+00   0.0000e+00   2.6016e+02
20191014_23:00:00   1.9018e-01   5.0622e+01   3.4345e+00   9.0890e-04   3.0651e-03   2.8314e+02
20191015_00:00:00   1.4747e-01   4.0754e+01   2.7737e+00   1.3970e-04   5.5374e-03   2.8397e+02
20191015_01:00:00   0.0000e+00   0.0000e+00   0.0000e+00   0.0000e+00   0.0000e+00   0.0000e+00
20191015_02:00:00   8.9943e-02   2.6651e+01   1.7898e+00   0.0000e+00   2.1986e-03   2.8539e+02
20191015_03:00:00   7.7777e-02   2.3842e+01   1.4860e+00   0.0000e+00   7.7300e-06   2.8553e+02
20191015_04:00:00   8.5030e-02   2.5542e+01   1.6633e+00   0.0000e+00   5.3690e-04   2.8507e+02
20191015_05:00:00   7.9419e-02   2.4581e+01   1.6899e+00   0.0000e+00   0.0000e+00   2.6458e+02
20191015_06:00:00   0.0000e+00   2.7000e+00   0.0000e+00   0.0000e+00   0.0000e+00   0.0000e+00
20191015_07:00:00   1.1258e-01   3.1851e+01   2.3240e+00   0.0000e+00   1.4273e-03   2.8564e+02
20191015_08:00:00   1.1941e-01   3.3454e+01   2.4709e+00   0.0000e+00   0.0000e+00   2.8776e+02
20191015_09:00:00   1.2730e-01   3.5251e+01   2.6581e+00   0.0000e+00   1.3723e-03   2.8956e+02
20191015_10:00:00   1.4180e-01   3.8457e+01   2.9996e+00   0.0000e+00   1.3893e-02   2.9186e+02
20191015_11:00:00   1.6473e-01   4.3471e+01   3.5053e+00   0.0000e+00   4.9130e-02   2.9248e+02
20191015_12:00:00   1.9125e-01   4.9233e+01   4.0607e+00   0.0000e+00   8.0327e-02   2.9265e+02
20191015_13:00:00   1.9008e-01   4.9164e+01   4.0477e+00   0.0000e+00   1.0762e-02   2.9242e+02
20191015_14:00:00   1.9509e-01   5.0447e+01   4.1226e+00   0.0000e+00   3.9524e-03   2.9262e+02
20191015_15:00:00   1.9154e-01   5.0030e+01   3.9788e+00   3.7410e-05   0.0000e+00   2.9076e+02
20191015_16:00:00   2.2438e-01   5.9578e+01   4.7754e+00   0.0000e+00   0.0000e+00   2.5720e+02
20191015_17:00:00   7.2331e-01   1.4541e+02   1.4538e+01   1.1490e-03   1.8443e-02   2.5258e+02
20191015_18:00:00   6.4132e-01   1.3449e+02   1.2284e+01   2.2080e-04   6.4430e-06   2.8472e+02
20191015_19:00:00   0.0000e+00   0.0000e+00   0.0000e+00   0.0000e+00   0.0000e+00   0.0000e+00
20191015_20:00:00   1.6995e-01   4.5525e+01   3.5616e+00   0.0000e+00   5.5359e-05   2.8471e+02
20191015_21:00:00   0.0000e+00   0.0000e+00   0.0000e+00   0.0000e+00   0.0000e+00   0.0000e+00
20191015_22:00:00   6.3469e-01   1.3265e+02   1.2509e+01   1.2384e-02   1.0668e-02   2.4330e+02
20191015_23:00:00   2.2486e-01   5.7121e+01   4.8737e+00   0.0000e+00   1.1400e-03   2.8173e+02
20191016_00:00:00   2.5139e-01   6.2534e+01   5.4633e+00   0.0000e+00   4.4283e-03   2.7960e+02
20191016_01:00:00   2.7230e-01   6.6713e+01   5.9229e+00   0.0000e+00   6.1351e-03   2.8040e+02
20191016_02:00:00   2.8770e-01   6.9869e+01   6.2147e+00   0.0000e+00   5.9799e-03   2.8154e+02
20191016_03:00:00   3.0518e-01   7.3354e+01   6.5496e+00   0.0000e+00   3.7260e-03   2.8225e+02
20191016_04:00:00   0.0000e+00   0.0000e+00   0.0000e+00   0.0000e+00   0.0000e+00   0.0000e+00
20191016_05:00:00   0.0000e+00   2.7000e+00   0.0000e+00   0.0000e+00   0.0000e+00   0.0000e+00
20191016_06:00:00   6.2302e-01   1.3028e+02   1.2694e+01   0.0000e+00   8.4722e-03   2.5709e+02
20191016_07:00:00   0.0000e+00   0.0000e+00   0.0000e+00   0.0000e+00   0.0000e+00   0.0000e+00
20191016_08:00:00   3.5189e-01   8.2501e+01   7.4501e+00   0.0000e+00   1.2292e-06   2.8411e+02
20191016_09:00:00   1.2333e+03   5.3206e+01   3.6420e-01   0.0000e+00   3.6260e+06   2.4818e+02
20191016_10:00:00   0.0000e+00   2.7000e+00   0.0000e+00   0.0000e+00   0.0000e+00   0.0000e+00
20191016_11:00:00   3.6339e-01   8.4478e+01   7.7064e+00   0.0000e+00   2.3388e-03   2.8241e+02
20191016_12:00:00   3.6878e-01   8.5525e+01   7.8306e+00   0.0000e+00   1.1858e-03   2.8043e+02
20191016_13:00:00   3.8028e-01   8.7878e+01   7.9974e+00   0.0000e+00   3.1034e-04   2.7828e+02
20191016_14:00:00   3.9493e-01   9.0672e+01   8.2579e+00   0.0000e+00   1.6307e-05   2.7770e+02
20191016_15:00:00   9.1080e-01   1.6720e+02   1.3124e+01   8.9927e-02   6.9280e-06   2.7672e+02
20191016_16:00:00   4.1560e-01   9.4579e+01   8.5883e+00   0.0000e+00   0.0000e+00   2.7724e+02
20191016_17:00:00   4.0767e-01   9.3332e+01   8.4027e+00   0.0000e+00   0.0000e+00   2.7820e+02
20191016_18:00:00   4.0018e-01   9.2064e+01   8.2398e+00   0.0000e+00   0.0000e+00   2.7922e+02
20191016_19:00:00   0.0000e+00   0.0000e+00   0.0000e+00   0.0000e+00   0.0000e+00   0.0000e+00
20191016_20:00:00   4.1743e-01   9.5144e+01   8.5748e+00   0.0000e+00   0.0000e+00   2.7984e+02
20191016_21:00:00   4.1783e-01   9.5167e+01   8.5870e+00   0.0000e+00   0.0000e+00   2.8000e+02
20191016_22:00:00   4.1083e-01   9.3863e+01   8.4600e+00   0.0000e+00   0.0000e+00   2.8034e+02
20191016_23:00:00   0.0000e+00   2.7000e+00   0.0000e+00   0.0000e+00   0.0000e+00   0.0000e+00
20191017_00:00:00   0.0000e+00   2.7000e+00   0.0000e+00   0.0000e+00   0.0000e+00   0.0000e+00
20191017_01:00:00   3.8094e-01   8.8608e+01   7.8172e+00   0.0000e+00   0.0000e+00   2.7774e+02
20191017_02:00:00   0.0000e+00   0.0000e+00   0.0000e+00   0.0000e+00   0.0000e+00   0.0000e+00
20191017_03:00:00   3.9574e-01   9.1360e+01   8.0595e+00   0.0000e+00   0.0000e+00   2.7772e+02
20191017_04:00:00   0.0000e+00   0.0000e+00   0.0000e+00   0.0000e+00   0.0000e+00   0.0000e+00
20191017_05:00:00   0.0000e+00   0.0000e+00   0.0000e+00   0.0000e+00   0.0000e+00   0.0000e+00
20191017_06:00:00   4.4722e-01   1.0046e+02   8.9499e+00   0.0000e+00   0.0000e+00   2.7738e+02
20191017_07:00:00   0.0000e+00   2.7000e+00   0.0000e+00   0.0000e+00   0.0000e+00   0.0000e+00
20191017_08:00:00   0.0000e+00   0.0000e+00   0.0000e+00   0.0000e+00   0.0000e+00   0.0000e+00
20191017_09:00:00   0.0000e+00   2.7000e+00   0.0000e+00   0.0000e+00   0.0000e+00   0.0000e+00
20191017_10:00:00   0.0000e+00   2.7000e+00   0.0000e+00   0.0000e+00   0.0000e+00   0.0000e+00
20191017_11:00:00   4.6974e-01   1.0422e+02   9.3730e+00   0.0000e+00   4.3026e-06   2.7607e+02
20191017_12:00:00   0.0000e+00   0.0000e+00   0.0000e+00   0.0000e+00   0.0000e+00   0.0000e+00
20191017_13:00:00   0.0000e+00   0.0000e+00   0.0000e+00   0.0000e+00   0.0000e+00   0.0000e+00
20191017_14:00:00   4.9729e-01   1.0876e+02   9.8550e+00   0.0000e+00   6.1890e-03   2.7487e+02
20191017_15:00:00   9.2868e-02   2.7831e+01   2.0342e+00   0.0000e+00   8.8480e-06   2.5666e+02
20191017_16:00:00   4.3998e-01   9.9291e+01   8.7617e+00   0.0000e+00   2.3463e-03   2.7464e+02
20191017_17:00:00   4.2218e-01   9.6143e+01   8.4526e+00   0.0000e+00   2.9861e-03   2.7516e+02
20191017_18:00:00   4.1383e-01   9.4448e+01   8.3638e+00   0.0000e+00   7.6609e-03   2.7654e+02
20191017_19:00:00   3.3354e-01   8.0943e+01   7.2338e+00   0.0000e+00   6.0816e-03   2.7698e+02
20191017_20:00:00   0.0000e+00   0.0000e+00   0.0000e+00   0.0000e+00   0.0000e+00   0.0000e+00
20191017_21:00:00   0.0000e+00   2.7000e+00   0.0000e+00   0.0000e+00   0.0000e+00   0.0000e+00
20191017_22:00:00   4.2664e-01   9.6088e+01   8.7416e+00   0.0000e+00   1.0540e-02   2.7439e+02
20191017_23:00:00   4.4156e-01   9.8571e+01   9.0169e+00   0.0000e+00   1.0231e-02   2.7365e+02
20191018_00:00:00   0.0000e+00   0.0000e+00   0.0000e+00   0.0000e+00   0.0000e+00   0.0000e+00
20191018_01:00:00   0.0000e+00   0.0000e+00   0.0000e+00   0.0000e+00   0.0000e+00   0.0000e+00
20191018_02:00:00   4.5795e-01   1.0186e+02   9.1557e+00   0.0000e+00   1.7615e-05   2.7270e+02
20191018_03:00:00   4.4176e-01   9.9238e+01   8.8156e+00   0.0000e+00   3.4280e-06   2.7087e+02
20191018_04:00:00   4.4327e-01   9.9558e+01   8.8073e+00   0.0000e+00   0.0000e+00   2.6923e+02
20191018_05:00:00   5.0380e-01   1.1217e+02   1.0038e+01   2.3060e-03   0.0000e+00   2.6429e+02
20191018_06:00:00   0.0000e+00   0.0000e+00   0.0000e+00   0.0000e+00   0.0000e+00   0.0000e+00
20191018_09:00:00   4.0479e-01   9.3173e+01   8.0286e+00   0.0000e+00   2.6920e-06   2.6987e+02
20191018_12:00:00   1.7615e-05   2.7134e+00   0.0000e+00   0.0000e+00   0.0000e+00   3.5247e+01
20191018_15:00:00   0.0000e+00   0.0000e+00   0.0000e+00   0.0000e+00   0.0000e+00   0.0000e+00
20191018_18:00:00   3.8812e-01   9.0564e+01   7.7048e+00   0.0000e+00   0.0000e+00   2.6018e+02
20191018_21:00:00   3.7261e-01   8.7727e+01   7.3727e+00   0.0000e+00   0.0000e+00   2.6119e+02
20191019_00:00:00   0.0000e+00   0.0000e+00   0.0000e+00   0.0000e+00   0.0000e+00   0.0000e+00
20191019_03:00:00   3.4676e-01   8.3042e+01   6.8089e+00   0.0000e+00   3.3360e-05   2.5815e+02
20191019_06:00:00   0.0000e+00   2.7000e+00   0.0000e+00   0.0000e+00   0.0000e+00   0.0000e+00
20191019_09:00:00   0.0000e+00   0.0000e+00   0.0000e+00   0.0000e+00   0.0000e+00   0.0000e+00
20191019_12:00:00   3.9584e-01   9.1762e+01   7.8156e+00   0.0000e+00   3.0819e-04   2.6385e+02
20191019_15:00:00   3.9954e-01   9.2397e+01   7.8452e+00   3.7980e-04   2.3779e-04   2.6430e+02
20191019_18:00:00   0.0000e+00   2.7000e+00   0.0000e+00   0.0000e+00   0.0000e+00   0.0000e+00
20191019_21:00:00   6.4716e-01   1.3444e+02   1.2152e+01   0.0000e+00   7.6840e-06   2.7034e+02
20191020_00:00:00   4.8804e-01   1.0647e+02   1.0959e+01   1.1715e-03   3.8617e-03   2.5150e+02
20191020_03:00:00   5.2835e-01   1.1344e+02   1.0102e+01   1.1025e-03   1.5864e-02   2.7160e+02
20191020_06:00:00   6.1650e-01   1.2626e+02   1.1636e+01   1.4158e-03   1.2222e-01   2.7406e+02
20191020_09:00:00   8.0673e-01   1.5171e+02   1.0795e+01   9.7622e-02   8.6932e-02   2.7662e+02
20191020_12:00:00   5.3643e-01   1.1394e+02   1.0217e+01   3.8956e-04   1.4252e-01   2.7628e+02
20191020_15:00:00   6.1399e-01   1.2554e+02   1.0518e+01   2.3433e-02   1.0871e-01   2.7602e+02
20191020_18:00:00   5.1182e-01   1.1140e+02   6.7298e+00   5.6611e-02   2.0550e-03   2.8068e+02
20191020_21:00:00   0.0000e+00   0.0000e+00   0.0000e+00   0.0000e+00   0.0000e+00   0.0000e+00
20191021_00:00:00   1.3200e-01   3.7790e+01   1.8833e+00   8.1470e-03   0.0000e+00   2.8738e+02
20191021_03:00:00   8.2101e-02   2.5688e+01   9.8273e-01   6.9150e-03   0.0000e+00   2.9141e+02
20191021_06:00:00   5.9745e-02   1.9922e+01   8.9237e-01   2.1040e-04   0.0000e+00   2.9072e+02
20191021_09:00:00   6.9133e-02   2.2127e+01   1.1571e+00   0.0000e+00   0.0000e+00   2.9286e+02
20191021_12:00:00   1.1088e-01   3.2141e+01   2.0032e+00   1.7236e-03   0.0000e+00   2.8734e+02
20191021_15:00:00   7.8849e-01   1.4926e+02   1.1082e+01   1.2428e-01   6.8504e-02   2.5015e+02
20191021_18:00:00   1.2532e-01   3.5482e+01   2.4655e+00   0.0000e+00   0.0000e+00   2.8255e+02
20191021_21:00:00   1.3620e-01   3.7806e+01   2.7840e+00   0.0000e+00   0.0000e+00   2.7977e+02
20191022_00:00:00   9.7516e+03   1.2480e+02   2.1524e+00   1.4415e-03   9.3760e+05   2.7615e+02
20191022_03:00:00   2.0452e-01   5.3061e+01   4.3085e+00   0.0000e+00   0.0000e+00   2.7611e+02
20191022_06:00:00   2.5024e-01   6.2943e+01   5.2433e+00   0.0000e+00   0.0000e+00   2.7408e+02
20191022_09:00:00   2.9932e-01   7.3048e+01   6.2450e+00   0.0000e+00   0.0000e+00   2.7633e+02
20191022_12:00:00   3.3155e-01   7.9540e+01   6.8798e+00   0.0000e+00   0.0000e+00   2.7426e+02
20191022_15:00:00   3.1399e-01   7.6563e+01   6.3968e+00   0.0000e+00   0.0000e+00   2.7327e+02
20191022_18:00:00   2.9639e-01   7.3426e+01   5.8788e+00   0.0000e+00   0.0000e+00   2.7386e+02
20191022_21:00:00   2.9976e-01   7.4188e+01   5.8609e+00   0.0000e+00   0.0000e+00   2.7342e+02
20191023_00:00:00   2.9368e-01   7.2967e+01   5.7385e+00   0.0000e+00   0.0000e+00   2.7300e+02
20191023_03:00:00   2.9228e-01   7.2583e+01   5.7462e+00   0.0000e+00   0.0000e+00   2.7398e+02
20191023_06:00:00   2.8839e-01   7.1351e+01   5.8400e+00   0.0000e+00   0.0000e+00   2.7674e+02
20191023_09:00:00   1.6691e-01   4.5694e+01   3.5944e+00   0.0000e+00   0.0000e+00   2.6605e+02
20191023_12:00:00   2.4435e-01   6.2167e+01   4.9508e+00   0.0000e+00   0.0000e+00   2.8191e+02
20191023_15:00:00   2.3005e-01   5.9214e+01   4.6335e+00   0.0000e+00   0.0000e+00   2.7880e+02
20191023_18:00:00   1.9974e-01   5.2845e+01   3.9790e+00   0.0000e+00   0.0000e+00   2.7866e+02
20191023_21:00:00   1.7964e-01   4.8525e+01   3.5119e+00   0.0000e+00   0.0000e+00   2.7784e+02
20191024_00:00:00   1.8090e-01   4.8753e+01   3.5281e+00   0.0000e+00   0.0000e+00   2.7715e+02
20191024_03:00:00   1.7717e-01   4.7836e+01   3.4571e+00   0.0000e+00   0.0000e+00   2.7807e+02
20191024_06:00:00   0.0000e+00   0.0000e+00   0.0000e+00   0.0000e+00   0.0000e+00   0.0000e+00
20191024_09:00:00   1.7382e-01   4.6932e+01   3.4032e+00   0.0000e+00   0.0000e+00   2.8478e+02
20191024_12:00:00   3.3762e-01   8.2064e+01   6.3001e+00   0.0000e+00   0.0000e+00   2.8611e+02
20191024_15:00:00   1.8897e-01   5.0469e+01   3.6596e+00   0.0000e+00   0.0000e+00   2.8125e+02
20191024_18:00:00   1.8092e-01   4.8688e+01   3.5125e+00   0.0000e+00   0.0000e+00   2.8273e+02
20191024_21:00:00   1.7077e-01   4.6437e+01   3.3008e+00   0.0000e+00   0.0000e+00   2.8253e+02
20191025_00:00:00   1.6232e-01   4.4548e+01   3.1264e+00   0.0000e+00   0.0000e+00   2.8134e+02
20191025_03:00:00   1.4885e-01   4.1504e+01   2.8463e+00   0.0000e+00   0.0000e+00   2.8109e+02
20191025_06:00:00   1.3220e-01   3.7697e+01   2.4867e+00   0.0000e+00   0.0000e+00   2.8205e+02
20191025_09:00:00   0.0000e+00   2.7000e+00   0.0000e+00   0.0000e+00   0.0000e+00   0.0000e+00
20191025_12:00:00   0.0000e+00   0.0000e+00   0.0000e+00   0.0000e+00   0.0000e+00   0.0000e+00
20191025_15:00:00   1.3815e-01   3.9287e+01   2.5322e+00   0.0000e+00   0.0000e+00   2.8177e+02
20191025_18:00:00   1.3748e-01   3.9099e+01   2.5379e+00   0.0000e+00   0.0000e+00   2.8344e+02
20191025_21:00:00   1.3509e-01   3.8544e+01   2.4885e+00   0.0000e+00   0.0000e+00   2.8495e+02
20191026_00:00:00   1.2234e-01   3.5520e+01   2.2346e+00   0.0000e+00   0.0000e+00   2.8415e+02
20191026_03:00:00   1.7635e-01   4.8948e+01   3.2210e+00   0.0000e+00   0.0000e+00   2.6052e+02
20191026_06:00:00   9.5516e-02   2.8993e+01   1.6991e+00   0.0000e+00   0.0000e+00   2.8487e+02
20191026_09:00:00   0.0000e+00   0.0000e+00   0.0000e+00   0.0000e+00   0.0000e+00   0.0000e+00
20191026_12:00:00   1.1630e-01   3.4113e+01   2.0755e+00   0.0000e+00   0.0000e+00   2.8813e+02
20191026_15:00:00   1.1784e-01   3.4467e+01   2.1119e+00   0.0000e+00   0.0000e+00   2.8748e+02
20191026_18:00:00   1.1044e-01   3.2645e+01   1.9853e+00   0.0000e+00   0.0000e+00   2.8639e+02
20191026_21:00:00   1.0859e-01   3.2159e+01   1.9509e+00   0.0000e+00   0.0000e+00   2.8800e+02
20191027_00:00:00   3.0314e-01   7.6194e+01   5.2464e+00   0.0000e+00   0.0000e+00   2.8694e+02
20191027_03:00:00   1.0360e-01   3.0907e+01   1.8472e+00   0.0000e+00   1.6582e-04   2.8797e+02
20191027_06:00:00   0.0000e+00   0.0000e+00   0.0000e+00   0.0000e+00   0.0000e+00   0.0000e+00
20191027_09:00:00   0.0000e+00   0.0000e+00   0.0000e+00   0.0000e+00   0.0000e+00   0.0000e+00
20191027_12:00:00   1.2284e-01   3.5207e+01   2.3063e+00   0.0000e+00   1.9562e-03   2.9399e+02
20191027_15:00:00   1.6369e-01   4.4579e+01   3.0580e+00   1.7006e-03   7.1132e-04   2.9509e+02
20191027_18:00:00   1.4890e-01   4.0910e+01   2.9228e+00   3.7920e-05   3.8985e-03   2.9739e+02
20191027_21:00:00   1.3924e-01   3.8609e+01   2.7447e+00   0.0000e+00   3.1230e-03   2.9714e+02
20191028_00:00:00   1.3836e-01   3.8305e+01   2.7394e+00   0.0000e+00   8.1381e-03   2.9533e+02
20191028_03:00:00   1.4798e-01   4.0409e+01   2.9490e+00   0.0000e+00   3.6282e-03   2.9329e+02
20191028_06:00:00   0.0000e+00   0.0000e+00   0.0000e+00   0.0000e+00   0.0000e+00   0.0000e+00
20191028_09:00:00   2.1938e-01   5.6349e+01   4.2599e+00   0.0000e+00   1.5132e-03   2.9401e+02
20191028_12:00:00   2.2638e-01   5.7797e+01   4.3961e+00   3.6090e-05   6.7850e-03   2.9145e+02
20191028_15:00:00   2.4459e-01   6.1781e+01   4.7005e+00   2.1369e-04   8.5975e-03   2.8407e+02
20191028_18:00:00   0.0000e+00   0.0000e+00   0.0000e+00   0.0000e+00   0.0000e+00   0.0000e+00
20191028_21:00:00   8.7968e+03   2.7590e+02   4.6669e+00   0.0000e+00   2.3750e+05   2.8938e+02
20191029_00:00:00   3.3890e-01   8.0753e+01   6.2065e+00   2.4000e-03   3.2867e-05   2.8011e+02
20191029_03:00:00   4.2685e-01   9.6459e+01   7.3677e+00   1.3324e-02   1.8523e-03   2.7581e+02
20191029_06:00:00   0.0000e+00   0.0000e+00   0.0000e+00   0.0000e+00   0.0000e+00   0.0000e+00
