#            date       tau225        Tb[K]      pwv[mm] lwp[kg*m^-2] iwp[kg*m^-2]       o3[DU]
20191029_00:00:00   3.2212e-01   7.8040e+01   6.0962e+00   0.0000e+00   2.7798e-03   2.6808e+02
20191029_01:00:00   3.0698e-01   7.5105e+01   5.7717e+00   0.0000e+00   1.8148e-03   2.6912e+02
20191029_02:00:00   2.8450e-01   7.0629e+01   5.3414e+00   0.0000e+00   5.9537e-04   2.6911e+02
20191029_03:00:00   2.5318e-01   6.4083e+01   4.8313e+00   0.0000e+00   4.7300e-06   2.6647e+02
20191029_04:00:00   2.1995e-01   5.6953e+01   4.2590e+00   0.0000e+00   0.0000e+00   2.6668e+02
20191029_05:00:00   1.8928e-01   5.0112e+01   3.7385e+00   0.0000e+00   0.0000e+00   2.6615e+02
20191029_06:00:00   1.6762e-01   4.5360e+01   3.2969e+00   0.0000e+00   0.0000e+00   2.6606e+02
20191029_07:00:00   1.5299e-01   4.2059e+01   2.9999e+00   0.0000e+00   0.0000e+00   2.6662e+02
20191029_08:00:00   1.4073e-01   3.9198e+01   2.7631e+00   0.0000e+00   0.0000e+00   2.6782e+02
20191029_09:00:00   1.2933e-01   3.6621e+01   2.5088e+00   0.0000e+00   0.0000e+00   2.6847e+02
20191029_10:00:00   1.2436e-01   3.5530e+01   2.3824e+00   0.0000e+00   0.0000e+00   2.6816e+02
20191029_11:00:00   1.3531e-01   3.8120e+01   2.6021e+00   0.0000e+00   0.0000e+00   2.6853e+02
20191029_12:00:00   1.5473e-01   4.2633e+01   2.9912e+00   0.0000e+00   0.0000e+00   2.6928e+02
20191029_13:00:00   1.6380e-01   4.4804e+01   3.1369e+00   0.0000e+00   0.0000e+00   2.6854e+02
20191029_14:00:00   1.8759e-01   5.0199e+01   3.4547e+00   3.0380e-03   2.3093e-06   2.6766e+02
20191029_15:00:00   2.0025e-01   5.3067e+01   3.6513e+00   4.0470e-03   4.3840e-06   2.6572e+02
20191029_16:00:00   2.3456e-01   6.0505e+01   4.2386e+00   5.3940e-03   4.3860e-06   2.6430e+02
20191029_17:00:00   2.1467e-01   5.6303e+01   4.0869e+00   5.4670e-04   0.0000e+00   2.6441e+02
20191029_18:00:00   1.9494e-01   5.2060e+01   3.7150e+00   2.3046e-04   0.0000e+00   2.6487e+02
20191029_19:00:00   1.9016e-01   5.0963e+01   3.6542e+00   0.0000e+00   0.0000e+00   2.6508e+02
20191029_20:00:00   1.8472e-01   4.9633e+01   3.6045e+00   0.0000e+00   0.0000e+00   2.6480e+02
20191029_21:00:00   1.8731e-01   5.0145e+01   3.6892e+00   0.0000e+00   0.0000e+00   2.6413e+02
20191029_22:00:00   1.8775e-01   5.0234e+01   3.7123e+00   0.0000e+00   5.1040e-05   2.6357e+02
20191029_23:00:00   2.0121e-01   5.3088e+01   4.0303e+00   0.0000e+00   1.1882e-05   2.6301e+02
20191030_00:00:00   2.2520e-01   5.8065e+01   4.5848e+00   0.0000e+00   5.7558e-05   2.6276e+02
20191030_01:00:00   2.5187e-01   6.3444e+01   5.1937e+00   0.0000e+00   1.5418e-03   2.6167e+02
20191030_02:00:00   2.7253e-01   6.7498e+01   5.6761e+00   0.0000e+00   6.1331e-03   2.6163e+02
20191030_03:00:00   2.9134e-01   7.1105e+01   6.1249e+00   0.0000e+00   9.8722e-03   2.6305e+02
20191030_04:00:00   3.0161e-01   7.2984e+01   6.3790e+00   0.0000e+00   1.0493e-02   2.6554e+02
20191030_05:00:00   3.1981e-01   7.6309e+01   6.8022e+00   0.0000e+00   1.3341e-02   2.6642e+02
20191030_06:00:00   3.1581e-01   7.5567e+01   6.7083e+00   0.0000e+00   2.2732e-03   2.6703e+02
20191030_07:00:00   3.1387e-01   7.5241e+01   6.6615e+00   0.0000e+00   1.6740e-03   2.6684e+02
20191030_08:00:00   3.1916e-01   7.6376e+01   6.7232e+00   0.0000e+00   4.0844e-03   2.6713e+02
20191030_09:00:00   3.4178e-01   8.0602e+01   7.1878e+00   0.0000e+00   2.5419e-03   2.6700e+02
20191030_10:00:00   3.7092e-01   8.6003e+01   7.7777e+00   0.0000e+00   1.3220e-03   2.6566e+02
20191030_11:00:00   3.8311e-01   8.8273e+01   8.0199e+00   0.0000e+00   3.5299e-03   2.6554e+02
20191030_12:00:00   3.9425e-01   9.0254e+01   8.2708e+00   0.0000e+00   8.7886e-03   2.6429e+02
20191030_13:00:00   4.0991e-01   9.3017e+01   8.5869e+00   0.0000e+00   1.0379e-02   2.6264e+02
20191030_14:00:00   4.3669e-01   9.7683e+01   9.1115e+00   0.0000e+00   1.2358e-02   2.6311e+02
20191030_15:00:00   5.0582e-01   1.0923e+02   1.0403e+01   0.0000e+00   1.4520e-02   2.6477e+02
20191030_16:00:00   5.9447e-01   1.2311e+02   1.1946e+01   0.0000e+00   4.0804e-02   2.6578e+02
20191030_17:00:00   6.0201e-01   1.2424e+02   1.2034e+01   0.0000e+00   7.9541e-02   2.6484e+02
20191030_18:00:00   5.8458e-01   1.2164e+02   1.1717e+01   0.0000e+00   7.7862e-02   2.6556e+02
20191030_19:00:00   5.6751e-01   1.1912e+02   1.1416e+01   0.0000e+00   5.7073e-02   2.6736e+02
20191030_20:00:00   5.5987e-01   1.1802e+02   1.1210e+01   0.0000e+00   5.4210e-02   2.6693e+02
20191030_21:00:00   5.7244e-01   1.1989e+02   1.1445e+01   0.0000e+00   6.5343e-02   2.6622e+02
20191030_22:00:00   5.7129e-01   1.1965e+02   1.1458e+01   0.0000e+00   1.2346e-02   2.6482e+02
20191030_23:00:00   5.9437e-01   1.2302e+02   1.1904e+01   0.0000e+00   9.5693e-03   2.6338e+02
20191031_00:00:00   6.1373e-01   1.2579e+02   1.2229e+01   0.0000e+00   1.7094e-02   2.6267e+02
20191031_01:00:00   6.6414e-01   1.3294e+02   1.2726e+01   7.7060e-03   3.2346e-02   2.6222e+02
20191031_02:00:00   1.2384e+00   1.9407e+02   1.3453e+01   2.2502e-01   3.7135e-02   2.6190e+02
20191031_03:00:00   1.2543e+00   1.9527e+02   1.3531e+01   2.2890e-01   1.7235e-02   2.6027e+02
20191031_04:00:00   1.2231e+00   1.9314e+02   1.3069e+01   2.2226e-01   1.0843e-02   2.6097e+02
20191031_05:00:00   6.5617e-01   1.3285e+02   1.2100e+01   6.6722e-03   1.9052e-04   2.6215e+02
20191031_06:00:00   6.0962e-01   1.2649e+02   1.1432e+01   8.4520e-04   4.0992e-05   2.6358e+02
20191031_07:00:00   5.8191e-01   1.2265e+02   1.0632e+01   5.1862e-03   1.5599e-06   2.6459e+02
20191031_08:00:00   6.2824e-01   1.2949e+02   1.1023e+01   1.3395e-02   1.8847e-04   2.6476e+02
20191031_09:00:00   5.9042e-01   1.2406e+02   1.0887e+01   1.0450e-03   1.2370e-04   2.6612e+02
20191031_10:00:00   5.3633e-01   1.1595e+02   9.9543e+00   1.0400e-04   2.4580e-04   2.6533e+02
20191031_11:00:00   5.1502e-01   1.1267e+02   9.4633e+00   2.8240e-03   7.1860e-04   2.6576e+02
20191031_12:00:00   5.0237e-01   1.1072e+02   9.0399e+00   7.4201e-03   1.7244e-03   2.6482e+02
20191031_13:00:00   4.6748e-01   1.0490e+02   8.6667e+00   2.2847e-03   2.7798e-03   2.6487e+02
20191031_14:00:00   4.3543e-01   9.9387e+01   8.2286e+00   0.0000e+00   3.9280e-03   2.6411e+02
20191031_15:00:00   4.0393e-01   9.3786e+01   7.7381e+00   0.0000e+00   4.6106e-03   2.6165e+02
20191031_16:00:00   3.8646e-01   9.0529e+01   7.5051e+00   0.0000e+00   7.1036e-03   2.6131e+02
20191031_17:00:00   3.7839e-01   8.8933e+01   7.4120e+00   0.0000e+00   7.8822e-03   2.6167e+02
20191031_18:00:00   3.7139e-01   8.7534e+01   7.3474e+00   0.0000e+00   5.3171e-03   2.6011e+02
20191031_19:00:00   3.7289e-01   8.7648e+01   7.4468e+00   0.0000e+00   3.1051e-03   2.5998e+02
20191031_20:00:00   3.7912e-01   8.8637e+01   7.6487e+00   0.0000e+00   7.8354e-04   2.6054e+02
20191031_21:00:00   3.9916e-01   9.2078e+01   8.1237e+00   0.0000e+00   4.1988e-04   2.5976e+02
20191031_22:00:00   4.2697e-01   9.6926e+01   8.6781e+00   0.0000e+00   3.4937e-04   2.5800e+02
20191031_23:00:00   4.6659e-01   1.0364e+02   9.4414e+00   0.0000e+00   1.3796e-05   2.5609e+02
20191101_00:00:00   4.7229e-01   1.0477e+02   9.4622e+00   0.0000e+00   1.5924e-05   2.5434e+02
20191101_01:00:00   4.7022e-01   1.0458e+02   9.3396e+00   0.0000e+00   3.4720e-05   2.5473e+02
20191101_02:00:00   4.9365e-01   1.0846e+02   9.7607e+00   0.0000e+00   6.9280e-06   2.5580e+02
20191101_03:00:00   5.2565e-01   1.1348e+02   1.0420e+01   0.0000e+00   0.0000e+00   2.5541e+02
20191101_04:00:00   5.5685e-01   1.1816e+02   1.1058e+01   0.0000e+00   3.2692e-04   2.5644e+02
20191101_05:00:00   5.8728e-01   1.2255e+02   1.1682e+01   0.0000e+00   1.4216e-03   2.5675e+02
20191101_06:00:00   6.0728e-01   1.2547e+02   1.2028e+01   0.0000e+00   4.4483e-04   2.5647e+02
20191101_07:00:00   5.7812e-01   1.2118e+02   1.1502e+01   0.0000e+00   1.2688e-03   2.5691e+02
20191101_08:00:00   5.3101e-01   1.1409e+02   1.0604e+01   0.0000e+00   2.6767e-05   2.5647e+02
20191101_09:00:00   5.4186e-01   1.1579e+02   1.0743e+01   0.0000e+00   6.4628e-05   2.5480e+02
20191101_10:00:00   5.4926e-01   1.1706e+02   1.0772e+01   0.0000e+00   2.1702e-04   2.5305e+02
20191101_11:00:00   5.6019e-01   1.1879e+02   1.0899e+01   0.0000e+00   3.4604e-05   2.5145e+02
20191101_12:00:00   5.6084e-01   1.1894e+02   1.0900e+01   0.0000e+00   1.3472e-05   2.5050e+02
20191101_13:00:00   5.3677e-01   1.1534e+02   1.0392e+01   0.0000e+00   0.0000e+00   2.5153e+02
20191101_14:00:00   5.3998e-01   1.1589e+02   1.0479e+01   0.0000e+00   0.0000e+00   2.5207e+02
20191101_15:00:00   5.6151e-01   1.1912e+02   1.0902e+01   0.0000e+00   6.0318e-05   2.5243e+02
20191101_16:00:00   5.6155e-01   1.1908e+02   1.0913e+01   0.0000e+00   4.2142e-04   2.5358e+02
20191101_17:00:00   5.6773e-01   1.1997e+02   1.1040e+01   0.0000e+00   1.5589e-04   2.5382e+02
20191101_18:00:00   5.7173e-01   1.2054e+02   1.1100e+01   0.0000e+00   2.2963e-03   2.5495e+02
20191101_19:00:00   5.9051e-01   1.2314e+02   1.1503e+01   0.0000e+00   6.9044e-03   2.5484e+02
20191101_20:00:00   5.9540e-01   1.2377e+02   1.1626e+01   0.0000e+00   4.1185e-03   2.5341e+02
20191101_21:00:00   5.9977e-01   1.2440e+02   1.1668e+01   0.0000e+00   2.9262e-03   2.5194e+02
20191101_22:00:00   6.0893e-01   1.2577e+02   1.1799e+01   0.0000e+00   1.7216e-03   2.5095e+02
20191101_23:00:00   5.9401e-01   1.2356e+02   1.1541e+01   0.0000e+00   1.8317e-03   2.5113e+02
20191102_00:00:00   5.1755e-01   1.1164e+02   1.0250e+01   0.0000e+00   4.5315e-03   2.4984e+02
20191102_01:00:00   4.5969e-01   1.0213e+02   9.1800e+00   0.0000e+00   4.9939e-03   2.5041e+02
20191102_02:00:00   4.4397e-01   9.9594e+01   8.7955e+00   0.0000e+00   2.1754e-03   2.5125e+02
20191102_03:00:00   4.0288e-01   9.2443e+01   8.0239e+00   0.0000e+00   2.6757e-03   2.5121e+02
20191102_04:00:00   4.0999e-01   9.3675e+01   8.1794e+00   0.0000e+00   1.3619e-03   2.5090e+02
20191102_05:00:00   4.4046e-01   9.8975e+01   8.6846e+00   0.0000e+00   4.1276e-04   2.5126e+02
20191102_06:00:00   4.3533e-01   9.8213e+01   8.5715e+00   0.0000e+00   3.3540e-05   2.5109e+02
20191102_07:00:00   4.5297e-01   1.0121e+02   8.8240e+00   0.0000e+00   2.4941e-03   2.5240e+02
20191102_08:00:00   4.5806e-01   1.0205e+02   8.9312e+00   0.0000e+00   4.3759e-03   2.5355e+02
20191102_09:00:00   4.7939e-01   1.0557e+02   9.3069e+00   0.0000e+00   4.6692e-03   2.5469e+02
20191102_10:00:00   5.1152e-01   1.1074e+02   9.8357e+00   0.0000e+00   1.4185e-02   2.5484e+02
20191102_11:00:00   5.4814e-01   1.1640e+02   1.0479e+01   0.0000e+00   3.0340e-02   2.5572e+02
20191102_12:00:00   5.9437e-01   1.2327e+02   1.1094e+01   5.4000e-03   1.2769e-02   2.5523e+02
20191102_13:00:00   5.8791e-01   1.2220e+02   1.1238e+01   2.7490e-04   1.6735e-02   2.5545e+02
20191102_14:00:00   6.0348e-01   1.2447e+02   1.1488e+01   9.9763e-04   1.9257e-02   2.5787e+02
20191102_15:00:00   6.5173e-01   1.3146e+02   1.1577e+01   1.7978e-02   1.0762e-02   2.6298e+02
20191102_16:00:00   7.5679e-01   1.4549e+02   1.1756e+01   5.6922e-02   2.4913e-02   2.6632e+02
20191102_17:00:00   8.9524e-01   1.6193e+02   1.1262e+01   1.2556e-01   2.3225e-02   2.7115e+02
20191102_18:00:00   8.6066e-01   1.5789e+02   1.0971e+01   1.1697e-01   5.1917e-02   2.7991e+02
20191102_19:00:00   3.7185e-01   8.7051e+01   6.7053e+00   4.9660e-03   1.0835e-04   2.8363e+02
20191102_20:00:00   3.4122e-01   8.1682e+01   5.9176e+00   7.0860e-03   2.1988e-06   2.8155e+02
20191102_21:00:00   2.9685e-01   7.3035e+01   5.4168e+00   1.7016e-03   3.5337e-05   2.7389e+02
20191102_22:00:00   2.8576e-01   7.0899e+01   4.9142e+00   7.3070e-03   2.7305e-03   2.6979e+02
20191102_23:00:00   2.6458e-01   6.6085e+01   5.1480e+00   3.4360e-04   7.9157e-03   2.6935e+02
20191103_00:00:00   3.6114e-01   8.4622e+01   6.9592e+00   4.2270e-03   5.1148e-03   2.6841e+02
20191103_03:00:00   2.8652e-01   6.9566e+01   6.1025e+00   0.0000e+00   4.5883e-02   2.6881e+02
20191103_06:00:00   3.0719e-01   7.3512e+01   6.6393e+00   1.3290e-05   1.1091e-02   2.7572e+02
20191103_09:00:00   5.0741e-01   1.0936e+02   9.7060e+00   1.1948e-02   3.5397e-02   2.7797e+02
20191103_12:00:00   6.9175e-01   1.3699e+02   9.6980e+00   7.9145e-02   6.5580e-03   2.7309e+02
20191103_15:00:00   1.5039e+00   2.1254e+02   8.3849e+00   4.3944e-01   7.2527e-04   2.7300e+02
20191103_18:00:00   1.2765e+00   1.9788e+02   5.4953e+00   4.0109e-01   2.7714e-04   2.7672e+02
20191103_21:00:00   6.0910e-01   1.2657e+02   3.8096e+00   1.6391e-01   1.1639e-04   2.7679e+02
20191104_00:00:00   1.0925e-01   3.1860e+01   2.0735e+00   1.8100e-04   0.0000e+00   2.7321e+02
20191104_03:00:00   8.0766e-02   2.5074e+01   1.4671e+00   0.0000e+00   0.0000e+00   2.7286e+02
20191104_06:00:00   8.0458e-02   2.4967e+01   1.4836e+00   0.0000e+00   0.0000e+00   2.7190e+02
20191104_09:00:00   9.5388e-02   2.8629e+01   1.8104e+00   0.0000e+00   0.0000e+00   2.6797e+02
20191104_12:00:00   2.6018e-01   6.5562e+01   5.0435e+00   0.0000e+00   0.0000e+00   2.6216e+02
20191104_15:00:00   2.5516e-01   6.4477e+01   5.0420e+00   0.0000e+00   0.0000e+00   2.6241e+02
20191104_18:00:00   3.9526e-01   9.1569e+01   7.3345e+00   1.8908e-03   3.9694e-05   2.6563e+02
20191104_21:00:00   3.2462e-01   7.8229e+01   5.9857e+00   2.3667e-03   6.7461e-05   2.6476e+02
20191105_00:00:00   2.4875e-01   6.2835e+01   4.5799e+00   5.3800e-03   0.0000e+00   2.6575e+02
20191105_03:00:00   2.4934e+00   2.5013e+02   8.8287e+00   8.3657e-01   1.9674e-01   2.7184e+02
20191105_06:00:00   2.0964e+00   2.3780e+02   8.3246e+00   6.9420e-01   3.0315e-01   2.7568e+02
20191105_09:00:00   5.7269e-01   1.1893e+02   7.1393e+00   8.1939e-02   4.1032e-02   2.8459e+02
20191105_12:00:00   2.7520e-01   6.6079e+01   5.2621e+00   6.5210e-04   5.6951e-01   2.9178e+02
20191105_15:00:00   6.2561e-02   2.0384e+01   9.3552e-01   2.9800e-05   4.1484e-04   3.0616e+02
20191105_18:00:00   1.5709e-01   4.2661e+01   2.7490e+00   0.0000e+00   0.0000e+00   3.1030e+02
20191105_21:00:00   1.8020e-01   4.7696e+01   3.1915e+00   0.0000e+00   9.2190e-07   3.1462e+02
20191106_00:00:00   2.1689e-01   5.5440e+01   3.8096e+00   1.1900e-03   5.8740e-05   3.1576e+02
20191106_03:00:00   2.7589e-01   6.7303e+01   4.6155e+00   6.6751e-03   4.9441e-03   3.1698e+02
20191106_06:00:00   3.2208e-01   7.6164e+01   4.1071e+00   3.8716e-02   5.5116e-02   3.2225e+02
20191106_09:00:00   1.1051e-01   3.1962e+01   1.7672e+00   2.1953e-04   5.4293e-05   3.2103e+02
20191106_12:00:00   1.3897e-01   3.8503e+01   2.2775e+00   3.0050e-04   1.0446e-03   3.1303e+02
20191106_15:00:00   9.2111e-02   2.7678e+01   1.4975e+00   8.1560e-06   8.1530e-07   3.1033e+02
20191106_18:00:00   8.5162e-02   2.5984e+01   1.4091e+00   0.0000e+00   0.0000e+00   3.0441e+02
20191106_21:00:00   8.5822e-02   2.6116e+01   1.4616e+00   0.0000e+00   0.0000e+00   2.9664e+02
20191107_00:00:00   8.3589e-02   2.5579e+01   1.4480e+00   0.0000e+00   0.0000e+00   2.8895e+02
20191107_03:00:00   1.0391e-01   3.0238e+01   1.9598e+00   0.0000e+00   0.0000e+00   2.8862e+02
20191107_06:00:00   1.6139e-01   4.3258e+01   3.2308e+00   0.0000e+00   1.6635e-03   2.8926e+02
20191107_09:00:00   2.1180e-01   5.3808e+01   4.3079e+00   0.0000e+00   2.2636e-02   2.8802e+02
20191107_12:00:00   4.2073e-01   9.3632e+01   7.9839e+00   0.0000e+00   3.6616e-01   2.8855e+02
20191107_15:00:00   8.5175e-01   1.5559e+02   7.2097e+00   1.9422e-01   8.5259e-02   2.9896e+02
20191107_18:00:00   1.4285e+00   2.0450e+02   7.2877e+00   4.4493e-01   3.4501e-01   3.0708e+02
20191107_21:00:00   1.9634e-01   5.0726e+01   2.9227e+00   1.5256e-02   2.8278e-04   3.1055e+02
20191108_00:00:00   9.6915e-02   2.8378e+01   1.6506e+00   2.9350e-05   1.5463e-05   3.0853e+02
20191108_03:00:00   1.0371e-01   2.9828e+01   1.8752e+00   0.0000e+00   5.4170e-06   3.0899e+02
20191108_06:00:00   1.1037e-01   3.1265e+01   2.0802e+00   0.0000e+00   0.0000e+00   3.1122e+02
20191108_09:00:00   1.2567e-01   3.4769e+01   2.3529e+00   0.0000e+00   0.0000e+00   3.1495e+02
20191108_12:00:00   1.1542e-01   3.2858e+01   2.0365e+00   1.4440e-04   2.6190e-06   3.1293e+02
20191108_15:00:00   1.1649e-01   3.3205e+01   2.0866e+00   1.6490e-04   4.8560e-06   3.1155e+02
20191108_18:00:00   1.3820e-01   3.8205e+01   2.5766e+00   4.8750e-04   6.1280e-06   3.1176e+02
20191108_21:00:00   1.6357e-01   4.3921e+01   3.1492e+00   1.4370e-04   2.1884e-06   3.0961e+02
20191109_00:00:00   2.0936e-01   5.3916e+01   4.1221e+00   0.0000e+00   0.0000e+00   3.0691e+02
20191109_03:00:00   2.6808e-01   6.6266e+01   5.2543e+00   0.0000e+00   0.0000e+00   3.0303e+02
20191109_06:00:00   3.0229e-01   7.3454e+01   5.7705e+00   0.0000e+00   0.0000e+00   3.0377e+02
20191109_09:00:00   2.8456e-01   7.0047e+01   5.4640e+00   0.0000e+00   0.0000e+00   3.0402e+02
20191109_12:00:00   2.9158e-01   7.1413e+01   5.5898e+00   0.0000e+00   0.0000e+00   3.0515e+02
20191109_15:00:00   3.9058e-01   8.9984e+01   7.3031e+00   1.1060e-04   5.7480e-04   3.0020e+02
20191109_18:00:00   1.5292e+00   2.1339e+02   7.5201e+00   4.6638e-01   2.2373e-03   3.0418e+02
20191109_21:00:00   1.3951e+00   2.0432e+02   8.5975e+00   3.9126e-01   1.0214e-01   3.0258e+02
20191110_00:00:00   1.1601e+00   1.8705e+02   4.8842e+00   3.7070e-01   4.6481e-03   3.0287e+02
20191110_03:00:00   1.4152e-01   3.9406e+01   2.2826e+00   3.5636e-03   1.6454e-05   3.0074e+02
20191110_06:00:00   5.2672e-02   1.7779e+01   8.0380e-01   0.0000e+00   0.0000e+00   2.9767e+02
20191110_09:00:00   4.7649e-02   1.6477e+01   6.9281e-01   0.0000e+00   0.0000e+00   2.9749e+02
20191110_12:00:00   5.1879e-02   1.7568e+01   7.6064e-01   0.0000e+00   3.7470e-06   2.9730e+02
20191110_15:00:00   8.4786e-02   2.5705e+01   1.1131e+00   6.4392e-03   2.5528e-04   2.9977e+02
20191110_18:00:00   7.0110e-02   2.2021e+01   1.0881e+00   4.8320e-04   8.0490e-05   3.0936e+02
20191110_21:00:00   5.9780e-02   1.9587e+01   8.3356e-01   0.0000e+00   3.0402e-06   3.1828e+02
20191111_00:00:00   5.5382e-02   1.8476e+01   7.3543e-01   0.0000e+00   0.0000e+00   3.1517e+02
20191111_03:00:00   7.3206e-02   2.2806e+01   1.0602e+00   0.0000e+00   0.0000e+00   3.1638e+02
20191111_06:00:00   1.1781e-01   3.3186e+01   1.8195e+00   0.0000e+00   5.0861e-04   3.2655e+02
20191111_09:00:00   1.4103e-01   3.8219e+01   2.2109e+00   1.6106e-04   7.8536e-03   3.3226e+02
20191111_12:00:00   1.7339e-01   4.4965e+01   2.8451e+00   0.0000e+00   5.7480e-02   3.3353e+02
20191111_15:00:00   1.8104e-01   4.6508e+01   2.9909e+00   5.7780e-05   4.8456e-02   3.3538e+02
20191111_18:00:00   1.6109e-01   4.2303e+01   2.6654e+00   0.0000e+00   1.8648e-03   3.3274e+02
20191111_21:00:00   1.5374e-01   4.0732e+01   2.5382e+00   0.0000e+00   6.9058e-04   3.3789e+02
20191112_00:00:00   1.2875e-01   3.5317e+01   2.0587e+00   3.2320e-04   8.2600e-06   3.3206e+02
20191112_03:00:00   1.2328e-01   3.3988e+01   1.9981e+00   3.5540e-05   4.5490e-06   3.2948e+02
20191112_06:00:00   1.2674e-01   3.4758e+01   2.0549e+00   0.0000e+00   6.9631e-05   3.2740e+02
20191112_09:00:00   1.2320e-01   3.3902e+01   1.9968e+00   0.0000e+00   0.0000e+00   3.3078e+02
20191112_12:00:00   1.5852e-01   4.1649e+01   2.6087e+00   0.0000e+00   3.1289e-03   3.2843e+02
20191112_15:00:00   1.4962e-01   3.9818e+01   2.4232e+00   2.4116e-04   1.0153e-03   3.2765e+02
20191112_18:00:00   1.4366e-01   3.8458e+01   2.3272e+00   0.0000e+00   3.9612e-05   3.3323e+02
20191112_21:00:00   1.4934e-01   3.9618e+01   2.4319e+00   0.0000e+00   5.8290e-04   3.3405e+02
20191113_00:00:00   1.4135e-01   3.7825e+01   2.3001e+00   0.0000e+00   3.5731e-04   3.3561e+02
20191113_03:00:00   1.2401e-01   3.4071e+01   1.9851e+00   0.0000e+00   5.2990e-07   3.3205e+02
20191113_06:00:00   1.0237e-01   2.9275e+01   1.5779e+00   0.0000e+00   0.0000e+00   3.3143e+02
20191113_09:00:00   8.1502e-02   2.4480e+01   1.2057e+00   0.0000e+00   0.0000e+00   3.3042e+02
20191113_12:00:00   8.0501e-02   2.4354e+01   1.1919e+00   0.0000e+00   5.7790e-05   3.1165e+02
20191113_15:00:00   7.7718e-02   2.3718e+01   1.2016e+00   0.0000e+00   0.0000e+00   3.0816e+02
20191113_18:00:00   7.4744e-02   2.2833e+01   1.2859e+00   0.0000e+00   0.0000e+00   3.0545e+02
20191113_21:00:00   8.8909e-02   2.6061e+01   1.6470e+00   0.0000e+00   2.7298e-04   3.0230e+02
20191114_00:00:00   1.0446e-01   2.9632e+01   2.0036e+00   0.0000e+00   2.1504e-04   3.0271e+02
