#            date       tau225        Tb[K]      pwv[mm] lwp[kg*m^-2] iwp[kg*m^-2]       o3[DU]
20191118_18:00:00   7.8880e-02   2.4315e+01   1.2107e+00   0.0000e+00   0.0000e+00   3.3001e+02
20191118_19:00:00   8.1938e-02   2.5042e+01   1.2792e+00   0.0000e+00   0.0000e+00   3.2566e+02
20191118_20:00:00   7.7349e-02   2.3945e+01   1.1973e+00   0.0000e+00   0.0000e+00   3.2226e+02
20191118_21:00:00   7.3347e-02   2.2976e+01   1.1335e+00   0.0000e+00   0.0000e+00   3.2082e+02
20191118_22:00:00   6.8999e-02   2.1887e+01   1.0747e+00   0.0000e+00   0.0000e+00   3.1986e+02
20191118_23:00:00   6.8200e-02   2.1666e+01   1.0788e+00   0.0000e+00   0.0000e+00   3.1916e+02
20191119_00:00:00   7.0644e-02   2.2216e+01   1.1569e+00   0.0000e+00   4.2840e-06   3.1788e+02
20191119_01:00:00   7.6688e-02   2.3613e+01   1.3179e+00   0.0000e+00   4.2840e-06   3.1913e+02
20191119_02:00:00   8.1806e-02   2.4770e+01   1.4595e+00   0.0000e+00   3.9023e-05   3.1845e+02
20191119_03:00:00   8.8214e-02   2.6211e+01   1.6294e+00   0.0000e+00   2.2772e-03   3.2029e+02
20191119_04:00:00   9.3131e-02   2.7280e+01   1.7673e+00   0.0000e+00   6.0331e-03   3.2026e+02
20191119_05:00:00   9.9632e-02   2.8718e+01   1.9288e+00   0.0000e+00   1.0805e-02   3.2052e+02
20191119_06:00:00   1.0269e-01   2.9374e+01   2.0081e+00   0.0000e+00   1.5087e-02   3.2059e+02
20191119_07:00:00   1.0880e-01   3.0748e+01   2.1491e+00   0.0000e+00   1.4706e-02   3.2141e+02
20191119_08:00:00   1.1016e-01   3.1029e+01   2.1809e+00   0.0000e+00   1.7140e-02   3.2036e+02
20191119_09:00:00   1.1337e-01   3.1725e+01   2.2525e+00   0.0000e+00   3.7156e-02   3.1929e+02
20191119_10:00:00   1.2022e-01   3.3249e+01   2.4171e+00   0.0000e+00   3.0412e-02   3.1926e+02
20191119_11:00:00   1.4900e-01   3.9685e+01   3.0595e+00   0.0000e+00   1.8252e-02   3.1873e+02
20191119_12:00:00   1.7933e-01   4.6300e+01   3.7009e+00   0.0000e+00   7.3641e-03   3.1822e+02
20191119_13:00:00   1.8783e-01   4.8201e+01   3.8466e+00   0.0000e+00   5.2353e-03   3.1981e+02
20191119_14:00:00   2.1519e-01   5.4017e+01   4.3852e+00   0.0000e+00   5.3443e-03   3.2015e+02
20191119_15:00:00   2.4681e-01   6.0482e+01   4.9974e+00   0.0000e+00   5.4362e-03   3.1950e+02
20191119_16:00:00   2.7216e-01   6.5530e+01   5.4593e+00   0.0000e+00   1.3751e-02   3.1854e+02
20191119_17:00:00   2.9034e-01   6.9086e+01   5.7652e+00   0.0000e+00   3.5621e-02   3.1775e+02
20191119_18:00:00   2.9676e-01   7.0345e+01   5.8390e+00   0.0000e+00   4.0755e-02   3.1663e+02
20191119_19:00:00   3.2166e-01   7.5135e+01   6.2651e+00   0.0000e+00   4.1319e-02   3.1701e+02
20191119_20:00:00   3.3629e-01   7.7858e+01   6.4986e+00   0.0000e+00   4.5457e-02   3.1798e+02
20191119_21:00:00   3.4902e-01   8.0199e+01   6.6562e+00   0.0000e+00   9.2321e-02   3.1790e+02
20191119_22:00:00   3.6650e-01   8.3357e+01   6.8869e+00   0.0000e+00   1.6195e-01   3.1974e+02
20191119_23:00:00   3.6982e-01   8.3933e+01   6.9042e+00   0.0000e+00   1.6466e-01   3.2062e+02
20191120_00:00:00   3.5725e-01   8.1727e+01   6.6514e+00   0.0000e+00   1.1220e-01   3.2157e+02
20191120_01:00:00   3.2873e-01   7.6538e+01   6.1730e+00   0.0000e+00   3.1043e-02   3.2388e+02
20191120_02:00:00   3.0175e-01   7.1456e+01   5.6932e+00   0.0000e+00   1.1891e-02   3.2493e+02
20191120_03:00:00   2.8938e-01   6.9073e+01   5.4732e+00   0.0000e+00   9.4393e-03   3.2509e+02
20191120_04:00:00   2.8371e-01   6.8039e+01   5.3443e+00   0.0000e+00   2.9138e-02   3.2514e+02
20191120_05:00:00   2.6909e-01   6.5324e+01   5.0361e+00   0.0000e+00   3.0709e-02   3.2507e+02
20191120_06:00:00   2.5213e-01   6.2065e+01   4.6779e+00   0.0000e+00   1.7233e-02   3.2638e+02
20191120_07:00:00   2.3911e-01   5.9517e+01   4.4110e+00   0.0000e+00   1.0982e-02   3.2630e+02
20191120_08:00:00   2.3045e-01   5.7746e+01   4.2550e+00   0.0000e+00   1.4550e-02   3.2734e+02
20191120_09:00:00   2.4284e-01   6.0268e+01   4.4786e+00   0.0000e+00   4.3036e-03   3.2918e+02
20191120_10:00:00   2.4575e-01   6.0900e+01   4.5302e+00   0.0000e+00   8.6316e-03   3.2801e+02
20191120_11:00:00   2.6828e-01   6.5356e+01   4.9550e+00   0.0000e+00   1.3417e-03   3.2653e+02
20191120_12:00:00   2.9988e-01   7.1362e+01   5.5291e+00   0.0000e+00   5.4578e-03   3.2562e+02
20191120_13:00:00   3.3073e-01   7.7100e+01   6.0842e+00   0.0000e+00   1.9145e-02   3.2470e+02
20191120_14:00:00   3.6188e-01   8.2714e+01   6.5025e+00   2.8320e-05   2.9872e-01   3.2607e+02
20191120_15:00:00   3.7527e-01   8.5107e+01   6.5886e+00   2.5633e-04   5.3858e-01   3.2856e+02
20191120_16:00:00   5.5496e-01   1.1501e+02   6.3270e+00   8.7167e-02   3.1000e-01   3.2956e+02
20191120_17:00:00   3.4421e-01   7.9726e+01   5.7136e+00   1.0434e-02   1.2857e-01   3.2778e+02
20191120_18:00:00   5.2743e-01   1.1041e+02   5.9463e+00   8.5895e-02   3.0764e-01   3.2350e+02
20191120_19:00:00   3.7036e-01   8.4828e+01   5.1361e+00   3.3243e-02   1.9911e-01   3.2182e+02
20191120_20:00:00   5.0165e-01   1.0770e+02   3.8807e+00   1.2016e-01   4.7317e-02   3.2144e+02
20191120_21:00:00   1.9912e-01   5.1494e+01   3.2157e+00   6.4181e-03   7.1317e-03   3.1967e+02
20191120_22:00:00   2.7257e-01   6.6767e+01   3.1369e+00   4.1441e-02   2.0871e-03   3.1625e+02
20191120_23:00:00   1.8164e-01   4.7491e+01   3.2997e+00   7.9040e-06   3.8050e-06   3.1563e+02
20191121_00:00:00   2.1167e-01   5.3812e+01   3.8786e+00   0.0000e+00   0.0000e+00   3.1692e+02
20191121_01:00:00   2.3018e-01   5.7629e+01   4.2354e+00   0.0000e+00   2.0552e-04   3.1931e+02
20191121_02:00:00   2.3112e-01   5.7762e+01   4.3086e+00   0.0000e+00   3.0219e-04   3.2046e+02
20191121_03:00:00   2.3858e-01   5.9317e+01   4.4593e+00   0.0000e+00   1.1935e-04   3.2089e+02
20191121_04:00:00   2.5719e-01   6.3152e+01   4.6468e+00   3.2776e-03   5.1266e-04   3.1964e+02
20191121_05:00:00   2.6360e-01   6.4462e+01   4.6158e+00   6.7360e-03   7.3228e-04   3.1961e+02
20191121_06:00:00   2.5364e-01   6.2383e+01   4.5755e+00   3.8360e-03   2.1038e-03   3.1944e+02
20191121_07:00:00   2.4899e-01   6.1334e+01   4.6757e+00   0.0000e+00   1.4316e-03   3.2030e+02
20191121_08:00:00   2.5046e-01   6.1453e+01   4.7829e+00   0.0000e+00   4.7291e-03   3.1999e+02
20191121_09:00:00   2.7750e-01   6.6785e+01   5.2823e+00   0.0000e+00   1.8860e-02   3.1738e+02
20191121_10:00:00   3.1600e-01   7.4066e+01   5.9950e+00   0.0000e+00   5.1875e-02   3.1651e+02
20191121_11:00:00   3.6310e-01   8.2729e+01   6.7353e+00   1.8398e-03   1.2187e-01   3.1503e+02
20191121_12:00:00   3.6818e-01   8.3646e+01   6.9172e+00   0.0000e+00   5.6589e-02   3.1474e+02
20191121_13:00:00   3.6064e-01   8.2318e+01   6.7801e+00   0.0000e+00   7.8605e-02   3.1286e+02
20191121_14:00:00   3.8895e-01   8.7399e+01   7.2111e+00   2.1873e-04   1.6283e-01   3.1223e+02
20191121_15:00:00   3.9680e-01   8.8868e+01   7.3113e+00   5.6330e-04   1.5705e-01   3.1519e+02
20191121_16:00:00   4.4954e-01   9.8145e+01   7.3047e+00   2.3067e-02   1.3683e-01   3.1897e+02
20191121_17:00:00   5.4028e-01   1.1290e+02   7.2156e+00   6.4674e-02   9.1016e-02   3.2042e+02
20191121_18:00:00   6.2837e-01   1.2596e+02   6.9911e+00   1.0623e-01   1.8172e-01   3.2037e+02
20191121_19:00:00   7.6512e-01   1.4400e+02   6.7700e+00   1.7042e-01   2.3818e-01   3.2308e+02
20191121_20:00:00   9.8112e-01   1.6807e+02   6.6553e+00   2.6686e-01   2.4022e-01   3.2314e+02
20191121_21:00:00   8.1063e-01   1.4984e+02   6.4059e+00   1.9687e-01   2.0582e-01   3.2271e+02
20191121_22:00:00   4.2368e-01   9.4713e+01   6.0146e+00   3.7224e-02   6.7468e-02   3.2236e+02
20191121_23:00:00   6.2070e-01   1.2569e+02   5.6839e+00   1.2961e-01   1.4264e-01   3.2141e+02
20191122_00:00:00   5.1248e-01   1.0926e+02   5.7236e+00   8.5775e-02   5.5544e-02   3.1956e+02
20191122_01:00:00   4.4655e-01   9.8426e+01   5.9911e+00   5.2829e-02   3.3862e-02   3.1797e+02
20191122_02:00:00   4.4891e-01   9.9014e+01   5.5178e+00   6.5740e-02   1.4082e-02   3.1635e+02
20191122_03:00:00   6.2514e-01   1.2620e+02   5.8327e+00   1.3485e-01   2.2500e-02   3.1566e+02
20191122_04:00:00   3.8728e-01   8.8138e+01   6.1692e+00   2.7277e-02   5.7806e-03   3.1538e+02
20191122_05:00:00   5.2507e-01   1.1133e+02   7.0153e+00   6.7483e-02   5.2448e-03   3.1327e+02
20191122_06:00:00   7.1505e-01   1.3859e+02   7.7308e+00   1.3017e-01   1.3066e-02   3.1166e+02
20191122_07:00:00   1.2296e+00   1.9098e+02   8.4861e+00   3.2934e-01   1.9370e-01   3.1113e+02
20191122_08:00:00   5.0350e-01   1.0740e+02   8.4863e+00   1.7940e-02   4.1096e-01   3.0971e+02
20191122_09:00:00   4.6870e-01   1.0163e+02   8.4725e+00   5.1166e-03   3.7319e-01   3.1005e+02
20191122_10:00:00   6.7428e-01   1.3309e+02   8.5981e+00   9.0046e-02   1.7896e-01   3.1082e+02
20191122_11:00:00   1.0185e+00   1.7320e+02   8.6579e+00   2.3100e-01   2.3234e-01   3.1195e+02
20191122_12:00:00   1.0622e+00   1.7736e+02   8.9330e+00   2.4141e-01   4.7798e-01   3.1298e+02
20191122_13:00:00   1.9450e+00   2.3212e+02   9.0621e+00   6.0991e-01   5.2558e-01   3.1126e+02
20191122_14:00:00   2.6292e+00   2.5127e+02   8.5950e+00   9.1437e-01   2.9008e-01   3.1091e+02
20191122_15:00:00   1.7998e+00   2.2615e+02   9.2118e+00   5.5016e-01   3.3675e-01   3.0983e+02
20191122_16:00:00   2.2351e+00   2.4202e+02   9.1684e+00   7.3420e-01   4.4703e-01   3.1028e+02
20191122_17:00:00   2.5368e+00   2.4971e+02   9.5170e+00   8.5602e-01   4.8888e-01   3.0943e+02
20191122_18:00:00   2.2752e+00   2.4393e+02   8.1322e+00   7.7039e-01   7.8429e-02   3.1138e+02
20191122_19:00:00   2.9168e+00   2.5709e+02   8.6797e+00   1.0325e+00   2.3488e-01   3.1444e+02
20191122_20:00:00   2.1718e+00   2.4059e+02   8.8798e+00   7.1534e-01   1.8213e-01   3.1477e+02
20191122_21:00:00   2.0378e+00   2.3635e+02   9.3185e+00   6.4759e-01   1.7997e-01   3.1424e+02
20191122_22:00:00   2.2520e+00   2.4315e+02   9.9923e+00   7.2382e-01   6.2236e-01   3.1262e+02
20191122_23:00:00   2.3472e+00   2.4575e+02   1.0098e+01   7.5973e-01   3.5182e-01   3.0796e+02
20191123_00:00:00   2.2212e+00   2.4310e+02   8.9203e+00   7.2782e-01   4.4092e-02   3.0740e+02
20191123_01:00:00   2.1191e+00   2.3982e+02   9.3653e+00   6.7614e-01   1.2221e-01   3.0612e+02
20191123_02:00:00   6.1084e-01   1.2526e+02   7.9811e+00   8.5630e-02   2.3856e-02   3.0492e+02
20191123_03:00:00   3.9141e-01   8.9583e+01   6.7888e+00   2.3002e-02   1.0435e-02   3.0447e+02
20191123_04:00:00   3.5463e-01   8.2933e+01   7.0268e+00   1.3820e-03   7.0956e-03   3.0393e+02
20191123_05:00:00   3.5898e-01   8.3877e+01   7.1598e+00   1.9910e-04   2.0266e-03   3.0199e+02
20191123_06:00:00   3.6576e-01   8.5395e+01   7.2790e+00   0.0000e+00   5.9366e-04   3.0048e+02
20191123_07:00:00   3.9550e-01   9.1090e+01   7.7066e+00   0.0000e+00   7.1116e-04   3.0066e+02
20191123_08:00:00   3.8485e-01   8.9282e+01   7.4754e+00   0.0000e+00   2.1254e-03   2.9882e+02
20191123_09:00:00   3.8324e-01   8.9017e+01   7.2339e+00   4.3305e-03   1.1454e-03   2.9858e+02
20191123_10:00:00   4.1324e-01   9.4323e+01   7.5453e+00   1.1387e-02   8.4591e-04   2.9664e+02
20191123_11:00:00   4.1408e-01   9.4441e+01   7.8249e+00   5.2601e-03   1.8215e-03   2.9472e+02
20191123_12:00:00   3.9448e-01   9.0917e+01   7.7226e+00   9.4530e-04   1.8729e-03   2.9186e+02
20191123_13:00:00   4.1566e-01   9.4668e+01   8.1666e+00   6.2020e-04   6.3758e-04   2.8891e+02
20191123_14:00:00   4.0889e-01   9.3550e+01   8.0633e+00   2.9880e-04   7.9585e-04   2.8619e+02
20191123_15:00:00   3.8137e-01   8.8669e+01   7.5784e+00   0.0000e+00   1.1041e-03   2.8487e+02
20191123_16:00:00   3.6534e-01   8.5799e+01   7.2936e+00   0.0000e+00   7.1413e-04   2.8385e+02
20191123_17:00:00   3.2596e-01   7.8320e+01   6.5872e+00   0.0000e+00   1.3167e-03   2.8474e+02
20191123_18:00:00   2.8258e-01   6.9640e+01   5.8631e+00   0.0000e+00   1.7386e-03   2.8466e+02
20191123_21:00:00   2.8853e-01   7.0637e+01   6.0721e+00   0.0000e+00   0.0000e+00   2.8520e+02
20191124_00:00:00   3.0535e-01   7.4199e+01   6.3133e+00   0.0000e+00   0.0000e+00   2.7893e+02
20191124_03:00:00   2.9893e-01   7.3448e+01   6.0292e+00   0.0000e+00   0.0000e+00   2.8110e+02
20191124_06:00:00   2.0926e-01   5.5309e+01   4.1012e+00   0.0000e+00   4.4663e-04   2.8059e+02
20191124_09:00:00   1.8360e-01   4.9541e+01   3.6626e+00   0.0000e+00   6.0368e-05   2.7637e+02
20191124_12:00:00   1.5954e-01   4.3971e+01   3.2108e+00   0.0000e+00   2.3100e-06   2.7178e+02
20191124_15:00:00   1.3771e-01   3.8780e+01   2.8068e+00   0.0000e+00   3.3735e-04   2.6949e+02
20191124_18:00:00   1.3402e-01   3.7653e+01   2.7989e+00   0.0000e+00   7.5028e-03   2.6495e+02
20191124_21:00:00   1.2761e-01   3.6205e+01   2.6316e+00   0.0000e+00   3.4457e-02   2.6331e+02
20191125_00:00:00   1.1496e-01   3.3474e+01   2.2779e+00   0.0000e+00   2.1212e-03   2.5873e+02
20191125_03:00:00   1.1979e-01   3.4590e+01   2.3800e+00   0.0000e+00   5.0323e-04   2.5742e+02
20191125_06:00:00   1.3560e-01   3.8006e+01   2.7787e+00   0.0000e+00   7.1858e-03   2.5860e+02
20191125_09:00:00   1.4385e-01   4.0048e+01   2.8966e+00   0.0000e+00   5.8694e-03   2.5708e+02
20191125_12:00:00   1.7428e-01   4.6819e+01   3.5398e+00   0.0000e+00   8.3309e-03   2.5806e+02
20191125_15:00:00   1.9646e-01   5.1085e+01   4.1143e+00   0.0000e+00   1.1592e-02   2.5902e+02
20191125_18:00:00   2.0586e-01   5.2642e+01   4.3465e+00   0.0000e+00   4.3274e-02   2.5897e+02
20191125_21:00:00   3.8451e-01   8.7891e+01   7.7536e+00   0.0000e+00   8.8141e-02   2.6155e+02
20191126_00:00:00   8.6465e-01   1.5851e+02   8.9296e+00   1.5839e-01   1.2047e-03   2.6403e+02
20191126_03:00:00   3.9117e-01   9.0511e+01   5.1200e+00   4.5290e-02   2.6056e-04   2.7681e+02
20191126_06:00:00   2.1481e-01   5.5384e+01   3.6143e+00   9.7320e-03   1.1410e-04   2.7658e+02
20191126_09:00:00   1.5918e-01   4.2940e+01   3.0597e+00   0.0000e+00   0.0000e+00   2.7681e+02
20191126_12:00:00   8.9046e-02   2.6706e+01   1.6142e+00   0.0000e+00   0.0000e+00   2.7517e+02
20191126_15:00:00   1.0780e-01   3.1162e+01   2.0954e+00   0.0000e+00   0.0000e+00   2.7249e+02
20191126_18:00:00   1.5117e-01   4.1346e+01   3.0108e+00   0.0000e+00   8.8760e-05   2.7281e+02
20191126_21:00:00   1.7410e-01   4.6550e+01   3.4328e+00   0.0000e+00   1.3575e-04   2.7582e+02
20191127_00:00:00   1.6722e-01   4.5008e+01   3.3017e+00   0.0000e+00   5.0821e-05   2.7623e+02
20191127_03:00:00   1.5797e-01   4.2944e+01   3.1483e+00   0.0000e+00   0.0000e+00   2.7539e+02
20191127_06:00:00   1.6772e-01   4.5151e+01   3.3575e+00   0.0000e+00   5.4400e-06   2.7024e+02
20191127_09:00:00   1.8903e-01   4.9848e+01   3.7880e+00   0.0000e+00   8.5680e-06   2.6371e+02
20191127_12:00:00   1.9258e-01   5.0855e+01   3.7872e+00   0.0000e+00   1.1554e-06   2.6281e+02
20191127_15:00:00   1.9149e-01   5.0774e+01   3.7214e+00   0.0000e+00   1.7062e-05   2.6590e+02
20191127_18:00:00   1.8595e-01   4.9496e+01   3.6712e+00   0.0000e+00   0.0000e+00   2.6371e+02
20191127_21:00:00   1.8231e-01   4.8558e+01   3.6551e+00   0.0000e+00   0.0000e+00   2.6125e+02
20191128_00:00:00   1.9202e-01   5.0584e+01   3.9110e+00   0.0000e+00   0.0000e+00   2.5916e+02
20191128_03:00:00   2.1298e-01   5.5052e+01   4.3947e+00   0.0000e+00   0.0000e+00   2.5642e+02
20191128_06:00:00   1.9687e-01   5.1670e+01   4.0411e+00   0.0000e+00   0.0000e+00   2.5600e+02
20191128_09:00:00   1.6692e-01   4.5221e+01   3.3542e+00   0.0000e+00   1.0198e-05   2.5644e+02
20191128_12:00:00   1.1909e-01   3.4350e+01   2.2957e+00   0.0000e+00   3.2220e-06   2.5634e+02
20191128_15:00:00   9.3524e-02   2.8324e+01   1.7177e+00   0.0000e+00   0.0000e+00   2.6016e+02
20191128_18:00:00   8.8130e-02   2.6997e+01   1.6068e+00   0.0000e+00   0.0000e+00   2.6250e+02
20191128_21:00:00   9.7085e-02   2.9218e+01   1.7795e+00   0.0000e+00   0.0000e+00   2.6541e+02
20191129_00:00:00   9.5597e-02   2.8850e+01   1.7464e+00   0.0000e+00   0.0000e+00   2.6577e+02
20191129_03:00:00   1.1206e-01   3.2856e+01   2.0941e+00   0.0000e+00   0.0000e+00   2.6462e+02
20191129_06:00:00   1.2700e-01   3.6380e+01   2.4104e+00   0.0000e+00   0.0000e+00   2.6399e+02
20191129_09:00:00   1.2576e-01   3.6096e+01   2.3927e+00   0.0000e+00   0.0000e+00   2.6679e+02
20191129_12:00:00   1.2416e-01   3.5715e+01   2.3614e+00   0.0000e+00   0.0000e+00   2.6512e+02
20191129_15:00:00   1.2377e-01   3.5589e+01   2.3610e+00   0.0000e+00   0.0000e+00   2.6404e+02
20191129_18:00:00   1.2225e-01   3.5215e+01   2.3320e+00   0.0000e+00   0.0000e+00   2.6206e+02
20191129_21:00:00   1.2102e-01   3.4914e+01   2.2995e+00   0.0000e+00   0.0000e+00   2.5850e+02
20191130_00:00:00   1.1664e-01   3.3886e+01   2.2024e+00   0.0000e+00   0.0000e+00   2.5720e+02
20191130_03:00:00   1.2053e-01   3.4777e+01   2.2813e+00   0.0000e+00   0.0000e+00   2.5320e+02
20191130_06:00:00   1.2377e-01   3.5503e+01   2.3485e+00   0.0000e+00   0.0000e+00   2.5451e+02
20191130_09:00:00   1.2004e-01   3.4660e+01   2.2646e+00   0.0000e+00   0.0000e+00   2.5061e+02
20191130_12:00:00   1.1682e-01   3.3941e+01   2.1846e+00   0.0000e+00   0.0000e+00   2.5666e+02
20191130_15:00:00   1.1807e-01   3.4250e+01   2.2009e+00   0.0000e+00   0.0000e+00   2.5695e+02
20191130_18:00:00   1.2165e-01   3.5090e+01   2.2728e+00   0.0000e+00   0.0000e+00   2.5240e+02
20191130_21:00:00   1.2383e-01   3.5575e+01   2.3266e+00   0.0000e+00   0.0000e+00   2.4932e+02
20191201_00:00:00   1.2056e-01   3.4814e+01   2.2522e+00   0.0000e+00   0.0000e+00   2.4676e+02
20191201_03:00:00   1.1895e-01   3.4441e+01   2.2092e+00   0.0000e+00   0.0000e+00   2.4571e+02
20191201_06:00:00   1.1765e-01   3.4089e+01   2.1892e+00   0.0000e+00   0.0000e+00   2.4661e+02
20191201_09:00:00   1.1728e-01   3.3967e+01   2.1911e+00   0.0000e+00   0.0000e+00   2.4592e+02
20191201_12:00:00   1.1223e-01   3.2754e+01   2.0873e+00   0.0000e+00   0.0000e+00   2.4309e+02
20191201_15:00:00   1.1371e-01   3.3098e+01   2.1218e+00   0.0000e+00   0.0000e+00   2.4309e+02
20191201_18:00:00   1.1659e-01   3.3785e+01   2.1818e+00   0.0000e+00   0.0000e+00   2.4285e+02
20191201_21:00:00   1.0830e-01   3.1839e+01   2.0011e+00   0.0000e+00   0.0000e+00   2.4071e+02
20191202_00:00:00   1.0136e-01   3.0154e+01   1.8573e+00   0.0000e+00   0.0000e+00   2.3585e+02
20191202_03:00:00   9.5405e-02   2.8685e+01   1.7465e+00   0.0000e+00   0.0000e+00   2.3321e+02
20191202_06:00:00   9.1168e-02   2.7657e+01   1.6573e+00   0.0000e+00   0.0000e+00   2.3700e+02
20191202_09:00:00   9.2703e-02   2.8014e+01   1.6952e+00   0.0000e+00   0.0000e+00   2.3688e+02
20191202_12:00:00   9.5158e-02   2.8555e+01   1.7677e+00   0.0000e+00   0.0000e+00   2.3923e+02
20191202_15:00:00   9.3281e-02   2.8035e+01   1.7452e+00   0.0000e+00   0.0000e+00   2.4908e+02
20191202_18:00:00   8.6159e-02   2.6397e+01   1.5679e+00   0.0000e+00   0.0000e+00   2.5757e+02
20191202_21:00:00   8.3833e-02   2.5843e+01   1.5114e+00   0.0000e+00   0.0000e+00   2.6055e+02
20191203_00:00:00   8.6379e-02   2.6462e+01   1.5686e+00   0.0000e+00   0.0000e+00   2.6633e+02
20191203_03:00:00   8.8086e-02   2.6910e+01   1.6041e+00   0.0000e+00   0.0000e+00   2.7084e+02
20191203_06:00:00   9.2552e-02   2.7986e+01   1.7040e+00   0.0000e+00   0.0000e+00   2.7913e+02
20191203_09:00:00   1.0955e-01   3.2038e+01   2.0842e+00   0.0000e+00   0.0000e+00   2.8448e+02
20191203_12:00:00   1.1327e-01   3.3005e+01   2.1488e+00   0.0000e+00   0.0000e+00   2.8688e+02
20191203_15:00:00   1.2040e-01   3.4743e+01   2.2950e+00   0.0000e+00   0.0000e+00   2.8735e+02
20191203_18:00:00   1.5306e-01   4.2355e+01   2.9742e+00   0.0000e+00   0.0000e+00   2.8810e+02
20191203_21:00:00   1.6496e-01   4.4983e+01   3.2358e+00   0.0000e+00   0.0000e+00   2.8556e+02
20191204_00:00:00   1.5500e-01   4.2574e+01   3.0577e+00   0.0000e+00   0.0000e+00   2.8108e+02
20191204_03:00:00   1.8827e-01   5.0063e+01   3.7366e+00   0.0000e+00   0.0000e+00   2.7715e+02
20191204_06:00:00   2.3295e-01   5.9750e+01   4.6230e+00   0.0000e+00   0.0000e+00   2.7481e+02
20191204_09:00:00   2.4934e-01   6.3069e+01   4.9773e+00   0.0000e+00   0.0000e+00   2.7178e+02
20191204_12:00:00   2.4767e-01   6.2624e+01   4.9729e+00   0.0000e+00   0.0000e+00   2.7073e+02
20191204_15:00:00   2.4539e-01   6.2074e+01   4.9459e+00   0.0000e+00   0.0000e+00   2.7114e+02
20191204_18:00:00   2.4685e-01   6.2325e+01   4.9690e+00   0.0000e+00   0.0000e+00   2.6994e+02
