#            date       tau225        Tb[K]      pwv[mm] lwp[kg*m^-2] iwp[kg*m^-2]       o3[DU]
20191106_18:00:00   2.7989e-01   6.8758e+01   5.4376e+00   0.0000e+00   4.5194e-05   2.8205e+02
20191106_19:00:00   2.8941e-01   7.0864e+01   5.5445e+00   0.0000e+00   1.0193e-03   2.8260e+02
20191106_20:00:00   3.0150e-01   7.3375e+01   5.6886e+00   0.0000e+00   8.1286e-04   2.8261e+02
20191106_21:00:00   3.1159e-01   7.5518e+01   5.7860e+00   0.0000e+00   2.7900e-06   2.8210e+02
20191106_22:00:00   3.1493e-01   7.6252e+01   5.7720e+00   0.0000e+00   4.0780e-06   2.8276e+02
20191106_23:00:00   3.0907e-01   7.5147e+01   5.6615e+00   0.0000e+00   2.7900e-06   2.8238e+02
20191107_00:00:00   2.7981e-01   6.9327e+01   5.1582e+00   0.0000e+00   0.0000e+00   2.8148e+02
20191107_01:00:00   2.3961e-01   6.1010e+01   4.4856e+00   0.0000e+00   8.1620e-06   2.8085e+02
20191107_02:00:00   2.2563e-01   5.8030e+01   4.2042e+00   0.0000e+00   1.4246e-05   2.8225e+02
20191107_03:00:00   2.1908e-01   5.6568e+01   4.0731e+00   0.0000e+00   0.0000e+00   2.8359e+02
20191107_04:00:00   2.2498e-01   5.7831e+01   4.0827e+00   1.5718e-03   1.2939e-05   2.8491e+02
20191107_05:00:00   2.2009e-01   5.6749e+01   4.0650e+00   0.0000e+00   0.0000e+00   2.8688e+02
20191107_06:00:00   2.6211e-01   6.5464e+01   4.7439e+00   2.4160e-03   0.0000e+00   2.8956e+02
20191107_07:00:00   3.1581e-01   7.5994e+01   5.7606e+00   1.4360e-03   3.3905e-05   2.9193e+02
20191107_08:00:00   4.5631e-01   1.0119e+02   6.6785e+00   3.8992e-02   2.6833e-03   2.9319e+02
20191107_09:00:00   5.6856e-01   1.1889e+02   7.1385e+00   7.5925e-02   2.0787e-02   2.9312e+02
20191107_10:00:00   1.4261e+00   2.0620e+02   6.9264e+00   4.4209e-01   9.7718e-02   2.9289e+02
20191107_11:00:00   8.5211e-01   1.5605e+02   6.5181e+00   2.1120e-01   3.5046e-02   2.9352e+02
20191107_12:00:00   4.9268e-01   1.0725e+02   5.7222e+00   7.6639e-02   2.2547e-02   2.9279e+02
20191107_13:00:00   3.0968e-01   7.4366e+01   5.3218e+00   9.8098e-03   1.2769e-03   2.9250e+02
20191107_14:00:00   8.1230e-01   1.5153e+02   6.0211e+00   2.0546e-01   1.4805e-02   2.9217e+02
20191107_15:00:00   1.6856e-01   4.5046e+01   3.1558e+00   0.0000e+00   1.6940e-03   2.9313e+02
20191107_16:00:00   8.5270e-02   2.5925e+01   1.4628e+00   0.0000e+00   4.0778e-04   2.9492e+02
20191107_17:00:00   5.3365e-02   1.8064e+01   7.8567e-01   0.0000e+00   1.8324e-05   2.9824e+02
20191107_18:00:00   5.2896e-02   1.7871e+01   7.8623e-01   0.0000e+00   0.0000e+00   2.9994e+02
20191107_19:00:00   5.9584e-02   1.9488e+01   9.3572e-01   0.0000e+00   0.0000e+00   3.0226e+02
20191107_20:00:00   8.1226e-02   2.4716e+01   1.4046e+00   0.0000e+00   0.0000e+00   3.0455e+02
20191107_21:00:00   1.1018e-01   3.1440e+01   2.0332e+00   0.0000e+00   0.0000e+00   3.0751e+02
20191107_22:00:00   1.2898e-01   3.5797e+01   2.4012e+00   0.0000e+00   0.0000e+00   3.1077e+02
20191107_23:00:00   1.2769e-01   3.5558e+01   2.3557e+00   0.0000e+00   5.3280e-07   3.1067e+02
20191108_00:00:00   1.2911e-01   3.5933e+01   2.3734e+00   0.0000e+00   0.0000e+00   3.1025e+02
20191108_01:00:00   1.3683e-01   3.7710e+01   2.5150e+00   0.0000e+00   0.0000e+00   3.1031e+02
20191108_02:00:00   1.3433e-01   3.7155e+01   2.4425e+00   0.0000e+00   0.0000e+00   3.0949e+02
20191108_03:00:00   1.3275e-01   3.6804e+01   2.3852e+00   0.0000e+00   0.0000e+00   3.0978e+02
20191108_04:00:00   1.3301e-01   3.6889e+01   2.3623e+00   0.0000e+00   0.0000e+00   3.1059e+02
20191108_05:00:00   1.3519e-01   3.7365e+01   2.3728e+00   0.0000e+00   0.0000e+00   3.1357e+02
20191108_06:00:00   1.1055e-01   3.1705e+01   1.8524e+00   0.0000e+00   0.0000e+00   3.1452e+02
20191108_07:00:00   9.6101e-02   2.8289e+01   1.5353e+00   0.0000e+00   0.0000e+00   3.1691e+02
20191108_08:00:00   1.0081e-01   2.9336e+01   1.5815e+00   0.0000e+00   0.0000e+00   3.1837e+02
20191108_09:00:00   1.0817e-01   3.1002e+01   1.6900e+00   0.0000e+00   2.3118e-06   3.2035e+02
20191108_10:00:00   9.4385e-02   2.7794e+01   1.4342e+00   3.2720e-05   1.6790e-06   3.2306e+02
20191108_11:00:00   8.7229e-02   2.6122e+01   1.2943e+00   1.3440e-04   4.7440e-06   3.2605e+02
20191108_12:00:00   7.5682e-02   2.3396e+01   1.0918e+00   0.0000e+00   7.3130e-08   3.2768e+02
20191108_13:00:00   6.3467e-02   2.0443e+01   8.7788e-01   0.0000e+00   0.0000e+00   3.2742e+02
20191108_14:00:00   5.7411e-02   1.8947e+01   7.7671e-01   0.0000e+00   0.0000e+00   3.2555e+02
20191108_15:00:00   5.6577e-02   1.8737e+01   7.7030e-01   0.0000e+00   0.0000e+00   3.2302e+02
20191108_16:00:00   5.7879e-02   1.9064e+01   8.0517e-01   0.0000e+00   0.0000e+00   3.2199e+02
20191108_17:00:00   6.1825e-02   2.0043e+01   8.9085e-01   0.0000e+00   0.0000e+00   3.2233e+02
20191108_18:00:00   6.3394e-02   2.0415e+01   9.3749e-01   0.0000e+00   0.0000e+00   3.2209e+02
20191108_19:00:00   6.5077e-02   2.0769e+01   1.0020e+00   0.0000e+00   0.0000e+00   3.1848e+02
20191108_20:00:00   6.6467e-02   2.1080e+01   1.0513e+00   0.0000e+00   0.0000e+00   3.1772e+02
20191108_21:00:00   7.0091e-02   2.1926e+01   1.1421e+00   0.0000e+00   0.0000e+00   3.1917e+02
20191108_22:00:00   7.4518e-02   2.2974e+01   1.2466e+00   0.0000e+00   0.0000e+00   3.1909e+02
20191108_23:00:00   7.4844e-02   2.3047e+01   1.2626e+00   0.0000e+00   0.0000e+00   3.1886e+02
20191109_00:00:00   7.9151e-02   2.4068e+01   1.3656e+00   0.0000e+00   0.0000e+00   3.1965e+02
20191109_01:00:00   7.7922e-02   2.3795e+01   1.3444e+00   0.0000e+00   0.0000e+00   3.2164e+02
20191109_02:00:00   8.9607e-02   2.6535e+01   1.6164e+00   0.0000e+00   1.4536e-03   3.2446e+02
20191109_03:00:00   1.0032e-01   2.9071e+01   1.8484e+00   0.0000e+00   2.9996e-03   3.2562e+02
20191109_04:00:00   1.0568e-01   3.0372e+01   1.9592e+00   0.0000e+00   6.1931e-03   3.2599e+02
20191109_05:00:00   1.2116e-01   3.4024e+01   2.2815e+00   0.0000e+00   4.1262e-03   3.2544e+02
20191109_06:00:00   1.3921e-01   3.8149e+01   2.6599e+00   0.0000e+00   2.3747e-03   3.2411e+02
20191109_07:00:00   1.6286e-01   4.3593e+01   3.1156e+00   0.0000e+00   0.0000e+00   3.2393e+02
20191109_08:00:00   1.7379e-01   4.6148e+01   3.2914e+00   0.0000e+00   0.0000e+00   3.2249e+02
20191109_09:00:00   2.0669e-01   5.3214e+01   3.9600e+00   0.0000e+00   3.8522e-04   3.1896e+02
20191109_10:00:00   2.3123e-01   5.8337e+01   4.4525e+00   0.0000e+00   2.0696e-03   3.1743e+02
20191109_11:00:00   2.6086e-01   6.4313e+01   5.0624e+00   0.0000e+00   3.3050e-03   3.1706e+02
20191109_12:00:00   2.8239e-01   6.8702e+01   5.4400e+00   0.0000e+00   6.1265e-04   3.1546e+02
20191109_13:00:00   3.1526e-01   7.5074e+01   6.0780e+00   0.0000e+00   0.0000e+00   3.1488e+02
20191109_14:00:00   3.5031e-01   8.1571e+01   6.7558e+00   0.0000e+00   3.2726e-04   3.1425e+02
20191109_15:00:00   3.6686e-01   8.4652e+01   7.0490e+00   0.0000e+00   3.7626e-03   3.1321e+02
20191109_16:00:00   3.6227e-01   8.3841e+01   6.9495e+00   0.0000e+00   2.0192e-02   3.1408e+02
20191109_17:00:00   3.5181e-01   8.2000e+01   6.7382e+00   0.0000e+00   2.8131e-02   3.1465e+02
20191109_18:00:00   3.6266e-01   8.3913e+01   6.9516e+00   0.0000e+00   4.0907e-02   3.1467e+02
20191109_19:00:00   3.6886e-01   8.5071e+01   7.0482e+00   0.0000e+00   3.7992e-03   3.1362e+02
20191109_20:00:00   3.6713e-01   8.4942e+01   6.9221e+00   0.0000e+00   3.6740e-04   3.1433e+02
20191109_21:00:00   3.7842e-01   8.6976e+01   7.1085e+00   0.0000e+00   2.0746e-03   3.1475e+02
20191109_22:00:00   3.7103e-01   8.5766e+01   6.9356e+00   0.0000e+00   2.7655e-03   3.1679e+02
20191109_23:00:00   3.6592e-01   8.4955e+01   6.6418e+00   3.1006e-03   3.2400e-03   3.1787e+02
20191110_00:00:00   3.4952e-01   8.2076e+01   6.1618e+00   6.2660e-03   1.9372e-03   3.1688e+02
20191110_01:00:00   2.9093e-01   7.0867e+01   5.0897e+00   7.1530e-03   2.6227e-03   3.1618e+02
20191110_02:00:00   2.4732e-01   6.2022e+01   3.9458e+00   1.7689e-02   3.5448e-03   3.1806e+02
20191110_03:00:00   2.7803e-01   6.8309e+01   4.0634e+00   2.8116e-02   2.6066e-03   3.1923e+02
20191110_04:00:00   2.2954e-01   5.8087e+01   4.2645e+00   4.3530e-03   1.2109e-03   3.1965e+02
20191110_05:00:00   2.2571e-01   5.7252e+01   4.2636e+00   2.8850e-03   7.2309e-04   3.1894e+02
20191110_06:00:00   2.1942e-01   5.5821e+01   4.2872e+00   0.0000e+00   7.7483e-04   3.1955e+02
20191110_07:00:00   2.0447e-01   5.2447e+01   4.0346e+00   0.0000e+00   2.9041e-03   3.2087e+02
20191110_08:00:00   1.7180e-01   4.5178e+01   3.4356e+00   0.0000e+00   1.6078e-03   3.2218e+02
20191110_09:00:00   1.8108e-01   4.7234e+01   3.6174e+00   0.0000e+00   8.3971e-03   3.2474e+02
20191110_10:00:00   2.0187e-01   5.1669e+01   4.0176e+00   0.0000e+00   5.4508e-03   3.2710e+02
20191110_11:00:00   2.3372e-01   5.8396e+01   4.6051e+00   0.0000e+00   2.1855e-02   3.2758e+02
20191110_12:00:00   2.6515e-01   6.4591e+01   5.2168e+00   0.0000e+00   3.2609e-02   3.2692e+02
20191110_13:00:00   2.8244e-01   6.7781e+01   5.5725e+00   0.0000e+00   1.9649e-02   3.2747e+02
20191110_14:00:00   2.6159e-01   6.3598e+01   5.1733e+00   1.0650e-04   3.0053e-02   3.2749e+02
20191110_15:00:00   2.6839e-01   6.4960e+01   4.9260e+00   8.6660e-03   3.3677e-02   3.2706e+02
20191110_16:00:00   3.5884e-01   8.2277e+01   5.0405e+00   4.5120e-02   5.5388e-02   3.2514e+02
20191110_17:00:00   3.7498e-01   8.5091e+01   5.0908e+00   5.1270e-02   2.7385e-02   3.2627e+02
20191110_18:00:00   5.3816e-01   1.1208e+02   4.9943e+00   1.2494e-01   2.1775e-02   3.2743e+02
20191110_19:00:00   5.5919e-01   1.1503e+02   4.9639e+00   1.3426e-01   6.5054e-02   3.2574e+02
20191110_20:00:00   4.7856e-01   1.0256e+02   4.9226e+00   9.6770e-02   1.2085e-01   3.2448e+02
20191110_21:00:00   4.8993e-01   1.0434e+02   4.7159e+00   1.0715e-01   8.5208e-02   3.2388e+02
20191110_22:00:00   3.3445e-01   7.7604e+01   4.5113e+00   4.2601e-02   2.9226e-02   3.2218e+02
20191110_23:00:00   2.7043e-01   6.5397e+01   4.6033e+00   1.2938e-02   6.4580e-03   3.2147e+02
20191111_00:00:00   2.4375e-01   6.0120e+01   4.5799e+00   2.8015e-03   4.9999e-03   3.1985e+02
20191111_01:00:00   2.3100e-01   5.7539e+01   4.4964e+00   4.8986e-04   8.4252e-04   3.1766e+02
20191111_02:00:00   2.2535e-01   5.6439e+01   4.4427e+00   9.7336e-04   7.6909e-04   3.1681e+02
20191111_03:00:00   2.0863e-01   5.3033e+01   4.1942e+00   5.0930e-05   1.6888e-04   3.1569e+02
20191111_04:00:00   2.0822e-01   5.2922e+01   4.2513e+00   7.2730e-06   7.6608e-05   3.1511e+02
20191111_05:00:00   2.0262e-01   5.1830e+01   4.1575e+00   4.1540e-05   6.8457e-05   3.1529e+02
20191111_06:00:00   1.9979e-01   5.1261e+01   4.1220e+00   0.0000e+00   1.6366e-03   3.1541e+02
20191111_07:00:00   1.9337e-01   4.9898e+01   4.0114e+00   0.0000e+00   5.8980e-05   3.1554e+02
20191111_08:00:00   1.8215e-01   4.7502e+01   3.7773e+00   0.0000e+00   0.0000e+00   3.1454e+02
20191111_09:00:00   1.9194e-01   4.9577e+01   4.0076e+00   0.0000e+00   0.0000e+00   3.1373e+02
20191111_10:00:00   1.9804e-01   5.0864e+01   4.1179e+00   0.0000e+00   0.0000e+00   3.1615e+02
20191111_11:00:00   2.1393e-01   5.4228e+01   4.4522e+00   0.0000e+00   0.0000e+00   3.1820e+02
20191111_12:00:00   2.3174e-01   5.7900e+01   4.8250e+00   0.0000e+00   0.0000e+00   3.1585e+02
20191111_13:00:00   2.5149e-01   6.1906e+01   5.2554e+00   0.0000e+00   2.6444e-03   3.1349e+02
20191111_14:00:00   2.7461e-01   6.6656e+01   5.7419e+00   0.0000e+00   4.6560e-06   3.1060e+02
20191111_15:00:00   2.9946e-01   7.1668e+01   6.2146e+00   0.0000e+00   4.0840e-05   3.0687e+02
20191111_16:00:00   3.4487e-01   8.0381e+01   7.1268e+00   0.0000e+00   1.6469e-03   3.0338e+02
20191111_17:00:00   3.9627e-01   8.9805e+01   8.0584e+00   0.0000e+00   1.6843e-03   3.0134e+02
20191111_18:00:00   4.4114e-01   9.7740e+01   8.8055e+00   0.0000e+00   7.7445e-04   3.0195e+02
20191111_21:00:00   1.1846e+00   1.8745e+02   9.4387e+00   2.9625e-01   1.0872e-01   3.0104e+02
20191112_00:00:00   1.6703e+00   2.1895e+02   8.2915e+00   5.2749e-01   2.1325e-01   2.9997e+02
20191112_03:00:00   6.9726e-01   1.3664e+02   5.8657e+00   1.5892e-01   1.3680e-01   3.0211e+02
20191112_06:00:00   2.0021e-01   5.2510e+01   3.1105e+00   1.0054e-02   4.7170e-05   3.0760e+02
20191112_09:00:00   1.3441e-01   3.7637e+01   2.4112e+00   0.0000e+00   0.0000e+00   3.0599e+02
20191112_12:00:00   1.0807e-01   3.1307e+01   1.9608e+00   0.0000e+00   0.0000e+00   3.0147e+02
20191112_15:00:00   1.1364e-01   3.2514e+01   1.9662e+00   3.0430e-03   3.4720e-06   2.9973e+02
20191112_18:00:00   9.7014e-02   2.8360e+01   1.8188e+00   0.0000e+00   7.4319e-06   3.0492e+02
20191112_21:00:00   1.0556e-01   3.0125e+01   2.0220e+00   1.8370e-05   5.4489e-04   3.0432e+02
20191113_00:00:00   1.0596e-01   3.0213e+01   1.9887e+00   0.0000e+00   1.3284e-03   2.9983e+02
20191113_03:00:00   1.3346e-01   3.6687e+01   2.4614e+00   0.0000e+00   1.4265e-03   3.0311e+02
20191113_06:00:00   1.3510e-01   3.7240e+01   2.4321e+00   0.0000e+00   0.0000e+00   3.0948e+02
20191113_09:00:00   8.9672e-02   2.6938e+01   1.4687e+00   0.0000e+00   0.0000e+00   3.1268e+02
20191113_12:00:00   7.4752e-02   2.3402e+01   1.1714e+00   0.0000e+00   0.0000e+00   3.1169e+02
20191113_15:00:00   8.0406e-02   2.4703e+01   1.3330e+00   8.7170e-05   0.0000e+00   3.1109e+02
20191113_18:00:00   8.1956e-02   2.5000e+01   1.4148e+00   0.0000e+00   0.0000e+00   3.1248e+02
20191113_21:00:00   1.3206e-01   3.6636e+01   2.4940e+00   0.0000e+00   4.2840e-06   3.1296e+02
20191114_00:00:00   1.3091e-01   3.6521e+01   2.4459e+00   0.0000e+00   0.0000e+00   3.0940e+02
20191114_03:00:00   1.3007e-01   3.6151e+01   2.4857e+00   0.0000e+00   0.0000e+00   3.0622e+02
20191114_06:00:00   1.5513e-01   4.1563e+01   3.0739e+00   0.0000e+00   1.9496e-04   3.0765e+02
20191114_09:00:00   1.8651e-01   4.8792e+01   3.6372e+00   0.0000e+00   0.0000e+00   3.0997e+02
20191114_12:00:00   2.3292e-01   5.9113e+01   4.4304e+00   0.0000e+00   1.6415e-03   3.0723e+02
20191114_15:00:00   2.2065e-01   5.6595e+01   4.2444e+00   0.0000e+00   5.1993e-05   3.0700e+02
20191114_18:00:00   2.4673e-01   6.1797e+01   4.9019e+00   0.0000e+00   2.1305e-05   3.0819e+02
20191114_21:00:00   2.5987e-01   6.4431e+01   5.2390e+00   0.0000e+00   2.0656e-04   3.0785e+02
20191115_00:00:00   2.3357e-01   5.8922e+01   4.7864e+00   0.0000e+00   1.3413e-04   3.0549e+02
20191115_03:00:00   2.2238e-01   5.6331e+01   4.6948e+00   0.0000e+00   6.4588e-03   3.0408e+02
20191115_06:00:00   2.4339e-01   6.0638e+01   5.1637e+00   0.0000e+00   1.4166e-02   3.0313e+02
20191115_09:00:00   2.0792e-01   5.3330e+01   4.4573e+00   0.0000e+00   6.5748e-03   2.9588e+02
20191115_12:00:00   1.9936e-01   5.1553e+01   4.2885e+00   0.0000e+00   6.7200e-03   2.8984e+02
20191115_15:00:00   2.4092e-01   6.0158e+01   5.2908e+00   3.2690e-04   2.7315e-03   2.8914e+02
20191115_18:00:00   2.5636e-01   6.3639e+01   5.6237e+00   4.3140e-04   7.1720e-03   2.8743e+02
20191115_21:00:00   8.7218e-02   2.6940e+01   1.4803e+00   2.3390e-03   9.9740e-03   2.8435e+02
20191116_00:00:00   9.0253e-02   2.7883e+01   1.3950e+00   3.6110e-03   3.0672e-03   2.8254e+02
20191116_03:00:00   1.1145e-01   3.3110e+01   1.9627e+00   8.9630e-05   2.9804e-04   2.8205e+02
20191116_06:00:00   1.3926e-01   3.9721e+01   2.4528e+00   0.0000e+00   3.6478e-04   2.8068e+02
20191116_09:00:00   1.5162e-01   4.2477e+01   2.6653e+00   0.0000e+00   6.7338e-04   2.8070e+02
20191116_12:00:00   2.1653e-01   5.6839e+01   3.8831e+00   0.0000e+00   5.1560e-04   2.7708e+02
20191116_15:00:00   2.1410e-01   5.6451e+01   3.8283e+00   2.0230e-04   5.4320e-05   2.7888e+02
20191116_18:00:00   1.4990e-01   4.2124e+01   2.6465e+00   4.6850e-04   0.0000e+00   2.7888e+02
20191116_21:00:00   1.7574e-01   4.8116e+01   3.1906e+00   0.0000e+00   0.0000e+00   2.7189e+02
20191117_00:00:00   1.3048e-01   3.7646e+01   2.3270e+00   0.0000e+00   0.0000e+00   2.6855e+02
20191117_03:00:00   1.2450e-01   3.6208e+01   2.2380e+00   0.0000e+00   0.0000e+00   2.6364e+02
20191117_06:00:00   1.2356e-01   3.5909e+01   2.2648e+00   0.0000e+00   0.0000e+00   2.6237e+02
20191117_09:00:00   1.2587e-01   3.6259e+01   2.4264e+00   0.0000e+00   0.0000e+00   2.6185e+02
20191117_12:00:00   1.2490e-01   3.5892e+01   2.4586e+00   0.0000e+00   0.0000e+00   2.6328e+02
20191117_15:00:00   1.1867e-01   3.4313e+01   2.3594e+00   0.0000e+00   0.0000e+00   2.6212e+02
20191117_18:00:00   1.0289e-01   3.0579e+01   2.0049e+00   0.0000e+00   3.4280e-05   2.6500e+02
20191117_21:00:00   9.6257e-02   2.8980e+01   1.8556e+00   0.0000e+00   2.4618e-05   2.6326e+02
20191118_00:00:00   8.7369e-02   2.6841e+01   1.6433e+00   0.0000e+00   0.0000e+00   2.6209e+02
20191118_03:00:00   8.0410e-02   2.5205e+01   1.4702e+00   0.0000e+00   3.8480e-06   2.6484e+02
20191118_06:00:00   7.1163e-02   2.2852e+01   1.2618e+00   0.0000e+00   1.3453e-03   2.6882e+02
20191118_09:00:00   7.4696e-02   2.3682e+01   1.3383e+00   0.0000e+00   3.5844e-03   2.6901e+02
20191118_12:00:00   7.5571e-02   2.4012e+01   1.3260e+00   0.0000e+00   0.0000e+00   2.6932e+02
20191118_15:00:00   8.7870e-02   2.7035e+01   1.6009e+00   0.0000e+00   0.0000e+00   2.7278e+02
20191118_18:00:00   9.2599e-02   2.8285e+01   1.6672e+00   0.0000e+00   0.0000e+00   2.7426e+02
20191118_21:00:00   9.0755e-02   2.7810e+01   1.6248e+00   0.0000e+00   0.0000e+00   2.7390e+02
20191119_00:00:00   8.3808e-02   2.6014e+01   1.4909e+00   0.0000e+00   4.9788e-04   2.7546e+02
20191119_03:00:00   8.6730e-02   2.6591e+01   1.5824e+00   0.0000e+00   3.4794e-03   2.7911e+02
20191119_06:00:00   9.4139e-02   2.8278e+01   1.7616e+00   0.0000e+00   3.7029e-03   2.7978e+02
20191119_09:00:00   9.1248e-02   2.7608e+01   1.6980e+00   0.0000e+00   3.8286e-04   2.7664e+02
20191119_12:00:00   1.0190e-01   3.0082e+01   1.9606e+00   0.0000e+00   1.2386e-03   2.7365e+02
20191119_15:00:00   1.1168e-01   3.2460e+01   2.1554e+00   0.0000e+00   1.0453e-03   2.7433e+02
20191119_18:00:00   1.0463e-01   3.0679e+01   2.0321e+00   0.0000e+00   1.9886e-03   2.8031e+02
20191119_21:00:00   9.6202e-02   2.8643e+01   1.8550e+00   0.0000e+00   3.5900e-03   2.7533e+02
20191120_00:00:00   1.1124e-01   3.1956e+01   2.2407e+00   0.0000e+00   1.2709e-02   2.7292e+02
20191120_03:00:00   9.5219e-02   2.8253e+01   1.8517e+00   0.0000e+00   2.2304e-02   2.7220e+02
20191120_06:00:00   1.0318e-01   2.9989e+01   2.0527e+00   0.0000e+00   3.5007e-02   2.7227e+02
20191120_09:00:00   8.8798e-02   2.6732e+01   1.6791e+00   0.0000e+00   3.4184e-02   2.7440e+02
20191120_12:00:00   9.8723e-02   2.8909e+01   1.9481e+00   0.0000e+00   2.3040e-02   2.7725e+02
20191120_15:00:00   1.2118e-01   3.4025e+01   2.4883e+00   0.0000e+00   2.9164e-02   2.8113e+02
20191120_18:00:00   1.1851e-01   3.3566e+01   2.4016e+00   0.0000e+00   1.0805e-02   2.8515e+02
20191120_21:00:00   1.1932e-01   3.3811e+01   2.4056e+00   0.0000e+00   1.1742e-03   2.8735e+02
20191121_00:00:00   1.0236e-01   3.0203e+01   1.9469e+00   0.0000e+00   0.0000e+00   2.8547e+02
20191121_03:00:00   1.4018e-01   3.9047e+01   2.7575e+00   0.0000e+00   0.0000e+00   2.8423e+02
20191121_06:00:00   1.6212e-01   4.4117e+01   3.1920e+00   0.0000e+00   1.2292e-06   2.8175e+02
20191121_09:00:00   1.3061e-01   3.7149e+01   2.4798e+00   0.0000e+00   2.1780e-05   2.8088e+02
20191121_12:00:00   1.0641e-01   3.1357e+01   1.9861e+00   0.0000e+00   5.4742e-05   2.8029e+02
20191121_15:00:00   1.3567e-01   3.8144e+01   2.6022e+00   0.0000e+00   1.6268e-02   2.7671e+02
20191121_18:00:00   2.0397e-01   5.2612e+01   4.2468e+00   0.0000e+00   2.3722e-02   2.7466e+02
20191121_21:00:00   2.3389e-01   5.8648e+01   4.8419e+00   0.0000e+00   5.9715e-02   2.7643e+02
20191122_00:00:00   3.3821e-01   7.9144e+01   6.7141e+00   0.0000e+00   8.0290e-02   2.8008e+02
20191122_03:00:00   2.5317e-01   6.2679e+01   4.9237e+00   6.5200e-04   3.3117e-02   2.8560e+02
20191122_06:00:00   1.0594e-01   3.0560e+01   1.9544e+00   0.0000e+00   8.1333e-03   2.9092e+02
20191122_09:00:00   1.1097e-01   3.1950e+01   1.9686e+00   0.0000e+00   3.2220e-06   2.9605e+02
20191122_12:00:00   5.1559e-02   1.7618e+01   7.1429e-01   0.0000e+00   0.0000e+00   3.0183e+02
20191122_15:00:00   6.7714e-02   2.1616e+01   1.0593e+00   0.0000e+00   0.0000e+00   3.0250e+02
20191122_18:00:00   7.8563e-02   2.4186e+01   1.3139e+00   0.0000e+00   0.0000e+00   3.0114e+02
