#            date       tau225        Tb[K]      pwv[mm] lwp[kg*m^-2] iwp[kg*m^-2]       o3[DU]
20191101_06:00:00   4.5978e-01   1.0242e+02   9.3488e+00   2.5690e-03   1.0090e-04   2.5124e+02
20191101_07:00:00   5.1894e-01   1.1225e+02   1.0509e+01   0.0000e+00   1.3524e-04   2.5097e+02
20191101_08:00:00   5.2556e-01   1.1346e+02   1.0549e+01   0.0000e+00   3.4668e-04   2.5151e+02
20191101_09:00:00   4.6461e-01   1.0376e+02   9.2946e+00   0.0000e+00   1.9236e-04   2.5120e+02
20191101_10:00:00   4.8453e-01   1.0706e+02   9.6563e+00   0.0000e+00   3.8838e-04   2.5098e+02
20191101_11:00:00   5.3410e-01   1.1499e+02   1.0490e+01   0.0000e+00   9.1465e-05   2.5074e+02
20191101_12:00:00   5.0644e-01   1.1045e+02   1.0010e+01   0.0000e+00   6.0492e-04   2.4908e+02
20191101_13:00:00   5.5771e-01   1.1834e+02   1.0992e+01   0.0000e+00   1.9304e-03   2.4987e+02
20191101_14:00:00   6.6295e-01   1.3377e+02   1.2049e+01   1.7374e-02   2.1672e-03   2.5033e+02
20191101_15:00:00   1.0230e+00   1.7628e+02   1.1994e+01   1.6308e-01   5.8075e-03   2.5117e+02
20191101_16:00:00   1.1475e+00   1.8730e+02   1.1994e+01   2.1570e-01   1.6843e-02   2.5313e+02
20191101_17:00:00   6.2759e-01   1.2845e+02   1.2115e+01   1.1409e-03   2.2292e-02   2.5552e+02
20191101_18:00:00   7.7040e-01   1.4807e+02   1.1950e+01   5.8420e-02   8.6790e-03   2.5656e+02
20191101_19:00:00   7.0876e-01   1.3997e+02   1.1485e+01   4.3961e-02   3.9839e-03   2.5598e+02
20191101_20:00:00   5.3718e-01   1.1492e+02   1.0445e+01   0.0000e+00   1.8459e-03   2.5614e+02
20191101_21:00:00   4.5532e-01   1.0150e+02   9.0015e+00   0.0000e+00   7.8341e-03   2.5463e+02
20191101_22:00:00   4.5994e-01   1.0265e+02   8.8315e+00   0.0000e+00   1.7458e-03   2.5431e+02
20191101_23:00:00   4.0484e-01   9.3445e+01   7.5445e+00   0.0000e+00   1.6446e-03   2.5239e+02
20191102_00:00:00   3.9201e-01   9.1040e+01   7.2783e+00   0.0000e+00   6.3043e-04   2.5334e+02
20191102_01:00:00   4.5259e-01   1.0148e+02   8.2912e+00   5.5190e-04   2.1889e-05   2.5527e+02
20191102_02:00:00   4.2525e-01   9.6785e+01   7.7147e+00   2.5740e-03   2.9859e-05   2.5668e+02
20191102_03:00:00   3.6424e-01   8.5885e+01   6.6492e+00   8.9080e-04   7.1591e-04   2.5783e+02
20191102_04:00:00   3.5537e-01   8.4226e+01   6.4804e+00   4.8213e-04   5.0223e-04   2.5889e+02
20191102_05:00:00   3.2923e-01   7.9549e+01   5.2900e+00   1.3117e-02   1.4237e-03   2.5875e+02
20191102_06:00:00   2.8294e-01   7.0416e+01   5.0717e+00   0.0000e+00   5.7114e-04   2.6046e+02
20191102_07:00:00   3.6596e-01   8.6131e+01   6.5126e+00   3.1215e-03   7.0558e-04   2.6320e+02
20191102_08:00:00   5.0895e-01   1.1092e+02   7.0552e+00   5.1313e-02   4.4942e-04   2.6468e+02
20191102_09:00:00   3.8641e-01   8.9490e+01   7.0332e+00   6.1670e-03   4.2042e-04   2.6632e+02
20191102_10:00:00   4.5821e-01   1.0239e+02   6.8116e+00   3.9613e-02   5.4380e-03   2.6957e+02
20191102_11:00:00   4.3003e-01   9.7656e+01   6.6011e+00   3.0759e-02   5.0155e-03   2.7460e+02
20191102_12:00:00   3.3523e-01   8.0358e+01   6.0975e+00   6.9530e-04   4.4342e-05   2.7475e+02
20191102_13:00:00   3.3404e-01   8.0161e+01   6.0008e+00   2.4755e-03   1.9956e-05   2.7716e+02
20191102_14:00:00   3.1574e-01   7.6691e+01   5.7287e+00   6.1470e-04   0.0000e+00   2.8303e+02
20191102_15:00:00   2.5875e-01   6.5236e+01   4.8184e+00   0.0000e+00   0.0000e+00   2.7983e+02
20191102_16:00:00   2.3707e-01   6.0838e+01   4.3892e+00   7.6590e-04   0.0000e+00   2.7559e+02
20191102_17:00:00   2.9388e-01   7.2422e+01   5.1827e+00   7.7130e-03   7.0743e-05   2.7472e+02
20191102_18:00:00   3.8475e-01   8.9882e+01   5.2948e+00   4.4080e-02   5.6295e-03   2.7257e+02
20191102_19:00:00   3.1049e-01   7.5394e+01   5.1363e+00   2.1818e-02   1.0515e-02   2.7177e+02
20191102_20:00:00   2.4211e-01   6.1176e+01   4.9659e+00   5.4260e-05   1.6914e-02   2.7344e+02
20191102_21:00:00   3.2195e-01   7.6560e+01   6.6640e+00   6.6860e-04   1.5312e-01   2.7728e+02
20191102_22:00:00   2.7129e-01   6.7099e+01   5.5167e+00   1.5931e-03   1.9983e-03   2.7815e+02
20191102_23:00:00   2.7158e-01   6.7095e+01   5.6599e+00   2.8300e-05   7.0453e-03   2.7487e+02
20191103_00:00:00   2.6942e-01   6.6650e+01   5.6444e+00   6.9580e-05   1.8105e-02   2.7108e+02
20191103_01:00:00   3.2937e-01   7.8518e+01   6.7930e+00   6.5520e-04   5.4291e-03   2.7033e+02
20191103_02:00:00   4.1844e-01   9.5039e+01   8.0992e+00   8.7640e-03   1.9063e-03   2.7060e+02
20191103_03:00:00   1.0397e+00   1.7725e+02   9.1581e+00   2.3616e-01   6.3733e-04   2.7135e+02
20191103_04:00:00   2.1348e+00   2.4091e+02   9.4091e+00   6.7802e-01   3.6229e-03   2.7190e+02
20191103_05:00:00   2.2873e+00   2.4550e+02   8.5538e+00   7.5777e-01   6.4516e-03   2.7366e+02
20191103_06:00:00   1.5764e+00   2.1697e+02   7.7935e+00   4.7881e-01   8.8109e-04   2.7447e+02
20191103_07:00:00   5.2900e-01   1.1459e+02   6.1218e+00   8.2052e-02   1.3958e-04   2.7378e+02
20191103_08:00:00   2.7951e-01   7.0059e+01   4.4394e+00   1.8229e-02   6.1740e-06   2.7565e+02
20191103_09:00:00   1.3717e-01   3.9019e+01   2.6274e+00   0.0000e+00   0.0000e+00   2.7680e+02
20191103_10:00:00   1.0728e-01   3.1856e+01   1.9368e+00   2.0870e-03   0.0000e+00   2.7629e+02
20191103_11:00:00   1.6917e-01   4.6626e+01   1.8631e+00   2.8174e-02   2.8898e-06   2.7903e+02
20191103_12:00:00   9.3841e-02   2.8534e+01   1.5654e+00   4.2380e-03   0.0000e+00   2.8209e+02
20191103_13:00:00   1.0630e-01   3.1660e+01   1.5177e+00   1.0180e-02   0.0000e+00   2.8197e+02
20191103_14:00:00   1.0828e-01   3.2217e+01   1.4753e+00   1.1530e-02   0.0000e+00   2.8204e+02
20191103_15:00:00   1.0826e-01   3.2173e+01   1.5957e+00   9.6180e-03   0.0000e+00   2.8306e+02
20191103_16:00:00   1.1671e-01   3.4156e+01   1.8460e+00   8.9900e-03   6.4420e-06   2.8278e+02
20191103_17:00:00   1.1201e-01   3.2978e+01   1.9907e+00   4.7460e-03   0.0000e+00   2.8377e+02
20191103_18:00:00   1.3038e-01   3.7351e+01   2.6085e+00   8.7190e-04   0.0000e+00   2.8667e+02
20191103_19:00:00   2.2335e-01   5.8694e+01   4.4495e+00   0.0000e+00   0.0000e+00   2.8822e+02
20191103_20:00:00   2.5533e-01   6.5568e+01   5.0053e+00   0.0000e+00   0.0000e+00   2.8787e+02
20191103_21:00:00   2.1632e-01   5.7012e+01   4.3406e+00   0.0000e+00   0.0000e+00   2.8683e+02
20191103_22:00:00   1.5425e-01   4.3023e+01   3.0936e+00   0.0000e+00   0.0000e+00   2.8545e+02
20191103_23:00:00   1.1999e-01   3.5035e+01   2.3327e+00   0.0000e+00   0.0000e+00   2.8458e+02
20191104_00:00:00   9.8532e-02   2.9775e+01   1.8829e+00   0.0000e+00   0.0000e+00   2.8496e+02
20191104_01:00:00   8.5337e-02   2.6428e+01   1.6194e+00   0.0000e+00   3.4660e-06   2.8485e+02
20191104_02:00:00   8.7280e-02   2.6884e+01   1.6686e+00   0.0000e+00   0.0000e+00   2.8335e+02
20191104_03:00:00   1.0357e-01   3.0890e+01   2.0236e+00   0.0000e+00   4.0161e-04   2.8255e+02
20191104_04:00:00   1.4294e-01   4.0351e+01   2.8615e+00   0.0000e+00   4.7580e-06   2.8425e+02
20191104_05:00:00   2.1229e-01   5.6146e+01   4.2490e+00   0.0000e+00   1.9864e-05   2.8635e+02
20191104_06:00:00   2.5398e-01   6.5061e+01   5.0632e+00   0.0000e+00   0.0000e+00   2.8790e+02
20191104_07:00:00   2.7745e-01   6.9910e+01   5.4988e+00   0.0000e+00   0.0000e+00   2.8993e+02
20191104_08:00:00   2.9788e-01   7.4036e+01   5.8815e+00   0.0000e+00   0.0000e+00   2.9060e+02
20191104_09:00:00   2.8976e-01   7.2398e+01   5.7313e+00   0.0000e+00   0.0000e+00   2.9088e+02
20191104_10:00:00   2.9871e-01   7.4121e+01   5.9313e+00   0.0000e+00   0.0000e+00   2.9271e+02
20191104_11:00:00   3.0529e-01   7.5281e+01   6.1093e+00   0.0000e+00   0.0000e+00   2.9516e+02
20191104_12:00:00   3.2167e-01   7.8418e+01   6.4511e+00   0.0000e+00   1.0076e-04   2.9499e+02
20191104_13:00:00   3.3804e-01   8.1443e+01   6.7770e+00   0.0000e+00   0.0000e+00   2.9767e+02
20191104_14:00:00   3.2800e-01   7.9293e+01   6.6233e+00   0.0000e+00   0.0000e+00   3.0194e+02
20191104_15:00:00   3.5817e-01   8.4779e+01   7.3055e+00   0.0000e+00   0.0000e+00   3.0281e+02
20191104_16:00:00   4.2364e-01   9.6588e+01   8.5930e+00   0.0000e+00   0.0000e+00   3.0171e+02
20191104_17:00:00   4.4095e-01   9.9360e+01   9.0008e+00   2.4490e-04   0.0000e+00   3.0240e+02
20191104_18:00:00   4.1054e-01   9.3880e+01   8.4449e+00   0.0000e+00   9.2200e-06   3.0744e+02
20191104_19:00:00   3.4500e-01   8.1788e+01   7.1124e+00   4.5500e-04   2.0841e-04   3.0838e+02
20191104_20:00:00   2.7860e-01   6.8960e+01   5.6982e+00   4.6840e-04   3.2701e-05   3.0479e+02
20191104_21:00:00   2.7523e-01   6.8148e+01   5.6641e+00   5.2490e-04   1.3472e-04   3.0719e+02
20191104_22:00:00   2.8407e-01   6.9656e+01   5.8997e+00   2.6770e-04   4.6726e-03   3.1269e+02
20191104_23:00:00   2.5990e-01   6.4962e+01   5.2909e+00   1.2150e-03   4.1164e-03   3.1588e+02
20191105_00:00:00   2.2049e-01   5.7294e+01   4.0493e+00   6.0260e-03   1.1267e-03   3.1472e+02
20191105_01:00:00   2.6225e-01   6.6398e+01   2.9740e+00   4.3036e-02   5.9353e-04   3.1321e+02
20191105_02:00:00   4.3929e-01   9.9671e+01   2.8874e+00   1.1712e-01   1.2255e-04   3.1014e+02
20191105_03:00:00   1.3657e+00   2.0325e+02   4.0671e+00   4.7523e-01   4.8516e-04   3.0414e+02
20191105_04:00:00   3.2654e-01   7.8186e+01   3.6100e+00   5.7080e-02   2.8000e-04   2.9789e+02
20191105_05:00:00   1.2527e-01   3.5289e+01   2.2779e+00   2.9373e-03   3.7148e-04   2.9355e+02
20191105_06:00:00   9.0768e-02   2.7087e+01   1.5564e+00   3.0710e-03   3.6629e-04   2.9281e+02
20191105_07:00:00   7.7347e-02   2.3935e+01   1.3668e+00   0.0000e+00   3.5441e-05   2.9303e+02
20191105_08:00:00   7.1048e-02   2.2602e+01   1.1559e+00   0.0000e+00   0.0000e+00   2.9228e+02
20191105_09:00:00   6.4916e-02   2.1069e+01   1.0210e+00   0.0000e+00   0.0000e+00   2.9047e+02
20191105_10:00:00   6.2791e-02   2.0565e+01   9.5920e-01   0.0000e+00   0.0000e+00   2.9271e+02
20191105_11:00:00   6.6114e-02   2.1421e+01   9.9873e-01   2.4030e-04   2.2410e-06   2.9520e+02
20191105_12:00:00   7.1265e-02   2.2741e+01   1.0067e+00   2.1270e-03   6.2230e-06   2.9465e+02
20191105_13:00:00   6.7261e-02   2.1733e+01   9.4950e-01   1.6890e-03   4.3960e-06   2.9391e+02
20191105_14:00:00   6.4871e-02   2.1094e+01   9.6138e-01   5.0440e-04   1.2710e-06   2.9624e+02
20191105_15:00:00   7.3849e-02   2.3334e+01   1.0629e+00   2.0760e-03   4.2500e-06   3.0011e+02
20191105_16:00:00   8.8127e-02   2.6854e+01   1.2402e+00   4.0750e-03   1.5100e-05   3.0154e+02
20191105_17:00:00   9.3096e-02   2.8034e+01   1.3588e+00   3.5094e-03   3.2307e-05   3.0107e+02
20191105_18:00:00   8.5226e-02   2.6089e+01   1.3343e+00   5.6030e-04   1.6387e-05   3.0015e+02
20191105_19:00:00   9.7338e-02   2.9013e+01   1.4185e+00   3.6624e-03   5.7200e-05   2.9985e+02
20191105_20:00:00   9.6932e-02   2.8904e+01   1.5069e+00   1.2551e-03   2.1237e-05   2.9814e+02
20191105_21:00:00   9.3172e-02   2.8013e+01   1.4491e+00   6.1870e-04   5.4660e-06   2.9691e+02
20191105_22:00:00   8.4630e-02   2.5946e+01   1.2982e+00   2.8120e-04   1.1820e-06   2.9499e+02
20191105_23:00:00   7.9088e-02   2.4588e+01   1.2086e+00   0.0000e+00   0.0000e+00   2.8878e+02
20191106_00:00:00   7.7765e-02   2.4258e+01   1.1904e+00   0.0000e+00   0.0000e+00   2.8755e+02
20191106_01:00:00   7.2923e-02   2.3067e+01   1.1107e+00   0.0000e+00   0.0000e+00   2.9011e+02
20191106_02:00:00   6.7234e-02   2.1646e+01   1.0161e+00   0.0000e+00   0.0000e+00   2.9060e+02
20191106_03:00:00   6.5313e-02   2.1119e+01   1.0026e+00   0.0000e+00   0.0000e+00   2.8937e+02
20191106_04:00:00   6.2613e-02   2.0425e+01   9.6378e-01   0.0000e+00   0.0000e+00   2.8987e+02
20191106_05:00:00   6.3293e-02   2.0553e+01   9.9645e-01   0.0000e+00   0.0000e+00   2.8972e+02
20191106_06:00:00   6.6019e-02   2.1184e+01   1.0749e+00   0.0000e+00   0.0000e+00   2.8957e+02
20191106_09:00:00   8.2669e-02   2.5158e+01   1.4662e+00   0.0000e+00   0.0000e+00   2.8503e+02
20191106_12:00:00   1.1375e-01   3.2590e+01   2.1208e+00   0.0000e+00   0.0000e+00   2.8093e+02
20191106_15:00:00   1.4997e-01   4.1122e+01   2.8371e+00   0.0000e+00   0.0000e+00   2.8200e+02
20191106_18:00:00   1.8941e-01   5.0157e+01   3.5425e+00   0.0000e+00   0.0000e+00   2.8527e+02
20191106_21:00:00   2.0717e-01   5.4078e+01   3.8217e+00   0.0000e+00   0.0000e+00   2.8557e+02
20191107_00:00:00   2.0603e-01   5.3829e+01   3.7471e+00   0.0000e+00   0.0000e+00   2.8353e+02
20191107_03:00:00   1.8930e-01   5.0174e+01   3.3961e+00   0.0000e+00   0.0000e+00   2.8614e+02
20191107_06:00:00   1.3911e-01   3.8709e+01   2.5387e+00   0.0000e+00   0.0000e+00   2.8904e+02
20191107_09:00:00   1.3352e-01   3.7198e+01   2.4888e+00   0.0000e+00   0.0000e+00   2.9128e+02
20191107_12:00:00   1.2336e-01   3.4791e+01   2.2912e+00   1.4560e-04   5.8250e-07   2.9323e+02
20191107_15:00:00   1.5303e-01   4.1485e+01   2.9420e+00   1.4680e-04   2.9370e-07   2.9495e+02
20191107_18:00:00   1.8859e-01   4.9223e+01   3.7193e+00   0.0000e+00   1.4746e-04   2.9635e+02
20191107_21:00:00   2.0348e-01   5.2590e+01   3.9868e+00   7.2610e-05   2.6487e-03   3.0250e+02
20191108_00:00:00   2.1725e-01   5.5430e+01   4.3272e+00   1.1000e-04   2.1011e-03   3.0278e+02
20191108_03:00:00   2.7560e-01   6.7241e+01   5.5511e+00   0.0000e+00   1.0164e-03   2.9833e+02
20191108_06:00:00   3.5048e-01   8.1562e+01   6.9607e+00   0.0000e+00   1.7720e-04   2.9815e+02
20191108_09:00:00   4.1734e-01   9.3449e+01   8.2268e+00   0.0000e+00   7.2337e-04   3.0028e+02
20191108_12:00:00   4.6369e-01   1.0132e+02   9.0736e+00   0.0000e+00   4.6215e-03   2.9936e+02
20191108_15:00:00   4.4716e-01   9.8699e+01   8.8322e+00   1.4290e-05   1.2728e-02   2.9901e+02
20191108_18:00:00   3.8557e-01   8.9009e+01   7.2141e+00   7.0600e-05   1.6154e-06   3.0019e+02
20191108_21:00:00   9.2578e-01   1.6507e+02   6.2853e+00   2.4003e-01   1.2918e-03   2.9843e+02
20191109_00:00:00   7.9054e-01   1.5003e+02   4.5456e+00   2.2177e-01   1.7630e-03   2.9756e+02
20191109_03:00:00   9.2029e-01   1.6472e+02   3.4615e+00   3.0151e-01   5.5557e-04   3.0085e+02
20191109_06:00:00   5.8711e-01   1.2303e+02   2.7765e+00   1.7828e-01   9.1280e-05   3.0283e+02
20191109_09:00:00   2.4340e-01   6.2182e+01   2.1521e+00   5.1254e-02   3.3059e-05   3.0714e+02
20191109_12:00:00   9.8686e-02   2.9332e+01   1.7389e+00   2.2680e-03   6.0340e-07   3.0292e+02
20191109_15:00:00   1.5180e-01   4.1505e+01   2.7402e+00   6.0830e-03   3.3170e-06   2.9832e+02
20191109_18:00:00   2.9341e-01   7.1224e+01   4.0760e+00   3.8715e-02   3.8971e-03   3.0200e+02
20191109_21:00:00   2.2687e-01   5.8359e+01   2.4565e+00   3.7880e-02   1.6954e-04   3.0699e+02
20191110_00:00:00   3.1803e-01   7.6541e+01   2.3047e+00   7.8150e-02   4.6010e-04   3.0596e+02
20191110_03:00:00   2.5930e-01   6.4362e+01   2.5489e+00   4.7253e-02   1.8311e-02   3.0968e+02
20191110_06:00:00   2.3232e-01   5.8285e+01   2.6682e+00   3.0885e-02   6.2743e-02   3.2479e+02
20191110_09:00:00   1.7157e-01   4.5086e+01   2.3951e+00   1.1400e-02   7.8685e-03   3.3631e+02
20191110_12:00:00   1.1825e-01   3.3113e+01   1.8080e+00   2.7857e-03   3.8120e-04   3.3589e+02
20191110_15:00:00   2.2857e-01   5.6757e+01   3.0967e+00   2.0060e-02   5.4538e-02   3.3820e+02
20191110_18:00:00   1.3528e-01   3.6819e+01   2.1915e+00   1.3872e-03   2.0280e-04   3.4171e+02
20191110_21:00:00   1.3640e-01   3.7040e+01   2.1468e+00   2.6551e-03   1.8558e-03   3.4577e+02
20191111_00:00:00   9.2342e-02   2.7039e+01   1.4451e+00   0.0000e+00   0.0000e+00   3.4513e+02
20191111_03:00:00   9.5713e-02   2.7705e+01   1.5001e+00   0.0000e+00   1.4483e-04   3.4616e+02
20191111_06:00:00   1.0463e-01   2.9840e+01   1.6775e+00   0.0000e+00   9.2995e-04   3.4821e+02
20191111_09:00:00   1.1597e-01   3.2443e+01   1.9095e+00   0.0000e+00   2.0150e-03   3.4750e+02
20191111_12:00:00   1.6607e-01   4.3216e+01   2.8826e+00   4.7100e-05   8.4043e-02   3.4515e+02
20191111_15:00:00   1.6356e-01   4.2640e+01   2.9300e+00   3.5610e-05   3.1511e-02   3.4320e+02
20191111_18:00:00   2.1482e-01   5.3589e+01   3.8548e+00   0.0000e+00   1.6426e-01   3.4208e+02
20191111_21:00:00   2.7350e-01   6.5455e+01   4.8933e+00   1.7957e-04   2.1406e-01   3.4055e+02
20191112_00:00:00   2.5675e-01   6.2586e+01   4.5886e+00   3.6410e-03   8.2104e-02   3.3545e+02
20191112_03:00:00   2.9572e-01   7.0231e+01   5.5274e+00   0.0000e+00   4.7149e-02   3.3590e+02
20191112_06:00:00   2.6657e-01   6.4711e+01   4.8736e+00   0.0000e+00   1.6159e-03   3.4026e+02
20191112_09:00:00   2.8739e-01   6.8219e+01   5.2776e+00   0.0000e+00   5.7150e-02   3.4769e+02
20191112_12:00:00   2.6096e-01   6.3030e+01   4.7561e+00   0.0000e+00   3.9705e-02   3.4693e+02
20191112_15:00:00   2.7086e-01   6.4937e+01   4.9091e+00   0.0000e+00   7.8086e-02   3.4577e+02
20191112_18:00:00   2.6017e-01   6.2903e+01   4.7127e+00   0.0000e+00   2.2874e-02   3.5206e+02
20191112_21:00:00   2.5492e-01   6.1938e+01   4.5787e+00   0.0000e+00   1.0324e-02   3.5030e+02
20191113_00:00:00   2.8267e-01   6.7180e+01   4.9937e+00   0.0000e+00   2.4108e-01   3.4726e+02
20191113_03:00:00   2.8470e-01   6.7503e+01   4.9986e+00   3.3020e-05   3.5752e-01   3.4401e+02
20191113_06:00:00   2.8369e-01   6.7598e+01   4.9943e+00   2.2315e-03   1.0458e-01   3.4195e+02
20191113_09:00:00   2.7982e-01   6.7207e+01   4.8229e+00   2.2927e-03   1.5390e-01   3.3904e+02
20191113_12:00:00   3.2284e-01   7.5097e+01   5.7186e+00   1.9684e-03   2.4749e-01   3.3275e+02
20191113_15:00:00   5.7798e-01   1.1785e+02   5.6641e+00   1.1740e-01   1.7490e-01   3.3319e+02
20191113_18:00:00   3.7603e-01   8.5142e+01   6.0912e+00   1.5819e-02   2.7098e-01   3.3540e+02
20191113_21:00:00   1.7073e+00   2.1911e+02   6.5396e+00   5.8694e-01   4.6425e-01   3.2708e+02
20191114_00:00:00   1.4433e+00   2.0460e+02   6.4748e+00   4.7505e-01   2.4216e-01   3.2848e+02
20191114_03:00:00   1.4740e+00   2.0609e+02   6.6283e+00   4.8587e-01   5.3354e-01   3.2703e+02
20191114_06:00:00   9.6601e-01   1.6625e+02   6.6124e+00   2.5997e-01   3.6518e-01   3.2661e+02
20191114_09:00:00   8.5716e-01   1.5495e+02   6.4968e+00   2.1570e-01   2.1964e-01   3.2523e+02
20191114_12:00:00   8.5103e-01   1.5408e+02   6.4562e+00   2.1673e-01   9.6497e-02   3.2066e+02
20191114_15:00:00   3.5515e-01   8.1692e+01   6.2607e+00   5.9364e-03   7.1266e-03   3.1770e+02
20191114_18:00:00   5.8497e-01   1.1977e+02   6.5054e+00   9.8668e-02   1.1707e-01   3.1803e+02
20191114_21:00:00   1.0524e+00   1.7479e+02   6.7564e+00   2.9074e-01   5.4234e-01   3.2276e+02
20191115_00:00:00   6.0299e-01   1.2222e+02   6.3624e+00   1.0845e-01   2.0088e-01   3.2531e+02
20191115_03:00:00   4.8129e-01   1.0390e+02   5.8152e+00   6.8257e-02   4.7856e-02   3.2496e+02
20191115_06:00:00   2.5537e-01   6.2552e+01   4.6543e+00   1.8083e-03   6.5066e-03   3.1820e+02
20191115_09:00:00   3.1141e-01   7.3708e+01   5.6887e+00   0.0000e+00   2.2873e-03   3.1760e+02
20191115_12:00:00   5.8611e-01   1.2023e+02   6.7018e+00   8.8119e-02   4.2680e-01   3.1520e+02
20191115_15:00:00   3.9182e-01   8.8692e+01   6.0553e+00   2.5097e-02   2.9536e-02   3.1705e+02
20191115_18:00:00   6.0909e-01   1.2370e+02   5.9005e+00   1.1963e-01   9.3278e-02   3.2109e+02
20191115_21:00:00   3.6364e-01   8.3764e+01   5.4358e+00   2.4724e-02   3.7971e-02   3.1872e+02
20191116_00:00:00   2.6526e-01   6.4955e+01   4.3730e+00   9.9731e-03   3.4056e-04   3.2052e+02
20191116_03:00:00   5.8269e-01   1.2004e+02   4.3834e+00   1.4499e-01   1.8984e-02   3.2123e+02
20191116_06:00:00   3.3057e-01   7.7434e+01   5.0474e+00   2.2581e-02   7.2499e-03   3.2344e+02
20191116_09:00:00   2.7184e-01   6.5943e+01   4.9340e+00   0.0000e+00   3.4256e-03   3.2763e+02
20191116_12:00:00   2.8774e-01   6.9016e+01   5.2308e+00   0.0000e+00   3.2303e-03   3.2479e+02
20191116_15:00:00   2.7840e-01   6.7118e+01   5.0709e+00   2.4870e-05   7.4805e-03   3.2195e+02
20191116_18:00:00   3.1641e-01   7.4213e+01   5.7420e+00   0.0000e+00   6.9452e-02   3.2064e+02
20191116_21:00:00   3.2514e-01   7.5851e+01   5.8640e+00   0.0000e+00   7.8810e-02   3.1521e+02
20191117_00:00:00   3.2029e-01   7.4918e+01   5.7740e+00   0.0000e+00   4.9856e-02   3.1371e+02
20191117_03:00:00   3.2091e-01   7.4999e+01   5.7316e+00   0.0000e+00   1.1292e-01   3.2107e+02
20191117_06:00:00   3.7425e-01   8.4833e+01   5.8543e+00   1.6788e-02   4.4954e-01   3.2888e+02
