#            date       tau225        Tb[K]      pwv[mm] lwp[kg*m^-2] iwp[kg*m^-2]       o3[DU]
20191121_18:00:00   2.0184e-01   5.3177e+01   4.3005e+00   0.0000e+00   2.0627e-03   2.4536e+02
20191121_19:00:00   2.1115e-01   5.4998e+01   4.5958e+00   0.0000e+00   3.6999e-03   2.4573e+02
20191121_20:00:00   2.1148e-01   5.5023e+01   4.6336e+00   0.0000e+00   8.7850e-03   2.4621e+02
20191121_21:00:00   2.0872e-01   5.4359e+01   4.6009e+00   0.0000e+00   4.7881e-03   2.4659e+02
20191121_22:00:00   2.0453e-01   5.3413e+01   4.5328e+00   7.9880e-05   1.8167e-03   2.4571e+02
20191121_23:00:00   2.0731e-01   5.3906e+01   4.5556e+00   1.7940e-03   3.2729e-03   2.4504e+02
20191122_00:00:00   2.0229e-01   5.2770e+01   4.4853e+00   1.3750e-03   3.7159e-03   2.4422e+02
20191122_01:00:00   1.9876e-01   5.1932e+01   4.4972e+00   0.0000e+00   2.1440e-03   2.4332e+02
20191122_02:00:00   2.0176e-01   5.2502e+01   4.5873e+00   1.5400e-04   1.3144e-02   2.4351e+02
20191122_03:00:00   2.0355e-01   5.2737e+01   4.6729e+00   7.7550e-05   4.1294e-02   2.4473e+02
20191122_04:00:00   2.1301e-01   5.4695e+01   4.9035e+00   0.0000e+00   4.5239e-02   2.4511e+02
20191122_05:00:00   2.2566e-01   5.7328e+01   5.1794e+00   8.0640e-06   4.6613e-02   2.4636e+02
20191122_06:00:00   2.3329e-01   5.8898e+01   5.3397e+00   0.0000e+00   3.9068e-02   2.4681e+02
20191122_07:00:00   2.3133e-01   5.8525e+01   5.2819e+00   0.0000e+00   2.9863e-02   2.4765e+02
20191122_08:00:00   2.3937e-01   6.0244e+01   5.4234e+00   0.0000e+00   3.0605e-02   2.4858e+02
20191122_09:00:00   2.4124e-01   6.0641e+01   5.4648e+00   0.0000e+00   2.4587e-02   2.4893e+02
20191122_10:00:00   2.5140e-01   6.2627e+01   5.6989e+00   0.0000e+00   3.2712e-02   2.4849e+02
20191122_11:00:00   2.5964e-01   6.4254e+01   5.8787e+00   0.0000e+00   3.9060e-02   2.4717e+02
20191122_12:00:00   2.6969e-01   6.6195e+01   6.1012e+00   0.0000e+00   5.2482e-02   2.4652e+02
20191122_13:00:00   2.7352e-01   6.6899e+01   6.1819e+00   0.0000e+00   7.2219e-02   2.4581e+02
20191122_14:00:00   2.7076e-01   6.6341e+01   6.1298e+00   0.0000e+00   6.5038e-02   2.4497e+02
20191122_15:00:00   2.7222e-01   6.6627e+01   6.1458e+00   0.0000e+00   7.5369e-02   2.4459e+02
20191122_16:00:00   2.7844e-01   6.7826e+01   6.2612e+00   3.9600e-05   9.6525e-02   2.4455e+02
20191122_17:00:00   2.7458e-01   6.7126e+01   6.2000e+00   0.0000e+00   6.3284e-02   2.4533e+02
20191122_18:00:00   2.6666e-01   6.5598e+01   6.0198e+00   0.0000e+00   4.8958e-02   2.4606e+02
20191122_19:00:00   2.6020e-01   6.4318e+01   5.8894e+00   0.0000e+00   3.6872e-02   2.4671e+02
20191122_20:00:00   2.4403e-01   6.1037e+01   5.5444e+00   0.0000e+00   3.0077e-02   2.4808e+02
20191122_21:00:00   2.2066e-01   5.6279e+01   5.0072e+00   0.0000e+00   2.6560e-02   2.5085e+02
20191122_22:00:00   2.0991e-01   5.4066e+01   4.7577e+00   0.0000e+00   6.2304e-03   2.5240e+02
20191122_23:00:00   2.0877e-01   5.3785e+01   4.7500e+00   0.0000e+00   2.2712e-03   2.5266e+02
20191123_00:00:00   2.1126e-01   5.4281e+01   4.8037e+00   0.0000e+00   6.9047e-04   2.5302e+02
20191123_01:00:00   2.0951e-01   5.3928e+01   4.7639e+00   0.0000e+00   1.1738e-03   2.5342e+02
20191123_02:00:00   2.1083e-01   5.4200e+01   4.7900e+00   0.0000e+00   1.4993e-03   2.5281e+02
20191123_03:00:00   2.1617e-01   5.5260e+01   4.9233e+00   0.0000e+00   5.5915e-04   2.5347e+02
20191123_04:00:00   2.2656e-01   5.7312e+01   5.1938e+00   0.0000e+00   2.4180e-03   2.5347e+02
20191123_05:00:00   2.3339e-01   5.8632e+01   5.3745e+00   0.0000e+00   2.3435e-03   2.5303e+02
20191123_06:00:00   2.3650e-01   5.9173e+01   5.4453e+00   0.0000e+00   8.9559e-03   2.5415e+02
20191123_07:00:00   2.4030e-01   5.9917e+01   5.5293e+00   0.0000e+00   9.3064e-03   2.5473e+02
20191123_08:00:00   2.3918e-01   5.9742e+01   5.4807e+00   0.0000e+00   5.5486e-03   2.5531e+02
20191123_09:00:00   2.3236e-01   5.8440e+01   5.2913e+00   0.0000e+00   7.3223e-04   2.5616e+02
20191123_10:00:00   2.3032e-01   5.8011e+01   5.2472e+00   0.0000e+00   1.0079e-03   2.5612e+02
20191123_11:00:00   2.3974e-01   5.9875e+01   5.5056e+00   0.0000e+00   3.5102e-03   2.5611e+02
20191123_12:00:00   2.4089e-01   6.0195e+01   5.5282e+00   0.0000e+00   3.7238e-03   2.5773e+02
20191123_13:00:00   2.4431e-01   6.1073e+01   5.4750e+00   1.9290e-03   7.0445e-03   2.5939e+02
20191123_14:00:00   2.7237e-01   6.6904e+01   5.7178e+00   8.8070e-03   5.7141e-03   2.6019e+02
20191123_15:00:00   2.5628e-01   6.3513e+01   5.8607e+00   0.0000e+00   2.3100e-03   2.6070e+02
20191123_16:00:00   2.6953e-01   6.6098e+01   6.1538e+00   0.0000e+00   1.9153e-03   2.6002e+02
20191123_17:00:00   2.5222e-01   6.2643e+01   5.7685e+00   0.0000e+00   3.8706e-04   2.6014e+02
20191123_18:00:00   2.3713e-01   5.9655e+01   5.4039e+00   0.0000e+00   0.0000e+00   2.6131e+02
20191123_19:00:00   2.2645e-01   5.7596e+01   5.1193e+00   0.0000e+00   2.1280e-05   2.5934e+02
20191123_20:00:00   2.3077e-01   5.8538e+01   5.1801e+00   0.0000e+00   1.3178e-04   2.5825e+02
20191123_21:00:00   2.5139e-01   6.2839e+01   5.6039e+00   0.0000e+00   1.3949e-03   2.5676e+02
20191123_22:00:00   2.6849e-01   6.6368e+01   5.9680e+00   0.0000e+00   6.4063e-03   2.5772e+02
20191123_23:00:00   2.7878e-01   6.8527e+01   6.1493e+00   0.0000e+00   2.4245e-03   2.5755e+02
20191124_00:00:00   2.8056e-01   6.9064e+01   6.0790e+00   7.0340e-05   3.3160e-05   2.5602e+02
20191124_01:00:00   3.0068e-01   7.2995e+01   6.4776e+00   3.4820e-04   0.0000e+00   2.5383e+02
20191124_02:00:00   3.2698e-01   7.7984e+01   7.0210e+00   2.0960e-04   0.0000e+00   2.5192e+02
20191124_03:00:00   3.4652e-01   8.1694e+01   7.3447e+00   2.8450e-04   5.3516e-05   2.5026e+02
20191124_04:00:00   3.5216e-01   8.2848e+01   7.4124e+00   0.0000e+00   4.3576e-04   2.4993e+02
20191124_05:00:00   3.5144e-01   8.2790e+01   7.3741e+00   0.0000e+00   1.0562e-04   2.4810e+02
20191124_06:00:00   3.5447e-01   8.3361e+01   7.4433e+00   0.0000e+00   8.3115e-05   2.4823e+02
20191124_07:00:00   3.5100e-01   8.2792e+01   7.3550e+00   0.0000e+00   2.1454e-05   2.4892e+02
20191124_08:00:00   3.4387e-01   8.1528e+01   7.1939e+00   0.0000e+00   1.1002e-05   2.4927e+02
20191124_09:00:00   3.3923e-01   8.0727e+01   7.0425e+00   1.6910e-04   4.0318e-05   2.4906e+02
20191124_10:00:00   3.3969e-01   8.0832e+01   6.9861e+00   1.0207e-03   2.6909e-04   2.4911e+02
20191124_11:00:00   3.5675e-01   8.3981e+01   7.0240e+00   6.9668e-03   2.2665e-03   2.4862e+02
20191124_12:00:00   3.9523e-01   9.0985e+01   6.9782e+00   2.4051e-02   3.7274e-03   2.4660e+02
20191124_13:00:00   3.5197e-01   8.3099e+01   6.9410e+00   6.4748e-03   6.1553e-03   2.4432e+02
20191124_14:00:00   3.2541e-01   7.8132e+01   6.7325e+00   0.0000e+00   2.1092e-03   2.4344e+02
20191124_15:00:00   3.1238e-01   7.5691e+01   6.4759e+00   0.0000e+00   3.2870e-05   2.4352e+02
20191124_16:00:00   2.9295e-01   7.1995e+01   6.0422e+00   0.0000e+00   1.5970e-05   2.4452e+02
20191124_17:00:00   2.7674e-01   6.8821e+01   5.6814e+00   0.0000e+00   2.0399e-05   2.4279e+02
20191124_18:00:00   2.7180e-01   6.7829e+01   5.6152e+00   0.0000e+00   1.5750e-05   2.4103e+02
20191124_19:00:00   2.6897e-01   6.7265e+01   5.5544e+00   0.0000e+00   0.0000e+00   2.4215e+02
20191124_20:00:00   2.6295e-01   6.6074e+01   5.4325e+00   0.0000e+00   0.0000e+00   2.4412e+02
20191124_21:00:00   2.4878e-01   6.3241e+01   5.1284e+00   0.0000e+00   0.0000e+00   2.4601e+02
20191124_22:00:00   2.3255e-01   5.9889e+01   4.8218e+00   0.0000e+00   0.0000e+00   2.4804e+02
20191124_23:00:00   2.3091e-01   5.9517e+01   4.8163e+00   1.6200e-04   0.0000e+00   2.4911e+02
20191125_00:00:00   2.4363e-01   6.2151e+01   5.0869e+00   7.3520e-05   0.0000e+00   2.4750e+02
20191125_01:00:00   2.6233e-01   6.6044e+01   5.4455e+00   2.1820e-04   0.0000e+00   2.4670e+02
20191125_02:00:00   2.7185e-01   6.7985e+01   5.6265e+00   0.0000e+00   0.0000e+00   2.4527e+02
20191125_03:00:00   2.7803e-01   6.9155e+01   5.7948e+00   0.0000e+00   0.0000e+00   2.4408e+02
20191125_04:00:00   2.5846e-01   6.5175e+01   5.4228e+00   0.0000e+00   0.0000e+00   2.4306e+02
20191125_05:00:00   2.3712e-01   6.0801e+01   4.9959e+00   0.0000e+00   0.0000e+00   2.4300e+02
20191125_06:00:00   2.3375e-01   6.0086e+01   4.9299e+00   0.0000e+00   0.0000e+00   2.4268e+02
20191125_07:00:00   2.4956e-01   6.3359e+01   5.2510e+00   0.0000e+00   0.0000e+00   2.4326e+02
20191125_08:00:00   2.3622e-01   6.0689e+01   4.9374e+00   0.0000e+00   0.0000e+00   2.4446e+02
20191125_09:00:00   2.2504e-01   5.8381e+01   4.6911e+00   0.0000e+00   0.0000e+00   2.4557e+02
20191125_10:00:00   2.1369e-01   5.5998e+01   4.4519e+00   0.0000e+00   0.0000e+00   2.4634e+02
20191125_11:00:00   2.2266e-01   5.7857e+01   4.6905e+00   0.0000e+00   0.0000e+00   2.4532e+02
20191125_12:00:00   2.4033e-01   6.1505e+01   5.1236e+00   0.0000e+00   0.0000e+00   2.4443e+02
20191125_13:00:00   2.2162e-01   5.7706e+01   4.6934e+00   0.0000e+00   0.0000e+00   2.4553e+02
20191125_14:00:00   1.9386e-01   5.1797e+01   4.0490e+00   0.0000e+00   0.0000e+00   2.4554e+02
20191125_15:00:00   1.9262e-01   5.1524e+01   4.0522e+00   0.0000e+00   1.7486e-07   2.4554e+02
20191125_16:00:00   2.0343e-01   5.3859e+01   4.3079e+00   0.0000e+00   3.6260e-06   2.4487e+02
20191125_17:00:00   1.9384e-01   5.1801e+01   4.1068e+00   0.0000e+00   8.4270e-06   2.4450e+02
20191125_18:00:00   1.8419e-01   4.9673e+01   3.9122e+00   0.0000e+00   1.3653e-05   2.4461e+02
20191125_19:00:00   1.7972e-01   4.8676e+01   3.8255e+00   0.0000e+00   1.4253e-05   2.4471e+02
20191125_20:00:00   1.8711e-01   5.0325e+01   3.9834e+00   0.0000e+00   2.3329e-05   2.4435e+02
20191125_21:00:00   1.9627e-01   5.2346e+01   4.1852e+00   0.0000e+00   1.4691e-05   2.4411e+02
20191125_22:00:00   1.9953e-01   5.3054e+01   4.2613e+00   0.0000e+00   6.9520e-06   2.4507e+02
20191125_23:00:00   2.0239e-01   5.3667e+01   4.3369e+00   0.0000e+00   0.0000e+00   2.4478e+02
20191126_00:00:00   2.1844e-01   5.7105e+01   4.7003e+00   7.5560e-05   0.0000e+00   2.4421e+02
20191126_01:00:00   2.2313e-01   5.8232e+01   4.4787e+00   6.0290e-03   0.0000e+00   2.4376e+02
20191126_02:00:00   2.0403e-01   5.4122e+01   4.1718e+00   4.2240e-03   6.3520e-06   2.4363e+02
20191126_03:00:00   1.8718e-01   5.0408e+01   4.0207e+00   1.0750e-04   3.2630e-06   2.4311e+02
20191126_04:00:00   1.7837e-01   4.8433e+01   3.8350e+00   0.0000e+00   4.6260e-06   2.4178e+02
20191126_05:00:00   1.7592e-01   4.7853e+01   3.8054e+00   0.0000e+00   4.2560e-07   2.4191e+02
20191126_06:00:00   1.6651e-01   4.5697e+01   3.6231e+00   0.0000e+00   4.2560e-07   2.4325e+02
20191126_07:00:00   1.5527e-01   4.3128e+01   3.3839e+00   3.2780e-05   0.0000e+00   2.4437e+02
20191126_08:00:00   1.5576e-01   4.3239e+01   3.3915e+00   3.2830e-05   3.2630e-06   2.4524e+02
20191126_09:00:00   1.4772e-01   4.1384e+01   3.2067e+00   0.0000e+00   0.0000e+00   2.4580e+02
20191126_10:00:00   1.3695e-01   3.8899e+01   2.9554e+00   0.0000e+00   0.0000e+00   2.4534e+02
20191126_11:00:00   1.2921e-01   3.7114e+01   2.7744e+00   0.0000e+00   0.0000e+00   2.4480e+02
20191126_12:00:00   1.2279e-01   3.5602e+01   2.6290e+00   0.0000e+00   0.0000e+00   2.4478e+02
20191126_13:00:00   1.2145e-01   3.5281e+01   2.6100e+00   0.0000e+00   8.9510e-06   2.4471e+02
20191126_14:00:00   1.2635e-01   3.6411e+01   2.7452e+00   0.0000e+00   4.0180e-05   2.4375e+02
20191126_15:00:00   1.2699e-01   3.6523e+01   2.7899e+00   0.0000e+00   7.7790e-05   2.4316e+02
20191126_16:00:00   1.2298e-01   3.5589e+01   2.7054e+00   0.0000e+00   4.7940e-05   2.4311e+02
20191126_17:00:00   1.2218e-01   3.5409e+01   2.6930e+00   0.0000e+00   4.0710e-05   2.4301e+02
20191126_18:00:00   1.2109e-01   3.5154e+01   2.6740e+00   0.0000e+00   8.9760e-05   2.4311e+02
20191126_21:00:00   1.1658e-01   3.3991e+01   2.6250e+00   0.0000e+00   9.0021e-06   2.4453e+02
20191127_00:00:00   1.3713e-01   3.8809e+01   3.1103e+00   0.0000e+00   4.2300e-05   2.4318e+02
20191127_03:00:00   1.5599e-01   4.3237e+01   3.5262e+00   0.0000e+00   2.4304e-05   2.4068e+02
20191127_06:00:00   1.6662e-01   4.5447e+01   3.8439e+00   0.0000e+00   5.6640e-06   2.4120e+02
20191127_09:00:00   1.8534e-01   4.9439e+01   4.3571e+00   0.0000e+00   8.8388e-05   2.4223e+02
20191127_12:00:00   2.4992e-01   6.3139e+01   5.8191e+00   0.0000e+00   0.0000e+00   2.4154e+02
20191127_15:00:00   3.0517e-01   7.4223e+01   7.0501e+00   0.0000e+00   0.0000e+00   2.3992e+02
20191127_18:00:00   3.4931e-01   8.2583e+01   8.0296e+00   0.0000e+00   2.1569e-06   2.4130e+02
20191127_21:00:00   3.7879e-01   8.8104e+01   8.6824e+00   0.0000e+00   6.7010e-06   2.4365e+02
20191128_00:00:00   4.3205e-01   9.7463e+01   9.8350e+00   0.0000e+00   3.8800e-04   2.4359e+02
20191128_03:00:00   4.5332e-01   1.0112e+02   1.0330e+01   0.0000e+00   1.0420e-03   2.4181e+02
20191128_06:00:00   4.2497e-01   9.6154e+01   9.7357e+00   0.0000e+00   6.5620e-06   2.4394e+02
20191128_09:00:00   3.7403e-01   8.7138e+01   8.5905e+00   0.0000e+00   1.2421e-03   2.4499e+02
20191128_12:00:00   3.5644e-01   8.4110e+01   8.1377e+00   0.0000e+00   2.4464e-04   2.4477e+02
20191128_15:00:00   3.3885e-01   8.0921e+01   7.6892e+00   8.3350e-04   2.7280e-05   2.4452e+02
20191128_18:00:00   3.3649e-01   8.0437e+01   7.7143e+00   0.0000e+00   2.1298e-04   2.4532e+02
20191128_21:00:00   3.6174e-01   8.5119e+01   8.1468e+00   1.3230e-03   7.5220e-05   2.4762e+02
20191129_00:00:00   4.2835e-01   9.7174e+01   8.8599e+00   1.4164e-02   1.2701e-04   2.4950e+02
20191129_03:00:00   7.4886e-01   1.4556e+02   9.6558e+00   1.2848e-01   2.8313e-03   2.5001e+02
20191129_06:00:00   4.3248e-01   9.7605e+01   9.4405e+00   3.9588e-03   4.2040e-03   2.5029e+02
20191129_09:00:00   7.1512e-01   1.4089e+02   9.7592e+00   1.1130e-01   1.2157e-02   2.5105e+02
20191129_12:00:00   4.5069e-01   1.0050e+02   9.9586e+00   0.0000e+00   9.6078e-03   2.4974e+02
20191129_15:00:00   4.3174e-01   9.7338e+01   9.5445e+00   0.0000e+00   3.2490e-03   2.4633e+02
20191129_18:00:00   4.3098e-01   9.7267e+01   9.5174e+00   0.0000e+00   6.7182e-05   2.4685e+02
20191129_21:00:00   4.3165e-01   9.7375e+01   9.5637e+00   0.0000e+00   3.4962e-05   2.4769e+02
20191130_00:00:00   4.2574e-01   9.6178e+01   9.4835e+00   0.0000e+00   1.2279e-03   2.4723e+02
20191130_03:00:00   4.4621e-01   9.9771e+01   9.6611e+00   5.4620e-03   6.9163e-03   2.4470e+02
20191130_06:00:00   5.2633e-01   1.1300e+02   1.0358e+01   2.5130e-02   2.0955e-02   2.4446e+02
20191130_09:00:00   5.0778e-01   1.0975e+02   1.0937e+01   6.3575e-03   1.5644e-02   2.4395e+02
20191130_12:00:00   5.2147e-01   1.1163e+02   1.1397e+01   2.2182e-03   1.5271e-01   2.4283e+02
20191130_15:00:00   5.5136e-01   1.1638e+02   1.2066e+01   0.0000e+00   4.0517e-02   2.4157e+02
20191130_18:00:00   5.4094e-01   1.1506e+02   1.1826e+01   0.0000e+00   4.4468e-03   2.4048e+02
20191130_21:00:00   5.4697e-01   1.1616e+02   1.1813e+01   3.2820e-04   6.4283e-04   2.4364e+02
20191201_00:00:00   1.0591e+00   1.7919e+02   1.1624e+01   2.1285e-01   4.3410e-03   2.4275e+02
20191201_03:00:00   9.1379e-01   1.6465e+02   1.1474e+01   1.5515e-01   6.3718e-03   2.4305e+02
20191201_06:00:00   8.0393e-01   1.5150e+02   1.2009e+01   1.0049e-01   1.8210e-02   2.4280e+02
20191201_09:00:00   5.9821e-01   1.2391e+02   1.1800e+01   2.0112e-02   1.0064e-02   2.4213e+02
20191201_12:00:00   7.6026e-01   1.4634e+02   1.1661e+01   8.8839e-02   5.1273e-03   2.4415e+02
20191201_15:00:00   5.4418e-01   1.1577e+02   1.1663e+01   1.2451e-03   3.9395e-03   2.4475e+02
20191201_18:00:00   1.6798e+00   2.2327e+02   1.2051e+01   4.5635e-01   9.4138e-03   2.4587e+02
20191201_21:00:00   9.0561e-01   1.6327e+02   1.1987e+01   1.4297e-01   2.3007e-02   2.4843e+02
20191202_00:00:00   8.2863e-01   1.5468e+02   1.2451e+01   1.0313e-01   4.9558e-02   2.4718e+02
20191202_03:00:00   1.1340e+00   1.8572e+02   1.2901e+01   2.2049e-01   8.6525e-02   2.4838e+02
20191202_06:00:00   1.7719e+00   2.2735e+02   1.3070e+01   4.7821e-01   1.2506e-01   2.5087e+02
20191202_09:00:00   1.2225e+00   1.9300e+02   1.3199e+01   2.4920e-01   2.8624e-01   2.5298e+02
20191202_12:00:00   1.7677e+00   2.2675e+02   1.3075e+01   4.7768e-01   2.2649e-01   2.5348e+02
20191202_15:00:00   1.6411e+00   2.2056e+02   1.2852e+01   4.2747e-01   3.8593e-01   2.5016e+02
20191202_18:00:00   1.1163e+00   1.8419e+02   1.2934e+01   2.0979e-01   3.1590e-01   2.5103e+02
20191202_21:00:00   6.0798e-01   1.2550e+02   1.2106e+01   2.0665e-02   1.3783e-02   2.5289e+02
20191203_00:00:00   1.7358e+00   2.2618e+02   1.1885e+01   4.8386e-01   1.9539e-03   2.5097e+02
20191203_03:00:00   6.4717e-01   1.3090e+02   1.2372e+01   3.1277e-02   4.9132e-02   2.4953e+02
20191203_06:00:00   5.7235e-01   1.1996e+02   1.1494e+01   1.8974e-02   1.6488e-02   2.4991e+02
20191203_09:00:00   6.1316e-01   1.2578e+02   1.2100e+01   2.2621e-02   1.5855e-01   2.5030e+02
20191203_12:00:00   6.1704e-01   1.2651e+02   1.1918e+01   2.7674e-02   1.5646e-01   2.5022e+02
20191203_15:00:00   5.6067e-01   1.1805e+02   1.1724e+01   7.3471e-03   6.5339e-02   2.4886e+02
20191203_18:00:00   5.0341e-01   1.0926e+02   1.0616e+01   4.2162e-03   7.0140e-02   2.4876e+02
20191203_21:00:00   4.8364e-01   1.0619e+02   1.0303e+01   4.4854e-03   8.8545e-04   2.5074e+02
20191204_00:00:00   3.5879e-01   8.4410e+01   8.1820e+00   0.0000e+00   1.6415e-02   2.4950e+02
20191204_03:00:00   2.6894e-01   6.6858e+01   6.2895e+00   0.0000e+00   9.3686e-03   2.5166e+02
20191204_06:00:00   2.8500e-01   6.9891e+01   6.6715e+00   0.0000e+00   8.8531e-03   2.5160e+02
20191204_09:00:00   3.1916e-01   7.6539e+01   7.3998e+00   0.0000e+00   4.4414e-03   2.5005e+02
20191204_12:00:00   3.4833e-01   8.1755e+01   8.0392e+00   0.0000e+00   1.5793e-02   2.5048e+02
20191204_15:00:00   3.2170e-01   7.6575e+01   7.4618e+00   0.0000e+00   1.9074e-02   2.4824e+02
20191204_18:00:00   3.5961e-01   8.3697e+01   8.1686e+00   0.0000e+00   5.3657e-02   2.4657e+02
20191204_21:00:00   4.3462e-01   9.7033e+01   9.6462e+00   0.0000e+00   8.8766e-02   2.4696e+02
20191205_00:00:00   5.0180e-01   1.0810e+02   1.0709e+01   2.3614e-03   1.3837e-01   2.4570e+02
20191205_03:00:00   6.1301e-01   1.2520e+02   1.0875e+01   4.5507e-02   1.7277e-01   2.4417e+02
20191205_06:00:00   4.7755e-01   1.0389e+02   1.0361e+01   0.0000e+00   3.7662e-01   2.4727e+02
20191205_09:00:00   7.4156e-01   1.4273e+02   1.1410e+01   8.0985e-02   7.6585e-01   2.4930e+02
20191205_12:00:00   5.9423e-01   1.2233e+02   1.1265e+01   2.4885e-02   5.6398e-01   2.4784e+02
20191205_15:00:00   1.1219e+00   1.8355e+02   1.1485e+01   2.4345e-01   2.3227e-01   2.4668e+02
20191205_18:00:00   1.6735e+00   2.2106e+02   1.1265e+01   4.7589e-01   2.9256e-01   2.4608e+02
20191205_21:00:00   1.5339e+00   2.1391e+02   1.1303e+01   4.1264e-01   2.9107e-01   2.4752e+02
20191206_00:00:00   6.4680e-01   1.2988e+02   1.1054e+01   5.3441e-02   2.9720e-01   2.4706e+02
20191206_03:00:00   4.7778e-01   1.0396e+02   1.0279e+01   0.0000e+00   2.3337e-01   2.4383e+02
20191206_06:00:00   4.0664e-01   9.1850e+01   8.9929e+00   2.2960e-04   5.4488e-02   2.4382e+02
20191206_09:00:00   3.8023e-01   8.7131e+01   8.4286e+00   0.0000e+00   1.2290e-01   2.4465e+02
20191206_12:00:00   3.0714e-01   7.3798e+01   6.8226e+00   0.0000e+00   1.0860e-01   2.4648e+02
20191206_15:00:00   3.3170e-01   7.8585e+01   7.3243e+00   0.0000e+00   8.4480e-02   2.4592e+02
20191206_18:00:00   4.1940e-01   9.4201e+01   9.0648e+00   0.0000e+00   1.5305e-01   2.4534e+02
20191206_21:00:00   4.3123e-01   9.6269e+01   9.2174e+00   1.8841e-03   1.4309e-01   2.4889e+02
20191207_00:00:00   1.0638e+00   1.7737e+02   1.0846e+01   2.3059e-01   7.2110e-01   2.4590e+02
20191207_03:00:00   2.0375e+00   2.3640e+02   1.0655e+01   6.4180e-01   4.5613e-01   2.4626e+02
20191207_06:00:00   4.3695e-01   9.7803e+01   8.6409e+00   1.1021e-02   7.7395e-03   2.4539e+02
20191207_09:00:00   2.9966e-01   7.2777e+01   6.4975e+00   0.0000e+00   1.5828e-03   2.4315e+02
20191207_12:00:00   3.0924e-01   7.4598e+01   6.7484e+00   0.0000e+00   0.0000e+00   2.4311e+02
20191207_15:00:00   3.1926e-01   7.6583e+01   6.9643e+00   0.0000e+00   0.0000e+00   2.4088e+02
20191207_18:00:00   3.1464e-01   7.5879e+01   6.7510e+00   0.0000e+00   0.0000e+00   2.3953e+02
