#            date       tau225        Tb[K]      pwv[mm] lwp[kg*m^-2] iwp[kg*m^-2]       o3[DU]
20191107_06:00:00   1.1231e-01   3.3110e+01   2.3706e+00   0.0000e+00   1.2624e-02   2.5996e+02
20191107_07:00:00   1.0520e-01   3.1547e+01   2.1654e+00   0.0000e+00   3.5966e-04   2.5965e+02
20191107_08:00:00   1.0572e-01   3.1721e+01   2.1532e+00   0.0000e+00   0.0000e+00   2.6194e+02
20191107_09:00:00   1.0873e-01   3.2425e+01   2.2279e+00   0.0000e+00   0.0000e+00   2.6317e+02
20191107_10:00:00   1.1173e-01   3.3110e+01   2.3066e+00   0.0000e+00   1.5754e-05   2.6406e+02
20191107_11:00:00   1.0848e-01   3.2270e+01   2.2562e+00   0.0000e+00   4.6260e-06   2.6290e+02
20191107_12:00:00   1.0216e-01   3.0749e+01   2.1265e+00   0.0000e+00   0.0000e+00   2.6145e+02
20191107_13:00:00   9.4766e-02   2.8975e+01   1.9626e+00   0.0000e+00   0.0000e+00   2.5891e+02
20191107_14:00:00   9.2249e-02   2.8345e+01   1.9119e+00   0.0000e+00   0.0000e+00   2.5964e+02
20191107_15:00:00   9.1826e-02   2.8226e+01   1.9023e+00   0.0000e+00   0.0000e+00   2.5852e+02
20191107_16:00:00   9.1160e-02   2.8045e+01   1.8979e+00   0.0000e+00   0.0000e+00   2.5581e+02
20191107_17:00:00   9.0632e-02   2.7841e+01   1.9128e+00   0.0000e+00   0.0000e+00   2.5559e+02
20191107_18:00:00   9.1361e-02   2.7979e+01   1.9469e+00   0.0000e+00   0.0000e+00   2.5698e+02
20191107_19:00:00   9.4019e-02   2.8547e+01   2.0328e+00   0.0000e+00   5.9380e-06   2.5728e+02
20191107_20:00:00   8.8358e-02   2.7155e+01   1.9143e+00   0.0000e+00   8.0480e-06   2.5882e+02
20191107_21:00:00   8.5406e-02   2.6421e+01   1.8512e+00   0.0000e+00   2.6960e-06   2.5950e+02
20191107_22:00:00   8.2689e-02   2.5738e+01   1.7940e+00   0.0000e+00   1.9692e-05   2.5907e+02
20191107_23:00:00   7.7336e-02   2.4408e+01   1.6726e+00   0.0000e+00   1.6030e-06   2.5736e+02
20191108_00:00:00   7.6318e-02   2.4112e+01   1.6632e+00   0.0000e+00   6.9380e-05   2.5617e+02
20191108_01:00:00   7.7779e-02   2.4439e+01   1.7088e+00   0.0000e+00   5.3200e-06   2.5612e+02
20191108_02:00:00   7.6933e-02   2.4202e+01   1.6994e+00   0.0000e+00   0.0000e+00   2.5498e+02
20191108_03:00:00   7.6143e-02   2.3954e+01   1.6949e+00   0.0000e+00   0.0000e+00   2.5483e+02
20191108_04:00:00   7.7065e-02   2.4131e+01   1.7316e+00   0.0000e+00   0.0000e+00   2.5483e+02
20191108_05:00:00   7.7545e-02   2.4210e+01   1.7523e+00   0.0000e+00   0.0000e+00   2.5486e+02
20191108_06:00:00   7.9556e-02   2.4662e+01   1.8132e+00   0.0000e+00   7.3340e-05   2.5391e+02
20191108_07:00:00   8.1993e-02   2.5233e+01   1.8836e+00   0.0000e+00   7.7447e-04   2.5295e+02
20191108_08:00:00   8.3370e-02   2.5547e+01   1.9250e+00   0.0000e+00   7.8962e-04   2.5400e+02
20191108_09:00:00   8.5297e-02   2.6006e+01   1.9757e+00   0.0000e+00   6.9920e-04   2.5458e+02
20191108_10:00:00   8.6349e-02   2.6258e+01   2.0044e+00   0.0000e+00   9.3680e-04   2.5461e+02
20191108_11:00:00   8.8011e-02   2.6626e+01   2.0539e+00   0.0000e+00   2.5836e-03   2.5519e+02
20191108_12:00:00   9.1481e-02   2.7419e+01   2.1548e+00   0.0000e+00   2.0339e-03   2.5485e+02
20191108_13:00:00   9.2860e-02   2.7725e+01   2.1968e+00   0.0000e+00   2.3000e-03   2.5407e+02
20191108_14:00:00   9.6876e-02   2.8654e+01   2.3085e+00   0.0000e+00   1.0654e-03   2.5276e+02
20191108_15:00:00   1.0153e-01   2.9695e+01   2.4441e+00   0.0000e+00   1.9800e-03   2.5227e+02
20191108_16:00:00   1.0529e-01   3.0537e+01   2.5473e+00   0.0000e+00   3.9270e-03   2.5140e+02
20191108_17:00:00   1.0804e-01   3.1218e+01   2.6014e+00   0.0000e+00   9.4123e-03   2.5121e+02
20191108_18:00:00   1.0942e-01   3.1588e+01   2.6282e+00   0.0000e+00   1.6513e-03   2.5269e+02
20191108_19:00:00   1.0982e-01   3.1707e+01   2.6286e+00   0.0000e+00   1.6089e-04   2.5366e+02
20191108_20:00:00   1.0382e-01   3.0393e+01   2.4475e+00   0.0000e+00   3.4323e-05   2.5312e+02
20191108_21:00:00   9.6992e-02   2.8839e+01   2.2566e+00   0.0000e+00   0.0000e+00   2.5286e+02
20191108_22:00:00   9.4378e-02   2.8134e+01   2.2133e+00   0.0000e+00   9.0622e-04   2.5412e+02
20191108_23:00:00   9.2366e-02   2.7589e+01   2.1750e+00   0.0000e+00   4.6490e-03   2.5425e+02
20191109_00:00:00   9.0551e-02   2.7151e+01   2.1237e+00   0.0000e+00   5.4041e-03   2.5221e+02
20191109_01:00:00   9.0074e-02   2.7016e+01   2.1091e+00   0.0000e+00   1.6049e-02   2.5182e+02
20191109_02:00:00   8.5841e-02   2.6047e+01   1.9893e+00   0.0000e+00   9.5499e-03   2.5149e+02
20191109_03:00:00   8.6359e-02   2.6265e+01   1.9798e+00   0.0000e+00   2.8190e-03   2.5100e+02
20191109_04:00:00   9.1618e-02   2.7594e+01   2.0930e+00   0.0000e+00   1.8100e-03   2.5125e+02
20191109_05:00:00   9.2270e-02   2.7871e+01   2.0745e+00   0.0000e+00   1.0734e-04   2.5175e+02
20191109_06:00:00   9.5945e-02   2.8756e+01   2.1614e+00   0.0000e+00   7.7460e-04   2.5214e+02
20191109_07:00:00   1.0334e-01   3.0535e+01   2.3297e+00   0.0000e+00   2.9717e-03   2.5239e+02
20191109_08:00:00   1.0842e-01   3.1744e+01   2.4391e+00   0.0000e+00   2.7023e-03   2.5219e+02
20191109_09:00:00   1.1441e-01   3.3138e+01   2.5810e+00   0.0000e+00   2.8162e-03   2.5201e+02
20191109_10:00:00   1.1589e-01   3.3470e+01   2.6173e+00   0.0000e+00   2.0028e-04   2.5137e+02
20191109_11:00:00   1.1001e-01   3.2129e+01   2.4557e+00   0.0000e+00   6.6500e-07   2.5012e+02
20191109_12:00:00   1.0745e-01   3.1517e+01   2.3860e+00   0.0000e+00   0.0000e+00   2.4891e+02
20191109_13:00:00   1.0549e-01   3.1050e+01   2.3320e+00   0.0000e+00   0.0000e+00   2.4806e+02
20191109_14:00:00   1.0477e-01   3.0846e+01   2.3186e+00   0.0000e+00   0.0000e+00   2.4875e+02
20191109_15:00:00   1.0568e-01   3.1045e+01   2.3409e+00   0.0000e+00   0.0000e+00   2.5059e+02
20191109_16:00:00   1.0851e-01   3.1720e+01   2.3999e+00   0.0000e+00   0.0000e+00   2.5065e+02
20191109_17:00:00   1.1892e-01   3.4180e+01   2.6387e+00   0.0000e+00   0.0000e+00   2.5056e+02
20191109_18:00:00   1.2353e-01   3.5264e+01   2.7457e+00   0.0000e+00   3.3819e-04   2.5122e+02
20191109_19:00:00   1.2898e-01   3.6528e+01   2.8765e+00   0.0000e+00   7.0520e-04   2.5197e+02
20191109_20:00:00   1.3645e-01   3.8321e+01   3.0080e+00   0.0000e+00   1.3300e-06   2.5252e+02
20191109_21:00:00   1.4235e-01   3.9712e+01   3.0969e+00   0.0000e+00   0.0000e+00   2.5267e+02
20191109_22:00:00   1.4513e-01   4.0395e+01   3.1353e+00   0.0000e+00   0.0000e+00   2.5241e+02
20191109_23:00:00   1.5896e-01   4.3513e+01   3.4378e+00   0.0000e+00   1.3300e-06   2.5168e+02
20191110_00:00:00   2.0340e-01   5.3059e+01   4.5108e+00   7.1410e-05   1.4902e-05   2.5257e+02
20191110_01:00:00   2.5306e-01   6.3270e+01   5.6258e+00   8.3870e-04   2.4254e-03   2.5239e+02
20191110_02:00:00   3.0622e-01   7.3892e+01   6.1820e+00   1.2491e-02   8.3743e-03   2.5090e+02
20191110_03:00:00   3.9798e-01   9.0802e+01   7.5384e+00   2.3179e-02   1.2721e-02   2.5138e+02
20191110_04:00:00   3.5400e-01   8.2888e+01   7.5103e+00   9.8845e-04   9.9451e-03   2.5273e+02
20191110_05:00:00   3.5595e-01   8.3230e+01   7.3956e+00   3.5530e-03   1.5713e-02   2.5258e+02
20191110_06:00:00   3.2536e-01   7.7339e+01   7.0165e+00   1.0637e-03   1.8171e-02   2.5140e+02
20191110_07:00:00   3.2969e-01   7.8178e+01   6.8802e+00   5.6504e-03   3.6592e-03   2.5066e+02
20191110_08:00:00   2.9027e-01   7.0653e+01   6.3297e+00   1.3660e-05   8.5157e-04   2.5142e+02
20191110_09:00:00   2.3822e-01   6.0544e+01   5.0584e+00   0.0000e+00   1.1172e-05   2.5177e+02
20191110_10:00:00   2.2326e-01   5.7534e+01   4.6749e+00   0.0000e+00   0.0000e+00   2.5230e+02
20191110_11:00:00   1.9496e-01   5.1401e+01   4.1452e+00   0.0000e+00   0.0000e+00   2.5284e+02
20191110_12:00:00   1.8542e-01   4.9254e+01   3.9814e+00   0.0000e+00   0.0000e+00   2.5178e+02
20191110_13:00:00   1.9180e-01   5.0633e+01   4.1228e+00   0.0000e+00   0.0000e+00   2.5058e+02
20191110_14:00:00   1.9794e-01   5.1979e+01   4.2379e+00   0.0000e+00   0.0000e+00   2.4996e+02
20191110_15:00:00   1.8588e-01   4.9249e+01   4.0421e+00   0.0000e+00   0.0000e+00   2.5121e+02
20191110_16:00:00   1.7495e-01   4.6845e+01   3.8120e+00   0.0000e+00   0.0000e+00   2.5030e+02
20191110_17:00:00   1.6488e-01   4.4504e+01   3.6409e+00   0.0000e+00   0.0000e+00   2.4983e+02
20191110_18:00:00   1.5174e-01   4.1501e+01   3.3731e+00   0.0000e+00   0.0000e+00   2.4994e+02
20191110_19:00:00   1.5226e-01   4.1599e+01   3.4000e+00   0.0000e+00   0.0000e+00   2.5059e+02
20191110_20:00:00   1.5696e-01   4.2606e+01   3.5311e+00   0.0000e+00   3.5596e-05   2.5030e+02
20191110_21:00:00   1.7132e-01   4.5757e+01   3.8775e+00   0.0000e+00   6.8538e-03   2.4942e+02
20191110_22:00:00   1.8423e-01   4.8598e+01   4.1697e+00   0.0000e+00   8.7470e-03   2.4899e+02
20191110_23:00:00   1.9166e-01   5.0116e+01   4.3772e+00   0.0000e+00   8.9638e-03   2.4829e+02
20191111_00:00:00   2.0964e-01   5.3937e+01   4.7811e+00   0.0000e+00   1.8705e-02   2.4931e+02
20191111_01:00:00   2.0117e-01   5.2167e+01   4.5903e+00   0.0000e+00   7.0970e-03   2.4933e+02
20191111_02:00:00   2.1841e-01   5.5891e+01   4.9538e+00   0.0000e+00   1.9295e-02   2.4948e+02
20191111_03:00:00   2.1777e-01   5.5804e+01   4.9324e+00   0.0000e+00   1.4655e-02   2.4905e+02
20191111_04:00:00   2.1784e-01   5.5952e+01   4.9008e+00   0.0000e+00   1.3219e-03   2.4839e+02
20191111_05:00:00   2.1236e-01   5.4918e+01   4.7427e+00   0.0000e+00   0.0000e+00   2.4744e+02
20191111_06:00:00   1.9072e-01   5.0250e+01   4.2899e+00   0.0000e+00   1.4231e-04   2.4741e+02
20191111_07:00:00   1.7843e-01   4.7607e+01   4.0033e+00   0.0000e+00   1.9188e-03   2.4745e+02
20191111_08:00:00   1.8881e-01   4.9861e+01   4.2485e+00   0.0000e+00   4.1714e-03   2.4867e+02
20191111_09:00:00   2.2696e-01   5.8150e+01   5.0234e+00   0.0000e+00   2.3359e-03   2.4846e+02
20191111_10:00:00   2.3524e-01   5.9862e+01   5.2021e+00   0.0000e+00   5.6385e-03   2.4843e+02
20191111_11:00:00   2.4075e-01   6.1031e+01   5.3142e+00   0.0000e+00   1.2287e-03   2.4795e+02
20191111_12:00:00   2.5538e-01   6.4073e+01   5.6259e+00   0.0000e+00   1.1638e-05   2.4600e+02
20191111_13:00:00   2.6015e-01   6.5019e+01   5.7591e+00   0.0000e+00   4.3700e-07   2.4524e+02
20191111_14:00:00   2.5177e-01   6.3354e+01   5.5596e+00   0.0000e+00   0.0000e+00   2.4528e+02
20191111_15:00:00   2.4069e-01   6.1100e+01   5.3231e+00   0.0000e+00   0.0000e+00   2.4424e+02
20191111_16:00:00   2.4376e-01   6.1801e+01   5.3737e+00   0.0000e+00   0.0000e+00   2.4447e+02
20191111_17:00:00   2.3952e-01   6.1035e+01   5.2685e+00   0.0000e+00   0.0000e+00   2.4530e+02
20191111_18:00:00   2.4511e-01   6.2239e+01   5.3443e+00   0.0000e+00   0.0000e+00   2.4567e+02
20191111_19:00:00   2.3760e-01   6.0681e+01   5.2187e+00   0.0000e+00   0.0000e+00   2.4604e+02
20191111_20:00:00   2.2848e-01   5.8771e+01   5.0499e+00   0.0000e+00   0.0000e+00   2.4624e+02
20191111_21:00:00   2.1667e-01   5.6258e+01   4.8182e+00   0.0000e+00   0.0000e+00   2.4556e+02
20191111_22:00:00   2.0393e-01   5.3457e+01   4.5652e+00   0.0000e+00   0.0000e+00   2.4483e+02
20191111_23:00:00   1.9599e-01   5.1695e+01   4.4237e+00   0.0000e+00   0.0000e+00   2.4471e+02
20191112_00:00:00   2.0866e-01   5.4467e+01   4.6857e+00   0.0000e+00   0.0000e+00   2.4457e+02
20191112_01:00:00   2.1900e-01   5.6694e+01   4.9283e+00   0.0000e+00   0.0000e+00   2.4322e+02
20191112_02:00:00   2.2650e-01   5.8296e+01   5.0898e+00   0.0000e+00   0.0000e+00   2.4239e+02
20191112_03:00:00   2.2455e-01   5.7864e+01   5.0514e+00   0.0000e+00   0.0000e+00   2.4354e+02
20191112_04:00:00   2.3258e-01   5.9508e+01   5.2307e+00   0.0000e+00   0.0000e+00   2.4294e+02
20191112_05:00:00   2.5914e-01   6.5071e+01   5.7637e+00   0.0000e+00   0.0000e+00   2.4297e+02
20191112_06:00:00   2.6817e-01   6.6944e+01   5.9436e+00   0.0000e+00   0.0000e+00   2.4205e+02
20191112_09:00:00   2.6106e-01   6.5261e+01   5.9144e+00   0.0000e+00   0.0000e+00   2.4188e+02
20191112_12:00:00   2.7721e-01   6.8375e+01   6.3274e+00   0.0000e+00   4.2616e-04   2.4062e+02
20191112_15:00:00   2.9878e-01   7.2662e+01   6.8013e+00   0.0000e+00   0.0000e+00   2.3887e+02
20191112_18:00:00   3.1515e-01   7.6213e+01   7.0280e+00   0.0000e+00   0.0000e+00   2.4058e+02
20191112_21:00:00   2.9026e-01   7.1531e+01   6.4582e+00   0.0000e+00   0.0000e+00   2.4297e+02
20191113_00:00:00   2.6476e-01   6.6528e+01   5.8495e+00   0.0000e+00   0.0000e+00   2.4025e+02
20191113_03:00:00   2.1663e-01   5.6632e+01   4.6682e+00   0.0000e+00   0.0000e+00   2.3848e+02
20191113_06:00:00   2.3193e-01   5.9580e+01   5.1782e+00   0.0000e+00   0.0000e+00   2.3850e+02
20191113_09:00:00   2.0342e-01   5.3623e+01   4.5340e+00   0.0000e+00   0.0000e+00   2.3833e+02
20191113_12:00:00   1.7455e-01   4.7320e+01   3.8741e+00   0.0000e+00   0.0000e+00   2.3690e+02
20191113_15:00:00   1.5385e-01   4.2734e+01   3.3826e+00   0.0000e+00   1.9567e-06   2.3361e+02
20191113_18:00:00   1.4810e-01   4.1434e+01   3.2497e+00   0.0000e+00   2.4001e-06   2.3450e+02
20191113_21:00:00   1.4720e-01   4.1199e+01   3.2477e+00   0.0000e+00   0.0000e+00   2.3530e+02
20191114_00:00:00   1.4185e-01   3.9911e+01   3.1436e+00   0.0000e+00   4.3140e-07   2.3629e+02
20191114_03:00:00   1.3644e-01   3.8639e+01   3.0288e+00   0.0000e+00   0.0000e+00   2.3619e+02
20191114_06:00:00   1.3876e-01   3.9201e+01   3.0691e+00   0.0000e+00   0.0000e+00   2.3862e+02
20191114_09:00:00   1.3628e-01   3.8624e+01   3.0033e+00   0.0000e+00   0.0000e+00   2.3835e+02
20191114_12:00:00   1.2842e-01   3.6790e+01   2.8105e+00   0.0000e+00   0.0000e+00   2.3804e+02
20191114_15:00:00   1.1677e-01   3.4077e+01   2.5243e+00   0.0000e+00   0.0000e+00   2.3817e+02
20191114_18:00:00   1.1300e-01   3.3209e+01   2.4269e+00   0.0000e+00   0.0000e+00   2.3998e+02
20191114_21:00:00   1.0971e-01   3.2413e+01   2.3495e+00   0.0000e+00   0.0000e+00   2.4102e+02
20191115_00:00:00   1.1468e-01   3.3501e+01   2.4946e+00   0.0000e+00   0.0000e+00   2.4130e+02
20191115_03:00:00   1.1576e-01   3.3716e+01   2.5352e+00   0.0000e+00   0.0000e+00   2.4126e+02
20191115_06:00:00   1.1434e-01   3.3371e+01   2.4939e+00   0.0000e+00   0.0000e+00   2.4238e+02
20191115_09:00:00   1.1563e-01   3.3626e+01   2.5252e+00   0.0000e+00   0.0000e+00   2.4445e+02
20191115_12:00:00   1.2051e-01   3.4715e+01   2.6473e+00   0.0000e+00   0.0000e+00   2.4281e+02
20191115_15:00:00   1.2905e-01   3.6589e+01   2.9014e+00   0.0000e+00   0.0000e+00   2.4094e+02
20191115_18:00:00   1.3898e-01   3.8785e+01   3.1898e+00   0.0000e+00   0.0000e+00   2.4229e+02
20191115_21:00:00   1.4420e-01   4.0122e+01   3.2624e+00   0.0000e+00   0.0000e+00   2.4344e+02
20191116_00:00:00   2.0475e-01   5.3748e+01   3.9748e+00   1.2170e-02   6.6624e-03   2.4162e+02
20191116_03:00:00   1.8798e-01   4.9576e+01   4.3885e+00   6.0980e-05   3.5281e-02   2.4207e+02
20191116_06:00:00   2.0257e-01   5.2566e+01   4.7786e+00   0.0000e+00   3.6036e-02   2.3990e+02
20191116_09:00:00   2.6127e-01   6.4582e+01   6.1724e+00   0.0000e+00   2.6881e-02   2.4064e+02
20191116_12:00:00   2.8325e-01   6.9122e+01   6.5704e+00   0.0000e+00   2.9019e-04   2.4066e+02
20191116_15:00:00   2.7042e-01   6.6437e+01   6.3187e+00   0.0000e+00   1.3211e-03   2.3970e+02
20191116_18:00:00   3.3349e-01   7.8713e+01   7.6527e+00   0.0000e+00   7.8356e-02   2.4349e+02
20191116_21:00:00   2.1800e-01   5.6359e+01   4.9310e+00   0.0000e+00   8.2062e-03   2.5256e+02
20191117_00:00:00   2.4477e-01   6.2570e+01   5.1934e+00   0.0000e+00   2.7320e-07   2.5145e+02
20191117_03:00:00   2.3716e-01   6.0485e+01   5.2731e+00   0.0000e+00   1.7755e-03   2.4528e+02
20191117_06:00:00   3.6452e-01   8.5348e+01   8.0100e+00   0.0000e+00   3.0287e-04   2.4372e+02
20191117_09:00:00   3.0110e-01   7.3394e+01   6.7024e+00   0.0000e+00   0.0000e+00   2.4607e+02
20191117_12:00:00   3.4208e-01   8.1507e+01   7.4085e+00   0.0000e+00   6.7560e-06   2.4642e+02
20191117_15:00:00   2.2524e-01   5.8229e+01   4.8291e+00   2.2419e-03   0.0000e+00   2.4554e+02
20191117_18:00:00   1.3416e-01   3.7851e+01   3.0275e+00   0.0000e+00   0.0000e+00   2.4585e+02
20191117_21:00:00   1.4813e-01   4.1022e+01   3.4016e+00   0.0000e+00   0.0000e+00   2.4357e+02
20191118_00:00:00   1.4798e-01   4.1169e+01   3.3344e+00   0.0000e+00   0.0000e+00   2.4340e+02
20191118_03:00:00   1.5068e-01   4.1944e+01   3.3627e+00   0.0000e+00   0.0000e+00   2.4250e+02
20191118_06:00:00   8.8829e-02   2.7233e+01   1.9447e+00   0.0000e+00   0.0000e+00   2.4184e+02
20191118_09:00:00   7.8523e-02   2.4591e+01   1.7273e+00   0.0000e+00   0.0000e+00   2.3988e+02
20191118_12:00:00   7.7588e-02   2.4372e+01   1.7092e+00   0.0000e+00   0.0000e+00   2.3761e+02
20191118_15:00:00   7.4572e-02   2.3618e+01   1.6367e+00   0.0000e+00   0.0000e+00   2.3717e+02
20191118_18:00:00   7.7736e-02   2.4386e+01   1.7212e+00   0.0000e+00   0.0000e+00   2.3802e+02
20191118_21:00:00   7.8888e-02   2.4647e+01   1.7596e+00   0.0000e+00   0.0000e+00   2.3937e+02
20191119_00:00:00   7.8547e-02   2.4593e+01   1.7496e+00   0.0000e+00   0.0000e+00   2.3876e+02
20191119_03:00:00   8.8740e-02   2.7043e+01   2.0187e+00   0.0000e+00   0.0000e+00   2.3715e+02
20191119_06:00:00   9.6111e-02   2.8878e+01   2.1893e+00   0.0000e+00   0.0000e+00   2.3741e+02
20191119_09:00:00   9.9163e-02   2.9662e+01   2.2580e+00   0.0000e+00   0.0000e+00   2.3857e+02
20191119_12:00:00   1.0040e-01   2.9961e+01   2.2931e+00   0.0000e+00   0.0000e+00   2.3922e+02
20191119_15:00:00   9.9378e-02   2.9690e+01   2.2674e+00   0.0000e+00   0.0000e+00   2.3652e+02
20191119_18:00:00   1.0184e-01   3.0301e+01   2.3219e+00   0.0000e+00   0.0000e+00   2.3711e+02
20191119_21:00:00   1.0226e-01   3.0451e+01   2.3265e+00   0.0000e+00   0.0000e+00   2.3709e+02
20191120_00:00:00   1.0176e-01   3.0341e+01   2.3124e+00   0.0000e+00   0.0000e+00   2.3560e+02
20191120_03:00:00   1.0114e-01   3.0225e+01   2.2866e+00   0.0000e+00   0.0000e+00   2.3460e+02
20191120_06:00:00   1.0336e-01   3.0780e+01   2.3213e+00   0.0000e+00   0.0000e+00   2.3577e+02
20191120_09:00:00   1.0244e-01   3.0555e+01   2.2911e+00   0.0000e+00   0.0000e+00   2.3698e+02
20191120_12:00:00   1.0630e-01   3.1509e+01   2.3712e+00   0.0000e+00   0.0000e+00   2.3723e+02
20191120_15:00:00   1.1108e-01   3.2683e+01   2.4705e+00   5.7640e-05   1.7116e-05   2.3539e+02
20191120_18:00:00   1.1853e-01   3.4500e+01   2.6329e+00   0.0000e+00   4.9639e-04   2.3577e+02
20191120_21:00:00   1.2426e-01   3.5869e+01   2.7595e+00   0.0000e+00   1.0548e-03   2.3579e+02
20191121_00:00:00   1.5429e-01   4.2980e+01   3.1346e+00   4.7320e-03   1.8840e-03   2.3708e+02
20191121_03:00:00   1.5775e-01   4.3762e+01   2.9122e+00   1.0430e-02   3.2434e-03   2.3683e+02
20191121_06:00:00   1.3106e-01   3.7339e+01   2.9166e+00   0.0000e+00   5.0097e-03   2.3776e+02
20191121_09:00:00   1.2927e-01   3.6807e+01   2.8921e+00   0.0000e+00   4.0378e-03   2.3927e+02
20191121_12:00:00   1.2663e-01   3.6112e+01   2.8397e+00   0.0000e+00   3.6655e-03   2.3747e+02
20191121_15:00:00   1.1907e-01   3.4261e+01   2.6784e+00   0.0000e+00   4.8934e-03   2.3701e+02
20191121_18:00:00   1.1597e-01   3.3410e+01   2.6308e+00   0.0000e+00   1.6103e-02   2.3818e+02
20191121_21:00:00   1.1662e-01   3.3594e+01   2.6403e+00   0.0000e+00   1.0010e-03   2.4034e+02
20191122_00:00:00   1.2255e-01   3.4941e+01   2.7889e+00   0.0000e+00   2.9904e-03   2.4065e+02
20191122_03:00:00   1.2703e-01   3.5928e+01   2.9086e+00   0.0000e+00   2.4163e-03   2.4103e+02
20191122_06:00:00   1.2678e-01   3.5853e+01   2.9012e+00   0.0000e+00   4.6925e-03   2.4330e+02
20191122_09:00:00   1.2577e-01   3.5641e+01   2.8610e+00   0.0000e+00   9.2959e-04   2.4746e+02
20191122_12:00:00   1.0982e-01   3.2100e+01   2.4165e+00   0.0000e+00   0.0000e+00   2.4804e+02
20191122_15:00:00   9.4162e-02   2.8542e+01   1.9843e+00   0.0000e+00   0.0000e+00   2.4815e+02
20191122_18:00:00   9.1971e-02   2.8078e+01   1.9269e+00   0.0000e+00   0.0000e+00   2.4946e+02
20191122_21:00:00   8.8195e-02   2.7153e+01   1.8521e+00   0.0000e+00   0.0000e+00   2.4360e+02
20191123_00:00:00   8.1593e-02   2.5535e+01   1.7098e+00   0.0000e+00   0.0000e+00   2.4219e+02
20191123_03:00:00   8.0991e-02   2.5414e+01   1.6865e+00   0.0000e+00   0.0000e+00   2.4112e+02
20191123_06:00:00   6.7707e-02   2.2145e+01   1.3487e+00   0.0000e+00   0.0000e+00   2.4250e+02
