#            date       tau225        Tb[K]      pwv[mm] lwp[kg*m^-2] iwp[kg*m^-2]       o3[DU]
20191026_06:00:00   1.8109e-01   4.8295e+01   4.2193e+00   0.0000e+00   9.2444e-03   2.5302e+02
20191026_07:00:00   1.8255e-01   4.8584e+01   4.2511e+00   0.0000e+00   4.0702e-02   2.5568e+02
20191026_08:00:00   1.8224e-01   4.8432e+01   4.2740e+00   0.0000e+00   2.6689e-02   2.5753e+02
20191026_09:00:00   1.8356e-01   4.8711e+01   4.3073e+00   0.0000e+00   1.2554e-02   2.5717e+02
20191026_10:00:00   1.8503e-01   4.8989e+01   4.3357e+00   0.0000e+00   2.7064e-02   2.5609e+02
20191026_11:00:00   1.8978e-01   4.9985e+01   4.4399e+00   0.0000e+00   3.0344e-02   2.5297e+02
20191026_12:00:00   1.9622e-01   5.1350e+01   4.5804e+00   0.0000e+00   5.1576e-02   2.5141e+02
20191026_13:00:00   2.0254e-01   5.2613e+01   4.7397e+00   0.0000e+00   5.9488e-02   2.5209e+02
20191026_14:00:00   2.0826e-01   5.3671e+01   4.8730e+00   0.0000e+00   1.4157e-01   2.5201e+02
20191026_15:00:00   2.1957e-01   5.5991e+01   5.1387e+00   0.0000e+00   1.5329e-01   2.5368e+02
20191026_16:00:00   2.2478e-01   5.7067e+01   5.2772e+00   0.0000e+00   1.2271e-01   2.5481e+02
20191026_17:00:00   2.2188e-01   5.6445e+01   5.2198e+00   0.0000e+00   1.1888e-01   2.5475e+02
20191026_18:00:00   2.2582e-01   5.7202e+01   5.2869e+00   0.0000e+00   1.8769e-01   2.5395e+02
20191026_19:00:00   2.3150e-01   5.8379e+01   5.4436e+00   0.0000e+00   1.4114e-01   2.5320e+02
20191026_20:00:00   2.3448e-01   5.9050e+01   5.5225e+00   0.0000e+00   8.4938e-02   2.5463e+02
20191026_21:00:00   2.3317e-01   5.8807e+01   5.4983e+00   0.0000e+00   7.9707e-02   2.5675e+02
20191026_22:00:00   2.3819e-01   5.9849e+01   5.6044e+00   0.0000e+00   9.0595e-02   2.5803e+02
20191026_23:00:00   2.4221e-01   6.0683e+01   5.6804e+00   0.0000e+00   1.6134e-01   2.5847e+02
20191027_00:00:00   2.4216e-01   6.0697e+01   5.6619e+00   0.0000e+00   1.6667e-01   2.5824e+02
20191027_01:00:00   2.2594e-01   5.7388e+01   5.2867e+00   0.0000e+00   1.4614e-01   2.5757e+02
20191027_02:00:00   2.1487e-01   5.5050e+01   5.0067e+00   0.0000e+00   1.7923e-01   2.5811e+02
20191027_03:00:00   2.0240e-01   5.2434e+01   4.7157e+00   0.0000e+00   1.5602e-01   2.5860e+02
20191027_04:00:00   1.8484e-01   4.8793e+01   4.3140e+00   0.0000e+00   5.6678e-02   2.5865e+02
20191027_05:00:00   1.7365e-01   4.6387e+01   4.0417e+00   0.0000e+00   2.1105e-02   2.6079e+02
20191027_06:00:00   1.6561e-01   4.4681e+01   3.8226e+00   0.0000e+00   8.8206e-04   2.6341e+02
20191027_07:00:00   1.6126e-01   4.3791e+01   3.6822e+00   0.0000e+00   2.6599e-06   2.6389e+02
20191027_08:00:00   1.6003e-01   4.3544e+01   3.6370e+00   0.0000e+00   0.0000e+00   2.6519e+02
20191027_09:00:00   1.6245e-01   4.4050e+01   3.6897e+00   0.0000e+00   0.0000e+00   2.6765e+02
20191027_10:00:00   1.6017e-01   4.3561e+01   3.6272e+00   0.0000e+00   0.0000e+00   2.6864e+02
20191027_11:00:00   1.5713e-01   4.2882e+01   3.5561e+00   0.0000e+00   0.0000e+00   2.6703e+02
20191027_12:00:00   1.5157e-01   4.1645e+01   3.4237e+00   0.0000e+00   0.0000e+00   2.6611e+02
20191027_13:00:00   1.4399e-01   3.9940e+01   3.2421e+00   0.0000e+00   0.0000e+00   2.6654e+02
20191027_14:00:00   1.3373e-01   3.7609e+01   3.0010e+00   0.0000e+00   0.0000e+00   2.6662e+02
20191027_15:00:00   1.2317e-01   3.5176e+01   2.7538e+00   0.0000e+00   0.0000e+00   2.6646e+02
20191027_16:00:00   1.1074e-01   3.2292e+01   2.4541e+00   0.0000e+00   0.0000e+00   2.6562e+02
20191027_17:00:00   1.0221e-01   3.0305e+01   2.2456e+00   0.0000e+00   0.0000e+00   2.6461e+02
20191027_18:00:00   9.3888e-02   2.8352e+01   2.0379e+00   0.0000e+00   0.0000e+00   2.6391e+02
20191027_19:00:00   8.7444e-02   2.6836e+01   1.8699e+00   0.0000e+00   0.0000e+00   2.6405e+02
20191027_20:00:00   8.4789e-02   2.6226e+01   1.7973e+00   0.0000e+00   0.0000e+00   2.6471e+02
20191027_21:00:00   8.4236e-02   2.6118e+01   1.7793e+00   0.0000e+00   0.0000e+00   2.6299e+02
20191027_22:00:00   8.5056e-02   2.6354e+01   1.7930e+00   0.0000e+00   0.0000e+00   2.6091e+02
20191027_23:00:00   8.7397e-02   2.6943e+01   1.8438e+00   0.0000e+00   0.0000e+00   2.6002e+02
20191028_00:00:00   8.8232e-02   2.7167e+01   1.8593e+00   0.0000e+00   0.0000e+00   2.6252e+02
20191028_01:00:00   9.0723e-02   2.7781e+01   1.9132e+00   0.0000e+00   0.0000e+00   2.6339e+02
20191028_02:00:00   9.3749e-02   2.8522e+01   1.9793e+00   0.0000e+00   0.0000e+00   2.6300e+02
20191028_03:00:00   9.3927e-02   2.8571e+01   1.9786e+00   0.0000e+00   0.0000e+00   2.6285e+02
20191028_04:00:00   9.2622e-02   2.8253e+01   1.9474e+00   0.0000e+00   0.0000e+00   2.6197e+02
20191028_05:00:00   9.1029e-02   2.7858e+01   1.9103e+00   0.0000e+00   0.0000e+00   2.6096e+02
20191028_06:00:00   8.7632e-02   2.7013e+01   1.8367e+00   0.0000e+00   0.0000e+00   2.5995e+02
20191028_07:00:00   8.1943e-02   2.5588e+01   1.7103e+00   0.0000e+00   0.0000e+00   2.5920e+02
20191028_08:00:00   7.9473e-02   2.4974e+01   1.6565e+00   0.0000e+00   0.0000e+00   2.5871e+02
20191028_09:00:00   7.9469e-02   2.4970e+01   1.6590e+00   0.0000e+00   0.0000e+00   2.5791e+02
20191028_10:00:00   8.1030e-02   2.5338e+01   1.7037e+00   0.0000e+00   0.0000e+00   2.5758e+02
20191028_11:00:00   8.2081e-02   2.5577e+01   1.7363e+00   0.0000e+00   0.0000e+00   2.5693e+02
20191028_12:00:00   8.0639e-02   2.5219e+01   1.7042e+00   0.0000e+00   0.0000e+00   2.5638e+02
20191028_13:00:00   8.0330e-02   2.5125e+01   1.7005e+00   0.0000e+00   0.0000e+00   2.5628e+02
20191028_14:00:00   8.1952e-02   2.5497e+01   1.7464e+00   0.0000e+00   0.0000e+00   2.5655e+02
20191028_15:00:00   8.4907e-02   2.6193e+01   1.8285e+00   0.0000e+00   0.0000e+00   2.5630e+02
20191028_16:00:00   8.6493e-02   2.6556e+01   1.8733e+00   0.0000e+00   0.0000e+00   2.5563e+02
20191028_17:00:00   8.5950e-02   2.6416e+01   1.8630e+00   0.0000e+00   0.0000e+00   2.5601e+02
20191028_18:00:00   8.6087e-02   2.6452e+01   1.8663e+00   0.0000e+00   0.0000e+00   2.5607e+02
20191028_19:00:00   8.6945e-02   2.6651e+01   1.8886e+00   0.0000e+00   0.0000e+00   2.5647e+02
20191028_20:00:00   8.8119e-02   2.6933e+01   1.9230e+00   0.0000e+00   0.0000e+00   2.5637e+02
20191028_21:00:00   8.7850e-02   2.6859e+01   1.9201e+00   0.0000e+00   0.0000e+00   2.5580e+02
20191028_22:00:00   8.9216e-02   2.7175e+01   1.9567e+00   0.0000e+00   0.0000e+00   2.5508e+02
20191028_23:00:00   9.4808e-02   2.8504e+01   2.0528e+00   8.5680e-04   0.0000e+00   2.5420e+02
20191029_00:00:00   1.4276e-01   4.0122e+01   2.1890e+00   1.7800e-02   0.0000e+00   2.5335e+02
20191029_01:00:00   2.6260e-01   6.6792e+01   2.2445e+00   6.5108e-02   0.0000e+00   2.5249e+02
20191029_02:00:00   2.0695e-01   5.4773e+01   2.3118e+00   4.1693e-02   0.0000e+00   2.5287e+02
20191029_03:00:00   1.5036e-01   4.1868e+01   2.2611e+00   1.9870e-02   0.0000e+00   2.5309e+02
20191029_04:00:00   1.3776e-01   3.8859e+01   2.2839e+00   1.4470e-02   0.0000e+00   2.5226e+02
20191029_05:00:00   1.0856e-01   3.1727e+01   2.2999e+00   2.7200e-03   0.0000e+00   2.5212e+02
20191029_06:00:00   1.4407e-01   4.0272e+01   2.3394e+00   1.6360e-02   0.0000e+00   2.5214e+02
20191029_07:00:00   1.0737e-01   3.1395e+01   2.3488e+00   1.5710e-03   0.0000e+00   2.5169e+02
20191029_08:00:00   9.9474e-02   2.9449e+01   2.2579e+00   0.0000e+00   0.0000e+00   2.5274e+02
20191029_09:00:00   1.0105e-01   2.9760e+01   2.3174e+00   0.0000e+00   1.0501e-04   2.5332e+02
20191029_10:00:00   1.0231e-01   3.0056e+01   2.3459e+00   0.0000e+00   0.0000e+00   2.5285e+02
20191029_11:00:00   1.0446e-01   3.0567e+01   2.3950e+00   0.0000e+00   0.0000e+00   2.5212e+02
20191029_12:00:00   1.0573e-01   3.0832e+01   2.4354e+00   0.0000e+00   0.0000e+00   2.5164e+02
20191029_13:00:00   1.0839e-01   3.1432e+01   2.5077e+00   0.0000e+00   1.2941e-05   2.5090e+02
20191029_14:00:00   1.1024e-01   3.1875e+01   2.5537e+00   0.0000e+00   5.3920e-06   2.5092e+02
20191029_15:00:00   1.1449e-01   3.2862e+01   2.6581e+00   0.0000e+00   5.3920e-06   2.5114e+02
20191029_16:00:00   1.1994e-01   3.4167e+01   2.7799e+00   0.0000e+00   0.0000e+00   2.5081e+02
20191029_17:00:00   1.2508e-01   3.5373e+01   2.8980e+00   0.0000e+00   0.0000e+00   2.5086e+02
20191029_18:00:00   1.2940e-01   3.6379e+01   2.9932e+00   0.0000e+00   0.0000e+00   2.5072e+02
20191029_19:00:00   1.3280e-01   3.7189e+01   3.0659e+00   0.0000e+00   0.0000e+00   2.5073e+02
20191029_20:00:00   1.3890e-01   3.8586e+01   3.2059e+00   0.0000e+00   2.6960e-06   2.5158e+02
20191029_21:00:00   1.4662e-01   4.0295e+01   3.3961e+00   0.0000e+00   0.0000e+00   2.5197e+02
20191029_22:00:00   1.5277e-01   4.1667e+01   3.5400e+00   0.0000e+00   0.0000e+00   2.5273e+02
20191029_23:00:00   1.6834e-01   4.5152e+01   3.8672e+00   6.5080e-04   0.0000e+00   2.5306e+02
20191030_00:00:00   1.9230e-01   5.0398e+01   4.4074e+00   9.9220e-04   1.2941e-05   2.5282e+02
20191030_01:00:00   2.2659e-01   5.7775e+01   5.0251e+00   3.8051e-03   3.2104e-05   2.5113e+02
20191030_02:00:00   2.7359e-01   6.7479e+01   5.7623e+00   9.6050e-03   1.4836e-03   2.5105e+02
20191030_03:00:00   2.7834e-01   6.8265e+01   6.2100e+00   3.7693e-03   3.6305e-03   2.5197e+02
20191030_04:00:00   2.6648e-01   6.5764e+01   6.1602e+00   0.0000e+00   7.1208e-04   2.5248e+02
20191030_05:00:00   2.7061e-01   6.6578e+01   6.2620e+00   0.0000e+00   8.1261e-06   2.5410e+02
20191030_06:00:00   2.7250e-01   6.7039e+01   6.2207e+00   1.1930e-03   0.0000e+00   2.5503e+02
20191030_07:00:00   2.6812e-01   6.6159e+01   6.1785e+00   7.4930e-05   2.4816e-05   2.5524e+02
20191030_08:00:00   2.5996e-01   6.4545e+01   5.9795e+00   7.4830e-05   2.6960e-06   2.5623e+02
20191030_09:00:00   2.4394e-01   6.1385e+01   5.5745e+00   0.0000e+00   1.3819e-04   2.5529e+02
20191030_10:00:00   2.1865e-01   5.6353e+01   4.9145e+00   0.0000e+00   1.3448e-03   2.5447e+02
20191030_11:00:00   1.9719e-01   5.1880e+01   4.3757e+00   7.3140e-05   3.3996e-05   2.5424e+02
20191030_12:00:00   1.8380e-01   4.9020e+01   4.0622e+00   0.0000e+00   2.6588e-04   2.5387e+02
20191030_13:00:00   1.7771e-01   4.7733e+01   3.8980e+00   0.0000e+00   3.6813e-04   2.5371e+02
20191030_14:00:00   1.7186e-01   4.6476e+01   3.7417e+00   0.0000e+00   1.2973e-03   2.5371e+02
20191030_15:00:00   1.6457e-01   4.4885e+01   3.5575e+00   0.0000e+00   1.6048e-03   2.5346e+02
20191030_16:00:00   1.5633e-01   4.3049e+01   3.3553e+00   0.0000e+00   1.1682e-03   2.5324e+02
20191030_17:00:00   1.4960e-01   4.1550e+01   3.2036e+00   0.0000e+00   2.7928e-03   2.5369e+02
20191030_18:00:00   1.4777e-01   4.1146e+01   3.1642e+00   0.0000e+00   1.2360e-03   2.5422e+02
20191030_19:00:00   1.4331e-01   4.0158e+01   3.0492e+00   0.0000e+00   8.8716e-04   2.5563e+02
20191030_20:00:00   1.3877e-01   3.9170e+01   2.9264e+00   0.0000e+00   7.6238e-04   2.5705e+02
20191030_21:00:00   1.3659e-01   3.8701e+01   2.8688e+00   0.0000e+00   7.2408e-04   2.5804e+02
20191030_22:00:00   1.3837e-01   3.9118e+01   2.9026e+00   0.0000e+00   1.3405e-03   2.5802e+02
20191030_23:00:00   1.4535e-01   4.0684e+01   3.0673e+00   0.0000e+00   2.7970e-03   2.5660e+02
20191031_00:00:00   1.4891e-01   4.1477e+01   3.1571e+00   0.0000e+00   3.1876e-03   2.5510e+02
20191031_01:00:00   1.5641e-01   4.3175e+01   3.3421e+00   0.0000e+00   2.5517e-03   2.5366e+02
20191031_02:00:00   1.6624e-01   4.5422e+01   3.5429e+00   7.1630e-05   1.0687e-03   2.5320e+02
20191031_03:00:00   1.6065e-01   4.4174e+01   3.3773e+00   4.1970e-04   4.8287e-03   2.5429e+02
20191031_04:00:00   1.6073e-01   4.4187e+01   3.3753e+00   4.1870e-04   3.9242e-03   2.5491e+02
20191031_05:00:00   1.7175e-01   4.6733e+01   3.4210e+00   3.8370e-03   4.6875e-03   2.5435e+02
20191031_06:00:00   1.9136e-01   5.1136e+01   3.6412e+00   7.0940e-03   7.4283e-04   2.5383e+02
20191031_09:00:00   1.5821e-01   4.3560e+01   3.3736e+00   0.0000e+00   1.7532e-03   2.5429e+02
20191031_12:00:00   1.4181e-01   3.9708e+01   3.0675e+00   0.0000e+00   1.5772e-02   2.5480e+02
20191031_15:00:00   1.3214e-01   3.7406e+01   2.8915e+00   0.0000e+00   1.2136e-02   2.5470e+02
20191031_18:00:00   1.2739e-01   3.6207e+01   2.8073e+00   0.0000e+00   2.8014e-02   2.5611e+02
20191031_21:00:00   1.2193e-01   3.4806e+01   2.6931e+00   0.0000e+00   6.0252e-02   2.5746e+02
20191101_00:00:00   1.3268e-01   3.7311e+01   2.9621e+00   0.0000e+00   1.7576e-02   2.5654e+02
20191101_03:00:00   1.3746e-01   3.8405e+01   3.0855e+00   0.0000e+00   1.1215e-02   2.5373e+02
20191101_06:00:00   1.3237e-01   3.7118e+01   2.9923e+00   0.0000e+00   2.5710e-02   2.5392e+02
20191101_09:00:00   1.1902e-01   3.4006e+01   2.6675e+00   0.0000e+00   3.6932e-02   2.5338e+02
20191101_12:00:00   1.2087e-01   3.4588e+01   2.6356e+00   0.0000e+00   7.2781e-02   2.5279e+02
20191101_15:00:00   1.0874e-01   3.1989e+01   2.3134e+00   0.0000e+00   3.2767e-04   2.5326e+02
20191101_18:00:00   1.1182e-01   3.2649e+01   2.3954e+00   0.0000e+00   0.0000e+00   2.5352e+02
20191101_21:00:00   1.1780e-01   3.4040e+01   2.5520e+00   0.0000e+00   0.0000e+00   2.5675e+02
20191102_00:00:00   1.3842e-01   3.8781e+01   3.0650e+00   0.0000e+00   5.4700e-05   2.5711e+02
20191102_03:00:00   1.3759e-01   3.8605e+01   2.9743e+00   1.7570e-03   1.6984e-05   2.5319e+02
20191102_06:00:00   1.2515e-01   3.5616e+01   2.8107e+00   0.0000e+00   5.4640e-06   2.4893e+02
20191102_09:00:00   1.1699e-01   3.3712e+01   2.6268e+00   0.0000e+00   0.0000e+00   2.5163e+02
20191102_12:00:00   1.1859e-01   3.4115e+01   2.6608e+00   0.0000e+00   0.0000e+00   2.4914e+02
20191102_15:00:00   1.1970e-01   3.4429e+01   2.6749e+00   0.0000e+00   0.0000e+00   2.4967e+02
20191102_18:00:00   1.2095e-01   3.4774e+01   2.6927e+00   0.0000e+00   0.0000e+00   2.4947e+02
20191102_21:00:00   1.2179e-01   3.5017e+01   2.7048e+00   0.0000e+00   0.0000e+00   2.5017e+02
20191103_00:00:00   1.3562e-01   3.8247e+01   3.0292e+00   0.0000e+00   0.0000e+00   2.4917e+02
20191103_03:00:00   1.8145e-01   4.8899e+01   3.4733e+00   1.0050e-02   0.0000e+00   2.4670e+02
20191103_06:00:00   1.5241e-01   4.2273e+01   3.3495e+00   0.0000e+00   0.0000e+00   2.4622e+02
20191103_09:00:00   1.4142e-01   3.9779e+01   3.0758e+00   0.0000e+00   0.0000e+00   2.4661e+02
20191103_12:00:00   1.3726e-01   3.8736e+01   2.9824e+00   0.0000e+00   0.0000e+00   2.4537e+02
20191103_15:00:00   1.3244e-01   3.7572e+01   2.8777e+00   0.0000e+00   0.0000e+00   2.4628e+02
20191103_18:00:00   1.1648e-01   3.3761e+01   2.5493e+00   0.0000e+00   0.0000e+00   2.4564e+02
20191103_21:00:00   1.1691e-01   3.3808e+01   2.5841e+00   0.0000e+00   0.0000e+00   2.4629e+02
20191104_00:00:00   1.4453e-01   4.0217e+01   3.2385e+00   0.0000e+00   1.3482e-05   2.4506e+02
20191104_03:00:00   1.9117e-01   5.0664e+01   4.2822e+00   7.7920e-05   0.0000e+00   2.4347e+02
20191104_06:00:00   2.0116e-01   5.2840e+01   4.4625e+00   0.0000e+00   0.0000e+00   2.4347e+02
20191104_09:00:00   2.1065e-01   5.4795e+01   4.7039e+00   0.0000e+00   6.4700e-06   2.4349e+02
20191104_12:00:00   2.4125e-01   6.1061e+01   5.3959e+00   0.0000e+00   8.5319e-04   2.4163e+02
20191104_15:00:00   2.4428e-01   6.1732e+01   5.4345e+00   0.0000e+00   0.0000e+00   2.4088e+02
20191104_18:00:00   2.3971e-01   6.0766e+01   5.3512e+00   0.0000e+00   1.7414e-04   2.4061e+02
20191104_21:00:00   2.4309e-01   6.1379e+01   5.4617e+00   0.0000e+00   7.1845e-03   2.4120e+02
20191105_00:00:00   2.5583e-01   6.4003e+01   5.7708e+00   0.0000e+00   8.5684e-03   2.4141e+02
20191105_03:00:00   2.5631e-01   6.4067e+01   5.7977e+00   0.0000e+00   7.2428e-03   2.4067e+02
20191105_06:00:00   2.5862e-01   6.4455e+01   5.8658e+00   0.0000e+00   6.0211e-03   2.4043e+02
20191105_09:00:00   2.5961e-01   6.4625e+01   5.8852e+00   0.0000e+00   1.6788e-03   2.4096e+02
20191105_12:00:00   2.5394e-01   6.3363e+01   5.8266e+00   0.0000e+00   1.0121e-03   2.4037e+02
20191105_15:00:00   2.4052e-01   6.0540e+01   5.5484e+00   0.0000e+00   1.3634e-02   2.4034e+02
20191105_18:00:00   2.4600e-01   6.1689e+01   5.6878e+00   0.0000e+00   1.3187e-02   2.4176e+02
20191105_21:00:00   2.7030e-01   6.6659e+01   6.2207e+00   0.0000e+00   1.9162e-02   2.4132e+02
20191106_00:00:00   2.4298e-01   6.1138e+01   5.5909e+00   0.0000e+00   2.0292e-02   2.4208e+02
20191106_03:00:00   2.0354e-01   5.2950e+01   4.6538e+00   0.0000e+00   1.7697e-02   2.4183e+02
20191106_06:00:00   1.6452e-01   4.4567e+01   3.7049e+00   0.0000e+00   1.0536e-02   2.4223e+02
20191106_09:00:00   1.3605e-01   3.8321e+01   2.9677e+00   0.0000e+00   3.2423e-03   2.4049e+02
20191106_12:00:00   1.2089e-01   3.4970e+01   2.5436e+00   0.0000e+00   4.4242e-03   2.4272e+02
20191106_15:00:00   9.7724e-02   2.9448e+01   2.0306e+00   0.0000e+00   1.8814e-02   2.4410e+02
20191106_18:00:00   8.7599e-02   2.7087e+01   1.7584e+00   0.0000e+00   5.6437e-03   2.4720e+02
20191106_21:00:00   7.4740e-02   2.3914e+01   1.4761e+00   0.0000e+00   8.7894e-03   2.4731e+02
20191107_00:00:00   5.9896e-02   2.0168e+01   1.1430e+00   0.0000e+00   5.7363e-03   2.4881e+02
20191107_03:00:00   6.4780e-02   2.1465e+01   1.1781e+00   1.1240e-03   0.0000e+00   2.4718e+02
20191107_06:00:00   5.6523e-02   1.9295e+01   1.0687e+00   0.0000e+00   0.0000e+00   2.4709e+02
20191107_09:00:00   5.6650e-02   1.9290e+01   1.0833e+00   0.0000e+00   0.0000e+00   2.4770e+02
20191107_12:00:00   5.1942e-02   1.7954e+01   1.0081e+00   0.0000e+00   0.0000e+00   2.4712e+02
20191107_15:00:00   6.1211e-02   2.0227e+01   1.2624e+00   0.0000e+00   0.0000e+00   2.4518e+02
20191107_18:00:00   6.3754e-02   2.0808e+01   1.3507e+00   0.0000e+00   2.0724e-04   2.4553e+02
20191107_21:00:00   5.6063e-02   1.8960e+01   1.1384e+00   0.0000e+00   3.4010e-03   2.4485e+02
20191108_00:00:00   6.7628e-02   2.1906e+01   1.4196e+00   0.0000e+00   3.6910e-03   2.4462e+02
20191108_03:00:00   7.5484e-02   2.3907e+01   1.6045e+00   0.0000e+00   2.8523e-03   2.4343e+02
20191108_06:00:00   6.6042e-02   2.1416e+01   1.4087e+00   0.0000e+00   9.9123e-03   2.4583e+02
20191108_09:00:00   6.7201e-02   2.1829e+01   1.4158e+00   0.0000e+00   3.5214e-03   2.4680e+02
20191108_12:00:00   7.3242e-02   2.3359e+01   1.5662e+00   0.0000e+00   1.8828e-03   2.4452e+02
20191108_15:00:00   7.1512e-02   2.2926e+01   1.5238e+00   0.0000e+00   1.2720e-04   2.4443e+02
20191108_18:00:00   7.8166e-02   2.4625e+01   1.6773e+00   0.0000e+00   2.8843e-04   2.4534e+02
20191108_21:00:00   8.8916e-02   2.7359e+01   1.9247e+00   0.0000e+00   0.0000e+00   2.4845e+02
20191109_00:00:00   9.9870e-02   3.0034e+01   2.1866e+00   0.0000e+00   0.0000e+00   2.4659e+02
20191109_03:00:00   1.0851e-01   3.2159e+01   2.3749e+00   0.0000e+00   1.6733e-05   2.4598e+02
20191109_06:00:00   1.1106e-01   3.2821e+01   2.3986e+00   0.0000e+00   3.0500e-06   2.4720e+02
20191109_09:00:00   1.1319e-01   3.3353e+01   2.4296e+00   0.0000e+00   3.5551e-05   2.4577e+02
20191109_12:00:00   1.1842e-01   3.4617e+01   2.5283e+00   0.0000e+00   5.8300e-04   2.4479e+02
20191109_15:00:00   1.1831e-01   3.4570e+01   2.5184e+00   0.0000e+00   5.4821e-04   2.4299e+02
20191109_18:00:00   1.1855e-01   3.4665e+01   2.5148e+00   0.0000e+00   0.0000e+00   2.4298e+02
20191109_21:00:00   1.0976e-01   3.2574e+01   2.3214e+00   0.0000e+00   0.0000e+00   2.4312e+02
20191110_00:00:00   9.6867e-02   2.9371e+01   2.0594e+00   7.2800e-05   1.6258e-05   2.4373e+02
20191110_03:00:00   1.0124e-01   3.0359e+01   2.1817e+00   0.0000e+00   6.9200e-04   2.4465e+02
20191110_06:00:00   1.0880e-01   3.2123e+01   2.3669e+00   0.0000e+00   5.6648e-04   2.4475e+02
20191110_09:00:00   1.2768e-01   3.6547e+01   2.8154e+00   0.0000e+00   6.0880e-04   2.4570e+02
20191110_12:00:00   1.4521e-01   4.0392e+01   3.3017e+00   0.0000e+00   0.0000e+00   2.4607e+02
20191110_15:00:00   1.2767e-01   3.6170e+01   2.9263e+00   0.0000e+00   0.0000e+00   2.4664e+02
20191110_18:00:00   1.2824e-01   3.6241e+01   2.9486e+00   0.0000e+00   0.0000e+00   2.4506e+02
20191110_21:00:00   1.3020e-01   3.6728e+01   2.9887e+00   0.0000e+00   0.0000e+00   2.4473e+02
20191111_00:00:00   1.3546e-01   3.7903e+01   3.1158e+00   0.0000e+00   0.0000e+00   2.4454e+02
20191111_03:00:00   1.2884e-01   3.6480e+01   2.9120e+00   0.0000e+00   0.0000e+00   2.4392e+02
20191111_06:00:00   1.3973e-01   3.8998e+01   3.1434e+00   0.0000e+00   0.0000e+00   2.4353e+02
