#            date       tau225        Tb[K]      pwv[mm] lwp[kg*m^-2] iwp[kg*m^-2]       o3[DU]
20191115_18:00:00   8.2166e-02   2.5584e+01   1.7707e+00   0.0000e+00   0.0000e+00   2.4077e+02
20191115_19:00:00   8.8043e-02   2.7027e+01   1.9094e+00   0.0000e+00   0.0000e+00   2.4019e+02
20191115_20:00:00   9.5381e-02   2.8862e+01   2.0824e+00   0.0000e+00   0.0000e+00   2.3952e+02
20191115_21:00:00   1.0718e-01   3.1669e+01   2.3878e+00   0.0000e+00   0.0000e+00   2.3920e+02
20191115_22:00:00   1.1820e-01   3.4300e+01   2.6506e+00   0.0000e+00   0.0000e+00   2.3949e+02
20191115_23:00:00   1.3137e-01   3.7280e+01   2.9953e+00   0.0000e+00   5.1540e-04   2.3957e+02
20191116_00:00:00   1.4083e-01   3.9356e+01   3.2537e+00   0.0000e+00   5.1767e-04   2.3888e+02
20191116_01:00:00   1.5010e-01   4.1420e+01   3.4851e+00   0.0000e+00   6.5560e-04   2.3612e+02
20191116_02:00:00   1.6029e-01   4.3713e+01   3.7213e+00   0.0000e+00   1.1626e-03   2.3455e+02
20191116_03:00:00   1.7181e-01   4.6266e+01   3.9896e+00   0.0000e+00   1.0233e-03   2.3457e+02
20191116_04:00:00   1.7571e-01   4.7141e+01   4.0618e+00   0.0000e+00   3.4582e-04   2.3516e+02
20191116_05:00:00   1.7280e-01   4.6552e+01   3.9636e+00   0.0000e+00   2.3582e-04   2.3664e+02
20191116_06:00:00   1.6822e-01   4.5502e+01   3.8583e+00   0.0000e+00   9.5520e-05   2.3708e+02
20191116_07:00:00   1.6370e-01   4.4438e+01   3.7661e+00   0.0000e+00   7.2840e-06   2.3910e+02
20191116_08:00:00   1.6348e-01   4.4349e+01   3.7707e+00   0.0000e+00   0.0000e+00   2.3981e+02
20191116_09:00:00   1.7431e-01   4.6652e+01   4.0562e+00   0.0000e+00   0.0000e+00   2.4102e+02
20191116_10:00:00   1.8424e-01   4.8742e+01   4.3185e+00   0.0000e+00   0.0000e+00   2.4218e+02
20191116_11:00:00   1.8962e-01   4.9888e+01   4.4370e+00   0.0000e+00   0.0000e+00   2.4179e+02
20191116_12:00:00   1.9814e-01   5.1690e+01   4.6360e+00   0.0000e+00   1.4143e-03   2.4082e+02
20191116_13:00:00   2.0786e-01   5.3700e+01   4.8833e+00   0.0000e+00   5.4231e-03   2.3948e+02
20191116_14:00:00   2.2196e-01   5.6612e+01   5.2254e+00   0.0000e+00   1.0481e-02   2.3871e+02
20191116_15:00:00   2.3831e-01   5.9977e+01   5.6157e+00   0.0000e+00   8.8482e-03   2.3895e+02
20191116_16:00:00   2.5116e-01   6.2651e+01   5.8923e+00   0.0000e+00   9.5214e-04   2.3854e+02
20191116_17:00:00   2.6124e-01   6.4691e+01   6.1164e+00   0.0000e+00   4.0545e-03   2.3877e+02
20191116_18:00:00   2.7617e-01   6.7621e+01   6.4443e+00   0.0000e+00   2.4102e-02   2.3904e+02
20191116_19:00:00   2.9291e-01   7.0891e+01   6.8201e+00   0.0000e+00   3.5655e-02   2.3968e+02
20191116_20:00:00   3.0816e-01   7.3845e+01   7.1615e+00   0.0000e+00   2.0316e-02   2.4062e+02
20191116_21:00:00   3.3157e-01   7.8191e+01   7.6074e+00   0.0000e+00   1.6033e-01   2.4133e+02
20191116_22:00:00   3.3393e-01   7.8755e+01   7.6903e+00   0.0000e+00   1.2998e-02   2.4119e+02
20191116_23:00:00   3.4349e-01   8.0597e+01   7.8414e+00   0.0000e+00   2.3969e-03   2.4163e+02
20191117_00:00:00   3.8584e-01   8.8308e+01   8.6969e+00   0.0000e+00   2.4403e-02   2.4246e+02
20191117_01:00:00   3.9861e-01   9.0615e+01   8.9205e+00   0.0000e+00   8.2614e-02   2.4277e+02
20191117_02:00:00   3.8682e-01   8.8587e+01   8.6575e+00   0.0000e+00   1.0427e-02   2.4392e+02
20191117_03:00:00   3.6951e-01   8.5372e+01   8.3201e+00   0.0000e+00   1.7653e-02   2.4524e+02
20191117_04:00:00   3.5312e-01   8.2291e+01   7.9685e+00   0.0000e+00   1.1288e-01   2.4591e+02
20191117_05:00:00   3.4981e-01   8.1704e+01   7.8800e+00   2.4780e-04   1.1994e-01   2.4605e+02
20191117_06:00:00   3.3098e-01   7.8425e+01   7.4423e+00   0.0000e+00   2.0282e-02   2.4706e+02
20191117_07:00:00   3.0745e-01   7.4355e+01   6.7201e+00   0.0000e+00   6.4162e-05   2.4832e+02
20191117_08:00:00   3.0808e-01   7.4480e+01   6.7089e+00   0.0000e+00   0.0000e+00   2.4834e+02
20191117_09:00:00   3.0747e-01   7.4346e+01   6.6578e+00   0.0000e+00   0.0000e+00   2.4915e+02
20191117_10:00:00   2.9224e-01   7.1431e+01   6.2793e+00   0.0000e+00   0.0000e+00   2.4949e+02
20191117_11:00:00   2.8310e-01   6.9554e+01   6.1032e+00   0.0000e+00   0.0000e+00   2.5049e+02
20191117_12:00:00   2.7008e-01   6.6974e+01   5.8115e+00   0.0000e+00   8.0880e-06   2.5123e+02
20191117_13:00:00   2.7137e-01   6.7098e+01   5.9025e+00   0.0000e+00   1.3225e-03   2.5244e+02
20191117_14:00:00   2.6745e-01   6.6438e+01   5.7590e+00   0.0000e+00   3.3769e-04   2.5469e+02
20191117_15:00:00   2.7357e-01   6.7586e+01   5.9201e+00   0.0000e+00   1.0052e-03   2.5386e+02
20191117_16:00:00   2.7931e-01   6.8713e+01   6.0250e+00   0.0000e+00   8.8888e-05   2.5199e+02
20191117_17:00:00   2.7195e-01   6.7447e+01   5.7588e+00   0.0000e+00   3.7355e-04   2.5283e+02
20191117_18:00:00   2.7550e-01   6.8115e+01   5.8045e+00   0.0000e+00   3.9885e-04   2.5348e+02
20191117_19:00:00   2.9993e-01   7.2758e+01   6.3340e+00   0.0000e+00   1.6414e-04   2.5309e+02
20191117_20:00:00   2.8653e-01   7.0121e+01   6.0655e+00   0.0000e+00   2.3267e-04   2.5321e+02
20191117_21:00:00   2.6973e-01   6.6763e+01   5.7372e+00   0.0000e+00   1.4808e-03   2.5490e+02
20191117_22:00:00   2.6349e-01   6.5591e+01   5.5468e+00   0.0000e+00   1.3218e-04   2.5772e+02
20191117_23:00:00   2.6226e-01   6.5366e+01   5.5053e+00   0.0000e+00   3.9090e-04   2.5952e+02
20191118_00:00:00   2.5302e-01   6.3433e+01   5.3410e+00   0.0000e+00   8.7222e-05   2.6072e+02
20191118_01:00:00   2.5596e-01   6.3873e+01   5.4530e+00   0.0000e+00   1.3299e-05   2.6197e+02
20191118_02:00:00   2.4606e-01   6.1923e+01   5.2230e+00   0.0000e+00   5.4084e-05   2.6312e+02
20191118_03:00:00   2.3283e-01   5.9265e+01   4.9156e+00   0.0000e+00   1.3300e-06   2.6262e+02
20191118_04:00:00   2.2973e-01   5.8653e+01   4.7889e+00   0.0000e+00   1.3672e-05   2.6045e+02
20191118_05:00:00   2.3383e-01   5.9470e+01   4.8414e+00   4.1740e-04   2.0159e-05   2.6316e+02
20191118_06:00:00   2.5316e-01   6.3429e+01   5.1047e+00   2.9170e-03   7.3238e-05   2.6422e+02
20191118_07:00:00   2.7064e-01   6.6799e+01   5.4709e+00   2.4768e-03   5.4816e-04   2.6526e+02
20191118_08:00:00   2.8814e-01   7.0043e+01   5.9979e+00   2.0852e-04   1.0675e-03   2.6726e+02
20191118_09:00:00   3.1043e-01   7.4119e+01   6.5398e+00   0.0000e+00   9.3334e-04   2.6933e+02
20191118_10:00:00   3.4263e-01   7.9935e+01   7.1338e+00   0.0000e+00   1.8370e-01   2.6717e+02
20191118_11:00:00   3.5485e-01   8.2212e+01   7.2341e+00   4.1320e-03   8.5729e-02   2.6635e+02
20191118_12:00:00   3.3117e-01   7.7785e+01   6.9691e+00   1.9284e-04   2.9390e-02   2.6565e+02
20191118_13:00:00   3.1990e-01   7.5626e+01   6.7691e+00   0.0000e+00   1.8038e-02   2.6774e+02
20191118_14:00:00   3.0367e-01   7.2444e+01   6.4724e+00   0.0000e+00   1.7323e-02   2.6823e+02
20191118_15:00:00   2.9931e-01   7.1513e+01   6.4021e+00   0.0000e+00   1.8700e-02   2.6768e+02
20191118_16:00:00   2.9216e-01   7.0161e+01   6.2680e+00   0.0000e+00   9.1779e-03   2.6891e+02
20191118_17:00:00   2.9171e-01   7.0148e+01   6.2641e+00   0.0000e+00   3.4211e-04   2.7066e+02
20191118_18:00:00   2.9699e-01   7.1201e+01   6.3489e+00   0.0000e+00   5.3435e-04   2.7113e+02
20191118_19:00:00   2.9529e-01   7.0907e+01   6.3060e+00   0.0000e+00   6.6666e-04   2.6771e+02
20191118_20:00:00   2.8617e-01   6.9229e+01   6.0937e+00   0.0000e+00   1.9000e-04   2.6731e+02
20191118_21:00:00   2.7874e-01   6.7840e+01   5.9084e+00   0.0000e+00   2.1506e-04   2.6670e+02
20191118_22:00:00   2.7208e-01   6.6480e+01   5.8138e+00   0.0000e+00   1.1422e-03   2.6679e+02
20191118_23:00:00   2.7099e-01   6.6182e+01   5.8300e+00   1.3482e-05   2.9712e-02   2.6618e+02
20191119_00:00:00   2.8729e-01   6.9258e+01   6.1650e+00   1.0784e-04   8.0525e-02   2.6526e+02
20191119_01:00:00   2.9655e-01   7.1030e+01   6.3660e+00   2.2960e-04   9.3446e-02   2.6534e+02
20191119_02:00:00   2.9932e-01   7.1549e+01   6.4340e+00   0.0000e+00   1.1168e-01   2.6432e+02
20191119_03:00:00   2.9432e-01   7.0548e+01   6.3626e+00   0.0000e+00   8.8202e-02   2.6279e+02
20191119_04:00:00   2.9355e-01   7.0389e+01   6.3750e+00   0.0000e+00   4.6384e-02   2.6209e+02
20191119_05:00:00   2.9134e-01   6.9971e+01   6.3169e+00   0.0000e+00   2.8791e-02   2.6301e+02
20191119_06:00:00   2.8357e-01   6.8470e+01   6.1694e+00   0.0000e+00   1.1251e-02   2.6464e+02
20191119_07:00:00   2.7962e-01   6.7707e+01   6.0774e+00   0.0000e+00   1.1708e-02   2.6492e+02
20191119_08:00:00   2.8049e-01   6.7946e+01   6.0799e+00   0.0000e+00   4.2938e-03   2.6593e+02
20191119_09:00:00   2.8329e-01   6.8516e+01   6.1263e+00   0.0000e+00   4.4207e-04   2.6646e+02
20191119_10:00:00   2.8104e-01   6.8116e+01   6.0681e+00   0.0000e+00   1.3109e-04   2.6490e+02
20191119_11:00:00   2.8577e-01   6.9070e+01   6.1493e+00   0.0000e+00   5.5055e-05   2.6359e+02
20191119_12:00:00   2.8678e-01   6.9278e+01   6.1499e+00   0.0000e+00   2.4072e-04   2.6304e+02
20191119_13:00:00   2.7437e-01   6.6854e+01   5.9131e+00   0.0000e+00   1.2092e-04   2.6348e+02
20191119_14:00:00   2.6178e-01   6.4361e+01   5.6743e+00   0.0000e+00   1.3098e-05   2.6313e+02
20191119_15:00:00   2.5561e-01   6.3182e+01   5.5332e+00   0.0000e+00   2.9700e-06   2.6440e+02
20191119_16:00:00   2.6374e-01   6.4873e+01   5.6866e+00   0.0000e+00   0.0000e+00   2.6469e+02
20191119_17:00:00   2.7059e-01   6.6321e+01   5.7977e+00   0.0000e+00   0.0000e+00   2.6519e+02
20191119_18:00:00   2.7151e-01   6.6548e+01   5.7846e+00   0.0000e+00   3.0320e-06   2.6517e+02
20191119_19:00:00   2.5408e-01   6.3072e+01   5.4575e+00   0.0000e+00   2.1860e-07   2.6521e+02
20191119_20:00:00   2.3960e-01   6.0126e+01   5.1863e+00   0.0000e+00   0.0000e+00   2.6445e+02
20191119_21:00:00   2.4358e-01   6.0984e+01   5.2607e+00   0.0000e+00   0.0000e+00   2.6310e+02
20191119_22:00:00   2.6648e-01   6.5724e+01   5.6979e+00   0.0000e+00   0.0000e+00   2.6120e+02
20191119_23:00:00   3.0149e-01   7.2633e+01   6.3988e+00   3.2820e-04   7.8002e-05   2.5701e+02
20191120_00:00:00   3.5654e-01   8.2937e+01   7.5006e+00   1.3398e-03   7.2944e-04   2.5391e+02
20191120_01:00:00   4.7983e-01   1.0428e+02   8.2064e+00   3.9477e-02   2.0458e-02   2.5022e+02
20191120_02:00:00   4.7482e-01   1.0357e+02   8.3142e+00   3.3849e-02   5.4095e-02   2.4919e+02
20191120_03:00:00   5.0398e-01   1.0841e+02   8.1936e+00   4.7556e-02   9.1154e-02   2.4848e+02
20191120_04:00:00   4.7676e-01   1.0428e+02   7.9876e+00   3.9525e-02   4.0298e-02   2.4760e+02
20191120_05:00:00   5.1369e-01   1.1016e+02   7.9142e+00   5.6488e-02   8.8861e-02   2.4589e+02
20191120_06:00:00   4.3758e-01   9.7936e+01   7.3897e+00   3.2571e-02   9.7044e-02   2.4549e+02
20191120_07:00:00   4.2673e-01   9.6200e+01   6.8786e+00   3.9185e-02   4.1984e-02   2.4623e+02
20191120_08:00:00   3.9909e-01   9.1359e+01   6.7378e+00   3.1484e-02   1.9327e-02   2.4562e+02
20191120_09:00:00   3.7869e-01   8.7701e+01   6.6196e+00   2.5916e-02   6.3491e-03   2.4450e+02
20191120_10:00:00   4.2614e-01   9.6240e+01   6.2681e+00   5.3326e-02   1.0206e-02   2.4406e+02
20191120_11:00:00   3.7559e-01   8.7329e+01   6.0993e+00   3.5707e-02   8.9454e-03   2.4407e+02
20191120_12:00:00   3.8962e-01   8.9955e+01   5.8914e+00   4.6073e-02   1.1185e-02   2.4348e+02
20191120_13:00:00   3.8429e-01   8.8992e+01   5.7812e+00   4.6183e-02   8.3033e-03   2.4288e+02
20191120_14:00:00   3.3376e-01   7.9580e+01   5.7527e+00   2.6086e-02   3.1454e-03   2.4333e+02
20191120_15:00:00   2.9097e-01   7.1192e+01   5.6671e+00   1.0376e-02   6.3751e-04   2.4236e+02
20191120_16:00:00   2.5751e-01   6.4430e+01   5.5122e+00   0.0000e+00   2.4770e-05   2.4237e+02
20191120_17:00:00   2.4918e-01   6.2750e+01   5.3571e+00   0.0000e+00   0.0000e+00   2.4192e+02
20191120_18:00:00   2.4618e-01   6.2097e+01   5.3285e+00   0.0000e+00   1.9755e-05   2.4286e+02
20191120_21:00:00   3.5873e-01   8.3930e+01   5.9514e+00   3.7082e-02   9.5174e-04   2.4384e+02
20191121_00:00:00   3.0702e-01   7.4380e+01   6.5814e+00   6.4531e-04   7.2185e-04   2.4151e+02
20191121_03:00:00   3.5025e-01   8.2661e+01   7.2953e+00   3.3010e-03   1.8916e-04   2.4066e+02
20191121_06:00:00   3.4219e-01   8.1380e+01   7.0345e+00   3.6830e-03   0.0000e+00   2.4189e+02
20191121_09:00:00   2.9653e-01   7.2600e+01   6.3018e+00   0.0000e+00   0.0000e+00   2.4441e+02
20191121_12:00:00   2.5293e-01   6.3767e+01   5.4615e+00   0.0000e+00   0.0000e+00   2.4423e+02
20191121_15:00:00   2.2242e-01   5.7334e+01   4.8501e+00   0.0000e+00   3.3040e-05   2.4628e+02
20191121_18:00:00   1.9626e-01   5.1656e+01   4.3568e+00   0.0000e+00   2.7478e-03   2.4745e+02
20191121_21:00:00   1.9947e-01   5.2232e+01   4.4909e+00   4.0190e-05   8.5722e-03   2.4920e+02
20191122_00:00:00   2.1556e-01   5.5539e+01   4.9002e+00   0.0000e+00   1.2797e-02   2.4966e+02
20191122_03:00:00   2.1920e-01   5.6056e+01   5.0500e+00   0.0000e+00   4.6991e-02   2.4814e+02
20191122_06:00:00   2.0728e-01   5.3242e+01   4.8824e+00   0.0000e+00   3.2298e-02   2.4923e+02
20191122_09:00:00   1.8755e-01   4.8894e+01   4.4555e+00   0.0000e+00   5.8443e-03   2.5230e+02
20191122_12:00:00   1.7982e-01   4.7082e+01   4.2902e+00   0.0000e+00   1.1833e-02   2.5596e+02
20191122_15:00:00   1.7920e-01   4.7030e+01   4.2593e+00   0.0000e+00   7.4872e-03   2.5739e+02
20191122_18:00:00   1.7204e-01   4.5508e+01   4.0845e+00   0.0000e+00   9.7877e-03   2.5974e+02
20191122_21:00:00   1.2048e-01   3.4000e+01   2.8174e+00   0.0000e+00   1.0615e-02   2.5858e+02
20191123_00:00:00   6.9421e-02   2.1941e+01   1.5130e+00   0.0000e+00   6.4661e-03   2.5708e+02
20191123_03:00:00   5.4875e-02   1.8320e+01   1.1454e+00   0.0000e+00   3.3751e-03   2.5586e+02
20191123_06:00:00   5.1150e-02   1.7400e+01   1.0473e+00   0.0000e+00   4.0002e-04   2.5539e+02
20191123_09:00:00   4.9820e-02   1.7118e+01   1.0023e+00   0.0000e+00   1.1058e-05   2.5490e+02
20191123_12:00:00   4.8669e-02   1.6815e+01   9.7590e-01   0.0000e+00   0.0000e+00   2.5181e+02
20191123_15:00:00   4.8402e-02   1.6691e+01   9.8325e-01   0.0000e+00   6.7530e-04   2.5250e+02
20191123_18:00:00   4.9721e-02   1.7021e+01   1.0191e+00   0.0000e+00   2.4310e-03   2.5268e+02
20191123_21:00:00   5.5536e-02   1.8465e+01   1.1753e+00   0.0000e+00   5.3748e-03   2.5426e+02
20191124_00:00:00   5.9052e-02   1.9366e+01   1.2623e+00   0.0000e+00   2.3630e-03   2.5010e+02
20191124_03:00:00   6.1757e-02   2.0080e+01   1.3206e+00   0.0000e+00   3.6518e-03   2.4719e+02
20191124_06:00:00   6.6476e-02   2.1263e+01   1.4377e+00   0.0000e+00   8.2073e-03   2.5012e+02
20191124_09:00:00   6.8115e-02   2.1796e+01   1.4428e+00   0.0000e+00   2.3277e-05   2.4899e+02
20191124_12:00:00   7.0817e-02   2.2604e+01   1.4736e+00   0.0000e+00   0.0000e+00   2.4663e+02
20191124_15:00:00   7.2782e-02   2.3153e+01   1.5118e+00   0.0000e+00   0.0000e+00   2.4439e+02
20191124_18:00:00   6.3469e-02   2.0874e+01   1.2715e+00   0.0000e+00   0.0000e+00   2.4395e+02
20191124_21:00:00   4.7797e-02   1.6874e+01   8.8613e-01   0.0000e+00   0.0000e+00   2.4613e+02
20191125_00:00:00   4.4163e-02   1.5939e+01   7.9307e-01   0.0000e+00   0.0000e+00   2.4686e+02
20191125_03:00:00   4.2491e-02   1.5572e+01   7.3797e-01   0.0000e+00   0.0000e+00   2.4768e+02
20191125_06:00:00   4.2182e-02   1.5522e+01   7.2669e-01   0.0000e+00   0.0000e+00   2.4778e+02
20191125_09:00:00   4.3932e-02   1.5984e+01   7.6889e-01   0.0000e+00   0.0000e+00   2.4581e+02
20191125_12:00:00   4.2235e-02   1.5522e+01   7.2940e-01   0.0000e+00   0.0000e+00   2.4491e+02
20191125_15:00:00   3.8551e-02   1.4552e+01   6.4246e-01   0.0000e+00   0.0000e+00   2.4261e+02
20191125_18:00:00   3.8791e-02   1.4610e+01   6.5523e-01   0.0000e+00   4.3140e-06   2.4149e+02
20191125_21:00:00   3.8847e-02   1.4628e+01   6.6139e-01   0.0000e+00   0.0000e+00   2.4260e+02
20191126_00:00:00   3.7030e-02   1.4139e+01   6.1947e-01   0.0000e+00   0.0000e+00   2.4060e+02
20191126_03:00:00   4.1342e-02   1.5264e+01   7.3020e-01   0.0000e+00   0.0000e+00   2.3831e+02
20191126_06:00:00   4.2231e-02   1.5489e+01   7.5588e-01   0.0000e+00   0.0000e+00   2.3920e+02
20191126_09:00:00   4.3839e-02   1.5913e+01   7.9530e-01   0.0000e+00   0.0000e+00   2.3982e+02
20191126_12:00:00   4.5539e-02   1.6339e+01   8.4094e-01   0.0000e+00   0.0000e+00   2.3895e+02
20191126_15:00:00   4.6167e-02   1.6508e+01   8.5753e-01   0.0000e+00   0.0000e+00   2.3773e+02
20191126_18:00:00   4.6062e-02   1.6492e+01   8.5265e-01   0.0000e+00   0.0000e+00   2.3657e+02
20191126_21:00:00   4.5929e-02   1.6460e+01   8.5115e-01   0.0000e+00   0.0000e+00   2.3692e+02
20191127_00:00:00   4.6123e-02   1.6496e+01   8.5875e-01   0.0000e+00   0.0000e+00   2.3569e+02
20191127_03:00:00   4.5880e-02   1.6431e+01   8.5454e-01   0.0000e+00   0.0000e+00   2.3308e+02
20191127_06:00:00   4.3664e-02   1.5862e+01   7.9550e-01   0.0000e+00   0.0000e+00   2.3399e+02
20191127_09:00:00   4.2553e-02   1.5575e+01   7.6531e-01   0.0000e+00   0.0000e+00   2.3517e+02
20191127_12:00:00   4.1778e-02   1.5362e+01   7.4520e-01   0.0000e+00   0.0000e+00   2.3465e+02
20191127_15:00:00   4.0903e-02   1.5125e+01   7.2412e-01   0.0000e+00   0.0000e+00   2.3289e+02
20191127_18:00:00   3.6158e-02   1.3859e+01   6.0526e-01   0.0000e+00   0.0000e+00   2.3424e+02
20191127_21:00:00   3.4101e-02   1.3311e+01   5.5127e-01   0.0000e+00   0.0000e+00   2.3746e+02
20191128_00:00:00   3.6996e-02   1.4047e+01   6.3199e-01   0.0000e+00   0.0000e+00   2.3535e+02
20191128_03:00:00   4.1478e-02   1.5234e+01   7.4385e-01   0.0000e+00   0.0000e+00   2.3544e+02
20191128_06:00:00   4.5318e-02   1.6235e+01   8.4009e-01   0.0000e+00   0.0000e+00   2.3727e+02
20191128_09:00:00   4.8402e-02   1.7005e+01   9.1842e-01   0.0000e+00   3.3822e-03   2.3914e+02
20191128_12:00:00   6.1059e-02   2.0121e+01   1.2536e+00   0.0000e+00   7.0358e-03   2.4078e+02
20191128_15:00:00   7.6966e-02   2.4087e+01   1.6542e+00   0.0000e+00   2.7962e-03   2.4086e+02
20191128_18:00:00   8.4726e-02   2.6064e+01   1.8193e+00   0.0000e+00   3.4261e-03   2.4277e+02
20191128_21:00:00   8.4423e-02   2.6048e+01   1.8059e+00   0.0000e+00   9.6524e-03   2.4281e+02
20191129_00:00:00   8.3151e-02   2.5743e+01   1.7803e+00   0.0000e+00   1.3916e-02   2.4359e+02
20191129_03:00:00   8.6726e-02   2.6556e+01   1.8707e+00   0.0000e+00   2.3346e-02   2.4175e+02
20191129_06:00:00   8.9635e-02   2.7211e+01   1.9544e+00   0.0000e+00   4.4071e-03   2.4429e+02
20191129_09:00:00   8.6353e-02   2.6495e+01   1.8404e+00   0.0000e+00   1.8721e-03   2.4704e+02
20191129_12:00:00   7.9738e-02   2.4943e+01   1.6580e+00   0.0000e+00   1.2372e-04   2.4831e+02
20191129_15:00:00   6.9163e-02   2.2267e+01   1.4129e+00   0.0000e+00   2.5760e-05   2.4800e+02
20191129_18:00:00   6.2956e-02   2.0701e+01   1.2641e+00   0.0000e+00   0.0000e+00   2.4523e+02
20191129_21:00:00   6.2607e-02   2.0567e+01   1.2620e+00   0.0000e+00   0.0000e+00   2.4597e+02
20191130_00:00:00   5.7638e-02   1.9308e+01   1.1408e+00   0.0000e+00   0.0000e+00   2.4617e+02
20191130_03:00:00   5.0642e-02   1.7563e+01   9.5364e-01   0.0000e+00   0.0000e+00   2.4395e+02
20191130_06:00:00   4.3471e-02   1.5706e+01   7.7462e-01   0.0000e+00   0.0000e+00   2.4382e+02
20191130_09:00:00   3.8333e-02   1.4280e+01   6.6081e-01   0.0000e+00   0.0000e+00   2.4598e+02
20191130_12:00:00   3.7670e-02   1.4128e+01   6.4021e-01   0.0000e+00   0.0000e+00   2.4537e+02
20191130_15:00:00   4.0370e-02   1.4808e+01   7.1372e-01   0.0000e+00   0.0000e+00   2.4232e+02
20191130_18:00:00   7.5119e-02   2.3163e+01   1.6856e+00   0.0000e+00   1.2897e-03   2.4113e+02
20191130_21:00:00   1.0097e-01   2.9416e+01   2.3080e+00   0.0000e+00   1.4084e-03   2.4092e+02
20191201_00:00:00   1.4337e-01   3.9527e+01   3.2542e+00   0.0000e+00   3.4123e-03   2.4140e+02
20191201_03:00:00   1.5796e-01   4.3058e+01   3.4612e+00   0.0000e+00   2.1770e-02   2.3873e+02
20191201_06:00:00   1.6772e-01   4.5246e+01   3.5765e+00   0.0000e+00   4.6054e-02   2.3862e+02
20191201_09:00:00   9.3454e-02   2.8181e+01   1.9046e+00   0.0000e+00   0.0000e+00   2.4014e+02
20191201_12:00:00   5.9400e-02   1.9526e+01   1.2253e+00   0.0000e+00   2.6260e-05   2.3945e+02
20191201_15:00:00   7.2763e-02   2.2616e+01   1.6168e+00   0.0000e+00   2.5161e-04   2.3940e+02
20191201_18:00:00   8.0673e-02   2.4594e+01   1.8068e+00   0.0000e+00   2.4910e-05   2.3881e+02
