#            date       tau225        Tb[K]      pwv[mm] lwp[kg*m^-2] iwp[kg*m^-2]       o3[DU]
20191123_00:00:00   1.8705e-01   4.9374e+01   4.1542e+00   0.0000e+00   6.4247e-03   2.5786e+02
20191123_01:00:00   1.8464e-01   4.8799e+01   4.1061e+00   0.0000e+00   1.7750e-02   2.5800e+02
20191123_02:00:00   1.8880e-01   4.9623e+01   4.2178e+00   0.0000e+00   2.2720e-02   2.5724e+02
20191123_03:00:00   1.9555e-01   5.1056e+01   4.3837e+00   0.0000e+00   1.0330e-02   2.5610e+02
20191123_04:00:00   2.0383e-01   5.2748e+01   4.5870e+00   0.0000e+00   1.2401e-02   2.5478e+02
20191123_05:00:00   2.1409e-01   5.4808e+01   4.8505e+00   0.0000e+00   1.5705e-02   2.5515e+02
20191123_06:00:00   2.2793e-01   5.7576e+01   5.1837e+00   0.0000e+00   3.0654e-02   2.5737e+02
20191123_07:00:00   2.3664e-01   5.9335e+01   5.3894e+00   0.0000e+00   2.6298e-02   2.5842e+02
20191123_08:00:00   2.4947e-01   6.1888e+01   5.6894e+00   0.0000e+00   1.2083e-02   2.6172e+02
20191123_09:00:00   2.6606e-01   6.5193e+01   6.0457e+00   0.0000e+00   1.5593e-02   2.6403e+02
20191123_10:00:00   2.7970e-01   6.7882e+01   6.3218e+00   1.5880e-05   3.2082e-02   2.6519e+02
20191123_11:00:00   2.8848e-01   6.9592e+01   6.5092e+00   0.0000e+00   2.5404e-02   2.6510e+02
20191123_12:00:00   2.9131e-01   7.0174e+01   6.5686e+00   0.0000e+00   1.4678e-02   2.6395e+02
20191123_13:00:00   2.9335e-01   7.0641e+01   6.5861e+00   6.7050e-05   4.8756e-03   2.6421e+02
20191123_14:00:00   2.9129e-01   7.0308e+01   6.5347e+00   0.0000e+00   2.6675e-03   2.6502e+02
20191123_15:00:00   2.9524e-01   7.1067e+01   6.6079e+00   0.0000e+00   1.0281e-02   2.6455e+02
20191123_16:00:00   2.9085e-01   7.0311e+01   6.4792e+00   0.0000e+00   1.3976e-03   2.6293e+02
20191123_17:00:00   2.8331e-01   6.8881e+01   6.3213e+00   0.0000e+00   2.4280e-04   2.6197e+02
20191123_18:00:00   2.8457e-01   6.9156e+01   6.3392e+00   0.0000e+00   6.4700e-06   2.6176e+02
20191123_19:00:00   2.8834e-01   6.9868e+01   6.4128e+00   0.0000e+00   4.2500e-04   2.5856e+02
20191123_20:00:00   2.8878e-01   6.9989e+01   6.4078e+00   0.0000e+00   1.2414e-05   2.5818e+02
20191123_21:00:00   2.8251e-01   6.8843e+01   6.2539e+00   0.0000e+00   6.6500e-07   2.5804e+02
20191123_22:00:00   2.7445e-01   6.7278e+01   6.0960e+00   0.0000e+00   0.0000e+00   2.5941e+02
20191123_23:00:00   2.7371e-01   6.7156e+01   6.0657e+00   0.0000e+00   0.0000e+00   2.5719e+02
20191124_00:00:00   2.7174e-01   6.6813e+01   6.0108e+00   0.0000e+00   0.0000e+00   2.5550e+02
20191124_01:00:00   2.6730e-01   6.6058e+01   5.8624e+00   7.0850e-05   0.0000e+00   2.5503e+02
20191124_02:00:00   2.7803e-01   6.8310e+01   5.9205e+00   2.5810e-03   0.0000e+00   2.5292e+02
20191124_03:00:00   2.8312e-01   6.9372e+01   6.0111e+00   2.2010e-03   0.0000e+00   2.5227e+02
20191124_04:00:00   2.6699e-01   6.6319e+01   5.6851e+00   0.0000e+00   0.0000e+00   2.5337e+02
20191124_05:00:00   2.5181e-01   6.3207e+01   5.4002e+00   0.0000e+00   0.0000e+00   2.5241e+02
20191124_06:00:00   2.3192e-01   5.9166e+01   4.9752e+00   0.0000e+00   0.0000e+00   2.5138e+02
20191124_07:00:00   2.1737e-01   5.6167e+01   4.6304e+00   0.0000e+00   0.0000e+00   2.5069e+02
20191124_08:00:00   1.9851e-01   5.2191e+01   4.2216e+00   0.0000e+00   0.0000e+00   2.5054e+02
20191124_09:00:00   1.7908e-01   4.7979e+01   3.8230e+00   0.0000e+00   0.0000e+00   2.5049e+02
20191124_10:00:00   1.6837e-01   4.5619e+01   3.5818e+00   0.0000e+00   0.0000e+00   2.5216e+02
20191124_11:00:00   1.5795e-01   4.3272e+01   3.3563e+00   0.0000e+00   0.0000e+00   2.5281e+02
20191124_12:00:00   1.4607e-01   4.0643e+01   3.0694e+00   0.0000e+00   0.0000e+00   2.5165e+02
20191124_13:00:00   1.3199e-01   3.7491e+01   2.7287e+00   0.0000e+00   0.0000e+00   2.4964e+02
20191124_14:00:00   1.2449e-01   3.5782e+01   2.5522e+00   0.0000e+00   0.0000e+00   2.4895e+02
20191124_15:00:00   1.1726e-01   3.4120e+01   2.3843e+00   2.9970e-06   0.0000e+00   2.4810e+02
20191124_16:00:00   1.1637e-01   3.3930e+01   2.3513e+00   3.0500e-06   0.0000e+00   2.4709e+02
20191124_17:00:00   1.1913e-01   3.4586e+01   2.4020e+00   0.0000e+00   0.0000e+00   2.4762e+02
20191124_18:00:00   1.1743e-01   3.4186e+01   2.3803e+00   0.0000e+00   0.0000e+00   2.4777e+02
20191124_19:00:00   1.1939e-01   3.4643e+01   2.4390e+00   0.0000e+00   0.0000e+00   2.4833e+02
20191124_20:00:00   1.1902e-01   3.4575e+01   2.4351e+00   0.0000e+00   0.0000e+00   2.4840e+02
20191124_21:00:00   1.1420e-01   3.3452e+01   2.3289e+00   6.2480e-05   0.0000e+00   2.4895e+02
20191124_22:00:00   1.0725e-01   3.1805e+01   2.1718e+00   5.3480e-05   0.0000e+00   2.4965e+02
20191124_23:00:00   1.0227e-01   3.0619e+01   2.0539e+00   0.0000e+00   0.0000e+00   2.4821e+02
20191125_00:00:00   1.0848e-01   3.2137e+01   2.1752e+00   0.0000e+00   0.0000e+00   2.4693e+02
20191125_01:00:00   1.2143e-01   3.5203e+01   2.4617e+00   0.0000e+00   0.0000e+00   2.4617e+02
20191125_02:00:00   1.2305e-01   3.5587e+01   2.5020e+00   0.0000e+00   0.0000e+00   2.4577e+02
20191125_03:00:00   1.0962e-01   3.2424e+01   2.2109e+00   0.0000e+00   0.0000e+00   2.4561e+02
20191125_04:00:00   1.0213e-01   3.0639e+01   2.0415e+00   0.0000e+00   0.0000e+00   2.4535e+02
20191125_05:00:00   1.0561e-01   3.1481e+01   2.1127e+00   0.0000e+00   0.0000e+00   2.4632e+02
20191125_06:00:00   1.0999e-01   3.2548e+01   2.2016e+00   0.0000e+00   0.0000e+00   2.4807e+02
20191125_07:00:00   1.0712e-01   3.1851e+01   2.1335e+00   0.0000e+00   0.0000e+00   2.4778e+02
20191125_08:00:00   1.0559e-01   3.1475e+01   2.1073e+00   0.0000e+00   0.0000e+00   2.4714e+02
20191125_09:00:00   1.0699e-01   3.1816e+01   2.1367e+00   0.0000e+00   0.0000e+00   2.4675e+02
20191125_10:00:00   1.0520e-01   3.1396e+01   2.1015e+00   0.0000e+00   0.0000e+00   2.4682e+02
20191125_11:00:00   1.0541e-01   3.1452e+01   2.1151e+00   0.0000e+00   0.0000e+00   2.4674e+02
20191125_12:00:00   1.0767e-01   3.1988e+01   2.1751e+00   0.0000e+00   0.0000e+00   2.4536e+02
20191125_13:00:00   1.0670e-01   3.1749e+01   2.1648e+00   0.0000e+00   0.0000e+00   2.4522e+02
20191125_14:00:00   1.0583e-01   3.1546e+01   2.1557e+00   0.0000e+00   0.0000e+00   2.4564e+02
20191125_15:00:00   1.0855e-01   3.2208e+01   2.2156e+00   0.0000e+00   0.0000e+00   2.4618e+02
20191125_16:00:00   1.0979e-01   3.2523e+01   2.2413e+00   0.0000e+00   0.0000e+00   2.4640e+02
20191125_17:00:00   1.0847e-01   3.2235e+01   2.2070e+00   0.0000e+00   0.0000e+00   2.4657e+02
20191125_18:00:00   1.0632e-01   3.1732e+01   2.1553e+00   0.0000e+00   0.0000e+00   2.4676e+02
20191125_19:00:00   1.0351e-01   3.1067e+01   2.0900e+00   0.0000e+00   0.0000e+00   2.4708e+02
20191125_20:00:00   9.8705e-02   2.9923e+01   1.9830e+00   0.0000e+00   2.1507e-06   2.4839e+02
20191125_21:00:00   9.1227e-02   2.8106e+01   1.8198e+00   0.0000e+00   3.9890e-05   2.4959e+02
20191125_22:00:00   8.8970e-02   2.7551e+01   1.7708e+00   0.0000e+00   2.0177e-05   2.4929e+02
20191125_23:00:00   8.8576e-02   2.7451e+01   1.7663e+00   0.0000e+00   1.3653e-05   2.4898e+02
20191126_00:00:00   9.9617e-02   3.0161e+01   2.0065e+00   0.0000e+00   6.7010e-06   2.4865e+02
20191126_01:00:00   1.0485e-01   3.1449e+01   2.1186e+00   0.0000e+00   6.5260e-06   2.4788e+02
20191126_02:00:00   9.6475e-02   2.9406e+01   1.9434e+00   0.0000e+00   1.2451e-05   2.4859e+02
20191126_03:00:00   9.0075e-02   2.7822e+01   1.8111e+00   0.0000e+00   5.6640e-06   2.4905e+02
20191126_04:00:00   8.6746e-02   2.6994e+01   1.7412e+00   0.0000e+00   2.3262e-06   2.4801e+02
20191126_05:00:00   8.1530e-02   2.5693e+01   1.6286e+00   0.0000e+00   4.8000e-06   2.4628e+02
20191126_06:00:00   7.6555e-02   2.4444e+01   1.5224e+00   0.0000e+00   1.1927e-05   2.4561e+02
20191126_07:00:00   7.4024e-02   2.3802e+01   1.4619e+00   0.0000e+00   2.6109e-05   2.4608e+02
20191126_08:00:00   7.1512e-02   2.3154e+01   1.4079e+00   0.0000e+00   3.5780e-05   2.4600e+02
20191126_09:00:00   7.5009e-02   2.3914e+01   1.5402e+00   0.0000e+00   2.5056e-05   2.4531e+02
20191126_10:00:00   7.8871e-02   2.4768e+01   1.6813e+00   0.0000e+00   1.3827e-05   2.4427e+02
20191126_11:00:00   8.2639e-02   2.5648e+01   1.7930e+00   0.0000e+00   5.6710e-05   2.4519e+02
20191126_12:00:00   8.5431e-02   2.6279e+01   1.8813e+00   0.0000e+00   4.1180e-05   2.4604e+02
20191126_13:00:00   8.3249e-02   2.5734e+01   1.8324e+00   0.0000e+00   3.0750e-05   2.4572e+02
20191126_14:00:00   8.0835e-02   2.5117e+01   1.7907e+00   0.0000e+00   2.3807e-05   2.4408e+02
20191126_15:00:00   8.5679e-02   2.6278e+01   1.9267e+00   0.0000e+00   1.5378e-05   2.4213e+02
20191126_16:00:00   9.1697e-02   2.7714e+01   2.0944e+00   0.0000e+00   1.2178e-05   2.4176e+02
20191126_17:00:00   1.0405e-01   3.0719e+01   2.3957e+00   0.0000e+00   8.6900e-06   2.4156e+02
20191126_18:00:00   1.1148e-01   3.2532e+01   2.5638e+00   0.0000e+00   5.7820e-06   2.4205e+02
20191126_19:00:00   1.1778e-01   3.4023e+01   2.7183e+00   0.0000e+00   1.3126e-05   2.4370e+02
20191126_20:00:00   1.2246e-01   3.5175e+01   2.8204e+00   0.0000e+00   0.0000e+00   2.4502e+02
20191126_21:00:00   1.3198e-01   3.7446e+01   3.0421e+00   0.0000e+00   0.0000e+00   2.4507e+02
20191126_22:00:00   1.5003e-01   4.1639e+01   3.4674e+00   0.0000e+00   0.0000e+00   2.4626e+02
20191126_23:00:00   1.5481e-01   4.2731e+01   3.5806e+00   0.0000e+00   0.0000e+00   2.4630e+02
20191127_00:00:00   1.5975e-01   4.3849e+01   3.6999e+00   0.0000e+00   6.5260e-06   2.4589e+02
20191127_01:00:00   1.6621e-01   4.5313e+01   3.8564e+00   0.0000e+00   5.9260e-06   2.4521e+02
20191127_02:00:00   1.7054e-01   4.6277e+01   3.9703e+00   0.0000e+00   0.0000e+00   2.4456e+02
20191127_03:00:00   1.7363e-01   4.6907e+01   4.0683e+00   0.0000e+00   0.0000e+00   2.4446e+02
20191127_04:00:00   1.8764e-01   4.9979e+01   4.4171e+00   0.0000e+00   0.0000e+00   2.4439e+02
20191127_05:00:00   2.0663e-01   5.4110e+01   4.8695e+00   0.0000e+00   0.0000e+00   2.4451e+02
20191127_06:00:00   2.2705e-01   5.8484e+01   5.3427e+00   0.0000e+00   0.0000e+00   2.4456e+02
20191127_07:00:00   2.4283e-01   6.1744e+01   5.7184e+00   0.0000e+00   6.0050e-07   2.4406e+02
20191127_08:00:00   2.5152e-01   6.3490e+01   5.9229e+00   0.0000e+00   6.0020e-06   2.4471e+02
20191127_09:00:00   2.5301e-01   6.3795e+01   5.9479e+00   0.0000e+00   6.8750e-06   2.4498e+02
20191127_10:00:00   2.5931e-01   6.5126e+01   6.0756e+00   0.0000e+00   6.5260e-06   2.4476e+02
20191127_11:00:00   2.7203e-01   6.7712e+01   6.3647e+00   0.0000e+00   4.8000e-06   2.4400e+02
20191127_12:00:00   2.9761e-01   7.2800e+01   6.9359e+00   0.0000e+00   6.0050e-07   2.4421e+02
20191127_13:00:00   3.2324e-01   7.7772e+01   7.5126e+00   0.0000e+00   1.9646e-04   2.4477e+02
20191127_14:00:00   3.4564e-01   8.2000e+01   8.0079e+00   0.0000e+00   1.5573e-04   2.4494e+02
20191127_15:00:00   3.5717e-01   8.4239e+01   8.2126e+00   0.0000e+00   0.0000e+00   2.4483e+02
20191127_16:00:00   3.6734e-01   8.6173e+01   8.4340e+00   0.0000e+00   0.0000e+00   2.4422e+02
20191127_17:00:00   3.7563e-01   8.7647e+01   8.5944e+00   0.0000e+00   0.0000e+00   2.4449e+02
20191127_18:00:00   3.9330e-01   9.0781e+01   8.9642e+00   0.0000e+00   0.0000e+00   2.4457e+02
20191127_19:00:00   4.0013e-01   9.2055e+01   9.0913e+00   0.0000e+00   0.0000e+00   2.4494e+02
20191127_20:00:00   4.0862e-01   9.3603e+01   9.2751e+00   0.0000e+00   0.0000e+00   2.4595e+02
20191127_21:00:00   4.1101e-01   9.4030e+01   9.3790e+00   0.0000e+00   4.0642e-05   2.4714e+02
20191127_22:00:00   4.1977e-01   9.5511e+01   9.6010e+00   0.0000e+00   6.8566e-03   2.4731e+02
20191127_23:00:00   4.4407e-01   9.9643e+01   1.0127e+01   0.0000e+00   1.2247e-02   2.4686e+02
20191128_00:00:00   4.6356e-01   1.0290e+02   1.0534e+01   0.0000e+00   5.6700e-04   2.4614e+02
20191128_03:00:00   4.4601e-01   9.9893e+01   1.0233e+01   0.0000e+00   2.0341e-03   2.4525e+02
20191128_06:00:00   4.2440e-01   9.5925e+01   9.8804e+00   0.0000e+00   4.2514e-02   2.4862e+02
20191128_09:00:00   3.6163e-01   8.4476e+01   8.5699e+00   0.0000e+00   3.1637e-02   2.5131e+02
20191128_12:00:00   2.9966e-01   7.2674e+01   7.1793e+00   0.0000e+00   1.0311e-03   2.5109e+02
20191128_15:00:00   2.8151e-01   6.9140e+01   6.7450e+00   0.0000e+00   2.2138e-03   2.5037e+02
20191128_18:00:00   2.7617e-01   6.8109e+01   6.6064e+00   0.0000e+00   2.0882e-03   2.5081e+02
20191128_21:00:00   2.7410e-01   6.7611e+01   6.5597e+00   0.0000e+00   2.0689e-03   2.5272e+02
20191129_00:00:00   2.7911e-01   6.8551e+01   6.6481e+00   0.0000e+00   1.8960e-02   2.5319e+02
20191129_03:00:00   2.9585e-01   7.1846e+01   6.9849e+00   0.0000e+00   2.9863e-03   2.5311e+02
20191129_06:00:00   3.7866e-01   8.7197e+01   8.8225e+00   0.0000e+00   2.2882e-02   2.5410e+02
20191129_09:00:00   4.2802e-01   9.6124e+01   9.6830e+00   0.0000e+00   5.3949e-02   2.5411e+02
20191129_12:00:00   4.3161e-01   9.6704e+01   9.7819e+00   0.0000e+00   1.3228e-02   2.5344e+02
20191129_15:00:00   4.4172e-01   9.8359e+01   1.0025e+01   0.0000e+00   2.9678e-02   2.5202e+02
20191129_18:00:00   4.6083e-01   1.0192e+02   1.0249e+01   0.0000e+00   6.7140e-03   2.5213e+02
20191129_21:00:00   4.7884e-01   1.0501e+02   1.0438e+01   1.1515e-03   9.6743e-03   2.5320e+02
20191130_00:00:00   5.3928e-01   1.1470e+02   1.1069e+01   1.2161e-02   1.1085e-02   2.5076e+02
20191130_03:00:00   1.5111e+00   2.1382e+02   1.1106e+01   4.0601e-01   4.4818e-03   2.4852e+02
20191130_06:00:00   1.6322e+00   2.1971e+02   1.1514e+01   4.5434e-01   1.3466e-01   2.4887e+02
20191130_09:00:00   1.0033e+00   1.7320e+02   1.1326e+01   1.9907e-01   5.9682e-03   2.4694e+02
20191130_12:00:00   4.9709e-01   1.0797e+02   1.0846e+01   0.0000e+00   2.3415e-03   2.4742e+02
20191130_15:00:00   4.6504e-01   1.0292e+02   1.0207e+01   0.0000e+00   4.5159e-04   2.4453e+02
20191130_18:00:00   4.4615e-01   9.9836e+01   9.7835e+00   0.0000e+00   8.5010e-05   2.4555e+02
20191130_21:00:00   4.0734e-01   9.3164e+01   9.1159e+00   0.0000e+00   1.6393e-04   2.4707e+02
20191201_00:00:00   3.7043e-01   8.6325e+01   8.4729e+00   0.0000e+00   2.8475e-05   2.4593e+02
20191201_03:00:00   3.0765e-01   7.4503e+01   7.0952e+00   0.0000e+00   2.4736e-04   2.4514e+02
20191201_06:00:00   2.2097e-01   5.6802e+01   5.1728e+00   0.0000e+00   3.5974e-04   2.4399e+02
20191201_09:00:00   1.4864e-01   4.0775e+01   3.5217e+00   0.0000e+00   6.7012e-03   2.4839e+02
20191201_12:00:00   9.4115e-02   2.7946e+01   2.2191e+00   0.0000e+00   2.0151e-03   2.4879e+02
20191201_15:00:00   7.2998e-02   2.2810e+01   1.6788e+00   0.0000e+00   4.9144e-04   2.4857e+02
20191201_18:00:00   8.3199e-02   2.5218e+01   1.9560e+00   3.6950e-05   1.1746e-04   2.4843e+02
20191201_21:00:00   9.4520e-02   2.7969e+01   2.1538e+00   1.4290e-03   1.9064e-05   2.5345e+02
20191202_00:00:00   1.0057e-01   2.9358e+01   2.3981e+00   0.0000e+00   3.5207e-05   2.5944e+02
20191202_03:00:00   1.1595e-01   3.2912e+01   2.8071e+00   0.0000e+00   2.0845e-05   2.5746e+02
20191202_06:00:00   1.3860e-01   3.8037e+01   3.3992e+00   0.0000e+00   5.7866e-04   2.6044e+02
20191202_09:00:00   1.3633e-01   3.7643e+01   3.3244e+00   0.0000e+00   1.5901e-04   2.5888e+02
20191202_12:00:00   1.3196e-01   3.6711e+01   3.1971e+00   0.0000e+00   2.4208e-03   2.5639e+02
20191202_15:00:00   1.0875e-01   3.1641e+01   2.5155e+00   0.0000e+00   2.6960e-06   2.5426e+02
20191202_18:00:00   9.2595e-02   2.7965e+01   2.0611e+00   0.0000e+00   0.0000e+00   2.5504e+02
20191202_21:00:00   7.3046e-02   2.3265e+01   1.5492e+00   0.0000e+00   0.0000e+00   2.5597e+02
20191203_00:00:00   6.6462e-02   2.1624e+01   1.3849e+00   0.0000e+00   0.0000e+00   2.5432e+02
20191203_03:00:00   6.8061e-02   2.2005e+01   1.4369e+00   0.0000e+00   0.0000e+00   2.5132e+02
20191203_06:00:00   7.6749e-02   2.4060e+01   1.6966e+00   0.0000e+00   0.0000e+00   2.5235e+02
20191203_09:00:00   8.8171e-02   2.6653e+01   2.0527e+00   0.0000e+00   0.0000e+00   2.5320e+02
20191203_12:00:00   1.1581e-01   3.3191e+01   2.7898e+00   0.0000e+00   5.0920e-04   2.5399e+02
20191203_15:00:00   1.4775e-01   4.0484e+01   3.6020e+00   0.0000e+00   1.1512e-03   2.5178e+02
20191203_18:00:00   1.7395e-01   4.6288e+01   4.2486e+00   0.0000e+00   2.3400e-03   2.5412e+02
20191203_21:00:00   1.9888e-01   5.1630e+01   4.8613e+00   0.0000e+00   1.2150e-02   2.5641e+02
20191204_00:00:00   2.1726e-01   5.5437e+01   5.2984e+00   0.0000e+00   1.5281e-02   2.5215e+02
20191204_03:00:00   2.1856e-01   5.5792e+01   5.3018e+00   0.0000e+00   5.8569e-03   2.5370e+02
20191204_06:00:00   2.5153e-01   6.2652e+01   6.0519e+00   0.0000e+00   3.0375e-03   2.5276e+02
20191204_09:00:00   2.8289e-01   6.9079e+01   6.7052e+00   0.0000e+00   4.4801e-03   2.5323e+02
20191204_12:00:00   3.1431e-01   7.5620e+01   7.2805e+00   0.0000e+00   6.9517e-03   2.5179e+02
20191204_15:00:00   3.5730e-01   8.3939e+01   8.0873e+00   0.0000e+00   2.6508e-03   2.4903e+02
20191204_18:00:00   3.5857e-01   8.4359e+01   8.0474e+00   0.0000e+00   1.3588e-02   2.5029e+02
20191204_21:00:00   3.7990e-01   8.7894e+01   8.5828e+00   0.0000e+00   1.1713e-02   2.5194e+02
20191205_00:00:00   3.7334e-01   8.6355e+01   8.5461e+00   0.0000e+00   6.2061e-03   2.4905e+02
20191205_03:00:00   3.7544e-01   8.6684e+01   8.5457e+00   0.0000e+00   5.0617e-03   2.4702e+02
20191205_06:00:00   3.8256e-01   8.7945e+01   8.6751e+00   0.0000e+00   4.4226e-02   2.4455e+02
20191205_09:00:00   4.1849e-01   9.4215e+01   9.3478e+00   0.0000e+00   1.5694e-02   2.4724e+02
20191205_12:00:00   4.3991e-01   9.7921e+01   9.5314e+00   1.6472e-03   1.2440e-02   2.4526e+02
20191205_15:00:00   4.8043e-01   1.0451e+02   1.0226e+01   1.3767e-03   1.3454e-01   2.4447e+02
20191205_18:00:00   4.2312e-01   9.4869e+01   9.3234e+00   0.0000e+00   2.7781e-02   2.4749e+02
20191205_21:00:00   3.7743e-01   8.6537e+01   8.4912e+00   0.0000e+00   8.1191e-02   2.5090e+02
20191206_00:00:00   2.6720e-01   6.5362e+01   6.2169e+00   0.0000e+00   4.2081e-02   2.5150e+02
20191206_03:00:00   1.2234e-01   3.4108e+01   2.8762e+00   1.6940e-04   4.4085e-02   2.4952e+02
20191206_06:00:00   5.0627e-02   1.7336e+01   9.8616e-01   0.0000e+00   2.1805e-02   2.4933e+02
20191206_09:00:00   4.0859e-02   1.5041e+01   7.0285e-01   0.0000e+00   0.0000e+00   2.4770e+02
20191206_12:00:00   4.8328e-02   1.6641e+01   9.7177e-01   0.0000e+00   1.0356e-05   2.4546e+02
20191206_15:00:00   6.1282e-02   1.9745e+01   1.3425e+00   0.0000e+00   0.0000e+00   2.4154e+02
20191206_18:00:00   5.8984e-02   1.9267e+01   1.2729e+00   0.0000e+00   0.0000e+00   2.4246e+02
20191206_21:00:00   7.0437e-02   2.2172e+01   1.5676e+00   0.0000e+00   0.0000e+00   2.4236e+02
20191207_00:00:00   1.0302e-01   3.0201e+01   2.3444e+00   0.0000e+00   1.0143e-03   2.3978e+02
20191207_03:00:00   1.1025e-01   3.2129e+01   2.4417e+00   0.0000e+00   1.6348e-04   2.3762e+02
20191207_06:00:00   8.9459e-02   2.7139e+01   1.9680e+00   0.0000e+00   0.0000e+00   2.3659e+02
20191207_09:00:00   9.9074e-02   2.9545e+01   2.1725e+00   0.0000e+00   0.0000e+00   2.3777e+02
20191207_12:00:00   1.0358e-01   3.0642e+01   2.2684e+00   0.0000e+00   0.0000e+00   2.3684e+02
20191207_15:00:00   1.1345e-01   3.3043e+01   2.4758e+00   0.0000e+00   0.0000e+00   2.3650e+02
20191207_18:00:00   1.1733e-01   3.4014e+01   2.5555e+00   0.0000e+00   2.0576e-04   2.3614e+02
20191207_21:00:00   1.3103e-01   3.7194e+01   2.9135e+00   0.0000e+00   8.3620e-06   2.4002e+02
20191208_00:00:00   1.7540e-01   4.7300e+01   3.8988e+00   5.2930e-04   9.3527e-03   2.3720e+02
20191208_03:00:00   2.8539e-01   7.0612e+01   6.1880e+00   0.0000e+00   5.7239e-03   2.3703e+02
20191208_06:00:00   3.1366e-01   7.5727e+01   6.9877e+00   0.0000e+00   3.5935e-03   2.3561e+02
20191208_09:00:00   3.2965e-01   7.8316e+01   7.5633e+00   0.0000e+00   1.3369e-02   2.3690e+02
20191208_12:00:00   3.9296e-01   9.0095e+01   8.7754e+00   0.0000e+00   3.7954e-03   2.3719e+02
20191208_15:00:00   4.1039e-01   9.3359e+01   9.1384e+00   0.0000e+00   5.6344e-03   2.3718e+02
20191208_18:00:00   4.0945e-01   9.3292e+01   9.0702e+00   0.0000e+00   4.2264e-02   2.3732e+02
20191208_21:00:00   4.0837e-01   9.3224e+01   9.0163e+00   0.0000e+00   1.8704e-02   2.3920e+02
20191209_00:00:00   3.9272e-01   9.0749e+01   8.5775e+00   0.0000e+00   4.1617e-02   2.3789e+02
