#            date       tau225        Tb[K]      pwv[mm] lwp[kg*m^-2] iwp[kg*m^-2]       o3[DU]
20191004_07:00:00   0.0000e+00   0.0000e+00   0.0000e+00   0.0000e+00   0.0000e+00   0.0000e+00
20191004_08:00:00   1.2701e-01   3.6673e+01   2.7254e+00   7.0170e-06   2.4620e-04   2.5235e+02
20191004_09:00:00   1.6820e-01   4.6334e+01   3.5652e+00   0.0000e+00   2.1280e-06   2.5147e+02
20191004_10:00:00   1.7414e-01   4.7687e+01   3.6886e+00   0.0000e+00   1.1140e-05   2.5130e+02
20191004_12:00:00   6.3529e-02   2.0984e+01   1.3064e+00   0.0000e+00   0.0000e+00   2.5107e+02
20191004_13:00:00   5.0194e-02   1.7472e+01   1.0000e+00   0.0000e+00   0.0000e+00   2.5305e+02
20191004_14:00:00   4.6852e-02   1.6572e+01   9.2408e-01   0.0000e+00   2.1380e-05   2.5529e+02
20191004_15:00:00   0.0000e+00   0.0000e+00   0.0000e+00   0.0000e+00   0.0000e+00   0.0000e+00
20191004_16:00:00   4.9411e-02   1.7213e+01   9.9655e-01   0.0000e+00   3.4263e-05   2.5350e+02
20191004_17:00:00   0.0000e+00   0.0000e+00   0.0000e+00   0.0000e+00   0.0000e+00   0.0000e+00
20191004_18:00:00   4.9113e-02   1.7130e+01   9.9085e-01   0.0000e+00   1.2214e-04   2.5255e+02
20191004_19:00:00   4.9649e-02   1.7243e+01   1.0081e+00   0.0000e+00   1.2383e-04   2.5224e+02
20191004_20:00:00   0.0000e+00   2.7000e+00   0.0000e+00   0.0000e+00   0.0000e+00   0.0000e+00
20191004_21:00:00   5.1161e-02   1.7584e+01   1.0628e+00   0.0000e+00   4.3981e-04   2.5155e+02
20191004_22:00:00   5.1805e-02   1.7724e+01   1.0874e+00   0.0000e+00   4.2898e-04   2.5103e+02
20191004_23:00:00   5.5254e-02   1.8578e+01   1.1837e+00   0.0000e+00   3.3697e-04   2.5066e+02
20191005_00:00:00   5.8572e-02   1.9385e+01   1.2775e+00   0.0000e+00   1.0705e-03   2.5078e+02
20191005_01:00:00   0.0000e+00   0.0000e+00   0.0000e+00   0.0000e+00   0.0000e+00   0.0000e+00
20191005_03:00:00   1.2205e-06   2.7010e+00   0.0000e+00   0.0000e+00   0.0000e+00   5.4163e+00
20191005_04:00:00   0.0000e+00   0.0000e+00   0.0000e+00   0.0000e+00   0.0000e+00   0.0000e+00
20191005_05:00:00   5.0645e-02   1.7540e+01   1.0212e+00   0.0000e+00   0.0000e+00   2.5268e+02
20191005_06:00:00   0.0000e+00   0.0000e+00   0.0000e+00   0.0000e+00   0.0000e+00   0.0000e+00
20191005_08:00:00   4.4110e-02   1.5981e+01   8.1347e-01   0.0000e+00   0.0000e+00   2.5347e+02
20191005_09:00:00   0.0000e+00   0.0000e+00   0.0000e+00   0.0000e+00   0.0000e+00   0.0000e+00
20191005_10:00:00   4.0009e-02   1.4970e+01   6.9000e-01   0.0000e+00   0.0000e+00   2.5521e+02
20191005_11:00:00   0.0000e+00   2.7000e+00   0.0000e+00   0.0000e+00   0.0000e+00   0.0000e+00
20191005_12:00:00   3.8390e-02   1.4544e+01   6.4988e-01   0.0000e+00   2.4199e-05   2.5643e+02
20191005_13:00:00   0.0000e+00   0.0000e+00   0.0000e+00   0.0000e+00   0.0000e+00   0.0000e+00
20191005_14:00:00   3.6452e-02   1.4035e+01   5.9995e-01   0.0000e+00   4.7510e-07   2.5558e+02
20191005_15:00:00   1.9758e-01   5.4763e+01   3.5852e+00   0.0000e+00   0.0000e+00   2.5797e+02
20191005_16:00:00   3.4674e-02   1.3563e+01   5.5274e-01   0.0000e+00   2.3133e-06   2.5480e+02
20191005_17:00:00   3.3174e-02   1.3151e+01   5.1870e-01   0.0000e+00   0.0000e+00   2.5486e+02
20191005_18:00:00   3.4351e-02   1.3442e+01   5.5541e-01   0.0000e+00   1.0640e-07   2.5558e+02
20191005_19:00:00   0.0000e+00   0.0000e+00   0.0000e+00   0.0000e+00   0.0000e+00   0.0000e+00
20191005_20:00:00   3.9200e-02   1.4674e+01   6.9345e-01   0.0000e+00   5.3200e-07   2.5765e+02
20191005_21:00:00   3.9940e-02   1.4855e+01   7.1650e-01   0.0000e+00   0.0000e+00   2.5901e+02
20191005_22:00:00   4.8654e-02   1.7161e+01   9.1292e-01   0.0000e+00   0.0000e+00   2.5989e+02
20191006_01:00:00   4.9362e-02   1.7237e+01   9.8423e-01   0.0000e+00   0.0000e+00   2.5884e+02
20191006_02:00:00   0.0000e+00   2.7000e+00   0.0000e+00   0.0000e+00   0.0000e+00   0.0000e+00
20191006_03:00:00   1.0911e-01   3.1915e+01   2.2577e+00   0.0000e+00   0.0000e+00   2.7608e+02
20191006_04:00:00   5.7597e-02   1.9429e+01   1.1815e+00   0.0000e+00   0.0000e+00   2.6125e+02
20191006_05:00:00   5.8727e-02   1.9727e+01   1.2096e+00   0.0000e+00   2.1569e-07   2.6124e+02
20191006_06:00:00   0.0000e+00   0.0000e+00   0.0000e+00   0.0000e+00   0.0000e+00   0.0000e+00
20191006_07:00:00   6.3938e-02   2.1032e+01   1.3504e+00   0.0000e+00   6.5260e-07   2.6338e+02
20191006_08:00:00   6.5970e-02   2.1547e+01   1.4014e+00   0.0000e+00   1.6318e-06   2.6626e+02
20191006_09:00:00   6.9403e-02   2.2433e+01   1.4831e+00   0.0000e+00   1.1565e-06   2.6665e+02
20191006_10:00:00   7.2472e-02   2.3201e+01   1.5593e+00   0.0000e+00   2.6298e-05   2.6333e+02
20191006_11:00:00   7.4093e-02   2.3612e+01   1.6009e+00   0.0000e+00   2.9000e-05   2.6054e+02
20191006_12:00:00   7.4818e-02   2.3779e+01   1.6219e+00   0.0000e+00   3.3940e-05   2.6259e+02
20191006_13:00:00   7.8421e-02   2.4652e+01   1.7209e+00   0.0000e+00   6.5806e-05   2.6259e+02
20191006_14:00:00   8.2416e-02   2.5632e+01   1.8245e+00   0.0000e+00   1.1783e-04   2.6267e+02
20191006_15:00:00   8.8514e-02   2.7138e+01   1.9773e+00   0.0000e+00   7.5115e-05   2.6224e+02
20191006_16:00:00   0.0000e+00   2.7000e+00   0.0000e+00   0.0000e+00   0.0000e+00   0.0000e+00
20191006_18:00:00   1.0012e-01   3.0023e+01   2.2597e+00   0.0000e+00   8.5272e-05   2.6253e+02
20191006_19:00:00   1.0440e-01   3.1070e+01   2.3661e+00   0.0000e+00   1.3910e-04   2.6124e+02
20191006_20:00:00   1.1026e-01   3.2497e+01   2.5089e+00   0.0000e+00   1.6519e-04   2.6076e+02
20191006_21:00:00   0.0000e+00   2.7000e+00   0.0000e+00   0.0000e+00   0.0000e+00   0.0000e+00
20191006_22:00:00   1.2024e-01   3.4885e+01   2.7470e+00   0.0000e+00   2.7225e-04   2.6025e+02
20191006_23:00:00   0.0000e+00   0.0000e+00   0.0000e+00   0.0000e+00   0.0000e+00   0.0000e+00
20191007_00:00:00   0.0000e+00   0.0000e+00   0.0000e+00   0.0000e+00   0.0000e+00   0.0000e+00
20191007_01:00:00   0.0000e+00   0.0000e+00   0.0000e+00   0.0000e+00   0.0000e+00   0.0000e+00
20191007_02:00:00   1.2632e-01   3.6347e+01   2.9008e+00   0.0000e+00   6.9040e-05   2.5742e+02
20191007_03:00:00   1.2736e-01   3.6615e+01   2.9239e+00   0.0000e+00   3.9984e-05   2.5663e+02
20191007_04:00:00   0.0000e+00   0.0000e+00   0.0000e+00   0.0000e+00   0.0000e+00   0.0000e+00
20191007_06:00:00   1.3577e-01   3.8650e+01   3.1053e+00   0.0000e+00   1.1421e-05   2.5658e+02
20191007_07:00:00   0.0000e+00   2.7000e+00   0.0000e+00   0.0000e+00   0.0000e+00   0.0000e+00
20191007_08:00:00   1.4116e-01   3.9885e+01   3.2254e+00   9.3990e-05   1.3046e-05   2.5650e+02
20191007_09:00:00   1.4170e-01   3.9983e+01   3.2456e+00   0.0000e+00   4.5796e-05   2.5763e+02
20191007_10:00:00   1.4326e-01   4.0334e+01   3.2883e+00   0.0000e+00   1.0401e-04   2.5877e+02
20191007_11:00:00   1.4595e-01   4.0925e+01   3.3517e+00   0.0000e+00   8.4844e-05   2.5827e+02
20191007_12:00:00   1.4894e-01   4.1603e+01   3.4181e+00   0.0000e+00   5.1952e-05   2.5634e+02
20191007_13:00:00   1.5245e-01   4.2419e+01   3.4983e+00   0.0000e+00   2.8632e-05   2.5587e+02
20191007_14:00:00   0.0000e+00   0.0000e+00   0.0000e+00   0.0000e+00   0.0000e+00   0.0000e+00
20191007_16:00:00   1.5401e-01   4.2808e+01   3.5170e+00   0.0000e+00   5.7820e-06   2.5461e+02
20191007_17:00:00   0.0000e+00   0.0000e+00   0.0000e+00   0.0000e+00   0.0000e+00   0.0000e+00
20191007_18:00:00   0.0000e+00   2.7000e+00   0.0000e+00   0.0000e+00   0.0000e+00   0.0000e+00
20191007_19:00:00   1.5334e-01   4.2711e+01   3.4927e+00   0.0000e+00   6.6500e-07   2.5662e+02
20191007_20:00:00   1.5003e-01   4.1967e+01   3.4146e+00   0.0000e+00   0.0000e+00   2.5604e+02
20191007_21:00:00   0.0000e+00   0.0000e+00   0.0000e+00   0.0000e+00   0.0000e+00   0.0000e+00
20191007_22:00:00   1.4323e-01   4.0386e+01   3.2500e+00   0.0000e+00   7.9400e-06   2.5605e+02
20191007_23:00:00   0.0000e+00   0.0000e+00   0.0000e+00   0.0000e+00   0.0000e+00   0.0000e+00
20191008_01:00:00   0.0000e+00   2.7000e+00   0.0000e+00   0.0000e+00   0.0000e+00   0.0000e+00
20191008_02:00:00   1.3727e-01   3.9086e+01   3.0672e+00   4.4620e-04   3.1760e-06   2.5839e+02
20191008_03:00:00   0.0000e+00   2.7000e+00   0.0000e+00   0.0000e+00   0.0000e+00   0.0000e+00
20191008_04:00:00   0.0000e+00   2.7000e+00   0.0000e+00   0.0000e+00   0.0000e+00   0.0000e+00
20191008_05:00:00   0.0000e+00   2.7000e+00   0.0000e+00   0.0000e+00   0.0000e+00   0.0000e+00
20191008_06:00:00   0.0000e+00   0.0000e+00   0.0000e+00   0.0000e+00   0.0000e+00   0.0000e+00
20191008_07:00:00   0.0000e+00   0.0000e+00   0.0000e+00   0.0000e+00   0.0000e+00   0.0000e+00
20191008_08:00:00   1.2700e-01   3.6653e+01   2.8234e+00   0.0000e+00   0.0000e+00   2.6035e+02
20191008_09:00:00   0.0000e+00   0.0000e+00   0.0000e+00   0.0000e+00   0.0000e+00   0.0000e+00
20191008_10:00:00   1.2608e-01   3.6416e+01   2.8024e+00   0.0000e+00   0.0000e+00   2.5931e+02
20191008_11:00:00   0.0000e+00   0.0000e+00   0.0000e+00   0.0000e+00   0.0000e+00   0.0000e+00
20191008_12:00:00   0.0000e+00   2.7000e+00   0.0000e+00   0.0000e+00   0.0000e+00   0.0000e+00
20191008_13:00:00   1.2866e-01   3.6978e+01   2.8586e+00   0.0000e+00   0.0000e+00   2.6062e+02
20191008_15:00:00   1.2193e-01   3.5434e+01   2.6802e+00   0.0000e+00   0.0000e+00   2.6002e+02
20191008_16:00:00   0.0000e+00   0.0000e+00   0.0000e+00   0.0000e+00   0.0000e+00   0.0000e+00
20191008_17:00:00   1.0943e-01   3.2513e+01   2.3636e+00   0.0000e+00   0.0000e+00   2.5836e+02
20191008_20:00:00   1.0399e-01   3.1210e+01   2.2326e+00   0.0000e+00   0.0000e+00   2.5755e+02
20191008_21:00:00   1.0438e-01   3.1296e+01   2.2447e+00   0.0000e+00   0.0000e+00   2.5751e+02
20191008_22:00:00   0.0000e+00   2.7000e+00   0.0000e+00   0.0000e+00   0.0000e+00   0.0000e+00
20191008_23:00:00   0.0000e+00   0.0000e+00   0.0000e+00   0.0000e+00   0.0000e+00   0.0000e+00
20191009_00:00:00   1.1169e-01   3.3088e+01   2.3403e+00   1.3570e-03   0.0000e+00   2.5445e+02
20191009_01:00:00   1.2936e-01   3.7383e+01   2.3881e+00   7.5720e-03   1.1565e-06   2.5469e+02
20191009_02:00:00   1.4732e-01   4.1650e+01   2.5432e+00   1.1990e-02   0.0000e+00   2.5507e+02
20191009_03:00:00   1.3726e-01   3.9225e+01   2.6477e+00   6.2830e-03   0.0000e+00   2.5539e+02
20191009_04:00:00   1.2184e-01   3.5475e+01   2.6521e+00   2.6300e-04   0.0000e+00   2.5605e+02
20191009_05:00:00   0.0000e+00   2.7000e+00   0.0000e+00   0.0000e+00   0.0000e+00   0.0000e+00
20191009_06:00:00   1.1916e-01   3.4808e+01   2.6173e+00   0.0000e+00   1.6318e-06   2.5528e+02
20191009_09:00:00   2.3167e-01   6.0978e+01   4.9054e+00   0.0000e+00   7.6260e-06   2.5654e+02
20191009_12:00:00   1.1354e-01   3.3391e+01   2.4921e+00   0.0000e+00   2.3060e-05   2.5442e+02
20191009_15:00:00   0.0000e+00   0.0000e+00   0.0000e+00   0.0000e+00   0.0000e+00   0.0000e+00
20191009_18:00:00   0.0000e+00   0.0000e+00   0.0000e+00   0.0000e+00   0.0000e+00   0.0000e+00
20191009_21:00:00   0.0000e+00   0.0000e+00   0.0000e+00   0.0000e+00   0.0000e+00   0.0000e+00
20191010_00:00:00   0.0000e+00   2.7000e+00   0.0000e+00   0.0000e+00   0.0000e+00   0.0000e+00
20191010_03:00:00   0.0000e+00   0.0000e+00   0.0000e+00   0.0000e+00   0.0000e+00   0.0000e+00
20191010_06:00:00   1.1728e-01   3.4401e+01   2.5045e+00   0.0000e+00   3.7878e-06   2.5416e+02
20191010_09:00:00   1.0397e-01   3.1155e+01   2.2088e+00   0.0000e+00   4.6700e-05   2.5322e+02
20191010_12:00:00   3.6350e-01   8.9607e+01   6.9474e+00   0.0000e+00   8.1580e-06   2.5525e+02
20191010_15:00:00   7.6920e-02   2.4443e+01   1.6053e+00   0.0000e+00   5.6460e-05   2.5149e+02
20191010_18:00:00   0.0000e+00   0.0000e+00   0.0000e+00   0.0000e+00   0.0000e+00   0.0000e+00
20191010_21:00:00   4.6252e-01   1.0326e+02   1.0071e+01   0.0000e+00   5.5883e-05   2.5034e+02
20191011_00:00:00   5.1484e-01   1.1205e+02   1.0917e+01   3.0290e-03   9.3516e-04   2.5027e+02
20191011_06:00:00   0.0000e+00   0.0000e+00   0.0000e+00   0.0000e+00   0.0000e+00   0.0000e+00
20191011_09:00:00   0.0000e+00   0.0000e+00   0.0000e+00   0.0000e+00   0.0000e+00   0.0000e+00
20191011_12:00:00   0.0000e+00   0.0000e+00   0.0000e+00   0.0000e+00   0.0000e+00   0.0000e+00
20191011_15:00:00   5.7003e-01   1.1978e+02   1.2431e+01   0.0000e+00   2.3783e-04   2.4616e+02
20191011_18:00:00   5.6426e-01   1.1889e+02   1.2271e+01   0.0000e+00   1.7673e-03   2.4446e+02
20191011_21:00:00   5.4351e-01   1.1574e+02   1.1921e+01   0.0000e+00   1.2457e-02   2.4561e+02
20191012_00:00:00   5.4043e-01   1.1525e+02   1.1856e+01   0.0000e+00   3.5924e-02   2.4617e+02
20191012_03:00:00   0.0000e+00   2.7000e+00   0.0000e+00   0.0000e+00   0.0000e+00   0.0000e+00
20191012_06:00:00   0.0000e+00   0.0000e+00   0.0000e+00   0.0000e+00   0.0000e+00   0.0000e+00
20191012_09:00:00   2.5210e-01   6.3760e+01   5.8343e+00   0.0000e+00   2.3561e-03   2.4420e+02
20191012_12:00:00   0.0000e+00   2.7000e+00   0.0000e+00   0.0000e+00   0.0000e+00   0.0000e+00
20191012_18:00:00   1.2221e-01   3.5426e+01   2.7298e+00   0.0000e+00   6.4658e-04   2.4353e+02
20191013_00:00:00   1.0525e-01   3.1449e+01   2.3328e+00   0.0000e+00   1.4814e-06   2.4649e+02
20191013_03:00:00   1.0725e-01   3.1937e+01   2.3922e+00   0.0000e+00   4.3140e-07   2.4682e+02
20191013_06:00:00   0.0000e+00   0.0000e+00   0.0000e+00   0.0000e+00   0.0000e+00   0.0000e+00
20191013_09:00:00   1.1744e-01   3.4288e+01   2.6664e+00   0.0000e+00   0.0000e+00   2.4767e+02
20191013_12:00:00   1.2608e-01   3.6329e+01   2.8787e+00   0.0000e+00   0.0000e+00   2.4550e+02
20191013_15:00:00   1.3312e-01   3.7986e+01   3.0427e+00   0.0000e+00   0.0000e+00   2.4592e+02
20191013_18:00:00   1.3695e-01   3.8882e+01   3.1411e+00   0.0000e+00   7.5060e-07   2.4603e+02
20191013_21:00:00   1.2944e-01   3.7165e+01   2.9496e+00   0.0000e+00   0.0000e+00   2.4640e+02
20191014_03:00:00   0.0000e+00   2.7000e+00   0.0000e+00   0.0000e+00   0.0000e+00   0.0000e+00
20191014_06:00:00   1.0955e-01   3.2288e+01   2.4938e+00   0.0000e+00   0.0000e+00   2.4981e+02
20191014_09:00:00   1.0810e-01   3.1911e+01   2.4587e+00   0.0000e+00   5.8150e-07   2.4849e+02
20191014_12:00:00   1.0068e-01   3.0083e+01   2.2817e+00   0.0000e+00   0.0000e+00   2.4666e+02
20191014_15:00:00   0.0000e+00   2.7000e+00   0.0000e+00   0.0000e+00   0.0000e+00   0.0000e+00
20191014_18:00:00   1.4826e-01   4.0985e+01   3.0060e+00   0.0000e+00   0.0000e+00   2.6337e+02
20191014_21:00:00   9.0062e-02   2.7564e+01   2.0053e+00   0.0000e+00   5.8150e-07   2.4605e+02
20191015_00:00:00   9.7586e-02   2.9435e+01   2.1733e+00   0.0000e+00   0.0000e+00   2.4658e+02
20191015_03:00:00   1.0491e-01   3.1226e+01   2.3440e+00   0.0000e+00   1.0501e-06   2.4696e+02
20191015_06:00:00   1.0862e-01   3.2102e+01   2.4236e+00   0.0000e+00   2.1560e-06   2.4731e+02
20191015_12:00:00   0.0000e+00   0.0000e+00   0.0000e+00   0.0000e+00   0.0000e+00   0.0000e+00
20191015_15:00:00   1.1822e-01   3.4395e+01   2.6294e+00   0.0000e+00   0.0000e+00   2.4633e+02
20191015_18:00:00   0.0000e+00   0.0000e+00   0.0000e+00   0.0000e+00   0.0000e+00   0.0000e+00
20191015_21:00:00   0.0000e+00   0.0000e+00   0.0000e+00   0.0000e+00   0.0000e+00   0.0000e+00
20191016_00:00:00   2.3858e-01   6.1482e+01   5.2332e+00   0.0000e+00   0.0000e+00   2.4745e+02
20191016_03:00:00   2.6493e-01   6.7038e+01   5.7496e+00   0.0000e+00   0.0000e+00   2.4681e+02
20191016_06:00:00   0.0000e+00   0.0000e+00   0.0000e+00   0.0000e+00   0.0000e+00   0.0000e+00
20191016_09:00:00   0.0000e+00   2.7000e+00   0.0000e+00   0.0000e+00   0.0000e+00   0.0000e+00
20191016_12:00:00   1.9914e-01   5.2771e+01   4.4697e+00   0.0000e+00   0.0000e+00   2.4968e+02
20191016_15:00:00   1.8036e-01   4.8434e+01   4.1412e+00   0.0000e+00   0.0000e+00   2.4974e+02
20191016_18:00:00   7.7373e-02   2.4471e+01   1.6438e+00   0.0000e+00   0.0000e+00   2.4754e+02
20191016_21:00:00   1.1141e-01   3.2961e+01   2.3793e+00   0.0000e+00   0.0000e+00   2.5491e+02
20191017_00:00:00   9.4373e-02   2.8931e+01   1.9281e+00   0.0000e+00   0.0000e+00   2.5866e+02
20191017_03:00:00   1.0724e-01   3.2211e+01   2.1573e+00   1.5870e-04   5.2500e-06   2.5849e+02
20191017_06:00:00   0.0000e+00   0.0000e+00   0.0000e+00   0.0000e+00   0.0000e+00   0.0000e+00
20191017_12:00:00   6.9333e-02   2.2369e+01   1.4747e+00   0.0000e+00   1.5251e-06   2.5283e+02
20191017_15:00:00   8.7589e-02   2.6906e+01   1.9388e+00   0.0000e+00   0.0000e+00   2.5497e+02
20191017_18:00:00   1.0516e-01   3.1151e+01   2.3869e+00   0.0000e+00   0.0000e+00   2.5484e+02
20191017_21:00:00   1.0960e-01   3.2215e+01   2.4955e+00   0.0000e+00   0.0000e+00   2.5431e+02
20191018_00:00:00   0.0000e+00   2.7000e+00   0.0000e+00   0.0000e+00   0.0000e+00   0.0000e+00
20191018_03:00:00   1.2434e-01   3.5718e+01   2.8059e+00   8.3600e-04   1.2451e-06   2.5496e+02
20191018_06:00:00   1.2751e-01   3.6394e+01   2.9601e+00   0.0000e+00   1.8577e-06   2.5452e+02
20191018_09:00:00   1.3293e-01   3.7637e+01   3.1002e+00   0.0000e+00   1.6073e-05   2.5457e+02
20191018_12:00:00   1.3375e-01   3.7792e+01   3.1185e+00   0.0000e+00   7.6057e-04   2.5314e+02
20191018_15:00:00   0.0000e+00   0.0000e+00   0.0000e+00   0.0000e+00   0.0000e+00   0.0000e+00
20191018_18:00:00   0.0000e+00   0.0000e+00   0.0000e+00   0.0000e+00   0.0000e+00   0.0000e+00
20191018_21:00:00   1.3500e-01   3.8155e+01   3.1374e+00   0.0000e+00   7.6428e-05   2.5106e+02
20191019_00:00:00   1.5977e-01   4.3961e+01   3.5246e+00   2.6061e-03   9.7820e-06   2.5163e+02
20191019_03:00:00   1.1300e+00   1.8793e+02   5.4470e+00   3.5409e-01   6.5950e-06   2.5188e+02
20191019_06:00:00   1.8237e+00   2.3149e+02   7.2758e+00   6.0260e-01   1.5226e-04   2.5403e+02
20191019_09:00:00   4.9257e-01   1.0950e+02   5.4070e+00   9.8660e-02   0.0000e+00   2.5164e+02
20191019_12:00:00   1.8169e-01   4.8975e+01   4.0273e+00   1.6510e-03   0.0000e+00   2.5010e+02
20191019_15:00:00   1.7072e-01   4.6425e+01   3.8498e+00   5.7880e-04   0.0000e+00   2.5001e+02
20191019_18:00:00   1.6954e-01   4.6055e+01   3.8848e+00   0.0000e+00   0.0000e+00   2.4899e+02
20191019_21:00:00   1.7181e-01   4.6521e+01   3.9369e+00   0.0000e+00   0.0000e+00   2.5027e+02
20191020_00:00:00   3.5630e-01   8.5237e+01   4.7673e+00   5.6840e-02   0.0000e+00   2.4874e+02
20191020_03:00:00   2.1987e-01   5.7280e+01   4.6831e+00   4.0850e-03   0.0000e+00   2.4891e+02
20191020_06:00:00   1.0932e-01   3.3002e+01   2.1132e+00   0.0000e+00   0.0000e+00   2.4967e+02
