#            date       tau225        Tb[K]      pwv[mm] lwp[kg*m^-2] iwp[kg*m^-2]       o3[DU]
20191004_00:00:00   0.0000e+00   0.0000e+00   0.0000e+00   0.0000e+00   0.0000e+00   0.0000e+00
20191004_01:00:00   5.0148e-02   1.7447e+01   1.0009e+00   0.0000e+00   0.0000e+00   2.5425e+02
20191004_02:00:00   0.0000e+00   0.0000e+00   0.0000e+00   0.0000e+00   0.0000e+00   0.0000e+00
20191004_03:00:00   0.0000e+00   0.0000e+00   0.0000e+00   0.0000e+00   0.0000e+00   0.0000e+00
20191004_05:00:00   5.2031e-02   1.7965e+01   1.0447e+00   0.0000e+00   0.0000e+00   2.5198e+02
20191004_06:00:00   0.0000e+00   0.0000e+00   0.0000e+00   0.0000e+00   0.0000e+00   0.0000e+00
20191004_07:00:00   6.0850e-02   2.0403e+01   1.1931e+00   0.0000e+00   0.0000e+00   2.5546e+02
20191004_08:00:00   0.0000e+00   0.0000e+00   0.0000e+00   0.0000e+00   0.0000e+00   0.0000e+00
20191004_09:00:00   2.3901e-02   9.7620e+00   1.9047e-01   0.0000e+00   5.3255e-05   2.0926e+02
20191004_10:00:00   0.0000e+00   0.0000e+00   0.0000e+00   0.0000e+00   0.0000e+00   0.0000e+00
20191004_11:00:00   1.2261e-01   3.5685e+01   2.5969e+00   0.0000e+00   5.0316e-05   2.5043e+02
20191004_13:00:00   0.0000e+00   0.0000e+00   0.0000e+00   0.0000e+00   0.0000e+00   0.0000e+00
20191004_14:00:00   0.0000e+00   0.0000e+00   0.0000e+00   0.0000e+00   0.0000e+00   0.0000e+00
20191004_15:00:00   5.0242e-02   1.7396e+01   1.0267e+00   0.0000e+00   1.6442e-04   2.5320e+02
20191004_16:00:00   0.0000e+00   0.0000e+00   0.0000e+00   0.0000e+00   0.0000e+00   0.0000e+00
20191004_17:00:00   5.0646e-02   1.7465e+01   1.0487e+00   0.0000e+00   1.4195e-05   2.5367e+02
20191004_18:00:00   5.0684e-02   1.7458e+01   1.0528e+00   0.0000e+00   7.5953e-05   2.5250e+02
20191004_19:00:00   5.1809e-02   1.7732e+01   1.0830e+00   0.0000e+00   1.8580e-04   2.5166e+02
20191004_20:00:00   0.0000e+00   0.0000e+00   0.0000e+00   0.0000e+00   0.0000e+00   0.0000e+00
20191004_21:00:00   0.0000e+00   0.0000e+00   0.0000e+00   0.0000e+00   0.0000e+00   0.0000e+00
20191004_22:00:00   5.6425e-02   1.8846e+01   1.2207e+00   0.0000e+00   7.3740e-05   2.5052e+02
20191004_23:00:00   0.0000e+00   0.0000e+00   0.0000e+00   0.0000e+00   0.0000e+00   0.0000e+00
20191005_00:00:00   6.2638e-02   2.0352e+01   1.3968e+00   0.0000e+00   2.6646e-03   2.5077e+02
20191005_01:00:00   0.0000e+00   2.7000e+00   0.0000e+00   0.0000e+00   0.0000e+00   0.0000e+00
20191005_02:00:00   6.8787e-02   2.1805e+01   1.5718e+00   0.0000e+00   1.2376e-02   2.5021e+02
20191005_04:00:00   5.3750e-02   1.8210e+01   1.1369e+00   0.0000e+00   1.2486e-03   2.5074e+02
20191005_05:00:00   4.8518e-02   1.6940e+01   9.8196e-01   0.0000e+00   3.6040e-05   2.5147e+02
20191005_06:00:00   4.6720e-02   1.6510e+01   9.2656e-01   0.0000e+00   0.0000e+00   2.5102e+02
20191005_07:00:00   1.1973e-06   2.7010e+00   0.0000e+00   0.0000e+00   0.0000e+00   5.2534e+00
20191005_08:00:00   4.0820e-02   1.5090e+01   7.3997e-01   0.0000e+00   5.2500e-06   2.5263e+02
20191005_09:00:00   0.0000e+00   2.7000e+00   0.0000e+00   0.0000e+00   0.0000e+00   0.0000e+00
20191005_11:00:00   3.5770e-02   1.3849e+01   5.8253e-01   0.0000e+00   1.2942e-06   2.5557e+02
20191005_12:00:00   3.5981e-02   1.3898e+01   5.9114e-01   0.0000e+00   6.0640e-06   2.5505e+02
20191005_13:00:00   0.0000e+00   2.7000e+00   0.0000e+00   0.0000e+00   0.0000e+00   0.0000e+00
20191005_14:00:00   3.5172e-02   1.3689e+01   5.6851e-01   0.0000e+00   0.0000e+00   2.5431e+02
20191005_15:00:00   3.4295e-02   1.3453e+01   5.4655e-01   0.0000e+00   4.3710e-08   2.5433e+02
20191005_16:00:00   3.7657e-02   1.2985e+01   3.1158e-01   0.0000e+00   8.7881e-04   2.0748e+02
20191005_17:00:00   0.0000e+00   0.0000e+00   0.0000e+00   0.0000e+00   0.0000e+00   0.0000e+00
20191005_19:00:00   3.6036e-02   1.3853e+01   6.0952e-01   0.0000e+00   6.5320e-06   2.5614e+02
20191005_20:00:00   0.0000e+00   0.0000e+00   0.0000e+00   0.0000e+00   0.0000e+00   0.0000e+00
20191005_21:00:00   4.0658e-02   1.5004e+01   7.4641e-01   0.0000e+00   1.6282e-05   2.5745e+02
