#            date       tau225        Tb[K]      pwv[mm] lwp[kg*m^-2] iwp[kg*m^-2]       o3[DU]
20190902_00:00:00   2.9527e-01   7.2568e+01   6.6350e+00   0.0000e+00   9.6978e-03   2.5761e+02
20190902_01:00:00   3.0829e-01   7.5100e+01   6.9221e+00   0.0000e+00   7.9354e-03   2.5821e+02
20190902_02:00:00   3.0008e-01   7.3587e+01   6.7054e+00   0.0000e+00   4.8770e-03   2.5986e+02
20190902_03:00:00   3.0127e-01   7.3731e+01   6.7859e+00   0.0000e+00   6.1091e-03   2.6075e+02
20190902_04:00:00   2.9078e-01   7.1630e+01   6.5680e+00   0.0000e+00   5.9182e-03   2.6280e+02
20190902_05:00:00   2.8243e-01   6.9941e+01   6.4323e+00   0.0000e+00   6.2725e-03   2.6427e+02
20190902_06:00:00   2.6042e-01   6.5429e+01   5.9881e+00   0.0000e+00   9.1341e-03   2.6460e+02
20190902_07:00:00   2.5456e-01   6.4171e+01   5.8914e+00   0.0000e+00   6.4535e-03   2.6577e+02
20190902_08:00:00   2.6560e-01   6.6432e+01   6.1231e+00   0.0000e+00   7.9252e-03   2.6648e+02
20190902_09:00:00   2.8533e-01   7.0399e+01   6.5405e+00   0.0000e+00   5.2182e-03   2.6597e+02
20190902_10:00:00   2.9996e-01   7.3216e+01   6.8774e+00   0.0000e+00   3.4322e-03   2.6642e+02
20190902_11:00:00   3.0759e-01   7.4685e+01   7.0385e+00   0.0000e+00   3.9855e-03   2.6587e+02
20190902_12:00:00   3.0149e-01   7.3375e+01   6.9537e+00   0.0000e+00   5.7753e-03   2.6587e+02
20190902_13:00:00   2.8912e-01   7.0817e+01   6.7166e+00   0.0000e+00   5.0034e-03   2.6555e+02
20190902_14:00:00   2.7424e-01   6.7820e+01   6.3903e+00   0.0000e+00   2.7941e-03   2.6521e+02
20190902_15:00:00   2.6542e-01   6.6025e+01   6.2044e+00   0.0000e+00   2.5911e-03   2.6293e+02
20190902_16:00:00   2.5285e-01   6.3414e+01   5.9454e+00   0.0000e+00   4.0225e-04   2.6152e+02
20190902_17:00:00   2.4121e-01   6.0945e+01   5.7288e+00   0.0000e+00   1.1069e-04   2.6053e+02
20190902_18:00:00   2.3885e-01   6.0431e+01   5.6960e+00   0.0000e+00   6.3901e-04   2.6007e+02
20190902_19:00:00   2.4150e-01   6.0916e+01   5.7735e+00   0.0000e+00   4.2999e-04   2.6005e+02
20190902_20:00:00   2.4154e-01   6.1008e+01   5.7360e+00   0.0000e+00   6.0324e-04   2.6011e+02
20190902_21:00:00   2.3480e-01   5.9585e+01   5.5810e+00   0.0000e+00   2.7300e-03   2.5952e+02
20190902_22:00:00   2.4676e-01   6.2096e+01   5.6395e+00   4.3090e-03   4.0441e-03   2.6108e+02
20190902_23:00:00   3.1590e-01   7.6382e+01   5.6706e+00   3.1550e-02   4.3086e-03   2.6203e+02
20190903_00:00:00   2.8448e-01   6.9986e+01   5.6376e+00   2.0060e-02   3.4055e-03   2.6267e+02
20190903_01:00:00   2.9511e-01   7.2116e+01   5.9676e+00   1.7930e-02   7.8902e-03   2.6257e+02
20190903_02:00:00   2.5390e-01   6.3543e+01   6.0472e+00   0.0000e+00   3.2531e-03   2.6350e+02
20190903_03:00:00   3.3771e-01   8.0566e+01   6.0307e+00   3.4040e-02   2.6066e-03   2.6463e+02
20190903_04:00:00   2.2470e-01   5.7351e+01   5.4204e+00   0.0000e+00   2.2389e-04   2.6553e+02
20190903_05:00:00   2.0679e-01   5.3491e+01   5.0405e+00   0.0000e+00   2.7198e-04   2.6530e+02
20190903_06:00:00   1.9999e-01   5.2090e+01   4.8694e+00   0.0000e+00   4.8673e-04   2.6339e+02
20190903_07:00:00   1.9393e-01   5.0746e+01   4.7345e+00   0.0000e+00   2.2478e-03   2.6170e+02
20190903_08:00:00   1.9013e-01   4.9977e+01   4.6361e+00   0.0000e+00   2.1014e-03   2.6246e+02
20190903_09:00:00   1.8519e-01   4.9011e+01   4.4852e+00   0.0000e+00   0.0000e+00   2.6294e+02
20190903_10:00:00   1.7717e-01   4.7256e+01   4.2946e+00   0.0000e+00   0.0000e+00   2.6381e+02
20190903_11:00:00   1.7332e-01   4.6431e+01   4.1958e+00   0.0000e+00   5.0540e-07   2.6238e+02
20190903_12:00:00   1.6915e-01   4.5507e+01   4.0920e+00   0.0000e+00   1.9642e-05   2.6101e+02
20190903_13:00:00   1.6527e-01   4.4623e+01   4.0102e+00   0.0000e+00   2.1500e-05   2.5951e+02
20190903_14:00:00   1.6019e-01   4.3500e+01   3.8854e+00   0.0000e+00   0.0000e+00   2.5810e+02
20190903_15:00:00   1.5856e-01   4.3124e+01   3.8528e+00   0.0000e+00   1.4474e-04   2.5886e+02
20190903_16:00:00   1.5779e-01   4.2926e+01   3.8326e+00   0.0000e+00   0.0000e+00   2.5938e+02
20190903_17:00:00   1.5543e-01   4.2456e+01   3.7560e+00   0.0000e+00   0.0000e+00   2.5992e+02
20190903_18:00:00   1.5447e-01   4.2274e+01   3.7253e+00   0.0000e+00   0.0000e+00   2.5974e+02
20190903_19:00:00   1.5725e-01   4.2905e+01   3.7878e+00   0.0000e+00   0.0000e+00   2.5706e+02
20190903_20:00:00   1.6068e-01   4.3604e+01   3.8967e+00   0.0000e+00   1.1236e-03   2.5681e+02
20190903_21:00:00   1.6304e-01   4.4230e+01   3.9359e+00   0.0000e+00   5.4338e-04   2.5748e+02
20190903_22:00:00   1.6583e-01   4.4874e+01   3.9928e+00   0.0000e+00   6.9937e-04   2.5803e+02
20190903_23:00:00   1.7102e-01   4.6050e+01   4.1093e+00   0.0000e+00   2.2020e-06   2.5876e+02
20190904_00:00:00   1.7736e-01   4.7423e+01   4.2712e+00   0.0000e+00   1.0914e-03   2.5847e+02
20190904_01:00:00   2.3062e-01   5.9371e+01   4.3368e+00   2.0040e-02   1.0973e-03   2.5957e+02
20190904_02:00:00   2.9051e-01   7.2027e+01   4.3367e+00   4.4130e-02   1.7611e-03   2.6051e+02
20190904_03:00:00   2.3017e-01   5.9274e+01   4.3149e+00   2.0350e-02   4.3297e-04   2.5928e+02
20190904_04:00:00   2.2889e-01   5.8987e+01   4.3915e+00   1.8460e-02   7.0403e-04   2.5711e+02
20190904_05:00:00   1.8849e-01   4.9992e+01   4.3558e+00   2.8514e-03   9.6718e-05   2.5716e+02
20190904_06:00:00   1.7448e-01   4.6757e+01   4.2204e+00   0.0000e+00   1.2002e-04   2.5683e+02
20190904_07:00:00   1.7408e-01   4.6678e+01   4.2071e+00   0.0000e+00   7.1315e-04   2.5706e+02
20190904_08:00:00   1.6995e-01   4.5772e+01   4.1015e+00   0.0000e+00   6.8310e-05   2.5731e+02
20190904_09:00:00   1.6313e-01   4.4289e+01   3.9194e+00   0.0000e+00   0.0000e+00   2.5866e+02
20190904_10:00:00   1.6232e-01   4.4113e+01   3.8943e+00   0.0000e+00   0.0000e+00   2.5727e+02
20190904_11:00:00   1.6704e-01   4.5168e+01   4.0041e+00   0.0000e+00   0.0000e+00   2.5574e+02
20190904_12:00:00   1.7348e-01   4.6632e+01   4.1524e+00   0.0000e+00   0.0000e+00   2.5685e+02
20190904_13:00:00   1.7893e-01   4.7865e+01   4.2690e+00   0.0000e+00   0.0000e+00   2.5647e+02
20190904_14:00:00   1.8041e-01   4.8209e+01   4.2949e+00   0.0000e+00   0.0000e+00   2.5572e+02
20190904_15:00:00   1.8403e-01   4.9007e+01   4.3793e+00   0.0000e+00   0.0000e+00   2.5573e+02
20190904_16:00:00   1.9171e-01   5.0699e+01   4.5525e+00   0.0000e+00   0.0000e+00   2.5644e+02
20190904_17:00:00   2.0116e-01   5.2778e+01   4.7470e+00   0.0000e+00   0.0000e+00   2.5575e+02
20190904_18:00:00   2.1155e-01   5.5004e+01   4.9920e+00   0.0000e+00   0.0000e+00   2.5644e+02
20190904_19:00:00   2.1504e-01   5.5702e+01   5.0907e+00   0.0000e+00   4.5240e-04   2.5852e+02
20190904_20:00:00   2.2284e-01   5.7361e+01   5.2705e+00   0.0000e+00   4.7501e-04   2.5844e+02
20190904_21:00:00   2.2695e-01   5.8252e+01   5.3601e+00   0.0000e+00   0.0000e+00   2.5927e+02
20190904_22:00:00   2.3500e-01   5.9936e+01   5.5473e+00   0.0000e+00   4.0929e-04   2.5918e+02
20190904_23:00:00   2.4141e-01   6.1284e+01   5.6842e+00   0.0000e+00   9.4011e-04   2.5805e+02
20190905_00:00:00   2.4945e-01   6.3009e+01   5.7882e+00   1.0280e-03   2.0483e-03   2.5838e+02
20190905_01:00:00   2.5264e-01   6.3718e+01   5.8906e+00   0.0000e+00   2.4053e-03   2.5776e+02
20190905_02:00:00   2.5955e-01   6.5208e+01   5.9896e+00   4.2350e-04   5.5777e-03   2.5778e+02
20190905_03:00:00   2.6587e-01   6.6515e+01   6.1346e+00   0.0000e+00   6.9398e-03   2.5913e+02
20190905_04:00:00   2.7342e-01   6.8134e+01   6.2574e+00   0.0000e+00   1.9370e-03   2.5758e+02
20190905_05:00:00   2.7747e-01   6.8973e+01   6.3330e+00   0.0000e+00   3.9132e-03   2.5963e+02
20190905_06:00:00   2.8183e-01   6.9833e+01   6.4346e+00   0.0000e+00   6.8210e-03   2.5950e+02
20190905_07:00:00   2.7602e-01   6.8661e+01   6.3046e+00   0.0000e+00   8.3745e-03   2.5907e+02
20190905_08:00:00   2.7465e-01   6.8394e+01   6.2613e+00   0.0000e+00   7.9949e-03   2.5913e+02
20190905_09:00:00   2.7117e-01   6.7688e+01   6.1843e+00   0.0000e+00   6.6277e-03   2.6137e+02
20190905_10:00:00   2.6725e-01   6.6880e+01   6.0943e+00   0.0000e+00   1.0135e-02   2.6150e+02
20190905_11:00:00   2.5912e-01   6.5233e+01   5.9214e+00   0.0000e+00   1.3128e-02   2.6089e+02
20190905_12:00:00   2.5511e-01   6.4350e+01   5.8554e+00   0.0000e+00   1.5256e-02   2.6076e+02
20190905_13:00:00   2.4793e-01   6.2873e+01   5.7038e+00   0.0000e+00   3.2875e-03   2.6184e+02
20190905_14:00:00   2.4263e-01   6.1813e+01   5.5758e+00   0.0000e+00   4.0010e-04   2.6082e+02
20190905_15:00:00   2.3806e-01   6.0899e+01   5.4711e+00   0.0000e+00   3.7439e-04   2.5918e+02
20190905_16:00:00   2.3705e-01   6.0713e+01   5.4519e+00   0.0000e+00   5.4646e-04   2.6067e+02
20190905_17:00:00   2.3318e-01   5.9907e+01   5.3727e+00   0.0000e+00   7.8865e-04   2.6132e+02
20190905_18:00:00   2.2561e-01   5.8307e+01   5.2159e+00   0.0000e+00   2.0648e-03   2.6064e+02
20190905_19:00:00   2.1830e-01   5.6774e+01   5.0391e+00   0.0000e+00   1.3200e-03   2.6167e+02
20190905_20:00:00   2.1401e-01   5.5859e+01   4.9291e+00   0.0000e+00   6.6812e-03   2.6037e+02
20190905_21:00:00   2.0865e-01   5.4725e+01   4.7939e+00   0.0000e+00   8.9943e-03   2.5954e+02
20190905_22:00:00   2.0235e-01   5.3432e+01   4.6205e+00   0.0000e+00   1.3598e-03   2.5915e+02
20190905_23:00:00   2.0051e-01   5.3036e+01   4.5768e+00   0.0000e+00   1.9143e-03   2.5978e+02
20190906_00:00:00   1.9390e-01   5.1567e+01   4.4319e+00   0.0000e+00   2.4840e-03   2.5820e+02
20190906_01:00:00   1.9665e-01   5.2226e+01   4.3893e+00   1.2900e-03   5.1608e-03   2.5826e+02
20190906_02:00:00   2.0511e-01   5.4251e+01   4.1034e+00   9.4637e-03   3.2141e-03   2.5756e+02
20190906_03:00:00   1.8912e-01   5.0781e+01   3.6397e+00   1.1610e-02   2.3812e-03   2.5795e+02
20190906_04:00:00   1.4645e-01   4.0929e+01   3.3454e+00   0.0000e+00   2.4938e-03   2.5894e+02
20190906_05:00:00   1.4930e-01   4.1623e+01   3.3947e+00   1.2030e-05   4.4910e-03   2.5995e+02
20190906_06:00:00   1.6214e-01   4.4668e+01   3.6271e+00   8.8870e-05   2.1511e-03   2.6041e+02
20190906_07:00:00   1.7283e-01   4.7152e+01   3.8237e+00   0.0000e+00   4.2568e-03   2.6310e+02
20190906_08:00:00   1.6075e-01   4.4366e+01   3.5547e+00   0.0000e+00   1.2486e-02   2.6331e+02
20190906_09:00:00   1.3440e-01   3.8151e+01   3.0182e+00   0.0000e+00   1.3051e-02   2.6267e+02
20190906_10:00:00   1.2018e-01   3.4692e+01   2.7398e+00   0.0000e+00   1.6367e-02   2.6181e+02
20190906_11:00:00   1.1382e-01   3.3118e+01   2.6271e+00   0.0000e+00   5.7787e-03   2.6146e+02
20190906_12:00:00   1.1124e-01   3.2461e+01   2.5850e+00   0.0000e+00   3.0309e-03   2.6171e+02
20190906_13:00:00   1.1225e-01   3.2672e+01   2.6206e+00   0.0000e+00   5.0587e-03   2.5877e+02
20190906_14:00:00   1.1419e-01   3.3110e+01   2.6798e+00   0.0000e+00   6.7380e-03   2.5643e+02
20190906_15:00:00   1.1688e-01   3.3732e+01   2.7469e+00   0.0000e+00   1.3553e-02   2.5682e+02
20190906_16:00:00   1.1834e-01   3.4092e+01   2.7885e+00   0.0000e+00   6.0190e-03   2.5658e+02
20190906_17:00:00   1.1928e-01   3.4347e+01   2.8088e+00   0.0000e+00   2.6020e-03   2.5477e+02
20190906_18:00:00   1.1820e-01   3.4137e+01   2.7703e+00   0.0000e+00   1.0211e-04   2.5721e+02
20190906_19:00:00   1.1724e-01   3.3964e+01   2.7326e+00   0.0000e+00   3.3040e-05   2.5894e+02
20190906_20:00:00   1.1605e-01   3.3715e+01   2.6942e+00   0.0000e+00   7.6456e-05   2.5958e+02
20190906_21:00:00   1.1504e-01   3.3478e+01   2.6666e+00   0.0000e+00   3.1868e-05   2.5904e+02
20190906_22:00:00   1.1461e-01   3.3400e+01   2.6493e+00   0.0000e+00   7.9620e-06   2.5799e+02
20190906_23:00:00   1.1499e-01   3.3518e+01   2.6521e+00   0.0000e+00   1.0462e-05   2.6001e+02
20190907_00:00:00   1.1668e-01   3.3937e+01   2.6864e+00   0.0000e+00   1.1630e-05   2.6054e+02
20190907_03:00:00   1.2329e-01   3.5553e+01   2.8321e+00   0.0000e+00   3.6500e-06   2.5964e+02
20190907_06:00:00   1.2048e-01   3.4831e+01   2.7718e+00   0.0000e+00   6.2880e-04   2.5991e+02
20190907_09:00:00   1.2286e-01   3.5374e+01   2.8347e+00   0.0000e+00   1.3888e-05   2.5964e+02
20190907_12:00:00   1.2233e-01   3.5263e+01   2.8106e+00   0.0000e+00   0.0000e+00   2.5867e+02
20190907_15:00:00   1.1481e-01   3.3469e+01   2.6322e+00   0.0000e+00   7.3920e-05   2.5823e+02
20190907_18:00:00   1.0451e-01   3.0988e+01   2.3965e+00   0.0000e+00   5.7300e-04   2.5891e+02
20190907_21:00:00   1.0591e-01   3.1328e+01   2.4282e+00   0.0000e+00   3.3646e-03   2.6043e+02
20190908_00:00:00   1.0738e-01   3.1699e+01   2.4385e+00   2.5700e-04   2.4152e-03   2.5578e+02
20190908_03:00:00   1.0823e-01   3.1908e+01   2.4692e+00   0.0000e+00   4.2500e-06   2.5021e+02
20190908_06:00:00   1.1334e-01   3.3177e+01   2.5662e+00   0.0000e+00   0.0000e+00   2.4975e+02
20190908_09:00:00   1.0784e-01   3.1872e+01   2.4286e+00   0.0000e+00   4.5779e-05   2.5395e+02
20190908_12:00:00   9.4664e-02   2.8637e+01   2.1233e+00   0.0000e+00   1.9450e-03   2.5600e+02
20190908_15:00:00   9.3094e-02   2.8265e+01   2.0792e+00   0.0000e+00   1.3359e-03   2.5391e+02
20190908_18:00:00   9.9091e-02   2.9701e+01   2.2180e+00   0.0000e+00   2.2088e-03   2.5668e+02
20190908_21:00:00   8.2625e-02   2.5547e+01   1.8547e+00   0.0000e+00   3.4899e-03   2.5551e+02
20190909_00:00:00   7.2828e-02   2.3102e+01   1.6237e+00   0.0000e+00   1.1856e-03   2.5607e+02
20190909_03:00:00   6.8521e-02   2.2085e+01   1.5002e+00   0.0000e+00   0.0000e+00   2.5479e+02
20190909_06:00:00   7.4040e-02   2.3500e+01   1.6247e+00   7.5610e-05   0.0000e+00   2.5575e+02
20190909_09:00:00   1.7414e-01   4.7450e+01   3.8150e+00   0.0000e+00   0.0000e+00   2.5801e+02
20190909_12:00:00   1.3380e-01   3.8113e+01   2.9557e+00   0.0000e+00   1.0602e-04   2.5638e+02
20190909_15:00:00   9.6333e-02   2.9020e+01   2.1348e+00   0.0000e+00   1.9248e-03   2.5496e+02
20190909_18:00:00   1.3012e-01   3.7153e+01   2.9227e+00   0.0000e+00   4.4557e-03   2.5391e+02
20190909_21:00:00   1.8568e-01   4.9863e+01   4.1803e+00   0.0000e+00   3.7042e-03   2.5625e+02
20190910_00:00:00   2.5158e-01   6.4274e+01   5.4556e+00   1.1450e-03   1.3832e-03   2.5356e+02
20190910_03:00:00   2.6788e-01   6.7729e+01   5.8326e+00   0.0000e+00   1.5934e-03   2.5456e+02
20190910_06:00:00   2.5041e-01   6.4069e+01   5.4658e+00   0.0000e+00   7.1000e-05   2.5670e+02
20190910_09:00:00   2.0484e-01   5.4392e+01   4.4446e+00   0.0000e+00   1.8074e-04   2.5788e+02
20190910_12:00:00   1.8376e-01   4.9701e+01   3.9831e+00   0.0000e+00   1.0942e-04   2.5703e+02
20190910_15:00:00   1.5692e-01   4.3574e+01   3.4160e+00   0.0000e+00   2.2460e-05   2.5876e+02
20190910_18:00:00   1.3302e-01   3.7973e+01   2.9187e+00   0.0000e+00   1.0198e-05   2.5853e+02
20190910_21:00:00   1.2549e-01   3.6172e+01   2.7602e+00   0.0000e+00   0.0000e+00   2.5787e+02
20190911_00:00:00   1.5171e-01   4.2551e+01   2.5560e+00   1.3580e-02   5.2380e-06   2.5585e+02
20190911_03:00:00   1.0472e-01   3.1260e+01   2.2504e+00   1.7590e-04   0.0000e+00   2.5720e+02
20190911_06:00:00   1.1220e-01   3.3137e+01   1.8837e+00   9.7180e-03   0.0000e+00   2.5906e+02
20190911_09:00:00   7.1518e-02   2.2984e+01   1.4906e+00   2.9580e-05   0.0000e+00   2.6005e+02
20190911_12:00:00   7.6347e-02   2.4326e+01   1.5542e+00   0.0000e+00   0.0000e+00   2.5973e+02
20190911_15:00:00   6.7885e-02   2.2183e+01   1.3625e+00   0.0000e+00   0.0000e+00   2.5977e+02
20190911_18:00:00   6.7542e-02   2.2120e+01   1.3451e+00   0.0000e+00   5.2380e-06   2.5975e+02
20190911_21:00:00   8.8534e-02   2.7489e+01   1.7870e+00   0.0000e+00   0.0000e+00   2.6052e+02
20190912_00:00:00   2.9262e-01   7.3424e+01   2.4983e+00   6.8190e-02   0.0000e+00   2.5891e+02
20190912_03:00:00   1.5058e-01   4.2463e+01   3.0669e+00   2.5780e-04   0.0000e+00   2.5970e+02
20190912_06:00:00   1.1864e-01   3.4841e+01   2.4303e+00   0.0000e+00   0.0000e+00   2.6186e+02
20190912_09:00:00   6.6133e-02   2.1783e+01   1.3009e+00   0.0000e+00   0.0000e+00   2.6518e+02
20190912_12:00:00   5.1748e-02   1.8030e+01   9.7444e-01   0.0000e+00   0.0000e+00   2.6423e+02
20190912_15:00:00   6.0729e-02   2.0363e+01   1.1822e+00   0.0000e+00   0.0000e+00   2.6381e+02
20190912_18:00:00   5.9123e-02   1.9884e+01   1.1621e+00   0.0000e+00   0.0000e+00   2.6453e+02
20190912_21:00:00   5.4153e-02   1.8520e+01   1.0669e+00   0.0000e+00   1.7303e-04   2.6537e+02
20190913_00:00:00   5.9411e-02   1.9877e+01   1.1937e+00   0.0000e+00   6.5480e-06   2.6350e+02
20190913_03:00:00   6.1279e-02   2.0346e+01   1.2384e+00   0.0000e+00   2.2020e-06   2.6397e+02
20190913_06:00:00   6.3265e-02   2.0856e+01   1.2835e+00   0.0000e+00   0.0000e+00   2.6419e+02
20190913_09:00:00   6.3901e-02   2.0978e+01   1.3095e+00   0.0000e+00   0.0000e+00   2.6622e+02
20190913_12:00:00   7.0068e-02   2.2557e+01   1.4392e+00   1.6510e-05   0.0000e+00   2.6702e+02
20190913_15:00:00   7.1086e-02   2.2789e+01   1.4698e+00   0.0000e+00   7.6520e-06   2.6613e+02
20190913_18:00:00   7.0941e-02   2.2708e+01   1.4751e+00   0.0000e+00   3.4740e-04   2.6622e+02
20190913_21:00:00   6.3779e-02   2.0847e+01   1.3190e+00   0.0000e+00   7.0802e-04   2.6453e+02
20190914_00:00:00   6.6987e-02   2.1603e+01   1.4037e+00   0.0000e+00   1.3090e-02   2.6529e+02
20190914_03:00:00   1.0015e-01   2.9567e+01   2.1895e+00   8.8510e-04   5.6236e-02   2.6381e+02
20190914_06:00:00   1.1588e-01   3.3193e+01   2.6187e+00   0.0000e+00   9.0277e-02   2.6529e+02
20190914_09:00:00   9.8346e-02   2.8984e+01   2.2141e+00   0.0000e+00   8.7700e-02   2.6716e+02
20190914_12:00:00   9.9141e-02   2.9092e+01   2.2834e+00   0.0000e+00   3.1120e-02   2.6671e+02
20190914_15:00:00   1.0029e-01   2.9429e+01   2.3078e+00   0.0000e+00   2.9988e-03   2.6530e+02
20190914_18:00:00   1.0707e-01   3.1089e+01   2.4614e+00   0.0000e+00   2.9908e-04   2.6856e+02
20190914_21:00:00   1.2254e-01   3.4849e+01   2.8068e+00   0.0000e+00   1.0414e-03   2.6700e+02
20190915_00:00:00   1.7465e-01   4.7012e+01   3.6807e+00   4.6770e-03   2.3823e-03   2.6661e+02
20190915_03:00:00   1.7813e-01   4.7719e+01   4.0287e+00   0.0000e+00   2.0578e-03   2.6516e+02
20190915_06:00:00   1.8590e-01   4.9483e+01   4.1798e+00   0.0000e+00   9.4832e-03   2.6578e+02
20190915_09:00:00   1.8414e-01   4.9287e+01   4.0718e+00   0.0000e+00   0.0000e+00   2.6922e+02
20190915_12:00:00   1.8415e-01   4.9323e+01   4.0555e+00   0.0000e+00   5.0540e-07   2.6921e+02
20190915_15:00:00   1.5186e-01   4.2078e+01   3.3302e+00   0.0000e+00   6.0667e-04   2.6687e+02
20190915_18:00:00   1.1711e-01   3.4009e+01   2.5456e+00   0.0000e+00   2.5904e-04   2.6255e+02
20190915_21:00:00   1.0020e-01   2.9931e+01   2.1733e+00   0.0000e+00   1.4988e-04   2.6370e+02
20190916_00:00:00   9.9184e-02   2.9634e+01   2.1712e+00   3.2380e-04   2.6803e-04   2.6222e+02
20190916_03:00:00   1.0753e-01   3.1677e+01   2.3938e+00   0.0000e+00   1.1016e-04   2.6166e+02
20190916_06:00:00   1.2617e-01   3.6137e+01   2.8041e+00   0.0000e+00   4.1648e-03   2.5783e+02
20190916_09:00:00   1.4556e-01   4.0686e+01   3.2368e+00   0.0000e+00   7.1380e-05   2.5891e+02
20190916_12:00:00   1.6131e-01   4.4191e+01   3.6375e+00   0.0000e+00   1.7396e-05   2.5826e+02
20190916_15:00:00   1.9279e-01   5.1013e+01   4.4020e+00   0.0000e+00   4.1368e-03   2.5730e+02
20190916_18:00:00   2.1065e-01   5.4850e+01   4.7909e+00   0.0000e+00   1.2656e-02   2.5593e+02
20190916_21:00:00   2.1438e-01   5.5660e+01   4.8612e+00   0.0000e+00   1.4038e-02   2.5702e+02
20190917_00:00:00   2.6382e-01   6.5963e+01   5.9396e+00   0.0000e+00   1.3020e-03   2.5474e+02
20190917_03:00:00   5.4938e-01   1.1777e+02   6.6325e+00   1.0274e-01   5.6519e-04   2.5367e+02
20190917_06:00:00   2.7681e-01   6.8602e+01   6.2935e+00   4.3158e-05   1.4823e-03   2.5543e+02
20190917_09:00:00   2.7662e-01   6.8604e+01   6.2399e+00   0.0000e+00   7.1132e-04   2.5639e+02
20190917_12:00:00   2.7914e-01   6.8951e+01   6.3721e+00   0.0000e+00   1.9062e-03   2.5503e+02
20190917_15:00:00   2.8832e-01   7.0825e+01   6.5459e+00   0.0000e+00   5.4928e-03   2.5405e+02
20190917_18:00:00   3.0973e-01   7.4954e+01   7.0180e+00   0.0000e+00   3.4077e-02   2.5303e+02
20190917_21:00:00   2.8739e-01   7.0280e+01   6.6562e+00   0.0000e+00   5.9273e-02   2.5508e+02
20190918_00:00:00   3.0999e-01   7.4959e+01   7.0506e+00   0.0000e+00   3.2765e-02   2.5391e+02
