#            date       tau225        Tb[K]      pwv[mm] lwp[kg*m^-2] iwp[kg*m^-2]       o3[DU]
20191022_00:00:00   7.9878e-02   2.5013e+01   1.6407e+00   1.6080e-03   0.0000e+00   2.5076e+02
20191022_01:00:00   7.7936e-02   2.4512e+01   1.6919e+00   0.0000e+00   0.0000e+00   2.4993e+02
20191022_02:00:00   9.1563e-02   2.7938e+01   1.9790e+00   5.0850e-04   0.0000e+00   2.4947e+02
20191022_03:00:00   9.4785e-02   2.8728e+01   2.0862e+00   0.0000e+00   0.0000e+00   2.4930e+02
20191022_04:00:00   9.6564e-02   2.9160e+01   2.1370e+00   0.0000e+00   0.0000e+00   2.4960e+02
20191022_05:00:00   9.7325e-02   2.9350e+01   2.1550e+00   0.0000e+00   0.0000e+00   2.4909e+02
20191022_06:00:00   9.4807e-02   2.8708e+01   2.1019e+00   0.0000e+00   0.0000e+00   2.4954e+02
20191022_07:00:00   8.9955e-02   2.7493e+01   1.9932e+00   0.0000e+00   0.0000e+00   2.5135e+02
20191022_08:00:00   8.7810e-02   2.6937e+01   1.9473e+00   0.0000e+00   0.0000e+00   2.5068e+02
20191022_09:00:00   8.6559e-02   2.6601e+01   1.9231e+00   0.0000e+00   0.0000e+00   2.4980e+02
20191022_10:00:00   8.8032e-02   2.6958e+01   1.9579e+00   0.0000e+00   0.0000e+00   2.4905e+02
20191022_11:00:00   9.0633e-02   2.7580e+01   2.0234e+00   0.0000e+00   0.0000e+00   2.4990e+02
20191022_12:00:00   9.4096e-02   2.8427e+01   2.1078e+00   0.0000e+00   0.0000e+00   2.4841e+02
20191022_13:00:00   9.5940e-02   2.8861e+01   2.1561e+00   0.0000e+00   0.0000e+00   2.4814e+02
20191022_14:00:00   9.6167e-02   2.8904e+01   2.1645e+00   0.0000e+00   0.0000e+00   2.4964e+02
20191022_15:00:00   9.6634e-02   2.9005e+01   2.1767e+00   0.0000e+00   0.0000e+00   2.4937e+02
20191022_16:00:00   9.7630e-02   2.9248e+01   2.2019e+00   0.0000e+00   0.0000e+00   2.4877e+02
20191022_17:00:00   1.0031e-01   2.9902e+01   2.2691e+00   0.0000e+00   0.0000e+00   2.4905e+02
20191022_18:00:00   1.0207e-01   3.0348e+01   2.3036e+00   0.0000e+00   0.0000e+00   2.5036e+02
20191022_19:00:00   1.0416e-01   3.0857e+01   2.3520e+00   0.0000e+00   0.0000e+00   2.5205e+02
20191022_20:00:00   1.0570e-01   3.1229e+01   2.3908e+00   0.0000e+00   0.0000e+00   2.5239e+02
20191022_21:00:00   1.0508e-01   3.1084e+01   2.3799e+00   0.0000e+00   0.0000e+00   2.5230e+02
20191022_22:00:00   1.0240e-01   3.0450e+01   2.3126e+00   0.0000e+00   0.0000e+00   2.5279e+02
20191022_23:00:00   1.0057e-01   3.0006e+01   2.2655e+00   0.0000e+00   2.7520e-06   2.5248e+02
20191023_00:00:00   1.0001e-01   2.9869e+01   2.2547e+00   0.0000e+00   1.0648e-05   2.5353e+02
20191023_01:00:00   1.0023e-01   2.9924e+01   2.2635e+00   0.0000e+00   1.4874e-06   2.5209e+02
20191023_02:00:00   1.0126e-01   3.0171e+01   2.2890e+00   0.0000e+00   0.0000e+00   2.4948e+02
20191023_03:00:00   1.0342e-01   3.0692e+01   2.3448e+00   0.0000e+00   0.0000e+00   2.4937e+02
20191023_04:00:00   1.0257e-01   3.0475e+01   2.3266e+00   0.0000e+00   0.0000e+00   2.5011e+02
20191023_05:00:00   1.0109e-01   3.0113e+01   2.2858e+00   0.0000e+00   0.0000e+00   2.4995e+02
20191023_06:00:00   1.0089e-01   3.0084e+01   2.2764e+00   0.0000e+00   0.0000e+00   2.5066e+02
20191023_07:00:00   1.0085e-01   3.0076e+01   2.2748e+00   0.0000e+00   0.0000e+00   2.5184e+02
20191023_08:00:00   1.0167e-01   3.0243e+01   2.3015e+00   0.0000e+00   0.0000e+00   2.5151e+02
20191023_09:00:00   1.0154e-01   3.0187e+01   2.3037e+00   0.0000e+00   0.0000e+00   2.5227e+02
20191023_10:00:00   1.0210e-01   3.0288e+01   2.3260e+00   0.0000e+00   0.0000e+00   2.5278e+02
20191023_11:00:00   1.0166e-01   3.0177e+01   2.3168e+00   0.0000e+00   0.0000e+00   2.5139e+02
20191023_12:00:00   1.0245e-01   3.0354e+01   2.3405e+00   0.0000e+00   0.0000e+00   2.5109e+02
20191023_13:00:00   1.0201e-01   3.0238e+01   2.3334e+00   0.0000e+00   0.0000e+00   2.5030e+02
20191023_14:00:00   1.0161e-01   3.0151e+01   2.3226e+00   0.0000e+00   1.0980e-05   2.4852e+02
20191023_15:00:00   1.0282e-01   3.0429e+01   2.3534e+00   0.0000e+00   2.7655e-04   2.4916e+02
20191023_16:00:00   1.0450e-01   3.0821e+01   2.3998e+00   0.0000e+00   2.3445e-04   2.5028e+02
20191023_17:00:00   1.0666e-01   3.1319e+01   2.4556e+00   0.0000e+00   7.6180e-05   2.5012e+02
20191023_18:00:00   1.0945e-01   3.1995e+01   2.5258e+00   0.0000e+00   6.3180e-07   2.4978e+02
20191023_19:00:00   1.1306e-01   3.2864e+01   2.6157e+00   0.0000e+00   6.5480e-06   2.5086e+02
20191023_20:00:00   1.1766e-01   3.3958e+01   2.7305e+00   0.0000e+00   0.0000e+00   2.5166e+02
20191023_21:00:00   1.2262e-01   3.5117e+01   2.8550e+00   0.0000e+00   0.0000e+00   2.5083e+02
20191023_22:00:00   1.2758e-01   3.6267e+01   2.9785e+00   0.0000e+00   0.0000e+00   2.4833e+02
20191023_23:00:00   1.3180e-01   3.7255e+01   3.0798e+00   0.0000e+00   0.0000e+00   2.4635e+02
20191024_00:00:00   1.3494e-01   3.7989e+01   3.1537e+00   0.0000e+00   0.0000e+00   2.4599e+02
20191024_01:00:00   1.3975e-01   3.9124e+01   3.2632e+00   0.0000e+00   0.0000e+00   2.4615e+02
20191024_02:00:00   1.4707e-01   4.0837e+01   3.4292e+00   8.0620e-05   0.0000e+00   2.4601e+02
20191024_03:00:00   1.5404e-01   4.2429e+01   3.5958e+00   0.0000e+00   0.0000e+00   2.4655e+02
20191024_04:00:00   1.5896e-01   4.3558e+01   3.7082e+00   0.0000e+00   0.0000e+00   2.4662e+02
20191024_05:00:00   1.6117e-01   4.4078e+01   3.7511e+00   0.0000e+00   0.0000e+00   2.4617e+02
20191024_06:00:00   1.6117e-01   4.4091e+01   3.7416e+00   0.0000e+00   0.0000e+00   2.4631e+02
20191024_07:00:00   1.6008e-01   4.3845e+01   3.7119e+00   0.0000e+00   0.0000e+00   2.4664e+02
20191024_08:00:00   1.5756e-01   4.3279e+01   3.6482e+00   0.0000e+00   0.0000e+00   2.4684e+02
20191024_09:00:00   1.5423e-01   4.2536e+01   3.5618e+00   0.0000e+00   0.0000e+00   2.4637e+02
20191024_10:00:00   1.5245e-01   4.2136e+01   3.5166e+00   0.0000e+00   0.0000e+00   2.4575e+02
20191024_11:00:00   1.5131e-01   4.1883e+01   3.4851e+00   0.0000e+00   0.0000e+00   2.4549e+02
20191024_12:00:00   1.5267e-01   4.2182e+01   3.5174e+00   0.0000e+00   0.0000e+00   2.4459e+02
20191024_13:00:00   1.5504e-01   4.2702e+01   3.5798e+00   0.0000e+00   0.0000e+00   2.4420e+02
20191024_14:00:00   1.5692e-01   4.3101e+01   3.6310e+00   0.0000e+00   0.0000e+00   2.4544e+02
20191024_15:00:00   1.5789e-01   4.3314e+01   3.6586e+00   0.0000e+00   0.0000e+00   2.4664e+02
20191024_16:00:00   1.5617e-01   4.2937e+01   3.6135e+00   0.0000e+00   0.0000e+00   2.4716e+02
20191024_17:00:00   1.5527e-01   4.2744e+01   3.5874e+00   0.0000e+00   0.0000e+00   2.4722e+02
20191024_18:00:00   1.5551e-01   4.2787e+01   3.5968e+00   0.0000e+00   0.0000e+00   2.4833e+02
20191024_19:00:00   1.5588e-01   4.2869e+01   3.6112e+00   0.0000e+00   0.0000e+00   2.4889e+02
20191024_20:00:00   1.5696e-01   4.3104e+01   3.6384e+00   0.0000e+00   0.0000e+00   2.4900e+02
20191024_21:00:00   1.5956e-01   4.3657e+01   3.7133e+00   0.0000e+00   0.0000e+00   2.4831e+02
20191024_22:00:00   1.6209e-01   4.4198e+01   3.7830e+00   0.0000e+00   0.0000e+00   2.4804e+02
20191024_23:00:00   1.6162e-01   4.4105e+01   3.7690e+00   0.0000e+00   9.9320e-06   2.4801e+02
20191025_00:00:00   1.6276e-01   4.4370e+01   3.7907e+00   0.0000e+00   8.1580e-06   2.4773e+02
20191025_01:00:00   1.6380e-01   4.4611e+01   3.8076e+00   0.0000e+00   0.0000e+00   2.4723e+02
20191025_02:00:00   1.6550e-01   4.5024e+01   3.8393e+00   0.0000e+00   0.0000e+00   2.4701e+02
20191025_03:00:00   1.6731e-01   4.5427e+01   3.8832e+00   0.0000e+00   0.0000e+00   2.4691e+02
20191025_04:00:00   1.6508e-01   4.4950e+01   3.8198e+00   0.0000e+00   0.0000e+00   2.4746e+02
20191025_05:00:00   1.6216e-01   4.4330e+01   3.7320e+00   0.0000e+00   0.0000e+00   2.4846e+02
20191025_06:00:00   1.6050e-01   4.3956e+01   3.6844e+00   0.0000e+00   9.2080e-05   2.5014e+02
20191025_07:00:00   1.6012e-01   4.3853e+01   3.6810e+00   0.0000e+00   1.6798e-03   2.5023e+02
20191025_08:00:00   1.5947e-01   4.3695e+01   3.6745e+00   0.0000e+00   8.2150e-04   2.5083e+02
20191025_09:00:00   1.5944e-01   4.3702e+01   3.6624e+00   0.0000e+00   1.8679e-03   2.5099e+02
20191025_10:00:00   1.5936e-01   4.3659e+01   3.6686e+00   0.0000e+00   3.9534e-03   2.5021e+02
20191025_11:00:00   1.5834e-01   4.3445e+01   3.6433e+00   0.0000e+00   4.2251e-03   2.4989e+02
20191025_12:00:00   1.5996e-01   4.3783e+01   3.6909e+00   0.0000e+00   3.9107e-03   2.4975e+02
20191025_13:00:00   1.5931e-01   4.3639e+01   3.6792e+00   0.0000e+00   4.5210e-03   2.5014e+02
20191025_14:00:00   1.6056e-01   4.3911e+01   3.7077e+00   0.0000e+00   9.1436e-03   2.5041e+02
20191025_15:00:00   1.6382e-01   4.4621e+01   3.7809e+00   0.0000e+00   9.8861e-03   2.5080e+02
20191025_16:00:00   1.6337e-01   4.4542e+01   3.7721e+00   0.0000e+00   7.4392e-03   2.5052e+02
20191025_17:00:00   1.6211e-01   4.4250e+01   3.7472e+00   0.0000e+00   4.8048e-03   2.5039e+02
20191025_18:00:00   1.6365e-01   4.4590e+01   3.7789e+00   0.0000e+00   3.6591e-03   2.5041e+02
20191025_19:00:00   1.6207e-01   4.4223e+01   3.7415e+00   0.0000e+00   5.8755e-03   2.5097e+02
20191025_20:00:00   1.6175e-01   4.4146e+01   3.7360e+00   0.0000e+00   8.4293e-03   2.5186e+02
20191025_21:00:00   1.5966e-01   4.3682e+01   3.6908e+00   0.0000e+00   7.0319e-03   2.5149e+02
20191025_22:00:00   1.5876e-01   4.3476e+01   3.6706e+00   0.0000e+00   5.9160e-03   2.5100e+02
20191025_23:00:00   1.5742e-01   4.3126e+01   3.6516e+00   0.0000e+00   5.5597e-03   2.5065e+02
20191026_00:00:00   1.5601e-01   4.2767e+01   3.6346e+00   0.0000e+00   2.2722e-03   2.4984e+02
20191026_01:00:00   1.5428e-01   4.2337e+01   3.6054e+00   0.0000e+00   6.0500e-03   2.4829e+02
20191026_02:00:00   1.5597e-01   4.2700e+01   3.6532e+00   0.0000e+00   9.0171e-03   2.4737e+02
20191026_03:00:00   1.5821e-01   4.3207e+01   3.7083e+00   0.0000e+00   4.7867e-03   2.4763e+02
20191026_04:00:00   1.6041e-01   4.3673e+01   3.7630e+00   0.0000e+00   1.4105e-02   2.4799e+02
20191026_05:00:00   1.6142e-01   4.3895e+01   3.7898e+00   0.0000e+00   1.6566e-02   2.4839e+02
20191026_06:00:00   1.6786e-01   4.5246e+01   3.9313e+00   0.0000e+00   8.2795e-02   2.4891e+02
20191026_07:00:00   1.7742e-01   4.7287e+01   4.1910e+00   0.0000e+00   6.5183e-02   2.4876e+02
20191026_08:00:00   1.8213e-01   4.8337e+01   4.3246e+00   0.0000e+00   1.9816e-02   2.4920e+02
20191026_09:00:00   1.8897e-01   4.9802e+01   4.4967e+00   0.0000e+00   2.1446e-02   2.4937e+02
20191026_10:00:00   1.9401e-01   5.0965e+01   4.6030e+00   0.0000e+00   2.0389e-03   2.4894e+02
20191026_11:00:00   2.0086e-01   5.2452e+01   4.7564e+00   0.0000e+00   2.0628e-03   2.4899e+02
20191026_12:00:00   2.0789e-01   5.3976e+01   4.9106e+00   0.0000e+00   5.5763e-03   2.4892e+02
20191026_13:00:00   2.2108e-01   5.6733e+01   5.2389e+00   0.0000e+00   9.5148e-03   2.4792e+02
20191026_14:00:00   2.3407e-01   5.9371e+01   5.5584e+00   0.0000e+00   1.3105e-02   2.4764e+02
20191026_15:00:00   2.4147e-01   6.0889e+01   5.7250e+00   0.0000e+00   1.7494e-02   2.4712e+02
20191026_16:00:00   2.3993e-01   6.0610e+01   5.6762e+00   0.0000e+00   1.1124e-02   2.4685e+02
20191026_17:00:00   2.3596e-01   5.9825e+01   5.5754e+00   0.0000e+00   8.5830e-03   2.4656e+02
20191026_18:00:00   2.2854e-01   5.8341e+01   5.3868e+00   0.0000e+00   6.5781e-03   2.4812e+02
20191026_19:00:00   2.2111e-01   5.6846e+01   5.1950e+00   0.0000e+00   5.5400e-03   2.4947e+02
20191026_20:00:00   2.1411e-01   5.5418e+01   5.0154e+00   0.0000e+00   3.8075e-03   2.5085e+02
20191026_21:00:00   2.1165e-01   5.4912e+01   4.9474e+00   0.0000e+00   3.6163e-03   2.5098e+02
20191026_22:00:00   2.0915e-01   5.4376e+01   4.8965e+00   0.0000e+00   8.7534e-03   2.5143e+02
20191026_23:00:00   2.0377e-01   5.3232e+01   4.7707e+00   0.0000e+00   1.1330e-02   2.5252e+02
20191027_00:00:00   1.9966e-01   5.2363e+01   4.6705e+00   0.0000e+00   1.3365e-02   2.5279e+02
20191027_03:00:00   1.9243e-01   5.0812e+01   4.4580e+00   0.0000e+00   6.7737e-02   2.5351e+02
20191027_06:00:00   1.7657e-01   4.7568e+01   4.0135e+00   0.0000e+00   2.1357e-02   2.5542e+02
20191027_09:00:00   1.7641e-01   4.7624e+01   3.9740e+00   0.0000e+00   7.6237e-04   2.5540e+02
20191027_12:00:00   1.6667e-01   4.5518e+01   3.7061e+00   0.0000e+00   4.3516e-03   2.5442e+02
20191027_15:00:00   1.4868e-01   4.1618e+01   3.2263e+00   0.0000e+00   0.0000e+00   2.5375e+02
20191027_18:00:00   1.2446e-01   3.6050e+01   2.6552e+00   0.0000e+00   0.0000e+00   2.5507e+02
20191027_21:00:00   9.4992e-02   2.8952e+01   1.9827e+00   0.0000e+00   0.0000e+00   2.5592e+02
20191028_00:00:00   8.5045e-02   2.6483e+01   1.7611e+00   0.0000e+00   2.7846e-05   2.5718e+02
20191028_03:00:00   8.5563e-02   2.6576e+01   1.7847e+00   0.0000e+00   5.7440e-06   2.5490e+02
20191028_06:00:00   8.8099e-02   2.7155e+01   1.8609e+00   0.0000e+00   0.0000e+00   2.5582e+02
20191028_09:00:00   8.3846e-02   2.6077e+01   1.7712e+00   0.0000e+00   0.0000e+00   2.5440e+02
20191028_12:00:00   8.4902e-02   2.6291e+01   1.8040e+00   0.0000e+00   0.0000e+00   2.5179e+02
20191028_15:00:00   8.4325e-02   2.6102e+01   1.7999e+00   0.0000e+00   0.0000e+00   2.5107e+02
20191028_18:00:00   7.9722e-02   2.4948e+01   1.6948e+00   0.0000e+00   0.0000e+00   2.5148e+02
20191028_21:00:00   7.5661e-02   2.3941e+01   1.5965e+00   0.0000e+00   8.1580e-06   2.5492e+02
20191029_00:00:00   8.0436e-02   2.5149e+01   1.6984e+00   7.4000e-05   4.0540e-05   2.5405e+02
20191029_03:00:00   8.2748e-02   2.5746e+01   1.7440e+00   0.0000e+00   5.2380e-06   2.5389e+02
20191029_06:00:00   7.9330e-02   2.4934e+01   1.6549e+00   0.0000e+00   0.0000e+00   2.5373e+02
20191029_09:00:00   7.7928e-02   2.4587e+01   1.6151e+00   0.0000e+00   0.0000e+00   2.5410e+02
20191029_12:00:00   7.4844e-02   2.3790e+01   1.5439e+00   0.0000e+00   0.0000e+00   2.5163e+02
20191029_15:00:00   7.2956e-02   2.3280e+01   1.5066e+00   0.0000e+00   0.0000e+00   2.5000e+02
20191029_18:00:00   7.1949e-02   2.3022e+01   1.4859e+00   0.0000e+00   0.0000e+00   2.5057e+02
20191029_21:00:00   7.0966e-02   2.2761e+01   1.4672e+00   0.0000e+00   0.0000e+00   2.5363e+02
20191030_00:00:00   7.0910e-02   2.2716e+01   1.4715e+00   0.0000e+00   0.0000e+00   2.5258e+02
20191030_03:00:00   7.6413e-02   2.4075e+01   1.6006e+00   0.0000e+00   0.0000e+00   2.5220e+02
20191030_06:00:00   7.5328e-02   2.3718e+01   1.6023e+00   0.0000e+00   0.0000e+00   2.5219e+02
20191030_09:00:00   7.7085e-02   2.4117e+01   1.6517e+00   0.0000e+00   0.0000e+00   2.5287e+02
20191030_12:00:00   8.1598e-02   2.5155e+01   1.7726e+00   0.0000e+00   0.0000e+00   2.5048e+02
20191030_15:00:00   8.4574e-02   2.5842e+01   1.8566e+00   0.0000e+00   0.0000e+00   2.5251e+02
20191030_18:00:00   9.3468e-02   2.7973e+01   2.0800e+00   0.0000e+00   0.0000e+00   2.5506e+02
20191030_21:00:00   1.0010e-01   2.9600e+01   2.2383e+00   0.0000e+00   0.0000e+00   2.5626e+02
20191031_00:00:00   9.7999e-02   2.9157e+01   2.1739e+00   0.0000e+00   5.9424e-04   2.5769e+02
20191031_03:00:00   9.4265e-02   2.8453e+01   2.0228e+00   0.0000e+00   2.7666e-04   2.5716e+02
20191031_06:00:00   8.9339e-02   2.7340e+01   1.8676e+00   7.7170e-05   9.8710e-04   2.5748e+02
20191031_09:00:00   7.6965e-02   2.4249e+01   1.5902e+00   3.1360e-06   4.8739e-03   2.5631e+02
20191031_12:00:00   7.8603e-02   2.4646e+01   1.6355e+00   0.0000e+00   4.4055e-03   2.5544e+02
20191031_15:00:00   7.7061e-02   2.4219e+01   1.6061e+00   0.0000e+00   1.1544e-02   2.5850e+02
20191031_18:00:00   7.2418e-02   2.3094e+01   1.4859e+00   0.0000e+00   5.9360e-03   2.6169e+02
20191031_21:00:00   7.4646e-02   2.3720e+01   1.5231e+00   0.0000e+00   3.2043e-05   2.6466e+02
20191101_00:00:00   8.9621e-02   2.7383e+01   1.8832e+00   0.0000e+00   9.4534e-05   2.6561e+02
20191101_03:00:00   1.1763e-01   3.4095e+01   2.5178e+00   0.0000e+00   1.6539e-04   2.6586e+02
20191101_06:00:00   1.0711e-01   3.1388e+01   2.3317e+00   0.0000e+00   1.9212e-03   2.6355e+02
20191101_09:00:00   1.0019e-01   2.9686e+01   2.1783e+00   0.0000e+00   2.3111e-04   2.6274e+02
20191101_12:00:00   8.6826e-02   2.6460e+01   1.8630e+00   0.0000e+00   0.0000e+00   2.5870e+02
20191101_15:00:00   8.2269e-02   2.5428e+01   1.7339e+00   0.0000e+00   0.0000e+00   2.5841e+02
20191101_18:00:00   7.8163e-02   2.4521e+01   1.6122e+00   0.0000e+00   0.0000e+00   2.5822e+02
20191101_21:00:00   8.2005e-02   2.5515e+01   1.6931e+00   0.0000e+00   0.0000e+00   2.5793e+02
20191102_00:00:00   1.0515e-01   3.1074e+01   2.2523e+00   1.5550e-04   1.3560e-05   2.5686e+02
20191102_03:00:00   1.3360e-01   3.7818e+01   2.9021e+00   0.0000e+00   0.0000e+00   2.5496e+02
20191102_06:00:00   1.4051e-01   3.9449e+01   3.0296e+00   0.0000e+00   0.0000e+00   2.5457e+02
20191102_09:00:00   1.4412e-01   4.0282e+01   3.0983e+00   8.3960e-05   0.0000e+00   2.5339e+02
20191102_12:00:00   1.3140e-01   3.7392e+01   2.7881e+00   0.0000e+00   0.0000e+00   2.5238e+02
20191102_15:00:00   1.1183e-01   3.2853e+01   2.3377e+00   0.0000e+00   0.0000e+00   2.5090e+02
20191102_18:00:00   1.0628e-01   3.1538e+01   2.2028e+00   0.0000e+00   0.0000e+00   2.5162e+02
20191102_21:00:00   9.7942e-02   2.9584e+01   2.0049e+00   0.0000e+00   0.0000e+00   2.5135e+02
20191103_00:00:00   1.3037e-01   3.7160e+01   2.8042e+00   0.0000e+00   2.8417e-04   2.5221e+02
20191103_03:00:00   1.4842e-01   4.1358e+01   3.2040e+00   0.0000e+00   1.7466e-05   2.5144e+02
20191103_06:00:00   1.4210e-01   4.0032e+01   2.9872e+00   0.0000e+00   0.0000e+00   2.5028e+02
20191103_09:00:00   1.1754e-01   3.4366e+01   2.4108e+00   0.0000e+00   0.0000e+00   2.5029e+02
20191103_12:00:00   9.5824e-02   2.9134e+01   1.9357e+00   0.0000e+00   0.0000e+00   2.4857e+02
20191103_15:00:00   7.7232e-02   2.4545e+01   1.5252e+00   0.0000e+00   0.0000e+00   2.4748e+02
20191103_18:00:00   6.2445e-02   2.0797e+01   1.1971e+00   0.0000e+00   0.0000e+00   2.4686e+02
20191103_21:00:00   5.6056e-02   1.9137e+01   1.0577e+00   0.0000e+00   0.0000e+00   2.4780e+02
20191104_00:00:00   6.3033e-02   2.0895e+01   1.2268e+00   0.0000e+00   0.0000e+00   2.4789e+02
20191104_03:00:00   1.4570e-01   4.1283e+01   1.7480e+00   2.4080e-02   0.0000e+00   2.4706e+02
20191104_06:00:00   8.6730e-02   2.6921e+01   1.7769e+00   0.0000e+00   0.0000e+00   2.4601e+02
20191104_09:00:00   6.9935e-02   2.2626e+01   1.4102e+00   0.0000e+00   0.0000e+00   2.4744e+02
20191104_12:00:00   5.6795e-02   1.9174e+01   1.1282e+00   0.0000e+00   0.0000e+00   2.4718e+02
20191104_15:00:00   6.3231e-02   2.0751e+01   1.3028e+00   0.0000e+00   0.0000e+00   2.4467e+02
20191104_18:00:00   8.2802e-02   2.5480e+01   1.8206e+00   0.0000e+00   0.0000e+00   2.4549e+02
20191104_21:00:00   8.6233e-02   2.6412e+01   1.8890e+00   0.0000e+00   0.0000e+00   2.4465e+02
20191105_00:00:00   8.1030e-02   2.5264e+01   1.7370e+00   0.0000e+00   0.0000e+00   2.4380e+02
20191105_03:00:00   8.8859e-02   2.7110e+01   1.9483e+00   0.0000e+00   0.0000e+00   2.4384e+02
20191105_06:00:00   9.6088e-02   2.8788e+01   2.1423e+00   0.0000e+00   0.0000e+00   2.4449e+02
20191105_09:00:00   9.9549e-02   2.9642e+01   2.2204e+00   0.0000e+00   0.0000e+00   2.4492e+02
20191105_12:00:00   1.0009e-01   2.9785e+01   2.2301e+00   0.0000e+00   0.0000e+00   2.4230e+02
20191105_15:00:00   9.6242e-02   2.8865e+01   2.1384e+00   0.0000e+00   0.0000e+00   2.4107e+02
20191105_18:00:00   9.1909e-02   2.7881e+01   2.0139e+00   0.0000e+00   0.0000e+00   2.4256e+02
20191105_21:00:00   9.0466e-02   2.7582e+01   1.9718e+00   0.0000e+00   0.0000e+00   2.4265e+02
20191106_00:00:00   1.0295e-01   3.0564e+01   2.2832e+00   1.5800e-04   0.0000e+00   2.4219e+02
20191106_03:00:00   1.1401e-01   3.3211e+01   2.5515e+00   0.0000e+00   0.0000e+00   2.4036e+02
20191106_06:00:00   1.1558e-01   3.3673e+01   2.5594e+00   8.3010e-05   0.0000e+00   2.4017e+02
20191106_09:00:00   1.1493e-01   3.3552e+01   2.5365e+00   0.0000e+00   0.0000e+00   2.3938e+02
20191106_12:00:00   1.1929e-01   3.4579e+01   2.6259e+00   0.0000e+00   0.0000e+00   2.3791e+02
20191106_15:00:00   1.1961e-01   3.4687e+01   2.6254e+00   0.0000e+00   0.0000e+00   2.3781e+02
20191106_18:00:00   1.1409e-01   3.3428e+01   2.4906e+00   0.0000e+00   0.0000e+00   2.4063e+02
20191106_21:00:00   1.1356e-01   3.3276e+01   2.5012e+00   0.0000e+00   0.0000e+00   2.4036e+02
20191107_00:00:00   1.1827e-01   3.4378e+01   2.5927e+00   3.1770e-04   0.0000e+00   2.3951e+02
