#            date       tau225        Tb[K]      pwv[mm] lwp[kg*m^-2] iwp[kg*m^-2]       o3[DU]
20190806_12:00:00   2.1101e-01   5.5295e+01   4.8659e+00   0.0000e+00   1.5624e-03   2.5807e+02
20190806_13:00:00   2.1628e-01   5.6407e+01   5.0007e+00   0.0000e+00   6.4410e-04   2.5765e+02
20190806_14:00:00   2.2449e-01   5.8172e+01   5.1963e+00   0.0000e+00   2.3564e-03   2.5805e+02
20190806_15:00:00   2.3089e-01   5.9701e+01   5.2552e+00   0.0000e+00   3.9631e-04   2.5903e+02
20190806_16:00:00   2.3343e-01   6.0362e+01   5.2498e+00   0.0000e+00   3.4842e-04   2.6105e+02
20190806_17:00:00   2.4291e-01   6.2377e+01   5.4517e+00   0.0000e+00   1.0632e-03   2.6216e+02
20190806_18:00:00   2.4967e-01   6.3798e+01   5.5899e+00   0.0000e+00   9.6056e-05   2.6320e+02
20190806_19:00:00   2.5199e-01   6.4305e+01   5.6356e+00   0.0000e+00   9.8640e-06   2.6364e+02
20190806_20:00:00   2.5445e-01   6.4787e+01   5.6926e+00   0.0000e+00   4.2839e-04   2.6326e+02
20190806_21:00:00   2.4965e-01   6.3767e+01   5.6089e+00   0.0000e+00   7.3139e-04   2.6120e+02
20190806_22:00:00   2.3899e-01   6.1566e+01   5.3816e+00   0.0000e+00   3.5832e-04   2.6068e+02
20190806_23:00:00   2.4305e-01   6.2304e+01   5.5127e+00   9.1800e-05   4.9316e-04   2.5914e+02
20190807_00:00:00   2.5658e-01   6.5065e+01   5.7480e+00   1.3140e-03   4.1005e-04   2.5701e+02
20190807_01:00:00   2.9084e-01   7.2050e+01   6.2589e+00   5.5440e-03   1.9074e-04   2.5693e+02
20190807_02:00:00   3.1655e-01   7.7249e+01   6.4833e+00   1.1277e-02   1.5328e-04   2.5684e+02
20190807_03:00:00   3.1390e-01   7.6728e+01   6.5088e+00   9.7160e-03   5.5060e-06   2.5795e+02
20190807_04:00:00   3.0863e-01   7.5598e+01   6.4812e+00   9.0570e-03   1.7360e-04   2.5660e+02
20190807_05:00:00   2.9136e-01   7.2008e+01   6.4603e+00   3.6880e-03   4.7691e-04   2.5669e+02
20190807_06:00:00   2.7858e-01   6.9434e+01   6.2961e+00   1.6600e-03   5.2380e-06   2.5645e+02
20190807_07:00:00   2.6979e-01   6.7679e+01   6.1276e+00   1.0280e-03   0.0000e+00   2.5695e+02
20190807_08:00:00   2.5402e-01   6.4491e+01   5.8073e+00   0.0000e+00   0.0000e+00   2.5841e+02
20190807_09:00:00   2.4064e-01   6.1746e+01   5.4765e+00   0.0000e+00   0.0000e+00   2.5932e+02
20190807_10:00:00   2.3811e-01   6.1268e+01   5.3825e+00   0.0000e+00   0.0000e+00   2.6051e+02
20190807_11:00:00   2.3651e-01   6.0966e+01   5.3223e+00   0.0000e+00   0.0000e+00   2.5891e+02
20190807_12:00:00   2.3824e-01   6.1338e+01   5.3401e+00   0.0000e+00   0.0000e+00   2.5933e+02
20190807_13:00:00   2.4055e-01   6.1835e+01   5.3780e+00   0.0000e+00   0.0000e+00   2.5897e+02
20190807_14:00:00   2.3937e-01   6.1582e+01   5.3525e+00   0.0000e+00   0.0000e+00   2.5975e+02
20190807_15:00:00   2.3815e-01   6.1326e+01   5.3356e+00   0.0000e+00   0.0000e+00   2.6167e+02
20190807_16:00:00   2.2981e-01   5.9574e+01   5.1768e+00   0.0000e+00   0.0000e+00   2.6229e+02
20190807_17:00:00   2.2212e-01   5.7946e+01   5.0190e+00   0.0000e+00   0.0000e+00   2.6167e+02
20190807_18:00:00   2.1772e-01   5.6993e+01   4.9342e+00   0.0000e+00   0.0000e+00   2.6140e+02
20190807_19:00:00   2.1425e-01   5.6247e+01   4.8642e+00   0.0000e+00   6.5480e-06   2.6284e+02
20190807_20:00:00   2.1338e-01   5.6093e+01   4.8513e+00   0.0000e+00   4.6460e-05   2.6267e+02
20190807_21:00:00   2.1154e-01   5.5730e+01   4.8022e+00   0.0000e+00   1.1666e-04   2.6243e+02
20190807_22:00:00   2.1448e-01   5.6433e+01   4.8472e+00   0.0000e+00   1.8940e-04   2.6456e+02
20190807_23:00:00   2.1311e-01   5.6196e+01   4.7890e+00   0.0000e+00   1.5904e-04   2.6274e+02
20190808_00:00:00   2.1397e-01   5.6466e+01   4.7755e+00   0.0000e+00   5.4137e-04   2.6072e+02
20190808_01:00:00   2.2327e-01   5.8525e+01   4.7902e+00   3.1450e-03   9.0246e-04   2.6029e+02
20190808_02:00:00   2.1487e-01   5.6671e+01   4.7809e+00   8.8960e-05   8.8304e-04   2.6234e+02
20190808_03:00:00   2.4367e-01   6.2967e+01   4.8120e+00   1.0710e-02   2.6136e-05   2.6186e+02
20190808_04:00:00   2.6383e-01   6.7274e+01   4.7815e+00   1.9300e-02   9.9320e-06   2.6108e+02
20190808_05:00:00   2.1148e-01   5.5948e+01   4.6765e+00   4.5360e-04   7.8560e-05   2.6226e+02
20190808_06:00:00   2.0925e-01   5.5459e+01   4.6372e+00   0.0000e+00   1.7238e-04   2.6349e+02
20190808_07:00:00   2.0601e-01   5.4785e+01   4.5463e+00   0.0000e+00   1.8050e-05   2.6628e+02
20190808_08:00:00   1.9961e-01   5.3395e+01   4.3965e+00   0.0000e+00   0.0000e+00   2.6518e+02
20190808_09:00:00   1.9461e-01   5.2285e+01   4.2855e+00   0.0000e+00   0.0000e+00   2.6493e+02
20190808_10:00:00   1.9219e-01   5.1736e+01   4.2322e+00   0.0000e+00   1.1010e-05   2.6524e+02
20190808_11:00:00   1.8763e-01   5.0717e+01   4.1322e+00   0.0000e+00   2.9580e-05   2.6579e+02
20190808_12:00:00   1.8368e-01   4.9823e+01   4.0548e+00   0.0000e+00   1.3482e-03   2.6527e+02
20190808_13:00:00   1.7994e-01   4.8946e+01   3.9944e+00   0.0000e+00   2.3643e-03   2.6508e+02
20190808_14:00:00   1.8001e-01   4.8939e+01   4.0027e+00   0.0000e+00   5.3188e-03   2.6488e+02
20190808_15:00:00   1.7831e-01   4.8528e+01   3.9698e+00   0.0000e+00   8.7567e-03   2.6464e+02
20190808_16:00:00   1.7534e-01   4.7858e+01   3.9147e+00   0.0000e+00   6.8143e-03   2.6519e+02
20190808_17:00:00   1.6995e-01   4.6629e+01   3.8119e+00   0.0000e+00   4.2474e-03   2.6616e+02
20190808_18:00:00   1.6863e-01   4.6356e+01   3.7755e+00   0.0000e+00   2.3550e-04   2.6709e+02
20190808_19:00:00   1.6703e-01   4.5966e+01   3.7571e+00   0.0000e+00   2.6444e-04   2.6765e+02
20190808_20:00:00   1.6674e-01   4.5852e+01   3.7695e+00   0.0000e+00   5.0131e-03   2.6739e+02
20190808_21:00:00   1.6749e-01   4.5961e+01   3.8116e+00   0.0000e+00   7.4348e-03   2.6738e+02
20190808_22:00:00   1.6694e-01   4.5847e+01   3.8053e+00   0.0000e+00   4.5246e-03   2.6629e+02
20190808_23:00:00   1.7090e-01   4.6764e+01   3.8804e+00   0.0000e+00   9.7443e-04   2.6472e+02
20190809_00:00:00   1.7304e-01   4.7222e+01   3.9340e+00   0.0000e+00   1.8854e-03   2.6428e+02
20190809_01:00:00   1.7236e-01   4.7015e+01   3.9490e+00   0.0000e+00   4.1445e-03   2.6339e+02
20190809_02:00:00   1.8201e-01   4.9325e+01   3.8930e+00   4.5590e-03   1.4196e-04   2.6422e+02
20190809_03:00:00   2.1104e-01   5.5823e+01   4.0659e+00   1.3220e-02   6.3180e-07   2.6492e+02
20190809_04:00:00   1.8490e-01   4.9755e+01   4.2721e+00   0.0000e+00   9.3000e-06   2.6526e+02
20190809_05:00:00   1.8704e-01   5.0148e+01   4.3556e+00   0.0000e+00   3.2749e-04   2.6565e+02
20190809_06:00:00   1.8488e-01   4.9652e+01   4.3153e+00   0.0000e+00   3.5900e-06   2.6589e+02
20190809_07:00:00   1.8697e-01   5.0139e+01   4.3415e+00   0.0000e+00   0.0000e+00   2.6654e+02
20190809_08:00:00   1.9140e-01   5.1091e+01   4.4423e+00   0.0000e+00   0.0000e+00   2.6804e+02
20190809_09:00:00   1.9473e-01   5.1776e+01   4.5281e+00   0.0000e+00   3.1320e-05   2.6914e+02
20190809_10:00:00   1.9611e-01   5.2056e+01   4.5653e+00   0.0000e+00   6.1741e-04   2.6864e+02
20190809_11:00:00   1.9683e-01   5.2214e+01   4.5795e+00   0.0000e+00   1.0144e-03   2.6881e+02
20190809_12:00:00   1.9685e-01   5.2225e+01   4.5756e+00   0.0000e+00   6.6500e-04   2.6865e+02
20190809_13:00:00   1.9506e-01   5.1817e+01   4.5374e+00   0.0000e+00   1.6884e-05   2.6723e+02
20190809_14:00:00   1.9714e-01   5.2267e+01   4.5782e+00   0.0000e+00   2.6900e-04   2.6635e+02
20190809_15:00:00   1.9635e-01   5.2067e+01   4.5700e+00   0.0000e+00   3.7033e-04   2.6693e+02
20190809_16:00:00   1.9651e-01   5.2040e+01   4.6019e+00   0.0000e+00   1.4990e-05   2.6756e+02
20190809_17:00:00   1.9762e-01   5.2242e+01   4.6474e+00   0.0000e+00   0.0000e+00   2.6762e+02
20190809_18:00:00   1.9494e-01   5.1643e+01   4.5968e+00   0.0000e+00   0.0000e+00   2.6790e+02
20190809_19:00:00   1.9287e-01   5.1196e+01   4.5528e+00   0.0000e+00   0.0000e+00   2.6732e+02
20190809_20:00:00   1.9687e-01   5.2005e+01   4.6672e+00   0.0000e+00   0.0000e+00   2.6797e+02
20190809_21:00:00   1.9878e-01   5.2377e+01   4.7294e+00   0.0000e+00   3.5486e-04   2.6869e+02
20190809_22:00:00   1.9961e-01   5.2565e+01   4.7560e+00   0.0000e+00   9.8860e-06   2.6719e+02
20190809_23:00:00   2.0159e-01   5.3008e+01   4.7986e+00   0.0000e+00   2.7520e-06   2.6444e+02
20190810_00:00:00   2.0620e-01   5.3976e+01   4.9023e+00   0.0000e+00   2.4040e-04   2.6599e+02
20190810_01:00:00   2.2479e-01   5.8062e+01   5.1300e+00   3.1470e-03   2.1180e-04   2.6496e+02
20190810_02:00:00   2.4570e-01   6.2518e+01   5.3823e+00   7.1200e-03   1.2148e-04   2.6459e+02
20190810_03:00:00   2.6649e-01   6.6854e+01   5.6048e+00   1.1593e-02   3.5040e-04   2.6499e+02
20190810_04:00:00   2.7524e-01   6.8653e+01   5.6729e+00   1.3948e-02   9.2028e-04   2.6514e+02
20190810_05:00:00   2.4712e-01   6.2672e+01   5.7481e+00   1.4440e-03   1.4370e-03   2.6713e+02
20190810_06:00:00   2.4426e-01   6.2072e+01   5.7542e+00   0.0000e+00   9.7837e-04   2.6734e+02
20190810_07:00:00   2.4452e-01   6.2110e+01   5.7549e+00   0.0000e+00   1.3920e-02   2.6722e+02
20190810_08:00:00   2.4314e-01   6.1912e+01   5.6952e+00   0.0000e+00   1.7092e-03   2.6731e+02
20190810_09:00:00   2.3427e-01   6.0069e+01   5.4970e+00   0.0000e+00   2.8591e-04   2.6743e+02
20190810_10:00:00   2.2910e-01   5.8966e+01   5.3877e+00   0.0000e+00   1.0478e-04   2.6868e+02
20190810_11:00:00   2.2531e-01   5.8112e+01   5.3030e+00   8.9570e-05   1.3136e-04   2.6848e+02
20190810_12:00:00   2.1869e-01   5.6645e+01   5.1745e+00   0.0000e+00   2.3847e-03   2.6687e+02
20190810_13:00:00   2.1130e-01   5.5037e+01   5.0021e+00   0.0000e+00   1.6478e-03   2.6642e+02
20190810_14:00:00   2.0431e-01   5.3542e+01   4.8293e+00   0.0000e+00   2.6089e-04   2.6537e+02
20190810_15:00:00   2.0104e-01   5.2798e+01   4.7587e+00   0.0000e+00   3.9582e-04   2.6630e+02
20190810_16:00:00   2.0044e-01   5.2633e+01   4.7519e+00   0.0000e+00   3.1735e-03   2.6630e+02
20190810_17:00:00   1.9671e-01   5.1833e+01   4.6657e+00   0.0000e+00   2.2323e-03   2.6699e+02
20190810_18:00:00   1.9177e-01   5.0793e+01   4.5362e+00   0.0000e+00   2.3924e-03   2.6780e+02
20190810_19:00:00   1.8657e-01   4.9693e+01   4.4025e+00   0.0000e+00   4.1005e-03   2.6745e+02
20190810_20:00:00   1.8569e-01   4.9490e+01   4.3820e+00   0.0000e+00   4.1644e-03   2.6618e+02
20190810_21:00:00   1.8690e-01   4.9747e+01   4.4243e+00   0.0000e+00   3.1458e-03   2.6571e+02
20190810_22:00:00   1.9201e-01   5.0899e+01   4.5380e+00   0.0000e+00   4.9451e-03   2.6419e+02
20190810_23:00:00   2.0459e-01   5.3635e+01   4.8375e+00   0.0000e+00   7.5576e-03   2.6525e+02
20190811_00:00:00   2.1965e-01   5.6842e+01   5.2001e+00   8.9670e-05   6.8275e-03   2.6514e+02
20190811_01:00:00   2.3843e-01   6.0825e+01   5.4459e+00   3.7300e-03   1.2640e-02   2.6574e+02
20190811_02:00:00   2.4741e-01   6.2665e+01   5.6481e+00   4.1530e-03   1.2044e-02   2.6540e+02
20190811_03:00:00   2.4740e-01   6.2501e+01   5.9044e+00   1.7820e-04   1.2061e-02   2.6451e+02
20190811_04:00:00   3.1765e-01   7.6727e+01   6.4918e+00   1.6720e-02   1.7345e-01   2.6503e+02
20190811_05:00:00   3.3671e-01   8.0686e+01   6.3744e+00   2.7250e-02   7.2004e-02   2.6582e+02
20190811_06:00:00   2.6868e-01   6.6853e+01   6.3237e+00   1.2920e-03   3.4804e-02   2.6600e+02
20190811_07:00:00   2.6368e-01   6.5857e+01   6.2813e+00   0.0000e+00   1.4080e-02   2.6712e+02
20190811_08:00:00   2.6117e-01   6.5363e+01   6.2113e+00   0.0000e+00   1.0921e-02   2.6746e+02
20190811_09:00:00   2.5933e-01   6.4969e+01   6.1670e+00   0.0000e+00   8.4181e-03   2.6418e+02
20190811_10:00:00   2.5025e-01   6.3041e+01   5.9819e+00   0.0000e+00   1.0752e-02   2.6384e+02
20190811_11:00:00   2.3788e-01   6.0424e+01   5.7053e+00   0.0000e+00   2.9562e-02   2.6488e+02
20190811_12:00:00   2.2839e-01   5.8400e+01   5.4984e+00   0.0000e+00   1.8389e-02   2.6557e+02
20190811_15:00:00   2.0581e-01   5.3592e+01   4.9630e+00   0.0000e+00   2.5946e-02   2.6348e+02
20190811_18:00:00   1.8752e-01   4.9671e+01   4.5144e+00   0.0000e+00   1.9633e-02   2.6731e+02
20190811_21:00:00   1.7365e-01   4.6576e+01   4.2020e+00   0.0000e+00   1.2153e-02   2.6720e+02
20190812_00:00:00   1.6822e-01   4.5390e+01   4.0513e+00   8.7970e-05   5.8229e-03   2.6703e+02
20190812_03:00:00   1.6163e-01   4.3851e+01   3.9183e+00   0.0000e+00   6.0201e-03   2.6621e+02
20190812_06:00:00   1.6600e-01   4.4558e+01   4.0211e+00   0.0000e+00   1.1283e-01   2.6784e+02
20190812_09:00:00   1.7955e-01   4.7506e+01   4.4114e+00   0.0000e+00   2.5682e-02   2.6827e+02
20190812_12:00:00   1.8563e-01   4.8836e+01   4.5617e+00   0.0000e+00   1.5612e-02   2.6791e+02
20190812_15:00:00   1.9769e-01   5.1441e+01   4.8633e+00   0.0000e+00   9.9369e-03   2.6620e+02
20190812_18:00:00   2.0356e-01   5.2585e+01   5.0141e+00   0.0000e+00   2.0267e-02   2.6703e+02
20190812_21:00:00   1.8628e-01   4.8781e+01   4.6157e+00   0.0000e+00   1.0383e-02   2.6867e+02
20190813_00:00:00   1.9052e-01   4.9517e+01   4.7384e+00   0.0000e+00   3.3326e-02   2.6888e+02
20190813_03:00:00   2.0332e-01   5.2134e+01   4.9646e+00   0.0000e+00   1.9281e-01   2.6641e+02
20190813_06:00:00   1.7865e-01   4.6888e+01   4.4341e+00   0.0000e+00   4.9928e-02   2.6910e+02
20190813_09:00:00   1.7042e-01   4.5106e+01   4.2439e+00   0.0000e+00   1.6129e-02   2.6949e+02
20190813_12:00:00   1.7860e-01   4.6941e+01   4.4266e+00   0.0000e+00   2.7110e-02   2.6993e+02
20190813_15:00:00   1.8846e-01   4.9059e+01   4.6662e+00   0.0000e+00   1.2564e-02   2.7212e+02
20190813_18:00:00   1.8662e-01   4.8624e+01   4.6219e+00   0.0000e+00   1.3599e-02   2.7193e+02
20190813_21:00:00   1.8265e-01   4.7772e+01   4.5323e+00   0.0000e+00   6.6803e-03   2.7042e+02
20190814_00:00:00   1.8249e-01   4.7723e+01   4.5379e+00   0.0000e+00   1.3147e-02   2.6822e+02
20190814_03:00:00   1.7619e-01   4.6350e+01   4.3924e+00   0.0000e+00   1.9610e-02   2.6478e+02
20190814_06:00:00   1.7764e-01   4.6700e+01   4.4282e+00   0.0000e+00   1.4630e-02   2.6572e+02
20190814_09:00:00   1.6965e-01   4.5126e+01   4.2209e+00   0.0000e+00   7.6238e-04   2.6740e+02
20190814_12:00:00   1.5698e-01   4.2463e+01   3.8731e+00   0.0000e+00   1.3906e-03   2.6685e+02
20190814_15:00:00   1.4796e-01   4.0477e+01   3.6426e+00   0.0000e+00   1.5372e-03   2.6738e+02
20190814_18:00:00   1.2794e-01   3.5928e+01   3.1340e+00   0.0000e+00   6.9884e-05   2.6847e+02
20190814_21:00:00   1.2137e-01   3.4404e+01   2.9758e+00   0.0000e+00   4.2701e-03   2.6654e+02
20190815_00:00:00   1.2948e-01   3.6369e+01   3.1734e+00   0.0000e+00   2.5406e-05   2.6497e+02
20190815_03:00:00   1.4859e-01   4.0864e+01   3.6247e+00   0.0000e+00   1.7116e-05   2.6833e+02
20190815_06:00:00   1.5246e-01   4.1813e+01   3.7008e+00   0.0000e+00   3.3953e-03   2.6796e+02
20190815_09:00:00   1.5515e-01   4.2370e+01   3.7684e+00   0.0000e+00   4.5180e-03   2.7048e+02
20190815_12:00:00   1.5534e-01   4.2387e+01   3.7718e+00   0.0000e+00   2.6694e-03   2.7076e+02
20190815_15:00:00   1.5177e-01   4.1652e+01   3.6576e+00   0.0000e+00   4.9999e-03   2.7236e+02
20190815_18:00:00   1.5384e-01   4.2089e+01   3.7125e+00   0.0000e+00   1.2135e-03   2.7166e+02
20190815_21:00:00   1.5990e-01   4.3472e+01   3.8672e+00   0.0000e+00   3.4547e-03   2.7199e+02
20190816_00:00:00   1.7128e-01   4.5932e+01   4.1681e+00   0.0000e+00   5.3796e-03   2.7001e+02
20190816_03:00:00   1.7358e-01   4.6403e+01   4.2302e+00   0.0000e+00   4.5639e-03   2.6871e+02
20190816_06:00:00   1.7169e-01   4.5931e+01   4.1920e+00   0.0000e+00   6.7858e-03   2.7057e+02
20190816_09:00:00   1.6392e-01   4.4202e+01   3.9929e+00   0.0000e+00   8.7810e-04   2.7156e+02
20190816_12:00:00   1.6202e-01   4.3674e+01   3.9623e+00   0.0000e+00   3.1996e-03   2.6955e+02
20190816_15:00:00   1.5633e-01   4.2425e+01   3.8189e+00   0.0000e+00   2.1240e-07   2.6977e+02
20190816_18:00:00   1.5769e-01   4.2659e+01   3.8625e+00   0.0000e+00   5.1532e-03   2.7174e+02
20190816_21:00:00   1.6036e-01   4.3201e+01   3.9450e+00   0.0000e+00   2.3154e-03   2.7141e+02
20190817_00:00:00   1.5855e-01   4.2742e+01   3.8914e+00   3.4860e-04   5.6621e-03   2.6970e+02
20190817_03:00:00   1.5062e-01   4.0914e+01   3.7260e+00   0.0000e+00   1.1107e-02   2.6782e+02
20190817_06:00:00   1.4853e-01   4.0464e+01   3.6705e+00   0.0000e+00   7.4021e-03   2.6822e+02
20190817_09:00:00   1.4503e-01   3.9703e+01   3.5709e+00   0.0000e+00   5.7831e-04   2.6732e+02
20190817_12:00:00   1.4343e-01   3.9315e+01   3.5271e+00   0.0000e+00   2.2060e-04   2.6756e+02
20190817_15:00:00   1.3783e-01   3.8047e+01   3.3833e+00   0.0000e+00   2.8589e-03   2.6493e+02
20190817_18:00:00   1.3027e-01   3.6389e+01   3.1847e+00   0.0000e+00   2.9511e-03   2.6535e+02
20190817_21:00:00   1.3038e-01   3.6402e+01   3.2002e+00   0.0000e+00   6.3392e-03   2.6606e+02
20190818_00:00:00   1.2508e-01   3.5202e+01   3.0453e+00   0.0000e+00   4.5008e-02   2.6479e+02
20190818_03:00:00   1.2157e-01   3.4511e+01   2.9342e+00   0.0000e+00   4.4710e-02   2.6425e+02
20190818_06:00:00   1.1691e-01   3.3461e+01   2.7524e+00   0.0000e+00   1.2651e-01   2.6556e+02
20190818_09:00:00   1.3489e-01   3.7317e+01   3.2224e+00   0.0000e+00   2.0860e-01   2.6617e+02
20190818_12:00:00   1.5259e-01   4.1181e+01   3.7432e+00   0.0000e+00   1.1658e-01   2.6719e+02
20190818_15:00:00   1.3453e-01   3.7434e+01   3.2591e+00   0.0000e+00   1.3742e-02   2.6672e+02
20190818_18:00:00   1.5207e-01   4.1525e+01   3.6510e+00   0.0000e+00   8.7372e-03   2.6960e+02
20190818_21:00:00   1.7364e-01   4.6204e+01   4.2022e+00   0.0000e+00   2.1600e-02   2.7242e+02
20190819_00:00:00   1.6359e-01   4.4025e+01   3.9587e+00   0.0000e+00   1.0776e-02   2.7167e+02
20190819_03:00:00   1.4661e-01   4.0239e+01   3.4667e+00   1.6210e-04   1.2441e-01   2.7146e+02
20190819_06:00:00   1.4634e-01   4.0183e+01   3.5186e+00   0.0000e+00   1.8955e-02   2.7347e+02
20190819_09:00:00   1.6320e-01   4.3939e+01   3.9259e+00   0.0000e+00   1.2449e-02   2.7284e+02
20190819_12:00:00   1.6642e-01   4.4657e+01   3.9906e+00   0.0000e+00   1.3714e-02   2.7274e+02
20190819_15:00:00   1.6605e-01   4.4615e+01   3.9637e+00   0.0000e+00   4.8076e-03   2.7434e+02
20190819_18:00:00   1.5876e-01   4.2899e+01   3.8151e+00   0.0000e+00   1.0951e-02   2.7628e+02
20190819_21:00:00   1.8349e-01   4.8080e+01   4.4572e+00   0.0000e+00   5.7280e-02   2.7816e+02
20190820_00:00:00   2.2063e-01   5.6175e+01   5.0962e+00   4.2460e-03   3.0227e-02   2.7501e+02
20190820_03:00:00   2.5147e-01   6.2309e+01   6.0804e+00   0.0000e+00   7.0093e-02   2.7305e+02
20190820_06:00:00   2.5272e-01   6.2603e+01   6.1510e+00   0.0000e+00   1.1490e-02   2.7238e+02
20190820_09:00:00   2.8096e-01   6.8626e+01   6.6866e+00   0.0000e+00   3.8567e-03   2.7463e+02
20190820_12:00:00   2.2643e-01   5.7971e+01   5.2613e+00   1.9600e-05   8.3578e-03   2.7518e+02
20190820_15:00:00   2.2556e-01   5.7474e+01   5.3823e+00   0.0000e+00   3.7321e-02   2.7380e+02
20190820_18:00:00   2.4762e-01   6.1906e+01   5.9921e+00   0.0000e+00   1.7405e-03   2.7428e+02
20190820_21:00:00   2.6777e-01   6.6149e+01   6.4313e+00   0.0000e+00   1.7347e-04   2.7542e+02
20190821_00:00:00   2.8773e-01   7.0508e+01   6.7569e+00   1.3810e-04   1.0136e-04   2.7215e+02
20190821_03:00:00   3.3339e-01   7.9541e+01   7.6625e+00   7.9080e-04   5.6660e-05   2.6812e+02
20190821_06:00:00   4.6104e-01   1.0275e+02   8.7912e+00   2.8795e-02   8.4622e-04   2.6831e+02
20190821_09:00:00   3.8896e-01   9.0243e+01   8.6539e+00   6.7860e-04   1.2460e-04   2.6847e+02
20190821_12:00:00   4.2291e-01   9.6212e+01   9.3950e+00   8.1480e-05   1.0772e-04   2.6575e+02
20190821_15:00:00   4.1270e-01   9.4615e+01   9.1043e+00   0.0000e+00   0.0000e+00   2.6430e+02
20190821_18:00:00   4.4382e-01   1.0001e+02   9.7193e+00   0.0000e+00   0.0000e+00   2.6657e+02
20190821_21:00:00   4.8747e-01   1.0735e+02   1.0581e+01   0.0000e+00   0.0000e+00   2.6337e+02
20190822_00:00:00   9.6325e-01   1.7084e+02   1.1357e+01   1.7609e-01   8.5051e-05   2.6310e+02
20190822_03:00:00   1.5981e+00   2.2034e+02   1.1635e+01   4.2593e-01   5.5732e-04   2.6120e+02
20190822_06:00:00   1.1070e+00   1.8516e+02   1.1075e+01   2.3859e-01   2.6233e-05   2.6450e+02
20190822_09:00:00   1.1253e+00   1.8659e+02   1.0971e+01   2.4899e-01   5.2239e-03   2.6529e+02
20190822_12:00:00   9.7033e-01   1.7164e+02   1.0806e+01   1.8813e-01   8.5181e-05   2.6459e+02
