#            date       tau225        Tb[K]      pwv[mm] lwp[kg*m^-2] iwp[kg*m^-2]       o3[DU]
20190901_18:00:00   2.5529e-01   6.4707e+01   5.6106e+00   0.0000e+00   1.2611e-03   2.5999e+02
20190901_19:00:00   2.5676e-01   6.5004e+01   5.6518e+00   0.0000e+00   2.2126e-03   2.5984e+02
20190901_20:00:00   2.5647e-01   6.4931e+01   5.6816e+00   0.0000e+00   3.6628e-03   2.5798e+02
20190901_21:00:00   2.6762e-01   6.7169e+01   5.9416e+00   0.0000e+00   4.2062e-03   2.5524e+02
20190901_22:00:00   2.8004e-01   6.9645e+01   6.2245e+00   0.0000e+00   4.9693e-03   2.5491e+02
20190901_23:00:00   3.0137e-01   7.3808e+01   6.6933e+00   6.2010e-04   7.9684e-03   2.5719e+02
20190902_00:00:00   3.0461e-01   7.4294e+01   6.8938e+00   0.0000e+00   1.6014e-02   2.5751e+02
20190902_01:00:00   3.1498e-01   7.6227e+01   7.1694e+00   0.0000e+00   1.3606e-02   2.5831e+02
20190902_02:00:00   3.1506e-01   7.6245e+01   7.1748e+00   0.0000e+00   8.8370e-03   2.5971e+02
20190902_03:00:00   3.0862e-01   7.5013e+01   7.0261e+00   0.0000e+00   8.0221e-03   2.6006e+02
20190902_04:00:00   2.9365e-01   7.2062e+01   6.7168e+00   0.0000e+00   6.0079e-03   2.6217e+02
20190902_05:00:00   2.7828e-01   6.8974e+01   6.4128e+00   0.0000e+00   3.4417e-03   2.6372e+02
20190902_06:00:00   2.6544e-01   6.6350e+01   6.1432e+00   0.0000e+00   7.8478e-03   2.6464e+02
20190902_07:00:00   2.6551e-01   6.6336e+01   6.1583e+00   0.0000e+00   9.1024e-03   2.6555e+02
20190902_08:00:00   2.7203e-01   6.7651e+01   6.3064e+00   0.0000e+00   6.6021e-03   2.6622e+02
20190902_09:00:00   2.8450e-01   7.0123e+01   6.5762e+00   0.0000e+00   4.6267e-03   2.6573e+02
20190902_10:00:00   2.9704e-01   7.2522e+01   6.8700e+00   0.0000e+00   4.0368e-03   2.6652e+02
20190902_11:00:00   2.9741e-01   7.2535e+01   6.8938e+00   0.0000e+00   2.0397e-03   2.6616e+02
20190902_12:00:00   2.9835e-01   7.2697e+01   6.9255e+00   0.0000e+00   2.7844e-03   2.6618e+02
20190902_13:00:00   2.9354e-01   7.1641e+01   6.8488e+00   0.0000e+00   7.5940e-03   2.6616e+02
20190902_14:00:00   2.9292e-01   7.1459e+01   6.8446e+00   0.0000e+00   1.2920e-02   2.6589e+02
20190902_15:00:00   2.8659e-01   7.0201e+01   6.6937e+00   0.0000e+00   4.0722e-03   2.6454e+02
20190902_16:00:00   2.8096e-01   6.9065e+01   6.5757e+00   0.0000e+00   1.9014e-03   2.6212e+02
20190902_17:00:00   2.7420e-01   6.7649e+01   6.4821e+00   0.0000e+00   1.3560e-03   2.6084e+02
20190902_18:00:00   2.6480e-01   6.5743e+01   6.2810e+00   0.0000e+00   2.2181e-03   2.6053e+02
20190902_19:00:00   2.5279e-01   6.3244e+01   6.0425e+00   0.0000e+00   7.6010e-03   2.5995e+02
20190902_20:00:00   2.4520e-01   6.1650e+01   5.8872e+00   0.0000e+00   5.0019e-03   2.5874e+02
20190902_21:00:00   2.4103e-01   6.0783e+01   5.7912e+00   0.0000e+00   6.5427e-03   2.5843e+02
20190902_22:00:00   2.5722e-01   6.4228e+01   6.1123e+00   0.0000e+00   1.3990e-02   2.5908e+02
20190902_23:00:00   2.7189e-01   6.7242e+01   6.3119e+00   2.5370e-03   8.3957e-03   2.6033e+02
20190903_00:00:00   2.7089e-01   6.6931e+01   6.4597e+00   0.0000e+00   8.5426e-03   2.6062e+02
20190903_01:00:00   2.7525e-01   6.7749e+01   6.5851e+00   0.0000e+00   9.1499e-03   2.6049e+02
20190903_02:00:00   2.7654e-01   6.7870e+01   6.6624e+00   0.0000e+00   5.4066e-03   2.6175e+02
20190903_03:00:00   2.5572e-01   6.3546e+01   6.2229e+00   0.0000e+00   4.2839e-03   2.6336e+02
20190903_04:00:00   2.3248e-01   5.8758e+01   5.6813e+00   0.0000e+00   1.7374e-03   2.6391e+02
20190903_05:00:00   2.2376e-01   5.6995e+01   5.4673e+00   0.0000e+00   6.3750e-04   2.6353e+02
20190903_06:00:00   2.1552e-01   5.5261e+01   5.2835e+00   0.0000e+00   1.3150e-03   2.6197e+02
20190903_07:00:00   2.1180e-01   5.4463e+01   5.2021e+00   0.0000e+00   1.5700e-04   2.6086e+02
20190903_08:00:00   2.0161e-01   5.2324e+01   4.9396e+00   0.0000e+00   4.9693e-03   2.6208e+02
20190903_09:00:00   1.9442e-01   5.0801e+01   4.7719e+00   0.0000e+00   2.8528e-03   2.6310e+02
20190903_10:00:00   1.8640e-01   4.9065e+01   4.5839e+00   0.0000e+00   3.8914e-03   2.6392e+02
20190903_11:00:00   1.8145e-01   4.7988e+01   4.4657e+00   0.0000e+00   1.1933e-03   2.6170e+02
20190903_12:00:00   1.8036e-01   4.7757e+01   4.4400e+00   0.0000e+00   7.1337e-04   2.6007e+02
20190903_13:00:00   1.7612e-01   4.6867e+01   4.3186e+00   0.0000e+00   0.0000e+00   2.5939e+02
20190903_14:00:00   1.7354e-01   4.6292e+01   4.2534e+00   0.0000e+00   0.0000e+00   2.5876e+02
20190903_15:00:00   1.8024e-01   4.7687e+01   4.4293e+00   0.0000e+00   3.0180e-06   2.5940e+02
20190903_16:00:00   1.7995e-01   4.7678e+01   4.4188e+00   0.0000e+00   1.6234e-05   2.5881e+02
20190903_17:00:00   1.7648e-01   4.6955e+01   4.3198e+00   0.0000e+00   3.3840e-06   2.5807e+02
20190903_18:00:00   1.8110e-01   4.7975e+01   4.4352e+00   0.0000e+00   0.0000e+00   2.5712e+02
20190903_19:00:00   1.7781e-01   4.7315e+01   4.3353e+00   0.0000e+00   0.0000e+00   2.5694e+02
20190903_20:00:00   1.7270e-01   4.6295e+01   4.1755e+00   0.0000e+00   0.0000e+00   2.5685e+02
20190903_21:00:00   1.6947e-01   4.5661e+01   4.0818e+00   0.0000e+00   0.0000e+00   2.5728e+02
20190903_22:00:00   1.6996e-01   4.5768e+01   4.0961e+00   0.0000e+00   0.0000e+00   2.5748e+02
20190903_23:00:00   1.7424e-01   4.6694e+01   4.2111e+00   0.0000e+00   0.0000e+00   2.5783e+02
20190904_00:00:00   1.8108e-01   4.8190e+01   4.3799e+00   0.0000e+00   0.0000e+00   2.5727e+02
20190904_01:00:00   1.8538e-01   4.9149e+01   4.4776e+00   0.0000e+00   0.0000e+00   2.5802e+02
20190904_02:00:00   1.9585e-01   5.1463e+01   4.6941e+00   5.7340e-04   0.0000e+00   2.5982e+02
20190904_03:00:00   1.9583e-01   5.1477e+01   4.7195e+00   0.0000e+00   4.3022e-05   2.5909e+02
20190904_04:00:00   1.9609e-01   5.1553e+01   4.7230e+00   0.0000e+00   2.6560e-06   2.5778e+02
20190904_05:00:00   1.9269e-01   5.0751e+01   4.6589e+00   0.0000e+00   3.8182e-04   2.5900e+02
20190904_06:00:00   1.9202e-01   5.0592e+01   4.6436e+00   0.0000e+00   4.0626e-04   2.5861e+02
20190904_07:00:00   1.9498e-01   5.1176e+01   4.7321e+00   0.0000e+00   4.4839e-04   2.5774e+02
20190904_08:00:00   1.9697e-01   5.1603e+01   4.7733e+00   0.0000e+00   3.3440e-04   2.5696e+02
20190904_09:00:00   2.0355e-01   5.3032e+01   4.9193e+00   0.0000e+00   5.9256e-04   2.5753e+02
20190904_10:00:00   2.0596e-01   5.3589e+01   4.9541e+00   0.0000e+00   2.1023e-05   2.5862e+02
20190904_11:00:00   2.1030e-01   5.4543e+01   5.0432e+00   0.0000e+00   0.0000e+00   2.5810e+02
20190904_12:00:00   2.1100e-01   5.4710e+01   5.0490e+00   0.0000e+00   0.0000e+00   2.5833e+02
20190904_13:00:00   2.1151e-01   5.4827e+01   5.0522e+00   0.0000e+00   0.0000e+00   2.5694e+02
20190904_14:00:00   2.1263e-01   5.5077e+01   5.0625e+00   0.0000e+00   3.1512e-05   2.5673e+02
20190904_15:00:00   2.1550e-01   5.5680e+01   5.1250e+00   0.0000e+00   3.1598e-04   2.5765e+02
20190904_16:00:00   2.1640e-01   5.5835e+01   5.1497e+00   0.0000e+00   1.0878e-03   2.5861e+02
20190904_17:00:00   2.2065e-01   5.6678e+01   5.2546e+00   0.0000e+00   2.8162e-03   2.5849e+02
20190904_18:00:00   2.2481e-01   5.7553e+01   5.3523e+00   0.0000e+00   5.9132e-03   2.6006e+02
20190904_19:00:00   2.3085e-01   5.8823e+01   5.4902e+00   0.0000e+00   4.6846e-03   2.5985e+02
20190904_20:00:00   2.3161e-01   5.9016e+01   5.4986e+00   0.0000e+00   7.1472e-03   2.6166e+02
20190904_21:00:00   2.3052e-01   5.8818e+01   5.4645e+00   0.0000e+00   5.8617e-03   2.6140e+02
20190904_22:00:00   2.2915e-01   5.8541e+01   5.4143e+00   2.6050e-04   5.4406e-03   2.6220e+02
20190904_23:00:00   2.2813e-01   5.8316e+01   5.3673e+00   6.8660e-04   8.6973e-03   2.6157e+02
20190905_00:00:00   2.2203e-01   5.7041e+01   5.2582e+00   0.0000e+00   1.9860e-03   2.6112e+02
20190905_01:00:00   2.1488e-01   5.5562e+01   5.0755e+00   0.0000e+00   1.1550e-03   2.6189e+02
20190905_02:00:00   2.1058e-01   5.4672e+01   4.9632e+00   0.0000e+00   1.6160e-03   2.6142e+02
20190905_03:00:00   2.0229e-01   5.2951e+01   4.7480e+00   0.0000e+00   2.8527e-04   2.6430e+02
20190905_04:00:00   1.9522e-01   5.1456e+01   4.5629e+00   0.0000e+00   6.3180e-07   2.6460e+02
20190905_05:00:00   1.9226e-01   5.0804e+01   4.4840e+00   0.0000e+00   2.6560e-07   2.6537e+02
20190905_06:00:00   1.9233e-01   5.0900e+01   4.4419e+00   0.0000e+00   0.0000e+00   2.6553e+02
20190905_07:00:00   1.9146e-01   5.0820e+01   4.3677e+00   0.0000e+00   0.0000e+00   2.6640e+02
20190905_08:00:00   1.8870e-01   5.0359e+01   4.2349e+00   0.0000e+00   0.0000e+00   2.6694e+02
20190905_09:00:00   1.8358e-01   4.9374e+01   4.0423e+00   0.0000e+00   0.0000e+00   2.6835e+02
20190905_10:00:00   1.7831e-01   4.8304e+01   3.8634e+00   0.0000e+00   0.0000e+00   2.6841e+02
20190905_11:00:00   1.7630e-01   4.7915e+01   3.7762e+00   0.0000e+00   0.0000e+00   2.6873e+02
20190905_12:00:00   1.7521e-01   4.7727e+01   3.7119e+00   0.0000e+00   0.0000e+00   2.6914e+02
20190905_13:00:00   1.7911e-01   4.8638e+01   3.7495e+00   0.0000e+00   0.0000e+00   2.6766e+02
20190905_14:00:00   1.8028e-01   4.8922e+01   3.7550e+00   0.0000e+00   0.0000e+00   2.6816e+02
20190905_15:00:00   1.8156e-01   4.9230e+01   3.7765e+00   0.0000e+00   0.0000e+00   2.6785e+02
20190905_16:00:00   1.8559e-01   5.0122e+01   3.8078e+00   8.0880e-04   0.0000e+00   2.6949e+02
20190905_17:00:00   1.8378e-01   4.9716e+01   3.8086e+00   0.0000e+00   0.0000e+00   2.6941e+02
20190905_18:00:00   1.8097e-01   4.9103e+01   3.7515e+00   0.0000e+00   0.0000e+00   2.6921e+02
20190905_19:00:00   1.8530e-01   5.0078e+01   3.8330e+00   0.0000e+00   0.0000e+00   2.6800e+02
20190905_20:00:00   1.9184e-01   5.1508e+01   3.9707e+00   0.0000e+00   0.0000e+00   2.6978e+02
20190905_21:00:00   2.1251e-01   5.5837e+01   4.5076e+00   0.0000e+00   0.0000e+00   2.7012e+02
20190905_22:00:00   2.3638e-01   6.0783e+01   5.0836e+00   0.0000e+00   0.0000e+00   2.6772e+02
20190905_23:00:00   2.3939e-01   6.1422e+01   5.1658e+00   0.0000e+00   0.0000e+00   2.6614e+02
20190906_00:00:00   2.4911e-01   6.3423e+01   5.3926e+00   0.0000e+00   0.0000e+00   2.6595e+02
20190906_01:00:00   2.5404e-01   6.4470e+01   5.4790e+00   0.0000e+00   0.0000e+00   2.6556e+02
20190906_02:00:00   2.5084e-01   6.3876e+01   5.3645e+00   0.0000e+00   0.0000e+00   2.6700e+02
20190906_03:00:00   2.4014e-01   6.1735e+01   5.0881e+00   0.0000e+00   0.0000e+00   2.6693e+02
20190906_04:00:00   2.3328e-01   6.0319e+01   4.9087e+00   0.0000e+00   0.0000e+00   2.6777e+02
20190906_05:00:00   2.4331e-01   6.2362e+01   5.1088e+00   0.0000e+00   0.0000e+00   2.6910e+02
20190906_06:00:00   2.4585e-01   6.2922e+01   5.1296e+00   0.0000e+00   0.0000e+00   2.7017e+02
20190906_07:00:00   2.4105e-01   6.1954e+01   4.9984e+00   0.0000e+00   0.0000e+00   2.7178e+02
20190906_08:00:00   2.3963e-01   6.1659e+01   4.9623e+00   0.0000e+00   0.0000e+00   2.7133e+02
20190906_09:00:00   2.3635e-01   6.0966e+01   4.8971e+00   0.0000e+00   0.0000e+00   2.7108e+02
20190906_10:00:00   2.3962e-01   6.1632e+01   4.9590e+00   0.0000e+00   0.0000e+00   2.6929e+02
20190906_11:00:00   2.3362e-01   6.0378e+01   4.8433e+00   0.0000e+00   0.0000e+00   2.6857e+02
20190906_12:00:00   2.3060e-01   5.9729e+01   4.7912e+00   0.0000e+00   0.0000e+00   2.6612e+02
20190906_13:00:00   2.3022e-01   5.9616e+01   4.8114e+00   0.0000e+00   0.0000e+00   2.6397e+02
20190906_14:00:00   2.3106e-01   5.9764e+01   4.8708e+00   0.0000e+00   0.0000e+00   2.6352e+02
20190906_15:00:00   2.3725e-01   6.1063e+01   4.9999e+00   0.0000e+00   0.0000e+00   2.6333e+02
20190906_16:00:00   2.3819e-01   6.1262e+01   5.0274e+00   0.0000e+00   0.0000e+00   2.6344e+02
20190906_17:00:00   2.3946e-01   6.1519e+01   5.0580e+00   0.0000e+00   0.0000e+00   2.6387e+02
20190906_18:00:00   2.4436e-01   6.2539e+01   5.1591e+00   0.0000e+00   0.0000e+00   2.6586e+02
20190906_21:00:00   2.4101e-01   6.1933e+01   5.0674e+00   0.0000e+00   0.0000e+00   2.6605e+02
20190907_00:00:00   2.2923e-01   5.9471e+01   4.8542e+00   1.7330e-04   7.4760e-05   2.6582e+02
20190907_03:00:00   2.2563e-01   5.8775e+01   4.7527e+00   4.2830e-04   2.0276e-05   2.6317e+02
20190907_06:00:00   2.0647e-01   5.4627e+01   4.3745e+00   0.0000e+00   2.1021e-04   2.6167e+02
20190907_09:00:00   1.6705e-01   4.5802e+01   3.6167e+00   0.0000e+00   1.9341e-03   2.6060e+02
20190907_12:00:00   1.5632e-01   4.3347e+01   3.4137e+00   0.0000e+00   5.3357e-04   2.6035e+02
20190907_15:00:00   1.4614e-01   4.1067e+01   3.2045e+00   0.0000e+00   8.2580e-06   2.6002e+02
20190907_18:00:00   1.3647e-01   3.8802e+01   3.0178e+00   0.0000e+00   0.0000e+00   2.5979e+02
20190907_21:00:00   1.2594e-01   3.6312e+01   2.8027e+00   0.0000e+00   0.0000e+00   2.5873e+02
20190908_00:00:00   1.2209e-01   3.5350e+01   2.7420e+00   0.0000e+00   0.0000e+00   2.5660e+02
20190908_03:00:00   1.6344e-01   4.5066e+01   3.6559e+00   0.0000e+00   0.0000e+00   2.4974e+02
20190908_06:00:00   2.1717e-01   5.6926e+01   4.8841e+00   0.0000e+00   0.0000e+00   2.5065e+02
20190908_09:00:00   2.4037e-01   6.1518e+01   5.5615e+00   0.0000e+00   0.0000e+00   2.5283e+02
20190908_12:00:00   3.2186e-01   7.7975e+01   7.2958e+00   0.0000e+00   0.0000e+00   2.5391e+02
20190908_15:00:00   3.5414e-01   8.4217e+01   7.9297e+00   0.0000e+00   0.0000e+00   2.5420e+02
20190908_18:00:00   3.4887e-01   8.3224e+01   7.8456e+00   0.0000e+00   0.0000e+00   2.5278e+02
20190908_21:00:00   2.9719e-01   7.2961e+01   6.8647e+00   0.0000e+00   0.0000e+00   2.5406e+02
20190909_00:00:00   1.7870e-01   4.8038e+01   4.2406e+00   0.0000e+00   3.9769e-06   2.5496e+02
20190909_03:00:00   1.1119e-01   3.2527e+01   2.6045e+00   0.0000e+00   7.9460e-06   2.5236e+02
20190909_06:00:00   8.6386e-02   2.6547e+01   1.9739e+00   0.0000e+00   2.2280e-04   2.5267e+02
20190909_09:00:00   7.2664e-02   2.3176e+01   1.6105e+00   0.0000e+00   1.9372e-03   2.5380e+02
20190909_12:00:00   7.3407e-02   2.3453e+01   1.5963e+00   0.0000e+00   1.3594e-03   2.5610e+02
20190909_15:00:00   7.4118e-02   2.3695e+01   1.5812e+00   0.0000e+00   4.6660e-03   2.5487e+02
20190909_18:00:00   8.6007e-02   2.6688e+01   1.8564e+00   0.0000e+00   3.2829e-03   2.5531e+02
20190909_21:00:00   9.0005e-02   2.7623e+01   1.9689e+00   0.0000e+00   6.0120e-03   2.5463e+02
20190910_00:00:00   8.9297e-02   2.7384e+01   1.9806e+00   0.0000e+00   2.3515e-03   2.5279e+02
20190910_03:00:00   8.9729e-02   2.7481e+01   1.9961e+00   0.0000e+00   2.1791e-05   2.5207e+02
20190910_06:00:00   8.6001e-02   2.6503e+01   1.9182e+00   0.0000e+00   4.7853e-03   2.5438e+02
20190910_09:00:00   8.5921e-02   2.6453e+01   1.9280e+00   0.0000e+00   2.9957e-03   2.5639e+02
20190910_12:00:00   8.8692e-02   2.7121e+01   1.9867e+00   0.0000e+00   8.1331e-03   2.5535e+02
20190910_15:00:00   8.4516e-02   2.6058e+01   1.8884e+00   0.0000e+00   7.9152e-03   2.5483e+02
20190910_18:00:00   8.5469e-02   2.6265e+01   1.9113e+00   0.0000e+00   5.5255e-03   2.5728e+02
20190910_21:00:00   8.5118e-02   2.6248e+01   1.8899e+00   0.0000e+00   3.5292e-03   2.5644e+02
20190911_00:00:00   1.0168e-01   3.0374e+01   2.1806e+00   1.3840e-03   1.1687e-02   2.5464e+02
20190911_03:00:00   9.6713e-02   2.9120e+01   2.1671e+00   0.0000e+00   6.6320e-03   2.5262e+02
20190911_06:00:00   8.8818e-02   2.7195e+01   1.9802e+00   0.0000e+00   2.4745e-03   2.5305e+02
20190911_09:00:00   8.7464e-02   2.6806e+01   1.9580e+00   0.0000e+00   4.1220e-03   2.5494e+02
20190911_12:00:00   8.5467e-02   2.6356e+01   1.8966e+00   0.0000e+00   5.4836e-03   2.5233e+02
20190911_15:00:00   7.8969e-02   2.4785e+01   1.7253e+00   0.0000e+00   1.5136e-03   2.5372e+02
20190911_18:00:00   1.0636e-01   3.1579e+01   2.3620e+00   0.0000e+00   1.3188e-04   2.5273e+02
20190911_21:00:00   1.2161e-01   3.5377e+01   2.6753e+00   0.0000e+00   1.3396e-05   2.5292e+02
20190912_00:00:00   1.2651e-01   3.6539e+01   2.7868e+00   0.0000e+00   8.1580e-06   2.5487e+02
20190912_03:00:00   1.3929e-01   3.9339e+01   3.1650e+00   0.0000e+00   0.0000e+00   2.5311e+02
20190912_06:00:00   1.4607e-01   4.0885e+01   3.3395e+00   0.0000e+00   0.0000e+00   2.5335e+02
20190912_09:00:00   1.4471e-01   4.0624e+01   3.2902e+00   0.0000e+00   0.0000e+00   2.5707e+02
20190912_12:00:00   1.4081e-01   3.9676e+01   3.2035e+00   3.7190e-05   0.0000e+00   2.5645e+02
20190912_15:00:00   1.4576e-01   4.0818e+01   3.2992e+00   0.0000e+00   3.1200e-05   2.5909e+02
20190912_18:00:00   1.3998e-01   3.9436e+01   3.1610e+00   0.0000e+00   2.6180e-05   2.5857e+02
20190912_21:00:00   1.3023e-01   3.7130e+01   2.9560e+00   0.0000e+00   2.0185e-04   2.5837e+02
20190913_00:00:00   1.3444e-01   3.8063e+01   3.0376e+00   5.6030e-04   1.4244e-03   2.5982e+02
20190913_03:00:00   1.3942e-01   3.9136e+01   3.1855e+00   1.6050e-04   4.6603e-03   2.6096e+02
20190913_06:00:00   1.4149e-01   3.9611e+01   3.2509e+00   0.0000e+00   5.3846e-04   2.6099e+02
20190913_09:00:00   1.5397e-01   4.2369e+01   3.5514e+00   0.0000e+00   5.9734e-03   2.6247e+02
20190913_12:00:00   1.8448e-01   4.8906e+01   4.2941e+00   0.0000e+00   6.0609e-02   2.6147e+02
20190913_15:00:00   2.0398e-01   5.2936e+01   4.7964e+00   0.0000e+00   6.2729e-02   2.6549e+02
20190913_18:00:00   2.2595e-01   5.7452e+01   5.3458e+00   0.0000e+00   8.3921e-02   2.6437e+02
20190913_21:00:00   2.3006e-01   5.8369e+01   5.4957e+00   0.0000e+00   3.2148e-02   2.6519e+02
20190914_00:00:00   1.9239e-01   5.0395e+01   4.5092e+00   0.0000e+00   1.7516e-01   2.6153e+02
20190914_03:00:00   1.5173e-01   4.1758e+01   3.5285e+00   8.1490e-05   1.1938e-02   2.5760e+02
20190914_06:00:00   1.5679e-01   4.2608e+01   3.6717e+00   0.0000e+00   1.0565e-01   2.5764e+02
20190914_09:00:00   1.7767e-01   4.7246e+01   4.2304e+00   0.0000e+00   2.8164e-02   2.5778e+02
20190914_12:00:00   1.6571e-01   4.4629e+01   3.9612e+00   0.0000e+00   1.0755e-02   2.5987e+02
20190914_15:00:00   1.3907e-01   3.8506e+01   3.3453e+00   0.0000e+00   3.7281e-03   2.5829e+02
20190914_18:00:00   1.2460e-01   3.5186e+01   2.9918e+00   0.0000e+00   2.8138e-03   2.5755e+02
20190914_21:00:00   1.4173e-01   3.8962e+01   3.4689e+00   0.0000e+00   7.3769e-03   2.5794e+02
20190915_00:00:00   1.5823e-01   4.2879e+01   3.6928e+00   2.3090e-03   3.9926e-02   2.5416e+02
20190915_03:00:00   1.6922e-01   4.5311e+01   4.1442e+00   0.0000e+00   6.7597e-04   2.5403e+02
20190915_06:00:00   1.5547e-01   4.2207e+01   3.8396e+00   0.0000e+00   4.1924e-03   2.5680e+02
20190915_09:00:00   1.5331e-01   4.1631e+01   3.8055e+00   0.0000e+00   5.9223e-03   2.5817e+02
20190915_12:00:00   1.5547e-01   4.2050e+01   3.8722e+00   0.0000e+00   4.7962e-03   2.5463e+02
20190915_15:00:00   1.3997e-01   3.8656e+01   3.4571e+00   0.0000e+00   1.1210e-03   2.5561e+02
20190915_18:00:00   1.2335e-01   3.4953e+01   2.9976e+00   0.0000e+00   8.5000e-06   2.5521e+02
20190915_21:00:00   1.0260e-01   3.0170e+01   2.4524e+00   0.0000e+00   0.0000e+00   2.5471e+02
20190916_00:00:00   1.1135e-01   3.2213e+01   2.6123e+00   1.5350e-03   0.0000e+00   2.5383e+02
20190916_03:00:00   1.7983e-01   4.8483e+01   2.9582e+00   2.3010e-02   0.0000e+00   2.5074e+02
20190916_06:00:00   1.1700e-01   3.3581e+01   2.8491e+00   0.0000e+00   9.7840e-05   2.5328e+02
20190916_09:00:00   1.0390e-01   3.0529e+01   2.4983e+00   0.0000e+00   7.3528e-04   2.5491e+02
20190916_12:00:00   8.6808e-02   2.6509e+01   2.0285e+00   0.0000e+00   1.1646e-03   2.5344e+02
20190916_15:00:00   7.3982e-02   2.3436e+01   1.6646e+00   0.0000e+00   2.0200e-04   2.5220e+02
20190916_18:00:00   5.0013e-02   1.7414e+01   1.0252e+00   0.0000e+00   1.3094e-05   2.5114e+02
20190916_21:00:00   4.4465e-02   1.6007e+01   8.7027e-01   0.0000e+00   0.0000e+00   2.5233e+02
20190917_00:00:00   4.3055e-02   1.5698e+01   8.1617e-01   0.0000e+00   0.0000e+00   2.5214e+02
20190917_03:00:00   4.2989e-02   1.5801e+01   7.8047e-01   0.0000e+00   2.3696e-06   2.5230e+02
20190917_06:00:00   4.4500e-02   1.6215e+01   8.1364e-01   0.0000e+00   1.6318e-06   2.5526e+02
20190917_09:00:00   5.2031e-02   1.8198e+01   9.8888e-01   0.0000e+00   6.8698e-06   2.5700e+02
20190917_12:00:00   6.6156e-02   2.1853e+01   1.3160e+00   0.0000e+00   0.0000e+00   2.5611e+02
20190917_15:00:00   1.0071e-01   3.0568e+01   2.0789e+00   0.0000e+00   1.1225e-05   2.5309e+02
20190917_18:00:00   1.1586e-01   3.4251e+01   2.4201e+00   0.0000e+00   3.2630e-06   2.5301e+02
