#            date       tau225        Tb[K]      pwv[mm] lwp[kg*m^-2] iwp[kg*m^-2]       o3[DU]
20190822_00:00:00   1.3845e-01   3.9485e+01   2.9844e+00   0.0000e+00   0.0000e+00   2.6509e+02
20190822_01:00:00   1.3317e-01   3.8254e+01   2.8594e+00   0.0000e+00   0.0000e+00   2.6455e+02
20190822_02:00:00   1.2339e-01   3.5941e+01   2.6480e+00   0.0000e+00   0.0000e+00   2.6465e+02
20190822_03:00:00   1.1696e-01   3.4392e+01   2.5056e+00   0.0000e+00   0.0000e+00   2.6250e+02
20190822_04:00:00   1.1658e-01   3.4302e+01   2.4945e+00   0.0000e+00   0.0000e+00   2.6197e+02
20190822_05:00:00   1.0847e-01   3.2317e+01   2.3273e+00   0.0000e+00   0.0000e+00   2.6177e+02
20190822_06:00:00   1.0026e-01   3.0331e+01   2.1408e+00   0.0000e+00   0.0000e+00   2.6310e+02
20190822_07:00:00   9.5444e-02   2.9187e+01   2.0185e+00   0.0000e+00   0.0000e+00   2.6339e+02
20190822_08:00:00   9.0817e-02   2.8050e+01   1.9082e+00   0.0000e+00   0.0000e+00   2.6298e+02
20190822_09:00:00   8.8073e-02   2.7363e+01   1.8407e+00   0.0000e+00   0.0000e+00   2.6325e+02
20190822_10:00:00   8.8015e-02   2.7344e+01   1.8330e+00   0.0000e+00   0.0000e+00   2.6434e+02
20190822_11:00:00   8.5284e-02   2.6659e+01   1.7698e+00   0.0000e+00   0.0000e+00   2.6499e+02
20190822_12:00:00   7.9093e-02   2.5115e+01   1.6253e+00   0.0000e+00   0.0000e+00   2.6399e+02
20190822_13:00:00   7.5278e-02   2.4151e+01   1.5374e+00   0.0000e+00   0.0000e+00   2.6474e+02
20190822_14:00:00   7.3280e-02   2.3657e+01   1.4914e+00   0.0000e+00   0.0000e+00   2.6511e+02
20190822_15:00:00   7.1216e-02   2.3154e+01   1.4412e+00   0.0000e+00   0.0000e+00   2.6616e+02
20190822_16:00:00   6.9194e-02   2.2654e+01   1.3915e+00   0.0000e+00   0.0000e+00   2.6643e+02
20190822_17:00:00   6.7403e-02   2.2200e+01   1.3500e+00   0.0000e+00   0.0000e+00   2.6569e+02
20190822_18:00:00   6.5711e-02   2.1767e+01   1.3111e+00   0.0000e+00   0.0000e+00   2.6479e+02
20190822_19:00:00   6.4719e-02   2.1511e+01   1.2916e+00   0.0000e+00   0.0000e+00   2.6440e+02
20190822_20:00:00   6.5430e-02   2.1695e+01   1.3117e+00   0.0000e+00   0.0000e+00   2.6627e+02
20190822_21:00:00   6.5280e-02   2.1657e+01   1.3113e+00   0.0000e+00   0.0000e+00   2.6748e+02
20190822_22:00:00   6.4542e-02   2.1461e+01   1.2973e+00   0.0000e+00   0.0000e+00   2.6785e+02
20190822_23:00:00   6.5349e-02   2.1663e+01   1.3175e+00   0.0000e+00   0.0000e+00   2.6942e+02
20190823_00:00:00   6.6523e-02   2.1954e+01   1.3485e+00   0.0000e+00   0.0000e+00   2.7130e+02
20190823_01:00:00   6.7042e-02   2.2069e+01   1.3645e+00   0.0000e+00   0.0000e+00   2.7326e+02
20190823_02:00:00   6.5612e-02   2.1689e+01   1.3352e+00   0.0000e+00   0.0000e+00   2.7422e+02
20190823_03:00:00   6.3257e-02   2.1067e+01   1.2841e+00   0.0000e+00   0.0000e+00   2.7499e+02
20190823_04:00:00   6.0246e-02   2.0280e+01   1.2140e+00   0.0000e+00   0.0000e+00   2.7453e+02
20190823_05:00:00   5.9439e-02   2.0060e+01   1.1958e+00   0.0000e+00   0.0000e+00   2.7571e+02
20190823_06:00:00   6.1989e-02   2.0722e+01   1.2545e+00   0.0000e+00   0.0000e+00   2.7675e+02
20190823_07:00:00   6.6729e-02   2.1945e+01   1.3638e+00   0.0000e+00   0.0000e+00   2.7902e+02
20190823_08:00:00   7.0760e-02   2.2942e+01   1.4673e+00   0.0000e+00   0.0000e+00   2.8005e+02
20190823_09:00:00   7.7159e-02   2.4508e+01   1.6332e+00   0.0000e+00   0.0000e+00   2.8272e+02
20190823_10:00:00   8.7715e-02   2.7107e+01   1.8899e+00   0.0000e+00   0.0000e+00   2.8583e+02
20190823_11:00:00   9.9534e-02   3.0009e+01   2.1616e+00   0.0000e+00   0.0000e+00   2.8662e+02
20190823_12:00:00   1.0774e-01   3.1980e+01   2.3504e+00   0.0000e+00   0.0000e+00   2.8700e+02
20190823_13:00:00   1.1428e-01   3.3545e+01   2.4966e+00   0.0000e+00   0.0000e+00   2.8681e+02
20190823_14:00:00   1.1490e-01   3.3686e+01   2.5071e+00   0.0000e+00   0.0000e+00   2.8721e+02
20190823_15:00:00   1.1830e-01   3.4508e+01   2.5802e+00   0.0000e+00   0.0000e+00   2.8729e+02
20190823_16:00:00   1.2802e-01   3.6824e+01   2.7884e+00   0.0000e+00   0.0000e+00   2.8932e+02
20190823_17:00:00   1.3108e-01   3.7546e+01   2.8574e+00   0.0000e+00   0.0000e+00   2.8950e+02
20190823_18:00:00   1.3026e-01   3.7373e+01   2.8395e+00   0.0000e+00   0.0000e+00   2.8817e+02
20190823_19:00:00   1.3142e-01   3.7667e+01   2.8592e+00   0.0000e+00   0.0000e+00   2.8929e+02
20190823_20:00:00   1.3227e-01   3.7886e+01   2.8756e+00   0.0000e+00   0.0000e+00   2.9135e+02
20190823_21:00:00   1.2776e-01   3.6835e+01   2.7774e+00   0.0000e+00   0.0000e+00   2.8864e+02
20190823_22:00:00   1.2334e-01   3.5780e+01   2.6780e+00   0.0000e+00   0.0000e+00   2.8703e+02
20190823_23:00:00   1.2016e-01   3.5017e+01   2.6094e+00   0.0000e+00   0.0000e+00   2.8589e+02
20190824_00:00:00   1.1956e-01   3.4882e+01   2.5911e+00   0.0000e+00   0.0000e+00   2.8494e+02
20190824_01:00:00   1.2041e-01   3.5089e+01   2.6056e+00   0.0000e+00   0.0000e+00   2.8457e+02
20190824_02:00:00   1.1981e-01   3.4928e+01   2.5942e+00   0.0000e+00   0.0000e+00   2.8340e+02
20190824_03:00:00   1.1745e-01   3.4353e+01   2.5432e+00   0.0000e+00   0.0000e+00   2.8274e+02
20190824_04:00:00   1.1771e-01   3.4412e+01   2.5538e+00   0.0000e+00   0.0000e+00   2.8259e+02
20190824_05:00:00   1.2063e-01   3.5097e+01   2.6279e+00   0.0000e+00   0.0000e+00   2.8121e+02
20190824_06:00:00   1.2111e-01   3.5204e+01   2.6449e+00   0.0000e+00   0.0000e+00   2.8003e+02
20190824_07:00:00   1.1751e-01   3.4322e+01   2.5718e+00   0.0000e+00   0.0000e+00   2.7971e+02
20190824_08:00:00   1.0845e-01   3.2136e+01   2.3667e+00   0.0000e+00   5.7440e-06   2.7946e+02
20190824_09:00:00   1.0257e-01   3.0713e+01   2.2336e+00   0.0000e+00   2.4140e-06   2.7984e+02
20190824_10:00:00   9.8506e-02   2.9721e+01   2.1428e+00   0.0000e+00   0.0000e+00   2.7931e+02
20190824_11:00:00   9.8722e-02   2.9759e+01   2.1527e+00   0.0000e+00   0.0000e+00   2.7758e+02
20190824_12:00:00   1.0759e-01   3.1928e+01   2.3519e+00   0.0000e+00   0.0000e+00   2.7748e+02
20190824_13:00:00   1.3918e-01   3.9538e+01   3.0224e+00   0.0000e+00   0.0000e+00   2.7703e+02
20190824_14:00:00   1.6557e-01   4.5683e+01   3.5711e+00   0.0000e+00   2.8720e-04   2.7594e+02
20190824_15:00:00   1.8687e-01   5.0510e+01   4.0109e+00   0.0000e+00   2.1120e-03   2.7384e+02
20190824_16:00:00   2.0003e-01   5.3437e+01   4.2826e+00   0.0000e+00   2.6780e-03   2.7356e+02
20190824_17:00:00   2.1402e-01   5.6496e+01   4.5756e+00   0.0000e+00   3.6786e-03   2.7331e+02
20190824_18:00:00   2.2851e-01   5.9616e+01   4.8770e+00   0.0000e+00   3.4289e-03   2.7352e+02
20190824_19:00:00   2.5283e-01   6.4776e+01   5.3694e+00   0.0000e+00   2.3570e-03   2.7407e+02
20190824_20:00:00   2.7461e-01   6.9310e+01   5.7946e+00   0.0000e+00   1.1496e-03   2.7414e+02
20190824_21:00:00   2.9200e-01   7.2853e+01   6.1425e+00   0.0000e+00   3.2260e-04   2.7053e+02
20190824_22:00:00   3.1637e-01   7.7685e+01   6.6359e+00   0.0000e+00   1.1582e-04   2.6982e+02
20190824_23:00:00   3.3268e-01   8.0822e+01   6.9804e+00   0.0000e+00   3.9922e-04   2.6919e+02
20190825_00:00:00   3.4752e-01   8.3569e+01   7.3021e+00   0.0000e+00   2.0041e-04   2.6715e+02
20190825_01:00:00   3.4778e-01   8.3564e+01   7.3529e+00   0.0000e+00   4.1605e-04   2.6916e+02
20190825_02:00:00   3.4230e-01   8.2428e+01   7.3221e+00   0.0000e+00   6.3255e-04   2.7040e+02
20190825_03:00:00   3.3491e-01   8.0910e+01   7.2505e+00   0.0000e+00   9.3900e-05   2.7092e+02
20190825_04:00:00   3.2479e-01   7.8904e+01   7.1004e+00   0.0000e+00   3.6152e-04   2.7019e+02
20190825_05:00:00   3.2399e-01   7.8660e+01   7.1200e+00   0.0000e+00   2.4027e-04   2.6952e+02
20190825_06:00:00   3.2395e-01   7.8654e+01   7.1268e+00   0.0000e+00   0.0000e+00   2.7042e+02
20190825_07:00:00   3.1825e-01   7.7542e+01   7.0055e+00   0.0000e+00   0.0000e+00   2.7069e+02
20190825_08:00:00   3.0871e-01   7.5679e+01   6.8105e+00   0.0000e+00   0.0000e+00   2.7097e+02
20190825_09:00:00   2.9375e-01   7.2678e+01   6.5387e+00   0.0000e+00   6.9500e-06   2.6890e+02
20190825_10:00:00   2.8311e-01   7.0430e+01   6.3669e+00   0.0000e+00   8.8440e-06   2.6832e+02
20190825_11:00:00   2.6053e-01   6.5710e+01   5.9286e+00   0.0000e+00   0.0000e+00   2.6678e+02
20190825_12:00:00   2.2840e-01   5.8964e+01   5.2485e+00   0.0000e+00   0.0000e+00   2.6636e+02
20190825_13:00:00   1.9687e-01   5.2151e+01   4.5514e+00   0.0000e+00   0.0000e+00   2.6572e+02
20190825_14:00:00   1.7374e-01   4.7001e+01   4.0456e+00   0.0000e+00   0.0000e+00   2.6555e+02
20190825_15:00:00   1.6294e-01   4.4544e+01   3.8094e+00   0.0000e+00   0.0000e+00   2.6606e+02
20190825_16:00:00   1.4874e-01   4.1335e+01   3.4675e+00   0.0000e+00   0.0000e+00   2.6648e+02
20190825_17:00:00   1.3242e-01   3.7579e+01   3.0714e+00   0.0000e+00   0.0000e+00   2.6630e+02
20190825_18:00:00   1.2568e-01   3.5983e+01   2.9155e+00   0.0000e+00   0.0000e+00   2.6473e+02
20190825_19:00:00   1.2223e-01   3.5178e+01   2.8318e+00   0.0000e+00   0.0000e+00   2.6536e+02
20190825_20:00:00   1.2011e-01   3.4721e+01   2.7670e+00   0.0000e+00   0.0000e+00   2.6683e+02
20190825_21:00:00   1.1578e-01   3.3745e+01   2.6463e+00   0.0000e+00   0.0000e+00   2.6596e+02
20190825_22:00:00   1.1488e-01   3.3596e+01   2.6019e+00   0.0000e+00   0.0000e+00   2.6615e+02
20190825_23:00:00   1.1597e-01   3.3883e+01   2.6212e+00   0.0000e+00   0.0000e+00   2.6686e+02
20190826_00:00:00   1.1565e-01   3.3839e+01   2.6062e+00   0.0000e+00   0.0000e+00   2.6712e+02
20190826_01:00:00   1.1562e-01   3.3866e+01   2.5993e+00   0.0000e+00   0.0000e+00   2.6695e+02
20190826_02:00:00   1.1684e-01   3.4160e+01   2.6286e+00   0.0000e+00   0.0000e+00   2.6674e+02
20190826_03:00:00   1.1599e-01   3.3950e+01   2.6191e+00   0.0000e+00   0.0000e+00   2.6799e+02
20190826_04:00:00   1.1701e-01   3.4183e+01   2.6500e+00   0.0000e+00   0.0000e+00   2.6834e+02
20190826_05:00:00   1.1833e-01   3.4495e+01   2.6843e+00   0.0000e+00   0.0000e+00   2.6714e+02
20190826_06:00:00   1.1835e-01   3.4501e+01   2.6805e+00   0.0000e+00   0.0000e+00   2.6825e+02
20190826_07:00:00   1.1521e-01   3.3755e+01   2.6013e+00   0.0000e+00   0.0000e+00   2.6898e+02
20190826_08:00:00   1.1314e-01   3.3266e+01   2.5523e+00   0.0000e+00   0.0000e+00   2.6972e+02
20190826_09:00:00   1.1163e-01   3.2893e+01   2.5205e+00   0.0000e+00   1.6712e-05   2.6934e+02
20190826_10:00:00   1.1308e-01   3.3228e+01   2.5600e+00   0.0000e+00   9.6136e-05   2.6814e+02
20190826_11:00:00   1.1289e-01   3.3157e+01   2.5641e+00   0.0000e+00   1.6100e-04   2.6698e+02
20190826_12:00:00   1.1488e-01   3.3631e+01   2.6134e+00   0.0000e+00   1.7691e-04   2.6666e+02
20190826_13:00:00   1.1882e-01   3.4595e+01   2.6974e+00   0.0000e+00   6.4559e-06   2.6715e+02
20190826_14:00:00   1.1975e-01   3.4817e+01   2.7167e+00   0.0000e+00   4.2500e-07   2.6675e+02
20190826_15:00:00   1.2331e-01   3.5677e+01   2.7976e+00   0.0000e+00   0.0000e+00   2.6514e+02
20190826_16:00:00   1.2209e-01   3.5400e+01   2.7693e+00   0.0000e+00   0.0000e+00   2.6435e+02
20190826_17:00:00   1.1680e-01   3.4136e+01   2.6511e+00   0.0000e+00   0.0000e+00   2.6405e+02
20190826_18:00:00   1.1205e-01   3.2989e+01   2.5447e+00   0.0000e+00   1.0476e-05   2.6454e+02
20190826_19:00:00   1.0263e-01   3.0682e+01   2.3292e+00   0.0000e+00   6.6099e-05   2.6336e+02
20190826_20:00:00   9.2158e-02   2.8111e+01   2.0828e+00   0.0000e+00   1.1742e-05   2.6312e+02
20190826_21:00:00   8.7458e-02   2.6949e+01   1.9706e+00   0.0000e+00   0.0000e+00   2.6286e+02
20190826_22:00:00   8.3460e-02   2.5945e+01   1.8584e+00   2.5590e-04   1.3644e-04   2.6249e+02
20190826_23:00:00   8.4674e-02   2.6274e+01   1.8262e+00   1.1760e-03   3.1211e-03   2.6394e+02
20190827_00:00:00   8.8557e-02   2.7261e+01   1.8872e+00   1.6520e-03   4.3932e-03   2.6381e+02
20190827_03:00:00   8.7848e-02   2.7099e+01   1.9582e+00   0.0000e+00   9.0927e-04   2.6423e+02
20190827_06:00:00   8.9032e-02   2.7432e+01   1.9637e+00   0.0000e+00   5.0540e-06   2.6456e+02
20190827_09:00:00   8.0670e-02   2.5286e+01   1.7717e+00   0.0000e+00   1.1912e-04   2.6652e+02
20190827_12:00:00   7.3800e-02   2.3502e+01   1.6176e+00   0.0000e+00   3.8083e-04   2.6484e+02
20190827_15:00:00   7.5306e-02   2.3916e+01   1.6427e+00   0.0000e+00   5.1261e-05   2.6379e+02
20190827_18:00:00   7.6325e-02   2.4205e+01   1.6658e+00   0.0000e+00   1.6426e-05   2.6256e+02
20190827_21:00:00   7.7279e-02   2.4408e+01   1.6989e+00   0.0000e+00   0.0000e+00   2.6374e+02
20190828_00:00:00   7.7800e-02   2.4508e+01   1.7183e+00   0.0000e+00   2.6560e-07   2.6081e+02
20190828_03:00:00   7.4768e-02   2.3777e+01   1.6377e+00   0.0000e+00   0.0000e+00   2.6089e+02
20190828_06:00:00   7.0866e-02   2.2818e+01   1.5398e+00   0.0000e+00   0.0000e+00   2.6260e+02
20190828_09:00:00   7.2129e-02   2.3137e+01   1.5670e+00   0.0000e+00   0.0000e+00   2.6436e+02
20190828_12:00:00   7.4494e-02   2.3766e+01   1.6101e+00   0.0000e+00   0.0000e+00   2.6382e+02
20190828_15:00:00   6.9148e-02   2.2424e+01   1.4698e+00   0.0000e+00   0.0000e+00   2.6388e+02
20190828_18:00:00   6.8082e-02   2.2090e+01   1.4654e+00   0.0000e+00   1.9642e-05   2.6355e+02
20190828_21:00:00   7.0821e-02   2.2761e+01   1.5433e+00   0.0000e+00   5.5380e-05   2.6348e+02
20190829_00:00:00   7.2709e-02   2.3302e+01   1.5655e+00   0.0000e+00   1.8842e-05   2.6336e+02
20190829_03:00:00   6.8977e-02   2.2394e+01   1.4753e+00   0.0000e+00   0.0000e+00   2.6314e+02
20190829_06:00:00   6.6502e-02   2.1773e+01   1.4103e+00   0.0000e+00   0.0000e+00   2.6510e+02
20190829_09:00:00   6.6575e-02   2.1791e+01   1.4059e+00   0.0000e+00   0.0000e+00   2.6989e+02
20190829_12:00:00   6.6364e-02   2.1730e+01   1.3998e+00   0.0000e+00   0.0000e+00   2.6943e+02
20190829_15:00:00   6.5202e-02   2.1437e+01   1.3714e+00   0.0000e+00   0.0000e+00   2.6794e+02
20190829_18:00:00   6.5286e-02   2.1456e+01   1.3709e+00   0.0000e+00   0.0000e+00   2.6494e+02
20190829_21:00:00   6.9327e-02   2.2443e+01   1.4799e+00   0.0000e+00   0.0000e+00   2.6555e+02
20190830_00:00:00   7.4206e-02   2.3656e+01   1.6048e+00   0.0000e+00   0.0000e+00   2.6419e+02
20190830_03:00:00   7.2244e-02   2.3139e+01   1.5612e+00   0.0000e+00   0.0000e+00   2.6362e+02
20190830_06:00:00   7.1081e-02   2.2794e+01   1.5527e+00   0.0000e+00   7.1780e-06   2.6404e+02
20190830_09:00:00   7.3261e-02   2.3334e+01   1.6053e+00   0.0000e+00   0.0000e+00   2.6388e+02
20190830_12:00:00   7.3087e-02   2.3254e+01   1.6108e+00   0.0000e+00   0.0000e+00   2.6347e+02
20190830_15:00:00   7.2839e-02   2.3127e+01   1.6206e+00   0.0000e+00   0.0000e+00   2.6029e+02
20190830_18:00:00   7.7433e-02   2.4201e+01   1.7574e+00   0.0000e+00   8.7900e-06   2.5952e+02
20190830_21:00:00   8.2079e-02   2.5283e+01   1.8916e+00   0.0000e+00   1.7304e-03   2.6146e+02
20190831_00:00:00   9.1468e-02   2.7653e+01   2.1022e+00   0.0000e+00   1.6597e-04   2.5960e+02
20190831_03:00:00   9.2994e-02   2.8031e+01   2.1463e+00   0.0000e+00   0.0000e+00   2.5972e+02
20190831_06:00:00   9.7189e-02   2.8966e+01   2.2725e+00   0.0000e+00   2.2720e-04   2.6266e+02
20190831_09:00:00   9.3606e-02   2.8053e+01   2.1967e+00   0.0000e+00   0.0000e+00   2.6275e+02
20190831_12:00:00   9.7058e-02   2.8851e+01   2.2819e+00   0.0000e+00   0.0000e+00   2.6578e+02
20190831_15:00:00   1.0612e-01   3.0940e+01   2.5270e+00   0.0000e+00   0.0000e+00   2.6495e+02
20190831_18:00:00   1.0987e-01   3.1866e+01   2.6104e+00   0.0000e+00   0.0000e+00   2.6432e+02
20190831_21:00:00   1.2036e-01   3.4408e+01   2.8525e+00   0.0000e+00   0.0000e+00   2.6335e+02
20190901_00:00:00   1.2539e-01   3.5617e+01   2.9569e+00   0.0000e+00   0.0000e+00   2.6396e+02
20190901_03:00:00   1.9062e-01   5.0653e+01   3.7648e+00   1.2234e-02   0.0000e+00   2.6328e+02
20190901_06:00:00   1.8318e-01   4.8838e+01   4.2822e+00   0.0000e+00   0.0000e+00   2.6513e+02
20190901_09:00:00   1.5861e-01   4.3385e+01   3.6732e+00   0.0000e+00   0.0000e+00   2.7045e+02
20190901_12:00:00   1.7184e-01   4.6354e+01   3.9526e+00   0.0000e+00   0.0000e+00   2.6770e+02
20190901_15:00:00   2.0237e-01   5.3060e+01   4.5911e+00   7.4812e-05   2.1055e-04   2.6556e+02
20190901_18:00:00   4.5145e-01   1.0170e+02   5.6671e+00   7.8509e-02   2.4952e-04   2.6685e+02
20190901_21:00:00   3.7823e-01   8.8556e+01   7.0218e+00   1.8777e-02   9.9841e-05   2.6632e+02
20190902_00:00:00   5.6749e-01   1.2022e+02   8.2334e+00   7.2912e-02   1.0283e-04   2.6639e+02
20190902_03:00:00   2.6296e+00   2.5321e+02   1.1031e+01   8.9189e-01   4.9346e-01   2.6817e+02
20190902_06:00:00   4.0466e-01   9.2984e+01   8.4147e+00   1.3117e-03   1.2069e-02   2.7131e+02
20190902_09:00:00   4.0771e-01   9.3471e+01   8.3488e+00   2.3698e-03   3.6902e-04   2.7126e+02
20190902_12:00:00   3.9213e-01   9.0659e+01   7.9876e+00   3.1998e-03   2.4739e-04   2.7363e+02
20190902_15:00:00   3.8223e-01   8.8810e+01   7.9381e+00   1.7152e-04   8.2354e-06   2.7386e+02
20190902_18:00:00   3.7336e-01   8.7261e+01   7.7427e+00   0.0000e+00   1.0278e-04   2.7335e+02
20190902_21:00:00   3.6817e-01   8.6304e+01   7.6569e+00   0.0000e+00   0.0000e+00   2.7376e+02
20190903_00:00:00   4.1940e-01   9.5160e+01   8.3784e+00   8.4264e-03   7.3270e-02   2.7167e+02
20190903_03:00:00   4.4399e-01   9.9158e+01   9.1251e+00   5.3190e-03   6.4678e-02   2.7049e+02
20190903_06:00:00   4.3825e-01   9.8195e+01   9.2685e+00   7.2100e-04   3.3737e-03   2.6948e+02
20190903_09:00:00   4.4984e-01   1.0021e+02   9.2555e+00   4.7154e-03   7.1609e-03   2.7131e+02
20190903_12:00:00   4.0635e-01   9.2724e+01   8.6257e+00   0.0000e+00   3.7715e-04   2.7184e+02
20190903_15:00:00   3.8648e-01   8.9222e+01   8.2081e+00   0.0000e+00   2.1501e-03   2.7167e+02
20190903_18:00:00   3.8421e-01   8.8959e+01   8.1234e+00   0.0000e+00   6.5000e-06   2.7098e+02
20190903_21:00:00   3.7599e-01   8.7571e+01   7.9559e+00   0.0000e+00   5.0540e-06   2.7177e+02
20190904_00:00:00   3.9942e-01   9.1717e+01   8.4916e+00   0.0000e+00   6.9420e-03   2.6931e+02
20190904_03:00:00   3.7319e-01   8.7054e+01   7.9893e+00   0.0000e+00   4.4306e-03   2.6890e+02
20190904_06:00:00   3.2438e-01   7.8105e+01   6.9727e+00   0.0000e+00   0.0000e+00   2.6582e+02
20190904_09:00:00   2.9482e-01   7.2316e+01   6.3686e+00   0.0000e+00   0.0000e+00   2.6617e+02
20190904_12:00:00   2.6670e-01   6.6697e+01   5.7899e+00   0.0000e+00   0.0000e+00   2.6655e+02
20190904_15:00:00   2.4923e-01   6.3173e+01   5.4095e+00   0.0000e+00   5.7440e-06   2.6193e+02
20190904_18:00:00   2.3341e-01   6.0015e+01   5.0302e+00   0.0000e+00   3.7380e-05   2.6171e+02
20190904_21:00:00   1.9382e-01   5.1506e+01   4.2450e+00   0.0000e+00   1.0550e-04   2.6291e+02
20190905_00:00:00   1.7891e-01   4.8207e+01   3.8813e+00   1.3360e-03   1.3524e-05   2.6090e+02
20190905_03:00:00   2.4079e-01   6.1810e+01   4.2205e+00   2.0530e-02   2.2020e-06   2.5764e+02
20190905_06:00:00   2.2041e-01   5.7369e+01   4.8207e+00   0.0000e+00   8.3580e-05   2.5774e+02
20190905_09:00:00   2.6873e-01   6.7392e+01   5.8268e+00   0.0000e+00   5.0540e-07   2.6095e+02
20190905_12:00:00   2.9317e-01   7.2145e+01   6.3938e+00   0.0000e+00   4.0258e-03   2.6001e+02
20190905_15:00:00   2.9536e-01   7.2461e+01   6.5494e+00   0.0000e+00   7.9305e-04   2.5807e+02
20190905_18:00:00   3.1171e-01   7.5787e+01   6.8598e+00   8.3090e-05   1.0663e-04   2.5960e+02
20190905_21:00:00   3.2742e-01   7.8950e+01   7.1244e+00   0.0000e+00   6.5480e-06   2.5960e+02
20190906_00:00:00   4.7872e-01   1.0615e+02   7.9621e+00   4.5725e-02   0.0000e+00   2.5984e+02
20190906_03:00:00   2.2565e+00   2.4540e+02   9.8990e+00   7.3973e-01   3.8543e-03   2.5856e+02
20190906_06:00:00   1.3336e+00   2.0215e+02   9.6103e+00   3.6288e-01   3.8302e-03   2.5831e+02
20190906_09:00:00   4.5223e-01   1.0135e+02   9.4649e+00   3.4505e-03   5.7800e-03   2.6045e+02
20190906_12:00:00   4.2289e-01   9.6221e+01   9.1084e+00   0.0000e+00   4.2285e-05   2.5850e+02
20190906_15:00:00   3.8177e-01   8.8831e+01   8.4016e+00   0.0000e+00   0.0000e+00   2.5930e+02
20190906_18:00:00   3.1513e-01   7.6288e+01   7.1505e+00   0.0000e+00   0.0000e+00   2.5954e+02
20190906_21:00:00   3.1648e-01   7.6598e+01   7.2077e+00   0.0000e+00   0.0000e+00   2.5835e+02
20190907_00:00:00   5.1458e-01   1.1221e+02   8.4716e+00   5.4280e-02   1.6462e-05   2.5831e+02
