#            date       tau225        Tb[K]      pwv[mm] lwp[kg*m^-2] iwp[kg*m^-2]       o3[DU]
20190703_12:00:00   1.1883e-01   3.4569e+01   2.6348e+00   0.0000e+00   0.0000e+00   2.6210e+02
20190703_13:00:00   1.2183e-01   3.5227e+01   2.7139e+00   0.0000e+00   0.0000e+00   2.6234e+02
20190703_14:00:00   1.2579e-01   3.6101e+01   2.8260e+00   0.0000e+00   0.0000e+00   2.6199e+02
20190703_15:00:00   1.2475e-01   3.5878e+01   2.7936e+00   0.0000e+00   0.0000e+00   2.6242e+02
20190703_16:00:00   1.2365e-01   3.5627e+01   2.7611e+00   0.0000e+00   0.0000e+00   2.6398e+02
20190703_17:00:00   1.2460e-01   3.5848e+01   2.7861e+00   0.0000e+00   0.0000e+00   2.6392e+02
20190703_18:00:00   1.2627e-01   3.6236e+01   2.8293e+00   0.0000e+00   0.0000e+00   2.6313e+02
20190703_19:00:00   1.2835e-01   3.6702e+01   2.8858e+00   0.0000e+00   0.0000e+00   2.6225e+02
20190703_20:00:00   1.2972e-01   3.7005e+01   2.9281e+00   0.0000e+00   0.0000e+00   2.6427e+02
20190703_21:00:00   1.3415e-01   3.8009e+01   3.0511e+00   0.0000e+00   0.0000e+00   2.6589e+02
20190703_22:00:00   1.3835e-01   3.8981e+01   3.1531e+00   0.0000e+00   0.0000e+00   2.6559e+02
20190703_23:00:00   1.5436e-01   4.2729e+01   3.3363e+00   3.1580e-03   0.0000e+00   2.6602e+02
20190704_00:00:00   1.9769e-01   5.2679e+01   3.4195e+00   1.9030e-02   0.0000e+00   2.6230e+02
20190704_01:00:00   2.7663e-01   6.9709e+01   3.6469e+00   4.6430e-02   0.0000e+00   2.6052e+02
20190704_02:00:00   2.1522e-01   5.6573e+01   3.6524e+00   2.1910e-02   4.3460e-06   2.6175e+02
20190704_03:00:00   1.5645e-01   4.3117e+01   3.5577e+00   7.3920e-04   1.1880e-05   2.6221e+02
20190704_04:00:00   1.5738e-01   4.3294e+01   3.5546e+00   1.4930e-03   6.3823e-05   2.6284e+02
20190704_05:00:00   1.5389e-01   4.2398e+01   3.5693e+00   2.5010e-04   1.9892e-03   2.6340e+02
20190704_06:00:00   1.5181e-01   4.1856e+01   3.5577e+00   0.0000e+00   4.6937e-03   2.6296e+02
20190704_07:00:00   1.5534e-01   4.2626e+01   3.6567e+00   0.0000e+00   1.1084e-03   2.6282e+02
20190704_08:00:00   1.5916e-01   4.3459e+01   3.7623e+00   0.0000e+00   1.9582e-04   2.6431e+02
20190704_09:00:00   1.6200e-01   4.4088e+01   3.8240e+00   0.0000e+00   2.0641e-03   2.6662e+02
20190704_10:00:00   1.6414e-01   4.4603e+01   3.8582e+00   0.0000e+00   2.4843e-04   2.7010e+02
20190704_11:00:00   1.6493e-01   4.4807e+01   3.8599e+00   0.0000e+00   4.2882e-04   2.7246e+02
20190704_12:00:00   1.7096e-01   4.6168e+01   3.9830e+00   0.0000e+00   0.0000e+00   2.7529e+02
20190704_13:00:00   1.7710e-01   4.7518e+01   4.1175e+00   0.0000e+00   0.0000e+00   2.7921e+02
20190704_14:00:00   1.8065e-01   4.8330e+01   4.1836e+00   0.0000e+00   0.0000e+00   2.8335e+02
20190704_15:00:00   1.8106e-01   4.8476e+01   4.1692e+00   0.0000e+00   0.0000e+00   2.8029e+02
20190704_16:00:00   1.8325e-01   4.8967e+01   4.2105e+00   0.0000e+00   0.0000e+00   2.8097e+02
20190704_17:00:00   1.7594e-01   4.7419e+01   4.0370e+00   0.0000e+00   0.0000e+00   2.8448e+02
20190704_18:00:00   1.6935e-01   4.6026e+01   3.8630e+00   0.0000e+00   0.0000e+00   2.8493e+02
20190704_19:00:00   1.6712e-01   4.5546e+01   3.7954e+00   0.0000e+00   5.9680e-05   2.8692e+02
20190704_20:00:00   1.6308e-01   4.4632e+01   3.7057e+00   0.0000e+00   1.8772e-03   2.8876e+02
20190704_21:00:00   1.6680e-01   4.5393e+01   3.8209e+00   0.0000e+00   2.6875e-03   2.8763e+02
20190704_22:00:00   1.6836e-01   4.5741e+01   3.8599e+00   0.0000e+00   4.9458e-05   2.8798e+02
20190704_23:00:00   1.7929e-01   4.8175e+01   4.0655e+00   9.9210e-04   0.0000e+00   2.8784e+02
20190705_00:00:00   2.3171e-01   5.9835e+01   4.2285e+00   1.9240e-02   0.0000e+00   2.8557e+02
20190705_01:00:00   3.2351e-01   7.8847e+01   4.4020e+00   5.2850e-02   0.0000e+00   2.8463e+02
20190705_02:00:00   2.9789e-01   7.3702e+01   4.4577e+00   4.1750e-02   1.6478e-05   2.8654e+02
20190705_03:00:00   2.3492e-01   6.0461e+01   4.4431e+00   1.7350e-02   1.3915e-04   2.8463e+02
20190705_04:00:00   2.1159e-01   5.5251e+01   4.4551e+00   8.4570e-03   7.7223e-04   2.8436e+02
20190705_05:00:00   1.9009e-01   5.0335e+01   4.4485e+00   5.7720e-04   6.3460e-04   2.8285e+02
20190705_06:00:00   1.8611e-01   4.9440e+01   4.3970e+00   0.0000e+00   4.2267e-04   2.8284e+02
20190705_07:00:00   1.8500e-01   4.9166e+01   4.3844e+00   0.0000e+00   1.1910e-03   2.8334e+02
20190705_08:00:00   1.8549e-01   4.9224e+01   4.4146e+00   0.0000e+00   3.4988e-03   2.8280e+02
20190705_09:00:00   1.8609e-01   4.9319e+01   4.4425e+00   0.0000e+00   6.3372e-03   2.8369e+02
20190705_10:00:00   1.8877e-01   4.9827e+01   4.5219e+00   0.0000e+00   9.0591e-03   2.8513e+02
20190705_11:00:00   1.9241e-01   5.0536e+01   4.6346e+00   0.0000e+00   6.1575e-03   2.8611e+02
20190705_12:00:00   1.9302e-01   5.0641e+01   4.6545e+00   0.0000e+00   4.5764e-03   2.8862e+02
20190705_13:00:00   1.8925e-01   4.9842e+01   4.5549e+00   0.0000e+00   1.6052e-03   2.8876e+02
20190705_14:00:00   1.8377e-01   4.8723e+01   4.3913e+00   0.0000e+00   4.4820e-04   2.9056e+02
20190705_15:00:00   1.7960e-01   4.7832e+01   4.2730e+00   0.0000e+00   4.2840e-04   2.8913e+02
20190705_16:00:00   1.7680e-01   4.7259e+01   4.1908e+00   0.0000e+00   2.9963e-04   2.8689e+02
20190705_17:00:00   1.7849e-01   4.7660e+01   4.2179e+00   0.0000e+00   1.1038e-04   2.8740e+02
20190705_18:00:00   1.7974e-01   4.7986e+01   4.2318e+00   0.0000e+00   1.0300e-04   2.8758e+02
20190705_19:00:00   1.7940e-01   4.7943e+01   4.2183e+00   0.0000e+00   1.4486e-04   2.8783e+02
20190705_20:00:00   1.7708e-01   4.7446e+01   4.1633e+00   0.0000e+00   1.9214e-04   2.8834e+02
20190705_21:00:00   1.7499e-01   4.7002e+01   4.1122e+00   0.0000e+00   1.0286e-04   2.8618e+02
20190705_22:00:00   1.7483e-01   4.6969e+01   4.1161e+00   0.0000e+00   5.1580e-05   2.8588e+02
20190705_23:00:00   1.7542e-01   4.7128e+01   4.1303e+00   0.0000e+00   4.0080e-05   2.8470e+02
20190706_00:00:00   1.7712e-01   4.7524e+01   4.1569e+00   8.4770e-05   1.8614e-05   2.8318e+02
20190706_01:00:00   1.7646e-01   4.7367e+01   4.1417e+00   0.0000e+00   4.6320e-05   2.8287e+02
20190706_02:00:00   1.7698e-01   4.7484e+01   4.1565e+00   0.0000e+00   8.1580e-06   2.8171e+02
20190706_03:00:00   1.7967e-01   4.8100e+01   4.2050e+00   2.5340e-04   8.1580e-06   2.7942e+02
20190706_04:00:00   1.8148e-01   4.8552e+01   4.2307e+00   5.1200e-04   8.1580e-06   2.7987e+02
20190706_05:00:00   1.8265e-01   4.8846e+01   4.2722e+00   0.0000e+00   0.0000e+00   2.8245e+02
20190706_06:00:00   1.8933e-01   5.0345e+01   4.4114e+00   0.0000e+00   0.0000e+00   2.8228e+02
20190706_07:00:00   1.9919e-01   5.2527e+01   4.6242e+00   0.0000e+00   0.0000e+00   2.8269e+02
20190706_08:00:00   2.0822e-01   5.4510e+01   4.8133e+00   0.0000e+00   0.0000e+00   2.8470e+02
20190706_09:00:00   2.1176e-01   5.5286e+01   4.8801e+00   0.0000e+00   7.1780e-07   2.8508e+02
20190706_10:00:00   2.1191e-01   5.5321e+01   4.8803e+00   0.0000e+00   0.0000e+00   2.8547e+02
20190706_11:00:00   2.1127e-01   5.5184e+01   4.8602e+00   0.0000e+00   0.0000e+00   2.8372e+02
20190706_12:00:00   2.1173e-01   5.5288e+01   4.8660e+00   0.0000e+00   0.0000e+00   2.8335e+02
20190706_13:00:00   2.0895e-01   5.4691e+01   4.8013e+00   0.0000e+00   0.0000e+00   2.8191e+02
20190706_14:00:00   2.0805e-01   5.4502e+01   4.7731e+00   0.0000e+00   0.0000e+00   2.8187e+02
20190706_15:00:00   2.1110e-01   5.5174e+01   4.8281e+00   0.0000e+00   0.0000e+00   2.8268e+02
20190706_16:00:00   2.1275e-01   5.5540e+01   4.8501e+00   0.0000e+00   0.0000e+00   2.8297e+02
20190706_17:00:00   2.1102e-01   5.5199e+01   4.8014e+00   0.0000e+00   0.0000e+00   2.8312e+02
20190706_18:00:00   2.0692e-01   5.4345e+01   4.7061e+00   0.0000e+00   0.0000e+00   2.8213e+02
20190706_19:00:00   2.0139e-01   5.3180e+01   4.5792e+00   0.0000e+00   0.0000e+00   2.8168e+02
20190706_20:00:00   1.9593e-01   5.2020e+01   4.4502e+00   0.0000e+00   0.0000e+00   2.8154e+02
20190706_21:00:00   1.8862e-01   5.0450e+01   4.2780e+00   0.0000e+00   0.0000e+00   2.7914e+02
20190706_22:00:00   1.8470e-01   4.9636e+01   4.1845e+00   0.0000e+00   0.0000e+00   2.7881e+02
20190706_23:00:00   1.8757e-01   5.0319e+01   4.2297e+00   0.0000e+00   0.0000e+00   2.7836e+02
20190707_00:00:00   1.9392e-01   5.1782e+01   4.3421e+00   0.0000e+00   0.0000e+00   2.7778e+02
20190707_01:00:00   2.0453e-01   5.4165e+01   4.5460e+00   0.0000e+00   0.0000e+00   2.7775e+02
20190707_02:00:00   2.0827e-01   5.4984e+01   4.6356e+00   0.0000e+00   0.0000e+00   2.7687e+02
20190707_03:00:00   2.0077e-01   5.3334e+01   4.4880e+00   0.0000e+00   0.0000e+00   2.7740e+02
20190707_04:00:00   1.8962e-01   5.0899e+01   4.2452e+00   0.0000e+00   0.0000e+00   2.7664e+02
20190707_05:00:00   1.7795e-01   4.8306e+01   3.9950e+00   0.0000e+00   0.0000e+00   2.7526e+02
20190707_06:00:00   1.7035e-01   4.6611e+01   3.8235e+00   0.0000e+00   0.0000e+00   2.7286e+02
20190707_07:00:00   1.6954e-01   4.6454e+01   3.7999e+00   0.0000e+00   0.0000e+00   2.7272e+02
20190707_08:00:00   1.6947e-01   4.6453e+01   3.7952e+00   0.0000e+00   0.0000e+00   2.7233e+02
20190707_09:00:00   1.6823e-01   4.6166e+01   3.7659e+00   0.0000e+00   0.0000e+00   2.7295e+02
20190707_10:00:00   1.6360e-01   4.5102e+01   3.6653e+00   0.0000e+00   0.0000e+00   2.7273e+02
20190707_11:00:00   1.5716e-01   4.3611e+01   3.5274e+00   0.0000e+00   0.0000e+00   2.7310e+02
20190707_12:00:00   1.4815e-01   4.1518e+01   3.3316e+00   0.0000e+00   0.0000e+00   2.7301e+02
20190707_13:00:00   1.4242e-01   4.0175e+01   3.1987e+00   0.0000e+00   0.0000e+00   2.7248e+02
20190707_14:00:00   1.3871e-01   3.9309e+01   3.1140e+00   0.0000e+00   0.0000e+00   2.7211e+02
20190707_15:00:00   1.3414e-01   3.8232e+01   3.0080e+00   0.0000e+00   0.0000e+00   2.7128e+02
20190707_16:00:00   1.3265e-01   3.7879e+01   2.9756e+00   0.0000e+00   0.0000e+00   2.7095e+02
20190707_17:00:00   1.3041e-01   3.7372e+01   2.9249e+00   0.0000e+00   0.0000e+00   2.7160e+02
20190707_18:00:00   1.2840e-01   3.6918e+01   2.8789e+00   0.0000e+00   0.0000e+00   2.7243e+02
20190707_19:00:00   1.2750e-01   3.6726e+01   2.8598e+00   0.0000e+00   0.0000e+00   2.7239e+02
20190707_20:00:00   1.2646e-01   3.6491e+01   2.8325e+00   0.0000e+00   0.0000e+00   2.7229e+02
20190707_21:00:00   1.2644e-01   3.6488e+01   2.8330e+00   0.0000e+00   0.0000e+00   2.7354e+02
20190707_22:00:00   1.2699e-01   3.6620e+01   2.8465e+00   0.0000e+00   0.0000e+00   2.7450e+02
20190707_23:00:00   1.2608e-01   3.6407e+01   2.8292e+00   0.0000e+00   0.0000e+00   2.7545e+02
20190708_00:00:00   1.2430e-01   3.5989e+01   2.7889e+00   0.0000e+00   0.0000e+00   2.7564e+02
20190708_01:00:00   1.2377e-01   3.5884e+01   2.7707e+00   0.0000e+00   0.0000e+00   2.7524e+02
20190708_02:00:00   1.2129e-01   3.5290e+01   2.7123e+00   0.0000e+00   0.0000e+00   2.7724e+02
20190708_03:00:00   1.1791e-01   3.4490e+01   2.6336e+00   0.0000e+00   0.0000e+00   2.7882e+02
20190708_04:00:00   1.1743e-01   3.4387e+01   2.6174e+00   0.0000e+00   0.0000e+00   2.8049e+02
20190708_05:00:00   1.1729e-01   3.4371e+01   2.6118e+00   0.0000e+00   0.0000e+00   2.8217e+02
20190708_06:00:00   1.1631e-01   3.4146e+01   2.5798e+00   0.0000e+00   0.0000e+00   2.8340e+02
20190708_07:00:00   1.1590e-01   3.4071e+01   2.5597e+00   0.0000e+00   0.0000e+00   2.8294e+02
20190708_08:00:00   1.1433e-01   3.3693e+01   2.5209e+00   0.0000e+00   0.0000e+00   2.8544e+02
20190708_09:00:00   1.0753e-01   3.2035e+01   2.3652e+00   0.0000e+00   0.0000e+00   2.8395e+02
20190708_10:00:00   9.9993e-02   3.0169e+01   2.1964e+00   0.0000e+00   0.0000e+00   2.8440e+02
20190708_11:00:00   9.5811e-02   2.9118e+01   2.1021e+00   0.0000e+00   0.0000e+00   2.8423e+02
20190708_12:00:00   9.8540e-02   2.9764e+01   2.1720e+00   0.0000e+00   0.0000e+00   2.8430e+02
20190708_15:00:00   1.1585e-01   3.3993e+01   2.5519e+00   0.0000e+00   0.0000e+00   2.8514e+02
20190708_18:00:00   1.8543e-01   5.0309e+01   3.9378e+00   9.1780e-04   0.0000e+00   2.8418e+02
20190708_21:00:00   3.9376e-01   9.2837e+01   5.4258e+00   5.3633e-02   0.0000e+00   2.8546e+02
20190709_00:00:00   5.9830e-01   1.2650e+02   6.3895e+00   1.1642e-01   0.0000e+00   2.8356e+02
20190709_03:00:00   4.5197e-01   1.0252e+02   6.8217e+00   5.7308e-02   7.8656e-05   2.8574e+02
20190709_06:00:00   7.8516e-01   1.5142e+02   7.6241e+00   1.7368e-01   6.3335e-04   2.8709e+02
20190709_09:00:00   3.7411e-01   8.7943e+01   8.0928e+00   1.6670e-03   3.9991e-04   2.8368e+02
20190709_12:00:00   4.3858e-01   9.9433e+01   7.9419e+00   2.9082e-02   1.0014e-03   2.8110e+02
20190709_15:00:00   8.4075e-01   1.5720e+02   8.2808e+00   1.8649e-01   2.5518e-04   2.7910e+02
20190709_18:00:00   3.4380e-01   8.2137e+01   7.4071e+00   0.0000e+00   7.5800e-06   2.7879e+02
20190709_21:00:00   2.8535e-01   7.0989e+01   6.1428e+00   0.0000e+00   2.7920e-06   2.8048e+02
20190710_00:00:00   3.3602e-01   8.0797e+01   7.0881e+00   3.0260e-03   9.9266e-04   2.7916e+02
20190710_03:00:00   2.5406e-01   6.4317e+01   5.4893e+00   3.8407e-03   4.3940e-03   2.7623e+02
20190710_06:00:00   1.9477e-01   5.1601e+01   4.4143e+00   0.0000e+00   2.1036e-03   2.7544e+02
20190710_09:00:00   1.4332e-01   3.9992e+01   3.2616e+00   0.0000e+00   4.4419e-04   2.7543e+02
20190710_12:00:00   1.2684e-01   3.6240e+01   2.8456e+00   0.0000e+00   0.0000e+00   2.7591e+02
20190710_15:00:00   1.3234e-01   3.7536e+01   2.9548e+00   0.0000e+00   0.0000e+00   2.7819e+02
20190710_18:00:00   1.3272e-01   3.7756e+01   2.9219e+00   0.0000e+00   0.0000e+00   2.7881e+02
20190710_21:00:00   1.2639e-01   3.6354e+01   2.7700e+00   0.0000e+00   0.0000e+00   2.8149e+02
20190711_00:00:00   1.3960e-01   3.9458e+01   3.0732e+00   0.0000e+00   1.9642e-05   2.8171e+02
20190711_03:00:00   1.4978e-01   4.1783e+01   3.1720e+00   2.7940e-03   0.0000e+00   2.8116e+02
20190711_06:00:00   1.4074e-01   3.9595e+01   3.1696e+00   0.0000e+00   0.0000e+00   2.8180e+02
20190711_09:00:00   1.5102e-01   4.1936e+01   3.4190e+00   0.0000e+00   0.0000e+00   2.8454e+02
20190711_12:00:00   1.6225e-01   4.4488e+01   3.6674e+00   0.0000e+00   0.0000e+00   2.8591e+02
20190711_15:00:00   1.4503e-01   4.0532e+01   3.2881e+00   0.0000e+00   3.2840e-06   2.8216e+02
20190711_18:00:00   1.3519e-01   3.8336e+01   3.0345e+00   0.0000e+00   5.2380e-06   2.8449e+02
20190711_21:00:00   1.4585e-01   4.0817e+01   3.2678e+00   0.0000e+00   0.0000e+00   2.8334e+02
20190712_00:00:00   1.9555e-01   5.2079e+01   3.9292e+00   8.2540e-03   0.0000e+00   2.8273e+02
20190712_03:00:00   2.0389e-01   5.3772e+01   4.5700e+00   0.0000e+00   0.0000e+00   2.8021e+02
20190712_06:00:00   1.9514e-01   5.1981e+01   4.3394e+00   0.0000e+00   0.0000e+00   2.7737e+02
20190712_09:00:00   1.7677e-01   4.7946e+01   3.9166e+00   0.0000e+00   0.0000e+00   2.7560e+02
20190712_12:00:00   1.6448e-01   4.5142e+01   3.6483e+00   0.0000e+00   0.0000e+00   2.7650e+02
20190712_15:00:00   1.5630e-01   4.3198e+01   3.4752e+00   0.0000e+00   0.0000e+00   2.7638e+02
20190712_18:00:00   1.5693e-01   4.3281e+01   3.5075e+00   0.0000e+00   0.0000e+00   2.7579e+02
20190712_21:00:00   1.4797e-01   4.1319e+01   3.2837e+00   0.0000e+00   0.0000e+00   2.7552e+02
20190713_00:00:00   1.4504e-01   4.0757e+01   3.1600e+00   3.3100e-04   0.0000e+00   2.7725e+02
20190713_03:00:00   1.5023e-01   4.2001e+01   3.2744e+00   0.0000e+00   0.0000e+00   2.7527e+02
20190713_06:00:00   1.4472e-01   4.0735e+01   3.1654e+00   0.0000e+00   0.0000e+00   2.7132e+02
20190713_09:00:00   1.4493e-01   4.0774e+01   3.1662e+00   0.0000e+00   0.0000e+00   2.7103e+02
20190713_12:00:00   1.3931e-01   3.9390e+01   3.0559e+00   0.0000e+00   0.0000e+00   2.7031e+02
20190713_15:00:00   1.2979e-01   3.7126e+01   2.8478e+00   0.0000e+00   0.0000e+00   2.7083e+02
20190713_18:00:00   1.2144e-01   3.5144e+01   2.6705e+00   0.0000e+00   0.0000e+00   2.6665e+02
20190713_21:00:00   1.1426e-01   3.3450e+01   2.5086e+00   0.0000e+00   0.0000e+00   2.6462e+02
20190714_00:00:00   1.3003e-01   3.7278e+01   2.7419e+00   1.9570e-03   0.0000e+00   2.6399e+02
20190714_03:00:00   1.7772e-01   4.8342e+01   3.7135e+00   2.2690e-03   0.0000e+00   2.6720e+02
20190714_06:00:00   1.3522e-01   3.8552e+01   2.9167e+00   0.0000e+00   0.0000e+00   2.6649e+02
20190714_09:00:00   1.0919e-01   3.2345e+01   2.3430e+00   0.0000e+00   0.0000e+00   2.6656e+02
20190714_12:00:00   1.1261e-01   3.3113e+01   2.4405e+00   0.0000e+00   0.0000e+00   2.6519e+02
20190714_15:00:00   1.2361e-01   3.5640e+01   2.7279e+00   0.0000e+00   0.0000e+00   2.6919e+02
20190714_18:00:00   1.3947e-01   3.9235e+01   3.1323e+00   0.0000e+00   0.0000e+00   2.7213e+02
20190714_21:00:00   1.5826e-01   4.3411e+01   3.6211e+00   0.0000e+00   3.0321e-04   2.7088e+02
20190715_00:00:00   1.9562e-01   5.1846e+01   4.0853e+00   6.7800e-03   8.7769e-05   2.7082e+02
20190715_03:00:00   1.8404e-01   4.9245e+01   4.1972e+00   0.0000e+00   1.0772e-04   2.7124e+02
20190715_06:00:00   1.7886e-01   4.8163e+01   4.0694e+00   0.0000e+00   3.1701e-04   2.7152e+02
20190715_09:00:00   1.8608e-01   4.9791e+01   4.2171e+00   0.0000e+00   1.0980e-05   2.7070e+02
20190715_12:00:00   1.7878e-01   4.8159e+01   4.0504e+00   0.0000e+00   1.4456e-03   2.7322e+02
20190715_15:00:00   1.7557e-01   4.7466e+01   3.9726e+00   0.0000e+00   0.0000e+00   2.7420e+02
20190715_18:00:00   1.6640e-01   4.5436e+01   3.7435e+00   0.0000e+00   0.0000e+00   2.7529e+02
20190715_21:00:00   1.6486e-01   4.5175e+01   3.6958e+00   0.0000e+00   0.0000e+00   2.7524e+02
20190716_00:00:00   1.7911e-01   4.8514e+01   3.8921e+00   1.4440e-03   0.0000e+00   2.7826e+02
20190716_03:00:00   3.1673e-01   7.7956e+01   4.0284e+00   5.3240e-02   0.0000e+00   2.7969e+02
20190716_06:00:00   1.6376e-01   4.5111e+01   3.5924e+00   0.0000e+00   0.0000e+00   2.7696e+02
20190716_09:00:00   1.5509e-01   4.3077e+01   3.4152e+00   0.0000e+00   0.0000e+00   2.7697e+02
20190716_12:00:00   1.4728e-01   4.1213e+01   3.2482e+00   0.0000e+00   0.0000e+00   2.8048e+02
20190716_15:00:00   1.2330e-01   3.5536e+01   2.7159e+00   0.0000e+00   0.0000e+00   2.8164e+02
20190716_18:00:00   1.0418e-01   3.0912e+01   2.2929e+00   0.0000e+00   0.0000e+00   2.8381e+02
20190716_21:00:00   9.5413e-02   2.8768e+01   2.0947e+00   0.0000e+00   0.0000e+00   2.8348e+02
20190717_00:00:00   1.0984e-01   3.2352e+01   2.1578e+00   4.6810e-03   0.0000e+00   2.8210e+02
20190717_03:00:00   9.9067e-02   2.9679e+01   2.1801e+00   0.0000e+00   0.0000e+00   2.8326e+02
20190717_06:00:00   9.4656e-02   2.8573e+01   2.0777e+00   0.0000e+00   0.0000e+00   2.8314e+02
20190717_09:00:00   8.9759e-02   2.7347e+01   1.9594e+00   0.0000e+00   0.0000e+00   2.8413e+02
20190717_12:00:00   9.0207e-02   2.7426e+01   1.9695e+00   0.0000e+00   0.0000e+00   2.8564e+02
20190717_15:00:00   8.5602e-02   2.6285e+01   1.8614e+00   0.0000e+00   0.0000e+00   2.8535e+02
20190717_18:00:00   9.5443e-02   2.8761e+01   2.0798e+00   0.0000e+00   0.0000e+00   2.8419e+02
20190717_21:00:00   9.0483e-02   2.7566e+01   1.8932e+00   1.1710e-03   0.0000e+00   2.8385e+02
20190718_00:00:00   1.0065e-01   3.0097e+01   2.0950e+00   1.6190e-03   0.0000e+00   2.8464e+02
20190718_03:00:00   9.3557e-02   2.8286e+01   2.0474e+00   0.0000e+00   0.0000e+00   2.8439e+02
20190718_06:00:00   7.3713e-02   2.3398e+01   1.5670e+00   0.0000e+00   0.0000e+00   2.8515e+02
20190718_09:00:00   7.1299e-02   2.2801e+01   1.5060e+00   0.0000e+00   0.0000e+00   2.8645e+02
20190718_12:00:00   6.5741e-02   2.1392e+01   1.3643e+00   0.0000e+00   0.0000e+00   2.8825e+02
20190718_15:00:00   6.1284e-02   2.0260e+01   1.2569e+00   0.0000e+00   0.0000e+00   2.8552e+02
20190718_18:00:00   5.5419e-02   1.8753e+01   1.1122e+00   0.0000e+00   0.0000e+00   2.8665e+02
20190718_21:00:00   5.6430e-02   1.9022e+01   1.1344e+00   0.0000e+00   0.0000e+00   2.8442e+02
20190719_00:00:00   6.2628e-02   2.0546e+01   1.2984e+00   8.1070e-05   0.0000e+00   2.8323e+02
20190719_03:00:00   6.7614e-02   2.1711e+01   1.4517e+00   0.0000e+00   0.0000e+00   2.8285e+02
20190719_06:00:00   7.6880e-02   2.3945e+01   1.7059e+00   0.0000e+00   0.0000e+00   2.8069e+02
20190719_09:00:00   7.6945e-02   2.3960e+01   1.7093e+00   0.0000e+00   0.0000e+00   2.8040e+02
20190719_12:00:00   7.5968e-02   2.3715e+01   1.6851e+00   0.0000e+00   0.0000e+00   2.8149e+02
