#            date       tau225        Tb[K]      pwv[mm] lwp[kg*m^-2] iwp[kg*m^-2]       o3[DU]
20190809_00:00:00   1.8129e-01   4.9261e+01   4.1083e+00   0.0000e+00   0.0000e+00   2.6403e+02
20190809_01:00:00   1.9154e-01   5.1513e+01   4.3358e+00   0.0000e+00   0.0000e+00   2.6439e+02
20190809_02:00:00   2.0354e-01   5.4132e+01   4.5979e+00   0.0000e+00   6.8074e-05   2.6548e+02
20190809_03:00:00   2.2192e-01   5.8065e+01   5.0112e+00   0.0000e+00   8.7552e-04   2.6611e+02
20190809_04:00:00   2.3899e-01   6.1767e+01   5.0818e+00   5.3540e-03   1.4227e-03   2.6637e+02
20190809_05:00:00   2.1786e-01   5.7185e+01   4.9192e+00   0.0000e+00   4.2780e-03   2.6789e+02
20190809_06:00:00   2.1960e-01   5.7549e+01   4.9577e+00   0.0000e+00   3.9117e-03   2.6801e+02
20190809_07:00:00   2.2230e-01   5.8151e+01   5.0103e+00   0.0000e+00   9.7518e-04   2.6722e+02
20190809_08:00:00   2.2619e-01   5.8991e+01   5.0737e+00   0.0000e+00   1.0334e-03   2.6746e+02
20190809_09:00:00   2.2261e-01   5.8242e+01   4.9934e+00   0.0000e+00   1.3838e-03   2.6832e+02
20190809_10:00:00   2.1556e-01   5.6740e+01   4.8313e+00   0.0000e+00   2.6160e-04   2.6919e+02
20190809_11:00:00   2.1023e-01   5.5520e+01   4.7357e+00   0.0000e+00   1.7757e-03   2.6884e+02
20190809_12:00:00   2.1159e-01   5.5761e+01   4.7755e+00   0.0000e+00   2.3916e-03   2.6889e+02
20190809_13:00:00   2.1058e-01   5.5511e+01   4.7566e+00   0.0000e+00   2.5379e-03   2.6840e+02
20190809_14:00:00   2.0977e-01   5.5310e+01   4.7553e+00   0.0000e+00   5.2205e-03   2.6842e+02
20190809_15:00:00   2.0949e-01   5.5236e+01   4.7668e+00   0.0000e+00   3.5233e-03   2.6818e+02
20190809_16:00:00   2.0740e-01   5.4789e+01   4.7116e+00   0.0000e+00   2.9516e-03   2.6852e+02
20190809_17:00:00   2.0476e-01   5.4230e+01   4.6406e+00   0.0000e+00   2.9233e-03   2.6908e+02
20190809_18:00:00   2.0053e-01   5.3280e+01   4.5562e+00   0.0000e+00   3.4146e-03   2.6813e+02
20190809_19:00:00   1.9574e-01   5.2191e+01   4.4711e+00   0.0000e+00   3.7278e-03   2.6779e+02
20190809_20:00:00   1.9289e-01   5.1530e+01   4.4257e+00   0.0000e+00   2.0969e-03   2.6739e+02
20190809_21:00:00   1.9550e-01   5.2102e+01   4.4799e+00   0.0000e+00   8.2574e-04   2.6755e+02
20190809_22:00:00   1.9270e-01   5.1450e+01   4.4338e+00   0.0000e+00   1.7075e-03   2.6627e+02
20190809_23:00:00   1.9116e-01   5.1062e+01   4.4186e+00   0.0000e+00   7.3001e-03   2.6627e+02
20190810_00:00:00   1.8579e-01   4.9912e+01   4.2976e+00   0.0000e+00   2.5789e-03   2.6586e+02
20190810_01:00:00   1.8940e-01   5.0744e+01   4.3480e+00   2.6800e-04   7.3264e-04   2.6604e+02
20190810_02:00:00   1.9369e-01   5.1700e+01   4.3801e+00   1.4230e-03   6.9814e-04   2.6688e+02
20190810_03:00:00   2.1336e-01   5.6098e+01   4.3615e+00   9.4960e-03   5.3128e-03   2.6678e+02
20190810_04:00:00   1.8320e-01   4.9288e+01   4.2278e+00   2.6790e-04   9.2828e-03   2.6584e+02
20190810_05:00:00   1.7444e-01   4.7325e+01   4.0468e+00   0.0000e+00   9.5995e-03   2.6504e+02
20190810_06:00:00   1.7225e-01   4.6818e+01   3.9990e+00   0.0000e+00   9.3098e-03   2.6511e+02
20190810_07:00:00   1.7185e-01   4.6722e+01   3.9843e+00   0.0000e+00   8.1597e-03   2.6715e+02
20190810_08:00:00   1.6647e-01   4.5482e+01   3.8681e+00   0.0000e+00   9.3320e-03   2.6698e+02
20190810_09:00:00   1.6325e-01   4.4722e+01   3.8007e+00   0.0000e+00   9.6518e-03   2.6727e+02
20190810_10:00:00   1.6022e-01   4.4017e+01   3.7342e+00   0.0000e+00   7.3128e-03   2.6747e+02
20190810_11:00:00   1.5501e-01   4.2798e+01   3.6213e+00   0.0000e+00   4.8447e-03   2.6664e+02
20190810_12:00:00   1.5146e-01   4.1904e+01   3.5681e+00   0.0000e+00   3.9882e-03   2.6702e+02
20190810_13:00:00   1.5242e-01   4.2060e+01   3.6113e+00   0.0000e+00   1.9876e-03   2.6632e+02
20190810_14:00:00   1.5394e-01   4.2324e+01   3.6717e+00   0.0000e+00   4.3785e-03   2.6734e+02
20190810_15:00:00   1.5308e-01   4.2098e+01   3.6589e+00   0.0000e+00   5.7182e-03   2.6595e+02
20190810_16:00:00   1.5260e-01   4.1976e+01   3.6542e+00   0.0000e+00   5.6881e-03   2.6638e+02
20190810_17:00:00   1.5062e-01   4.1542e+01   3.6013e+00   0.0000e+00   5.6041e-03   2.6587e+02
20190810_18:00:00   1.4984e-01   4.1361e+01   3.5796e+00   0.0000e+00   5.6540e-03   2.6715e+02
20190810_19:00:00   1.5060e-01   4.1478e+01   3.6161e+00   0.0000e+00   6.3018e-03   2.6726e+02
20190810_20:00:00   1.4788e-01   4.0863e+01   3.5527e+00   0.0000e+00   4.2528e-03   2.6754e+02
20190810_21:00:00   1.4486e-01   4.0210e+01   3.4722e+00   0.0000e+00   2.3834e-03   2.6695e+02
20190810_22:00:00   1.4539e-01   4.0384e+01   3.4647e+00   0.0000e+00   2.1119e-03   2.6670e+02
20190810_23:00:00   1.4735e-01   4.0838e+01   3.5150e+00   0.0000e+00   4.7226e-03   2.6487e+02
20190811_00:00:00   1.5796e-01   4.3339e+01   3.6015e+00   2.7110e-03   5.9900e-03   2.6374e+02
20190811_01:00:00   2.1783e-01   5.6992e+01   3.7582e+00   2.3720e-02   6.7272e-03   2.6437e+02
20190811_02:00:00   2.4452e-01   6.2804e+01   3.8396e+00   3.2850e-02   5.5831e-03   2.6445e+02
20190811_03:00:00   1.5937e-01   4.3628e+01   3.7915e+00   8.8160e-05   3.6855e-03   2.6470e+02
20190811_04:00:00   1.7744e-01   4.7866e+01   3.8211e+00   6.5200e-03   5.2800e-03   2.6496e+02
20190811_05:00:00   3.4139e-01   8.2779e+01   3.8875e+00   7.0030e-02   7.9236e-03   2.6463e+02
20190811_06:00:00   2.0270e-01   5.3640e+01   3.8459e+00   1.6080e-02   1.0066e-02   2.6502e+02
20190811_07:00:00   1.6372e-01   4.4612e+01   3.8944e+00   0.0000e+00   8.1997e-03   2.6480e+02
20190811_08:00:00   1.5921e-01   4.3558e+01   3.7970e+00   0.0000e+00   5.0395e-03   2.6759e+02
20190811_09:00:00   1.5364e-01   4.2246e+01   3.6769e+00   0.0000e+00   9.1477e-03   2.6758e+02
20190811_10:00:00   1.5110e-01   4.1591e+01   3.6290e+00   0.0000e+00   1.4269e-02   2.6782e+02
20190811_11:00:00   1.5054e-01   4.1426e+01   3.6234e+00   0.0000e+00   1.2488e-02   2.6892e+02
20190811_12:00:00   1.4789e-01   4.0796e+01   3.5650e+00   0.0000e+00   1.6747e-02   2.6866e+02
20190811_13:00:00   1.4824e-01   4.0840e+01   3.5795e+00   0.0000e+00   1.7636e-02   2.6757e+02
20190811_14:00:00   1.4899e-01   4.0953e+01   3.6083e+00   0.0000e+00   1.7756e-02   2.6575e+02
20190811_15:00:00   1.4970e-01   4.1086e+01   3.6319e+00   0.0000e+00   2.0170e-02   2.6667e+02
20190811_16:00:00   1.5073e-01   4.1294e+01   3.6561e+00   0.0000e+00   3.1214e-02   2.6570e+02
20190811_17:00:00   1.5027e-01   4.1182e+01   3.6510e+00   0.0000e+00   1.7798e-02   2.6560e+02
20190811_18:00:00   1.4869e-01   4.0828e+01   3.6093e+00   0.0000e+00   2.3555e-02   2.6695e+02
20190811_19:00:00   1.4764e-01   4.0581e+01   3.5904e+00   0.0000e+00   1.8616e-02   2.6568e+02
20190811_20:00:00   1.4625e-01   4.0233e+01   3.5546e+00   0.0000e+00   2.5192e-02   2.6665e+02
20190811_21:00:00   1.4462e-01   3.9835e+01   3.5187e+00   0.0000e+00   1.8103e-02   2.6486e+02
20190811_22:00:00   1.4339e-01   3.9566e+01   3.4903e+00   0.0000e+00   1.2364e-02   2.6396e+02
20190811_23:00:00   1.4333e-01   3.9595e+01   3.4830e+00   0.0000e+00   4.0792e-03   2.6312e+02
20190812_00:00:00   1.4286e-01   3.9527e+01   3.4601e+00   0.0000e+00   6.0687e-03   2.6340e+02
20190812_01:00:00   1.4270e-01   3.9492e+01   3.4569e+00   0.0000e+00   5.0904e-03   2.6363e+02
20190812_02:00:00   1.4374e-01   3.9726e+01   3.4805e+00   0.0000e+00   8.1349e-03   2.6412e+02
20190812_03:00:00   1.4351e-01   3.9658e+01   3.4808e+00   0.0000e+00   9.2594e-03   2.6450e+02
20190812_04:00:00   1.4379e-01   3.9724e+01   3.4948e+00   0.0000e+00   3.7077e-03   2.6450e+02
20190812_05:00:00   1.4405e-01   3.9773e+01   3.5056e+00   0.0000e+00   9.6145e-03   2.6341e+02
20190812_06:00:00   1.4291e-01   3.9504e+01   3.4804e+00   0.0000e+00   3.9121e-03   2.6441e+02
20190812_07:00:00   1.4017e-01   3.8935e+01   3.3919e+00   0.0000e+00   1.4074e-04   2.6546e+02
20190812_08:00:00   1.4090e-01   3.9075e+01   3.4147e+00   0.0000e+00   2.3690e-03   2.6529e+02
20190812_09:00:00   1.4214e-01   3.9323e+01   3.4483e+00   0.0000e+00   7.9736e-03   2.6725e+02
20190812_10:00:00   1.3778e-01   3.8332e+01   3.3422e+00   0.0000e+00   3.3780e-03   2.6803e+02
20190812_11:00:00   1.3539e-01   3.7740e+01   3.2887e+00   0.0000e+00   1.0475e-02   2.6760e+02
20190812_12:00:00   1.3146e-01   3.6853e+01   3.1791e+00   0.0000e+00   3.4527e-03   2.6797e+02
20190812_13:00:00   1.2547e-01   3.5495e+01   3.0187e+00   0.0000e+00   1.0615e-03   2.6798e+02
20190812_14:00:00   1.1592e-01   3.3302e+01   2.7640e+00   0.0000e+00   3.7816e-05   2.6632e+02
20190812_15:00:00   1.0699e-01   3.1184e+01   2.5377e+00   0.0000e+00   0.0000e+00   2.6596e+02
20190812_16:00:00   9.8125e-02   2.9115e+01   2.3005e+00   0.0000e+00   0.0000e+00   2.6464e+02
20190812_17:00:00   8.9782e-02   2.7107e+01   2.0835e+00   0.0000e+00   0.0000e+00   2.6263e+02
20190812_18:00:00   8.4437e-02   2.5809e+01   1.9461e+00   0.0000e+00   0.0000e+00   2.6323e+02
20190812_19:00:00   8.1272e-02   2.5057e+01   1.8615e+00   0.0000e+00   0.0000e+00   2.6319e+02
20190812_20:00:00   8.0586e-02   2.4917e+01   1.8407e+00   0.0000e+00   3.4220e-04   2.6341e+02
20190812_21:00:00   8.1727e-02   2.5240e+01   1.8603e+00   0.0000e+00   1.9394e-04   2.6491e+02
20190812_22:00:00   8.4959e-02   2.6065e+01   1.9349e+00   0.0000e+00   2.3560e-05   2.6543e+02
20190812_23:00:00   8.8442e-02   2.6906e+01   2.0285e+00   0.0000e+00   1.5162e-06   2.6476e+02
20190813_00:00:00   9.2228e-02   2.7819e+01   2.1292e+00   0.0000e+00   0.0000e+00   2.6490e+02
20190813_01:00:00   9.3935e-02   2.8245e+01   2.1683e+00   0.0000e+00   0.0000e+00   2.6456e+02
20190813_02:00:00   9.5132e-02   2.8535e+01   2.1996e+00   0.0000e+00   6.3200e-04   2.6524e+02
20190813_03:00:00   9.6810e-02   2.8943e+01   2.2437e+00   0.0000e+00   3.0402e-04   2.6765e+02
20190813_04:00:00   9.8907e-02   2.9414e+01   2.3085e+00   0.0000e+00   3.1622e-03   2.6891e+02
20190813_05:00:00   9.9172e-02   2.9464e+01   2.3184e+00   0.0000e+00   2.3746e-03   2.6938e+02
20190813_06:00:00   9.7344e-02   2.8998e+01   2.2775e+00   0.0000e+00   4.6868e-03   2.6989e+02
20190813_07:00:00   9.5809e-02   2.8614e+01   2.2424e+00   0.0000e+00   4.6428e-03   2.6821e+02
20190813_08:00:00   9.4560e-02   2.8316e+01   2.2092e+00   0.0000e+00   5.0702e-03   2.6722e+02
20190813_09:00:00   9.2795e-02   2.7862e+01   2.1696e+00   0.0000e+00   4.0835e-03   2.6645e+02
20190813_10:00:00   9.1466e-02   2.7526e+01   2.1405e+00   0.0000e+00   3.6008e-03   2.6610e+02
20190813_11:00:00   9.2021e-02   2.7646e+01   2.1582e+00   0.0000e+00   1.2016e-03   2.6651e+02
20190813_12:00:00   9.1529e-02   2.7534e+01   2.1405e+00   0.0000e+00   3.9354e-04   2.6637e+02
20190813_13:00:00   9.1655e-02   2.7552e+01   2.1453e+00   0.0000e+00   2.8652e-04   2.6613e+02
20190813_14:00:00   9.0012e-02   2.7125e+01   2.1070e+00   0.0000e+00   4.9340e-04   2.6579e+02
20190813_15:00:00   8.9466e-02   2.6973e+01   2.0966e+00   0.0000e+00   1.6430e-03   2.6611e+02
20190813_16:00:00   8.9067e-02   2.6860e+01   2.0909e+00   0.0000e+00   4.8585e-04   2.6456e+02
20190813_17:00:00   8.7237e-02   2.6420e+01   2.0441e+00   0.0000e+00   9.0560e-06   2.6377e+02
20190813_18:00:00   8.5662e-02   2.6060e+01   2.0036e+00   0.0000e+00   8.1580e-06   2.6454e+02
20190813_19:00:00   8.4681e-02   2.5810e+01   1.9855e+00   0.0000e+00   2.1240e-07   2.6489e+02
20190813_20:00:00   8.4447e-02   2.5768e+01   1.9747e+00   0.0000e+00   1.0956e-05   2.6481e+02
20190813_21:00:00   8.5642e-02   2.6033e+01   2.0149e+00   0.0000e+00   4.3224e-04   2.6507e+02
20190813_22:00:00   8.6847e-02   2.6318e+01   2.0503e+00   0.0000e+00   1.3217e-03   2.6633e+02
20190813_23:00:00   8.7915e-02   2.6558e+01   2.0839e+00   0.0000e+00   3.0265e-03   2.6637e+02
20190814_00:00:00   8.7878e-02   2.6561e+01   2.0816e+00   0.0000e+00   2.2716e-03   2.6488e+02
20190814_03:00:00   9.3129e-02   2.7843e+01   2.2204e+00   0.0000e+00   2.9715e-03   2.6241e+02
20190814_06:00:00   9.5602e-02   2.8466e+01   2.2706e+00   0.0000e+00   5.8323e-04   2.6255e+02
20190814_09:00:00   9.6270e-02   2.8580e+01   2.2939e+00   0.0000e+00   3.7669e-03   2.6257e+02
20190814_12:00:00   9.4503e-02   2.8155e+01   2.2477e+00   0.0000e+00   1.7564e-03   2.6217e+02
20190814_15:00:00   8.9725e-02   2.7088e+01   2.1122e+00   0.0000e+00   7.9680e-07   2.6052e+02
20190814_18:00:00   8.9990e-02   2.7119e+01   2.1341e+00   0.0000e+00   5.6380e-04   2.6176e+02
20190814_21:00:00   9.4772e-02   2.8202e+01   2.2755e+00   0.0000e+00   2.7895e-04   2.6627e+02
20190815_00:00:00   9.5408e-02   2.8350e+01   2.2993e+00   0.0000e+00   2.5074e-03   2.6349e+02
20190815_03:00:00   9.0469e-02   2.7209e+01   2.1690e+00   0.0000e+00   3.9520e-03   2.6446e+02
20190815_06:00:00   8.4221e-02   2.5654e+01   2.0111e+00   0.0000e+00   3.8448e-03   2.6596e+02
20190815_09:00:00   7.9967e-02   2.4640e+01   1.8904e+00   0.0000e+00   0.0000e+00   2.6853e+02
20190815_12:00:00   8.0224e-02   2.4774e+01   1.8733e+00   0.0000e+00   1.0934e-05   2.6841e+02
20190815_15:00:00   7.8046e-02   2.4232e+01   1.8147e+00   0.0000e+00   3.6020e-05   2.6532e+02
20190815_18:00:00   7.8544e-02   2.4330e+01   1.8364e+00   0.0000e+00   7.2600e-06   2.6690e+02
20190815_21:00:00   7.9214e-02   2.4454e+01   1.8598e+00   0.0000e+00   1.2796e-03   2.6577e+02
20190816_00:00:00   8.0684e-02   2.4832e+01   1.8918e+00   0.0000e+00   4.7952e-04   2.6506e+02
20190816_03:00:00   8.6807e-02   2.6450e+01   2.0178e+00   0.0000e+00   0.0000e+00   2.6622e+02
20190816_06:00:00   9.1016e-02   2.7414e+01   2.1361e+00   0.0000e+00   3.5322e-04   2.6720e+02
20190816_09:00:00   9.8042e-02   2.9126e+01   2.3022e+00   0.0000e+00   2.5761e-03   2.6807e+02
20190816_12:00:00   1.0946e-01   3.1851e+01   2.5875e+00   0.0000e+00   5.0070e-03   2.7059e+02
20190816_15:00:00   1.3595e-01   3.8126e+01   3.2073e+00   2.7870e-05   5.2770e-03   2.7000e+02
20190816_18:00:00   1.4094e-01   3.9158e+01   3.3706e+00   0.0000e+00   1.0749e-02   2.6842e+02
20190816_21:00:00   1.4443e-01   3.9971e+01   3.4270e+00   2.3660e-04   2.4858e-03   2.7014e+02
20190817_00:00:00   1.4164e-01   3.9146e+01   3.4201e+00   0.0000e+00   8.2446e-03   2.6937e+02
20190817_03:00:00   2.6858e-01   6.7592e+01   3.5457e+00   4.8260e-02   2.9168e-03   2.6699e+02
20190817_06:00:00   1.2450e-01   3.5094e+01   3.0415e+00   0.0000e+00   9.2549e-04   2.6561e+02
20190817_09:00:00   1.2838e-01   3.5905e+01   3.1631e+00   0.0000e+00   4.5846e-04   2.6738e+02
20190817_12:00:00   1.2143e-01   3.4381e+01   2.9604e+00   0.0000e+00   1.1276e-05   2.6846e+02
20190817_15:00:00   1.2266e-01   3.4685e+01   2.9705e+00   0.0000e+00   1.0176e-04   2.6791e+02
20190817_18:00:00   1.2286e-01   3.4736e+01   2.9742e+00   0.0000e+00   1.3272e-04   2.6945e+02
20190817_21:00:00   1.2656e-01   3.5636e+01   3.0455e+00   0.0000e+00   5.1166e-04   2.6960e+02
20190818_00:00:00   1.4807e-01   4.0858e+01   3.0821e+00   7.8704e-03   4.9060e-04   2.6766e+02
20190818_03:00:00   1.3282e-01   3.7303e+01   2.9878e+00   3.2760e-03   2.2020e-06   2.6582e+02
20190818_06:00:00   1.2102e-01   3.4380e+01   2.9169e+00   0.0000e+00   4.6120e-06   2.6508e+02
20190818_09:00:00   1.2153e-01   3.4447e+01   2.9466e+00   0.0000e+00   6.6280e-04   2.6661e+02
20190818_12:00:00   1.2298e-01   3.4742e+01   2.9907e+00   0.0000e+00   2.5599e-03   2.6735e+02
20190818_15:00:00   1.2657e-01   3.5611e+01   3.0775e+00   0.0000e+00   1.6448e-03   2.6679e+02
20190818_18:00:00   1.2937e-01   3.6235e+01   3.1532e+00   0.0000e+00   4.2405e-03   2.6863e+02
20190818_21:00:00   1.3975e-01   3.8537e+01   3.4359e+00   0.0000e+00   2.2459e-02   2.6936e+02
20190819_00:00:00   1.3513e-01   3.7538e+01   3.2585e+00   0.0000e+00   1.1265e-01   2.6695e+02
20190819_03:00:00   1.2994e-01   3.6371e+01   3.2039e+00   0.0000e+00   7.7595e-03   2.6727e+02
20190819_06:00:00   1.6791e-01   4.4735e+01   4.1958e+00   0.0000e+00   5.5666e-02   2.6684e+02
20190819_09:00:00   1.5787e-01   4.2796e+01   3.8814e+00   0.0000e+00   1.6834e-02   2.6687e+02
20190819_12:00:00   1.5976e-01   4.3419e+01   3.8500e+00   0.0000e+00   6.0241e-03   2.6562e+02
20190819_15:00:00   1.4064e-01   3.8932e+01   3.4327e+00   3.0140e-05   7.4161e-04   2.6561e+02
20190819_18:00:00   2.5294e-01   6.3478e+01   6.0549e+00   6.5760e-04   2.9957e-04   2.6933e+02
20190819_21:00:00   3.9164e-01   9.0369e+01   8.9986e+00   3.7310e-05   1.3632e-04   2.6962e+02
20190820_00:00:00   5.1154e-01   1.1106e+02   1.1037e+01   5.2500e-03   2.9770e-05   2.6811e+02
20190820_03:00:00   6.9454e-01   1.3889e+02   1.1413e+01   6.9740e-02   1.6948e-03   2.6717e+02
20190820_06:00:00   4.7959e-01   1.0614e+02   1.0572e+01   0.0000e+00   3.6385e-04   2.7089e+02
20190820_09:00:00   4.8501e-01   1.0702e+02   1.0698e+01   9.0580e-05   1.8128e-05   2.7087e+02
20190820_12:00:00   4.7749e-01   1.0581e+02   1.0487e+01   3.8770e-05   0.0000e+00   2.6855e+02
20190820_15:00:00   4.7506e-01   1.0546e+02   1.0377e+01   0.0000e+00   0.0000e+00   2.6845e+02
20190820_18:00:00   4.7869e-01   1.0609e+02   1.0376e+01   0.0000e+00   0.0000e+00   2.6923e+02
20190820_21:00:00   5.2345e-01   1.1336e+02   1.0951e+01   6.6570e-03   8.0380e-05   2.6905e+02
20190821_00:00:00   2.0355e+00   2.3972e+02   1.2502e+01   5.9215e-01   9.3334e-03   2.7200e+02
20190821_03:00:00   2.5568e+00   2.5439e+02   1.2664e+01   8.0262e-01   1.6901e-02   2.7081e+02
20190821_06:00:00   1.0281e+00   1.7756e+02   1.1459e+01   1.9978e-01   1.3048e-04   2.7206e+02
20190821_09:00:00   5.9138e-01   1.2404e+02   1.1175e+01   2.9210e-02   2.9247e-04   2.7238e+02
20190821_12:00:00   4.9286e-01   1.0839e+02   1.0541e+01   2.9730e-03   0.0000e+00   2.7024e+02
20190821_15:00:00   5.3100e-01   1.1442e+02   1.0754e+01   1.5241e-02   1.2052e-05   2.7158e+02
20190821_18:00:00   4.8780e-01   1.0730e+02   1.0598e+01   8.5950e-04   0.0000e+00   2.7309e+02
20190821_21:00:00   4.7684e-01   1.0544e+02   1.0407e+01   1.2420e-03   9.2024e-04   2.7397e+02
20190822_00:00:00   5.4152e-01   1.1590e+02   1.1130e+01   1.3858e-02   6.2975e-03   2.7172e+02
20190822_03:00:00   2.0895e+00   2.4129e+02   1.2301e+01   6.1895e-01   2.1616e-02   2.7035e+02
20190822_06:00:00   5.1151e-01   1.1104e+02   1.1094e+01   1.1201e-03   4.9521e-03   2.7116e+02
20190822_09:00:00   5.0979e-01   1.1067e+02   1.1019e+01   0.0000e+00   8.3362e-03   2.7276e+02
20190822_12:00:00   4.9827e-01   1.0865e+02   1.0890e+01   0.0000e+00   6.2946e-03   2.7370e+02
20190822_15:00:00   4.9006e-01   1.0740e+02   1.0681e+01   0.0000e+00   5.7038e-03   2.7303e+02
20190822_18:00:00   5.0260e-01   1.0932e+02   1.1015e+01   0.0000e+00   9.7541e-03   2.7220e+02
20190822_21:00:00   5.0616e-01   1.0987e+02   1.1100e+01   0.0000e+00   8.3193e-02   2.7363e+02
20190823_00:00:00   5.6485e-01   1.1898e+02   1.1897e+01   8.0807e-03   1.7475e-01   2.7271e+02
20190823_03:00:00   5.6879e-01   1.1965e+02   1.2121e+01   5.0620e-03   2.9170e-02   2.7219e+02
20190823_06:00:00   5.6077e-01   1.1844e+02   1.2013e+01   2.1253e-03   2.9533e-02   2.7203e+02
20190823_09:00:00   5.8977e-01   1.2275e+02   1.2289e+01   7.9827e-03   7.6078e-03   2.7278e+02
20190823_12:00:00   5.5925e-01   1.1837e+02   1.1247e+01   1.3829e-02   1.3249e-03   2.7012e+02
20190823_15:00:00   4.5880e-01   1.0261e+02   9.6935e+00   9.8200e-04   8.0806e-03   2.6889e+02
20190823_18:00:00   3.9962e-01   9.2576e+01   8.5079e+00   0.0000e+00   2.9459e-03   2.6617e+02
20190823_21:00:00   3.5508e-01   8.4500e+01   7.6678e+00   0.0000e+00   9.1749e-03   2.6590e+02
20190824_00:00:00   3.6286e-01   8.5872e+01   8.0149e+00   1.6920e-04   4.9888e-03   2.6476e+02
20190824_03:00:00   3.7004e-01   8.7359e+01   7.7938e+00   6.3427e-03   2.3291e-02   2.6328e+02
20190824_06:00:00   3.7023e-01   8.7221e+01   8.0240e+00   1.7186e-03   2.4416e-02   2.6607e+02
20190824_09:00:00   3.3152e-01   8.0087e+01   7.2006e+00   0.0000e+00   1.6540e-02   2.6735e+02
20190824_12:00:00   3.1523e-01   7.6744e+01   6.9320e+00   0.0000e+00   8.7775e-03   2.6598e+02
20190824_15:00:00   3.3827e-01   8.0817e+01   7.6370e+00   0.0000e+00   4.5338e-02   2.6389e+02
20190824_18:00:00   3.6019e-01   8.4862e+01   8.1947e+00   0.0000e+00   9.7371e-04   2.6489e+02
20190824_21:00:00   3.7213e-01   8.6954e+01   8.5224e+00   0.0000e+00   1.9336e-02   2.6716e+02
20190825_00:00:00   3.5992e-01   8.5128e+01   7.9480e+00   2.9040e-03   1.9656e-03   2.6527e+02
