#            date       tau225        Tb[K]      pwv[mm] lwp[kg*m^-2] iwp[kg*m^-2]       o3[DU]
20190717_18:00:00   1.0289e-01   3.0899e+01   2.1321e+00   0.0000e+00   0.0000e+00   2.7114e+02
20190717_19:00:00   9.8626e-02   2.9890e+01   2.0373e+00   0.0000e+00   0.0000e+00   2.7127e+02
20190717_20:00:00   1.0100e-01   3.0455e+01   2.0962e+00   0.0000e+00   0.0000e+00   2.6928e+02
20190717_21:00:00   1.1148e-01   3.2980e+01   2.3279e+00   0.0000e+00   0.0000e+00   2.7043e+02
20190717_22:00:00   1.2273e-01   3.5679e+01   2.5706e+00   0.0000e+00   0.0000e+00   2.6937e+02
20190717_23:00:00   1.3057e-01   3.7562e+01   2.7447e+00   0.0000e+00   4.2436e-05   2.6766e+02
20190718_00:00:00   1.4425e-01   4.0736e+01   3.0527e+00   0.0000e+00   1.7091e-03   2.6738e+02
20190718_01:00:00   1.6378e-01   4.5170e+01   3.4936e+00   0.0000e+00   2.9881e-03   2.6856e+02
20190718_02:00:00   1.7772e-01   4.8305e+01   3.8074e+00   0.0000e+00   1.7179e-03   2.6931e+02
20190718_03:00:00   1.8508e-01   4.9912e+01   3.9930e+00   0.0000e+00   9.1509e-04   2.6888e+02
20190718_04:00:00   1.9822e-01   5.2739e+01   4.3032e+00   0.0000e+00   7.3660e-03   2.6924e+02
20190718_05:00:00   2.1552e-01   5.6351e+01   4.7246e+00   0.0000e+00   1.7657e-02   2.7184e+02
20190718_06:00:00   2.3233e-01   5.9920e+01   5.0867e+00   0.0000e+00   5.2228e-03   2.7269e+02
20190718_07:00:00   2.4963e-01   6.3476e+01   5.4728e+00   0.0000e+00   9.6771e-03   2.7423e+02
20190718_08:00:00   2.7135e-01   6.7848e+01   5.9623e+00   0.0000e+00   2.8093e-03   2.7624e+02
20190718_09:00:00   2.8558e-01   7.0680e+01   6.2566e+00   0.0000e+00   5.5481e-04   2.7680e+02
20190718_10:00:00   2.9516e-01   7.2557e+01   6.4783e+00   0.0000e+00   3.4447e-04   2.7692e+02
20190718_11:00:00   2.9137e-01   7.1759e+01   6.4213e+00   0.0000e+00   1.5438e-03   2.7772e+02
20190718_12:00:00   2.7555e-01   6.8591e+01   6.1000e+00   0.0000e+00   6.7799e-03   2.7710e+02
20190718_13:00:00   2.5626e-01   6.4679e+01   5.7200e+00   0.0000e+00   5.7413e-03   2.7726e+02
20190718_14:00:00   2.4128e-01   6.1502e+01   5.4389e+00   0.0000e+00   2.0217e-03   2.7592e+02
20190718_15:00:00   2.3023e-01   5.9145e+01   5.2277e+00   0.0000e+00   3.6550e-03   2.7596e+02
20190718_16:00:00   2.2491e-01   5.8056e+01   5.1211e+00   0.0000e+00   2.0926e-03   2.7423e+02
20190718_17:00:00   2.2745e-01   5.8605e+01   5.1839e+00   0.0000e+00   2.7565e-04   2.7454e+02
20190718_18:00:00   2.2702e-01   5.8480e+01   5.2018e+00   0.0000e+00   1.6397e-04   2.7499e+02
20190718_19:00:00   2.2709e-01   5.8468e+01   5.2275e+00   0.0000e+00   1.9490e-04   2.7274e+02
20190718_20:00:00   2.2416e-01   5.7791e+01   5.1894e+00   0.0000e+00   4.9874e-04   2.7272e+02
20190718_21:00:00   2.1870e-01   5.6615e+01   5.0881e+00   0.0000e+00   1.9898e-04   2.7230e+02
20190718_22:00:00   2.0844e-01   5.4450e+01   4.8727e+00   0.0000e+00   6.7560e-05   2.7095e+02
20190718_23:00:00   1.9987e-01   5.2624e+01   4.6936e+00   0.0000e+00   2.7283e-05   2.7109e+02
20190719_00:00:00   1.9712e-01   5.2066e+01   4.6228e+00   0.0000e+00   7.4440e-06   2.7058e+02
20190719_01:00:00   2.0133e-01   5.2926e+01   4.7397e+00   0.0000e+00   0.0000e+00   2.7056e+02
20190719_02:00:00   2.0125e-01   5.2835e+01   4.7702e+00   0.0000e+00   1.4232e-04   2.6818e+02
20190719_03:00:00   1.9746e-01   5.2021e+01   4.6677e+00   0.0000e+00   4.0419e-05   2.6867e+02
20190719_04:00:00   1.9316e-01   5.1140e+01   4.5534e+00   0.0000e+00   2.9061e-05   2.6986e+02
20190719_05:00:00   1.9084e-01   5.0681e+01   4.4778e+00   0.0000e+00   8.6758e-04   2.7159e+02
20190719_06:00:00   1.9227e-01   5.1023e+01   4.5036e+00   0.0000e+00   6.1700e-04   2.7113e+02
20190719_07:00:00   2.0034e-01   5.2800e+01   4.6766e+00   0.0000e+00   2.9257e-04   2.7299e+02
20190719_08:00:00   2.0492e-01   5.3819e+01   4.7835e+00   0.0000e+00   0.0000e+00   2.7306e+02
20190719_09:00:00   2.0748e-01   5.4399e+01   4.8325e+00   0.0000e+00   4.4867e-04   2.7242e+02
20190719_10:00:00   2.0936e-01   5.4825e+01   4.8660e+00   0.0000e+00   1.6658e-04   2.7293e+02
20190719_11:00:00   2.0985e-01   5.4910e+01   4.8743e+00   0.0000e+00   2.6080e-05   2.7360e+02
20190719_12:00:00   2.1202e-01   5.5341e+01   4.9115e+00   0.0000e+00   2.1376e-05   2.7357e+02
20190719_13:00:00   2.0598e-01   5.3980e+01   4.7821e+00   0.0000e+00   1.1010e-05   2.7295e+02
20190719_14:00:00   2.0182e-01   5.3036e+01   4.7005e+00   0.0000e+00   6.7775e-05   2.7234e+02
20190719_15:00:00   1.9656e-01   5.1858e+01   4.5922e+00   0.0000e+00   2.1696e-04   2.7278e+02
20190719_16:00:00   1.9604e-01   5.1695e+01   4.5849e+00   0.0000e+00   5.8115e-04   2.7249e+02
20190719_17:00:00   1.9824e-01   5.2134e+01   4.6449e+00   0.0000e+00   8.1246e-04   2.7114e+02
20190719_18:00:00   1.9715e-01   5.1844e+01   4.6260e+00   0.0000e+00   1.6540e-03   2.7073e+02
20190719_19:00:00   1.9481e-01   5.1310e+01   4.5854e+00   0.0000e+00   1.2932e-03   2.7040e+02
20190719_20:00:00   1.9241e-01   5.0781e+01   4.5329e+00   0.0000e+00   6.2241e-04   2.7215e+02
20190719_21:00:00   1.9062e-01   5.0362e+01   4.4967e+00   0.0000e+00   8.2441e-04   2.7475e+02
20190719_22:00:00   1.9047e-01   5.0321e+01   4.5001e+00   0.0000e+00   2.1064e-04   2.7548e+02
20190719_23:00:00   1.9166e-01   5.0602e+01   4.5213e+00   0.0000e+00   8.6831e-05   2.7486e+02
20190720_00:00:00   1.9981e-01   5.2380e+01   4.7039e+00   0.0000e+00   8.4483e-04   2.7478e+02
20190720_01:00:00   2.1252e-01   5.5130e+01   4.9884e+00   0.0000e+00   3.1119e-03   2.7387e+02
20190720_02:00:00   2.1958e-01   5.6633e+01   5.1556e+00   0.0000e+00   4.5048e-03   2.7433e+02
20190720_03:00:00   2.2281e-01   5.7319e+01   5.2269e+00   0.0000e+00   4.9556e-03   2.7701e+02
20190720_04:00:00   2.2308e-01   5.7340e+01   5.2535e+00   0.0000e+00   1.0665e-02   2.7863e+02
20190720_05:00:00   2.2344e-01   5.7405e+01   5.2639e+00   0.0000e+00   1.7062e-02   2.7916e+02
20190720_06:00:00   2.2469e-01   5.7658e+01   5.2973e+00   0.0000e+00   2.2222e-02   2.7825e+02
20190720_07:00:00   2.3006e-01   5.8774e+01   5.4202e+00   0.0000e+00   1.7303e-02   2.7735e+02
20190720_08:00:00   2.2656e-01   5.8031e+01   5.3479e+00   0.0000e+00   1.0542e-02   2.7524e+02
20190720_09:00:00   2.2691e-01   5.8111e+01   5.3471e+00   0.0000e+00   1.1837e-02   2.7635e+02
20190720_10:00:00   2.2720e-01   5.8173e+01   5.3507e+00   0.0000e+00   1.2253e-02   2.7669e+02
20190720_11:00:00   2.2766e-01   5.8248e+01   5.3574e+00   0.0000e+00   1.2056e-02   2.7698e+02
20190720_12:00:00   2.2670e-01   5.8014e+01   5.3452e+00   0.0000e+00   1.0448e-02   2.7758e+02
20190720_13:00:00   2.2493e-01   5.7639e+01   5.3088e+00   0.0000e+00   6.6015e-03   2.7680e+02
20190720_14:00:00   2.2538e-01   5.7718e+01   5.3211e+00   0.0000e+00   6.0676e-03   2.7588e+02
20190720_15:00:00   2.2146e-01   5.6886e+01   5.2285e+00   0.0000e+00   8.3302e-03   2.7541e+02
20190720_16:00:00   2.1743e-01   5.6008e+01   5.1461e+00   0.0000e+00   1.2502e-02   2.7633e+02
20190720_17:00:00   2.1178e-01   5.4795e+01   5.0305e+00   0.0000e+00   7.2979e-03   2.7749e+02
20190720_18:00:00   2.0258e-01   5.2795e+01   4.8336e+00   0.0000e+00   7.9274e-03   2.7794e+02
20190720_19:00:00   1.9421e-01   5.0935e+01   4.6588e+00   0.0000e+00   8.4081e-03   2.7818e+02
20190720_20:00:00   1.8389e-01   4.8672e+01   4.4210e+00   0.0000e+00   3.6273e-03   2.7706e+02
20190720_21:00:00   1.7397e-01   4.6485e+01   4.1870e+00   0.0000e+00   1.9584e-03   2.7621e+02
20190720_22:00:00   1.6634e-01   4.4831e+01   3.9937e+00   0.0000e+00   3.4402e-04   2.7709e+02
20190720_23:00:00   1.6369e-01   4.4314e+01   3.9112e+00   0.0000e+00   3.5927e-05   2.7723e+02
20190721_00:00:00   1.6506e-01   4.4663e+01   3.8331e+00   1.8410e-03   9.4758e-06   2.7692e+02
20190721_01:00:00   1.5492e-01   4.2272e+01   3.7176e+00   0.0000e+00   9.3497e-06   2.7645e+02
20190721_02:00:00   1.5334e-01   4.1905e+01   3.6809e+00   0.0000e+00   1.7110e-05   2.7677e+02
20190721_03:00:00   1.5010e-01   4.1191e+01   3.5978e+00   0.0000e+00   3.0760e-06   2.7576e+02
20190721_04:00:00   1.4718e-01   4.0512e+01   3.5258e+00   0.0000e+00   1.7617e-05   2.7518e+02
20190721_05:00:00   1.4364e-01   3.9708e+01   3.4403e+00   0.0000e+00   0.0000e+00   2.7619e+02
20190721_06:00:00   1.4002e-01   3.8880e+01   3.3528e+00   0.0000e+00   0.0000e+00   2.7727e+02
20190721_07:00:00   1.3520e-01   3.7734e+01   3.2438e+00   0.0000e+00   0.0000e+00   2.7691e+02
20190721_08:00:00   1.2887e-01   3.6235e+01   3.0904e+00   0.0000e+00   0.0000e+00   2.7818e+02
20190721_09:00:00   1.2145e-01   3.4494e+01   2.9080e+00   0.0000e+00   0.0000e+00   2.7736e+02
20190721_10:00:00   1.1696e-01   3.3419e+01   2.7956e+00   0.0000e+00   0.0000e+00   2.7742e+02
20190721_11:00:00   1.1438e-01   3.2767e+01   2.7338e+00   0.0000e+00   0.0000e+00   2.7665e+02
20190721_12:00:00   1.0977e-01   3.1654e+01   2.6223e+00   0.0000e+00   0.0000e+00   2.7590e+02
20190721_13:00:00   1.0835e-01   3.1276e+01   2.5939e+00   0.0000e+00   1.6516e-05   2.7399e+02
20190721_14:00:00   1.0591e-01   3.0672e+01   2.5384e+00   0.0000e+00   3.2893e-03   2.7324e+02
20190721_15:00:00   1.0401e-01   3.0204e+01   2.4907e+00   0.0000e+00   2.4536e-03   2.7457e+02
20190721_16:00:00   1.0383e-01   3.0129e+01   2.4892e+00   0.0000e+00   1.1621e-02   2.7523e+02
20190721_17:00:00   1.0192e-01   2.9692e+01   2.4426e+00   0.0000e+00   4.5930e-03   2.7534e+02
20190721_18:00:00   9.9519e-02   2.9145e+01   2.3801e+00   0.0000e+00   8.7319e-04   2.7785e+02
20190721_19:00:00   9.8728e-02   2.8953e+01   2.3597e+00   0.0000e+00   4.1194e-03   2.7873e+02
20190721_20:00:00   9.7217e-02   2.8621e+01   2.3166e+00   0.0000e+00   2.3648e-03   2.7789e+02
20190721_21:00:00   9.3475e-02   2.7774e+01   2.2133e+00   0.0000e+00   9.4223e-04   2.7846e+02
20190721_22:00:00   9.2223e-02   2.7529e+01   2.1499e+00   3.3490e-04   4.4955e-04   2.7829e+02
20190721_23:00:00   9.4786e-02   2.8220e+01   2.1384e+00   1.4140e-03   1.0818e-05   2.7722e+02
20190722_00:00:00   9.1190e-02   2.7382e+01   2.0674e+00   9.8550e-04   0.0000e+00   2.7690e+02
20190722_01:00:00   1.0557e-01   3.0964e+01   2.1311e+00   5.7590e-03   0.0000e+00   2.7591e+02
20190722_02:00:00   1.1486e-01   3.3253e+01   2.1719e+00   8.8550e-03   0.0000e+00   2.7494e+02
20190722_03:00:00   1.0362e-01   3.0464e+01   2.2015e+00   3.9280e-03   2.7520e-06   2.7577e+02
20190722_04:00:00   9.3237e-02   2.7856e+01   2.1831e+00   1.6210e-04   5.5060e-06   2.7643e+02
20190722_05:00:00   9.4725e-02   2.8217e+01   2.2326e+00   0.0000e+00   0.0000e+00   2.7714e+02
20190722_06:00:00   9.5239e-02   2.8292e+01   2.2557e+00   0.0000e+00   0.0000e+00   2.7859e+02
20190722_07:00:00   9.7207e-02   2.8723e+01   2.3132e+00   0.0000e+00   0.0000e+00   2.7598e+02
20190722_08:00:00   9.5829e-02   2.8395e+01   2.2773e+00   0.0000e+00   0.0000e+00   2.7447e+02
20190722_09:00:00   9.3002e-02   2.7707e+01   2.2054e+00   0.0000e+00   0.0000e+00   2.7420e+02
20190722_10:00:00   9.0863e-02   2.7198e+01   2.1475e+00   0.0000e+00   0.0000e+00   2.7406e+02
20190722_11:00:00   9.0319e-02   2.7068e+01   2.1305e+00   0.0000e+00   0.0000e+00   2.7322e+02
20190722_12:00:00   8.9758e-02   2.6957e+01   2.1085e+00   0.0000e+00   0.0000e+00   2.7318e+02
20190722_13:00:00   9.0205e-02   2.7056e+01   2.1225e+00   0.0000e+00   0.0000e+00   2.7456e+02
20190722_14:00:00   9.0859e-02   2.7237e+01   2.1330e+00   0.0000e+00   0.0000e+00   2.7427e+02
20190722_15:00:00   9.1113e-02   2.7311e+01   2.1369e+00   0.0000e+00   0.0000e+00   2.7428e+02
20190722_16:00:00   9.2382e-02   2.7603e+01   2.1706e+00   0.0000e+00   0.0000e+00   2.7385e+02
20190722_17:00:00   9.3248e-02   2.7795e+01   2.1970e+00   0.0000e+00   0.0000e+00   2.7364e+02
20190722_18:00:00   9.1169e-02   2.7274e+01   2.1465e+00   0.0000e+00   0.0000e+00   2.7362e+02
20190722_21:00:00   8.9455e-02   2.6888e+01   2.1016e+00   0.0000e+00   2.2020e-06   2.7414e+02
20190723_00:00:00   9.6883e-02   2.8788e+01   2.2386e+00   5.8020e-04   1.4138e-05   2.7189e+02
20190723_03:00:00   3.2815e-01   8.0239e+01   2.5555e+00   8.6905e-02   0.0000e+00   2.7437e+02
20190723_06:00:00   1.4630e-01   4.0882e+01   3.1458e+00   3.3280e-03   0.0000e+00   2.7331e+02
20190723_09:00:00   1.5284e-01   4.2326e+01   3.5260e+00   0.0000e+00   0.0000e+00   2.6964e+02
20190723_12:00:00   1.8493e-01   4.9659e+01   4.2324e+00   0.0000e+00   0.0000e+00   2.6790e+02
20190723_15:00:00   1.6780e-01   4.5768e+01   3.8521e+00   0.0000e+00   7.4400e-06   2.6800e+02
20190723_18:00:00   1.4753e-01   4.1092e+01   3.3978e+00   0.0000e+00   4.5482e-04   2.7023e+02
20190723_21:00:00   1.2268e-01   3.5135e+01   2.8778e+00   0.0000e+00   4.1814e-03   2.6979e+02
20190724_00:00:00   1.1358e-01   3.2895e+01   2.6806e+00   0.0000e+00   1.5664e-02   2.6813e+02
20190724_03:00:00   1.1477e-01   3.3191e+01   2.7095e+00   0.0000e+00   2.1350e-02   2.6733e+02
20190724_06:00:00   1.0940e-01   3.1770e+01   2.6216e+00   0.0000e+00   1.6573e-02   2.6825e+02
20190724_09:00:00   9.7423e-02   2.8964e+01   2.3089e+00   3.9940e-05   8.1095e-04   2.6745e+02
20190724_12:00:00   1.1009e-01   3.2254e+01   2.4329e+00   2.0486e-03   1.1864e-04   2.6917e+02
20190724_15:00:00   2.2588e-01   5.9033e+01   3.8516e+00   2.0826e-02   0.0000e+00   2.7009e+02
20190724_18:00:00   2.8326e-01   7.0935e+01   5.9241e+00   2.0318e-03   0.0000e+00   2.6884e+02
20190724_21:00:00   3.3230e-01   8.0633e+01   6.8228e+00   4.2009e-03   4.2500e-07   2.6781e+02
20190725_00:00:00   3.8471e-01   9.0522e+01   7.6407e+00   9.0397e-03   1.9270e-05   2.6666e+02
20190725_03:00:00   3.3372e-01   8.0819e+01   7.0229e+00   1.2625e-03   3.0180e-05   2.6670e+02
20190725_06:00:00   3.3225e-01   8.0645e+01   6.8555e+00   3.2332e-03   1.2750e-05   2.6445e+02
20190725_09:00:00   6.2812e-01   1.3053e+02   6.5478e+00   1.2772e-01   0.0000e+00   2.6509e+02
20190725_12:00:00   2.2021e-01   5.7567e+01   4.8471e+00   0.0000e+00   0.0000e+00   2.6721e+02
20190725_15:00:00   1.6194e-01   4.4515e+01   3.6672e+00   0.0000e+00   0.0000e+00   2.6797e+02
20190725_18:00:00   1.4893e-01   4.1408e+01   3.4205e+00   0.0000e+00   2.4260e-06   2.6979e+02
20190725_21:00:00   1.2297e-01   3.5125e+01   2.9095e+00   0.0000e+00   0.0000e+00   2.7138e+02
20190726_00:00:00   1.3497e-01   3.8087e+01   2.9576e+00   3.7810e-03   0.0000e+00   2.7047e+02
20190726_03:00:00   1.1921e-01   3.4220e+01   2.8470e+00   0.0000e+00   1.1783e-03   2.6959e+02
20190726_06:00:00   1.2162e-01   3.4750e+01   2.9281e+00   0.0000e+00   1.2341e-03   2.7054e+02
20190726_09:00:00   1.2396e-01   3.5229e+01   3.0048e+00   0.0000e+00   5.6412e-04   2.7118e+02
20190726_12:00:00   1.2806e-01   3.6058e+01   3.1352e+00   0.0000e+00   0.0000e+00   2.7189e+02
20190726_15:00:00   1.3279e-01   3.7124e+01   3.2610e+00   0.0000e+00   0.0000e+00   2.7212e+02
20190726_18:00:00   1.4752e-01   4.0513e+01   3.6292e+00   0.0000e+00   0.0000e+00   2.7359e+02
20190726_21:00:00   1.4784e-01   4.0575e+01   3.6455e+00   0.0000e+00   0.0000e+00   2.7192e+02
20190727_00:00:00   1.5921e-01   4.3150e+01   3.9262e+00   8.3120e-05   6.5480e-06   2.7069e+02
20190727_03:00:00   1.6605e-01   4.4621e+01   4.1111e+00   0.0000e+00   0.0000e+00   2.7008e+02
20190727_06:00:00   1.7541e-01   4.6652e+01   4.3465e+00   0.0000e+00   1.9922e-03   2.7103e+02
20190727_09:00:00   1.7534e-01   4.6643e+01   4.3394e+00   0.0000e+00   2.8474e-03   2.7208e+02
20190727_12:00:00   1.7867e-01   4.7324e+01   4.4193e+00   0.0000e+00   8.6739e-03   2.7266e+02
20190727_15:00:00   1.7902e-01   4.7397e+01   4.4209e+00   0.0000e+00   1.2054e-02   2.7369e+02
20190727_18:00:00   1.7435e-01   4.6482e+01   4.2769e+00   0.0000e+00   2.0580e-02   2.7454e+02
20190727_21:00:00   1.7666e-01   4.7000e+01   4.3160e+00   0.0000e+00   5.4586e-02   2.7487e+02
20190728_00:00:00   1.8792e-01   4.9601e+01   4.3570e+00   3.9410e-03   3.3126e-02   2.7379e+02
20190728_03:00:00   2.0097e-01   5.2622e+01   4.5138e+00   6.2710e-03   2.4911e-02   2.7285e+02
20190728_06:00:00   2.2794e-01   5.8738e+01   4.5783e+00   1.5310e-02   7.2531e-03   2.7287e+02
20190728_09:00:00   1.7695e-01   4.7261e+01   4.2945e+00   0.0000e+00   5.3945e-03   2.7283e+02
20190728_12:00:00   1.7209e-01   4.6143e+01   4.1728e+00   0.0000e+00   2.6824e-03   2.7461e+02
20190728_15:00:00   1.6945e-01   4.5621e+01   4.0894e+00   0.0000e+00   2.7741e-03   2.7133e+02
20190728_18:00:00   1.7622e-01   4.7275e+01   4.2184e+00   8.3270e-06   4.7129e-03   2.7254e+02
20190728_21:00:00   1.9352e-01   5.1066e+01   4.6262e+00   0.0000e+00   2.0240e-02   2.7376e+02
20190729_00:00:00   3.3289e-01   8.0367e+01   5.2861e+00   4.3509e-02   1.4430e-02   2.7396e+02
20190729_03:00:00   1.2442e+00   1.9745e+02   6.2390e+00   3.8904e-01   6.9018e-03   2.7365e+02
20190729_06:00:00   2.0185e-01   5.2902e+01   4.8031e+00   0.0000e+00   9.7402e-03   2.7275e+02
20190729_09:00:00   1.6366e-01   4.4336e+01   3.9425e+00   0.0000e+00   2.0943e-03   2.7313e+02
20190729_12:00:00   1.6523e-01   4.4621e+01   3.9827e+00   0.0000e+00   3.1575e-04   2.7306e+02
20190729_15:00:00   1.7022e-01   4.5711e+01   4.0923e+00   0.0000e+00   1.5269e-03   2.7333e+02
20190729_18:00:00   1.6939e-01   4.5508e+01   4.0607e+00   0.0000e+00   1.8286e-03   2.7488e+02
20190729_21:00:00   1.7305e-01   4.6370e+01   4.1335e+00   0.0000e+00   0.0000e+00   2.7515e+02
20190730_00:00:00   1.9484e-01   5.1250e+01   4.6228e+00   0.0000e+00   0.0000e+00   2.7468e+02
20190730_03:00:00   2.4037e-01   6.1243e+01   5.5566e+00   0.0000e+00   0.0000e+00   2.7229e+02
20190730_06:00:00   2.1986e-01   5.6852e+01   5.1178e+00   0.0000e+00   0.0000e+00   2.7249e+02
20190730_09:00:00   2.3957e-01   6.1009e+01   5.5245e+00   0.0000e+00   0.0000e+00   2.7523e+02
20190730_12:00:00   2.6576e-01   6.6478e+01   6.0295e+00   0.0000e+00   0.0000e+00   2.7712e+02
20190730_15:00:00   2.8855e-01   7.1067e+01   6.4750e+00   0.0000e+00   5.2380e-06   2.7613e+02
20190730_18:00:00   3.0424e-01   7.4180e+01   6.7510e+00   0.0000e+00   0.0000e+00   2.7584e+02
20190730_21:00:00   2.9474e-01   7.2207e+01   6.6243e+00   0.0000e+00   0.0000e+00   2.7455e+02
20190731_00:00:00   2.9209e-01   7.1566e+01   6.6469e+00   0.0000e+00   7.2017e-04   2.7360e+02
20190731_03:00:00   2.5871e-01   6.4728e+01   5.9756e+00   0.0000e+00   3.4444e-05   2.7248e+02
20190731_06:00:00   2.3827e-01   6.0371e+01   5.5862e+00   0.0000e+00   4.8265e-04   2.7406e+02
20190731_09:00:00   2.4812e-01   6.2375e+01   5.8238e+00   0.0000e+00   2.1341e-04   2.7434e+02
20190731_12:00:00   2.6775e-01   6.6258e+01   6.2695e+00   0.0000e+00   1.2794e-03   2.7436e+02
20190731_15:00:00   2.8592e-01   6.9876e+01   6.6215e+00   0.0000e+00   0.0000e+00   2.7491e+02
20190731_18:00:00   2.9466e-01   7.1657e+01   6.7844e+00   0.0000e+00   2.7082e-05   2.7381e+02
20190731_21:00:00   2.9251e-01   7.1324e+01   6.7252e+00   0.0000e+00   2.4140e-06   2.7371e+02
20190801_00:00:00   2.8247e-01   6.9458e+01   6.4847e+00   0.0000e+00   0.0000e+00   2.7451e+02
20190801_03:00:00   2.5594e-01   6.4113e+01   5.9178e+00   0.0000e+00   0.0000e+00   2.7523e+02
20190801_06:00:00   2.2863e-01   5.8444e+01   5.3001e+00   0.0000e+00   0.0000e+00   2.7427e+02
20190801_09:00:00   2.1647e-01   5.5921e+01   5.0023e+00   0.0000e+00   0.0000e+00   2.7339e+02
20190801_12:00:00   2.1355e-01   5.5380e+01   4.8882e+00   0.0000e+00   0.0000e+00   2.7058e+02
20190801_15:00:00   1.9895e-01   5.2288e+01   4.5424e+00   0.0000e+00   0.0000e+00   2.7025e+02
20190801_18:00:00   1.7316e-01   4.6653e+01   3.9696e+00   0.0000e+00   0.0000e+00   2.7178e+02
20190801_21:00:00   1.6235e-01   4.4191e+01   3.7521e+00   0.0000e+00   0.0000e+00   2.7037e+02
20190802_00:00:00   1.6602e-01   4.5107e+01   3.7122e+00   2.2980e-03   0.0000e+00   2.6936e+02
20190802_03:00:00   2.8430e-01   7.0941e+01   3.7677e+00   4.8783e-02   0.0000e+00   2.6980e+02
20190802_06:00:00   1.5781e-01   4.3255e+01   3.6557e+00   3.2770e-04   0.0000e+00   2.6973e+02
20190802_09:00:00   1.5211e-01   4.1949e+01   3.5475e+00   0.0000e+00   0.0000e+00   2.6756e+02
20190802_12:00:00   1.5286e-01   4.2081e+01   3.5622e+00   0.0000e+00   0.0000e+00   2.6862e+02
20190802_15:00:00   1.5187e-01   4.1858e+01   3.5418e+00   0.0000e+00   0.0000e+00   2.6956e+02
20190802_18:00:00   1.5732e-01   4.3166e+01   3.6589e+00   0.0000e+00   0.0000e+00   2.7177e+02
