#            date       tau225        Tb[K]      pwv[mm] lwp[kg*m^-2] iwp[kg*m^-2]       o3[DU]
20190727_06:00:00   1.4050e-01   3.9611e+01   3.2212e+00   0.0000e+00   0.0000e+00   2.7016e+02
20190727_07:00:00   1.3993e-01   3.9472e+01   3.1998e+00   0.0000e+00   0.0000e+00   2.7258e+02
20190727_08:00:00   1.3187e-01   3.7586e+01   3.0094e+00   0.0000e+00   0.0000e+00   2.7078e+02
20190727_09:00:00   1.2590e-01   3.6192e+01   2.8655e+00   0.0000e+00   0.0000e+00   2.6876e+02
20190727_10:00:00   1.2312e-01   3.5579e+01   2.7876e+00   0.0000e+00   0.0000e+00   2.6694e+02
20190727_11:00:00   1.2298e-01   3.5589e+01   2.7716e+00   0.0000e+00   0.0000e+00   2.6683e+02
20190727_12:00:00   1.2107e-01   3.5174e+01   2.7119e+00   0.0000e+00   0.0000e+00   2.6859e+02
20190727_13:00:00   1.1854e-01   3.4606e+01   2.6363e+00   0.0000e+00   0.0000e+00   2.7117e+02
20190727_14:00:00   1.1716e-01   3.4291e+01   2.5929e+00   0.0000e+00   0.0000e+00   2.7382e+02
20190727_15:00:00   1.1882e-01   3.4709e+01   2.6187e+00   0.0000e+00   0.0000e+00   2.7505e+02
20190727_16:00:00   1.2107e-01   3.5262e+01   2.6636e+00   0.0000e+00   0.0000e+00   2.7486e+02
20190727_17:00:00   1.1530e-01   3.3885e+01   2.5309e+00   0.0000e+00   0.0000e+00   2.7438e+02
20190727_18:00:00   1.0957e-01   3.2487e+01   2.4023e+00   0.0000e+00   0.0000e+00   2.7398e+02
20190727_19:00:00   1.0651e-01   3.1732e+01   2.3340e+00   0.0000e+00   0.0000e+00   2.7318e+02
20190727_20:00:00   1.0424e-01   3.1166e+01   2.2860e+00   0.0000e+00   0.0000e+00   2.7428e+02
20190727_21:00:00   1.0403e-01   3.1115e+01   2.2825e+00   0.0000e+00   0.0000e+00   2.7470e+02
20190727_22:00:00   1.0274e-01   3.0806e+01   2.2544e+00   0.0000e+00   0.0000e+00   2.7364e+02
20190727_23:00:00   1.0262e-01   3.0789e+01   2.2496e+00   0.0000e+00   0.0000e+00   2.7200e+02
20190728_00:00:00   1.0123e-01   3.0454e+01   2.2155e+00   0.0000e+00   0.0000e+00   2.6957e+02
20190728_01:00:00   1.0000e-01   3.0172e+01   2.1814e+00   0.0000e+00   0.0000e+00   2.6884e+02
20190728_02:00:00   9.9197e-02   2.9992e+01   2.1593e+00   0.0000e+00   0.0000e+00   2.6710e+02
20190728_03:00:00   9.7632e-02   2.9596e+01   2.1244e+00   0.0000e+00   0.0000e+00   2.6687e+02
20190728_04:00:00   9.5738e-02   2.9123e+01   2.0823e+00   0.0000e+00   0.0000e+00   2.6741e+02
20190728_05:00:00   9.4827e-02   2.8900e+01   2.0637e+00   0.0000e+00   0.0000e+00   2.6793e+02
20190728_06:00:00   9.5675e-02   2.9076e+01   2.0902e+00   0.0000e+00   0.0000e+00   2.6800e+02
20190728_07:00:00   9.7255e-02   2.9440e+01   2.1322e+00   0.0000e+00   0.0000e+00   2.6839e+02
20190728_08:00:00   9.7761e-02   2.9561e+01   2.1439e+00   0.0000e+00   0.0000e+00   2.6888e+02
20190728_09:00:00   9.7984e-02   2.9614e+01   2.1481e+00   0.0000e+00   0.0000e+00   2.6809e+02
20190728_10:00:00   9.8982e-02   2.9837e+01   2.1731e+00   0.0000e+00   0.0000e+00   2.6653e+02
20190728_11:00:00   9.9495e-02   2.9945e+01   2.1878e+00   0.0000e+00   0.0000e+00   2.6684e+02
20190728_12:00:00   1.0040e-01   3.0137e+01   2.2135e+00   0.0000e+00   0.0000e+00   2.6757e+02
20190728_13:00:00   1.0020e-01   3.0061e+01   2.2126e+00   0.0000e+00   0.0000e+00   2.6767e+02
20190728_14:00:00   9.9685e-02   2.9920e+01   2.2042e+00   0.0000e+00   0.0000e+00   2.6691e+02
20190728_15:00:00   9.9067e-02   2.9758e+01   2.1915e+00   0.0000e+00   0.0000e+00   2.6875e+02
20190728_16:00:00   9.9592e-02   2.9878e+01   2.2050e+00   0.0000e+00   0.0000e+00   2.7072e+02
20190728_17:00:00   1.0134e-01   3.0293e+01   2.2464e+00   0.0000e+00   0.0000e+00   2.7206e+02
20190728_18:00:00   1.0308e-01   3.0697e+01   2.2907e+00   0.0000e+00   0.0000e+00   2.7111e+02
20190728_19:00:00   1.0522e-01   3.1214e+01   2.3430e+00   0.0000e+00   0.0000e+00   2.7075e+02
20190728_20:00:00   1.0590e-01   3.1374e+01   2.3615e+00   0.0000e+00   0.0000e+00   2.7270e+02
20190728_21:00:00   1.0627e-01   3.1448e+01   2.3786e+00   0.0000e+00   0.0000e+00   2.7203e+02
20190728_22:00:00   1.0551e-01   3.1275e+01   2.3602e+00   0.0000e+00   0.0000e+00   2.7178e+02
20190728_23:00:00   1.0502e-01   3.1189e+01   2.3401e+00   0.0000e+00   0.0000e+00   2.7117e+02
20190729_00:00:00   1.0575e-01   3.1389e+01   2.3511e+00   0.0000e+00   0.0000e+00   2.6808e+02
20190729_01:00:00   1.0745e-01   3.1819e+01   2.3851e+00   0.0000e+00   0.0000e+00   2.6841e+02
20190729_02:00:00   1.0858e-01   3.2090e+01   2.4087e+00   0.0000e+00   0.0000e+00   2.7049e+02
20190729_03:00:00   1.1026e-01   3.2491e+01   2.4354e+00   2.5570e-04   0.0000e+00   2.7005e+02
20190729_04:00:00   1.1150e-01   3.2782e+01   2.4803e+00   8.5940e-05   0.0000e+00   2.6928e+02
20190729_05:00:00   1.1201e-01   3.2880e+01   2.5060e+00   0.0000e+00   0.0000e+00   2.6830e+02
20190729_06:00:00   1.1335e-01   3.3190e+01   2.5369e+00   0.0000e+00   0.0000e+00   2.6764e+02
20190729_07:00:00   1.1628e-01   3.3872e+01   2.6033e+00   0.0000e+00   0.0000e+00   2.6930e+02
20190729_08:00:00   1.2009e-01   3.4789e+01   2.6840e+00   0.0000e+00   0.0000e+00   2.7169e+02
20190729_09:00:00   1.2102e-01   3.5024e+01   2.6992e+00   0.0000e+00   0.0000e+00   2.7007e+02
20190729_10:00:00   1.1958e-01   3.4681e+01   2.6662e+00   0.0000e+00   0.0000e+00   2.7070e+02
20190729_11:00:00   1.1792e-01   3.4291e+01   2.6257e+00   0.0000e+00   0.0000e+00   2.7068e+02
20190729_12:00:00   1.1913e-01   3.4569e+01   2.6539e+00   0.0000e+00   0.0000e+00   2.7039e+02
20190729_13:00:00   1.1960e-01   3.4647e+01   2.6702e+00   0.0000e+00   0.0000e+00   2.7085e+02
20190729_14:00:00   1.2171e-01   3.5133e+01   2.7202e+00   0.0000e+00   0.0000e+00   2.7128e+02
20190729_15:00:00   1.2475e-01   3.5857e+01   2.7913e+00   0.0000e+00   0.0000e+00   2.7111e+02
20190729_16:00:00   1.3099e-01   3.7326e+01   2.9218e+00   0.0000e+00   0.0000e+00   2.7026e+02
20190729_17:00:00   1.3389e-01   3.8013e+01   2.9860e+00   0.0000e+00   0.0000e+00   2.6932e+02
20190729_18:00:00   1.3223e-01   3.7608e+01   2.9550e+00   0.0000e+00   0.0000e+00   2.6845e+02
20190729_19:00:00   1.2877e-01   3.6766e+01   2.8894e+00   0.0000e+00   0.0000e+00   2.7023e+02
20190729_20:00:00   1.2568e-01   3.6039e+01   2.8205e+00   0.0000e+00   0.0000e+00   2.7119e+02
20190729_21:00:00   1.2587e-01   3.6092e+01   2.8252e+00   0.0000e+00   0.0000e+00   2.6973e+02
20190729_22:00:00   1.2686e-01   3.6315e+01   2.8511e+00   0.0000e+00   0.0000e+00   2.6949e+02
20190729_23:00:00   1.2856e-01   3.6739e+01   2.8823e+00   0.0000e+00   0.0000e+00   2.6995e+02
20190730_00:00:00   1.3040e-01   3.7194e+01   2.9104e+00   2.5770e-04   0.0000e+00   2.6824e+02
20190730_01:00:00   1.2952e-01   3.7000e+01   2.9016e+00   8.4470e-05   2.7460e-05   2.6751e+02
20190730_02:00:00   1.3023e-01   3.7175e+01   2.9162e+00   1.6760e-04   2.1720e-05   2.6736e+02
20190730_03:00:00   1.4333e-01   4.0297e+01   2.9792e+00   4.3530e-03   0.0000e+00   2.6557e+02
20190730_04:00:00   1.3471e-01   3.8220e+01   3.0242e+00   1.6890e-04   0.0000e+00   2.6518e+02
20190730_05:00:00   1.3695e-01   3.8729e+01   3.0889e+00   8.5360e-05   0.0000e+00   2.6388e+02
20190730_06:00:00   1.3524e-01   3.8306e+01   3.0625e+00   0.0000e+00   0.0000e+00   2.6321e+02
20190730_07:00:00   1.3351e-01   3.7888e+01   3.0321e+00   0.0000e+00   0.0000e+00   2.6243e+02
20190730_08:00:00   1.3076e-01   3.7244e+01   2.9694e+00   0.0000e+00   0.0000e+00   2.6163e+02
20190730_09:00:00   1.2902e-01   3.6835e+01   2.9378e+00   0.0000e+00   0.0000e+00   2.6220e+02
20190730_10:00:00   1.2896e-01   3.6820e+01   2.9423e+00   0.0000e+00   5.9600e-05   2.6210e+02
20190730_11:00:00   1.2784e-01   3.6547e+01   2.9216e+00   0.0000e+00   3.7317e-05   2.6273e+02
20190730_12:00:00   1.2749e-01   3.6435e+01   2.9179e+00   0.0000e+00   1.8398e-03   2.6331e+02
20190730_13:00:00   1.2947e-01   3.6853e+01   2.9779e+00   0.0000e+00   3.8931e-03   2.6390e+02
20190730_14:00:00   1.3010e-01   3.7018e+01   2.9885e+00   0.0000e+00   2.1823e-03   2.6261e+02
20190730_15:00:00   1.3161e-01   3.7381e+01   3.0183e+00   0.0000e+00   2.8465e-03   2.6208e+02
20190730_16:00:00   1.3304e-01   3.7692e+01   3.0638e+00   0.0000e+00   4.1899e-03   2.6287e+02
20190730_17:00:00   1.3617e-01   3.8410e+01   3.1461e+00   0.0000e+00   5.1399e-03   2.6161e+02
20190730_18:00:00   1.3911e-01   3.9109e+01   3.2139e+00   0.0000e+00   2.2833e-03   2.6372e+02
20190730_19:00:00   1.4270e-01   3.9925e+01   3.3120e+00   0.0000e+00   1.5074e-03   2.6486e+02
20190730_20:00:00   1.4572e-01   4.0603e+01   3.3938e+00   0.0000e+00   4.3331e-03   2.6568e+02
20190730_21:00:00   1.4319e-01   3.9995e+01   3.3420e+00   0.0000e+00   2.1904e-03   2.6620e+02
20190730_22:00:00   1.4512e-01   4.0438e+01   3.3862e+00   0.0000e+00   3.6940e-04   2.6710e+02
20190730_23:00:00   1.4879e-01   4.1250e+01   3.4807e+00   0.0000e+00   1.0443e-03   2.6813e+02
20190731_00:00:00   1.5324e-01   4.2267e+01   3.5890e+00   0.0000e+00   4.2469e-03   2.6539e+02
20190731_01:00:00   1.6007e-01   4.3842e+01   3.7256e+00   2.4480e-04   4.6072e-03   2.6443e+02
20190731_02:00:00   2.3657e-01   6.1017e+01   4.0205e+00   2.5230e-02   2.7475e-03   2.6496e+02
20190731_03:00:00   2.9232e-01   7.2729e+01   4.1056e+00   4.6046e-02   1.2821e-03   2.6853e+02
20190731_04:00:00   4.6371e-01   1.0473e+02   4.2370e+00   1.1267e-01   2.2993e-03   2.6866e+02
20190731_05:00:00   2.6980e-01   6.7925e+01   4.3561e+00   3.2880e-02   6.2669e-03   2.6941e+02
20190731_06:00:00   1.8725e-01   5.0007e+01   4.3091e+00   8.7740e-04   2.2632e-03   2.6914e+02
20190731_07:00:00   1.9985e-01   5.2937e+01   4.5086e+00   9.6020e-04   2.9820e-04   2.6942e+02
20190731_08:00:00   1.9932e-01   5.2909e+01   4.5060e+00   0.0000e+00   2.2366e-04   2.6888e+02
20190731_09:00:00   1.9496e-01   5.1959e+01   4.4083e+00   1.3820e-05   1.0478e-04   2.6776e+02
20190731_10:00:00   1.9335e-01   5.1656e+01   4.3402e+00   0.0000e+00   1.0462e-05   2.6779e+02
20190731_11:00:00   1.9074e-01   5.1109e+01   4.2671e+00   0.0000e+00   5.7720e-06   2.6756e+02
20190731_12:00:00   1.8653e-01   5.0189e+01   4.1702e+00   0.0000e+00   0.0000e+00   2.6593e+02
20190731_13:00:00   1.8224e-01   4.9187e+01   4.1008e+00   0.0000e+00   0.0000e+00   2.6446e+02
20190731_14:00:00   1.7735e-01   4.8080e+01   4.0017e+00   0.0000e+00   0.0000e+00   2.6403e+02
20190731_15:00:00   1.7972e-01   4.8568e+01   4.0746e+00   0.0000e+00   0.0000e+00   2.6312e+02
20190731_16:00:00   1.7933e-01   4.8415e+01   4.0914e+00   0.0000e+00   2.4700e-05   2.6264e+02
20190731_17:00:00   1.7085e-01   4.6448e+01   3.9365e+00   0.0000e+00   3.6180e-05   2.6239e+02
20190731_18:00:00   1.6120e-01   4.4201e+01   3.7444e+00   0.0000e+00   3.9440e-05   2.6146e+02
20190731_19:00:00   1.5694e-01   4.3147e+01   3.6844e+00   0.0000e+00   1.5070e-05   2.6157e+02
20190731_20:00:00   1.5533e-01   4.2712e+01   3.6782e+00   0.0000e+00   2.7520e-06   2.6294e+02
20190731_21:00:00   1.5503e-01   4.2592e+01   3.6939e+00   0.0000e+00   0.0000e+00   2.6365e+02
20190731_22:00:00   1.5271e-01   4.2080e+01   3.6413e+00   0.0000e+00   2.6080e-05   2.6371e+02
20190731_23:00:00   1.5605e-01   4.2850e+01   3.7079e+00   2.5210e-04   2.8300e-05   2.6355e+02
20190801_00:00:00   1.6200e-01   4.4185e+01   3.8687e+00   8.3200e-05   2.2020e-06   2.6389e+02
20190801_01:00:00   1.6875e-01   4.5711e+01   4.0240e+00   2.1600e-04   6.6060e-06   2.6447e+02
20190801_02:00:00   1.8676e-01   4.9819e+01   4.1577e+00   5.1210e-03   0.0000e+00   2.6567e+02
20190801_03:00:00   1.7880e-01   4.7962e+01   4.2508e+00   4.5520e-04   0.0000e+00   2.6593e+02
20190801_04:00:00   1.8288e-01   4.8875e+01   4.3550e+00   3.1820e-04   0.0000e+00   2.6493e+02
20190801_05:00:00   1.8606e-01   4.9590e+01   4.4430e+00   2.5100e-04   0.0000e+00   2.6541e+02
20190801_06:00:00   1.9586e-01   5.1711e+01   4.6411e+00   9.8210e-04   0.0000e+00   2.6659e+02
20190801_09:00:00   1.9565e-01   5.1785e+01   4.6533e+00   0.0000e+00   5.2380e-06   2.6689e+02
20190801_12:00:00   1.9449e-01   5.1410e+01   4.6559e+00   6.7030e-06   1.0866e-05   2.6786e+02
20190801_15:00:00   1.9764e-01   5.2030e+01   4.7293e+00   6.6840e-06   1.3108e-04   2.6686e+02
20190801_18:00:00   1.7900e-01   4.8033e+01   4.2523e+00   0.0000e+00   0.0000e+00   2.6580e+02
20190801_21:00:00   1.6107e-01   4.3910e+01   3.8595e+00   0.0000e+00   0.0000e+00   2.6754e+02
20190802_00:00:00   1.6362e-01   4.4511e+01   3.9181e+00   0.0000e+00   0.0000e+00   2.6432e+02
20190802_03:00:00   2.3025e-01   5.9490e+01   5.2865e+00   0.0000e+00   1.0108e-06   2.6472e+02
20190802_06:00:00   2.9297e-01   7.2624e+01   6.3433e+00   3.6581e-03   5.3380e-05   2.6643e+02
20190802_09:00:00   3.0048e+00   2.6144e+02   1.2396e+01   1.0012e+00   2.0230e-01   2.6659e+02
20190802_12:00:00   4.9361e-01   1.0867e+02   1.0372e+01   4.5490e-03   1.4310e-02   2.6827e+02
20190802_15:00:00   2.1785e+00   2.4458e+02   1.1703e+01   6.6029e-01   7.4094e-04   2.6761e+02
20190802_18:00:00   5.5669e-01   1.1845e+02   1.1589e+01   4.8389e-03   1.3422e-03   2.6605e+02
20190802_21:00:00   8.2174e-01   1.5496e+02   1.2226e+01   9.9896e-02   3.2111e-03   2.6472e+02
20190803_00:00:00   6.9287e-01   1.3767e+02   1.2947e+01   3.5268e-02   2.9085e-01   2.6137e+02
20190803_03:00:00   5.8257e-01   1.2169e+02   1.2199e+01   9.9587e-03   3.1586e-02   2.6237e+02
20190803_06:00:00   5.2523e-01   1.1298e+02   1.1460e+01   0.0000e+00   1.0481e-02   2.6418e+02
20190803_09:00:00   4.9478e-01   1.0841e+02   1.0779e+01   0.0000e+00   5.4761e-05   2.6436e+02
20190803_12:00:00   4.7202e-01   1.0456e+02   1.0343e+01   0.0000e+00   1.3726e-05   2.6362e+02
20190803_15:00:00   4.4414e-01   9.9921e+01   9.7342e+00   0.0000e+00   0.0000e+00   2.6452e+02
20190803_18:00:00   4.1704e-01   9.5304e+01   9.1520e+00   0.0000e+00   0.0000e+00   2.6710e+02
20190803_21:00:00   4.1004e-01   9.4131e+01   8.9301e+00   0.0000e+00   0.0000e+00   2.6609e+02
20190804_00:00:00   4.0851e-01   9.3918e+01   8.8622e+00   0.0000e+00   0.0000e+00   2.6495e+02
20190804_03:00:00   3.9227e-01   9.1094e+01   8.5174e+00   0.0000e+00   0.0000e+00   2.6333e+02
20190804_06:00:00   3.6801e-01   8.6783e+01   7.9415e+00   0.0000e+00   0.0000e+00   2.6506e+02
20190804_09:00:00   3.3167e-01   8.0112e+01   7.1293e+00   0.0000e+00   8.7840e-06   2.6601e+02
20190804_12:00:00   2.8833e-01   7.1687e+01   6.2657e+00   0.0000e+00   2.0946e-06   2.6643e+02
20190804_15:00:00   2.6051e-01   6.6157e+01   5.5943e+00   0.0000e+00   6.5260e-06   2.7060e+02
20190804_18:00:00   2.5752e-01   6.5594e+01   5.4759e+00   0.0000e+00   8.9740e-06   2.6780e+02
20190804_21:00:00   2.2122e-01   5.7939e+01   4.7673e+00   0.0000e+00   9.3926e-06   2.6886e+02
20190805_00:00:00   1.8355e-01   4.9707e+01   4.0416e+00   0.0000e+00   1.1190e-04   2.7036e+02
20190805_03:00:00   1.7376e-01   4.7511e+01   3.8442e+00   0.0000e+00   5.1884e-05   2.6591e+02
20190805_06:00:00   2.6146e-01   6.6587e+01   5.3874e+00   4.6981e-03   1.1118e-06   2.6683e+02
20190805_09:00:00   1.4614e+00   2.1260e+02   8.5259e+00   4.2409e-01   5.6054e-06   2.6876e+02
20190805_12:00:00   2.0099e+00   2.3806e+02   1.0044e+01   6.2450e-01   5.2994e-03   2.6841e+02
20190805_15:00:00   1.2159e+00   1.9439e+02   8.8133e+00   3.2247e-01   1.4147e-03   2.6852e+02
20190805_18:00:00   1.2444e+00   1.9662e+02   9.9789e+00   3.1001e-01   4.8135e-03   2.6967e+02
20190805_21:00:00   2.2125e+00   2.4564e+02   1.0169e+01   7.0189e-01   1.2980e-02   2.6886e+02
20190806_00:00:00   2.1899e+00   2.4490e+02   1.0897e+01   6.7955e-01   2.4556e-02   2.6609e+02
20190806_03:00:00   2.3756e+00   2.4960e+02   1.1804e+01   7.4066e-01   1.1116e-01   2.6729e+02
20190806_06:00:00   2.4688e+00   2.5215e+02   1.1723e+01   7.7822e-01   1.0085e-01   2.6842e+02
20190806_09:00:00   2.4048e+00   2.5024e+02   1.2966e+01   7.3276e-01   2.0367e-01   2.6846e+02
20190806_12:00:00   2.8761e+00   2.5984e+02   1.1834e+01   9.4352e-01   1.8448e-01   2.6655e+02
20190806_15:00:00   2.5997e+00   2.5485e+02   1.2086e+01   8.2552e-01   1.7734e-01   2.6763e+02
20190806_18:00:00   1.2450e+00   1.9596e+02   1.2127e+01   2.7717e-01   2.7481e-01   2.6870e+02
20190806_21:00:00   6.8584e-01   1.3728e+02   1.2407e+01   4.9754e-02   1.5492e-01   2.6850e+02
20190807_00:00:00   1.4890e+00   2.1321e+02   1.4617e+01   3.2792e-01   5.8494e-01   2.6717e+02
20190807_03:00:00   1.7108e+00   2.2451e+02   1.4912e+01   4.1742e-01   9.4800e-01   2.6693e+02
20190807_06:00:00   1.6177e+00   2.1977e+02   1.4951e+01   3.8519e-01   7.2656e-01   2.6823e+02
20190807_09:00:00   2.2049e+00   2.4376e+02   1.5445e+01   6.1448e-01   1.2763e+00   2.6756e+02
20190807_12:00:00   2.7959e+00   2.5721e+02   1.5229e+01   8.7536e-01   1.1338e+00   2.6547e+02
20190807_15:00:00   2.6984e+00   2.5615e+02   1.4139e+01   8.3670e-01   4.8345e-01   2.6720e+02
20190807_18:00:00   1.0984e+00   1.8259e+02   1.3563e+01   1.9307e-01   1.1558e-01   2.6909e+02
20190807_21:00:00   2.3038e+00   2.4616e+02   1.4211e+01   6.7960e-01   6.4906e-01   2.6734e+02
20190808_00:00:00   2.8948e+00   2.5926e+02   1.4361e+01   9.1595e-01   5.7090e-01   2.6467e+02
20190808_03:00:00   1.8217e+00   2.2973e+02   1.3656e+01   4.8501e-01   2.7655e-01   2.6453e+02
20190808_06:00:00   6.9069e-01   1.3697e+02   1.2885e+01   3.9581e-02   4.3106e-02   2.6582e+02
20190808_09:00:00   5.7025e-01   1.1973e+02   1.2367e+01   1.2031e-03   2.0686e-02   2.6619e+02
20190808_12:00:00   5.5478e-01   1.1730e+02   1.2043e+01   1.1088e-03   4.1614e-03   2.6663e+02
20190808_15:00:00   5.3544e-01   1.1435e+02   1.1611e+01   0.0000e+00   1.4475e-03   2.6514e+02
20190808_18:00:00   5.1936e-01   1.1187e+02   1.1327e+01   0.0000e+00   1.5282e-04   2.6590e+02
20190808_21:00:00   5.2966e-01   1.1353e+02   1.1563e+01   7.4605e-04   6.5244e-04   2.6708e+02
20190809_00:00:00   8.3309e-01   1.5533e+02   1.3025e+01   9.3452e-02   7.3540e-02   2.6761e+02
20190809_03:00:00   1.2836e+00   1.9810e+02   1.3384e+01   2.7106e-01   1.2203e-01   2.6675e+02
20190809_06:00:00   5.2694e-01   1.1316e+02   1.1503e+01   0.0000e+00   2.8656e-04   2.6859e+02
20190809_09:00:00   4.8234e-01   1.0600e+02   1.0621e+01   0.0000e+00   4.7491e-06   2.6531e+02
20190809_12:00:00   4.8417e-01   1.0630e+02   1.0607e+01   0.0000e+00   1.4172e-04   2.6585e+02
20190809_15:00:00   4.7028e-01   1.0400e+02   1.0311e+01   0.0000e+00   6.4424e-05   2.6652e+02
20190809_18:00:00   4.4842e-01   1.0041e+02   9.8536e+00   0.0000e+00   1.0987e-05   2.6772e+02
20190809_21:00:00   4.4660e-01   1.0018e+02   9.8042e+00   0.0000e+00   4.0230e-05   2.6766e+02
20190810_00:00:00   4.2025e-01   9.5658e+01   9.3267e+00   0.0000e+00   0.0000e+00   2.6716e+02
20190810_03:00:00   3.9279e-01   9.0880e+01   8.7575e+00   0.0000e+00   0.0000e+00   2.6563e+02
20190810_06:00:00   3.6511e-01   8.5975e+01   8.1072e+00   0.0000e+00   0.0000e+00   2.6499e+02
20190810_09:00:00   3.2864e-01   7.9307e+01   7.1563e+00   0.0000e+00   0.0000e+00   2.6772e+02
20190810_12:00:00   2.8510e-01   7.0895e+01   6.1492e+00   0.0000e+00   0.0000e+00   2.6885e+02
20190810_15:00:00   2.4043e-01   6.1823e+01   5.1822e+00   0.0000e+00   0.0000e+00   2.6981e+02
20190810_18:00:00   2.2076e-01   5.7727e+01   4.7067e+00   0.0000e+00   0.0000e+00   2.7169e+02
20190810_21:00:00   2.1540e-01   5.6638e+01   4.5814e+00   0.0000e+00   1.7078e-04   2.7125e+02
20190811_00:00:00   2.1404e-01   5.6359e+01   4.5632e+00   0.0000e+00   6.3620e-05   2.7137e+02
20190811_03:00:00   2.2179e-01   5.8065e+01   4.7691e+00   8.4410e-05   8.9320e-05   2.7242e+02
20190811_06:00:00   1.3310e-01   3.8174e+01   2.8697e+00   0.0000e+00   3.3140e-05   2.7245e+02
20190811_09:00:00   1.1973e-01   3.4978e+01   2.5665e+00   0.0000e+00   0.0000e+00   2.7547e+02
20190811_12:00:00   1.1037e-01   3.2700e+01   2.3653e+00   0.0000e+00   0.0000e+00   2.7219e+02
20190811_15:00:00   1.0021e-01   3.0223e+01   2.1483e+00   0.0000e+00   1.6102e-05   2.7057e+02
20190811_18:00:00   1.0197e-01   3.0668e+01   2.2008e+00   0.0000e+00   4.3848e-05   2.7082e+02
20190811_21:00:00   1.0609e-01   3.1691e+01   2.3033e+00   0.0000e+00   4.6800e-05   2.7128e+02
20190812_00:00:00   1.1715e-01   3.4379e+01   2.5074e+00   1.0630e-03   5.5960e-05   2.7018e+02
20190812_03:00:00   1.1374e-01   3.3551e+01   2.5124e+00   0.0000e+00   9.5660e-05   2.6890e+02
20190812_06:00:00   1.1849e-01   3.4632e+01   2.6450e+00   0.0000e+00   4.4040e-06   2.6920e+02
