#            date       tau225        Tb[K]      pwv[mm] lwp[kg*m^-2] iwp[kg*m^-2]       o3[DU]
20191001_12:00:00   8.8809e-02   2.7293e+01   1.8947e+00   0.0000e+00   0.0000e+00   2.5629e+02
20191001_13:00:00   8.2086e-02   2.5628e+01   1.7342e+00   0.0000e+00   0.0000e+00   2.5649e+02
20191001_14:00:00   8.0753e-02   2.5293e+01   1.7039e+00   0.0000e+00   0.0000e+00   2.5455e+02
20191001_15:00:00   8.2317e-02   2.5673e+01   1.7412e+00   0.0000e+00   0.0000e+00   2.5385e+02
20191001_16:00:00   8.1201e-02   2.5393e+01   1.7144e+00   0.0000e+00   0.0000e+00   2.5324e+02
20191001_17:00:00   7.4174e-02   2.3610e+01   1.5586e+00   0.0000e+00   0.0000e+00   2.5366e+02
20191001_18:00:00   7.2813e-02   2.3257e+01   1.5307e+00   0.0000e+00   0.0000e+00   2.5355e+02
20191001_19:00:00   7.3570e-02   2.3449e+01   1.5456e+00   0.0000e+00   0.0000e+00   2.5365e+02
20191001_20:00:00   7.0913e-02   2.2771e+01   1.4838e+00   0.0000e+00   0.0000e+00   2.5466e+02
20191001_21:00:00   6.7803e-02   2.1971e+01   1.4134e+00   0.0000e+00   0.0000e+00   2.5666e+02
20191001_22:00:00   6.4753e-02   2.1185e+01   1.3433e+00   0.0000e+00   0.0000e+00   2.5608e+02
20191001_23:00:00   6.4348e-02   2.1075e+01   1.3340e+00   0.0000e+00   0.0000e+00   2.5556e+02
20191002_00:00:00   6.7041e-02   2.1756e+01   1.4003e+00   0.0000e+00   0.0000e+00   2.5391e+02
20191002_01:00:00   6.7718e-02   2.1909e+01   1.4259e+00   0.0000e+00   0.0000e+00   2.5163e+02
20191002_02:00:00   6.8663e-02   2.2131e+01   1.4548e+00   0.0000e+00   0.0000e+00   2.5036e+02
20191002_03:00:00   6.8533e-02   2.2081e+01   1.4575e+00   0.0000e+00   0.0000e+00   2.4988e+02
20191002_04:00:00   6.8508e-02   2.2082e+01   1.4550e+00   0.0000e+00   0.0000e+00   2.4986e+02
20191002_05:00:00   6.9375e-02   2.2300e+01   1.4751e+00   0.0000e+00   0.0000e+00   2.4935e+02
20191002_06:00:00   7.1694e-02   2.2887e+01   1.5308e+00   0.0000e+00   0.0000e+00   2.4961e+02
20191002_07:00:00   7.2486e-02   2.3097e+01   1.5452e+00   0.0000e+00   0.0000e+00   2.5068e+02
20191002_08:00:00   7.3852e-02   2.3452e+01   1.5714e+00   0.0000e+00   0.0000e+00   2.4924e+02
20191002_09:00:00   7.5048e-02   2.3757e+01   1.5933e+00   0.0000e+00   0.0000e+00   2.5125e+02
20191002_10:00:00   7.6460e-02   2.4116e+01   1.6201e+00   0.0000e+00   0.0000e+00   2.5255e+02
20191002_11:00:00   8.1379e-02   2.5355e+01   1.7270e+00   0.0000e+00   0.0000e+00   2.5153e+02
20191002_12:00:00   8.2158e-02   2.5537e+01   1.7436e+00   0.0000e+00   0.0000e+00   2.5100e+02
20191002_13:00:00   7.4788e-02   2.3700e+01   1.5753e+00   0.0000e+00   0.0000e+00   2.5023e+02
20191002_14:00:00   6.8692e-02   2.2162e+01   1.4348e+00   0.0000e+00   0.0000e+00   2.4983e+02
20191002_15:00:00   6.5508e-02   2.1336e+01   1.3660e+00   0.0000e+00   0.0000e+00   2.5001e+02
20191002_16:00:00   6.3998e-02   2.0958e+01   1.3253e+00   0.0000e+00   0.0000e+00   2.5290e+02
20191002_17:00:00   6.2055e-02   2.0475e+01   1.2751e+00   0.0000e+00   0.0000e+00   2.5245e+02
20191002_18:00:00   6.1092e-02   2.0218e+01   1.2560e+00   0.0000e+00   0.0000e+00   2.5129e+02
20191002_19:00:00   6.1768e-02   2.0395e+01   1.2731e+00   0.0000e+00   0.0000e+00   2.5063e+02
20191002_20:00:00   6.2466e-02   2.0569e+01   1.2933e+00   0.0000e+00   0.0000e+00   2.5064e+02
20191002_21:00:00   6.2959e-02   2.0675e+01   1.3103e+00   0.0000e+00   0.0000e+00   2.5165e+02
20191002_22:00:00   6.3715e-02   2.0846e+01   1.3360e+00   0.0000e+00   0.0000e+00   2.5361e+02
20191002_23:00:00   6.5006e-02   2.1169e+01   1.3691e+00   0.0000e+00   0.0000e+00   2.5363e+02
20191003_00:00:00   7.1742e-02   2.2903e+01   1.5223e+00   0.0000e+00   0.0000e+00   2.5467e+02
20191003_01:00:00   7.0037e-02   2.2482e+01   1.4830e+00   0.0000e+00   0.0000e+00   2.5439e+02
20191003_02:00:00   6.3057e-02   2.0700e+01   1.3201e+00   0.0000e+00   0.0000e+00   2.5488e+02
20191003_03:00:00   6.1857e-02   2.0386e+01   1.2929e+00   0.0000e+00   0.0000e+00   2.5394e+02
20191003_04:00:00   6.5355e-02   2.1299e+01   1.3714e+00   1.9530e-05   0.0000e+00   2.5339e+02
20191003_05:00:00   6.9779e-02   2.2438e+01   1.4718e+00   6.2840e-05   0.0000e+00   2.5224e+02
20191003_06:00:00   7.3922e-02   2.3493e+01   1.5761e+00   1.3440e-05   0.0000e+00   2.5294e+02
20191003_07:00:00   7.5304e-02   2.3823e+01   1.6085e+00   1.3670e-05   0.0000e+00   2.5372e+02
20191003_08:00:00   7.9224e-02   2.4801e+01   1.6998e+00   2.7400e-05   0.0000e+00   2.5325e+02
20191003_09:00:00   8.7094e-02   2.6769e+01   1.8701e+00   1.7570e-04   0.0000e+00   2.5333e+02
20191003_10:00:00   1.0506e-01   3.1216e+01   2.2706e+00   0.0000e+00   0.0000e+00   2.5448e+02
20191003_11:00:00   1.1391e-01   3.3376e+01   2.4414e+00   2.3297e-04   0.0000e+00   2.5517e+02
20191003_12:00:00   1.2199e-01   3.5333e+01   2.6196e+00   6.8550e-05   0.0000e+00   2.5517e+02
20191003_13:00:00   1.1022e-01   3.2531e+01   2.3648e+00   5.2960e-05   0.0000e+00   2.5440e+02
20191003_14:00:00   9.6324e-02   2.9120e+01   2.0710e+00   0.0000e+00   0.0000e+00   2.5262e+02
20191003_15:00:00   8.8379e-02   2.7138e+01   1.9005e+00   0.0000e+00   0.0000e+00   2.5164e+02
20191003_16:00:00   7.6582e-02   2.4150e+01   1.6404e+00   0.0000e+00   0.0000e+00   2.5272e+02
20191003_17:00:00   6.5805e-02   2.1381e+01   1.3945e+00   0.0000e+00   0.0000e+00   2.5011e+02
20191003_18:00:00   6.0792e-02   2.0087e+01   1.2775e+00   0.0000e+00   0.0000e+00   2.5197e+02
20191003_19:00:00   5.9553e-02   1.9768e+01   1.2484e+00   0.0000e+00   0.0000e+00   2.5391e+02
20191003_20:00:00   6.0002e-02   1.9869e+01   1.2643e+00   0.0000e+00   0.0000e+00   2.5402e+02
20191003_21:00:00   5.9605e-02   1.9755e+01   1.2567e+00   0.0000e+00   0.0000e+00   2.5506e+02
20191003_22:00:00   6.0764e-02   2.0041e+01   1.2873e+00   0.0000e+00   0.0000e+00   2.5586e+02
20191003_23:00:00   6.2671e-02   2.0528e+01   1.3308e+00   0.0000e+00   0.0000e+00   2.5283e+02
20191004_00:00:00   6.3741e-02   2.0814e+01   1.3521e+00   0.0000e+00   0.0000e+00   2.5197e+02
20191004_01:00:00   6.6733e-02   2.1604e+01   1.3788e+00   7.2180e-04   0.0000e+00   2.5217e+02
20191004_02:00:00   6.9183e-02   2.2231e+01   1.4738e+00   5.8710e-05   0.0000e+00   2.5206e+02
20191004_03:00:00   7.6981e-02   2.4233e+01   1.6496e+00   0.0000e+00   0.0000e+00   2.5162e+02
20191004_04:00:00   8.9537e-02   2.7433e+01   1.9180e+00   4.4110e-05   0.0000e+00   2.5293e+02
20191004_05:00:00   9.8611e-02   2.9710e+01   2.1100e+00   2.0970e-04   0.0000e+00   2.5397e+02
20191004_06:00:00   1.0172e-01   3.0481e+01   2.1862e+00   4.0720e-05   0.0000e+00   2.5322e+02
20191004_07:00:00   9.9348e-02   2.9878e+01   2.1390e+00   0.0000e+00   0.0000e+00   2.5151e+02
20191004_08:00:00   8.9566e-02   2.7455e+01   1.9195e+00   5.8500e-05   0.0000e+00   2.5061e+02
20191004_09:00:00   7.8782e-02   2.4725e+01   1.6811e+00   0.0000e+00   0.0000e+00   2.5101e+02
20191004_10:00:00   6.7245e-02   2.1752e+01   1.4259e+00   0.0000e+00   0.0000e+00   2.5054e+02
20191004_11:00:00   6.1283e-02   2.0184e+01   1.3011e+00   0.0000e+00   0.0000e+00   2.5002e+02
20191004_12:00:00   5.7257e-02   1.9165e+01   1.2011e+00   0.0000e+00   0.0000e+00   2.4943e+02
20191004_13:00:00   5.5764e-02   1.8787e+01   1.1628e+00   0.0000e+00   0.0000e+00   2.4985e+02
20191004_14:00:00   5.4874e-02   1.8561e+01   1.1404e+00   0.0000e+00   0.0000e+00   2.4977e+02
20191004_15:00:00   5.4019e-02   1.8343e+01   1.1171e+00   0.0000e+00   0.0000e+00   2.4948e+02
20191004_16:00:00   5.4288e-02   1.8405e+01   1.1243e+00   0.0000e+00   0.0000e+00   2.4896e+02
20191004_17:00:00   5.3670e-02   1.8247e+01   1.1078e+00   0.0000e+00   0.0000e+00   2.4933e+02
20191004_18:00:00   5.4146e-02   1.8365e+01   1.1209e+00   0.0000e+00   0.0000e+00   2.4972e+02
20191004_19:00:00   5.4966e-02   1.8571e+01   1.1420e+00   0.0000e+00   0.0000e+00   2.5074e+02
20191004_20:00:00   5.5247e-02   1.8638e+01   1.1489e+00   0.0000e+00   0.0000e+00   2.5184e+02
20191004_21:00:00   5.6953e-02   1.9081e+01   1.1900e+00   0.0000e+00   0.0000e+00   2.5123e+02
20191004_22:00:00   6.0264e-02   1.9950e+01   1.2649e+00   0.0000e+00   0.0000e+00   2.5060e+02
20191004_23:00:00   6.1910e-02   2.0390e+01   1.3019e+00   0.0000e+00   0.0000e+00   2.5002e+02
20191005_00:00:00   5.9537e-02   1.9802e+01   1.2410e+00   0.0000e+00   0.0000e+00   2.4984e+02
20191005_01:00:00   5.8210e-02   1.9459e+01   1.2094e+00   0.0000e+00   0.0000e+00   2.4917e+02
20191005_02:00:00   5.8236e-02   1.9501e+01   1.1993e+00   0.0000e+00   0.0000e+00   2.4904e+02
20191005_03:00:00   5.7268e-02   1.9269e+01   1.1699e+00   0.0000e+00   0.0000e+00   2.4914e+02
20191005_04:00:00   5.5167e-02   1.8733e+01   1.1161e+00   0.0000e+00   0.0000e+00   2.4938e+02
20191005_05:00:00   5.4924e-02   1.8687e+01   1.1052e+00   0.0000e+00   0.0000e+00   2.5077e+02
20191005_06:00:00   5.7436e-02   1.9366e+01   1.1581e+00   0.0000e+00   0.0000e+00   2.5063e+02
20191005_07:00:00   5.4227e-02   1.8550e+01   1.0765e+00   0.0000e+00   0.0000e+00   2.5135e+02
20191005_08:00:00   5.2426e-02   1.8106e+01   1.0243e+00   0.0000e+00   0.0000e+00   2.5043e+02
20191005_09:00:00   5.0872e-02   1.7743e+01   9.7536e-01   0.0000e+00   0.0000e+00   2.5040e+02
20191005_10:00:00   4.7786e-02   1.6983e+01   8.8594e-01   0.0000e+00   0.0000e+00   2.5111e+02
20191005_11:00:00   4.4518e-02   1.6155e+01   7.9745e-01   0.0000e+00   0.0000e+00   2.5202e+02
20191005_12:00:00   4.3488e-02   1.5892e+01   7.6782e-01   0.0000e+00   0.0000e+00   2.5253e+02
20191005_13:00:00   4.1620e-02   1.5407e+01   7.2082e-01   0.0000e+00   0.0000e+00   2.5272e+02
20191005_14:00:00   3.8993e-02   1.4724e+01   6.5362e-01   0.0000e+00   0.0000e+00   2.5355e+02
20191005_15:00:00   3.7986e-02   1.4455e+01   6.2833e-01   0.0000e+00   0.0000e+00   2.5342e+02
20191005_16:00:00   3.7770e-02   1.4389e+01   6.2384e-01   0.0000e+00   0.0000e+00   2.5286e+02
20191005_17:00:00   3.7790e-02   1.4377e+01   6.2869e-01   0.0000e+00   0.0000e+00   2.5426e+02
20191005_18:00:00   3.7826e-02   1.4383e+01   6.2896e-01   0.0000e+00   0.0000e+00   2.5620e+02
20191005_19:00:00   3.7677e-02   1.4356e+01   6.2080e-01   0.0000e+00   0.0000e+00   2.5667e+02
20191005_20:00:00   3.7323e-02   1.4268e+01   6.1030e-01   0.0000e+00   0.0000e+00   2.5697e+02
20191005_21:00:00   3.7255e-02   1.4245e+01   6.1023e-01   0.0000e+00   0.0000e+00   2.5809e+02
20191005_22:00:00   3.8182e-02   1.4483e+01   6.3460e-01   0.0000e+00   0.0000e+00   2.5817e+02
20191005_23:00:00   4.0038e-02   1.4980e+01   6.7962e-01   0.0000e+00   0.0000e+00   2.5838e+02
20191006_00:00:00   4.1352e-02   1.5326e+01   7.1300e-01   0.0000e+00   0.0000e+00   2.5699e+02
20191006_01:00:00   4.1964e-02   1.5481e+01   7.3273e-01   0.0000e+00   0.0000e+00   2.5606e+02
20191006_02:00:00   4.2756e-02   1.5675e+01   7.5951e-01   0.0000e+00   0.0000e+00   2.5667e+02
20191006_03:00:00   4.4910e-02   1.6216e+01   8.2412e-01   0.0000e+00   0.0000e+00   2.5739e+02
20191006_04:00:00   4.9120e-02   1.7299e+01   9.3674e-01   0.0000e+00   0.0000e+00   2.5777e+02
20191006_05:00:00   5.1212e-02   1.7837e+01   9.9216e-01   0.0000e+00   0.0000e+00   2.5832e+02
20191006_06:00:00   5.1740e-02   1.7980e+01   1.0040e+00   0.0000e+00   0.0000e+00   2.5884e+02
20191006_07:00:00   5.1034e-02   1.7802e+01   9.8625e-01   3.2810e-06   0.0000e+00   2.5792e+02
20191006_08:00:00   5.2239e-02   1.8095e+01   1.0220e+00   1.3160e-05   0.0000e+00   2.5716e+02
20191006_09:00:00   5.4147e-02   1.8562e+01   1.0757e+00   0.0000e+00   0.0000e+00   2.5795e+02
20191006_10:00:00   5.5267e-02   1.8824e+01   1.1109e+00   0.0000e+00   0.0000e+00   2.5826e+02
20191006_11:00:00   5.6802e-02   1.9200e+01   1.1542e+00   0.0000e+00   0.0000e+00   2.5877e+02
20191006_12:00:00   5.7630e-02   1.9418e+01   1.1746e+00   0.0000e+00   0.0000e+00   2.5761e+02
20191006_15:00:00   5.9221e-02   1.9869e+01   1.2040e+00   0.0000e+00   0.0000e+00   2.5669e+02
20191006_18:00:00   5.7455e-02   1.9416e+01   1.1595e+00   0.0000e+00   0.0000e+00   2.5538e+02
20191006_21:00:00   6.0733e-02   2.0264e+01   1.2424e+00   0.0000e+00   0.0000e+00   2.5736e+02
20191007_00:00:00   7.0134e-02   2.2681e+01   1.4658e+00   0.0000e+00   0.0000e+00   2.5505e+02
20191007_03:00:00   9.0057e-02   2.7668e+01   1.9498e+00   0.0000e+00   0.0000e+00   2.5524e+02
20191007_06:00:00   9.9738e-02   3.0055e+01   2.1678e+00   0.0000e+00   0.0000e+00   2.5578e+02
20191007_09:00:00   1.1301e-01   3.3285e+01   2.4549e+00   0.0000e+00   2.2480e-05   2.5678e+02
20191007_12:00:00   1.2611e-01   3.6432e+01   2.7320e+00   0.0000e+00   2.1800e-05   2.5507e+02
20191007_15:00:00   1.4619e-01   4.1145e+01   3.1619e+00   0.0000e+00   2.4140e-06   2.5342e+02
20191007_18:00:00   1.5805e-01   4.3918e+01   3.4035e+00   0.0000e+00   1.1194e-05   2.5224e+02
20191007_21:00:00   1.5711e-01   4.3738e+01   3.3835e+00   0.0000e+00   2.4140e-06   2.5552e+02
20191008_00:00:00   1.5350e-01   4.2945e+01   3.2944e+00   0.0000e+00   8.1580e-06   2.5469e+02
20191008_03:00:00   1.5409e-01   4.3102e+01   3.2721e+00   0.0000e+00   0.0000e+00   2.5527e+02
20191008_06:00:00   1.5636e-01   4.3645e+01   3.2842e+00   0.0000e+00   0.0000e+00   2.5790e+02
20191008_09:00:00   1.4921e-01   4.2033e+01   3.1046e+00   0.0000e+00   0.0000e+00   2.5631e+02
20191008_12:00:00   1.3619e-01   3.8987e+01   2.8254e+00   0.0000e+00   3.6080e-05   2.5720e+02
20191008_15:00:00   1.2957e-01   3.7377e+01   2.6971e+00   0.0000e+00   5.7893e-05   2.5436e+02
20191008_18:00:00   1.3249e-01   3.8033e+01   2.7767e+00   0.0000e+00   1.0544e-04   2.5123e+02
20191008_21:00:00   1.3753e-01   3.9205e+01   2.8950e+00   0.0000e+00   1.5918e-04   2.5448e+02
20191009_00:00:00   1.9041e-01   5.1317e+01   3.3668e+00   1.2230e-02   2.5783e-05   2.5339e+02
20191009_03:00:00   4.0713e-01   9.4886e+01   3.7431e+00   9.2181e-02   1.9181e-06   2.5619e+02
20191009_06:00:00   1.9152e-01   5.1544e+01   3.6470e+00   7.1550e-03   0.0000e+00   2.5494e+02
20191009_09:00:00   1.5699e-01   4.3678e+01   3.3126e+00   0.0000e+00   0.0000e+00   2.5310e+02
20191009_12:00:00   1.4821e-01   4.1639e+01   3.1389e+00   0.0000e+00   0.0000e+00   2.5116e+02
20191009_15:00:00   1.4420e-01   4.0658e+01   3.0685e+00   0.0000e+00   0.0000e+00   2.5003e+02
20191009_18:00:00   1.4130e-01   3.9973e+01   3.0098e+00   0.0000e+00   0.0000e+00   2.5168e+02
20191009_21:00:00   1.4336e-01   4.0452e+01   3.0572e+00   0.0000e+00   0.0000e+00   2.5326e+02
20191010_00:00:00   1.7662e-01   4.8063e+01   3.5187e+00   4.7580e-03   0.0000e+00   2.5405e+02
20191010_03:00:00   1.9635e-01   5.2456e+01   3.9417e+00   3.5100e-03   5.8860e-08   2.5341e+02
20191010_06:00:00   1.9522e-01   5.2125e+01   4.0922e+00   4.8060e-04   2.4510e-07   2.5479e+02
20191010_09:00:00   2.1145e-01   5.5420e+01   4.6035e+00   0.0000e+00   0.0000e+00   2.5421e+02
20191010_12:00:00   2.7402e-01   6.8620e+01   4.9014e+00   1.9039e-02   6.6210e-06   2.5162e+02
20191010_15:00:00   2.4488e-01   6.2607e+01   5.2279e+00   0.0000e+00   0.0000e+00   2.5142e+02
20191010_18:00:00   2.3296e-01   6.0194e+01   4.9812e+00   0.0000e+00   1.7824e-05   2.4970e+02
20191010_21:00:00   2.0177e-01   5.3492e+01   4.3413e+00   0.0000e+00   1.6612e-04   2.5072e+02
20191011_00:00:00   2.2988e-01   5.9453e+01   4.7203e+00   5.6650e-03   7.1855e-03   2.4932e+02
20191011_03:00:00   1.1104e+00   1.8537e+02   6.7526e+00   3.2430e-01   4.4131e-03   2.4875e+02
20191011_06:00:00   1.0936e+00   1.8368e+02   7.7551e+00   2.9914e-01   1.7823e-03   2.4961e+02
20191011_09:00:00   4.9003e-01   1.0823e+02   6.8805e+00   7.2450e-02   3.3541e-03   2.4887e+02
20191011_12:00:00   2.2390e-01   5.7993e+01   5.0310e+00   1.1342e-03   1.4010e-04   2.4719e+02
20191011_15:00:00   1.9494e-01   5.1662e+01   4.5005e+00   0.0000e+00   2.5583e-04   2.4588e+02
20191011_18:00:00   2.0646e-01   5.4206e+01   4.7684e+00   0.0000e+00   5.5038e-04   2.4648e+02
20191011_21:00:00   1.8852e-01   5.0279e+01   4.3755e+00   0.0000e+00   3.5020e-05   2.4453e+02
20191012_00:00:00   1.7237e-01   4.6616e+01   4.0313e+00   0.0000e+00   8.0780e-06   2.4440e+02
20191012_03:00:00   1.6090e-01   4.3996e+01   3.7927e+00   8.0800e-05   0.0000e+00   2.4414e+02
20191012_06:00:00   1.5565e-01   4.2770e+01   3.6754e+00   0.0000e+00   0.0000e+00   2.4523e+02
20191012_09:00:00   1.6878e-01   4.5740e+01   3.9759e+00   0.0000e+00   0.0000e+00   2.4650e+02
20191012_12:00:00   1.7491e-01   4.7138e+01   4.1097e+00   0.0000e+00   4.7140e-05   2.4484e+02
20191012_15:00:00   1.7663e-01   4.7456e+01   4.1833e+00   0.0000e+00   1.2350e-05   2.4748e+02
20191012_18:00:00   1.8860e-01   5.0114e+01   4.4726e+00   0.0000e+00   2.6340e-05   2.4836e+02
20191012_21:00:00   1.9398e-01   5.1340e+01   4.5762e+00   0.0000e+00   0.0000e+00   2.4629e+02
20191013_00:00:00   2.0965e-01   5.4728e+01   4.9442e+00   0.0000e+00   2.1184e-03   2.4762e+02
20191013_03:00:00   2.2930e-01   5.8926e+01   5.3616e+00   0.0000e+00   5.2883e-03   2.4605e+02
20191013_06:00:00   2.3094e-01   5.9232e+01   5.4032e+00   0.0000e+00   4.5978e-05   2.4764e+02
20191013_09:00:00   2.3272e-01   5.9572e+01   5.4501e+00   0.0000e+00   3.1880e-06   2.4824e+02
20191013_12:00:00   2.5256e-01   6.3547e+01   5.8989e+00   0.0000e+00   1.3490e-04   2.4700e+02
20191013_15:00:00   2.7104e-01   6.7393e+01   6.2812e+00   0.0000e+00   0.0000e+00   2.4700e+02
20191013_18:00:00   3.1476e-01   7.6098e+01   7.1615e+00   0.0000e+00   3.3545e-04   2.4773e+02
20191013_21:00:00   3.3610e-01   7.9934e+01   7.7006e+00   0.0000e+00   5.9879e-04   2.4800e+02
20191014_00:00:00   4.1800e-01   9.4397e+01   9.4629e+00   0.0000e+00   8.3356e-03   2.4968e+02
20191014_03:00:00   4.5795e-01   1.0132e+02   1.0166e+01   0.0000e+00   2.6455e-02   2.5026e+02
20191014_06:00:00   4.5559e-01   1.0112e+02   1.0028e+01   0.0000e+00   1.0659e-03   2.5231e+02
20191014_09:00:00   3.9398e-01   9.0749e+01   8.5091e+00   0.0000e+00   1.1969e-02   2.5265e+02
20191014_12:00:00   3.2539e-01   7.8330e+01   6.9145e+00   0.0000e+00   2.8224e-02   2.5223e+02
20191014_15:00:00   2.8288e-01   6.9962e+01   6.1001e+00   0.0000e+00   1.5234e-02   2.4990e+02
20191014_18:00:00   2.5354e-01   6.4040e+01   5.4442e+00   0.0000e+00   7.8445e-02   2.5098e+02
20191014_21:00:00   2.3958e-01   6.1233e+01   5.1690e+00   0.0000e+00   1.9297e-02   2.5223e+02
20191015_00:00:00   3.0351e-01   7.4066e+01   6.3684e+00   5.4180e-03   4.9692e-02   2.5269e+02
20191015_03:00:00   1.7783e+00   2.2776e+02   8.8057e+00   5.6796e-01   1.6397e-01   2.5184e+02
20191015_06:00:00   3.9411e-01   9.0490e+01   8.5198e+00   0.0000e+00   3.2831e-01   2.5192e+02
20191015_09:00:00   2.9682e-01   7.2750e+01   6.4098e+00   0.0000e+00   5.8441e-02   2.5375e+02
20191015_12:00:00   2.8094e-01   6.9486e+01   6.1096e+00   0.0000e+00   8.6360e-02   2.5143e+02
20191015_15:00:00   2.5670e-01   6.4592e+01   5.6165e+00   0.0000e+00   2.8552e-02   2.5172e+02
20191015_18:00:00   2.1439e-01   5.5769e+01   4.7295e+00   0.0000e+00   5.5153e-03   2.5148e+02
20191015_21:00:00   2.1055e-01   5.4946e+01   4.6655e+00   0.0000e+00   9.2565e-03   2.5146e+02
20191016_00:00:00   2.5644e-01   6.4330e+01   5.7384e+00   1.1710e-03   2.3017e-02   2.5093e+02
20191016_03:00:00   2.1125e-01   5.4785e+01   4.7986e+00   0.0000e+00   6.1553e-02   2.5269e+02
20191016_06:00:00   1.7602e-01   4.7207e+01   3.9854e+00   0.0000e+00   3.7396e-02   2.5272e+02
20191016_09:00:00   1.5602e-01   4.2792e+01   3.5301e+00   0.0000e+00   1.2159e-02   2.5210e+02
20191016_12:00:00   1.3082e-01   3.7098e+01   2.9115e+00   0.0000e+00   8.9184e-03   2.4912e+02
20191016_15:00:00   1.2560e-01   3.5878e+01   2.7886e+00   0.0000e+00   1.8811e-03   2.4986e+02
20191016_18:00:00   1.3175e-01   3.7432e+01   2.9059e+00   0.0000e+00   6.2547e-04   2.4970e+02
20191016_21:00:00   1.4531e-01   4.0653e+01   3.1896e+00   0.0000e+00   3.7644e-03   2.5001e+02
20191017_00:00:00   2.0090e-01   5.3347e+01   3.5996e+00   1.4710e-02   6.4050e-03   2.5189e+02
20191017_03:00:00   1.7938e-01   4.8554e+01   3.8530e+00   0.0000e+00   1.8790e-03   2.5172e+02
20191017_06:00:00   1.8849e-01   5.0585e+01   4.0016e+00   0.0000e+00   2.2319e-03   2.5328e+02
20191017_09:00:00   1.6930e-01   4.6240e+01   3.6312e+00   0.0000e+00   1.9113e-03   2.5345e+02
20191017_12:00:00   1.4626e-01   4.1022e+01   3.1084e+00   0.0000e+00   6.9955e-05   2.5112e+02
