#            date       tau225        Tb[K]      pwv[mm] lwp[kg*m^-2] iwp[kg*m^-2]       o3[DU]
20190821_18:00:00   1.3660e-01   3.9055e+01   2.9164e+00   0.0000e+00   0.0000e+00   2.6402e+02
20190821_19:00:00   1.3156e-01   3.7857e+01   2.8215e+00   0.0000e+00   0.0000e+00   2.6400e+02
20190821_20:00:00   1.2641e-01   3.6631e+01   2.7189e+00   0.0000e+00   0.0000e+00   2.6468e+02
20190821_21:00:00   1.2661e-01   3.6680e+01   2.7307e+00   0.0000e+00   0.0000e+00   2.6452e+02
20190821_22:00:00   1.3072e-01   3.7665e+01   2.8222e+00   0.0000e+00   0.0000e+00   2.6458e+02
20190821_23:00:00   1.3065e-01   3.7657e+01   2.8156e+00   0.0000e+00   0.0000e+00   2.6392e+02
20190822_00:00:00   1.3739e-01   3.9259e+01   2.9524e+00   0.0000e+00   0.0000e+00   2.6528e+02
20190822_01:00:00   1.4926e-01   4.1968e+01   3.2286e+00   0.0000e+00   6.8740e-21   2.6500e+02
20190822_02:00:00   1.4875e-01   4.1862e+01   3.2083e+00   0.0000e+00   0.0000e+00   2.6500e+02
20190822_03:00:00   1.3842e-01   3.9448e+01   2.9859e+00   0.0000e+00   0.0000e+00   2.6307e+02
20190822_04:00:00   1.3113e-01   3.7747e+01   2.8243e+00   0.0000e+00   0.0000e+00   2.6268e+02
20190822_05:00:00   1.2193e-01   3.5594e+01   2.6079e+00   0.0000e+00   0.0000e+00   2.6228e+02
20190822_06:00:00   1.1123e-01   3.3040e+01   2.3653e+00   0.0000e+00   0.0000e+00   2.6375e+02
20190822_07:00:00   1.0374e-01   3.1243e+01   2.1892e+00   0.0000e+00   0.0000e+00   2.6367e+02
20190822_08:00:00   9.5752e-02   2.9290e+01   2.0051e+00   0.0000e+00   0.0000e+00   2.6322e+02
20190822_09:00:00   8.9162e-02   2.7665e+01   1.8546e+00   0.0000e+00   0.0000e+00   2.6397e+02
20190822_10:00:00   8.5549e-02   2.6764e+01   1.7691e+00   0.0000e+00   0.0000e+00   2.6556e+02
20190822_11:00:00   8.1079e-02   2.5646e+01   1.6644e+00   0.0000e+00   0.0000e+00   2.6587e+02
20190822_12:00:00   7.5814e-02   2.4322e+01   1.5439e+00   0.0000e+00   0.0000e+00   2.6407e+02
20190822_13:00:00   7.2813e-02   2.3566e+01   1.4757e+00   0.0000e+00   0.0000e+00   2.6432e+02
20190822_14:00:00   7.1933e-02   2.3355e+01   1.4505e+00   0.0000e+00   0.0000e+00   2.6506e+02
20190822_15:00:00   7.0374e-02   2.2975e+01   1.4094e+00   0.0000e+00   0.0000e+00   2.6580e+02
20190822_16:00:00   6.8374e-02   2.2469e+01   1.3632e+00   0.0000e+00   0.0000e+00   2.6682e+02
20190822_17:00:00   6.6350e-02   2.1945e+01   1.3169e+00   0.0000e+00   0.0000e+00   2.6689e+02
20190822_18:00:00   6.4098e-02   2.1367e+01   1.2664e+00   0.0000e+00   0.0000e+00   2.6536e+02
20190822_19:00:00   6.2118e-02   2.0858e+01   1.2251e+00   0.0000e+00   0.0000e+00   2.6446e+02
20190822_20:00:00   6.3483e-02   2.1202e+01   1.2624e+00   0.0000e+00   0.0000e+00   2.6713e+02
20190822_21:00:00   6.6226e-02   2.1894e+01   1.3347e+00   0.0000e+00   0.0000e+00   2.6834e+02
20190822_22:00:00   6.8706e-02   2.2500e+01   1.4030e+00   0.0000e+00   0.0000e+00   2.6880e+02
20190822_23:00:00   7.1207e-02   2.3111e+01   1.4678e+00   0.0000e+00   0.0000e+00   2.7075e+02
20190823_00:00:00   7.1390e-02   2.3134e+01   1.4762e+00   0.0000e+00   0.0000e+00   2.7275e+02
20190823_01:00:00   6.8964e-02   2.2498e+01   1.4246e+00   0.0000e+00   0.0000e+00   2.7360e+02
20190823_02:00:00   6.7595e-02   2.2133e+01   1.3979e+00   0.0000e+00   0.0000e+00   2.7342e+02
20190823_03:00:00   6.3621e-02   2.1089e+01   1.3098e+00   0.0000e+00   0.0000e+00   2.7195e+02
20190823_04:00:00   5.9966e-02   2.0122e+01   1.2282e+00   0.0000e+00   0.0000e+00   2.7227e+02
20190823_05:00:00   5.9519e-02   1.9974e+01   1.2244e+00   0.0000e+00   0.0000e+00   2.7303e+02
20190823_06:00:00   6.1718e-02   2.0513e+01   1.2831e+00   0.0000e+00   0.0000e+00   2.7408e+02
20190823_07:00:00   6.7273e-02   2.1932e+01   1.4163e+00   0.0000e+00   0.0000e+00   2.7696e+02
20190823_08:00:00   7.3356e-02   2.3472e+01   1.5619e+00   0.0000e+00   0.0000e+00   2.7828e+02
20190823_09:00:00   8.0406e-02   2.5238e+01   1.7292e+00   0.0000e+00   0.0000e+00   2.8023e+02
20190823_10:00:00   9.9203e-02   2.9931e+01   2.1521e+00   0.0000e+00   0.0000e+00   2.8148e+02
20190823_11:00:00   1.2261e-01   3.5613e+01   2.6644e+00   0.0000e+00   0.0000e+00   2.8244e+02
20190823_12:00:00   1.2934e-01   3.7167e+01   2.8152e+00   0.0000e+00   0.0000e+00   2.8156e+02
20190823_13:00:00   1.3752e-01   3.9088e+01   2.9914e+00   0.0000e+00   0.0000e+00   2.8311e+02
20190823_14:00:00   1.4318e-01   4.0422e+01   3.1097e+00   0.0000e+00   0.0000e+00   2.8255e+02
20190823_15:00:00   1.4643e-01   4.1178e+01   3.1743e+00   0.0000e+00   0.0000e+00   2.8309e+02
20190823_16:00:00   1.4749e-01   4.1405e+01   3.2053e+00   0.0000e+00   0.0000e+00   2.8510e+02
20190823_17:00:00   1.4476e-01   4.0741e+01   3.1567e+00   0.0000e+00   0.0000e+00   2.8463e+02
20190823_18:00:00   1.4191e-01   4.0071e+01   3.1015e+00   0.0000e+00   0.0000e+00   2.8502e+02
20190823_19:00:00   1.3227e-01   3.7814e+01   2.8854e+00   0.0000e+00   0.0000e+00   2.8553e+02
20190823_20:00:00   1.2653e-01   3.6501e+01   2.7406e+00   0.0000e+00   0.0000e+00   2.8666e+02
20190823_21:00:00   1.2475e-01   3.6127e+01   2.6882e+00   0.0000e+00   0.0000e+00   2.8675e+02
20190823_22:00:00   1.2209e-01   3.5502e+01   2.6310e+00   0.0000e+00   0.0000e+00   2.8542e+02
20190823_23:00:00   1.2383e-01   3.5899e+01   2.6749e+00   0.0000e+00   0.0000e+00   2.8323e+02
20190824_00:00:00   1.2431e-01   3.6022e+01   2.6865e+00   0.0000e+00   0.0000e+00   2.8017e+02
20190824_01:00:00   1.2735e-01   3.6731e+01   2.7614e+00   0.0000e+00   0.0000e+00   2.7899e+02
20190824_02:00:00   1.2974e-01   3.7294e+01   2.8213e+00   0.0000e+00   0.0000e+00   2.7770e+02
20190824_03:00:00   1.2888e-01   3.7080e+01   2.8096e+00   0.0000e+00   0.0000e+00   2.7808e+02
20190824_04:00:00   1.2663e-01   3.6540e+01   2.7691e+00   0.0000e+00   0.0000e+00   2.7719e+02
20190824_05:00:00   1.2168e-01   3.5348e+01   2.6645e+00   0.0000e+00   0.0000e+00   2.7897e+02
20190824_06:00:00   1.1322e-01   3.3304e+01   2.4834e+00   0.0000e+00   0.0000e+00   2.7708e+02
20190824_07:00:00   1.0447e-01   3.1174e+01   2.2879e+00   0.0000e+00   0.0000e+00   2.7666e+02
20190824_08:00:00   9.9232e-02   2.9900e+01   2.1659e+00   0.0000e+00   0.0000e+00   2.7722e+02
20190824_09:00:00   9.9622e-02   3.0016e+01   2.1660e+00   0.0000e+00   0.0000e+00   2.7789e+02
20190824_10:00:00   1.0598e-01   3.1580e+01   2.3051e+00   0.0000e+00   0.0000e+00   2.7706e+02
20190824_11:00:00   1.1768e-01   3.4423e+01   2.5631e+00   0.0000e+00   0.0000e+00   2.7572e+02
20190824_12:00:00   1.3407e-01   3.8333e+01   2.9206e+00   0.0000e+00   0.0000e+00   2.7460e+02
20190824_13:00:00   1.4355e-01   4.0577e+01   3.1267e+00   0.0000e+00   0.0000e+00   2.7275e+02
20190824_14:00:00   1.6001e-01   4.4410e+01   3.4687e+00   0.0000e+00   0.0000e+00   2.7144e+02
20190824_15:00:00   1.9323e-01   5.1945e+01   4.1391e+00   0.0000e+00   1.2634e-06   2.7147e+02
20190824_16:00:00   2.1683e-01   5.7172e+01   4.5968e+00   0.0000e+00   1.6904e-04   2.7072e+02
20190824_17:00:00   2.5112e-01   6.4498e+01   5.2724e+00   0.0000e+00   1.7608e-03   2.6943e+02
20190824_18:00:00   2.7693e-01   6.9819e+01   5.8020e+00   0.0000e+00   3.6461e-03   2.6894e+02
20190824_19:00:00   2.8246e-01   7.0924e+01   5.9320e+00   0.0000e+00   4.4717e-03   2.6922e+02
20190824_20:00:00   2.6811e-01   6.8000e+01   5.6843e+00   0.0000e+00   4.1739e-03   2.6911e+02
20190824_21:00:00   2.6670e-01   6.7705e+01   5.6600e+00   0.0000e+00   2.3718e-03   2.6866e+02
20190824_22:00:00   2.7988e-01   7.0387e+01   5.9196e+00   0.0000e+00   2.1356e-03   2.6859e+02
20190824_23:00:00   2.8791e-01   7.2007e+01   6.0724e+00   0.0000e+00   8.7600e-04   2.6763e+02
20190825_00:00:00   3.0288e-01   7.4928e+01   6.3575e+00   0.0000e+00   4.7034e-04   2.6747e+02
20190825_01:00:00   3.1619e-01   7.7529e+01   6.5825e+00   1.2105e-03   2.1083e-04   2.6721e+02
20190825_02:00:00   2.9658e-01   7.3607e+01   6.3098e+00   0.0000e+00   3.6823e-05   2.6836e+02
20190825_03:00:00   2.9843e-01   7.3920e+01   6.3740e+00   0.0000e+00   3.0600e-05   2.7038e+02
20190825_04:00:00   2.9347e-01   7.2898e+01   6.3317e+00   0.0000e+00   1.2270e-05   2.6925e+02
20190825_05:00:00   2.9994e-01   7.4123e+01   6.5112e+00   0.0000e+00   7.4400e-06   2.6940e+02
20190825_06:00:00   3.0937e-01   7.5933e+01   6.7350e+00   0.0000e+00   2.7520e-06   2.6945e+02
20190825_07:00:00   3.2697e-01   7.9287e+01   7.1193e+00   0.0000e+00   0.0000e+00   2.6912e+02
20190825_08:00:00   3.3076e-01   7.9904e+01   7.2507e+00   0.0000e+00   0.0000e+00   2.6841e+02
20190825_09:00:00   3.1306e-01   7.6401e+01   6.9353e+00   0.0000e+00   0.0000e+00   2.6862e+02
20190825_10:00:00   2.9302e-01   7.2383e+01   6.5596e+00   0.0000e+00   0.0000e+00   2.6634e+02
20190825_11:00:00   2.8323e-01   7.0371e+01   6.3778e+00   0.0000e+00   2.6180e-05   2.6543e+02
20190825_12:00:00   2.7230e-01   6.8132e+01   6.1657e+00   0.0000e+00   1.0702e-03   2.6462e+02
20190825_13:00:00   2.5487e-01   6.4538e+01   5.8077e+00   0.0000e+00   1.6620e-03   2.6489e+02
20190825_14:00:00   2.4112e-01   6.1658e+01   5.5246e+00   0.0000e+00   1.2862e-03   2.6570e+02
20190825_15:00:00   2.2874e-01   5.9053e+01   5.2623e+00   0.0000e+00   4.5177e-04   2.6559e+02
20190825_16:00:00   2.2058e-01   5.7323e+01   5.0822e+00   0.0000e+00   2.1565e-04   2.6550e+02
20190825_17:00:00   2.1063e-01   5.5224e+01   4.8592e+00   0.0000e+00   2.6003e-05   2.6577e+02
20190825_18:00:00   2.0005e-01   5.2932e+01   4.6301e+00   0.0000e+00   2.1240e-07   2.6534e+02
20190825_19:00:00   1.8660e-01   4.9954e+01   4.3413e+00   0.0000e+00   0.0000e+00   2.6463e+02
20190825_20:00:00   1.6942e-01   4.6109e+01   3.9634e+00   0.0000e+00   0.0000e+00   2.6332e+02
20190825_21:00:00   1.5528e-01   4.2889e+01   3.6492e+00   0.0000e+00   0.0000e+00   2.6418e+02
20190825_22:00:00   1.4479e-01   4.0506e+01   3.3989e+00   0.0000e+00   0.0000e+00   2.6689e+02
20190825_23:00:00   1.3071e-01   3.7273e+01   3.0383e+00   0.0000e+00   0.0000e+00   2.6756e+02
20190826_00:00:00   1.1848e-01   3.4442e+01   2.7215e+00   0.0000e+00   0.0000e+00   2.6852e+02
20190826_01:00:00   1.1313e-01   3.3208e+01   2.5816e+00   0.0000e+00   0.0000e+00   2.6840e+02
20190826_02:00:00   1.1129e-01   3.2772e+01   2.5287e+00   0.0000e+00   2.1818e-04   2.6822e+02
20190826_03:00:00   1.1279e-01   3.3147e+01   2.5598e+00   0.0000e+00   1.2182e-03   2.6819e+02
20190826_04:00:00   1.1344e-01   3.3323e+01   2.5740e+00   0.0000e+00   2.1878e-03   2.6780e+02
20190826_05:00:00   1.1295e-01   3.3198e+01   2.5658e+00   0.0000e+00   1.7880e-03   2.6657e+02
20190826_06:00:00   1.1277e-01   3.3145e+01   2.5674e+00   0.0000e+00   1.4220e-03   2.6730e+02
20190826_07:00:00   1.1459e-01   3.3574e+01   2.6132e+00   0.0000e+00   8.2260e-04   2.6888e+02
20190826_08:00:00   1.1445e-01   3.3542e+01   2.6122e+00   0.0000e+00   3.0917e-04   2.7043e+02
20190826_09:00:00   1.1124e-01   3.2777e+01   2.5316e+00   0.0000e+00   1.3030e-04   2.6946e+02
20190826_10:00:00   1.0639e-01   3.1618e+01   2.4050e+00   0.0000e+00   1.2606e-04   2.6745e+02
20190826_11:00:00   1.0648e-01   3.1658e+01   2.3972e+00   0.0000e+00   2.5081e-04   2.6627e+02
20190826_12:00:00   1.0857e-01   3.2169e+01   2.4427e+00   0.0000e+00   4.4601e-05   2.6471e+02
20190826_13:00:00   1.0817e-01   3.2071e+01   2.4373e+00   0.0000e+00   2.8340e-05   2.6442e+02
20190826_14:00:00   1.0551e-01   3.1440e+01   2.3737e+00   0.0000e+00   2.6600e-04   2.6494e+02
20190826_15:00:00   1.0219e-01   3.0681e+01   2.2836e+00   0.0000e+00   5.2240e-04   2.6512e+02
20190826_16:00:00   9.9497e-02   3.0028e+01   2.2185e+00   0.0000e+00   5.1857e-04   2.6450e+02
20190826_17:00:00   9.8396e-02   2.9750e+01   2.1966e+00   0.0000e+00   2.8187e-04   2.6360e+02
20190826_18:00:00   9.8843e-02   2.9859e+01   2.2114e+00   0.0000e+00   3.7514e-04   2.6346e+02
20190826_21:00:00   1.0067e-01   3.0260e+01   2.2704e+00   0.0000e+00   3.2858e-03   2.6600e+02
20190827_00:00:00   1.0247e-01   3.0659e+01   2.3166e+00   0.0000e+00   1.7815e-03   2.6205e+02
20190827_03:00:00   1.0850e-01   3.2108e+01   2.4705e+00   0.0000e+00   2.8250e-03   2.6198e+02
20190827_06:00:00   1.1567e-01   3.3826e+01   2.6401e+00   0.0000e+00   2.7334e-03   2.6447e+02
20190827_09:00:00   1.0897e-01   3.2223e+01   2.4643e+00   0.0000e+00   4.4461e-04   2.6488e+02
20190827_12:00:00   9.8900e-02   2.9741e+01   2.2359e+00   0.0000e+00   4.8651e-04   2.6433e+02
20190827_15:00:00   8.7146e-02   2.6875e+01   1.9432e+00   0.0000e+00   0.0000e+00   2.6256e+02
20190827_18:00:00   7.7087e-02   2.4344e+01   1.7124e+00   0.0000e+00   0.0000e+00   2.6288e+02
20190827_21:00:00   7.8309e-02   2.4616e+01   1.7460e+00   0.0000e+00   1.4990e-05   2.6258e+02
20190828_00:00:00   8.3142e-02   2.5876e+01   1.8423e+00   0.0000e+00   0.0000e+00   2.6094e+02
20190828_03:00:00   8.2331e-02   2.5706e+01   1.8171e+00   0.0000e+00   0.0000e+00   2.6032e+02
20190828_06:00:00   7.5132e-02   2.3940e+01   1.6321e+00   0.0000e+00   0.0000e+00   2.6256e+02
20190828_09:00:00   7.1691e-02   2.3075e+01   1.5432e+00   0.0000e+00   0.0000e+00   2.6214e+02
20190828_12:00:00   6.9715e-02   2.2540e+01   1.5020e+00   0.0000e+00   0.0000e+00   2.6229e+02
20190828_15:00:00   7.0614e-02   2.2736e+01   1.5301e+00   0.0000e+00   0.0000e+00   2.6237e+02
20190828_18:00:00   6.9622e-02   2.2494e+01   1.5070e+00   0.0000e+00   0.0000e+00   2.6332e+02
20190828_21:00:00   6.5753e-02   2.1500e+01   1.4111e+00   0.0000e+00   0.0000e+00   2.6453e+02
20190829_00:00:00   7.3637e-02   2.3551e+01   1.5792e+00   0.0000e+00   0.0000e+00   2.6324e+02
20190829_03:00:00   1.3502e-01   3.8800e+01   2.0647e+00   1.5560e-02   0.0000e+00   2.6285e+02
20190829_06:00:00   7.7302e-02   2.4486e+01   1.6644e+00   0.0000e+00   0.0000e+00   2.6447e+02
20190829_09:00:00   5.7145e-02   1.9222e+01   1.2100e+00   0.0000e+00   0.0000e+00   2.6565e+02
20190829_12:00:00   5.7034e-02   1.9122e+01   1.2250e+00   0.0000e+00   0.0000e+00   2.6577e+02
20190829_15:00:00   5.8148e-02   1.9394e+01   1.2533e+00   0.0000e+00   0.0000e+00   2.6632e+02
20190829_18:00:00   5.8604e-02   1.9489e+01   1.2643e+00   0.0000e+00   0.0000e+00   2.6488e+02
20190829_21:00:00   6.0942e-02   2.0068e+01   1.3283e+00   0.0000e+00   0.0000e+00   2.6440e+02
20190830_00:00:00   6.9798e-02   2.2378e+01   1.5285e+00   0.0000e+00   0.0000e+00   2.6356e+02
20190830_03:00:00   7.4055e-02   2.3561e+01   1.4998e+00   1.8110e-03   0.0000e+00   2.6672e+02
20190830_06:00:00   1.4563e-01   4.1180e+01   3.1336e+00   6.5220e-05   0.0000e+00   2.6880e+02
20190830_09:00:00   2.7833e-01   7.0128e+01   5.8775e+00   8.0570e-04   6.3180e-07   2.7014e+02
20190830_12:00:00   2.0465e-01   5.4299e+01   4.4965e+00   0.0000e+00   0.0000e+00   2.7078e+02
20190830_15:00:00   1.0127e-01   3.0410e+01   2.1793e+00   0.0000e+00   0.0000e+00   2.6941e+02
20190830_18:00:00   7.9636e-02   2.5000e+01   1.6941e+00   0.0000e+00   0.0000e+00   2.6737e+02
20190830_21:00:00   7.7554e-02   2.4457e+01   1.6523e+00   0.0000e+00   0.0000e+00   2.6596e+02
20190831_00:00:00   8.2681e-02   2.5688e+01   1.7811e+00   8.7300e-05   4.8034e-05   2.6442e+02
20190831_03:00:00   9.5736e-02   2.8824e+01   2.1182e+00   0.0000e+00   8.8259e-05   2.6309e+02
20190831_06:00:00   8.4980e-02   2.6098e+01   1.8865e+00   0.0000e+00   1.2765e-03   2.6486e+02
20190831_09:00:00   8.6839e-02   2.6440e+01   1.9573e+00   0.0000e+00   2.8338e-03   2.6754e+02
20190831_12:00:00   8.3928e-02   2.5737e+01   1.8775e+00   0.0000e+00   2.4683e-03   2.6799e+02
20190831_15:00:00   8.3434e-02   2.5609e+01   1.8618e+00   0.0000e+00   8.7169e-03   2.6842e+02
20190831_18:00:00   7.7326e-02   2.4127e+01   1.7051e+00   0.0000e+00   5.5952e-03   2.6952e+02
20190831_21:00:00   7.1126e-02   2.2664e+01   1.5370e+00   0.0000e+00   2.1123e-03   2.6977e+02
20190901_00:00:00   7.6335e-02   2.4115e+01   1.5306e+00   1.5870e-03   1.1723e-03   2.6831e+02
20190901_03:00:00   2.3200e-01   6.0803e+01   1.8244e+00   5.7931e-02   6.8170e-04   2.6650e+02
20190901_06:00:00   6.1954e-02   2.0488e+01   1.2744e+00   0.0000e+00   8.2458e-05   2.6683e+02
20190901_09:00:00   6.7472e-02   2.1865e+01   1.4239e+00   0.0000e+00   1.8594e-06   2.6860e+02
20190901_12:00:00   1.3309e-01   3.7731e+01   3.0099e+00   0.0000e+00   0.0000e+00   2.6973e+02
20190901_15:00:00   1.6483e-01   4.4967e+01   3.7626e+00   0.0000e+00   0.0000e+00   2.6389e+02
20190901_18:00:00   2.2738e-01   5.8840e+01   5.0922e+00   0.0000e+00   0.0000e+00   2.6458e+02
20190901_21:00:00   2.6127e-01   6.6005e+01   5.7431e+00   0.0000e+00   0.0000e+00   2.6356e+02
20190902_00:00:00   2.8395e-01   7.0611e+01   6.1857e+00   0.0000e+00   2.1120e-05   2.6381e+02
20190902_03:00:00   2.7049e-01   6.7844e+01   5.9139e+00   0.0000e+00   1.2358e-05   2.6270e+02
20190902_06:00:00   2.5540e-01   6.4721e+01   5.5726e+00   0.0000e+00   0.0000e+00   2.6544e+02
20190902_09:00:00   2.4111e-01   6.1778e+01   5.2811e+00   0.0000e+00   0.0000e+00   2.6859e+02
20190902_12:00:00   2.4185e-01   6.1909e+01   5.2756e+00   0.0000e+00   0.0000e+00   2.6924e+02
20190902_15:00:00   1.8999e-01   5.0843e+01   4.1558e+00   0.0000e+00   0.0000e+00   2.6959e+02
20190902_18:00:00   1.5553e-01   4.3051e+01   3.4281e+00   0.0000e+00   0.0000e+00   2.6879e+02
20190902_21:00:00   1.6142e-01   4.4528e+01   3.5084e+00   0.0000e+00   0.0000e+00   2.7041e+02
20190903_00:00:00   1.8459e-01   4.9876e+01   3.7453e+00   4.3030e-03   0.0000e+00   2.6673e+02
20190903_03:00:00   1.6421e-01   4.5237e+01   3.5669e+00   0.0000e+00   0.0000e+00   2.6565e+02
20190903_06:00:00   1.5745e-01   4.3690e+01   3.4215e+00   0.0000e+00   0.0000e+00   2.6492e+02
20190903_09:00:00   1.3922e-01   3.9508e+01   3.0264e+00   0.0000e+00   1.7782e-05   2.6733e+02
20190903_12:00:00   1.6379e-01   4.5051e+01   3.6172e+00   0.0000e+00   1.6566e-04   2.6658e+02
20190903_15:00:00   1.3226e-01   3.7643e+01   2.9646e+00   0.0000e+00   3.4698e-04   2.6549e+02
20190903_18:00:00   1.3405e-01   3.8046e+01   3.0321e+00   0.0000e+00   8.6075e-04   2.6504e+02
20190903_21:00:00   1.9225e-01   5.1397e+01   4.2656e+00   0.0000e+00   3.1419e-03   2.6654e+02
20190904_00:00:00   3.5798e-01   8.5233e+01   7.0878e+00   9.7710e-03   1.1629e-02   2.6423e+02
20190904_03:00:00   1.3046e+00   2.0100e+02   8.7859e+00   3.6025e-01   1.0741e-01   2.6317e+02
20190904_06:00:00   9.0153e-01   1.6328e+02   1.2451e+01   1.2990e-01   2.6809e-01   2.6300e+02
20190904_09:00:00   8.5012e-01   1.5691e+02   1.3603e+01   8.3586e-02   7.7482e-01   2.6485e+02
20190904_12:00:00   2.2206e+00   2.4410e+02   1.3767e+01   6.5000e-01   6.0311e-01   2.6382e+02
20190904_15:00:00   2.1167e+00   2.4113e+02   1.3447e+01   6.1323e-01   2.6593e-01   2.6125e+02
20190904_18:00:00   1.6354e+00   2.2100e+02   1.3563e+01   4.1035e-01   3.6700e-01   2.6138e+02
20190904_21:00:00   2.1576e+00   2.4375e+02   1.3609e+01   6.2136e-01   2.6712e-01   2.5791e+02
20190905_00:00:00   1.1393e+00   1.8640e+02   1.3847e+01   2.0246e-01   7.7519e-01   2.5460e+02
20190905_03:00:00   1.4995e+00   2.1269e+02   1.4404e+01   3.3645e-01   1.3225e+00   2.5505e+02
20190905_06:00:00   1.4777e+00   2.1293e+02   1.4756e+01   3.2504e-01   4.5507e-01   2.5218e+02
20190905_09:00:00   5.5898e-01   1.1898e+02   1.2078e+01   3.2943e-03   2.8126e-01   2.5468e+02
20190905_12:00:00   5.3979e-01   1.1685e+02   8.7294e+00   5.2255e-02   2.5683e-02   2.5522e+02
20190905_15:00:00   1.1324e+00   1.8771e+02   9.2484e+00   2.8155e-01   6.8646e-03   2.5597e+02
20190905_18:00:00   4.8169e-01   1.0669e+02   9.7940e+00   1.0739e-02   1.9720e-02   2.5632e+02
20190905_21:00:00   3.2674e-01   7.9309e+01   7.0241e+00   0.0000e+00   1.2888e-03   2.5868e+02
20190906_00:00:00   4.4726e-01   1.0166e+02   6.3424e+00   6.0379e-02   2.3216e-03   2.5690e+02
20190906_03:00:00   2.0323e-01   5.4049e+01   3.7083e+00   1.4788e-02   1.0088e-03   2.5603e+02
20190906_06:00:00   1.3554e-01   3.8465e+01   3.0778e+00   0.0000e+00   1.2456e-04   2.5572e+02
20190906_09:00:00   1.5279e-01   4.2438e+01   3.4567e+00   0.0000e+00   1.6711e-05   2.5733e+02
20190906_12:00:00   2.1833e-01   5.6995e+01   4.9012e+00   0.0000e+00   3.0209e-06   2.5748e+02
20190906_15:00:00   3.7281e-01   8.7659e+01   8.0103e+00   0.0000e+00   8.9740e-07   2.5709e+02
20190906_18:00:00   4.0813e-01   9.4003e+01   8.7384e+00   0.0000e+00   9.0839e-06   2.5663e+02
