#            date       tau225        Tb[K]      pwv[mm] lwp[kg*m^-2] iwp[kg*m^-2]       o3[DU]
20190816_18:00:00   6.7071e-02   2.1809e+01   1.4534e+00   0.0000e+00   8.8090e-03   2.6101e+02
20190816_19:00:00   6.7867e-02   2.2005e+01   1.4720e+00   0.0000e+00   1.0150e-02   2.6214e+02
20190816_20:00:00   7.0096e-02   2.2588e+01   1.5247e+00   0.0000e+00   5.5150e-03   2.6287e+02
20190816_21:00:00   7.1296e-02   2.2908e+01   1.5484e+00   0.0000e+00   6.5823e-03   2.6356e+02
20190816_22:00:00   7.1869e-02   2.3071e+01   1.5551e+00   0.0000e+00   1.3563e-02   2.6291e+02
20190816_23:00:00   7.2040e-02   2.3111e+01   1.5513e+00   0.0000e+00   2.8212e-02   2.6290e+02
20190817_00:00:00   7.3222e-02   2.3378e+01   1.5863e+00   0.0000e+00   3.2691e-02   2.6227e+02
20190817_01:00:00   7.4569e-02   2.3656e+01   1.6335e+00   0.0000e+00   3.5880e-02   2.6301e+02
20190817_02:00:00   7.5142e-02   2.3754e+01   1.6582e+00   0.0000e+00   3.6045e-02   2.6336e+02
20190817_03:00:00   7.4391e-02   2.3533e+01   1.6480e+00   0.0000e+00   3.7464e-02   2.6397e+02
20190817_04:00:00   7.4669e-02   2.3588e+01   1.6607e+00   0.0000e+00   4.0134e-02   2.6494e+02
20190817_05:00:00   7.3372e-02   2.3280e+01   1.6295e+00   0.0000e+00   3.3920e-02   2.6474e+02
20190817_06:00:00   7.2889e-02   2.3212e+01   1.6122e+00   0.0000e+00   2.4515e-02   2.6422e+02
20190817_07:00:00   7.4631e-02   2.3680e+01   1.6502e+00   0.0000e+00   2.3741e-02   2.6500e+02
20190817_08:00:00   7.5472e-02   2.3919e+01   1.6568e+00   0.0000e+00   3.2590e-02   2.6547e+02
20190817_09:00:00   7.6431e-02   2.4179e+01   1.6773e+00   0.0000e+00   2.3329e-02   2.6496e+02
20190817_10:00:00   8.0114e-02   2.5094e+01   1.7711e+00   0.0000e+00   1.1194e-02   2.6435e+02
20190817_11:00:00   8.1241e-02   2.5373e+01   1.7944e+00   0.0000e+00   7.3267e-03   2.6384e+02
20190817_12:00:00   8.2019e-02   2.5567e+01   1.8106e+00   0.0000e+00   6.8182e-03   2.6288e+02
20190817_13:00:00   8.3027e-02   2.5807e+01   1.8404e+00   0.0000e+00   4.5087e-03   2.6166e+02
20190817_14:00:00   8.5794e-02   2.6477e+01   1.9154e+00   0.0000e+00   4.5397e-03   2.6180e+02
20190817_15:00:00   9.2672e-02   2.8125e+01   2.1015e+00   0.0000e+00   5.4799e-03   2.6230e+02
20190817_16:00:00   1.0824e-01   3.1845e+01   2.4986e+00   0.0000e+00   4.4932e-03   2.6333e+02
20190817_17:00:00   1.2027e-01   3.4657e+01   2.8054e+00   0.0000e+00   3.6457e-03   2.6359e+02
20190817_18:00:00   1.2262e-01   3.5081e+01   2.9025e+00   0.0000e+00   1.3144e-03   2.6286e+02
20190817_19:00:00   1.1953e-01   3.4319e+01   2.8314e+00   0.0000e+00   7.4267e-04   2.6320e+02
20190817_20:00:00   1.2056e-01   3.4557e+01   2.8556e+00   0.0000e+00   6.5380e-04   2.6418e+02
20190817_21:00:00   1.2366e-01   3.5267e+01   2.9379e+00   0.0000e+00   3.0301e-04   2.6534e+02
20190817_22:00:00   1.2826e-01   3.6315e+01   3.0576e+00   0.0000e+00   3.5233e-04   2.6624e+02
20190817_23:00:00   1.3204e-01   3.7186e+01   3.1526e+00   0.0000e+00   0.0000e+00   2.6582e+02
20190818_00:00:00   1.3415e-01   3.7752e+01   3.1889e+00   0.0000e+00   0.0000e+00   2.6533e+02
20190818_01:00:00   1.3272e-01   3.7536e+01   3.1228e+00   0.0000e+00   0.0000e+00   2.6622e+02
20190818_02:00:00   1.2757e-01   3.6439e+01   2.9635e+00   0.0000e+00   0.0000e+00   2.6724e+02
20190818_03:00:00   1.2229e-01   3.5299e+01   2.8056e+00   0.0000e+00   0.0000e+00   2.6947e+02
20190818_04:00:00   1.2105e-01   3.5096e+01   2.7561e+00   0.0000e+00   0.0000e+00   2.7192e+02
20190818_05:00:00   1.1705e-01   3.4186e+01   2.6445e+00   0.0000e+00   2.2020e-06   2.7314e+02
20190818_06:00:00   1.1443e-01   3.3561e+01   2.5810e+00   0.0000e+00   7.4400e-06   2.7323e+02
20190818_07:00:00   1.1037e-01   3.2612e+01   2.4747e+00   0.0000e+00   5.7440e-06   2.7248e+02
20190818_08:00:00   1.0727e-01   3.1856e+01   2.3997e+00   0.0000e+00   5.7440e-06   2.7188e+02
20190818_09:00:00   1.0615e-01   3.1543e+01   2.3813e+00   0.0000e+00   5.5060e-06   2.7036e+02
20190818_10:00:00   1.0768e-01   3.1841e+01   2.4347e+00   0.0000e+00   3.5581e-04   2.7095e+02
20190818_11:00:00   1.1102e-01   3.2554e+01   2.5376e+00   0.0000e+00   9.5680e-04   2.7096e+02
20190818_12:00:00   1.1460e-01   3.3289e+01   2.6567e+00   0.0000e+00   1.5006e-03   2.6939e+02
20190818_13:00:00   1.1671e-01   3.3720e+01   2.7252e+00   0.0000e+00   1.9654e-03   2.7048e+02
20190818_14:00:00   1.1516e-01   3.3348e+01   2.6873e+00   0.0000e+00   2.0160e-03   2.7019e+02
20190818_15:00:00   1.1531e-01   3.3370e+01   2.6924e+00   0.0000e+00   1.8316e-03   2.7057e+02
20190818_16:00:00   1.1659e-01   3.3636e+01   2.7283e+00   0.0000e+00   1.9939e-03   2.7248e+02
20190818_17:00:00   1.1807e-01   3.3957e+01   2.7735e+00   0.0000e+00   1.4604e-03   2.7321e+02
20190818_18:00:00   1.1698e-01   3.3703e+01   2.7482e+00   0.0000e+00   4.9108e-04   2.7313e+02
20190818_19:00:00   1.1570e-01   3.3408e+01   2.7120e+00   0.0000e+00   1.2956e-04   2.7417e+02
20190818_20:00:00   1.1375e-01   3.2975e+01   2.6529e+00   0.0000e+00   2.8316e-05   2.7587e+02
20190818_21:00:00   1.1172e-01   3.2521e+01   2.5985e+00   0.0000e+00   1.7948e-06   2.7728e+02
20190818_22:00:00   1.1179e-01   3.2567e+01   2.5887e+00   0.0000e+00   0.0000e+00   2.7563e+02
20190818_23:00:00   1.1172e-01   3.2565e+01   2.5828e+00   0.0000e+00   0.0000e+00   2.7671e+02
20190819_00:00:00   1.1271e-01   3.2849e+01   2.5998e+00   0.0000e+00   0.0000e+00   2.7859e+02
20190819_01:00:00   1.1313e-01   3.2983e+01   2.6022e+00   0.0000e+00   0.0000e+00   2.7843e+02
20190819_02:00:00   1.1493e-01   3.3459e+01   2.6315e+00   8.3810e-05   0.0000e+00   2.7789e+02
20190819_03:00:00   1.1451e-01   3.3384e+01   2.6214e+00   0.0000e+00   0.0000e+00   2.7691e+02
20190819_04:00:00   1.1426e-01   3.3317e+01   2.6199e+00   0.0000e+00   0.0000e+00   2.7638e+02
20190819_05:00:00   1.1432e-01   3.3334e+01   2.6197e+00   0.0000e+00   0.0000e+00   2.7618e+02
20190819_06:00:00   1.1316e-01   3.3057e+01   2.5921e+00   0.0000e+00   0.0000e+00   2.7616e+02
20190819_07:00:00   1.1279e-01   3.2941e+01   2.5885e+00   0.0000e+00   0.0000e+00   2.7547e+02
20190819_08:00:00   1.1348e-01   3.3091e+01   2.6073e+00   0.0000e+00   8.4820e-06   2.7659e+02
20190819_09:00:00   1.1300e-01   3.2992e+01   2.5911e+00   0.0000e+00   4.7840e-05   2.7517e+02
20190819_10:00:00   1.1029e-01   3.2361e+01   2.5213e+00   0.0000e+00   2.0400e-05   2.7347e+02
20190819_11:00:00   1.0734e-01   3.1664e+01   2.4457e+00   0.0000e+00   9.9320e-06   2.7358e+02
20190819_12:00:00   1.0531e-01   3.1174e+01   2.3931e+00   0.0000e+00   6.5480e-06   2.7371e+02
20190819_13:00:00   1.0311e-01   3.0653e+01   2.3302e+00   0.0000e+00   0.0000e+00   2.7362e+02
20190819_14:00:00   1.0128e-01   3.0234e+01   2.2743e+00   0.0000e+00   0.0000e+00   2.7340e+02
20190819_15:00:00   9.8242e-02   2.9514e+01   2.1962e+00   0.0000e+00   0.0000e+00   2.7366e+02
20190819_16:00:00   9.5349e-02   2.8837e+01   2.1199e+00   0.0000e+00   0.0000e+00   2.7510e+02
20190819_17:00:00   9.3513e-02   2.8386e+01   2.0770e+00   0.0000e+00   0.0000e+00   2.7481e+02
20190819_18:00:00   9.2532e-02   2.8148e+01   2.0527e+00   0.0000e+00   0.0000e+00   2.7435e+02
20190819_19:00:00   9.3057e-02   2.8252e+01   2.0727e+00   0.0000e+00   0.0000e+00   2.7572e+02
20190819_20:00:00   9.3412e-02   2.8315e+01   2.0870e+00   0.0000e+00   0.0000e+00   2.7531e+02
20190819_21:00:00   9.2818e-02   2.8172e+01   2.0753e+00   0.0000e+00   3.0180e-06   2.7405e+02
20190819_22:00:00   9.2009e-02   2.7986e+01   2.0553e+00   0.0000e+00   0.0000e+00   2.7581e+02
20190819_23:00:00   9.2026e-02   2.7990e+01   2.0582e+00   0.0000e+00   2.9990e-06   2.7631e+02
20190820_00:00:00   9.1646e-02   2.7892e+01   2.0530e+00   0.0000e+00   0.0000e+00   2.7405e+02
20190820_01:00:00   9.1623e-02   2.7898e+01   2.0469e+00   0.0000e+00   0.0000e+00   2.7346e+02
20190820_02:00:00   9.1022e-02   2.7772e+01   2.0269e+00   0.0000e+00   0.0000e+00   2.7353e+02
20190820_03:00:00   9.1726e-02   2.7973e+01   2.0395e+00   0.0000e+00   0.0000e+00   2.7271e+02
20190820_04:00:00   9.2275e-02   2.8110e+01   2.0531e+00   0.0000e+00   0.0000e+00   2.7251e+02
20190820_05:00:00   9.3705e-02   2.8451e+01   2.0929e+00   0.0000e+00   0.0000e+00   2.7495e+02
20190820_06:00:00   9.3966e-02   2.8513e+01   2.0975e+00   0.0000e+00   0.0000e+00   2.7512e+02
20190820_07:00:00   9.3163e-02   2.8308e+01   2.0766e+00   0.0000e+00   0.0000e+00   2.7629e+02
20190820_08:00:00   9.2520e-02   2.8133e+01   2.0633e+00   0.0000e+00   0.0000e+00   2.7838e+02
20190820_09:00:00   9.1263e-02   2.7823e+01   2.0309e+00   0.0000e+00   0.0000e+00   2.7927e+02
20190820_10:00:00   8.9108e-02   2.7296e+01   1.9774e+00   0.0000e+00   0.0000e+00   2.8022e+02
20190820_11:00:00   8.7603e-02   2.6946e+01   1.9338e+00   0.0000e+00   0.0000e+00   2.8171e+02
20190820_12:00:00   8.6618e-02   2.6700e+01   1.9043e+00   0.0000e+00   0.0000e+00   2.8188e+02
20190820_13:00:00   8.5519e-02   2.6438e+01   1.8746e+00   0.0000e+00   0.0000e+00   2.7985e+02
20190820_14:00:00   8.4123e-02   2.6100e+01   1.8421e+00   0.0000e+00   0.0000e+00   2.7898e+02
20190820_15:00:00   8.2969e-02   2.5812e+01   1.8124e+00   0.0000e+00   6.3180e-06   2.7670e+02
20190820_16:00:00   8.1965e-02   2.5560e+01   1.7872e+00   0.0000e+00   2.1620e-05   2.7576e+02
20190820_17:00:00   8.1289e-02   2.5385e+01   1.7723e+00   0.0000e+00   3.3840e-06   2.7666e+02
20190820_18:00:00   8.1328e-02   2.5372e+01   1.7794e+00   0.0000e+00   0.0000e+00   2.7602e+02
20190820_19:00:00   8.0832e-02   2.5248e+01   1.7656e+00   0.0000e+00   0.0000e+00   2.7828e+02
20190820_20:00:00   7.9852e-02   2.5008e+01   1.7401e+00   0.0000e+00   0.0000e+00   2.7877e+02
20190820_21:00:00   7.9518e-02   2.4925e+01   1.7339e+00   0.0000e+00   0.0000e+00   2.7928e+02
20190820_22:00:00   7.9862e-02   2.5025e+01   1.7428e+00   0.0000e+00   0.0000e+00   2.7796e+02
20190820_23:00:00   7.9874e-02   2.5042e+01   1.7397e+00   0.0000e+00   0.0000e+00   2.7662e+02
20190821_00:00:00   7.9521e-02   2.4979e+01   1.7246e+00   0.0000e+00   0.0000e+00   2.7496e+02
20190821_01:00:00   8.0848e-02   2.5331e+01   1.7511e+00   0.0000e+00   0.0000e+00   2.7450e+02
20190821_02:00:00   8.3856e-02   2.6093e+01   1.8093e+00   1.7080e-04   0.0000e+00   2.7495e+02
20190821_03:00:00   8.2742e-02   2.5830e+01   1.7894e+00   0.0000e+00   0.0000e+00   2.7474e+02
20190821_04:00:00   8.1610e-02   2.5592e+01   1.7519e+00   0.0000e+00   0.0000e+00   2.7348e+02
20190821_05:00:00   8.3115e-02   2.5996e+01   1.7797e+00   0.0000e+00   2.5200e-04   2.7190e+02
20190821_06:00:00   8.3488e-02   2.6078e+01   1.7878e+00   0.0000e+00   1.6142e-03   2.7202e+02
20190821_07:00:00   8.3662e-02   2.6126e+01   1.7895e+00   0.0000e+00   5.6240e-04   2.7301e+02
20190821_08:00:00   8.4121e-02   2.6239e+01   1.7974e+00   0.0000e+00   6.8720e-05   2.7118e+02
20190821_09:00:00   8.4657e-02   2.6379e+01   1.8061e+00   0.0000e+00   0.0000e+00   2.7005e+02
20190821_10:00:00   8.6619e-02   2.6866e+01   1.8509e+00   0.0000e+00   0.0000e+00   2.7078e+02
20190821_11:00:00   8.6935e-02   2.6944e+01   1.8564e+00   0.0000e+00   0.0000e+00   2.7063e+02
20190821_12:00:00   8.7595e-02   2.7123e+01   1.8666e+00   0.0000e+00   6.5480e-06   2.6980e+02
20190821_13:00:00   8.9804e-02   2.7677e+01   1.9134e+00   0.0000e+00   8.7080e-06   2.6908e+02
20190821_14:00:00   9.4328e-02   2.8803e+01   2.0158e+00   0.0000e+00   6.3180e-07   2.6816e+02
20190821_15:00:00   9.5426e-02   2.9079e+01   2.0416e+00   0.0000e+00   0.0000e+00   2.6865e+02
20190821_16:00:00   9.6232e-02   2.9284e+01   2.0617e+00   0.0000e+00   1.3094e-05   2.6838e+02
20190821_17:00:00   9.7519e-02   2.9595e+01   2.0935e+00   0.0000e+00   3.5060e-04   2.6811e+02
20190821_18:00:00   9.7157e-02   2.9502e+01   2.0870e+00   0.0000e+00   2.3140e-04   2.6870e+02
20190821_21:00:00   9.3248e-02   2.8556e+01   1.9967e+00   0.0000e+00   0.0000e+00   2.6846e+02
20190822_00:00:00   9.9133e-02   2.9943e+01   2.1586e+00   0.0000e+00   0.0000e+00   2.6749e+02
20190822_03:00:00   1.1163e-01   3.2870e+01   2.4888e+00   0.0000e+00   6.2083e-05   2.6164e+02
20190822_06:00:00   9.2953e-02   2.8202e+01   2.1005e+00   0.0000e+00   2.1240e-07   2.6276e+02
20190822_09:00:00   8.7561e-02   2.6838e+01   1.9826e+00   0.0000e+00   0.0000e+00   2.6427e+02
20190822_12:00:00   9.5058e-02   2.8747e+01   2.1362e+00   0.0000e+00   6.5480e-06   2.6171e+02
20190822_15:00:00   9.1389e-02   2.7937e+01   2.0184e+00   0.0000e+00   0.0000e+00   2.6051e+02
20190822_18:00:00   8.2256e-02   2.5829e+01   1.7415e+00   0.0000e+00   0.0000e+00   2.6549e+02
20190822_21:00:00   8.1066e-02   2.5509e+01   1.7124e+00   0.0000e+00   0.0000e+00   2.6935e+02
20190823_00:00:00   9.0862e-02   2.7829e+01   1.9812e+00   0.0000e+00   2.7740e-05   2.6969e+02
20190823_03:00:00   9.2244e-02   2.8041e+01   2.0641e+00   0.0000e+00   1.7954e-03   2.6879e+02
20190823_06:00:00   1.0490e-01   3.0906e+01   2.4201e+00   0.0000e+00   6.8888e-03   2.7013e+02
20190823_09:00:00   1.0591e-01   3.1220e+01   2.4122e+00   0.0000e+00   5.8496e-05   2.7199e+02
20190823_12:00:00   1.0498e-01   3.1123e+01   2.3384e+00   1.1480e-04   0.0000e+00   2.7201e+02
20190823_15:00:00   1.0394e-01   3.0909e+01   2.3124e+00   0.0000e+00   0.0000e+00   2.7296e+02
20190823_18:00:00   9.1397e-02   2.7808e+01   2.0249e+00   0.0000e+00   0.0000e+00   2.7143e+02
20190823_21:00:00   8.2198e-02   2.5528e+01   1.8043e+00   0.0000e+00   0.0000e+00   2.7010e+02
20190824_00:00:00   1.1642e-01   3.4060e+01   2.3270e+00   4.1440e-03   0.0000e+00   2.7061e+02
20190824_03:00:00   1.4774e-01   4.1230e+01   3.2659e+00   1.2350e-03   1.4024e-04   2.6966e+02
20190824_06:00:00   1.5656e-01   4.3296e+01   3.5244e+00   0.0000e+00   0.0000e+00   2.6958e+02
20190824_09:00:00   2.0598e-01   5.4319e+01   4.6007e+00   0.0000e+00   4.7657e-04   2.7126e+02
20190824_12:00:00   2.5123e-01   6.3899e+01   5.5541e+00   0.0000e+00   1.4030e-05   2.7240e+02
20190824_15:00:00   2.1650e-01   5.6474e+01   4.8548e+00   0.0000e+00   7.1179e-04   2.7108e+02
20190824_18:00:00   1.5563e-01   4.2982e+01   3.5339e+00   0.0000e+00   0.0000e+00   2.7054e+02
20190824_21:00:00   1.4651e-01   4.0986e+01   3.2959e+00   0.0000e+00   0.0000e+00   2.7046e+02
20190825_00:00:00   1.3276e-01   3.7837e+01   2.9728e+00   0.0000e+00   0.0000e+00   2.7266e+02
20190825_03:00:00   1.2714e-01   3.6522e+01   2.8458e+00   0.0000e+00   1.2634e-06   2.7355e+02
20190825_06:00:00   1.4072e-01   3.9800e+01   3.1070e+00   0.0000e+00   4.5495e-05   2.7194e+02
20190825_09:00:00   1.4550e-01   4.0892e+01   3.2127e+00   0.0000e+00   3.3367e-03   2.7209e+02
20190825_12:00:00   1.2375e-01   3.5681e+01   2.7564e+00   0.0000e+00   1.3238e-03   2.7166e+02
20190825_15:00:00   1.2048e-01   3.4920e+01   2.6868e+00   0.0000e+00   2.8457e-04   2.6836e+02
20190825_18:00:00   1.2897e-01   3.6945e+01   2.8843e+00   0.0000e+00   1.4001e-04   2.6802e+02
20190825_21:00:00   1.3725e-01   3.8919e+01   3.0745e+00   0.0000e+00   7.3140e-04   2.6767e+02
20190826_00:00:00   1.2293e-01   3.5449e+01   2.7717e+00   0.0000e+00   2.4178e-03   2.6747e+02
20190826_03:00:00   1.1864e-01   3.4498e+01   2.6607e+00   0.0000e+00   1.1390e-05   2.6565e+02
20190826_06:00:00   1.1032e-01   3.2494e+01   2.4670e+00   0.0000e+00   0.0000e+00   2.6498e+02
20190826_09:00:00   1.0187e-01   3.0439e+01   2.2617e+00   0.0000e+00   0.0000e+00   2.6465e+02
20190826_12:00:00   9.0544e-02   2.7660e+01   1.9898e+00   0.0000e+00   0.0000e+00   2.6556e+02
20190826_15:00:00   9.0881e-02   2.7770e+01   1.9898e+00   0.0000e+00   0.0000e+00   2.6335e+02
20190826_18:00:00   8.8904e-02   2.7303e+01   1.9404e+00   0.0000e+00   0.0000e+00   2.6376e+02
20190826_21:00:00   8.6273e-02   2.6679e+01   1.8723e+00   0.0000e+00   0.0000e+00   2.6150e+02
20190827_00:00:00   8.4962e-02   2.6375e+01   1.8355e+00   0.0000e+00   0.0000e+00   2.6046e+02
20190827_03:00:00   8.8274e-02   2.7206e+01   1.9135e+00   0.0000e+00   0.0000e+00   2.6146e+02
20190827_06:00:00   8.7193e-02   2.6956e+01   1.8830e+00   0.0000e+00   0.0000e+00   2.6298e+02
20190827_09:00:00   8.6781e-02   2.6827e+01   1.8710e+00   0.0000e+00   0.0000e+00   2.6381e+02
20190827_12:00:00   8.4238e-02   2.6167e+01   1.8081e+00   0.0000e+00   0.0000e+00   2.6512e+02
20190827_15:00:00   8.6712e-02   2.6801e+01   1.8538e+00   0.0000e+00   0.0000e+00   2.6586e+02
20190827_18:00:00   9.1668e-02   2.8045e+01   1.9642e+00   0.0000e+00   0.0000e+00   2.6575e+02
20190827_21:00:00   1.0281e-01   3.0711e+01   2.2496e+00   0.0000e+00   0.0000e+00   2.6620e+02
20190828_00:00:00   1.1160e-01   3.2767e+01   2.4880e+00   0.0000e+00   0.0000e+00   2.6370e+02
20190828_03:00:00   1.1646e-01   3.3955e+01   2.6041e+00   0.0000e+00   0.0000e+00   2.6495e+02
20190828_06:00:00   1.0486e-01   3.1233e+01   2.3033e+00   0.0000e+00   0.0000e+00   2.6520e+02
20190828_09:00:00   9.6758e-02   2.9273e+01   2.0952e+00   0.0000e+00   0.0000e+00   2.6642e+02
20190828_12:00:00   9.7869e-02   2.9462e+01   2.1250e+00   0.0000e+00   0.0000e+00   2.6833e+02
20190828_15:00:00   9.1993e-02   2.7985e+01   1.9949e+00   0.0000e+00   0.0000e+00   2.6783e+02
20190828_18:00:00   8.7349e-02   2.6825e+01   1.8889e+00   0.0000e+00   0.0000e+00   2.6926e+02
20190828_21:00:00   8.6065e-02   2.6468e+01   1.8806e+00   0.0000e+00   0.0000e+00   2.6811e+02
20190829_00:00:00   8.5811e-02   2.6439e+01   1.8644e+00   0.0000e+00   0.0000e+00   2.6712e+02
20190829_03:00:00   8.9831e-02   2.7396e+01   1.9721e+00   0.0000e+00   0.0000e+00   2.6826e+02
20190829_06:00:00   8.8525e-02   2.7095e+01   1.9366e+00   0.0000e+00   0.0000e+00   2.6879e+02
20190829_09:00:00   9.2027e-02   2.7902e+01   2.0350e+00   0.0000e+00   0.0000e+00   2.7053e+02
20190829_12:00:00   9.6686e-02   2.8944e+01   2.1620e+00   0.0000e+00   0.0000e+00   2.7230e+02
20190829_15:00:00   9.9547e-02   2.9525e+01   2.2536e+00   0.0000e+00   1.3094e-05   2.7172e+02
20190829_18:00:00   1.0475e-01   3.0794e+01   2.3710e+00   0.0000e+00   5.2380e-05   2.7002e+02
20190829_21:00:00   1.1314e-01   3.2935e+01   2.5311e+00   0.0000e+00   2.1240e-07   2.7112e+02
20190830_00:00:00   1.2230e-01   3.5118e+01   2.7407e+00   0.0000e+00   1.4358e-05   2.7136e+02
20190830_03:00:00   1.2682e-01   3.6116e+01   2.8602e+00   4.8810e-04   1.9508e-03   2.7054e+02
20190830_06:00:00   1.1309e-01   3.2840e+01   2.5755e+00   0.0000e+00   3.1938e-05   2.6950e+02
20190830_09:00:00   1.1875e-01   3.4155e+01   2.7118e+00   8.5450e-05   4.5080e-05   2.6987e+02
20190830_12:00:00   1.2060e-01   3.4588e+01   2.7442e+00   0.0000e+00   0.0000e+00   2.6980e+02
20190830_15:00:00   1.3793e-01   3.8617e+01   3.1462e+00   0.0000e+00   0.0000e+00   2.7001e+02
20190830_18:00:00   1.3858e-01   3.8744e+01   3.1632e+00   0.0000e+00   0.0000e+00   2.7254e+02
20190830_21:00:00   1.1974e-01   3.4339e+01   2.7365e+00   0.0000e+00   2.4062e-05   2.7025e+02
20190831_00:00:00   1.2488e-01   3.5442e+01   2.8921e+00   8.5000e-05   2.0902e-04   2.6963e+02
20190831_03:00:00   1.7130e-01   4.6357e+01   3.7305e+00   3.7740e-03   8.0352e-04   2.6790e+02
20190831_06:00:00   1.2610e-01   3.5808e+01   2.9334e+00   0.0000e+00   1.1654e-03   2.6856e+02
20190831_09:00:00   1.5040e-01   4.1346e+01   3.5393e+00   0.0000e+00   6.6601e-03   2.7165e+02
20190831_12:00:00   1.8253e-01   4.8429e+01   4.3181e+00   0.0000e+00   7.7869e-03   2.7248e+02
20190831_15:00:00   2.2593e-01   5.7930e+01   5.2558e+00   0.0000e+00   3.8964e-03   2.6946e+02
20190831_18:00:00   2.6161e-01   6.5516e+01   6.0094e+00   0.0000e+00   1.1231e-03   2.6907e+02
20190831_21:00:00   2.9549e-01   7.2467e+01   6.6892e+00   0.0000e+00   5.0462e-06   2.6911e+02
20190901_00:00:00   3.5248e-01   8.3526e+01   7.5465e+00   6.9420e-03   5.3100e-03   2.6775e+02
20190901_03:00:00   3.9812e-01   9.2164e+01   7.6298e+00   2.3970e-02   3.9469e-03   2.6487e+02
20190901_06:00:00   3.5056e-01   8.2984e+01   7.9266e+00   0.0000e+00   7.6960e-03   2.6534e+02
20190901_09:00:00   3.4498e-01   8.2028e+01   7.7940e+00   0.0000e+00   2.3544e-04   2.6588e+02
20190901_12:00:00   3.3806e-01   8.0687e+01   7.6531e+00   0.0000e+00   1.5230e-03   2.6610e+02
20190901_15:00:00   3.2177e-01   7.7608e+01   7.2936e+00   0.0000e+00   0.0000e+00   2.6627e+02
20190901_18:00:00   3.1420e-01   7.6084e+01   7.1736e+00   0.0000e+00   3.4890e-04   2.6558e+02
