#            date       tau225        Tb[K]      pwv[mm] lwp[kg*m^-2] iwp[kg*m^-2]       o3[DU]
20190817_12:00:00   8.9640e-02   2.7464e+01   1.9937e+00   0.0000e+00   3.4318e-03   2.6393e+02
20190817_13:00:00   9.6331e-02   2.9013e+01   2.1853e+00   0.0000e+00   4.4658e-03   2.6284e+02
20190817_14:00:00   1.0833e-01   3.1812e+01   2.5145e+00   0.0000e+00   5.4612e-03   2.6139e+02
20190817_15:00:00   1.2092e-01   3.4815e+01   2.8264e+00   0.0000e+00   9.4999e-03   2.6196e+02
20190817_16:00:00   1.3674e-01   3.8584e+01   3.1886e+00   0.0000e+00   1.6481e-02   2.6379e+02
20190817_17:00:00   1.4078e-01   3.9502e+01   3.2945e+00   0.0000e+00   1.3944e-02   2.6386e+02
20190817_18:00:00   1.2919e-01   3.6778e+01   3.0262e+00   0.0000e+00   8.0656e-03   2.6403e+02
20190817_19:00:00   1.2406e-01   3.5585e+01   2.8951e+00   0.0000e+00   5.6354e-03   2.6514e+02
20190817_20:00:00   1.2936e-01   3.6826e+01   3.0311e+00   0.0000e+00   3.7035e-03   2.6693e+02
20190817_21:00:00   1.3600e-01   3.8330e+01   3.2052e+00   0.0000e+00   2.5037e-03   2.6807e+02
20190817_22:00:00   1.4229e-01   3.9729e+01   3.3700e+00   0.0000e+00   9.4086e-04   2.6985e+02
20190817_23:00:00   1.5182e-01   4.1798e+01   3.6361e+00   0.0000e+00   2.9972e-04   2.6977e+02
20190818_00:00:00   1.5488e-01   4.2459e+01   3.7158e+00   0.0000e+00   8.2178e-05   2.7020e+02
20190818_01:00:00   1.5196e-01   4.1866e+01   3.6256e+00   0.0000e+00   1.8952e-06   2.7106e+02
20190818_02:00:00   1.4568e-01   4.0544e+01   3.4430e+00   0.0000e+00   0.0000e+00   2.7310e+02
20190818_03:00:00   1.3840e-01   3.8983e+01   3.2363e+00   0.0000e+00   0.0000e+00   2.7542e+02
20190818_04:00:00   1.2996e-01   3.7116e+01   3.0005e+00   0.0000e+00   0.0000e+00   2.7708e+02
20190818_05:00:00   1.2878e-01   3.6881e+01   2.9532e+00   0.0000e+00   0.0000e+00   2.7559e+02
20190818_06:00:00   1.2762e-01   3.6581e+01   2.9315e+00   0.0000e+00   0.0000e+00   2.7418e+02
20190818_07:00:00   1.2450e-01   3.5855e+01   2.8537e+00   0.0000e+00   0.0000e+00   2.7283e+02
20190818_08:00:00   1.1875e-01   3.4500e+01   2.7104e+00   0.0000e+00   0.0000e+00   2.7252e+02
20190818_09:00:00   1.1392e-01   3.3342e+01   2.5897e+00   0.0000e+00   0.0000e+00   2.7133e+02
20190818_10:00:00   1.0980e-01   3.2351e+01   2.4875e+00   0.0000e+00   0.0000e+00   2.7271e+02
20190818_11:00:00   1.0783e-01   3.1858e+01   2.4455e+00   0.0000e+00   2.3080e-05   2.7412e+02
20190818_12:00:00   1.0715e-01   3.1636e+01   2.4418e+00   0.0000e+00   3.2800e-04   2.7260e+02
20190818_13:00:00   1.0707e-01   3.1552e+01   2.4532e+00   0.0000e+00   1.6864e-03   2.7303e+02
20190818_14:00:00   1.0643e-01   3.1361e+01   2.4461e+00   0.0000e+00   3.1804e-03   2.7358e+02
20190818_15:00:00   1.0430e-01   3.0837e+01   2.3947e+00   0.0000e+00   2.0709e-03   2.7248e+02
20190818_16:00:00   1.0046e-01   2.9943e+01   2.2907e+00   0.0000e+00   9.6740e-04   2.7411e+02
20190818_17:00:00   9.9396e-02   2.9668e+01   2.2648e+00   0.0000e+00   3.9284e-05   2.7536e+02
20190818_18:00:00   9.7827e-02   2.9268e+01   2.2317e+00   0.0000e+00   0.0000e+00   2.7497e+02
20190818_19:00:00   9.8040e-02   2.9299e+01   2.2465e+00   0.0000e+00   0.0000e+00   2.7518e+02
20190818_20:00:00   9.8454e-02   2.9392e+01   2.2611e+00   0.0000e+00   0.0000e+00   2.7563e+02
20190818_21:00:00   9.9866e-02   2.9697e+01   2.3012e+00   0.0000e+00   0.0000e+00   2.7607e+02
20190818_22:00:00   1.0283e-01   3.0374e+01   2.3863e+00   0.0000e+00   0.0000e+00   2.7342e+02
20190818_23:00:00   1.0449e-01   3.0766e+01   2.4281e+00   0.0000e+00   0.0000e+00   2.7420e+02
20190819_00:00:00   1.0611e-01   3.1172e+01   2.4624e+00   0.0000e+00   0.0000e+00   2.7542e+02
20190819_01:00:00   1.0962e-01   3.1985e+01   2.5592e+00   0.0000e+00   0.0000e+00   2.7661e+02
20190819_02:00:00   1.1493e-01   3.3242e+01   2.6928e+00   0.0000e+00   0.0000e+00   2.7651e+02
20190819_03:00:00   1.2028e-01   3.4505e+01   2.8253e+00   0.0000e+00   0.0000e+00   2.7468e+02
20190819_04:00:00   1.2061e-01   3.4606e+01   2.8294e+00   0.0000e+00   0.0000e+00   2.7370e+02
20190819_05:00:00   1.2151e-01   3.4866e+01   2.8405e+00   0.0000e+00   2.2020e-06   2.7389e+02
20190819_06:00:00   1.1796e-01   3.4056e+01   2.7470e+00   0.0000e+00   0.0000e+00   2.7355e+02
20190819_07:00:00   1.1149e-01   3.2543e+01   2.5871e+00   0.0000e+00   0.0000e+00   2.7250e+02
20190819_08:00:00   1.0632e-01   3.1323e+01   2.4511e+00   0.0000e+00   0.0000e+00   2.7187e+02
20190819_09:00:00   1.0344e-01   3.0653e+01   2.3750e+00   0.0000e+00   0.0000e+00   2.7196e+02
20190819_10:00:00   1.0221e-01   3.0366e+01   2.3417e+00   0.0000e+00   0.0000e+00   2.7101e+02
20190819_11:00:00   1.0256e-01   3.0444e+01   2.3519e+00   0.0000e+00   4.3220e-06   2.7066e+02
20190819_12:00:00   1.0454e-01   3.0903e+01   2.4008e+00   0.0000e+00   6.3180e-07   2.7037e+02
20190819_13:00:00   1.0421e-01   3.0834e+01   2.3894e+00   0.0000e+00   0.0000e+00   2.7151e+02
20190819_14:00:00   1.0307e-01   3.0571e+01   2.3553e+00   0.0000e+00   0.0000e+00   2.7280e+02
20190819_15:00:00   1.0033e-01   2.9916e+01   2.2830e+00   0.0000e+00   0.0000e+00   2.7257e+02
20190819_16:00:00   9.7230e-02   2.9178e+01   2.2001e+00   0.0000e+00   0.0000e+00   2.7352e+02
20190819_17:00:00   9.4011e-02   2.8416e+01   2.1188e+00   0.0000e+00   0.0000e+00   2.7326e+02
20190819_18:00:00   9.2696e-02   2.8084e+01   2.0903e+00   0.0000e+00   0.0000e+00   2.7227e+02
20190819_19:00:00   9.1832e-02   2.7874e+01   2.0697e+00   0.0000e+00   0.0000e+00   2.7317e+02
20190819_20:00:00   9.0295e-02   2.7516e+01   2.0265e+00   0.0000e+00   0.0000e+00   2.7275e+02
20190819_21:00:00   8.8068e-02   2.7005e+01   1.9613e+00   0.0000e+00   0.0000e+00   2.7086e+02
20190819_22:00:00   8.5815e-02   2.6477e+01   1.9017e+00   0.0000e+00   0.0000e+00   2.7100e+02
20190819_23:00:00   8.6163e-02   2.6574e+01   1.9087e+00   0.0000e+00   0.0000e+00   2.7187e+02
20190820_00:00:00   8.7829e-02   2.7015e+01   1.9416e+00   0.0000e+00   0.0000e+00   2.7261e+02
20190820_01:00:00   9.1348e-02   2.7888e+01   2.0293e+00   0.0000e+00   0.0000e+00   2.7116e+02
20190820_02:00:00   9.4752e-02   2.8715e+01   2.1173e+00   0.0000e+00   0.0000e+00   2.7162e+02
20190820_03:00:00   9.7183e-02   2.9332e+01   2.1719e+00   0.0000e+00   0.0000e+00   2.7226e+02
20190820_04:00:00   9.9262e-02   2.9861e+01   2.2218e+00   0.0000e+00   0.0000e+00   2.7399e+02
20190820_05:00:00   1.0075e-01   3.0247e+01   2.2533e+00   0.0000e+00   0.0000e+00   2.7495e+02
20190820_06:00:00   1.0052e-01   3.0209e+01   2.2353e+00   0.0000e+00   0.0000e+00   2.7635e+02
20190820_07:00:00   9.8240e-02   2.9671e+01   2.1718e+00   0.0000e+00   0.0000e+00   2.7691e+02
20190820_08:00:00   9.3968e-02   2.8627e+01   2.0662e+00   0.0000e+00   0.0000e+00   2.7526e+02
20190820_09:00:00   9.1026e-02   2.7901e+01   1.9929e+00   0.0000e+00   0.0000e+00   2.7841e+02
20190820_10:00:00   8.8689e-02   2.7328e+01   1.9348e+00   0.0000e+00   0.0000e+00   2.7888e+02
20190820_11:00:00   8.7212e-02   2.6961e+01   1.8975e+00   0.0000e+00   0.0000e+00   2.7628e+02
20190820_12:00:00   8.4706e-02   2.6349e+01   1.8318e+00   0.0000e+00   0.0000e+00   2.7648e+02
20190820_13:00:00   8.2716e-02   2.5863e+01   1.7804e+00   0.0000e+00   0.0000e+00   2.7935e+02
20190820_14:00:00   8.0930e-02   2.5422e+01   1.7335e+00   0.0000e+00   0.0000e+00   2.8115e+02
20190820_15:00:00   8.0055e-02   2.5204e+01   1.7101e+00   0.0000e+00   0.0000e+00   2.7806e+02
20190820_16:00:00   7.8358e-02   2.4786e+01   1.6679e+00   0.0000e+00   0.0000e+00   2.7692e+02
20190820_17:00:00   7.6965e-02   2.4441e+01   1.6331e+00   0.0000e+00   0.0000e+00   2.7598e+02
20190820_18:00:00   7.6060e-02   2.4207e+01   1.6115e+00   0.0000e+00   0.0000e+00   2.7587e+02
20190820_19:00:00   7.4978e-02   2.3930e+01   1.5863e+00   0.0000e+00   0.0000e+00   2.7731e+02
20190820_20:00:00   7.4297e-02   2.3772e+01   1.5695e+00   0.0000e+00   0.0000e+00   2.7726e+02
20190820_21:00:00   7.3893e-02   2.3679e+01   1.5601e+00   0.0000e+00   0.0000e+00   2.7698e+02
20190820_22:00:00   7.4835e-02   2.3919e+01   1.5842e+00   0.0000e+00   0.0000e+00   2.7703e+02
20190820_23:00:00   7.6037e-02   2.4233e+01   1.6124e+00   0.0000e+00   0.0000e+00   2.7679e+02
20190821_00:00:00   7.7918e-02   2.4708e+01   1.6590e+00   0.0000e+00   0.0000e+00   2.7480e+02
20190821_01:00:00   7.9740e-02   2.5160e+01   1.7031e+00   0.0000e+00   0.0000e+00   2.7307e+02
20190821_02:00:00   8.0774e-02   2.5419e+01   1.7278e+00   0.0000e+00   0.0000e+00   2.7151e+02
20190821_03:00:00   8.1630e-02   2.5608e+01   1.7544e+00   0.0000e+00   6.4220e-04   2.7225e+02
20190821_04:00:00   8.1434e-02   2.5539e+01   1.7541e+00   0.0000e+00   3.6434e-03   2.7254e+02
20190821_05:00:00   8.2664e-02   2.5836e+01   1.7861e+00   0.0000e+00   2.9261e-03   2.7250e+02
20190821_06:00:00   8.3779e-02   2.6132e+01   1.8094e+00   0.0000e+00   4.5351e-04   2.7204e+02
20190821_07:00:00   8.6357e-02   2.6780e+01   1.8695e+00   0.0000e+00   1.1010e-05   2.7188e+02
20190821_08:00:00   8.9358e-02   2.7533e+01   1.9409e+00   0.0000e+00   0.0000e+00   2.7156e+02
20190821_09:00:00   9.0948e-02   2.7925e+01   1.9765e+00   0.0000e+00   1.2634e-06   2.7251e+02
20190821_10:00:00   9.2540e-02   2.8304e+01   2.0126e+00   0.0000e+00   3.3380e-05   2.7043e+02
20190821_11:00:00   9.2869e-02   2.8375e+01   2.0227e+00   0.0000e+00   1.0754e-04   2.6893e+02
20190821_12:00:00   9.1493e-02   2.8014e+01   1.9953e+00   0.0000e+00   9.3580e-05   2.6834e+02
20190821_13:00:00   9.1360e-02   2.7942e+01   2.0013e+00   0.0000e+00   3.8440e-05   2.6717e+02
20190821_14:00:00   9.1173e-02   2.7869e+01   2.0060e+00   0.0000e+00   1.8594e-06   2.6706e+02
20190821_15:00:00   9.0511e-02   2.7677e+01   2.0022e+00   0.0000e+00   2.6820e-05   2.6640e+02
20190821_16:00:00   9.1382e-02   2.7873e+01   2.0320e+00   0.0000e+00   6.6100e-05   2.6661e+02
20190821_17:00:00   9.2757e-02   2.8180e+01   2.0756e+00   0.0000e+00   3.2740e-05   2.6673e+02
20190821_18:00:00   9.5699e-02   2.8876e+01   2.1580e+00   0.0000e+00   0.0000e+00   2.6614e+02
20190821_19:00:00   9.9466e-02   2.9788e+01   2.2569e+00   0.0000e+00   0.0000e+00   2.6505e+02
20190821_20:00:00   1.0336e-01   3.0722e+01   2.3617e+00   0.0000e+00   0.0000e+00   2.6508e+02
20190821_21:00:00   1.0581e-01   3.1314e+01   2.4251e+00   0.0000e+00   0.0000e+00   2.6539e+02
20190821_22:00:00   1.0676e-01   3.1569e+01   2.4441e+00   0.0000e+00   0.0000e+00   2.6412e+02
20190821_23:00:00   1.0750e-01   3.1758e+01   2.4603e+00   0.0000e+00   0.0000e+00   2.6470e+02
20190822_00:00:00   1.0758e-01   3.1800e+01   2.4569e+00   0.0000e+00   0.0000e+00   2.6322e+02
20190822_01:00:00   1.1080e-01   3.2588e+01   2.5314e+00   0.0000e+00   0.0000e+00   2.6284e+02
20190822_02:00:00   1.2572e-01   3.6176e+01   2.8772e+00   0.0000e+00   0.0000e+00   2.6257e+02
20190822_03:00:00   1.2549e-01   3.6106e+01   2.8859e+00   0.0000e+00   0.0000e+00   2.6327e+02
20190822_04:00:00   1.1937e-01   3.4612e+01   2.7558e+00   0.0000e+00   0.0000e+00   2.6434e+02
20190822_05:00:00   1.1615e-01   3.3825e+01   2.6838e+00   0.0000e+00   0.0000e+00   2.6494e+02
20190822_06:00:00   1.1578e-01   3.3731e+01   2.6782e+00   0.0000e+00   0.0000e+00   2.6474e+02
20190822_07:00:00   1.1440e-01   3.3365e+01   2.6565e+00   0.0000e+00   0.0000e+00   2.6569e+02
20190822_08:00:00   1.1260e-01   3.2911e+01   2.6223e+00   0.0000e+00   0.0000e+00   2.6473e+02
20190822_09:00:00   1.1182e-01   3.2699e+01   2.6057e+00   0.0000e+00   0.0000e+00   2.6382e+02
20190822_10:00:00   1.0867e-01   3.1949e+01   2.5246e+00   0.0000e+00   0.0000e+00   2.6191e+02
20190822_11:00:00   1.0418e-01   3.0877e+01   2.4095e+00   0.0000e+00   0.0000e+00   2.6102e+02
20190822_12:00:00   1.0046e-01   2.9986e+01   2.3165e+00   0.0000e+00   1.3094e-05   2.6024e+02
20190822_15:00:00   9.2505e-02   2.8120e+01   2.0936e+00   0.0000e+00   0.0000e+00   2.6329e+02
20190822_18:00:00   9.4533e-02   2.8656e+01   2.1311e+00   0.0000e+00   0.0000e+00   2.6281e+02
20190822_21:00:00   9.3282e-02   2.8384e+01   2.0956e+00   0.0000e+00   0.0000e+00   2.6577e+02
20190823_00:00:00   9.8915e-02   2.9825e+01   2.2078e+00   0.0000e+00   0.0000e+00   2.6459e+02
20190823_03:00:00   1.0634e-01   3.1708e+01   2.3571e+00   0.0000e+00   0.0000e+00   2.6619e+02
20190823_06:00:00   8.8422e-02   2.7344e+01   1.9096e+00   0.0000e+00   0.0000e+00   2.6754e+02
20190823_09:00:00   8.3301e-02   2.6077e+01   1.7704e+00   0.0000e+00   0.0000e+00   2.7000e+02
20190823_12:00:00   8.2526e-02   2.5828e+01   1.7667e+00   0.0000e+00   0.0000e+00   2.6918e+02
20190823_15:00:00   8.9254e-02   2.7401e+01   1.9522e+00   0.0000e+00   0.0000e+00   2.7131e+02
20190823_18:00:00   1.0729e-01   3.1694e+01   2.4062e+00   0.0000e+00   0.0000e+00   2.7149e+02
20190823_21:00:00   1.2631e-01   3.6318e+01   2.8172e+00   0.0000e+00   0.0000e+00   2.6955e+02
20190824_00:00:00   1.8029e-01   4.8874e+01   3.9615e+00   0.0000e+00   0.0000e+00   2.6728e+02
20190824_03:00:00   1.9620e-01   5.2403e+01   4.3034e+00   2.5540e-04   0.0000e+00   2.6721e+02
20190824_06:00:00   1.5582e-01   4.3201e+01   3.4970e+00   0.0000e+00   5.7440e-06   2.6854e+02
20190824_09:00:00   1.1971e-01   3.4711e+01   2.6954e+00   0.0000e+00   3.3000e-05   2.6772e+02
20190824_12:00:00   1.3314e-01   3.8032e+01   2.9446e+00   0.0000e+00   6.3180e-07   2.6713e+02
20190824_15:00:00   1.3611e-01   3.8759e+01   2.9892e+00   0.0000e+00   0.0000e+00   2.6476e+02
20190824_18:00:00   1.2587e-01   3.6320e+01   2.7721e+00   0.0000e+00   7.5800e-06   2.6512e+02
20190824_21:00:00   1.2885e-01   3.7015e+01   2.8507e+00   0.0000e+00   1.9642e-05   2.6795e+02
20190825_00:00:00   1.5795e-01   4.3859e+01   3.4838e+00   0.0000e+00   6.6060e-06   2.6612e+02
20190825_03:00:00   1.8079e-01   4.8904e+01   4.0441e+00   0.0000e+00   3.7661e-04   2.6702e+02
20190825_06:00:00   1.9799e-01   5.2701e+01   4.4258e+00   0.0000e+00   1.8233e-06   2.6974e+02
20190825_09:00:00   1.8486e-01   4.9788e+01   4.1369e+00   0.0000e+00   1.1486e-06   2.7126e+02
20190825_12:00:00   1.4773e-01   4.1300e+01   3.3555e+00   0.0000e+00   2.4469e-06   2.6953e+02
20190825_15:00:00   1.2596e-01   3.6140e+01   2.8766e+00   0.0000e+00   1.3706e-03   2.6851e+02
20190825_18:00:00   1.1401e-01   3.3323e+01   2.5898e+00   0.0000e+00   8.9817e-04   2.6551e+02
20190825_21:00:00   1.0629e-01   3.1555e+01   2.3788e+00   0.0000e+00   1.3687e-04   2.6619e+02
20190826_00:00:00   1.0925e-01   3.2347e+01   2.4280e+00   0.0000e+00   0.0000e+00   2.6565e+02
20190826_03:00:00   1.1699e-01   3.4175e+01   2.6238e+00   0.0000e+00   1.6318e-06   2.6451e+02
20190826_06:00:00   1.2055e-01   3.4972e+01   2.7200e+00   0.0000e+00   1.4113e-06   2.6706e+02
20190826_09:00:00   1.2046e-01   3.4945e+01   2.7116e+00   0.0000e+00   2.0946e-06   2.6835e+02
20190826_12:00:00   1.1404e-01   3.3410e+01   2.5623e+00   0.0000e+00   0.0000e+00   2.6695e+02
20190826_15:00:00   1.1094e-01   3.2581e+01   2.5248e+00   0.0000e+00   3.9280e-05   2.6347e+02
20190826_18:00:00   1.0943e-01   3.2126e+01   2.5195e+00   0.0000e+00   0.0000e+00   2.6383e+02
20190826_21:00:00   1.0387e-01   3.0689e+01   2.4257e+00   0.0000e+00   1.8113e-03   2.6464e+02
20190827_00:00:00   1.0188e-01   3.0302e+01   2.3604e+00   0.0000e+00   0.0000e+00   2.6346e+02
20190827_03:00:00   9.5991e-02   2.8772e+01   2.2604e+00   0.0000e+00   8.5969e-04   2.6199e+02
20190827_06:00:00   8.7431e-02   2.6818e+01   2.0068e+00   0.0000e+00   0.0000e+00   2.6362e+02
20190827_09:00:00   8.6002e-02   2.6467e+01   1.9695e+00   0.0000e+00   0.0000e+00   2.6497e+02
20190827_12:00:00   8.9993e-02   2.7442e+01   2.0638e+00   4.5680e-05   8.8360e-05   2.6358e+02
20190827_15:00:00   9.1587e-02   2.7785e+01   2.1206e+00   0.0000e+00   2.6560e-07   2.6359e+02
20190827_18:00:00   8.4756e-02   2.5975e+01   1.9847e+00   0.0000e+00   0.0000e+00   2.6466e+02
20190827_21:00:00   8.6287e-02   2.6403e+01   2.0057e+00   0.0000e+00   0.0000e+00   2.6222e+02
20190828_00:00:00   9.9557e-02   2.9709e+01   2.3070e+00   0.0000e+00   0.0000e+00   2.6290e+02
20190828_03:00:00   1.1162e-01   3.2719e+01   2.5666e+00   1.2010e-04   0.0000e+00   2.6192e+02
20190828_06:00:00   1.5461e-01   4.3018e+01   3.4913e+00   3.4240e-05   5.2380e-06   2.6223e+02
20190828_09:00:00   3.0043e-01   7.4488e+01   5.8256e+00   1.2609e-02   1.8952e-06   2.6585e+02
20190828_12:00:00   3.2025e-01   7.8159e+01   6.8953e+00   0.0000e+00   7.5740e-05   2.6585e+02
20190828_15:00:00   3.6139e-01   8.6211e+01   7.2279e+00   6.9520e-03   1.8662e-05   2.6591e+02
20190828_18:00:00   3.8955e-01   9.1190e+01   8.1131e+00   9.2960e-05   1.3496e-05   2.6707e+02
20190828_21:00:00   4.3978e-01   1.0018e+02   8.4756e+00   1.4550e-02   1.3556e-05   2.6420e+02
20190829_00:00:00   5.1949e-01   1.1332e+02   8.6075e+00   4.5930e-02   2.1240e-07   2.6310e+02
20190829_03:00:00   7.0782e-01   1.4116e+02   8.8578e+00   1.1774e-01   1.1317e-05   2.6354e+02
20190829_06:00:00   3.8674e-01   9.0425e+01   8.2556e+00   3.0730e-04   2.0440e-05   2.6560e+02
20190829_09:00:00   4.2132e-01   9.6459e+01   8.9205e+00   0.0000e+00   2.7480e-04   2.6778e+02
20190829_12:00:00   4.2042e-01   9.6283e+01   8.8486e+00   0.0000e+00   5.8060e-05   2.6806e+02
20190829_15:00:00   3.7792e-01   8.8752e+01   8.0060e+00   0.0000e+00   4.2460e-04   2.6863e+02
20190829_18:00:00   3.3808e-01   8.1328e+01   7.2675e+00   0.0000e+00   6.7880e-04   2.6813e+02
20190829_21:00:00   3.0285e-01   7.4246e+01   6.7254e+00   0.0000e+00   3.4600e-04   2.6876e+02
20190830_00:00:00   3.8295e-01   8.9847e+01   6.3166e+00   3.9679e-02   7.8968e-05   2.6987e+02
20190830_03:00:00   2.7779e-01   6.9078e+01   6.1684e+00   2.5580e-03   0.0000e+00   2.6879e+02
20190830_06:00:00   2.6612e-01   6.6772e+01   6.0033e+00   0.0000e+00   0.0000e+00   2.6938e+02
20190830_09:00:00   2.4628e-01   6.2706e+01   5.5681e+00   0.0000e+00   0.0000e+00   2.6816e+02
20190830_12:00:00   2.5228e-01   6.3890e+01   5.6580e+00   0.0000e+00   0.0000e+00   2.6918e+02
20190830_15:00:00   2.7341e-01   6.7959e+01   6.2171e+00   0.0000e+00   0.0000e+00   2.7146e+02
20190830_18:00:00   3.2089e-01   7.7266e+01   7.2854e+00   0.0000e+00   0.0000e+00   2.6940e+02
20190830_21:00:00   3.2610e-01   7.8499e+01   7.2582e+00   0.0000e+00   0.0000e+00   2.6940e+02
20190831_00:00:00   3.2929e-01   7.9258e+01   7.2698e+00   0.0000e+00   0.0000e+00   2.6897e+02
20190831_03:00:00   2.7796e-01   6.9294e+01   6.1849e+00   3.9570e-05   0.0000e+00   2.6699e+02
20190831_06:00:00   2.7927e-01   6.9501e+01   6.2596e+00   0.0000e+00   0.0000e+00   2.6690e+02
20190831_09:00:00   3.0761e-01   7.4805e+01   7.0162e+00   0.0000e+00   0.0000e+00   2.6991e+02
20190831_12:00:00   3.3316e-01   7.9497e+01   7.6146e+00   0.0000e+00   1.8600e-05   2.6975e+02
20190831_15:00:00   3.3988e-01   8.0995e+01   7.6376e+00   0.0000e+00   0.0000e+00   2.6671e+02
20190831_18:00:00   3.3008e-01   7.9435e+01   7.2753e+00   0.0000e+00   0.0000e+00   2.6799e+02
20190831_21:00:00   2.5949e-01   6.5477e+01   5.7724e+00   0.0000e+00   3.7900e-06   2.7064e+02
20190901_00:00:00   3.8442e-01   9.0274e+01   5.3382e+00   5.8507e-02   0.0000e+00   2.6928e+02
20190901_03:00:00   1.3903e-01   3.9029e+01   2.8290e+00   6.6315e-03   3.8187e-06   2.6540e+02
20190901_06:00:00   9.5836e-02   2.8552e+01   2.2171e+00   0.0000e+00   4.7818e-06   2.6548e+02
20190901_09:00:00   9.8777e-02   2.9279e+01   2.2734e+00   0.0000e+00   0.0000e+00   2.6661e+02
20190901_12:00:00   1.1347e-01   3.2827e+01   2.6140e+00   0.0000e+00   0.0000e+00   2.6888e+02
20190901_15:00:00   1.2324e-01   3.5213e+01   2.8181e+00   0.0000e+00   0.0000e+00   2.6741e+02
20190901_18:00:00   1.4203e-01   3.9721e+01   3.2255e+00   0.0000e+00   0.0000e+00   2.6511e+02
20190901_21:00:00   1.7911e-01   4.8173e+01   4.0586e+00   0.0000e+00   0.0000e+00   2.6439e+02
20190902_00:00:00   2.4078e-01   6.1461e+01   5.4271e+00   0.0000e+00   1.6248e-05   2.6348e+02
20190902_03:00:00   2.5314e-01   6.4137e+01   5.6418e+00   0.0000e+00   0.0000e+00   2.6177e+02
20190902_06:00:00   2.4532e-01   6.2552e+01   5.4273e+00   0.0000e+00   0.0000e+00   2.6133e+02
20190902_09:00:00   2.4999e-01   6.3529e+01   5.5022e+00   0.0000e+00   0.0000e+00   2.6230e+02
20190902_12:00:00   2.5222e-01   6.3928e+01   5.5626e+00   0.0000e+00   5.2380e-06   2.6385e+02
