#            date       tau225        Tb[K]      pwv[mm] lwp[kg*m^-2] iwp[kg*m^-2]       o3[DU]
20190819_06:00:00   1.0250e-01   3.0415e+01   2.3310e+00   0.0000e+00   0.0000e+00   2.7652e+02
20190819_07:00:00   9.9957e-02   2.9748e+01   2.2750e+00   0.0000e+00   0.0000e+00   2.7581e+02
20190819_08:00:00   1.0167e-01   3.0160e+01   2.3188e+00   0.0000e+00   0.0000e+00   2.7688e+02
20190819_09:00:00   1.0694e-01   3.1427e+01   2.4447e+00   0.0000e+00   0.0000e+00   2.7582e+02
20190819_10:00:00   1.1244e-01   3.2755e+01   2.5744e+00   0.0000e+00   0.0000e+00   2.7460e+02
20190819_11:00:00   1.1386e-01   3.3151e+01   2.5855e+00   0.0000e+00   0.0000e+00   2.7440e+02
20190819_12:00:00   1.1386e-01   3.3183e+01   2.5741e+00   0.0000e+00   0.0000e+00   2.7612e+02
20190819_13:00:00   1.1522e-01   3.3497e+01   2.6041e+00   0.0000e+00   0.0000e+00   2.7773e+02
20190819_14:00:00   1.1819e-01   3.4155e+01   2.6822e+00   0.0000e+00   0.0000e+00   2.7975e+02
20190819_15:00:00   1.2087e-01   3.4734e+01   2.7619e+00   0.0000e+00   0.0000e+00   2.7811e+02
20190819_16:00:00   1.2160e-01   3.4878e+01   2.7899e+00   0.0000e+00   0.0000e+00   2.7695e+02
20190819_17:00:00   1.1999e-01   3.4538e+01   2.7445e+00   0.0000e+00   0.0000e+00   2.7789e+02
20190819_18:00:00   1.1739e-01   3.3983e+01   2.6667e+00   0.0000e+00   2.7240e-04   2.7973e+02
20190819_19:00:00   1.1528e-01   3.3534e+01   2.6058e+00   0.0000e+00   0.0000e+00   2.7773e+02
20190819_20:00:00   1.1275e-01   3.2955e+01   2.5379e+00   0.0000e+00   0.0000e+00   2.7545e+02
20190819_21:00:00   1.1290e-01   3.3019e+01   2.5405e+00   0.0000e+00   0.0000e+00   2.7557e+02
20190819_22:00:00   1.1330e-01   3.3150e+01   2.5482e+00   0.0000e+00   0.0000e+00   2.7769e+02
20190819_23:00:00   1.1453e-01   3.3436e+01   2.5822e+00   0.0000e+00   0.0000e+00   2.7859e+02
20190820_00:00:00   1.1600e-01   3.3787e+01   2.6195e+00   0.0000e+00   0.0000e+00   2.7851e+02
20190820_01:00:00   1.1713e-01   3.4067e+01   2.6452e+00   0.0000e+00   0.0000e+00   2.7661e+02
20190820_02:00:00   1.1619e-01   3.3867e+01   2.6237e+00   0.0000e+00   0.0000e+00   2.7712e+02
20190820_03:00:00   1.1402e-01   3.3360e+01   2.5731e+00   0.0000e+00   0.0000e+00   2.7739e+02
20190820_04:00:00   1.1091e-01   3.2624e+01   2.4988e+00   0.0000e+00   0.0000e+00   2.7626e+02
20190820_05:00:00   1.1002e-01   3.2419e+01   2.4799e+00   0.0000e+00   0.0000e+00   2.7645e+02
20190820_06:00:00   1.0725e-01   3.1777e+01   2.4055e+00   0.0000e+00   0.0000e+00   2.7509e+02
20190820_07:00:00   1.0341e-01   3.0870e+01   2.3084e+00   0.0000e+00   0.0000e+00   2.7166e+02
20190820_08:00:00   1.0050e-01   3.0171e+01   2.2364e+00   0.0000e+00   0.0000e+00   2.7138e+02
20190820_09:00:00   1.0074e-01   3.0235e+01   2.2429e+00   0.0000e+00   0.0000e+00   2.7193e+02
20190820_10:00:00   1.0265e-01   3.0694e+01   2.2913e+00   0.0000e+00   0.0000e+00   2.7262e+02
20190820_11:00:00   1.0443e-01   3.1121e+01   2.3383e+00   0.0000e+00   0.0000e+00   2.7119e+02
20190820_12:00:00   1.0304e-01   3.0788e+01   2.3021e+00   0.0000e+00   0.0000e+00   2.7030e+02
20190820_13:00:00   1.0149e-01   3.0439e+01   2.2583e+00   0.0000e+00   0.0000e+00   2.6947e+02
20190820_14:00:00   1.0226e-01   3.0635e+01   2.2742e+00   0.0000e+00   0.0000e+00   2.6970e+02
20190820_15:00:00   1.0426e-01   3.1092e+01   2.3271e+00   0.0000e+00   0.0000e+00   2.6948e+02
20190820_16:00:00   1.0396e-01   3.0993e+01   2.3275e+00   0.0000e+00   0.0000e+00   2.6681e+02
20190820_17:00:00   1.0273e-01   3.0686e+01   2.3001e+00   0.0000e+00   0.0000e+00   2.6722e+02
20190820_18:00:00   1.0276e-01   3.0707e+01   2.2959e+00   0.0000e+00   0.0000e+00   2.6705e+02
20190820_19:00:00   1.0365e-01   3.0886e+01   2.3278e+00   0.0000e+00   7.3842e-04   2.6768e+02
20190820_20:00:00   1.0630e-01   3.1516e+01   2.3944e+00   0.0000e+00   1.4926e-03   2.6891e+02
20190820_21:00:00   1.1012e-01   3.2478e+01   2.4702e+00   0.0000e+00   1.4555e-03   2.6824e+02
20190820_22:00:00   1.1397e-01   3.3472e+01   2.5396e+00   0.0000e+00   3.4013e-04   2.6705e+02
20190820_23:00:00   1.1892e-01   3.4695e+01   2.6460e+00   0.0000e+00   5.7002e-05   2.6694e+02
20190821_00:00:00   1.2402e-01   3.5921e+01   2.7609e+00   0.0000e+00   7.9680e-07   2.6639e+02
20190821_01:00:00   1.2789e-01   3.6846e+01   2.8242e+00   5.1640e-04   0.0000e+00   2.6589e+02
20190821_02:00:00   1.3081e-01   3.7550e+01   2.8559e+00   1.1170e-03   0.0000e+00   2.6761e+02
20190821_03:00:00   1.2961e-01   3.7270e+01   2.8822e+00   0.0000e+00   0.0000e+00   2.6754e+02
20190821_04:00:00   1.3412e-01   3.8346e+01   2.9767e+00   0.0000e+00   0.0000e+00   2.6741e+02
20190821_05:00:00   1.3903e-01   3.9507e+01   3.0804e+00   0.0000e+00   0.0000e+00   2.6665e+02
20190821_06:00:00   1.4147e-01   4.0081e+01   3.1326e+00   0.0000e+00   0.0000e+00   2.6688e+02
20190821_07:00:00   1.4112e-01   4.0005e+01   3.1268e+00   0.0000e+00   0.0000e+00   2.6661e+02
20190821_08:00:00   1.3867e-01   3.9419e+01   3.0761e+00   0.0000e+00   0.0000e+00   2.6614e+02
20190821_09:00:00   1.3424e-01   3.8378e+01   2.9809e+00   0.0000e+00   0.0000e+00   2.6524e+02
20190821_10:00:00   1.3057e-01   3.7517e+01   2.8936e+00   0.0000e+00   0.0000e+00   2.6661e+02
20190821_11:00:00   1.2921e-01   3.7194e+01   2.8561e+00   0.0000e+00   0.0000e+00   2.6598e+02
20190821_12:00:00   1.2806e-01   3.6911e+01   2.8223e+00   0.0000e+00   0.0000e+00   2.6443e+02
20190821_13:00:00   1.2699e-01   3.6659e+01   2.7932e+00   0.0000e+00   0.0000e+00   2.6398e+02
20190821_14:00:00   1.2612e-01   3.6451e+01   2.7708e+00   0.0000e+00   0.0000e+00   2.6392e+02
20190821_15:00:00   1.2555e-01   3.6322e+01   2.7529e+00   0.0000e+00   0.0000e+00   2.6520e+02
20190821_16:00:00   1.2284e-01   3.5682e+01   2.6893e+00   0.0000e+00   0.0000e+00   2.6613e+02
20190821_17:00:00   1.1851e-01   3.4653e+01   2.5919e+00   0.0000e+00   0.0000e+00   2.6679e+02
20190821_18:00:00   1.1387e-01   3.3543e+01   2.4899e+00   0.0000e+00   0.0000e+00   2.6584e+02
20190821_19:00:00   1.0936e-01   3.2461e+01   2.3881e+00   0.0000e+00   0.0000e+00   2.6554e+02
20190821_20:00:00   1.0510e-01   3.1445e+01   2.2897e+00   0.0000e+00   0.0000e+00   2.6558e+02
20190821_21:00:00   1.0074e-01   3.0392e+01   2.1909e+00   0.0000e+00   0.0000e+00   2.6656e+02
20190821_22:00:00   1.0004e-01   3.0233e+01   2.1744e+00   0.0000e+00   0.0000e+00   2.6777e+02
20190821_23:00:00   1.0106e-01   3.0492e+01   2.1917e+00   0.0000e+00   0.0000e+00   2.6704e+02
20190822_00:00:00   1.0390e-01   3.1212e+01   2.2494e+00   0.0000e+00   0.0000e+00   2.6570e+02
20190822_01:00:00   1.0687e-01   3.1952e+01   2.3108e+00   0.0000e+00   0.0000e+00   2.6540e+02
20190822_02:00:00   1.0873e-01   3.2410e+01   2.3465e+00   0.0000e+00   0.0000e+00   2.6533e+02
20190822_03:00:00   1.0696e-01   3.1976e+01   2.3061e+00   0.0000e+00   0.0000e+00   2.6567e+02
20190822_04:00:00   1.0541e-01   3.1600e+01   2.2674e+00   0.0000e+00   0.0000e+00   2.6625e+02
20190822_05:00:00   1.0007e-01   3.0292e+01   2.1473e+00   0.0000e+00   0.0000e+00   2.6634e+02
20190822_06:00:00   9.3706e-02   2.8724e+01   2.0021e+00   0.0000e+00   0.0000e+00   2.6618e+02
20190822_07:00:00   9.1676e-02   2.8218e+01   1.9559e+00   0.0000e+00   0.0000e+00   2.6542e+02
20190822_08:00:00   8.7420e-02   2.7151e+01   1.8572e+00   0.0000e+00   0.0000e+00   2.6539e+02
20190822_09:00:00   8.4158e-02   2.6337e+01   1.7795e+00   0.0000e+00   0.0000e+00   2.6477e+02
20190822_10:00:00   7.9974e-02   2.5286e+01   1.6787e+00   0.0000e+00   0.0000e+00   2.6402e+02
20190822_11:00:00   7.4945e-02   2.4013e+01   1.5617e+00   0.0000e+00   0.0000e+00   2.6447e+02
20190822_12:00:00   7.1488e-02   2.3140e+01   1.4805e+00   0.0000e+00   0.0000e+00   2.6405e+02
20190822_13:00:00   6.9115e-02   2.2534e+01   1.4235e+00   0.0000e+00   0.0000e+00   2.6435e+02
20190822_14:00:00   6.5411e-02   2.1595e+01   1.3375e+00   0.0000e+00   0.0000e+00   2.6765e+02
20190822_15:00:00   6.2285e-02   2.0814e+01   1.2565e+00   0.0000e+00   0.0000e+00   2.6920e+02
20190822_16:00:00   6.0675e-02   2.0424e+01   1.2083e+00   0.0000e+00   0.0000e+00   2.6814e+02
20190822_17:00:00   5.8257e-02   1.9811e+01   1.1483e+00   0.0000e+00   0.0000e+00   2.6681e+02
20190822_18:00:00   5.5624e-02   1.9136e+01   1.0860e+00   0.0000e+00   0.0000e+00   2.6853e+02
20190822_19:00:00   5.4292e-02   1.8784e+01   1.0565e+00   0.0000e+00   0.0000e+00   2.6851e+02
20190822_20:00:00   5.5903e-02   1.9182e+01   1.1013e+00   0.0000e+00   0.0000e+00   2.6730e+02
20190822_21:00:00   5.8498e-02   1.9837e+01   1.1708e+00   0.0000e+00   0.0000e+00   2.6686e+02
20190822_22:00:00   6.3284e-02   2.1063e+01   1.2903e+00   0.0000e+00   0.0000e+00   2.6875e+02
20190822_23:00:00   6.7976e-02   2.2235e+01   1.4095e+00   0.0000e+00   0.0000e+00   2.6782e+02
20190823_00:00:00   7.6471e-02   2.4400e+01   1.4874e+00   2.1550e-03   0.0000e+00   2.6910e+02
20190823_01:00:00   9.6193e-02   2.9389e+01   1.5640e+00   8.7530e-03   0.0000e+00   2.7009e+02
20190823_02:00:00   1.0266e-01   3.0973e+01   1.6321e+00   1.0330e-02   5.2380e-06   2.7079e+02
20190823_03:00:00   7.5672e-02   2.4095e+01   1.6275e+00   0.0000e+00   0.0000e+00   2.7117e+02
20190823_04:00:00   7.4828e-02   2.3835e+01   1.6227e+00   0.0000e+00   0.0000e+00   2.6998e+02
20190823_05:00:00   7.3457e-02   2.3451e+01   1.6009e+00   0.0000e+00   0.0000e+00   2.6888e+02
20190823_06:00:00   7.3972e-02   2.3564e+01   1.6182e+00   0.0000e+00   0.0000e+00   2.6900e+02
20190823_07:00:00   7.5520e-02   2.3930e+01   1.6601e+00   0.0000e+00   1.0059e-04   2.7041e+02
20190823_08:00:00   7.6614e-02   2.4163e+01   1.6941e+00   0.0000e+00   2.9485e-04   2.7086e+02
20190823_09:00:00   7.5360e-02   2.3799e+01   1.6739e+00   0.0000e+00   8.8881e-04   2.7133e+02
20190823_10:00:00   7.5055e-02   2.3702e+01   1.6702e+00   0.0000e+00   1.2438e-03   2.7217e+02
20190823_11:00:00   7.3663e-02   2.3355e+01   1.6329e+00   0.0000e+00   1.0184e-03   2.7068e+02
20190823_12:00:00   7.0315e-02   2.2529e+01   1.5433e+00   0.0000e+00   1.5168e-04   2.7012e+02
20190823_13:00:00   6.7553e-02   2.1853e+01   1.4678e+00   0.0000e+00   6.3180e-07   2.7133e+02
20190823_14:00:00   6.8855e-02   2.2206e+01   1.4905e+00   0.0000e+00   0.0000e+00   2.7234e+02
20190823_15:00:00   7.2776e-02   2.3226e+01   1.5769e+00   0.0000e+00   0.0000e+00   2.7184e+02
20190823_16:00:00   8.3295e-02   2.5905e+01   1.8095e+00   0.0000e+00   0.0000e+00   2.7283e+02
20190823_17:00:00   1.0040e-01   3.0197e+01   2.1786e+00   0.0000e+00   0.0000e+00   2.7268e+02
20190823_18:00:00   1.1786e-01   3.4488e+01   2.5459e+00   0.0000e+00   0.0000e+00   2.7159e+02
20190823_19:00:00   1.3560e-01   3.8762e+01   2.9190e+00   0.0000e+00   0.0000e+00   2.7039e+02
20190823_20:00:00   1.5011e-01   4.2175e+01   3.2321e+00   0.0000e+00   0.0000e+00   2.7066e+02
20190823_21:00:00   1.3824e-01   3.9382e+01   2.9953e+00   0.0000e+00   0.0000e+00   2.7016e+02
20190823_22:00:00   1.2990e-01   3.7392e+01   2.7680e+00   1.0420e-03   0.0000e+00   2.6940e+02
20190823_23:00:00   1.3167e-01   3.7786e+01   2.8370e+00   7.9950e-04   0.0000e+00   2.6844e+02
20190824_00:00:00   1.3573e-01   3.8741e+01   2.9783e+00   0.0000e+00   0.0000e+00   2.6838e+02
20190824_01:00:00   1.4727e-01   4.1454e+01   3.1941e+00   8.3970e-04   2.2020e-05   2.6906e+02
20190824_02:00:00   1.6308e-01   4.5126e+01   3.5794e+00   0.0000e+00   0.0000e+00   2.7007e+02
20190824_03:00:00   1.7846e-01   4.8647e+01   3.9043e+00   0.0000e+00   0.0000e+00   2.6847e+02
20190824_04:00:00   1.8580e-01   5.0309e+01   4.0586e+00   0.0000e+00   0.0000e+00   2.6966e+02
20190824_05:00:00   1.9073e-01   5.1401e+01   4.1642e+00   0.0000e+00   0.0000e+00   2.6999e+02
20190824_06:00:00   1.9263e-01   5.1821e+01   4.2081e+00   0.0000e+00   0.0000e+00   2.7041e+02
20190824_09:00:00   2.0927e-01   5.5392e+01   4.5716e+00   0.0000e+00   0.0000e+00   2.6655e+02
20190824_12:00:00   2.0812e-01   5.5096e+01   4.5671e+00   0.0000e+00   0.0000e+00   2.6422e+02
20190824_15:00:00   2.2649e-01   5.9017e+01   4.9699e+00   0.0000e+00   0.0000e+00   2.6101e+02
20190824_18:00:00   2.4681e-01   6.3342e+01   5.4326e+00   0.0000e+00   8.9660e-05   2.6439e+02
20190824_21:00:00   2.8528e-01   7.1334e+01   6.1713e+00   0.0000e+00   8.6066e-04   2.6498e+02
20190825_00:00:00   2.8893e-01   7.1943e+01   6.2990e+00   0.0000e+00   0.0000e+00   2.6296e+02
20190825_03:00:00   2.4889e-01   6.3659e+01   5.6007e+00   0.0000e+00   0.0000e+00   2.6555e+02
20190825_06:00:00   1.9622e-01   5.2216e+01   4.5075e+00   0.0000e+00   0.0000e+00   2.6614e+02
20190825_09:00:00   1.2953e-01   3.7147e+01   2.9072e+00   0.0000e+00   0.0000e+00   2.6966e+02
20190825_12:00:00   1.3964e-01   3.9573e+01   3.1142e+00   0.0000e+00   5.0800e-06   2.6522e+02
20190825_15:00:00   1.3932e-01   3.9499e+01   3.1076e+00   0.0000e+00   1.0703e-05   2.6482e+02
20190825_18:00:00   1.3311e-01   3.8165e+01   2.9475e+00   0.0000e+00   6.5320e-05   2.6246e+02
20190825_21:00:00   1.2680e-01   3.6673e+01   2.8077e+00   0.0000e+00   2.8420e-04   2.6284e+02
20190826_00:00:00   1.2024e-01   3.5119e+01   2.6721e+00   0.0000e+00   1.6004e-03   2.6140e+02
20190826_03:00:00   1.1045e-01   3.2773e+01   2.4569e+00   0.0000e+00   1.3114e-03   2.6192e+02
20190826_06:00:00   1.0926e-01   3.2482e+01   2.4293e+00   0.0000e+00   1.2645e-05   2.5928e+02
20190826_09:00:00   1.1243e-01   3.3290e+01   2.4929e+00   0.0000e+00   1.6737e-06   2.6067e+02
20190826_12:00:00   1.0730e-01   3.2032e+01   2.3667e+00   0.0000e+00   0.0000e+00   2.6024e+02
20190826_15:00:00   1.0700e-01   3.1942e+01   2.3505e+00   0.0000e+00   2.0274e-04   2.6261e+02
20190826_18:00:00   1.0544e-01   3.1562e+01   2.3010e+00   0.0000e+00   3.7480e-04   2.6185e+02
20190826_21:00:00   1.0489e-01   3.1436e+01   2.2872e+00   0.0000e+00   8.4320e-04   2.6189e+02
20190827_00:00:00   1.0860e-01   3.2346e+01   2.3690e+00   0.0000e+00   1.1486e-03   2.5882e+02
20190827_03:00:00   9.6141e-02   2.9271e+01   2.0960e+00   0.0000e+00   3.1683e-03   2.6032e+02
20190827_06:00:00   1.4777e-01   4.1671e+01   3.2149e+00   0.0000e+00   2.8810e-07   2.6237e+02
20190827_09:00:00   2.0966e-01   5.5505e+01   4.6396e+00   0.0000e+00   8.7037e-04   2.6413e+02
20190827_12:00:00   3.4620e-01   8.3202e+01   7.3482e+00   0.0000e+00   1.2928e-03   2.6569e+02
20190827_15:00:00   3.3387e-01   8.0771e+01   7.0985e+00   8.0140e-05   6.2765e-03   2.6477e+02
20190827_18:00:00   1.0842e+00   1.8254e+02   9.9610e+00   2.4999e-01   2.7958e-03   2.6337e+02
20190827_21:00:00   6.8610e-01   1.3808e+02   1.0044e+01   8.4362e-02   3.6301e-03   2.6192e+02
20190828_00:00:00   7.0375e-01   1.4031e+02   1.0963e+01   7.4583e-02   1.3285e-02   2.6108e+02
20190828_03:00:00   5.6591e-01   1.2034e+02   1.0716e+01   2.4615e-02   3.8188e-02   2.5943e+02
20190828_06:00:00   2.1194e+00   2.4275e+02   1.1856e+01   6.3353e-01   7.5071e-02   2.6150e+02
20190828_09:00:00   1.8440e+00   2.3224e+02   1.1084e+01   5.3697e-01   6.8379e-02   2.6354e+02
20190828_12:00:00   2.5270e+00   2.5390e+02   1.1331e+01   8.0925e-01   1.9620e-02   2.6398e+02
20190828_15:00:00   1.7656e+00   2.2821e+02   1.1011e+01   5.0883e-01   7.8068e-02   2.6526e+02
20190828_18:00:00   4.2892e-01   9.7784e+01   9.3251e+00   3.2190e-05   4.7763e-02   2.6424e+02
20190828_21:00:00   4.7315e-01   1.0514e+02   1.0114e+01   2.3786e-03   5.7015e-02   2.6421e+02
20190829_00:00:00   4.0264e-01   9.3116e+01   8.8731e+00   8.4599e-04   2.9589e-02   2.6256e+02
20190829_03:00:00   3.4889e-01   8.3323e+01   7.6518e+00   0.0000e+00   6.7465e-02   2.6234e+02
20190829_06:00:00   3.3419e-01   8.0511e+01   7.3765e+00   6.2730e-06   8.1828e-02   2.6552e+02
20190829_09:00:00   4.0803e-01   9.3941e+01   9.0360e+00   6.6420e-05   9.5937e-02   2.6517e+02
20190829_12:00:00   3.6538e-01   8.6285e+01   8.1586e+00   3.0700e-06   1.2360e-02   2.6656e+02
20190829_15:00:00   3.7139e-01   8.7220e+01   8.3531e+00   0.0000e+00   1.0374e-02   2.6506e+02
20190829_18:00:00   2.9999e-01   7.3708e+01   6.8098e+00   0.0000e+00   9.5041e-04   2.6486e+02
20190829_21:00:00   2.6178e-01   6.5969e+01   5.9940e+00   0.0000e+00   1.8154e-03   2.6384e+02
20190830_00:00:00   2.9958e-01   7.3377e+01   6.8972e+00   0.0000e+00   1.2910e-02   2.6226e+02
20190830_03:00:00   2.7153e-01   6.7593e+01   6.3618e+00   0.0000e+00   6.1692e-02   2.6414e+02
20190830_06:00:00   2.4917e-01   6.2917e+01   5.8816e+00   0.0000e+00   1.8092e-02   2.6321e+02
20190830_09:00:00   2.8621e-01   7.0688e+01   6.5837e+00   0.0000e+00   1.1542e-02   2.6358e+02
20190830_12:00:00   3.7443e-01   8.7570e+01   8.3315e+00   0.0000e+00   6.9668e-03   2.6309e+02
20190830_15:00:00   3.2619e-01   7.8567e+01   7.3679e+00   0.0000e+00   7.1476e-03   2.6346e+02
20190830_18:00:00   2.7499e-01   6.8379e+01   6.3595e+00   0.0000e+00   7.8809e-03   2.6364e+02
20190830_21:00:00   2.9351e-01   7.2126e+01   6.6768e+00   9.5470e-04   4.9151e-03   2.6448e+02
20190831_00:00:00   3.5354e-01   8.3821e+01   7.7941e+00   2.1830e-03   1.7261e-03   2.6278e+02
20190831_03:00:00   3.1066e-01   7.5650e+01   6.9540e+00   8.3290e-05   2.2384e-04   2.6179e+02
20190831_06:00:00   2.4885e-01   6.3113e+01   5.6833e+00   0.0000e+00   6.3671e-05   2.6411e+02
20190831_09:00:00   2.3927e-01   6.1029e+01   5.5236e+00   0.0000e+00   1.8397e-03   2.6783e+02
20190831_12:00:00   2.3731e-01   6.0513e+01   5.4698e+00   0.0000e+00   1.9508e-03   2.6769e+02
20190831_15:00:00   2.3414e-01   5.9574e+01   5.4911e+00   0.0000e+00   7.5687e-04   2.6564e+02
20190831_18:00:00   2.3728e-01   6.0386e+01   5.4931e+00   0.0000e+00   1.1525e-04   2.6778e+02
20190831_21:00:00   2.1846e-01   5.6506e+01   5.0252e+00   0.0000e+00   7.5299e-04   2.6633e+02
20190901_00:00:00   2.4583e-01   6.2297e+01   5.6229e+00   0.0000e+00   2.3117e-03   2.6532e+02
20190901_03:00:00   2.1682e-01   5.6143e+01   5.0006e+00   0.0000e+00   3.5857e-03   2.6585e+02
20190901_06:00:00   1.7388e-01   4.7091e+01   3.8703e+00   0.0000e+00   1.3628e-03   2.6628e+02
20190901_09:00:00   1.5185e-01   4.2008e+01   3.4135e+00   0.0000e+00   1.1480e-03   2.6842e+02
20190901_12:00:00   1.4956e-01   4.1306e+01   3.4286e+00   0.0000e+00   8.9433e-04   2.6895e+02
20190901_15:00:00   1.4297e-01   3.9749e+01   3.3125e+00   0.0000e+00   1.4803e-04   2.6755e+02
20190901_18:00:00   1.4422e-01   3.9992e+01   3.3688e+00   0.0000e+00   1.8316e-04   2.6848e+02
20190901_21:00:00   1.7560e-01   4.7011e+01   4.1382e+00   0.0000e+00   4.7999e-04   2.6870e+02
20190902_00:00:00   2.5676e-01   6.4281e+01   6.0055e+00   0.0000e+00   3.2036e-03   2.6543e+02
20190902_03:00:00   2.6323e-01   6.5703e+01   6.0925e+00   0.0000e+00   9.5387e-03   2.6658e+02
20190902_06:00:00   2.5578e-01   6.4225e+01   5.9241e+00   0.0000e+00   7.6377e-03   2.6887e+02
20190902_09:00:00   2.5527e-01   6.4158e+01   5.8852e+00   0.0000e+00   1.2236e-02   2.6867e+02
20190902_12:00:00   2.3140e-01   5.9098e+01   5.3652e+00   0.0000e+00   6.5553e-03   2.6968e+02
20190902_15:00:00   2.5026e-01   6.2960e+01   5.7861e+00   0.0000e+00   1.4277e-02   2.6873e+02
20190902_18:00:00   2.5327e-01   6.3721e+01   5.7971e+00   0.0000e+00   1.4898e-02   2.6926e+02
20190902_21:00:00   3.1104e-01   7.5348e+01   7.0040e+00   0.0000e+00   2.8194e-03   2.6965e+02
20190903_00:00:00   2.8438e-01   7.0385e+01   6.2773e+00   1.6340e-04   2.4328e-02   2.6868e+02
20190903_03:00:00   2.7149e-01   6.7910e+01   5.9865e+00   0.0000e+00   9.2172e-03   2.6886e+02
20190903_06:00:00   2.8437e-01   7.0322e+01   6.3438e+00   0.0000e+00   3.0896e-03   2.6921e+02
20190903_09:00:00   2.9422e-01   7.2109e+01   6.6048e+00   0.0000e+00   1.2586e-02   2.7364e+02
20190903_12:00:00   3.2159e-01   7.7034e+01   7.2967e+00   0.0000e+00   2.1998e-03   2.7594e+02
20190903_15:00:00   2.9583e-01   7.1773e+01   6.8135e+00   0.0000e+00   4.5494e-03   2.7546e+02
20190903_18:00:00   2.7204e-01   6.6877e+01   6.3526e+00   0.0000e+00   3.5222e-03   2.7551e+02
20190903_21:00:00   2.3727e-01   5.9799e+01   5.5830e+00   0.0000e+00   1.9712e-03   2.7731e+02
20190904_00:00:00   2.3592e-01   5.9472e+01   5.5722e+00   0.0000e+00   1.3689e-03   2.7488e+02
20190904_03:00:00   2.4434e-01   6.1434e+01   5.6917e+00   0.0000e+00   6.3180e-07   2.7460e+02
20190904_06:00:00   2.5201e-01   6.2778e+01   5.9078e+00   0.0000e+00   1.0179e-02   2.7407e+02
