#            date       tau225        Tb[K]      pwv[mm] lwp[kg*m^-2] iwp[kg*m^-2]       o3[DU]
20190924_00:00:00   3.8248e-01   8.9766e+01   8.6973e+00   1.7770e-04   0.0000e+00   2.3995e+02
20190924_01:00:00   3.8730e-01   9.0858e+01   8.5056e+00   4.5230e-03   3.2740e-22   2.3819e+02
20190924_02:00:00   3.8317e-01   9.0077e+01   8.6018e+00   0.0000e+00   0.0000e+00   2.4053e+02
20190924_03:00:00   3.7676e-01   8.8957e+01   8.4396e+00   0.0000e+00   0.0000e+00   2.4138e+02
20190924_04:00:00   3.5191e-01   8.4512e+01   7.7793e+00   0.0000e+00   0.0000e+00   2.4331e+02
20190924_05:00:00   3.1212e-01   7.7074e+01   6.7659e+00   0.0000e+00   8.4990e-08   2.4646e+02
20190924_06:00:00   2.4985e-01   6.4484e+01   5.4251e+00   0.0000e+00   0.0000e+00   2.4768e+02
20190924_07:00:00   1.9662e-01   5.3026e+01   4.2685e+00   0.0000e+00   0.0000e+00   2.4887e+02
20190924_08:00:00   1.7424e-01   4.8020e+01   3.7748e+00   0.0000e+00   0.0000e+00   2.5077e+02
20190924_09:00:00   1.6897e-01   4.6819e+01   3.6566e+00   0.0000e+00   0.0000e+00   2.5154e+02
20190924_10:00:00   1.5122e-01   4.2712e+01   3.2783e+00   0.0000e+00   0.0000e+00   2.5118e+02
20190924_11:00:00   1.1542e-01   3.4179e+01   2.4962e+00   0.0000e+00   0.0000e+00   2.5282e+02
20190924_12:00:00   8.9650e-02   2.7790e+01   1.9244e+00   0.0000e+00   0.0000e+00   2.5080e+02
20190924_13:00:00   7.7578e-02   2.4718e+01   1.6564e+00   0.0000e+00   0.0000e+00   2.4951e+02
20190924_14:00:00   6.9697e-02   2.2698e+01   1.4742e+00   0.0000e+00   0.0000e+00   2.4832e+02
20190924_15:00:00   6.6122e-02   2.1775e+01   1.3893e+00   0.0000e+00   0.0000e+00   2.5038e+02
20190924_16:00:00   6.5401e-02   2.1581e+01   1.3728e+00   0.0000e+00   0.0000e+00   2.4938e+02
20190924_17:00:00   6.4097e-02   2.1249e+01   1.3431e+00   0.0000e+00   0.0000e+00   2.4832e+02
20190924_18:00:00   6.4937e-02   2.1473e+01   1.3632e+00   0.0000e+00   0.0000e+00   2.4913e+02
20190924_19:00:00   6.5918e-02   2.1722e+01   1.3877e+00   0.0000e+00   3.0610e-06   2.4987e+02
20190924_20:00:00   6.8359e-02   2.2326e+01   1.4519e+00   0.0000e+00   5.1100e-06   2.5020e+02
20190924_21:00:00   7.2935e-02   2.3463e+01   1.5755e+00   0.0000e+00   5.4417e-06   2.4983e+02
20190924_22:00:00   7.7431e-02   2.4597e+01   1.6889e+00   0.0000e+00   3.7687e-06   2.4950e+02
20190924_23:00:00   8.2061e-02   2.5771e+01   1.7951e+00   8.6270e-05   2.1365e-06   2.5083e+02
20190925_00:00:00   9.1452e-02   2.8167e+01   1.9007e+00   1.9350e-03   0.0000e+00   2.4970e+02
20190925_01:00:00   9.4340e-02   2.8901e+01   2.0483e+00   4.1320e-04   2.9760e-06   2.5014e+02
20190925_02:00:00   9.8177e-02   2.9863e+01   2.1249e+00   5.7670e-04   1.5891e-06   2.5125e+02
20190925_03:00:00   1.1010e-01   3.2821e+01   2.1664e+00   4.5920e-03   0.0000e+00   2.5265e+02
20190925_04:00:00   9.6472e-02   2.9417e+01   2.1184e+00   1.6910e-04   0.0000e+00   2.5246e+02
20190925_05:00:00   9.2324e-02   2.8374e+01   2.0291e+00   8.5400e-05   0.0000e+00   2.5085e+02
20190925_06:00:00   9.7602e-02   2.9711e+01   2.0403e+00   1.8870e-03   0.0000e+00   2.5087e+02
20190925_07:00:00   9.4614e-02   2.8951e+01   2.0791e+00   0.0000e+00   0.0000e+00   2.4978e+02
20190925_08:00:00   9.3978e-02   2.8797e+01   2.0598e+00   0.0000e+00   0.0000e+00   2.4753e+02
20190925_09:00:00   9.5280e-02   2.9118e+01   2.0843e+00   0.0000e+00   0.0000e+00   2.4724e+02
20190925_10:00:00   9.7097e-02   2.9556e+01   2.1225e+00   0.0000e+00   0.0000e+00   2.4676e+02
20190925_11:00:00   1.0106e-01   3.0513e+01   2.2153e+00   0.0000e+00   0.0000e+00   2.4655e+02
20190925_12:00:00   1.0176e-01   3.0656e+01   2.2401e+00   0.0000e+00   0.0000e+00   2.4451e+02
20190925_13:00:00   1.0126e-01   3.0518e+01   2.2343e+00   0.0000e+00   0.0000e+00   2.4497e+02
20190925_14:00:00   9.9893e-02   3.0164e+01   2.2062e+00   0.0000e+00   0.0000e+00   2.4637e+02
20190925_15:00:00   9.7662e-02   2.9612e+01   2.1575e+00   0.0000e+00   0.0000e+00   2.4627e+02
20190925_16:00:00   9.5483e-02   2.9046e+01   2.1191e+00   0.0000e+00   0.0000e+00   2.4565e+02
20190925_17:00:00   9.5288e-02   2.8927e+01   2.1385e+00   0.0000e+00   1.1494e-04   2.4741e+02
20190925_18:00:00   9.4345e-02   2.8686e+01   2.1200e+00   0.0000e+00   1.4040e-04   2.4838e+02
20190925_19:00:00   9.3900e-02   2.8577e+01   2.1072e+00   0.0000e+00   7.7551e-04   2.4948e+02
20190925_20:00:00   9.3367e-02   2.8448e+01   2.0944e+00   0.0000e+00   3.3877e-06   2.4993e+02
20190925_21:00:00   9.2481e-02   2.8257e+01   2.0625e+00   0.0000e+00   0.0000e+00   2.4952e+02
20190925_22:00:00   9.4407e-02   2.8747e+01   2.0939e+00   8.4480e-05   2.7520e-06   2.5061e+02
20190925_23:00:00   1.8928e-01   5.1404e+01   2.2903e+00   3.4270e-02   2.5216e-04   2.5183e+02
20190926_00:00:00   2.6754e-01   6.8430e+01   2.4663e+00   6.2410e-02   1.4170e-04   2.5130e+02
20190926_01:00:00   2.7674e-01   7.0315e+01   2.5944e+00   6.3721e-02   3.0780e-04   2.5081e+02
20190926_02:00:00   3.2266e-01   7.9587e+01   2.6188e+00   8.1600e-02   2.8935e-04   2.5153e+02
20190926_03:00:00   1.9873e-01   5.3476e+01   2.4816e+00   3.4803e-02   6.3180e-07   2.5039e+02
20190926_04:00:00   2.6905e-01   6.8860e+01   2.3958e+00   6.3880e-02   0.0000e+00   2.5045e+02
20190926_05:00:00   2.8477e-01   7.2151e+01   2.3419e+00   7.1080e-02   3.8860e-05   2.4995e+02
20190926_06:00:00   1.7411e-01   4.7848e+01   2.3385e+00   2.7890e-02   2.1601e-03   2.5079e+02
20190926_07:00:00   1.8035e-01   4.9217e+01   2.3504e+00   3.0550e-02   3.3829e-03   2.5239e+02
20190926_08:00:00   1.0427e-01   3.0928e+01   2.3481e+00   7.7230e-04   2.4824e-03   2.5182e+02
20190926_09:00:00   9.5570e-02   2.8768e+01   2.1890e+00   8.4790e-05   2.8566e-04   2.5064e+02
20190926_10:00:00   9.4642e-02   2.8507e+01   2.1753e+00   8.3630e-05   9.5453e-05   2.5060e+02
20190926_11:00:00   9.5839e-02   2.8698e+01   2.2379e+00   0.0000e+00   3.7990e-04   2.5124e+02
20190926_12:00:00   1.0952e-01   3.1779e+01   2.6382e+00   0.0000e+00   1.0074e-03   2.5127e+02
20190926_13:00:00   1.2133e-01   3.4424e+01   2.9681e+00   0.0000e+00   8.1800e-04   2.5104e+02
20190926_14:00:00   1.2816e-01   3.5968e+01   3.1505e+00   0.0000e+00   7.3215e-05   2.5098e+02
20190926_15:00:00   1.3719e-01   3.8041e+01   3.3800e+00   0.0000e+00   6.4912e-04   2.5114e+02
20190926_16:00:00   1.5943e-01   4.3046e+01   3.9447e+00   0.0000e+00   2.4257e-04   2.5097e+02
20190926_17:00:00   1.8742e-01   4.9361e+01   4.5986e+00   0.0000e+00   1.4990e-05   2.5270e+02
20190926_18:00:00   2.1988e-01   5.6445e+01   5.3430e+00   0.0000e+00   0.0000e+00   2.5332e+02
20190926_19:00:00   2.4335e-01   6.1434e+01   5.8610e+00   0.0000e+00   0.0000e+00   2.5259e+02
20190926_20:00:00   2.5843e-01   6.4549e+01   6.1941e+00   0.0000e+00   0.0000e+00   2.5253e+02
20190926_21:00:00   2.6935e-01   6.6829e+01   6.4224e+00   0.0000e+00   0.0000e+00   2.5282e+02
20190926_22:00:00   2.7251e-01   6.7562e+01   6.4674e+00   0.0000e+00   0.0000e+00   2.5326e+02
20190926_23:00:00   2.7683e-01   6.8509e+01   6.5434e+00   0.0000e+00   0.0000e+00   2.5274e+02
20190927_00:00:00   2.8018e-01   6.9244e+01   6.5997e+00   0.0000e+00   0.0000e+00   2.5205e+02
20190927_01:00:00   2.9057e-01   7.1397e+01   6.7996e+00   3.2030e-04   0.0000e+00   2.5086e+02
20190927_02:00:00   3.0470e-01   7.4283e+01   7.0886e+00   4.0100e-04   0.0000e+00   2.5055e+02
20190927_03:00:00   3.1661e-01   7.6668e+01   7.3389e+00   1.6210e-04   0.0000e+00   2.5168e+02
20190927_04:00:00   3.1596e-01   7.6619e+01   7.3044e+00   0.0000e+00   0.0000e+00   2.5113e+02
20190927_05:00:00   3.1007e-01   7.5551e+01   7.1296e+00   0.0000e+00   0.0000e+00   2.4943e+02
20190927_06:00:00   3.0244e-01   7.4113e+01   6.9280e+00   0.0000e+00   0.0000e+00   2.4890e+02
20190927_07:00:00   2.9338e-01   7.2371e+01   6.7149e+00   0.0000e+00   0.0000e+00   2.4894e+02
20190927_08:00:00   2.8982e-01   7.1632e+01   6.6334e+00   0.0000e+00   0.0000e+00   2.4919e+02
20190927_09:00:00   2.9331e-01   7.2306e+01   6.7183e+00   0.0000e+00   0.0000e+00   2.4980e+02
20190927_10:00:00   2.9781e-01   7.3178e+01   6.8169e+00   0.0000e+00   0.0000e+00   2.4972e+02
20190927_11:00:00   2.9842e-01   7.3283e+01   6.8138e+00   0.0000e+00   1.0980e-05   2.4876e+02
20190927_12:00:00   2.9471e-01   7.2617e+01   6.7074e+00   0.0000e+00   2.9046e-05   2.4897e+02
20190927_13:00:00   2.8997e-01   7.1732e+01   6.5782e+00   0.0000e+00   6.3900e-05   2.5026e+02
20190927_14:00:00   2.9016e-01   7.1807e+01   6.5614e+00   0.0000e+00   1.2506e-04   2.5100e+02
20190927_15:00:00   2.9184e-01   7.2161e+01   6.5849e+00   0.0000e+00   1.9146e-04   2.5193e+02
20190927_16:00:00   2.9076e-01   7.1985e+01   6.5482e+00   0.0000e+00   2.1480e-05   2.5365e+02
20190927_17:00:00   2.9229e-01   7.2298e+01   6.5735e+00   0.0000e+00   0.0000e+00   2.5539e+02
20190927_18:00:00   2.8840e-01   7.1522e+01   6.4940e+00   0.0000e+00   0.0000e+00   2.5648e+02
20190927_19:00:00   2.7973e-01   6.9824e+01   6.3027e+00   0.0000e+00   5.7430e-08   2.5585e+02
20190927_20:00:00   2.7257e-01   6.8415e+01   6.1506e+00   0.0000e+00   0.0000e+00   2.5397e+02
20190927_21:00:00   2.6986e-01   6.7867e+01   6.0893e+00   0.0000e+00   0.0000e+00   2.5358e+02
20190927_22:00:00   2.7082e-01   6.8085e+01   6.1068e+00   0.0000e+00   0.0000e+00   2.5342e+02
20190927_23:00:00   2.7476e-01   6.8865e+01   6.1941e+00   0.0000e+00   0.0000e+00   2.5188e+02
20190928_00:00:00   2.8211e-01   7.0374e+01   6.3507e+00   0.0000e+00   0.0000e+00   2.5072e+02
20190928_01:00:00   2.8450e-01   7.0864e+01   6.3974e+00   0.0000e+00   0.0000e+00   2.5016e+02
20190928_02:00:00   2.8923e-01   7.1823e+01   6.4789e+00   8.3280e-05   0.0000e+00   2.4863e+02
20190928_03:00:00   3.0837e-01   7.5703e+01   6.5925e+00   5.4320e-03   0.0000e+00   2.4731e+02
20190928_04:00:00   3.3875e-01   8.1726e+01   6.6579e+00   1.6460e-02   0.0000e+00   2.4728e+02
20190928_05:00:00   4.0714e-01   9.4716e+01   6.6334e+00   4.3990e-02   0.0000e+00   2.4810e+02
20190928_06:00:00   3.5468e-01   8.4889e+01   6.5492e+00   2.4790e-02   0.0000e+00   2.4811e+02
20190928_07:00:00   2.9059e-01   7.2102e+01   6.5218e+00   0.0000e+00   6.1160e-05   2.4781e+02
20190928_08:00:00   2.8835e-01   7.1620e+01   6.4802e+00   0.0000e+00   4.2341e-05   2.4694e+02
20190928_09:00:00   2.8457e-01   7.0807e+01   6.4168e+00   0.0000e+00   8.2100e-05   2.4688e+02
20190928_10:00:00   2.8161e-01   7.0150e+01   6.3599e+00   0.0000e+00   2.7621e-04   2.4654e+02
20190928_11:00:00   2.7710e-01   6.9209e+01   6.2642e+00   0.0000e+00   2.7403e-04   2.4638e+02
20190928_12:00:00   2.7250e-01   6.8255e+01   6.1520e+00   0.0000e+00   1.0290e-05   2.4594e+02
20190928_13:00:00   2.6525e-01   6.6735e+01   6.0025e+00   0.0000e+00   0.0000e+00   2.4623e+02
20190928_14:00:00   2.5683e-01   6.5000e+01   5.8293e+00   0.0000e+00   0.0000e+00   2.4688e+02
20190928_15:00:00   2.4906e-01   6.3374e+01   5.6661e+00   0.0000e+00   0.0000e+00   2.4684e+02
20190928_16:00:00   2.4469e-01   6.2457e+01   5.5779e+00   0.0000e+00   1.4506e-04   2.4696e+02
20190928_17:00:00   2.4205e-01   6.1918e+01   5.5189e+00   0.0000e+00   7.2939e-05   2.4739e+02
20190928_18:00:00   2.4078e-01   6.1662e+01   5.4858e+00   0.0000e+00   1.9584e-05   2.4771e+02
20190928_19:00:00   2.4211e-01   6.1934e+01   5.5264e+00   0.0000e+00   2.9326e-05   2.4751e+02
20190928_20:00:00   2.4290e-01   6.2060e+01   5.5597e+00   0.0000e+00   3.6699e-05   2.4670e+02
20190928_21:00:00   2.4184e-01   6.1857e+01   5.5357e+00   0.0000e+00   1.4759e-05   2.4723e+02
20190928_22:00:00   2.4203e-01   6.1917e+01   5.5357e+00   0.0000e+00   0.0000e+00   2.4841e+02
20190928_23:00:00   2.4106e-01   6.1734e+01   5.5106e+00   0.0000e+00   0.0000e+00   2.4882e+02
20190929_00:00:00   2.4332e-01   6.2223e+01   5.5399e+00   8.6120e-05   0.0000e+00   2.4846e+02
20190929_03:00:00   2.2977e-01   5.9414e+01   5.2240e+00   0.0000e+00   0.0000e+00   2.5130e+02
20190929_06:00:00   2.2668e-01   5.8822e+01   5.0705e+00   5.3890e-04   0.0000e+00   2.5261e+02
20190929_09:00:00   2.4726e-01   6.3273e+01   5.4420e+00   4.0030e-04   0.0000e+00   2.5366e+02
20190929_12:00:00   2.2777e-01   5.9059e+01   5.0495e+00   0.0000e+00   0.0000e+00   2.5469e+02
20190929_15:00:00   1.8914e-01   5.0516e+01   4.2816e+00   0.0000e+00   0.0000e+00   2.5187e+02
20190929_18:00:00   1.7845e-01   4.8057e+01   4.0928e+00   0.0000e+00   0.0000e+00   2.4939e+02
20190929_21:00:00   1.9809e-01   5.2382e+01   4.5417e+00   0.0000e+00   0.0000e+00   2.4979e+02
20190930_00:00:00   1.9897e-01   5.2454e+01   4.6027e+00   0.0000e+00   0.0000e+00   2.5011e+02
20190930_03:00:00   2.2012e-01   5.6940e+01   5.0170e+00   2.1090e-03   0.0000e+00   2.4926e+02
20190930_06:00:00   2.2310e-01   5.7363e+01   5.2570e+00   0.0000e+00   4.9186e-05   2.5158e+02
20190930_09:00:00   2.1439e-01   5.5468e+01   5.0564e+00   0.0000e+00   1.0661e-04   2.5380e+02
20190930_12:00:00   2.0260e-01   5.2914e+01   4.7757e+00   0.0000e+00   0.0000e+00   2.5403e+02
20190930_15:00:00   1.8645e-01   4.9352e+01   4.3988e+00   0.0000e+00   2.7520e-06   2.5336e+02
20190930_18:00:00   1.8521e-01   4.9154e+01   4.3566e+00   0.0000e+00   5.5060e-06   2.5674e+02
20190930_21:00:00   1.8104e-01   4.8187e+01   4.2743e+00   0.0000e+00   5.3120e-07   2.5394e+02
20191001_00:00:00   2.0605e-01   5.3821e+01   4.4162e+00   7.4460e-03   8.3300e-06   2.5285e+02
20191001_03:00:00   2.0441e-01   5.3475e+01   4.3518e+00   7.9800e-03   0.0000e+00   2.5398e+02
20191001_06:00:00   1.6121e-01   4.3671e+01   3.8225e+00   0.0000e+00   7.7720e-05   2.5666e+02
20191001_09:00:00   1.6111e-01   4.3728e+01   3.7967e+00   0.0000e+00   2.7520e-06   2.5549e+02
20191001_12:00:00   1.6408e-01   4.4439e+01   3.8357e+00   3.7790e-05   0.0000e+00   2.5410e+02
20191001_15:00:00   1.5515e-01   4.2481e+01   3.6124e+00   0.0000e+00   0.0000e+00   2.5364e+02
20191001_18:00:00   1.4372e-01   3.9954e+01   3.3193e+00   0.0000e+00   0.0000e+00   2.5569e+02
20191001_21:00:00   1.4243e-01   3.9733e+01   3.2742e+00   0.0000e+00   0.0000e+00   2.5358e+02
20191002_00:00:00   1.5170e-01   4.1955e+01   3.4286e+00   7.0930e-04   0.0000e+00   2.5092e+02
20191002_03:00:00   1.4417e-01   4.0261e+01   3.2943e+00   0.0000e+00   0.0000e+00   2.4918e+02
20191002_06:00:00   1.3606e-01   3.8377e+01   3.1108e+00   6.6080e-06   0.0000e+00   2.5350e+02
20191002_09:00:00   1.3012e-01   3.7039e+01   2.9558e+00   0.0000e+00   0.0000e+00   2.5468e+02
20191002_12:00:00   1.1397e-01   3.3182e+01   2.5782e+00   0.0000e+00   2.9764e-03   2.5468e+02
20191002_15:00:00   9.4424e-02   2.8443e+01   2.1204e+00   0.0000e+00   3.0258e-03   2.5370e+02
20191002_18:00:00   7.8927e-02   2.4762e+01   1.7052e+00   0.0000e+00   8.3308e-06   2.5439e+02
20191002_21:00:00   7.5686e-02   2.4031e+01   1.6008e+00   0.0000e+00   3.7900e-06   2.5427e+02
20191003_00:00:00   1.1510e-01   3.4015e+01   1.4624e+00   1.7660e-02   3.1820e-04   2.5334e+02
20191003_03:00:00   7.3554e-02   2.3624e+01   1.1985e+00   5.6350e-03   1.1460e-05   2.5239e+02
20191003_06:00:00   5.2291e-02   1.8109e+01   1.0245e+00   0.0000e+00   2.4980e-04   2.5297e+02
20191003_09:00:00   6.0352e-02   2.0199e+01   1.2158e+00   0.0000e+00   2.7920e-06   2.5253e+02
20191003_12:00:00   7.4633e-02   2.3869e+01   1.5389e+00   3.2020e-06   6.3180e-07   2.5071e+02
20191003_15:00:00   7.5532e-02   2.4065e+01   1.5715e+00   0.0000e+00   1.5442e-03   2.4933e+02
20191003_18:00:00   5.8460e-02   1.9621e+01   1.1949e+00   0.0000e+00   0.0000e+00   2.4889e+02
20191003_21:00:00   6.3204e-02   2.0838e+01   1.3167e+00   0.0000e+00   0.0000e+00   2.5042e+02
20191004_00:00:00   7.8204e-02   2.4583e+01   1.6941e+00   7.8850e-05   0.0000e+00   2.4979e+02
20191004_03:00:00   7.9366e-02   2.4826e+01   1.7409e+00   0.0000e+00   4.9140e-06   2.5181e+02
20191004_06:00:00   8.2700e-02   2.5638e+01   1.8270e+00   6.6610e-06   6.3900e-04   2.5115e+02
20191004_09:00:00   1.0082e-01   3.0160e+01   2.2081e+00   3.2060e-04   3.2086e-03   2.4915e+02
20191004_12:00:00   1.0648e-01   3.1600e+01   2.3285e+00   0.0000e+00   2.1694e-04   2.4816e+02
20191004_15:00:00   9.1950e-02   2.7969e+01   2.0168e+00   9.7080e-06   1.5744e-04   2.4561e+02
20191004_18:00:00   6.5621e-02   2.1460e+01   1.3549e+00   0.0000e+00   1.7956e-03   2.4594e+02
20191004_21:00:00   6.1811e-02   2.0507e+01   1.2524e+00   0.0000e+00   3.0922e-03   2.5006e+02
20191005_00:00:00   5.1467e-02   1.7838e+01   1.0071e+00   0.0000e+00   2.2944e-04   2.4998e+02
20191005_03:00:00   5.2656e-02   1.8190e+01   1.0262e+00   0.0000e+00   3.9840e-06   2.4997e+02
20191005_06:00:00   5.0214e-02   1.7561e+01   9.6440e-01   0.0000e+00   0.0000e+00   2.5171e+02
20191005_09:00:00   4.9540e-02   1.7392e+01   9.4139e-01   0.0000e+00   0.0000e+00   2.5107e+02
20191005_12:00:00   4.6896e-02   1.6675e+01   8.8175e-01   0.0000e+00   0.0000e+00   2.4832e+02
20191005_15:00:00   4.7403e-02   1.6808e+01   8.9100e-01   0.0000e+00   0.0000e+00   2.4823e+02
20191005_18:00:00   4.9643e-02   1.7411e+01   9.4199e-01   0.0000e+00   0.0000e+00   2.4762e+02
20191005_21:00:00   5.4396e-02   1.8631e+01   1.0656e+00   0.0000e+00   0.0000e+00   2.4998e+02
20191006_00:00:00   6.1376e-02   2.0384e+01   1.2489e+00   0.0000e+00   0.0000e+00   2.5209e+02
20191006_03:00:00   8.0093e-02   2.5204e+01   1.6500e+00   4.0930e-04   0.0000e+00   2.5324e+02
20191006_06:00:00   9.1475e-02   2.8130e+01   1.3794e+00   9.6270e-03   0.0000e+00   2.5353e+02
20191006_09:00:00   5.9004e-02   1.9800e+01   1.1803e+00   0.0000e+00   0.0000e+00   2.5280e+02
20191006_12:00:00   5.5563e-02   1.8901e+01   1.0985e+00   0.0000e+00   0.0000e+00   2.5223e+02
20191006_15:00:00   5.9599e-02   1.9974e+01   1.1852e+00   0.0000e+00   0.0000e+00   2.5138e+02
20191006_18:00:00   5.8563e-02   1.9720e+01   1.1547e+00   0.0000e+00   0.0000e+00   2.5072e+02
20191006_21:00:00   5.1477e-02   1.7899e+01   9.7892e-01   0.0000e+00   0.0000e+00   2.5243e+02
20191007_00:00:00   4.7777e-02   1.6951e+01   8.9016e-01   0.0000e+00   0.0000e+00   2.5137e+02
20191007_03:00:00   4.9610e-02   1.7440e+01   9.3352e-01   0.0000e+00   0.0000e+00   2.5050e+02
20191007_06:00:00   5.2980e-02   1.8281e+01   1.0221e+00   0.0000e+00   0.0000e+00   2.5157e+02
20191007_09:00:00   5.4060e-02   1.8555e+01   1.0443e+00   0.0000e+00   0.0000e+00   2.5103e+02
20191007_12:00:00   5.2459e-02   1.8130e+01   1.0076e+00   0.0000e+00   0.0000e+00   2.5121e+02
20191007_15:00:00   5.3945e-02   1.8460e+01   1.0600e+00   0.0000e+00   0.0000e+00   2.5030e+02
20191007_18:00:00   5.6546e-02   1.9045e+01   1.1462e+00   0.0000e+00   1.8588e-04   2.4902e+02
20191007_21:00:00   6.1878e-02   2.0364e+01   1.2854e+00   0.0000e+00   4.2040e-03   2.5229e+02
20191008_00:00:00   6.4296e-02   2.0940e+01   1.3567e+00   0.0000e+00   4.3237e-03   2.5212e+02
20191008_03:00:00   6.9690e-02   2.2244e+01   1.5108e+00   0.0000e+00   3.8960e-04   2.5516e+02
20191008_06:00:00   7.1057e-02   2.2583e+01   1.5452e+00   0.0000e+00   2.3640e-03   2.5779e+02
20191008_09:00:00   7.3371e-02   2.3086e+01   1.6241e+00   0.0000e+00   0.0000e+00   2.5588e+02
20191008_12:00:00   7.7462e-02   2.4008e+01   1.7468e+00   0.0000e+00   0.0000e+00   2.5519e+02
20191008_15:00:00   8.1755e-02   2.4987e+01   1.8673e+00   0.0000e+00   1.5810e-03   2.5381e+02
20191008_18:00:00   8.7854e-02   2.6442e+01   2.0243e+00   0.0000e+00   4.1086e-03   2.5430e+02
20191008_21:00:00   9.6640e-02   2.8661e+01   2.2191e+00   0.0000e+00   1.6380e-03   2.5494e+02
20191009_00:00:00   1.1168e-01   3.2403e+01   2.5503e+00   0.0000e+00   0.0000e+00   2.5621e+02
20191009_03:00:00   1.2669e-01   3.5891e+01   2.9240e+00   0.0000e+00   3.6685e-04   2.5451e+02
20191009_06:00:00   1.2094e-01   3.4386e+01   2.8249e+00   0.0000e+00   3.4549e-03   2.5613e+02
20191009_09:00:00   1.0702e-01   3.1040e+01   2.5017e+00   0.0000e+00   4.1510e-04   2.5547e+02
20191009_12:00:00   9.4577e-02   2.8118e+01   2.1757e+00   0.0000e+00   6.5480e-06   2.5572e+02
20191009_15:00:00   8.5156e-02   2.5966e+01   1.9083e+00   0.0000e+00   0.0000e+00   2.5660e+02
20191009_18:00:00   7.8150e-02   2.4335e+01   1.7141e+00   0.0000e+00   0.0000e+00   2.5574e+02
20191009_21:00:00   7.7486e-02   2.4297e+01   1.6721e+00   0.0000e+00   0.0000e+00   2.5649e+02
20191010_00:00:00   9.3463e-02   2.8419e+01   1.7815e+00   4.1130e-03   1.1486e-05   2.5545e+02
