#            date       tau225        Tb[K]      pwv[mm] lwp[kg*m^-2] iwp[kg*m^-2]       o3[DU]
20191022_06:00:00   1.0355e-01   3.0833e+01   2.3127e+00   0.0000e+00   0.0000e+00   2.4938e+02
20191022_07:00:00   9.8618e-02   2.9614e+01   2.2044e+00   0.0000e+00   0.0000e+00   2.5066e+02
20191022_08:00:00   9.5393e-02   2.8799e+01   2.1293e+00   0.0000e+00   0.0000e+00   2.5012e+02
20191022_09:00:00   9.4375e-02   2.8528e+01   2.1111e+00   0.0000e+00   0.0000e+00   2.4930e+02
20191022_10:00:00   9.5124e-02   2.8689e+01   2.1296e+00   0.0000e+00   0.0000e+00   2.4854e+02
20191022_11:00:00   9.6986e-02   2.9128e+01   2.1773e+00   0.0000e+00   0.0000e+00   2.4975e+02
20191022_12:00:00   1.0067e-01   3.0028e+01   2.2695e+00   0.0000e+00   0.0000e+00   2.4857e+02
20191022_13:00:00   1.0097e-01   3.0092e+01   2.2770e+00   0.0000e+00   0.0000e+00   2.4848e+02
20191022_14:00:00   1.0310e-01   3.0606e+01   2.3254e+00   0.0000e+00   0.0000e+00   2.4978e+02
20191022_15:00:00   1.0684e-01   3.1501e+01   2.4186e+00   0.0000e+00   0.0000e+00   2.4909e+02
20191022_16:00:00   1.0994e-01   3.2231e+01   2.4963e+00   0.0000e+00   0.0000e+00   2.4815e+02
20191022_17:00:00   1.1211e-01   3.2744e+01   2.5484e+00   0.0000e+00   0.0000e+00   2.4786e+02
20191022_18:00:00   1.1223e-01   3.2800e+01   2.5454e+00   0.0000e+00   0.0000e+00   2.4927e+02
20191022_19:00:00   1.1109e-01   3.2547e+01   2.5120e+00   0.0000e+00   0.0000e+00   2.5111e+02
20191022_20:00:00   1.1204e-01   3.2763e+01   2.5393e+00   0.0000e+00   0.0000e+00   2.5229e+02
20191022_21:00:00   1.1365e-01   3.3135e+01   2.5869e+00   0.0000e+00   0.0000e+00   2.5256e+02
20191022_22:00:00   1.1228e-01   3.2812e+01   2.5572e+00   0.0000e+00   0.0000e+00   2.5240e+02
20191022_23:00:00   1.0993e-01   3.2254e+01   2.4933e+00   0.0000e+00   0.0000e+00   2.5178e+02
20191023_00:00:00   1.0740e-01   3.1654e+01   2.4321e+00   0.0000e+00   0.0000e+00   2.5259e+02
20191023_01:00:00   1.0417e-01   3.0881e+01   2.3535e+00   0.0000e+00   0.0000e+00   2.5177e+02
20191023_02:00:00   1.0388e-01   3.0818e+01   2.3439e+00   0.0000e+00   0.0000e+00   2.5003e+02
20191023_03:00:00   1.0468e-01   3.1012e+01   2.3628e+00   0.0000e+00   0.0000e+00   2.4938e+02
20191023_04:00:00   1.0255e-01   3.0505e+01   2.3106e+00   0.0000e+00   0.0000e+00   2.4921e+02
20191023_05:00:00   1.0109e-01   3.0146e+01   2.2739e+00   0.0000e+00   0.0000e+00   2.4882e+02
20191023_06:00:00   1.0083e-01   3.0080e+01   2.2693e+00   0.0000e+00   0.0000e+00   2.4994e+02
20191023_07:00:00   1.0156e-01   3.0213e+01   2.2981e+00   0.0000e+00   0.0000e+00   2.5108e+02
20191023_08:00:00   1.0196e-01   3.0287e+01   2.3132e+00   0.0000e+00   4.7140e-05   2.5078e+02
20191023_09:00:00   1.0193e-01   3.0260e+01   2.3157e+00   0.0000e+00   1.2859e-03   2.5063e+02
20191023_10:00:00   1.0161e-01   3.0174e+01   2.3116e+00   0.0000e+00   1.4729e-03   2.5086e+02
20191023_11:00:00   1.0187e-01   3.0205e+01   2.3283e+00   0.0000e+00   3.6256e-03   2.5051e+02
20191023_12:00:00   1.0247e-01   3.0334e+01   2.3483e+00   0.0000e+00   4.4837e-03   2.5014e+02
20191023_13:00:00   1.0185e-01   3.0185e+01   2.3347e+00   0.0000e+00   2.9325e-03   2.4967e+02
20191023_14:00:00   1.0196e-01   3.0187e+01   2.3441e+00   0.0000e+00   3.6051e-03   2.4879e+02
20191023_15:00:00   1.0326e-01   3.0471e+01   2.3835e+00   0.0000e+00   3.9716e-03   2.4928e+02
20191023_16:00:00   1.0472e-01   3.0799e+01   2.4249e+00   0.0000e+00   3.1448e-03   2.5016e+02
20191023_17:00:00   1.0569e-01   3.1025e+01   2.4508e+00   0.0000e+00   2.5392e-03   2.4976e+02
20191023_18:00:00   1.0815e-01   3.1618e+01   2.5109e+00   0.0000e+00   2.2951e-03   2.5017e+02
20191023_19:00:00   1.1126e-01   3.2361e+01   2.5910e+00   0.0000e+00   2.3757e-03   2.5131e+02
20191023_20:00:00   1.1475e-01   3.3177e+01   2.6820e+00   0.0000e+00   3.3092e-03   2.5119e+02
20191023_21:00:00   1.1819e-01   3.3984e+01   2.7649e+00   0.0000e+00   4.7012e-03   2.5091e+02
20191023_22:00:00   1.2223e-01   3.4940e+01   2.8631e+00   0.0000e+00   3.2102e-03   2.4887e+02
20191023_23:00:00   1.2574e-01   3.5764e+01   2.9484e+00   0.0000e+00   2.7891e-03   2.4617e+02
20191024_00:00:00   1.2986e-01   3.6731e+01   3.0404e+00   1.6260e-04   2.2882e-03   2.4572e+02
20191024_01:00:00   1.3512e-01   3.7963e+01   3.1489e+00   4.8370e-04   2.1336e-03   2.4590e+02
20191024_02:00:00   1.3747e-01   3.8486e+01   3.2387e+00   0.0000e+00   2.9116e-03   2.4518e+02
20191024_03:00:00   1.4316e-01   3.9808e+01   3.3795e+00   0.0000e+00   1.4805e-03   2.4523e+02
20191024_04:00:00   1.4770e-01   4.0828e+01   3.4917e+00   0.0000e+00   6.6889e-04   2.4572e+02
20191024_05:00:00   1.5274e-01   4.1955e+01   3.6139e+00   0.0000e+00   1.2574e-03   2.4575e+02
20191024_06:00:00   1.5637e-01   4.2763e+01   3.7002e+00   0.0000e+00   1.9998e-03   2.4560e+02
20191024_07:00:00   1.5901e-01   4.3355e+01   3.7587e+00   0.0000e+00   1.0306e-03   2.4551e+02
20191024_08:00:00   1.6072e-01   4.3755e+01   3.7916e+00   0.0000e+00   5.2241e-04   2.4542e+02
20191024_09:00:00   1.6150e-01   4.3941e+01   3.8076e+00   0.0000e+00   3.8746e-05   2.4502e+02
20191024_10:00:00   1.6263e-01   4.4197e+01   3.8306e+00   0.0000e+00   1.8357e-04   2.4484e+02
20191024_11:00:00   1.6464e-01   4.4620e+01   3.8922e+00   0.0000e+00   1.1284e-03   2.4438e+02
20191024_12:00:00   1.6433e-01   4.4515e+01   3.8935e+00   0.0000e+00   1.6361e-03   2.4406e+02
20191024_13:00:00   1.6492e-01   4.4642e+01   3.9078e+00   0.0000e+00   9.0863e-05   2.4451e+02
20191024_14:00:00   1.6524e-01   4.4736e+01   3.9082e+00   0.0000e+00   2.6180e-05   2.4517e+02
20191024_15:00:00   1.6482e-01   4.4670e+01   3.8921e+00   0.0000e+00   8.7080e-06   2.4581e+02
20191024_16:00:00   1.6558e-01   4.4867e+01   3.8973e+00   0.0000e+00   2.4202e-05   2.4651e+02
20191024_17:00:00   1.6612e-01   4.5031e+01   3.8995e+00   0.0000e+00   1.5622e-05   2.4572e+02
20191024_18:00:00   1.6728e-01   4.5309e+01   3.9161e+00   0.0000e+00   1.5708e-05   2.4542e+02
20191024_19:00:00   1.6645e-01   4.5150e+01   3.8945e+00   0.0000e+00   0.0000e+00   2.4608e+02
20191024_20:00:00   1.6636e-01   4.5129e+01   3.8934e+00   0.0000e+00   0.0000e+00   2.4645e+02
20191024_21:00:00   1.6785e-01   4.5425e+01   3.9376e+00   0.0000e+00   2.3660e-05   2.4727e+02
20191024_22:00:00   1.6654e-01   4.5146e+01   3.9028e+00   0.0000e+00   1.0684e-05   2.4838e+02
20191024_23:00:00   1.6847e-01   4.5552e+01   3.9517e+00   0.0000e+00   1.1306e-04   2.4865e+02
20191025_00:00:00   1.7062e-01   4.6016e+01   4.0091e+00   0.0000e+00   1.9494e-03   2.4787e+02
20191025_01:00:00   1.7382e-01   4.6730e+01   4.0859e+00   0.0000e+00   2.5620e-03   2.4741e+02
20191025_02:00:00   1.7613e-01   4.7261e+01   4.1304e+00   0.0000e+00   3.6385e-03   2.4629e+02
20191025_03:00:00   1.7866e-01   4.7811e+01   4.1934e+00   0.0000e+00   3.1724e-03   2.4627e+02
20191025_04:00:00   1.8081e-01   4.8253e+01   4.2485e+00   0.0000e+00   3.5420e-03   2.4622e+02
20191025_05:00:00   1.8211e-01   4.8502e+01   4.2917e+00   0.0000e+00   3.7178e-03   2.4618e+02
20191025_06:00:00   1.8480e-01   4.9087e+01   4.3519e+00   0.0000e+00   4.7996e-03   2.4684e+02
20191025_07:00:00   1.8567e-01   4.9282e+01   4.3667e+00   0.0000e+00   3.8807e-03   2.4791e+02
20191025_08:00:00   1.8713e-01   4.9590e+01   4.3994e+00   0.0000e+00   4.3216e-03   2.4888e+02
20191025_09:00:00   1.8655e-01   4.9431e+01   4.3985e+00   0.0000e+00   5.3724e-03   2.4902e+02
20191025_10:00:00   1.8646e-01   4.9409e+01   4.4025e+00   0.0000e+00   1.2570e-02   2.4877e+02
20191025_11:00:00   1.8890e-01   4.9891e+01   4.4700e+00   0.0000e+00   1.0287e-02   2.4854e+02
20191025_12:00:00   1.9155e-01   5.0407e+01   4.5432e+00   0.0000e+00   2.1177e-02   2.4809e+02
20191025_13:00:00   1.9139e-01   5.0364e+01   4.5456e+00   0.0000e+00   6.6282e-03   2.4782e+02
20191025_14:00:00   1.9257e-01   5.0587e+01   4.5756e+00   0.0000e+00   1.5972e-02   2.4847e+02
20191025_15:00:00   1.9621e-01   5.1387e+01   4.6672e+00   0.0000e+00   1.0845e-02   2.4833e+02
20191025_16:00:00   1.9874e-01   5.1968e+01   4.7203e+00   0.0000e+00   1.1919e-02   2.4864e+02
20191025_17:00:00   2.0299e-01   5.2881e+01   4.8162e+00   0.0000e+00   2.3133e-02   2.4918e+02
20191025_18:00:00   2.0537e-01   5.3380e+01   4.8621e+00   0.0000e+00   3.8488e-02   2.5004e+02
20191025_19:00:00   2.0838e-01   5.3989e+01   4.9373e+00   0.0000e+00   4.9290e-02   2.5123e+02
20191025_20:00:00   2.0798e-01   5.3927e+01   4.9240e+00   0.0000e+00   4.3707e-02   2.5149e+02
20191025_21:00:00   2.0174e-01   5.2610e+01   4.7803e+00   0.0000e+00   3.5112e-02   2.5179e+02
20191025_22:00:00   1.9861e-01   5.1852e+01   4.7222e+00   0.0000e+00   4.4831e-02   2.5121e+02
20191025_23:00:00   1.9791e-01   5.1625e+01   4.7306e+00   0.0000e+00   4.4093e-02   2.5073e+02
20191026_00:00:00   2.0055e-01   5.2105e+01   4.8129e+00   0.0000e+00   4.7686e-02   2.5054e+02
20191026_01:00:00   2.0173e-01   5.2345e+01   4.8510e+00   0.0000e+00   2.3300e-02   2.5021e+02
20191026_02:00:00   1.9909e-01   5.1857e+01   4.7720e+00   0.0000e+00   5.6156e-03   2.4889e+02
20191026_03:00:00   1.9890e-01   5.1843e+01   4.7615e+00   0.0000e+00   5.3308e-03   2.4822e+02
20191026_04:00:00   1.9914e-01   5.1913e+01   4.7619e+00   0.0000e+00   4.3039e-03   2.4842e+02
20191026_05:00:00   2.0063e-01   5.2291e+01   4.7816e+00   0.0000e+00   2.4945e-03   2.4877e+02
20191026_06:00:00   2.0319e-01   5.2875e+01   4.8342e+00   0.0000e+00   1.9772e-03   2.4892e+02
20191026_07:00:00   2.0686e-01   5.3589e+01   4.9341e+00   0.0000e+00   1.1843e-02   2.4860e+02
20191026_08:00:00   2.1184e-01   5.4597e+01   5.0629e+00   0.0000e+00   1.1164e-02   2.4983e+02
20191026_09:00:00   2.1866e-01   5.6020e+01   5.2292e+00   0.0000e+00   1.9104e-02   2.5062e+02
20191026_10:00:00   2.2382e-01   5.7077e+01   5.3418e+00   0.0000e+00   2.8654e-02   2.5109e+02
20191026_11:00:00   2.2575e-01   5.7544e+01   5.3805e+00   0.0000e+00   1.2252e-02   2.4995e+02
20191026_12:00:00   2.2599e-01   5.7658e+01   5.3732e+00   0.0000e+00   4.1219e-03   2.4856e+02
20191026_13:00:00   2.2977e-01   5.8455e+01   5.4498e+00   0.0000e+00   6.3258e-03   2.4816e+02
20191026_14:00:00   2.3314e-01   5.9136e+01   5.5357e+00   0.0000e+00   8.2976e-03   2.4716e+02
20191026_15:00:00   2.3334e-01   5.9214e+01   5.5352e+00   0.0000e+00   8.0484e-03   2.4634e+02
20191026_16:00:00   2.2801e-01   5.8168e+01   5.3954e+00   0.0000e+00   5.4942e-03   2.4604e+02
20191026_17:00:00   2.2100e-01   5.6793e+01   5.2017e+00   0.0000e+00   5.2227e-03   2.4635e+02
20191026_18:00:00   2.1414e-01   5.5394e+01   5.0236e+00   0.0000e+00   1.9049e-03   2.4684e+02
20191026_19:00:00   2.0926e-01   5.4395e+01   4.8987e+00   0.0000e+00   1.2946e-03   2.4806e+02
20191026_20:00:00   2.0546e-01   5.3588e+01   4.8044e+00   0.0000e+00   1.3366e-03   2.4927e+02
20191026_21:00:00   2.0338e-01   5.3137e+01   4.7546e+00   0.0000e+00   1.4451e-03   2.5096e+02
20191026_22:00:00   2.0303e-01   5.3069e+01   4.7465e+00   0.0000e+00   3.1261e-04   2.5236e+02
20191026_23:00:00   2.0397e-01   5.3270e+01   4.7746e+00   0.0000e+00   5.6926e-04   2.5325e+02
20191027_00:00:00   2.0427e-01   5.3364e+01   4.7681e+00   0.0000e+00   1.4456e-04   2.5402e+02
20191027_01:00:00   2.0392e-01   5.3310e+01   4.7590e+00   0.0000e+00   5.3805e-04   2.5409e+02
20191027_02:00:00   2.0249e-01   5.3031e+01   4.7178e+00   0.0000e+00   4.6837e-04   2.5354e+02
20191027_03:00:00   1.9916e-01   5.2355e+01   4.6180e+00   0.0000e+00   8.5415e-04   2.5420e+02
20191027_04:00:00   1.9768e-01   5.2111e+01   4.5462e+00   0.0000e+00   2.8786e-04   2.5436e+02
20191027_05:00:00   1.9096e-01   5.0739e+01   4.3474e+00   0.0000e+00   9.8040e-05   2.5494e+02
20191027_06:00:00   1.8486e-01   4.9478e+01   4.1701e+00   0.0000e+00   2.1126e-04   2.5532e+02
20191027_09:00:00   1.6187e-01   4.4366e+01   3.6243e+00   0.0000e+00   1.0070e-04   2.5423e+02
20191027_12:00:00   1.5171e-01   4.2015e+01   3.4086e+00   0.0000e+00   1.3825e-04   2.5420e+02
20191027_15:00:00   1.4615e-01   4.0733e+01   3.2866e+00   0.0000e+00   6.0180e-05   2.5294e+02
20191027_18:00:00   1.3199e-01   3.7555e+01   2.9334e+00   0.0000e+00   1.2634e-06   2.5381e+02
20191027_21:00:00   1.1813e-01   3.4370e+01   2.5902e+00   0.0000e+00   0.0000e+00   2.5578e+02
20191028_00:00:00   1.1446e-01   3.3499e+01   2.5020e+00   0.0000e+00   0.0000e+00   2.5758e+02
20191028_03:00:00   1.1760e-01   3.4220e+01   2.5855e+00   0.0000e+00   3.5580e-06   2.5605e+02
20191028_06:00:00   1.1723e-01   3.4054e+01   2.5968e+00   0.0000e+00   1.7728e-03   2.5511e+02
20191028_09:00:00   1.0757e-01   3.1684e+01   2.3959e+00   0.0000e+00   1.9749e-03   2.5454e+02
20191028_12:00:00   1.0310e-01   3.0517e+01   2.3193e+00   0.0000e+00   1.4426e-03   2.5348e+02
20191028_15:00:00   9.6081e-02   2.8749e+01   2.1624e+00   0.0000e+00   2.7625e-04   2.5274e+02
20191028_18:00:00   9.4328e-02   2.8204e+01   2.1519e+00   0.0000e+00   2.4343e-03   2.5409e+02
20191028_21:00:00   9.6507e-02   2.8621e+01   2.2296e+00   0.0000e+00   8.7272e-03   2.5642e+02
20191029_00:00:00   1.0430e-01   3.0428e+01   2.4296e+00   7.3830e-05   1.7323e-02   2.5587e+02
20191029_03:00:00   1.2775e-01   3.5714e+01   3.0070e+00   0.0000e+00   1.0707e-01   2.5357e+02
20191029_06:00:00   1.1884e-01   3.3619e+01   2.8433e+00   0.0000e+00   1.0893e-02   2.5240e+02
20191029_09:00:00   1.0698e-01   3.1011e+01   2.5062e+00   0.0000e+00   5.0540e-07   2.5306e+02
20191029_12:00:00   9.6524e-02   2.8661e+01   2.2059e+00   0.0000e+00   8.9880e-06   2.5057e+02
20191029_15:00:00   8.6961e-02   2.6486e+01   1.9306e+00   0.0000e+00   0.0000e+00   2.5058e+02
20191029_18:00:00   7.8763e-02   2.4543e+01   1.7098e+00   0.0000e+00   0.0000e+00   2.5299e+02
20191029_21:00:00   7.4202e-02   2.3439e+01   1.5888e+00   0.0000e+00   0.0000e+00   2.5384e+02
20191030_00:00:00   7.5130e-02   2.3682e+01   1.5978e+00   1.4900e-04   0.0000e+00   2.5221e+02
20191030_03:00:00   7.6156e-02   2.3966e+01   1.6222e+00   0.0000e+00   0.0000e+00   2.5106e+02
20191030_06:00:00   7.5610e-02   2.3806e+01   1.6201e+00   0.0000e+00   0.0000e+00   2.5301e+02
20191030_09:00:00   7.7490e-02   2.4243e+01   1.6661e+00   0.0000e+00   0.0000e+00   2.5150e+02
20191030_12:00:00   7.9015e-02   2.4596e+01   1.7009e+00   0.0000e+00   0.0000e+00   2.5132e+02
20191030_15:00:00   7.8984e-02   2.4586e+01   1.7013e+00   0.0000e+00   0.0000e+00   2.5195e+02
20191030_18:00:00   8.0316e-02   2.4935e+01   1.7293e+00   0.0000e+00   0.0000e+00   2.5393e+02
20191030_21:00:00   8.2853e-02   2.5586e+01   1.7851e+00   0.0000e+00   0.0000e+00   2.5545e+02
20191031_00:00:00   8.6638e-02   2.6519e+01   1.8758e+00   0.0000e+00   0.0000e+00   2.5397e+02
20191031_03:00:00   9.3367e-02   2.8197e+01   2.0296e+00   7.6900e-05   0.0000e+00   2.5341e+02
20191031_06:00:00   9.2794e-02   2.8036e+01   2.0265e+00   0.0000e+00   1.9138e-05   2.5284e+02
20191031_09:00:00   9.4044e-02   2.8359e+01   2.0430e+00   0.0000e+00   6.4265e-04   2.5373e+02
20191031_12:00:00   9.0387e-02   2.7473e+01   1.9493e+00   0.0000e+00   2.7834e-04   2.5370e+02
20191031_15:00:00   8.9132e-02   2.7177e+01   1.9104e+00   0.0000e+00   1.8952e-06   2.5680e+02
20191031_18:00:00   8.8970e-02   2.7100e+01   1.9109e+00   0.0000e+00   7.0763e-05   2.5884e+02
20191031_21:00:00   9.0321e-02   2.7410e+01   1.9542e+00   0.0000e+00   1.7465e-04   2.5996e+02
20191101_00:00:00   1.1896e-01   3.4461e+01   2.1390e+00   8.1840e-03   2.5022e-04   2.6258e+02
20191101_03:00:00   9.6772e-02   2.9069e+01   2.0909e+00   0.0000e+00   0.0000e+00   2.6067e+02
20191101_06:00:00   9.8746e-02   2.9511e+01   2.1407e+00   0.0000e+00   0.0000e+00   2.5971e+02
20191101_09:00:00   9.4747e-02   2.8494e+01   2.0579e+00   0.0000e+00   2.3500e-04   2.5922e+02
20191101_12:00:00   9.0954e-02   2.7522e+01   1.9792e+00   0.0000e+00   9.4716e-04   2.5679e+02
20191101_15:00:00   8.9552e-02   2.7127e+01   1.9599e+00   0.0000e+00   3.2084e-03   2.5623e+02
20191101_18:00:00   9.1344e-02   2.7544e+01   2.0046e+00   0.0000e+00   1.8884e-03   2.5651e+02
20191101_21:00:00   9.7920e-02   2.9152e+01   2.1643e+00   0.0000e+00   0.0000e+00   2.5752e+02
20191102_00:00:00   9.8668e-02   2.9452e+01   2.1519e+00   0.0000e+00   0.0000e+00   2.5906e+02
20191102_03:00:00   8.3743e-02   2.5892e+01   1.7794e+00   0.0000e+00   0.0000e+00   2.5617e+02
20191102_06:00:00   7.7871e-02   2.4479e+01   1.6265e+00   0.0000e+00   0.0000e+00   2.5365e+02
20191102_09:00:00   7.1393e-02   2.2857e+01   1.4695e+00   0.0000e+00   0.0000e+00   2.5533e+02
20191102_12:00:00   6.7730e-02   2.1903e+01   1.3877e+00   0.0000e+00   2.8004e-05   2.5260e+02
20191102_15:00:00   6.3721e-02   2.0913e+01   1.2909e+00   0.0000e+00   1.4380e-05   2.5327e+02
20191102_18:00:00   5.7960e-02   1.9466e+01   1.1502e+00   0.0000e+00   0.0000e+00   2.5343e+02
20191102_21:00:00   4.9970e-02   1.7477e+01   9.3534e-01   0.0000e+00   0.0000e+00   2.5355e+02
20191103_00:00:00   4.4934e-02   1.6193e+01   8.0548e-01   0.0000e+00   0.0000e+00   2.5434e+02
20191103_03:00:00   4.2287e-02   1.5533e+01   7.3252e-01   0.0000e+00   0.0000e+00   2.5220e+02
20191103_06:00:00   4.5606e-02   1.6389e+01   8.1423e-01   0.0000e+00   0.0000e+00   2.5210e+02
20191103_09:00:00   4.7431e-02   1.6852e+01   8.5965e-01   0.0000e+00   0.0000e+00   2.5350e+02
20191103_12:00:00   5.0249e-02   1.7589e+01   9.2300e-01   0.0000e+00   0.0000e+00   2.5186e+02
20191103_15:00:00   5.5557e-02   1.8957e+01   1.0506e+00   0.0000e+00   0.0000e+00   2.5271e+02
20191103_18:00:00   6.2514e-02   2.0709e+01   1.2239e+00   0.0000e+00   0.0000e+00   2.5338e+02
20191103_21:00:00   6.7971e-02   2.2085e+01   1.3484e+00   0.0000e+00   0.0000e+00   2.5399e+02
20191104_00:00:00   1.2689e-01   3.6251e+01   2.7612e+00   0.0000e+00   0.0000e+00   2.5466e+02
20191104_03:00:00   1.8107e-01   4.8491e+01   4.0088e+00   0.0000e+00   0.0000e+00   2.5283e+02
20191104_06:00:00   2.0418e-01   5.3527e+01   4.5075e+00   0.0000e+00   9.7850e-04   2.5368e+02
20191104_09:00:00   3.0938e-01   7.4940e+01   6.7515e+00   0.0000e+00   3.2407e-03   2.5536e+02
20191104_12:00:00   3.5283e-01   8.3380e+01   7.4774e+00   0.0000e+00   3.5282e-04   2.5306e+02
20191104_15:00:00   3.5898e-01   8.4553e+01   7.6152e+00   0.0000e+00   7.7019e-04   2.5069e+02
20191104_18:00:00   2.8425e-01   7.0345e+01   6.1086e+00   0.0000e+00   1.0588e-03   2.5120e+02
20191104_21:00:00   1.9223e-01   5.1176e+01   4.1608e+00   0.0000e+00   1.8328e-03   2.5221e+02
20191105_00:00:00   1.0848e-01   3.1821e+01   2.3673e+00   0.0000e+00   4.4563e-03   2.5125e+02
20191105_03:00:00   1.0111e-01   2.9965e+01   2.2419e+00   0.0000e+00   4.6265e-03   2.4934e+02
20191105_06:00:00   1.0097e-01   2.9929e+01   2.2417e+00   0.0000e+00   5.0177e-03   2.5072e+02
20191105_09:00:00   1.0931e-01   3.1916e+01   2.4423e+00   0.0000e+00   1.8426e-03   2.5244e+02
20191105_12:00:00   1.1105e-01   3.2260e+01   2.4986e+00   0.0000e+00   5.5674e-03   2.4911e+02
20191105_15:00:00   9.7431e-02   2.9046e+01   2.1687e+00   0.0000e+00   2.6934e-03   2.4764e+02
20191105_18:00:00   8.1965e-02   2.5214e+01   1.8244e+00   0.0000e+00   4.0160e-03   2.4906e+02
20191105_21:00:00   7.3474e-02   2.3107e+01   1.6287e+00   0.0000e+00   1.7792e-03   2.4983e+02
20191106_00:00:00   7.7121e-02   2.3915e+01   1.7502e+00   0.0000e+00   8.0746e-03   2.4778e+02
20191106_03:00:00   7.5297e-02   2.3392e+01   1.7192e+00   0.0000e+00   7.7132e-03   2.4665e+02
20191106_06:00:00   6.2220e-02   2.0253e+01   1.3560e+00   0.0000e+00   1.3740e-02   2.4968e+02
20191106_09:00:00   4.7715e-02   1.6732e+01   9.4344e-01   0.0000e+00   6.9281e-03   2.5203e+02
20191106_12:00:00   4.3504e-02   1.5746e+01   8.1339e-01   0.0000e+00   3.4040e-04   2.4849e+02
20191106_15:00:00   3.4941e-02   1.3580e+01   5.6943e-01   0.0000e+00   3.3379e-04   2.4991e+02
20191106_18:00:00   3.7133e-02   1.4161e+01   6.2665e-01   0.0000e+00   4.6433e-04   2.4988e+02
20191106_21:00:00   3.7990e-02   1.4354e+01   6.6208e-01   0.0000e+00   2.1688e-03   2.5048e+02
20191107_00:00:00   3.9655e-02   1.4797e+01   7.0712e-01   0.0000e+00   7.1020e-05   2.4966e+02
20191107_03:00:00   4.4707e-02   1.6108e+01   8.4218e-01   0.0000e+00   1.3899e-03   2.5183e+02
20191107_06:00:00   4.7806e-02   1.6874e+01   9.3090e-01   0.0000e+00   2.6698e-03   2.4956e+02
