#            date       tau225        Tb[K]      pwv[mm] lwp[kg*m^-2] iwp[kg*m^-2]       o3[DU]
20190728_00:00:00   9.3140e-02   2.8502e+01   2.0076e+00   0.0000e+00   0.0000e+00   2.6652e+02
20190728_01:00:00   9.6083e-02   2.9240e+01   2.0760e+00   0.0000e+00   0.0000e+00   2.6607e+02
20190728_02:00:00   1.0160e-01   3.0579e+01   2.2042e+00   0.0000e+00   0.0000e+00   2.6488e+02
20190728_03:00:00   1.0789e-01   3.2086e+01   2.3531e+00   0.0000e+00   0.0000e+00   2.6508e+02
20190728_04:00:00   1.0787e-01   3.2071e+01   2.3526e+00   0.0000e+00   0.0000e+00   2.6566e+02
20190728_05:00:00   1.0219e-01   3.0707e+01   2.2225e+00   0.0000e+00   0.0000e+00   2.6563e+02
20190728_06:00:00   9.9335e-02   3.0016e+01   2.1531e+00   0.0000e+00   0.0000e+00   2.6595e+02
20190728_07:00:00   9.9488e-02   3.0044e+01   2.1549e+00   0.0000e+00   0.0000e+00   2.6810e+02
20190728_08:00:00   1.0220e-01   3.0688e+01   2.2208e+00   0.0000e+00   0.0000e+00   2.6820e+02
20190728_09:00:00   1.0253e-01   3.0749e+01   2.2329e+00   0.0000e+00   0.0000e+00   2.6792e+02
20190728_10:00:00   1.0296e-01   3.0827e+01   2.2470e+00   0.0000e+00   0.0000e+00   2.6680e+02
20190728_11:00:00   1.0296e-01   3.0805e+01   2.2473e+00   0.0000e+00   0.0000e+00   2.6633e+02
20190728_12:00:00   1.0146e-01   3.0425e+01   2.2131e+00   0.0000e+00   0.0000e+00   2.6796e+02
20190728_13:00:00   1.0011e-01   3.0092e+01   2.1840e+00   0.0000e+00   0.0000e+00   2.6834e+02
20190728_14:00:00   9.9856e-02   3.0019e+01   2.1815e+00   0.0000e+00   0.0000e+00   2.6942e+02
20190728_15:00:00   1.0024e-01   3.0104e+01   2.1936e+00   0.0000e+00   0.0000e+00   2.7122e+02
20190728_16:00:00   1.0052e-01   3.0158e+01   2.2022e+00   0.0000e+00   0.0000e+00   2.7060e+02
20190728_17:00:00   1.0290e-01   3.0721e+01   2.2590e+00   0.0000e+00   0.0000e+00   2.7025e+02
20190728_18:00:00   1.0396e-01   3.0970e+01   2.2873e+00   0.0000e+00   0.0000e+00   2.7048e+02
20190728_19:00:00   1.0395e-01   3.0964e+01   2.2910e+00   0.0000e+00   0.0000e+00   2.7109e+02
20190728_20:00:00   1.0441e-01   3.1081e+01   2.3057e+00   0.0000e+00   0.0000e+00   2.7225e+02
20190728_21:00:00   1.0597e-01   3.1441e+01   2.3431e+00   0.0000e+00   0.0000e+00   2.7385e+02
20190728_22:00:00   1.0541e-01   3.1293e+01   2.3368e+00   0.0000e+00   0.0000e+00   2.7382e+02
20190728_23:00:00   1.0526e-01   3.1266e+01   2.3374e+00   0.0000e+00   0.0000e+00   2.7175e+02
20190729_00:00:00   1.0719e-01   3.1735e+01   2.3747e+00   8.7960e-05   0.0000e+00   2.6931e+02
20190729_01:00:00   1.1054e-01   3.2521e+01   2.4508e+00   2.5930e-04   0.0000e+00   2.7069e+02
20190729_02:00:00   1.1364e-01   3.3257e+01   2.5054e+00   6.8630e-04   0.0000e+00   2.7003e+02
20190729_03:00:00   1.1363e-01   3.3242e+01   2.5463e+00   0.0000e+00   0.0000e+00   2.6921e+02
20190729_04:00:00   1.1505e-01   3.3585e+01   2.5756e+00   0.0000e+00   0.0000e+00   2.6820e+02
20190729_05:00:00   1.1595e-01   3.3802e+01   2.5960e+00   0.0000e+00   0.0000e+00   2.6702e+02
20190729_06:00:00   1.1701e-01   3.4040e+01   2.6223e+00   0.0000e+00   0.0000e+00   2.6916e+02
20190729_07:00:00   1.1822e-01   3.4323e+01   2.6471e+00   0.0000e+00   0.0000e+00   2.6910e+02
20190729_08:00:00   1.1914e-01   3.4532e+01   2.6672e+00   0.0000e+00   0.0000e+00   2.7098e+02
20190729_09:00:00   1.1700e-01   3.4002e+01   2.6223e+00   0.0000e+00   0.0000e+00   2.7401e+02
20190729_10:00:00   1.1585e-01   3.3733e+01   2.5937e+00   0.0000e+00   0.0000e+00   2.7351e+02
20190729_11:00:00   1.1497e-01   3.3517e+01   2.5815e+00   0.0000e+00   0.0000e+00   2.7316e+02
20190729_12:00:00   1.1654e-01   3.3876e+01   2.6185e+00   0.0000e+00   0.0000e+00   2.7162e+02
20190729_13:00:00   1.1785e-01   3.4179e+01   2.6497e+00   0.0000e+00   0.0000e+00   2.7195e+02
20190729_14:00:00   1.1800e-01   3.4193e+01   2.6557e+00   0.0000e+00   0.0000e+00   2.7208e+02
20190729_15:00:00   1.1885e-01   3.4377e+01   2.6790e+00   0.0000e+00   0.0000e+00   2.7170e+02
20190729_16:00:00   1.1945e-01   3.4510e+01   2.6982e+00   0.0000e+00   0.0000e+00   2.7063e+02
20190729_17:00:00   1.2265e-01   3.5274e+01   2.7664e+00   0.0000e+00   0.0000e+00   2.7168e+02
20190729_18:00:00   1.2530e-01   3.5912e+01   2.8240e+00   0.0000e+00   0.0000e+00   2.7105e+02
20190729_19:00:00   1.2662e-01   3.6228e+01   2.8516e+00   0.0000e+00   0.0000e+00   2.7247e+02
20190729_20:00:00   1.2663e-01   3.6239e+01   2.8536e+00   0.0000e+00   0.0000e+00   2.7395e+02
20190729_21:00:00   1.2545e-01   3.5968e+01   2.8214e+00   0.0000e+00   0.0000e+00   2.7364e+02
20190729_22:00:00   1.2553e-01   3.6012e+01   2.8126e+00   0.0000e+00   0.0000e+00   2.7277e+02
20190729_23:00:00   1.2714e-01   3.6419e+01   2.8351e+00   8.7000e-05   0.0000e+00   2.7104e+02
20190730_00:00:00   1.7122e-01   4.6823e+01   2.8634e+00   1.7160e-02   0.0000e+00   2.6816e+02
20190730_01:00:00   2.1856e-01   5.7490e+01   2.9207e+00   3.4956e-02   0.0000e+00   2.6691e+02
20190730_02:00:00   2.7606e-01   6.9725e+01   3.0545e+00   5.5381e-02   0.0000e+00   2.6571e+02
20190730_03:00:00   1.4684e-01   4.1215e+01   2.9135e+00   6.2657e-03   0.0000e+00   2.6486e+02
20190730_04:00:00   1.3558e-01   3.8543e+01   2.9545e+00   1.0160e-03   0.0000e+00   2.6537e+02
20190730_05:00:00   1.6724e-01   4.5954e+01   3.1633e+00   9.7910e-03   0.0000e+00   2.6417e+02
20190730_06:00:00   1.6604e-01   4.5601e+01   3.4060e+00   4.8810e-03   0.0000e+00   2.6174e+02
20190730_07:00:00   1.7412e-01   4.7428e+01   3.4372e+00   7.6994e-03   0.0000e+00   2.6092e+02
20190730_08:00:00   1.6970e-01   4.6413e+01   3.4663e+00   5.4670e-03   0.0000e+00   2.6237e+02
20190730_09:00:00   1.4374e-01   4.0377e+01   3.2164e+00   2.4540e-05   0.0000e+00   2.6250e+02
20190730_10:00:00   1.3663e-01   3.8700e+01   3.0693e+00   0.0000e+00   0.0000e+00   2.6419e+02
20190730_11:00:00   1.3456e-01   3.8164e+01   3.0383e+00   0.0000e+00   0.0000e+00   2.6545e+02
20190730_12:00:00   1.3539e-01   3.8323e+01   3.0648e+00   0.0000e+00   0.0000e+00   2.6720e+02
20190730_13:00:00   1.3714e-01   3.8692e+01   3.1191e+00   0.0000e+00   0.0000e+00   2.6612e+02
20190730_14:00:00   1.3736e-01   3.8703e+01   3.1398e+00   0.0000e+00   0.0000e+00   2.6557e+02
20190730_15:00:00   1.3392e-01   3.7896e+01   3.0636e+00   0.0000e+00   0.0000e+00   2.6581e+02
20190730_16:00:00   1.2945e-01   3.6840e+01   2.9669e+00   0.0000e+00   0.0000e+00   2.6655e+02
20190730_17:00:00   1.2777e-01   3.6432e+01   2.9378e+00   6.7390e-06   0.0000e+00   2.6578e+02
20190730_18:00:00   1.2762e-01   3.6398e+01   2.9433e+00   0.0000e+00   0.0000e+00   2.6729e+02
20190730_19:00:00   1.3067e-01   3.7112e+01   3.0132e+00   0.0000e+00   7.1501e-04   2.6822e+02
20190730_20:00:00   1.3839e-01   3.8947e+01   3.1734e+00   0.0000e+00   2.5162e-04   2.6880e+02
20190730_21:00:00   1.4821e-01   4.1278e+01   3.3740e+00   0.0000e+00   2.5260e-06   2.6869e+02
20190730_22:00:00   1.8681e-01   5.0206e+01   3.4511e+00   1.4120e-02   1.1445e-04   2.6991e+02
20190730_23:00:00   1.7780e-01   4.8153e+01   3.4332e+00   1.0890e-02   2.2857e-04   2.6807e+02
20190731_00:00:00   1.4569e-01   4.0678e+01   3.3329e+00   0.0000e+00   5.3758e-03   2.6582e+02
20190731_01:00:00   1.3797e-01   3.8879e+01   3.1708e+00   0.0000e+00   5.6442e-03   2.6592e+02
20190731_02:00:00   1.3701e-01   3.8593e+01   3.1754e+00   0.0000e+00   5.0968e-03   2.6695e+02
20190731_03:00:00   1.4264e-01   3.9850e+01   3.3229e+00   0.0000e+00   5.4020e-03   2.6904e+02
20190731_04:00:00   1.4499e-01   4.0385e+01   3.3852e+00   0.0000e+00   5.5238e-03   2.6840e+02
20190731_05:00:00   1.4587e-01   4.0607e+01   3.4083e+00   0.0000e+00   1.2329e-03   2.6845e+02
20190731_06:00:00   1.4767e-01   4.1005e+01   3.4584e+00   6.4930e-05   5.9322e-03   2.6756e+02
20190731_07:00:00   1.5315e-01   4.2339e+01   3.5440e+00   2.7870e-04   6.5620e-03   2.6762e+02
20190731_08:00:00   1.6309e-01   4.4716e+01   3.7299e+00   3.7222e-04   2.2043e-03   2.6784e+02
20190731_09:00:00   1.6989e-01   4.6296e+01   3.8674e+00   1.1390e-04   1.5224e-03   2.6824e+02
20190731_10:00:00   1.7326e-01   4.7068e+01   3.9260e+00   0.0000e+00   1.9283e-04   2.6662e+02
20190731_11:00:00   1.7712e-01   4.7930e+01   3.9939e+00   0.0000e+00   3.8344e-05   2.6509e+02
20190731_12:00:00   1.7399e-01   4.7185e+01   3.9531e+00   0.0000e+00   0.0000e+00   2.6514e+02
20190731_13:00:00   1.6706e-01   4.5591e+01   3.8312e+00   0.0000e+00   0.0000e+00   2.6475e+02
20190731_14:00:00   1.6962e-01   4.6208e+01   3.8708e+00   0.0000e+00   0.0000e+00   2.6472e+02
20190731_15:00:00   1.7195e-01   4.6731e+01   3.9300e+00   0.0000e+00   0.0000e+00   2.6267e+02
20190731_16:00:00   1.7979e-01   4.8472e+01   4.0997e+00   0.0000e+00   0.0000e+00   2.6207e+02
20190731_17:00:00   1.8010e-01   4.8553e+01   4.1125e+00   0.0000e+00   0.0000e+00   2.6108e+02
20190731_18:00:00   1.7880e-01   4.8249e+01   4.1000e+00   0.0000e+00   0.0000e+00   2.6213e+02
20190731_19:00:00   1.7658e-01   4.7775e+01   4.0459e+00   0.0000e+00   0.0000e+00   2.6344e+02
20190731_20:00:00   1.7700e-01   4.7830e+01   4.0785e+00   0.0000e+00   0.0000e+00   2.6282e+02
20190731_21:00:00   1.8372e-01   4.9279e+01   4.2507e+00   0.0000e+00   0.0000e+00   2.6357e+02
20190731_22:00:00   1.8719e-01   5.0006e+01   4.3465e+00   0.0000e+00   0.0000e+00   2.6468e+02
20190731_23:00:00   1.9039e-01   5.0663e+01   4.4143e+00   4.2690e-04   2.4778e-05   2.6426e+02
20190801_00:00:00   1.9372e-01   5.1408e+01   4.4512e+00   1.1800e-03   0.0000e+00   2.6419e+02
20190801_01:00:00   1.9519e-01   5.1779e+01   4.4534e+00   1.7460e-03   0.0000e+00   2.6306e+02
20190801_02:00:00   1.8666e-01   4.9875e+01   4.3205e+00   1.1530e-03   0.0000e+00   2.6226e+02
20190801_03:00:00   1.7737e-01   4.7751e+01   4.1976e+00   0.0000e+00   0.0000e+00   2.6372e+02
20190801_04:00:00   1.7431e-01   4.7084e+01   4.1257e+00   0.0000e+00   0.0000e+00   2.6431e+02
20190801_05:00:00   1.7240e-01   4.6689e+01   4.0788e+00   2.7350e-05   0.0000e+00   2.6299e+02
20190801_06:00:00   1.7188e-01   4.6634e+01   4.0493e+00   9.6340e-05   0.0000e+00   2.6276e+02
20190801_07:00:00   1.6803e-01   4.5809e+01   3.9529e+00   7.0290e-06   0.0000e+00   2.6282e+02
20190801_08:00:00   1.6350e-01   4.4784e+01   3.8470e+00   0.0000e+00   0.0000e+00   2.6367e+02
20190801_09:00:00   1.6405e-01   4.4905e+01   3.8572e+00   0.0000e+00   0.0000e+00   2.6332e+02
20190801_10:00:00   1.6056e-01   4.4132e+01   3.7656e+00   0.0000e+00   0.0000e+00   2.6314e+02
20190801_11:00:00   1.5815e-01   4.3595e+01   3.7017e+00   0.0000e+00   0.0000e+00   2.6340e+02
20190801_12:00:00   1.5537e-01   4.2966e+01   3.6324e+00   0.0000e+00   0.0000e+00   2.6348e+02
20190801_13:00:00   1.4985e-01   4.1704e+01   3.5034e+00   0.0000e+00   0.0000e+00   2.6448e+02
20190801_14:00:00   1.4475e-01   4.0551e+01   3.3711e+00   0.0000e+00   0.0000e+00   2.6551e+02
20190801_15:00:00   1.4408e-01   4.0395e+01   3.3464e+00   0.0000e+00   0.0000e+00   2.6467e+02
20190801_16:00:00   1.4559e-01   4.0741e+01   3.3806e+00   0.0000e+00   0.0000e+00   2.6431e+02
20190801_17:00:00   1.4229e-01   3.9969e+01   3.3048e+00   0.0000e+00   0.0000e+00   2.6405e+02
20190801_18:00:00   1.3639e-01   3.8568e+01   3.1732e+00   0.0000e+00   0.0000e+00   2.6293e+02
20190801_19:00:00   1.3371e-01   3.7940e+01   3.1135e+00   0.0000e+00   0.0000e+00   2.6383e+02
20190801_20:00:00   1.4146e-01   3.9804e+01   3.2760e+00   0.0000e+00   0.0000e+00   2.6536e+02
20190801_21:00:00   1.5168e-01   4.2229e+01   3.4843e+00   0.0000e+00   0.0000e+00   2.6512e+02
20190801_22:00:00   1.5528e-01   4.3069e+01   3.5590e+00   0.0000e+00   0.0000e+00   2.6394e+02
20190801_23:00:00   1.6370e-01   4.5033e+01   3.7241e+00   0.0000e+00   6.3180e-07   2.6393e+02
20190802_00:00:00   1.7145e-01   4.6831e+01   3.8823e+00   0.0000e+00   2.0680e-05   2.6426e+02
20190802_03:00:00   2.6289e-01   6.6815e+01   5.6587e+00   7.4780e-04   1.1300e-05   2.6506e+02
20190802_06:00:00   3.2579e-01   7.9497e+01   6.7234e+00   3.5707e-03   0.0000e+00   2.6862e+02
20190802_09:00:00   4.5438e-01   1.0336e+02   7.5334e+00   3.7561e-02   3.3995e-06   2.6923e+02
20190802_12:00:00   6.6639e-01   1.3613e+02   7.4559e+00   1.2508e-01   1.7038e-03   2.6798e+02
20190802_15:00:00   1.3872e+00   2.0782e+02   8.5084e+00   3.9370e-01   5.7908e-04   2.6630e+02
20190802_18:00:00   4.5434e-01   1.0270e+02   8.7467e+00   1.2738e-02   5.8616e-05   2.6630e+02
20190802_21:00:00   5.5688e-01   1.1931e+02   9.4723e+00   4.0946e-02   1.0446e-03   2.6355e+02
20190803_00:00:00   9.1045e-01   1.6517e+02   1.1047e+01   1.5715e-01   3.4295e-03   2.6361e+02
20190803_03:00:00   7.2045e-01   1.4175e+02   1.1239e+01   7.9879e-02   1.2941e-03   2.6471e+02
20190803_06:00:00   4.9634e-01   1.0888e+02   1.0419e+01   4.4043e-03   1.6871e-03   2.6435e+02
20190803_09:00:00   4.4491e-01   1.0037e+02   9.5854e+00   0.0000e+00   4.7058e-04   2.6424e+02
20190803_12:00:00   3.8921e-01   9.0416e+01   8.5158e+00   0.0000e+00   1.3095e-05   2.6399e+02
20190803_15:00:00   3.7968e-01   8.8635e+01   8.2879e+00   0.0000e+00   8.4245e-04   2.6606e+02
20190803_18:00:00   3.6463e-01   8.5937e+01   7.9631e+00   0.0000e+00   1.5437e-04   2.6537e+02
20190803_21:00:00   3.7168e-01   8.7231e+01   8.1450e+00   0.0000e+00   0.0000e+00   2.6490e+02
20190804_00:00:00   3.7762e-01   8.8271e+01   8.2876e+00   0.0000e+00   1.0561e-04   2.6258e+02
20190804_03:00:00   3.7586e-01   8.7893e+01   8.2275e+00   1.2139e-03   2.6941e-05   2.6307e+02
20190804_06:00:00   3.5249e-01   8.3586e+01   7.7916e+00   0.0000e+00   7.4780e-05   2.6337e+02
20190804_09:00:00   3.3104e-01   7.9534e+01   7.3681e+00   0.0000e+00   0.0000e+00   2.6553e+02
20190804_12:00:00   2.9421e-01   7.2320e+01   6.6431e+00   0.0000e+00   0.0000e+00   2.6610e+02
20190804_15:00:00   2.7249e-01   6.7940e+01   6.1957e+00   0.0000e+00   0.0000e+00   2.6729e+02
20190804_18:00:00   2.9725e-01   7.2900e+01   6.7014e+00   0.0000e+00   0.0000e+00   2.6977e+02
20190804_21:00:00   3.3039e-01   7.9311e+01   7.4343e+00   0.0000e+00   0.0000e+00   2.6874e+02
20190805_00:00:00   3.2007e-01   7.7507e+01   7.2340e+00   5.0840e-04   5.5060e-05   2.6699e+02
20190805_03:00:00   3.3513e-01   8.0282e+01   7.5246e+00   5.0270e-04   6.6740e-06   2.6546e+02
20190805_06:00:00   3.0081e-01   7.3842e+01   6.7774e+00   0.0000e+00   5.4586e-07   2.6700e+02
20190805_09:00:00   3.2739e-01   7.9227e+01   7.1779e+00   1.7690e-05   1.6679e-05   2.6831e+02
20190805_12:00:00   3.5424e-01   8.4217e+01   7.7290e+00   0.0000e+00   2.4440e-05   2.6875e+02
20190805_15:00:00   3.6963e-01   8.7153e+01   7.9677e+00   0.0000e+00   4.8995e-04   2.7073e+02
20190805_18:00:00   3.6650e-01   8.6443e+01   8.0273e+00   0.0000e+00   2.5060e-04   2.7060e+02
20190805_21:00:00   3.5411e-01   8.4428e+01   7.6516e+00   8.6240e-05   3.5460e-04   2.6916e+02
20190806_00:00:00   3.8782e-01   9.0863e+01   8.1869e+00   7.5169e-04   1.8680e-05   2.6767e+02
20190806_03:00:00   4.3666e-01   9.9619e+01   8.9846e+00   3.6626e-03   1.2459e-02   2.6869e+02
20190806_06:00:00   5.8077e-01   1.2315e+02   9.5444e+00   5.1211e-02   9.2404e-03   2.6865e+02
20190806_09:00:00   1.6841e+00   2.2448e+02   1.0294e+01   4.8383e-01   1.3445e-02   2.6953e+02
20190806_12:00:00   1.8770e+00   2.3222e+02   1.1252e+01   5.5371e-01   3.0647e-02   2.6706e+02
20190806_15:00:00   7.6399e-01   1.4713e+02   1.1303e+01   9.3865e-02   6.3400e-02   2.6594e+02
20190806_18:00:00   6.5289e-01   1.3214e+02   1.1495e+01   4.7900e-02   7.9591e-02   2.6476e+02
20190806_21:00:00   5.6643e-01   1.1958e+02   1.1624e+01   8.6001e-03   5.5366e-02   2.6600e+02
20190807_00:00:00   5.2425e-01   1.1304e+02   1.1209e+01   1.3764e-04   7.6973e-02   2.6647e+02
20190807_03:00:00   4.9206e-01   1.0789e+02   1.0649e+01   0.0000e+00   1.6817e-02   2.6572e+02
20190807_06:00:00   4.4819e-01   1.0069e+02   9.7499e+00   0.0000e+00   1.5274e-03   2.6812e+02
20190807_09:00:00   4.1274e-01   9.4419e+01   9.1028e+00   0.0000e+00   5.3127e-04   2.6870e+02
20190807_12:00:00   3.8901e-01   8.9889e+01   8.6839e+00   0.0000e+00   4.3417e-03   2.7094e+02
20190807_15:00:00   3.9155e-01   9.0277e+01   8.7281e+00   0.0000e+00   6.8018e-03   2.7036e+02
20190807_18:00:00   3.5165e-01   8.3065e+01   7.9056e+00   0.0000e+00   1.0078e-02   2.7055e+02
20190807_21:00:00   3.2982e-01   7.9059e+01   7.4670e+00   0.0000e+00   1.5076e-03   2.7073e+02
20190808_00:00:00   3.4716e-01   8.2439e+01   7.8185e+00   0.0000e+00   3.7696e-04   2.6575e+02
20190808_03:00:00   3.4590e-01   8.2302e+01   7.7734e+00   0.0000e+00   4.4102e-04   2.6491e+02
20190808_06:00:00   3.3103e-01   7.9412e+01   7.4872e+00   0.0000e+00   1.1829e-03   2.6788e+02
20190808_09:00:00   3.6616e-01   8.6086e+01   8.1139e+00   0.0000e+00   7.7483e-04   2.6934e+02
20190808_12:00:00   4.0715e-01   9.3613e+01   8.8129e+00   0.0000e+00   4.6662e-03   2.6799e+02
20190808_15:00:00   3.8241e-01   8.9363e+01   8.2546e+00   0.0000e+00   1.5832e-04   2.6689e+02
20190808_18:00:00   3.4748e-01   8.3039e+01   7.4759e+00   0.0000e+00   2.7711e-03   2.6490e+02
20190808_21:00:00   3.2401e-01   7.8669e+01   6.9479e+00   0.0000e+00   8.8671e-05   2.6535e+02
20190809_00:00:00   3.2888e-01   7.9529e+01   7.0773e+00   0.0000e+00   5.3743e-03   2.6712e+02
20190809_03:00:00   3.1429e-01   7.6778e+01   6.8028e+00   0.0000e+00   4.1932e-04   2.6797e+02
20190809_06:00:00   2.7529e-01   6.9085e+01   5.9766e+00   0.0000e+00   2.8460e-04   2.6917e+02
20190809_09:00:00   2.6454e-01   6.6798e+01   5.7902e+00   0.0000e+00   0.0000e+00   2.7017e+02
20190809_12:00:00   2.5975e-01   6.5703e+01   5.7250e+00   0.0000e+00   1.1223e-05   2.6960e+02
20190809_15:00:00   2.1182e-01   5.5728e+01   4.6599e+00   0.0000e+00   8.6020e-05   2.6563e+02
20190809_18:00:00   1.3845e-01   3.9373e+01   2.9928e+00   0.0000e+00   2.4183e-03   2.6902e+02
20190809_21:00:00   8.2903e-02   2.5964e+01   1.7401e+00   0.0000e+00   1.0542e-03   2.6980e+02
20190810_00:00:00   8.4557e-02   2.6420e+01   1.7567e+00   0.0000e+00   4.1534e-03   2.7120e+02
20190810_03:00:00   7.8628e-02   2.4984e+01   1.6051e+00   0.0000e+00   4.2118e-03   2.7204e+02
20190810_06:00:00   5.8321e-02   1.9827e+01   1.1290e+00   0.0000e+00   5.6000e-04   2.7295e+02
20190810_09:00:00   5.2546e-02   1.8330e+01   9.8366e-01   0.0000e+00   0.0000e+00   2.7405e+02
20190810_12:00:00   4.7984e-02   1.7113e+01   8.7726e-01   0.0000e+00   0.0000e+00   2.7490e+02
20190810_15:00:00   4.6045e-02   1.6598e+01   8.3629e-01   0.0000e+00   7.4400e-06   2.7255e+02
20190810_18:00:00   4.9995e-02   1.7613e+01   9.4681e-01   0.0000e+00   2.4480e-05   2.7502e+02
20190810_21:00:00   5.1436e-02   1.7935e+01   9.9716e-01   0.0000e+00   3.7080e-05   2.7475e+02
20190811_00:00:00   6.8258e-02   2.2270e+01   1.3976e+00   0.0000e+00   1.0360e-05   2.7252e+02
20190811_03:00:00   7.9041e-02   2.4950e+01   1.6753e+00   0.0000e+00   2.8280e-05   2.7310e+02
20190811_06:00:00   7.5993e-02   2.4157e+01   1.6145e+00   0.0000e+00   6.4100e-04   2.7376e+02
20190811_09:00:00   8.0440e-02   2.5218e+01   1.7290e+00   0.0000e+00   2.8314e-03   2.7296e+02
20190811_12:00:00   8.0264e-02   2.5136e+01   1.7330e+00   0.0000e+00   7.5441e-05   2.7344e+02
20190811_15:00:00   8.2208e-02   2.5604e+01   1.7765e+00   0.0000e+00   0.0000e+00   2.7178e+02
20190811_18:00:00   9.1962e-02   2.7932e+01   2.0269e+00   0.0000e+00   3.3680e-04   2.6962e+02
20190811_21:00:00   1.1294e-01   3.2970e+01   2.5328e+00   0.0000e+00   0.0000e+00   2.7097e+02
20190812_00:00:00   1.2159e-01   3.5043e+01   2.7369e+00   0.0000e+00   0.0000e+00   2.6925e+02
20190812_03:00:00   1.2635e-01   3.6218e+01   2.8321e+00   0.0000e+00   1.2634e-06   2.6945e+02
20190812_06:00:00   1.4255e-01   3.9985e+01   3.2042e+00   0.0000e+00   1.9568e-04   2.7034e+02
20190812_09:00:00   1.3491e-01   3.8148e+01   3.0398e+00   0.0000e+00   2.9718e-04   2.7193e+02
20190812_12:00:00   1.2754e-01   3.6325e+01   2.8900e+00   0.0000e+00   4.5629e-04   2.7284e+02
20190812_15:00:00   1.2041e-01   3.4525e+01   2.7612e+00   0.0000e+00   4.3073e-04   2.7181e+02
20190812_18:00:00   1.1829e-01   3.3990e+01   2.7358e+00   0.0000e+00   0.0000e+00   2.7265e+02
20190812_21:00:00   1.2392e-01   3.5304e+01   2.8784e+00   0.0000e+00   9.4943e-05   2.7320e+02
20190813_00:00:00   1.3111e-01   3.7010e+01   3.0355e+00   0.0000e+00   1.2004e-03   2.7389e+02
