#            date       tau225        Tb[K]      pwv[mm] lwp[kg*m^-2] iwp[kg*m^-2]       o3[DU]
20191019_12:00:00   5.4214e-02   1.8110e+01   1.1743e+00   0.0000e+00   8.8671e-03   2.5664e+02
20191019_13:00:00   6.4812e-02   2.0827e+01   1.4377e+00   0.0000e+00   1.4100e-02   2.5656e+02
20191019_14:00:00   7.2716e-02   2.2818e+01   1.6323e+00   0.0000e+00   1.4447e-02   2.5572e+02
20191019_15:00:00   8.0061e-02   2.4637e+01   1.8140e+00   0.0000e+00   1.6782e-02   2.5545e+02
20191019_16:00:00   8.6664e-02   2.6256e+01   1.9699e+00   0.0000e+00   2.8355e-02   2.5537e+02
20191019_17:00:00   9.7508e-02   2.8917e+01   2.2372e+00   0.0000e+00   2.2412e-02   2.5596e+02
20191019_18:00:00   1.0481e-01   3.0694e+01   2.4116e+00   0.0000e+00   2.4213e-02   2.5565e+02
20191019_19:00:00   1.1241e-01   3.2532e+01   2.5793e+00   0.0000e+00   3.1036e-02   2.5538e+02
20191019_20:00:00   1.1480e-01   3.3135e+01   2.6393e+00   0.0000e+00   1.1583e-02   2.5615e+02
20191019_21:00:00   1.1345e-01   3.2830e+01   2.6069e+00   0.0000e+00   4.5010e-03   2.5563e+02
20191019_22:00:00   1.1480e-01   3.3163e+01   2.6354e+00   0.0000e+00   2.2819e-03   2.5347e+02
20191019_23:00:00   1.1378e-01   3.2897e+01   2.6166e+00   0.0000e+00   4.4027e-03   2.5094e+02
20191020_00:00:00   1.1761e-01   3.3749e+01   2.7138e+00   0.0000e+00   1.8620e-02   2.4953e+02
20191020_01:00:00   1.2087e-01   3.4449e+01   2.7911e+00   0.0000e+00   5.9614e-02   2.4905e+02
20191020_02:00:00   1.2476e-01   3.5347e+01   2.9072e+00   0.0000e+00   3.1994e-02   2.4824e+02
20191020_03:00:00   1.1842e-01   3.3913e+01   2.7493e+00   0.0000e+00   2.4546e-02   2.4952e+02
20191020_04:00:00   1.1633e-01   3.3419e+01   2.6953e+00   8.8120e-05   1.4540e-02   2.5060e+02
20191020_05:00:00   1.1770e-01   3.3683e+01   2.7405e+00   8.8900e-05   1.8822e-02   2.5089e+02
20191020_06:00:00   1.1858e-01   3.3815e+01   2.7829e+00   0.0000e+00   1.9132e-02   2.5139e+02
20191020_07:00:00   1.1919e-01   3.3938e+01   2.8040e+00   0.0000e+00   1.3431e-02   2.5101e+02
20191020_08:00:00   1.1894e-01   3.3858e+01   2.8001e+00   0.0000e+00   7.5461e-03   2.5075e+02
20191020_09:00:00   1.1809e-01   3.3643e+01   2.7796e+00   0.0000e+00   7.9160e-03   2.5051e+02
20191020_10:00:00   1.1943e-01   3.3879e+01   2.8239e+00   0.0000e+00   2.1765e-02   2.4997e+02
20191020_11:00:00   1.2143e-01   3.4272e+01   2.8896e+00   0.0000e+00   2.3581e-02   2.5095e+02
20191020_12:00:00   1.2312e-01   3.4597e+01   2.9499e+00   0.0000e+00   1.7796e-02   2.5063e+02
20191020_13:00:00   1.2008e-01   3.3866e+01   2.8866e+00   0.0000e+00   8.4603e-03   2.5024e+02
20191020_14:00:00   1.1942e-01   3.3676e+01   2.8828e+00   0.0000e+00   4.5158e-03   2.5047e+02
20191020_15:00:00   1.2046e-01   3.3894e+01   2.9112e+00   0.0000e+00   1.1081e-02   2.5028e+02
20191020_16:00:00   1.2403e-01   3.4719e+01   3.0011e+00   0.0000e+00   1.3790e-02   2.4944e+02
20191020_17:00:00   1.2527e-01   3.4998e+01   3.0358e+00   0.0000e+00   1.2883e-02   2.5056e+02
20191020_18:00:00   1.2626e-01   3.5227e+01   3.0636e+00   0.0000e+00   1.1607e-02   2.5123e+02
20191020_19:00:00   1.2691e-01   3.5396e+01   3.0820e+00   0.0000e+00   5.8614e-03   2.5219e+02
20191020_20:00:00   1.2555e-01   3.5095e+01   3.0476e+00   0.0000e+00   4.4621e-03   2.5161e+02
20191020_21:00:00   1.2383e-01   3.4655e+01   3.0182e+00   0.0000e+00   2.6252e-03   2.5174e+02
20191020_22:00:00   1.2403e-01   3.4689e+01   3.0250e+00   0.0000e+00   2.7031e-03   2.5122e+02
20191020_23:00:00   1.2452e-01   3.4792e+01   3.0429e+00   0.0000e+00   1.4862e-03   2.5071e+02
20191021_00:00:00   1.2821e-01   3.5672e+01   3.1332e+00   0.0000e+00   2.7251e-03   2.5007e+02
20191021_01:00:00   1.3406e-01   3.7070e+01   3.2691e+00   0.0000e+00   2.9094e-03   2.5008e+02
20191021_02:00:00   1.3688e-01   3.7720e+01   3.3402e+00   0.0000e+00   1.5042e-03   2.5156e+02
20191021_03:00:00   1.3821e-01   3.8068e+01   3.3643e+00   0.0000e+00   1.1213e-03   2.5219e+02
20191021_04:00:00   1.3362e-01   3.6996e+01   3.2557e+00   0.0000e+00   5.4749e-04   2.5219e+02
20191021_05:00:00   1.3062e-01   3.6272e+01   3.1846e+00   0.0000e+00   1.7605e-04   2.5232e+02
20191021_06:00:00   1.2751e-01   3.5578e+01   3.1006e+00   0.0000e+00   3.9973e-05   2.5358e+02
20191021_07:00:00   1.2473e-01   3.4946e+01   3.0260e+00   0.0000e+00   6.5417e-06   2.5352e+02
20191021_08:00:00   1.2594e-01   3.5245e+01   3.0489e+00   0.0000e+00   0.0000e+00   2.5236e+02
20191021_09:00:00   1.2981e-01   3.6166e+01   3.1407e+00   0.0000e+00   2.6272e-06   2.5243e+02
20191021_10:00:00   1.3704e-01   3.7856e+01   3.3157e+00   0.0000e+00   3.4183e-04   2.5198e+02
20191021_11:00:00   1.4543e-01   3.9801e+01   3.5195e+00   0.0000e+00   5.5104e-05   2.5002e+02
20191021_12:00:00   1.4860e-01   4.0554e+01   3.5916e+00   0.0000e+00   0.0000e+00   2.4964e+02
20191021_13:00:00   1.4704e-01   4.0157e+01   3.5659e+00   0.0000e+00   0.0000e+00   2.4984e+02
20191021_14:00:00   1.4342e-01   3.9286e+01   3.4867e+00   0.0000e+00   0.0000e+00   2.4928e+02
20191021_15:00:00   1.4111e-01   3.8772e+01   3.4288e+00   0.0000e+00   0.0000e+00   2.4878e+02
20191021_16:00:00   1.3911e-01   3.8345e+01   3.3736e+00   0.0000e+00   0.0000e+00   2.4898e+02
20191021_17:00:00   1.3798e-01   3.8102e+01   3.3462e+00   0.0000e+00   0.0000e+00   2.4851e+02
20191021_18:00:00   1.4013e-01   3.8587e+01   3.4065e+00   0.0000e+00   0.0000e+00   2.4708e+02
20191021_19:00:00   1.3761e-01   3.8024e+01   3.3453e+00   0.0000e+00   0.0000e+00   2.4704e+02
20191021_20:00:00   1.4216e-01   3.9097e+01   3.4558e+00   0.0000e+00   5.5060e-06   2.4788e+02
20191021_21:00:00   1.4800e-01   4.0530e+01   3.5815e+00   0.0000e+00   8.8270e-04   2.4802e+02
20191021_22:00:00   1.5640e-01   4.2481e+01   3.7858e+00   0.0000e+00   9.2840e-04   2.4767e+02
20191021_23:00:00   1.6408e-01   4.4228e+01   3.9764e+00   0.0000e+00   1.9358e-03   2.4809e+02
20191022_00:00:00   1.7083e-01   4.5763e+01   4.0320e+00   1.8210e-03   1.9429e-03   2.4696e+02
20191022_01:00:00   1.6831e-01   4.5175e+01   4.0058e+00   1.3100e-03   1.3093e-03   2.4629e+02
20191022_02:00:00   1.6228e-01   4.3767e+01   3.9491e+00   0.0000e+00   1.8623e-03   2.4659e+02
20191022_03:00:00   1.5925e-01   4.3085e+01   3.8725e+00   0.0000e+00   1.4646e-03   2.4794e+02
20191022_04:00:00   1.5842e-01   4.2919e+01   3.8456e+00   0.0000e+00   1.9276e-03   2.4794e+02
20191022_05:00:00   1.6030e-01   4.3381e+01   3.8817e+00   0.0000e+00   6.9880e-04   2.4769e+02
20191022_06:00:00   1.6013e-01   4.3352e+01   3.8776e+00   0.0000e+00   7.2140e-04   2.4655e+02
20191022_07:00:00   1.5973e-01   4.3261e+01   3.8675e+00   0.0000e+00   7.1828e-04   2.4707e+02
20191022_08:00:00   1.5953e-01   4.3219e+01   3.8610e+00   0.0000e+00   5.2440e-04   2.4631e+02
20191022_09:00:00   1.6172e-01   4.3723e+01   3.9138e+00   0.0000e+00   1.1386e-04   2.4639e+02
20191022_10:00:00   1.6232e-01   4.3866e+01   3.9293e+00   0.0000e+00   2.9720e-05   2.4720e+02
20191022_11:00:00   1.6270e-01   4.3965e+01   3.9338e+00   0.0000e+00   5.8380e-04   2.4690e+02
20191022_12:00:00   1.6502e-01   4.4495e+01   3.9882e+00   0.0000e+00   1.3350e-03   2.4753e+02
20191022_13:00:00   1.6549e-01   4.4586e+01   3.9984e+00   0.0000e+00   1.0116e-03   2.4751e+02
20191022_14:00:00   1.6655e-01   4.4832e+01   4.0253e+00   0.0000e+00   6.8942e-04   2.4855e+02
20191022_15:00:00   1.6573e-01   4.4657e+01   4.0027e+00   0.0000e+00   2.5957e-05   2.4950e+02
20191022_16:00:00   1.6447e-01   4.4344e+01   3.9762e+00   0.0000e+00   2.8574e-04   2.4950e+02
20191022_17:00:00   1.6414e-01   4.4258e+01   3.9704e+00   0.0000e+00   4.9126e-05   2.4916e+02
20191022_18:00:00   1.5870e-01   4.3050e+01   3.8358e+00   0.0000e+00   2.0440e-05   2.5090e+02
20191022_19:00:00   1.5550e-01   4.2336e+01   3.7615e+00   0.0000e+00   2.1035e-04   2.5148e+02
20191022_20:00:00   1.5193e-01   4.1544e+01   3.6706e+00   0.0000e+00   5.1012e-04   2.5030e+02
20191022_21:00:00   1.4844e-01   4.0758e+01   3.5795e+00   0.0000e+00   4.3009e-04   2.4997e+02
20191022_22:00:00   1.4779e-01   4.0602e+01   3.5691e+00   0.0000e+00   2.0096e-04   2.4956e+02
20191022_23:00:00   1.4675e-01   4.0374e+01   3.5489e+00   0.0000e+00   4.7330e-04   2.4891e+02
20191023_00:00:00   1.4551e-01   4.0087e+01   3.5206e+00   0.0000e+00   5.3280e-04   2.4820e+02
20191023_01:00:00   1.4743e-01   4.0515e+01   3.5707e+00   0.0000e+00   1.4968e-04   2.4806e+02
20191023_02:00:00   1.4846e-01   4.0767e+01   3.5913e+00   0.0000e+00   8.5240e-05   2.4789e+02
20191023_03:00:00   1.4836e-01   4.0768e+01   3.5842e+00   0.0000e+00   8.1940e-05   2.4775e+02
20191023_04:00:00   1.4767e-01   4.0622e+01   3.5640e+00   0.0000e+00   3.5443e-05   2.4711e+02
20191023_05:00:00   1.4291e-01   3.9476e+01   3.4559e+00   0.0000e+00   2.0217e-05   2.4756e+02
20191023_06:00:00   1.4063e-01   3.8901e+01   3.4079e+00   0.0000e+00   2.1040e-05   2.4937e+02
20191023_07:00:00   1.4112e-01   3.8956e+01   3.4303e+00   0.0000e+00   3.7060e-05   2.5005e+02
20191023_08:00:00   1.4318e-01   3.9385e+01   3.4901e+00   0.0000e+00   2.5100e-05   2.5043e+02
20191023_09:00:00   1.4148e-01   3.8973e+01   3.4476e+00   0.0000e+00   2.9620e-05   2.5101e+02
20191023_10:00:00   1.4068e-01   3.8783e+01   3.4260e+00   0.0000e+00   3.7780e-05   2.5069e+02
20191023_11:00:00   1.4080e-01   3.8827e+01   3.4265e+00   0.0000e+00   2.9500e-05   2.5014e+02
20191023_12:00:00   1.4000e-01   3.8667e+01   3.4002e+00   0.0000e+00   2.4880e-05   2.4969e+02
20191023_13:00:00   1.4011e-01   3.8727e+01   3.3981e+00   0.0000e+00   7.9460e-06   2.4917e+02
20191023_14:00:00   1.3986e-01   3.8701e+01   3.3874e+00   0.0000e+00   8.1580e-06   2.4922e+02
20191023_15:00:00   1.3932e-01   3.8604e+01   3.3690e+00   0.0000e+00   0.0000e+00   2.4842e+02
20191023_16:00:00   1.4009e-01   3.8781e+01   3.3875e+00   0.0000e+00   0.0000e+00   2.4811e+02
20191023_17:00:00   1.3988e-01   3.8760e+01   3.3779e+00   0.0000e+00   0.0000e+00   2.4840e+02
20191023_18:00:00   1.3975e-01   3.8757e+01   3.3699e+00   0.0000e+00   7.4400e-06   2.4932e+02
20191023_19:00:00   1.3961e-01   3.8719e+01   3.3696e+00   0.0000e+00   4.8070e-04   2.4959e+02
20191023_20:00:00   1.3984e-01   3.8745e+01   3.3804e+00   0.0000e+00   2.6099e-03   2.5007e+02
20191023_21:00:00   1.3983e-01   3.8722e+01   3.3850e+00   0.0000e+00   3.8386e-03   2.5066e+02
20191023_22:00:00   1.4027e-01   3.8809e+01   3.4013e+00   0.0000e+00   3.1843e-03   2.5072e+02
20191023_23:00:00   1.4249e-01   3.9298e+01   3.4620e+00   0.0000e+00   5.4135e-03   2.4996e+02
20191024_00:00:00   1.4509e-01   3.9868e+01   3.5282e+00   0.0000e+00   5.6702e-03   2.4907e+02
20191024_01:00:00   1.4787e-01   4.0511e+01   3.5941e+00   0.0000e+00   3.3089e-03   2.4838e+02
20191024_02:00:00   1.5048e-01   4.1129e+01   3.6499e+00   0.0000e+00   2.1664e-03   2.4747e+02
20191024_03:00:00   1.5244e-01   4.1578e+01   3.6918e+00   0.0000e+00   3.0407e-03   2.4746e+02
20191024_04:00:00   1.5569e-01   4.2321e+01   3.7714e+00   0.0000e+00   2.3809e-03   2.4709e+02
20191024_05:00:00   1.5599e-01   4.2430e+01   3.7651e+00   0.0000e+00   6.0070e-05   2.4742e+02
20191024_06:00:00   1.5664e-01   4.2596e+01   3.7739e+00   0.0000e+00   4.7318e-05   2.4857e+02
20191024_07:00:00   1.5696e-01   4.2657e+01   3.7807e+00   0.0000e+00   5.5060e-06   2.4959e+02
20191024_08:00:00   1.5657e-01   4.2571e+01   3.7736e+00   0.0000e+00   2.0536e-04   2.4885e+02
20191024_09:00:00   1.5672e-01   4.2579e+01   3.7850e+00   0.0000e+00   2.0797e-03   2.4796e+02
20191024_10:00:00   1.5826e-01   4.2892e+01   3.8309e+00   0.0000e+00   4.0159e-03   2.4767e+02
20191024_11:00:00   1.5858e-01   4.2958e+01   3.8403e+00   0.0000e+00   2.7394e-03   2.4682e+02
20191024_12:00:00   1.5886e-01   4.3013e+01   3.8472e+00   0.0000e+00   8.0001e-04   2.4540e+02
20191024_15:00:00   1.6027e-01   4.3396e+01   3.8521e+00   0.0000e+00   0.0000e+00   2.4554e+02
20191024_18:00:00   1.6195e-01   4.3763e+01   3.8796e+00   0.0000e+00   0.0000e+00   2.4651e+02
20191024_21:00:00   1.5914e-01   4.3102e+01   3.8229e+00   0.0000e+00   3.4664e-04   2.4733e+02
20191025_00:00:00   1.5506e-01   4.2169e+01   3.7312e+00   0.0000e+00   1.5050e-03   2.4776e+02
20191025_03:00:00   1.5540e-01   4.2195e+01   3.7626e+00   0.0000e+00   1.5255e-04   2.4712e+02
20191025_06:00:00   1.6061e-01   4.3296e+01   3.8858e+00   0.0000e+00   2.0070e-04   2.4671e+02
20191025_09:00:00   1.7409e-01   4.6078e+01   4.2391e+00   0.0000e+00   7.2804e-04   2.4666e+02
20191025_12:00:00   1.8266e-01   4.7924e+01   4.4449e+00   0.0000e+00   4.6519e-03   2.4755e+02
20191025_15:00:00   1.8732e-01   4.8890e+01   4.5583e+00   0.0000e+00   5.5767e-03   2.4676e+02
20191025_18:00:00   1.9696e-01   5.0860e+01   4.7959e+00   0.0000e+00   1.0424e-02   2.4835e+02
20191025_21:00:00   2.0398e-01   5.2339e+01   4.9650e+00   0.0000e+00   1.1855e-02   2.4868e+02
20191026_00:00:00   2.1596e-01   5.4860e+01   5.2331e+00   0.0000e+00   4.6789e-02   2.4954e+02
20191026_03:00:00   2.2918e-01   5.7691e+01   5.5378e+00   0.0000e+00   2.2779e-02   2.4847e+02
20191026_06:00:00   2.2700e-01   5.7327e+01   5.4652e+00   0.0000e+00   1.3694e-02   2.4819e+02
20191026_09:00:00   2.5551e-01   6.3144e+01   6.0979e+00   0.0000e+00   6.8126e-02   2.5042e+02
20191026_12:00:00   2.9085e-01   7.0150e+01   6.8248e+00   0.0000e+00   1.4663e-01   2.4987e+02
20191026_15:00:00   2.9798e-01   7.1648e+01   6.9914e+00   0.0000e+00   8.6944e-02   2.4876e+02
20191026_18:00:00   3.2555e-01   7.7082e+01   7.5511e+00   0.0000e+00   9.9075e-02   2.4779e+02
20191026_21:00:00   3.4238e-01   8.0344e+01   7.9123e+00   0.0000e+00   8.1424e-02   2.5049e+02
20191027_00:00:00   3.6478e-01   8.4431e+01   8.3023e+00   0.0000e+00   2.0083e-01   2.5082e+02
20191027_03:00:00   3.9051e-01   8.9111e+01   8.7472e+00   0.0000e+00   2.7124e-01   2.5090e+02
20191027_06:00:00   4.0376e-01   9.1479e+01   9.0050e+00   0.0000e+00   2.6096e-01   2.5028e+02
20191027_09:00:00   3.9766e-01   9.0559e+01   8.9149e+00   8.5120e-04   4.0366e-02   2.5187e+02
20191027_12:00:00   4.0506e-01   9.1778e+01   9.0634e+00   0.0000e+00   3.3888e-02   2.5223e+02
20191027_15:00:00   3.9270e-01   8.9636e+01   8.7554e+00   0.0000e+00   2.0124e-02   2.5200e+02
20191027_18:00:00   3.7249e-01   8.6243e+01   8.2435e+00   0.0000e+00   1.0463e-02   2.5395e+02
20191027_21:00:00   2.9905e-01   7.3094e+01   6.4097e+00   0.0000e+00   5.6533e-04   2.5797e+02
20191028_00:00:00   2.4641e-01   6.2705e+01   5.2549e+00   0.0000e+00   2.7988e-06   2.5693e+02
20191028_03:00:00   2.3048e-01   5.9537e+01   4.8389e+00   0.0000e+00   0.0000e+00   2.5432e+02
20191028_06:00:00   2.1657e-01   5.6648e+01   4.5110e+00   0.0000e+00   0.0000e+00   2.5305e+02
20191028_09:00:00   2.0872e-01   5.4938e+01   4.3228e+00   0.0000e+00   4.7140e-05   2.5379e+02
20191028_12:00:00   1.8598e-01   4.9878e+01   3.9020e+00   0.0000e+00   3.1629e-03   2.5147e+02
20191028_15:00:00   1.9169e-01   5.1061e+01   4.0442e+00   0.0000e+00   4.0099e-03   2.5002e+02
20191028_18:00:00   2.0825e-01   5.4571e+01   4.4209e+00   0.0000e+00   4.5003e-03   2.4965e+02
20191028_21:00:00   2.2280e-01   5.7598e+01   4.7737e+00   0.0000e+00   3.9528e-03   2.4923e+02
20191029_00:00:00   2.3703e-01   6.0457e+01   5.1533e+00   0.0000e+00   1.3290e-02   2.5002e+02
20191029_03:00:00   2.4220e-01   6.1614e+01   5.2355e+00   0.0000e+00   1.2854e-02   2.5088e+02
20191029_06:00:00   2.8733e-01   7.0404e+01   6.3399e+00   0.0000e+00   1.5488e-02   2.5043e+02
20191029_09:00:00   2.9105e-01   7.1202e+01   6.3166e+00   0.0000e+00   3.1361e-02   2.5052e+02
20191029_12:00:00   3.1886e-01   7.6296e+01   7.0865e+00   0.0000e+00   7.5342e-03   2.4850e+02
20191029_15:00:00   3.4690e-01   8.1425e+01   7.7377e+00   0.0000e+00   2.3141e-02   2.4819e+02
20191029_18:00:00   3.3173e-01   7.8732e+01   7.3545e+00   0.0000e+00   1.9064e-03   2.4877e+02
20191029_21:00:00   3.1888e-01   7.6334e+01   7.1438e+00   0.0000e+00   6.2098e-03   2.4973e+02
20191030_00:00:00   3.8402e-01   8.8171e+01   8.5651e+00   4.6400e-04   7.4397e-03   2.5017e+02
20191030_03:00:00   4.3102e-01   9.6372e+01   9.2623e+00   3.9438e-03   5.5097e-02   2.5148e+02
20191030_06:00:00   4.1302e-01   9.3059e+01   9.1012e+00   1.5850e-05   1.7130e-01   2.5110e+02
20191030_09:00:00   3.8914e-01   8.9024e+01   8.6206e+00   2.1831e-04   2.4060e-02   2.5131e+02
20191030_12:00:00   4.1330e-01   9.3099e+01   9.0605e+00   7.4210e-04   5.0193e-02   2.4989e+02
20191030_15:00:00   3.5587e-01   8.3094e+01   7.8022e+00   1.8447e-04   5.0828e-03   2.5068e+02
20191030_18:00:00   2.8278e-01   6.9444e+01   6.1789e+00   0.0000e+00   6.1019e-04   2.5239e+02
20191030_21:00:00   2.5967e-01   6.4883e+01   5.6574e+00   0.0000e+00   1.1543e-03   2.5416e+02
20191031_00:00:00   2.5250e-01   6.3311e+01   5.5596e+00   7.7100e-05   3.3883e-03   2.5466e+02
20191031_03:00:00   2.2967e-01   5.8750e+01   4.9965e+00   0.0000e+00   2.4129e-03   2.5610e+02
20191031_06:00:00   2.0596e-01   5.3750e+01   4.4588e+00   0.0000e+00   1.2142e-02   2.5479e+02
20191031_09:00:00   1.9826e-01   5.2194e+01   4.2466e+00   0.0000e+00   7.8401e-03   2.5581e+02
20191031_12:00:00   1.6810e-01   4.5695e+01   3.5339e+00   0.0000e+00   3.8167e-03   2.5219e+02
20191031_15:00:00   1.3480e-01   3.8182e+01   2.8064e+00   0.0000e+00   6.6091e-03   2.5249e+02
20191031_18:00:00   1.1668e-01   3.4040e+01   2.4048e+00   0.0000e+00   4.2145e-05   2.5242e+02
20191031_21:00:00   1.0201e-01   3.0510e+01   2.1179e+00   0.0000e+00   1.2706e-04   2.5276e+02
20191101_00:00:00   1.2627e-01   3.6254e+01   2.6579e+00   3.1730e-04   4.5516e-03   2.5376e+02
20191101_03:00:00   1.7317e-01   4.7322e+01   2.8474e+00   1.4945e-02   3.5186e-03   2.5622e+02
20191101_06:00:00   1.0161e-01   3.0395e+01   2.1497e+00   0.0000e+00   3.1062e-03   2.5479e+02
20191101_09:00:00   1.0056e-01   3.0117e+01   2.1213e+00   0.0000e+00   5.4740e-04   2.5522e+02
20191101_12:00:00   9.8470e-02   2.9686e+01   2.0523e+00   0.0000e+00   0.0000e+00   2.5384e+02
20191101_15:00:00   8.7396e-02   2.7017e+01   1.7994e+00   0.0000e+00   0.0000e+00   2.5353e+02
20191101_18:00:00   8.4283e-02   2.6238e+01   1.7346e+00   0.0000e+00   0.0000e+00   2.5504e+02
20191101_21:00:00   8.0535e-02   2.5290e+01   1.6555e+00   0.0000e+00   0.0000e+00   2.5512e+02
20191102_00:00:00   8.1311e-02   2.5486e+01   1.6796e+00   0.0000e+00   7.1780e-06   2.5687e+02
20191102_03:00:00   8.2016e-02   2.5686e+01   1.6993e+00   0.0000e+00   2.1240e-07   2.5702e+02
20191102_06:00:00   7.6989e-02   2.4420e+01   1.5833e+00   0.0000e+00   0.0000e+00   2.5434e+02
20191102_09:00:00   7.7666e-02   2.4553e+01   1.6081e+00   0.0000e+00   8.4227e-04   2.5364e+02
20191102_12:00:00   7.2138e-02   2.3157e+01   1.4789e+00   0.0000e+00   1.9856e-04   2.5143e+02
20191102_15:00:00   7.2235e-02   2.3160e+01   1.4897e+00   0.0000e+00   4.0217e-04   2.5157e+02
20191102_18:00:00   7.8012e-02   2.4577e+01   1.6412e+00   0.0000e+00   9.2400e-04   2.5057e+02
20191102_21:00:00   8.4133e-02   2.6028e+01   1.8141e+00   0.0000e+00   1.4640e-03   2.4922e+02
20191103_00:00:00   9.1661e-02   2.7830e+01   2.0081e+00   8.5190e-05   7.9054e-03   2.5070e+02
20191103_03:00:00   9.8989e-02   2.9514e+01   2.2207e+00   0.0000e+00   4.2247e-03   2.4997e+02
20191103_06:00:00   1.1640e-01   3.3548e+01   2.6721e+00   0.0000e+00   1.4559e-02   2.4858e+02
20191103_09:00:00   1.3655e-01   3.7976e+01   3.2289e+00   0.0000e+00   7.3208e-03   2.4999e+02
20191103_12:00:00   1.5424e-01   4.2074e+01   3.6316e+00   0.0000e+00   2.9798e-03   2.4679e+02
20191103_15:00:00   1.5767e-01   4.2861e+01   3.7264e+00   0.0000e+00   6.6219e-04   2.4582e+02
20191103_18:00:00   1.6059e-01   4.3547e+01   3.7982e+00   0.0000e+00   0.0000e+00   2.4633e+02
20191103_21:00:00   1.7461e-01   4.6518e+01   4.2007e+00   0.0000e+00   2.4304e-04   2.4778e+02
20191104_00:00:00   1.9293e-01   5.0435e+01   4.6667e+00   0.0000e+00   2.1936e-04   2.4907e+02
20191104_03:00:00   2.2201e-01   5.6588e+01   5.3670e+00   0.0000e+00   6.3754e-03   2.4802e+02
20191104_06:00:00   2.4730e-01   6.1746e+01   5.9664e+00   0.0000e+00   1.5953e-02   2.4743e+02
20191104_09:00:00   2.6694e-01   6.5623e+01   6.4320e+00   0.0000e+00   3.1909e-02   2.4980e+02
20191104_12:00:00   2.9288e-01   7.0784e+01   6.9829e+00   0.0000e+00   3.7865e-02   2.4901e+02
