#            date       tau225        Tb[K]      pwv[mm] lwp[kg*m^-2] iwp[kg*m^-2]       o3[DU]
20190918_18:00:00   1.7027e-01   4.6841e+01   3.8018e+00   0.0000e+00   1.6556e-04   2.4668e+02
20190918_19:00:00   1.7375e-01   4.7663e+01   3.8755e+00   0.0000e+00   6.0542e-05   2.4682e+02
20190918_20:00:00   1.7184e-01   4.7262e+01   3.8372e+00   0.0000e+00   2.3280e-05   2.4418e+02
20190918_21:00:00   1.7119e-01   4.7131e+01   3.8281e+00   0.0000e+00   8.4450e-06   2.4669e+02
20190918_22:00:00   1.6605e-01   4.5980e+01   3.7119e+00   0.0000e+00   3.0917e-05   2.4579e+02
20190918_23:00:00   1.6901e-01   4.6640e+01   3.7891e+00   0.0000e+00   3.4660e-05   2.4602e+02
20190919_00:00:00   1.7324e-01   4.7550e+01   3.8999e+00   0.0000e+00   3.1219e-05   2.4598e+02
20190919_01:00:00   1.8420e-01   5.0000e+01   4.1544e+00   0.0000e+00   5.2384e-05   2.4637e+02
20190919_02:00:00   1.9451e-01   5.2283e+01   4.3959e+00   0.0000e+00   8.8680e-05   2.4707e+02
20190919_03:00:00   1.9853e-01   5.3107e+01   4.5161e+00   0.0000e+00   2.2474e-04   2.4409e+02
20190919_04:00:00   1.9831e-01   5.3024e+01   4.5330e+00   0.0000e+00   2.0284e-05   2.4295e+02
20190919_05:00:00   2.0040e-01   5.3423e+01   4.5933e+00   0.0000e+00   1.0353e-04   2.4297e+02
20190919_06:00:00   2.0722e-01   5.4887e+01   4.7460e+00   0.0000e+00   2.8830e-04   2.4274e+02
20190919_07:00:00   2.1296e-01   5.6167e+01   4.8774e+00   0.0000e+00   1.5117e-04   2.4299e+02
20190919_08:00:00   2.1536e-01   5.6622e+01   4.9612e+00   0.0000e+00   3.8277e-05   2.4407e+02
20190919_09:00:00   2.1693e-01   5.6984e+01   4.9751e+00   0.0000e+00   2.2453e-04   2.4590e+02
20190919_10:00:00   2.2356e-01   5.8386e+01   5.1008e+00   0.0000e+00   7.5240e-04   2.4757e+02
20190919_11:00:00   2.3128e-01   6.0039e+01   5.2509e+00   0.0000e+00   2.0229e-04   2.4719e+02
20190919_12:00:00   2.3219e-01   6.0234e+01   5.2932e+00   0.0000e+00   2.9981e-04   2.4586e+02
20190919_13:00:00   2.3275e-01   6.0347e+01   5.3171e+00   0.0000e+00   1.6033e-04   2.4576e+02
20190919_14:00:00   2.3143e-01   6.0061e+01   5.2898e+00   0.0000e+00   5.5491e-04   2.4633e+02
20190919_15:00:00   2.3660e-01   6.1131e+01   5.3882e+00   0.0000e+00   6.1247e-04   2.4775e+02
20190919_16:00:00   2.3880e-01   6.1567e+01   5.4405e+00   0.0000e+00   1.1864e-03   2.4544e+02
20190919_17:00:00   2.3178e-01   6.0068e+01   5.2993e+00   0.0000e+00   4.1995e-03   2.4514e+02
20190919_18:00:00   2.2615e-01   5.8848e+01   5.1801e+00   0.0000e+00   4.8122e-03   2.4575e+02
20190919_19:00:00   2.1557e-01   5.6636e+01   4.9457e+00   0.0000e+00   2.8951e-03   2.4494e+02
20190919_20:00:00   2.2113e-01   5.7843e+01   5.0406e+00   0.0000e+00   1.7763e-02   2.4729e+02
20190919_21:00:00   2.2931e-01   5.9581e+01   5.2238e+00   0.0000e+00   1.2553e-02   2.4687e+02
20190919_22:00:00   2.3655e-01   6.1154e+01   5.3583e+00   0.0000e+00   1.2300e-04   2.4574e+02
20190919_23:00:00   2.3837e-01   6.1457e+01   5.4327e+00   0.0000e+00   6.1724e-03   2.4884e+02
20190920_00:00:00   2.4018e-01   6.1909e+01   5.4319e+00   0.0000e+00   3.4359e-03   2.4988e+02
20190920_01:00:00   2.4309e-01   6.2510e+01   5.5120e+00   0.0000e+00   3.9087e-03   2.4776e+02
20190920_02:00:00   2.4845e-01   6.3577e+01   5.6121e+00   0.0000e+00   6.7154e-02   2.4727e+02
20190920_03:00:00   2.6154e-01   6.6176e+01   5.9415e+00   0.0000e+00   2.0340e-02   2.4767e+02
20190920_04:00:00   2.7377e-01   6.8939e+01   5.6802e+00   9.2270e-03   1.5253e-03   2.4872e+02
20190920_05:00:00   2.7311e-01   6.8545e+01   5.8754e+00   6.9030e-03   6.2744e-02   2.5083e+02
20190920_06:00:00   2.7257e-01   6.8047e+01   6.2842e+00   0.0000e+00   1.4115e-01   2.5000e+02
20190920_07:00:00   2.8915e-01   7.1098e+01   6.6740e+00   0.0000e+00   2.5730e-01   2.5003e+02
20190920_08:00:00   2.8845e-01   7.0883e+01   6.6892e+00   0.0000e+00   1.9016e-01   2.5056e+02
20190920_09:00:00   3.1204e-01   7.5146e+01   7.2447e+00   0.0000e+00   3.1257e-01   2.5334e+02
20190920_10:00:00   3.2166e-01   7.6916e+01   7.5916e+00   0.0000e+00   1.2680e-01   2.5587e+02
20190920_11:00:00   3.3130e-01   7.8696e+01   7.8450e+00   0.0000e+00   6.0173e-02   2.5617e+02
20190920_12:00:00   3.5512e-01   8.2906e+01   8.2668e+00   0.0000e+00   3.1316e-01   2.5681e+02
20190920_13:00:00   3.9359e-01   8.9718e+01   9.0323e+00   0.0000e+00   4.2459e-01   2.5286e+02
20190920_14:00:00   4.0710e-01   9.2200e+01   9.4106e+00   0.0000e+00   1.2661e-01   2.5275e+02
20190920_15:00:00   3.8689e-01   8.8687e+01   8.9852e+00   0.0000e+00   3.3191e-02   2.5295e+02
20190920_16:00:00   4.2251e-01   9.4929e+01   9.6322e+00   0.0000e+00   8.3432e-02   2.5387e+02
20190920_17:00:00   4.0530e-01   9.1942e+01   9.1906e+00   0.0000e+00   9.8709e-02   2.5786e+02
20190920_18:00:00   3.8200e-01   8.8054e+01   8.5126e+00   0.0000e+00   1.4467e-02   2.6090e+02
20190920_19:00:00   3.7676e-01   8.7213e+01   8.2609e+00   0.0000e+00   1.4403e-02   2.6283e+02
20190920_20:00:00   3.8726e-01   8.9143e+01   8.3840e+00   0.0000e+00   4.2977e-02   2.6401e+02
20190920_21:00:00   3.7926e-01   8.7745e+01   8.1746e+00   3.2740e-04   2.3989e-02   2.6468e+02
20190920_22:00:00   3.6013e-01   8.4380e+01   7.7087e+00   5.5060e-04   8.8558e-03   2.6701e+02
20190920_23:00:00   3.5369e-01   8.3261e+01   7.4781e+00   9.8200e-04   6.7349e-03   2.6771e+02
20190921_00:00:00   3.3869e-01   8.0514e+01   7.1359e+00   6.5480e-04   3.0779e-03   2.6677e+02
20190921_01:00:00   3.4450e-01   8.1700e+01   7.0306e+00   5.2380e-03   5.4763e-04   2.6496e+02
20190921_02:00:00   3.3332e-01   7.9522e+01   7.0463e+00   3.2740e-04   1.3283e-04   2.6652e+02
20190921_03:00:00   3.2507e-01   7.7943e+01   6.8830e+00   0.0000e+00   1.3295e-05   2.6513e+02
20190921_04:00:00   3.2855e-01   7.8638e+01   6.9411e+00   0.0000e+00   1.1138e-04   2.6485e+02
20190921_05:00:00   3.2795e-01   7.8619e+01   6.8777e+00   0.0000e+00   1.1473e-04   2.6562e+02
20190921_06:00:00   3.1862e-01   7.6951e+01   6.6439e+00   0.0000e+00   2.1240e-07   2.6610e+02
20190921_07:00:00   3.0753e-01   7.4840e+01   6.4518e+00   0.0000e+00   0.0000e+00   2.6643e+02
20190921_08:00:00   3.0227e-01   7.3718e+01   6.3890e+00   0.0000e+00   0.0000e+00   2.6663e+02
20190921_09:00:00   2.9956e-01   7.3137e+01   6.3479e+00   0.0000e+00   0.0000e+00   2.6734e+02
20190921_10:00:00   2.9574e-01   7.2392e+01   6.2536e+00   0.0000e+00   0.0000e+00   2.6873e+02
20190921_11:00:00   2.8893e-01   7.1105e+01   6.0930e+00   0.0000e+00   0.0000e+00   2.6694e+02
20190921_12:00:00   2.8096e-01   6.9579e+01   5.9100e+00   0.0000e+00   0.0000e+00   2.6659e+02
20190921_13:00:00   2.7121e-01   6.7655e+01   5.7184e+00   0.0000e+00   0.0000e+00   2.6651e+02
20190921_14:00:00   2.6510e-01   6.6429e+01   5.6066e+00   0.0000e+00   0.0000e+00   2.6570e+02
20190921_15:00:00   2.5626e-01   6.4640e+01   5.4331e+00   0.0000e+00   0.0000e+00   2.6475e+02
20190921_16:00:00   2.5278e-01   6.3871e+01   5.4160e+00   0.0000e+00   3.3596e-04   2.6393e+02
20190921_17:00:00   2.5478e-01   6.4198e+01   5.5045e+00   0.0000e+00   3.6961e-03   2.6441e+02
20190921_18:00:00   2.5035e-01   6.3311e+01   5.4193e+00   0.0000e+00   6.0698e-04   2.6508e+02
20190921_19:00:00   2.5296e-01   6.3809e+01   5.5200e+00   0.0000e+00   5.7137e-03   2.6617e+02
20190921_20:00:00   2.6318e-01   6.5814e+01   5.7871e+00   0.0000e+00   8.8021e-04   2.6600e+02
20190921_21:00:00   2.6924e-01   6.7100e+01   5.9384e+00   0.0000e+00   0.0000e+00   2.6410e+02
20190921_22:00:00   3.0596e-01   7.4302e+01   6.7900e+00   0.0000e+00   0.0000e+00   2.6237e+02
20190921_23:00:00   3.6894e-01   8.6196e+01   8.0666e+00   1.5317e-03   0.0000e+00   2.6235e+02
20190922_00:00:00   4.3207e-01   9.7419e+01   9.1169e+00   6.5840e-03   6.5840e-06   2.6109e+02
20190922_01:00:00   4.6436e-01   1.0281e+02   9.9433e+00   2.2119e-03   1.2297e-04   2.6275e+02
20190922_02:00:00   6.0322e-01   1.2477e+02   1.0216e+01   5.3480e-02   1.3752e-03   2.5958e+02
20190922_03:00:00   7.5103e-01   1.4516e+02   1.0124e+01   1.1574e-01   6.2980e-03   2.5839e+02
20190922_04:00:00   6.4107e-01   1.3028e+02   1.0287e+01   6.7925e-02   4.8285e-03   2.5602e+02
20190922_05:00:00   4.7818e-01   1.0517e+02   1.0114e+01   5.3960e-03   2.0286e-04   2.5616e+02
20190922_06:00:00   4.5581e-01   1.0132e+02   1.0006e+01   0.0000e+00   1.5608e-04   2.5615e+02
20190922_07:00:00   4.5010e-01   1.0023e+02   1.0019e+01   0.0000e+00   5.3729e-04   2.5550e+02
20190922_08:00:00   4.5647e-01   1.0120e+02   1.0230e+01   0.0000e+00   1.5045e-03   2.5532e+02
20190922_09:00:00   4.5428e-01   1.0085e+02   1.0204e+01   0.0000e+00   6.5385e-04   2.5378e+02
20190922_10:00:00   4.7653e-01   1.0447e+02   1.0706e+01   0.0000e+00   2.2312e-04   2.5407e+02
20190922_11:00:00   4.7892e-01   1.0484e+02   1.0775e+01   0.0000e+00   1.6593e-03   2.5271e+02
20190922_12:00:00   4.7386e-01   1.0396e+02   1.0698e+01   0.0000e+00   2.1723e-03   2.5210e+02
20190922_13:00:00   4.6034e-01   1.0170e+02   1.0417e+01   0.0000e+00   4.2153e-03   2.5226e+02
20190922_14:00:00   4.6827e-01   1.0315e+02   1.0559e+01   0.0000e+00   6.2987e-04   2.5246e+02
20190922_15:00:00   4.9649e-01   1.0790e+02   1.1112e+01   0.0000e+00   9.0263e-04   2.5324e+02
20190922_16:00:00   5.2447e-01   1.1248e+02   1.1635e+01   0.0000e+00   6.1805e-03   2.5237e+02
20190922_17:00:00   5.4971e-01   1.1652e+02   1.2069e+01   0.0000e+00   8.6476e-03   2.5290e+02
20190922_18:00:00   5.7191e-01   1.2005e+02   1.2440e+01   4.0070e-04   6.9408e-03   2.5277e+02
20190922_19:00:00   6.0304e-01   1.2472e+02   1.2878e+01   3.7800e-03   3.4577e-03   2.5131e+02
20190922_20:00:00   7.1825e-01   1.4102e+02   1.3284e+01   4.1333e-02   3.3537e-03   2.5154e+02
20190922_21:00:00   1.1811e+00   1.9029e+02   1.3615e+01   2.2387e-01   1.8368e-02   2.5030e+02
20190922_22:00:00   9.5278e-01   1.6898e+02   1.3530e+01   1.3163e-01   4.2533e-03   2.5194e+02
20190922_23:00:00   6.6111e-01   1.3340e+02   1.3124e+01   2.1747e-02   1.7582e-03   2.5104e+02
20190923_00:00:00   6.3341e-01   1.2965e+02   1.2971e+01   1.3420e-02   2.1090e-04   2.4887e+02
20190923_01:00:00   9.1809e-01   1.6570e+02   1.3391e+01   1.2020e-01   3.8035e-03   2.4770e+02
20190923_02:00:00   7.5746e-01   1.4606e+02   1.3680e+01   5.1261e-02   1.0300e-01   2.4636e+02
20190923_03:00:00   7.4446e-01   1.4447e+02   1.3682e+01   4.4511e-02   2.4471e-01   2.4689e+02
20190923_04:00:00   7.8439e-01   1.4957e+02   1.3592e+01   6.3759e-02   1.0208e-01   2.4745e+02
20190923_05:00:00   6.5937e-01   1.3295e+02   1.3518e+01   1.3437e-02   2.1559e-01   2.4827e+02
20190923_06:00:00   6.0323e-01   1.2499e+02   1.3054e+01   9.1750e-04   9.5437e-02   2.4806e+02
20190923_07:00:00   5.7672e-01   1.2122e+02   1.2594e+01   0.0000e+00   1.9580e-03   2.4714e+02
20190923_08:00:00   5.7433e-01   1.2089e+02   1.2567e+01   0.0000e+00   7.8234e-04   2.4714e+02
20190923_09:00:00   5.6993e-01   1.2024e+02   1.2513e+01   0.0000e+00   7.0290e-04   2.4895e+02
20190923_10:00:00   6.0064e-01   1.2490e+02   1.2592e+01   1.0570e-02   4.7297e-04   2.4808e+02
20190923_11:00:00   5.9103e-01   1.2338e+02   1.2682e+01   4.8130e-03   1.5997e-03   2.4814e+02
20190923_12:00:00   5.6898e-01   1.2002e+02   1.2483e+01   0.0000e+00   3.9411e-03   2.4952e+02
20190923_13:00:00   5.6392e-01   1.1927e+02   1.2400e+01   0.0000e+00   4.5187e-03   2.4966e+02
20190923_14:00:00   5.6225e-01   1.1903e+02   1.2382e+01   0.0000e+00   2.7309e-03   2.4901e+02
20190923_15:00:00   5.5382e-01   1.1777e+02   1.2205e+01   0.0000e+00   4.3156e-04   2.4646e+02
20190923_16:00:00   5.4608e-01   1.1665e+02   1.2034e+01   0.0000e+00   3.7371e-04   2.4764e+02
20190923_17:00:00   5.3477e-01   1.1498e+02   1.1796e+01   0.0000e+00   3.7964e-04   2.4907e+02
20190923_18:00:00   5.3057e-01   1.1442e+02   1.1685e+01   0.0000e+00   9.3440e-05   2.4852e+02
20190923_21:00:00   5.0907e-01   1.1125e+02   1.1208e+01   0.0000e+00   2.2098e-04   2.4610e+02
20190924_00:00:00   1.3866e+00   2.0835e+02   1.1956e+01   3.3193e-01   8.2161e-04   2.4445e+02
20190924_03:00:00   1.3330e+00   2.0216e+02   1.3558e+01   2.9039e-01   1.1829e+00   2.4579e+02
20190924_06:00:00   4.7797e-01   1.0646e+02   1.0424e+01   1.2760e-03   1.9270e-05   2.4539e+02
20190924_09:00:00   4.4109e-01   1.0022e+02   9.6729e+00   0.0000e+00   0.0000e+00   2.4554e+02
20190924_12:00:00   4.1193e-01   9.5125e+01   8.9936e+00   0.0000e+00   0.0000e+00   2.4641e+02
20190924_15:00:00   3.7408e-01   8.8367e+01   8.2156e+00   0.0000e+00   0.0000e+00   2.4895e+02
20190924_18:00:00   3.0877e-01   7.5995e+01   6.9025e+00   0.0000e+00   0.0000e+00   2.4810e+02
20190924_21:00:00   2.3500e-01   6.1167e+01   5.1529e+00   0.0000e+00   0.0000e+00   2.5301e+02
20190925_00:00:00   4.2135e-01   9.8353e+01   3.7617e+00   9.5800e-02   0.0000e+00   2.5401e+02
20190925_03:00:00   8.6652e-02   2.7088e+01   1.8121e+00   0.0000e+00   0.0000e+00   2.5468e+02
20190925_06:00:00   6.3773e-02   2.1142e+01   1.3262e+00   0.0000e+00   0.0000e+00   2.5623e+02
20190925_09:00:00   6.9297e-02   2.2542e+01   1.4552e+00   0.0000e+00   0.0000e+00   2.5447e+02
20190925_12:00:00   7.7172e-02   2.4554e+01   1.6302e+00   0.0000e+00   0.0000e+00   2.5330e+02
20190925_15:00:00   8.0228e-02   2.5361e+01   1.6936e+00   0.0000e+00   0.0000e+00   2.5278e+02
20190925_18:00:00   8.0242e-02   2.5412e+01   1.6838e+00   0.0000e+00   0.0000e+00   2.5426e+02
20190925_21:00:00   7.7744e-02   2.4797e+01   1.6193e+00   0.0000e+00   0.0000e+00   2.5257e+02
20190926_00:00:00   8.0565e-02   2.5493e+01   1.6915e+00   0.0000e+00   0.0000e+00   2.5093e+02
20190926_03:00:00   8.9712e-02   2.7801e+01   1.8994e+00   0.0000e+00   0.0000e+00   2.5414e+02
20190926_06:00:00   9.0083e-02   2.7813e+01   1.9235e+00   0.0000e+00   0.0000e+00   2.5558e+02
20190926_09:00:00   1.0069e-01   3.0377e+01   2.1758e+00   0.0000e+00   0.0000e+00   2.5760e+02
20190926_12:00:00   1.1403e-01   3.3474e+01   2.5193e+00   0.0000e+00   0.0000e+00   2.5553e+02
20190926_15:00:00   1.2284e-01   3.5539e+01   2.7138e+00   0.0000e+00   0.0000e+00   2.5427e+02
20190926_18:00:00   1.2270e-01   3.5327e+01   2.7619e+00   0.0000e+00   0.0000e+00   2.5149e+02
20190926_21:00:00   1.2051e-01   3.4731e+01   2.7219e+00   0.0000e+00   0.0000e+00   2.5353e+02
20190927_00:00:00   1.7953e-01   4.8017e+01   3.8423e+00   5.8960e-03   0.0000e+00   2.5615e+02
20190927_03:00:00   1.8120e-01   4.8103e+01   4.2576e+00   0.0000e+00   0.0000e+00   2.5643e+02
20190927_06:00:00   1.6344e-01   4.4359e+01   3.7707e+00   0.0000e+00   0.0000e+00   2.5859e+02
20190927_09:00:00   1.3684e-01   3.8300e+01   3.1259e+00   0.0000e+00   3.9846e-06   2.6327e+02
20190927_12:00:00   1.3151e-01   3.7070e+01   2.9742e+00   0.0000e+00   0.0000e+00   2.6208e+02
20190927_15:00:00   1.2304e-01   3.5146e+01   2.7450e+00   0.0000e+00   0.0000e+00   2.5900e+02
20190927_18:00:00   1.4269e-01   3.9875e+01   3.1052e+00   0.0000e+00   0.0000e+00   2.5792e+02
20190927_21:00:00   1.9253e-01   5.1085e+01   4.1853e+00   0.0000e+00   0.0000e+00   2.5834e+02
20190928_00:00:00   2.5047e-01   6.3566e+01   4.9392e+00   8.8324e-03   0.0000e+00   2.5860e+02
20190928_03:00:00   7.9005e-01   1.5094e+02   5.8461e+00   2.1229e-01   4.3299e-05   2.5937e+02
20190928_06:00:00   7.7816e-01   1.4855e+02   7.2801e+00   1.8033e-01   4.7388e-02   2.5987e+02
20190928_09:00:00   2.5947e-01   6.5492e+01   5.4045e+00   6.5480e-04   1.3744e-04   2.6030e+02
20190928_12:00:00   2.0383e-01   5.3825e+01   4.2851e+00   0.0000e+00   0.0000e+00   2.5831e+02
20190928_15:00:00   1.9936e-01   5.2818e+01   4.2313e+00   0.0000e+00   0.0000e+00   2.5586e+02
20190928_18:00:00   1.7015e-01   4.6409e+01   3.6024e+00   0.0000e+00   0.0000e+00   2.5571e+02
20190928_21:00:00   1.2908e-01   3.7010e+01   2.7289e+00   0.0000e+00   0.0000e+00   2.5504e+02
20190929_00:00:00   1.9815e-01   5.2721e+01   4.1150e+00   1.9100e-03   1.5092e-22   2.5295e+02
20190929_03:00:00   3.2783e-01   7.9818e+01   4.2254e+00   5.0980e-02   0.0000e+00   2.5411e+02
20190929_06:00:00   1.8504e-01   4.9913e+01   3.8357e+00   4.3580e-04   0.0000e+00   2.5297e+02
20190929_09:00:00   1.3127e-01   3.7542e+01   2.7966e+00   0.0000e+00   0.0000e+00   2.5552e+02
20190929_12:00:00   1.5230e-01   4.2395e+01   3.2833e+00   0.0000e+00   0.0000e+00   2.5605e+02
20190929_15:00:00   1.4358e-01   4.0372e+01   3.1160e+00   0.0000e+00   0.0000e+00   2.5571e+02
20190929_18:00:00   1.4842e-01   4.1483e+01   3.2228e+00   0.0000e+00   0.0000e+00   2.5378e+02
20190929_21:00:00   1.4804e-01   4.1405e+01   3.2046e+00   0.0000e+00   0.0000e+00   2.5404e+02
20190930_00:00:00   1.5435e-01   4.2883e+01   3.3424e+00   0.0000e+00   0.0000e+00   2.5202e+02
20190930_03:00:00   1.5849e-01   4.3838e+01   3.4380e+00   0.0000e+00   0.0000e+00   2.5229e+02
20190930_06:00:00   1.4114e-01   3.9838e+01   3.0647e+00   0.0000e+00   0.0000e+00   2.5360e+02
20190930_09:00:00   1.2926e-01   3.6978e+01   2.8232e+00   0.0000e+00   0.0000e+00   2.5377e+02
20190930_12:00:00   1.2264e-01   3.5306e+01   2.7108e+00   0.0000e+00   0.0000e+00   2.5180e+02
20190930_15:00:00   1.1852e-01   3.4329e+01   2.6225e+00   0.0000e+00   0.0000e+00   2.5158e+02
20190930_18:00:00   1.1669e-01   3.3897e+01   2.5902e+00   0.0000e+00   0.0000e+00   2.5154e+02
20190930_21:00:00   1.1508e-01   3.3513e+01   2.5697e+00   0.0000e+00   0.0000e+00   2.5147e+02
20191001_00:00:00   1.2713e-01   3.6426e+01   2.8367e+00   0.0000e+00   0.0000e+00   2.5174e+02
20191001_03:00:00   1.2077e-01   3.4860e+01   2.7351e+00   0.0000e+00   0.0000e+00   2.5185e+02
20191001_06:00:00   1.1502e-01   3.3465e+01   2.6054e+00   0.0000e+00   0.0000e+00   2.5117e+02
20191001_09:00:00   1.1211e-01   3.2745e+01   2.5401e+00   0.0000e+00   0.0000e+00   2.5202e+02
20191001_12:00:00   1.1503e-01   3.3402e+01   2.6118e+00   0.0000e+00   0.0000e+00   2.5311e+02
20191001_15:00:00   1.2098e-01   3.4813e+01   2.7460e+00   0.0000e+00   0.0000e+00   2.5170e+02
20191001_18:00:00   1.2649e-01   3.6175e+01   2.8669e+00   0.0000e+00   0.0000e+00   2.5257e+02
20191001_21:00:00   1.3423e-01   3.7998e+01   3.0596e+00   0.0000e+00   0.0000e+00   2.5433e+02
20191002_00:00:00   1.4075e-01   3.9529e+01   3.2027e+00   0.0000e+00   0.0000e+00   2.5259e+02
20191002_03:00:00   1.5483e-01   4.2847e+01   3.4983e+00   0.0000e+00   0.0000e+00   2.5284e+02
20191002_06:00:00   1.4282e-01   4.0080e+01   3.2418e+00   0.0000e+00   0.0000e+00   2.5353e+02
20191002_09:00:00   1.3230e-01   3.7619e+01   3.0029e+00   0.0000e+00   0.0000e+00   2.5309e+02
20191002_12:00:00   1.2932e-01   3.6845e+01   2.9521e+00   0.0000e+00   0.0000e+00   2.5428e+02
20191002_15:00:00   1.3255e-01   3.7602e+01   3.0257e+00   0.0000e+00   0.0000e+00   2.5281e+02
20191002_18:00:00   1.3861e-01   3.9073e+01   3.1512e+00   0.0000e+00   0.0000e+00   2.5235e+02
20191002_21:00:00   1.3671e-01   3.8631e+01   3.1101e+00   0.0000e+00   0.0000e+00   2.5182e+02
20191003_00:00:00   1.3492e-01   3.8135e+01   3.0955e+00   0.0000e+00   0.0000e+00   2.5060e+02
20191003_03:00:00   1.3722e-01   3.8768e+01   3.1195e+00   0.0000e+00   0.0000e+00   2.5188e+02
20191003_06:00:00   1.6262e-01   4.4702e+01   3.6537e+00   0.0000e+00   0.0000e+00   2.5058e+02
20191003_09:00:00   1.8211e-01   4.9064e+01   4.0998e+00   0.0000e+00   0.0000e+00   2.5050e+02
20191003_12:00:00   1.4452e-01   4.0261e+01   3.3234e+00   0.0000e+00   0.0000e+00   2.5083e+02
20191003_15:00:00   1.5091e-01   4.1753e+01   3.4600e+00   0.0000e+00   0.0000e+00   2.4945e+02
20191003_18:00:00   1.3624e-01   3.8345e+01   3.1365e+00   0.0000e+00   0.0000e+00   2.4883e+02
20191003_21:00:00   1.2746e-01   3.6356e+01   2.9148e+00   0.0000e+00   0.0000e+00   2.4739e+02
20191004_00:00:00   1.4993e-01   4.1653e+01   3.2878e+00   2.3670e-03   0.0000e+00   2.4590e+02
20191004_03:00:00   1.4745e-01   4.1012e+01   3.3738e+00   7.0580e-05   0.0000e+00   2.4760e+02
20191004_06:00:00   1.5122e-01   4.1808e+01   3.4839e+00   0.0000e+00   6.3315e-05   2.4754e+02
20191004_09:00:00   1.5730e-01   4.3066e+01   3.6492e+00   0.0000e+00   8.4419e-06   2.4664e+02
20191004_12:00:00   1.4755e-01   4.0882e+01   3.3990e+00   0.0000e+00   0.0000e+00   2.4684e+02
20191004_15:00:00   1.4520e-01   4.0193e+01   3.3848e+00   0.0000e+00   6.0912e-04   2.4549e+02
20191004_18:00:00   1.7708e-01   4.7494e+01   4.0903e+00   0.0000e+00   1.7953e-03   2.4466e+02
