#            date       tau225        Tb[K]      pwv[mm] lwp[kg*m^-2] iwp[kg*m^-2]       o3[DU]
20190912_06:00:00   2.5048e-01   6.3654e+01   5.5314e+00   0.0000e+00   4.0918e-03   2.4711e+02
20190912_07:00:00   2.5808e-01   6.5216e+01   5.6932e+00   0.0000e+00   7.6613e-03   2.4835e+02
20190912_08:00:00   2.4964e-01   6.3426e+01   5.5293e+00   0.0000e+00   3.5207e-03   2.5051e+02
20190912_09:00:00   2.4651e-01   6.2665e+01   5.5158e+00   0.0000e+00   7.1496e-03   2.5175e+02
20190912_10:00:00   2.2198e-01   5.7513e+01   4.9926e+00   0.0000e+00   4.3397e-03   2.5033e+02
20190912_11:00:00   2.0822e-01   5.4465e+01   4.6542e+00   1.9999e-03   2.1158e-03   2.4948e+02
20190912_12:00:00   1.8807e-01   5.0020e+01   4.2986e+00   8.5581e-04   1.3582e-03   2.4954e+02
20190912_13:00:00   1.8758e-01   4.9875e+01   4.3278e+00   1.3764e-04   4.8777e-03   2.5015e+02
20190912_14:00:00   1.9510e-01   5.1417e+01   4.5044e+00   7.3640e-04   8.8136e-03   2.5123e+02
20190912_15:00:00   1.8312e-01   4.8720e+01   4.3183e+00   0.0000e+00   9.1578e-03   2.5145e+02
20190912_16:00:00   1.9036e-01   5.0372e+01   4.4350e+00   0.0000e+00   1.0374e-02   2.5178e+02
20190912_17:00:00   1.9986e-01   5.2435e+01   4.6331e+00   0.0000e+00   1.9692e-03   2.5186e+02
20190912_18:00:00   2.0060e-01   5.2555e+01   4.6673e+00   0.0000e+00   7.6073e-04   2.5347e+02
20190912_19:00:00   1.9867e-01   5.2152e+01   4.5946e+00   0.0000e+00   1.2652e-03   2.5348e+02
20190912_20:00:00   1.9217e-01   5.0699e+01   4.4583e+00   0.0000e+00   2.9409e-03   2.5375e+02
20190912_21:00:00   1.8262e-01   4.8552e+01   4.2907e+00   0.0000e+00   3.2918e-04   2.5466e+02
20190912_22:00:00   1.7884e-01   4.7691e+01   4.2215e+00   8.5320e-05   1.4220e-03   2.5686e+02
20190912_23:00:00   1.9695e-01   5.1648e+01   4.6453e+00   0.0000e+00   2.0202e-03   2.5823e+02
20190913_00:00:00   2.3926e-01   6.0627e+01   5.6218e+00   2.4660e-04   1.5542e-03   2.5700e+02
20190913_01:00:00   2.9199e-01   7.1412e+01   6.7840e+00   0.0000e+00   6.6654e-04   2.5612e+02
20190913_02:00:00   3.1400e-01   7.5720e+01   7.2354e+00   0.0000e+00   3.6399e-04   2.5672e+02
20190913_03:00:00   3.3555e-01   7.9848e+01   7.6915e+00   1.6220e-04   6.4679e-04   2.5590e+02
20190913_04:00:00   3.3184e-01   7.9149e+01   7.5513e+00   9.8850e-04   9.0672e-04   2.5513e+02
20190913_05:00:00   3.2654e-01   7.8170e+01   7.4701e+00   0.0000e+00   4.3914e-04   2.5554e+02
20190913_06:00:00   3.1482e-01   7.5933e+01   7.2208e+00   0.0000e+00   1.5981e-03   2.5550e+02
20190913_07:00:00   2.9929e-01   7.2897e+01   6.9017e+00   0.0000e+00   1.5036e-02   2.5811e+02
20190913_08:00:00   2.9356e-01   7.1790e+01   6.7747e+00   0.0000e+00   1.0577e-02   2.5952e+02
20190913_09:00:00   2.9302e-01   7.1734e+01   6.7406e+00   0.0000e+00   3.4404e-03   2.6113e+02
20190913_10:00:00   2.8112e-01   6.9414e+01   6.4490e+00   0.0000e+00   2.8086e-03   2.6025e+02
20190913_11:00:00   2.6266e-01   6.5735e+01   6.0391e+00   0.0000e+00   1.1156e-03   2.6079e+02
20190913_12:00:00   2.5003e-01   6.3181e+01   5.7568e+00   0.0000e+00   1.4873e-03   2.6090e+02
20190913_13:00:00   2.3532e-01   6.0161e+01   5.3972e+00   0.0000e+00   2.6864e-03   2.5674e+02
20190913_14:00:00   2.2079e-01   5.7000e+01   5.0948e+00   0.0000e+00   4.4719e-03   2.5508e+02
20190913_15:00:00   2.3330e-01   5.9571e+01   5.3988e+00   0.0000e+00   6.4506e-03   2.5342e+02
20190913_16:00:00   2.3746e-01   6.0334e+01   5.5242e+00   0.0000e+00   7.2696e-03   2.5273e+02
20190913_17:00:00   2.4155e-01   6.1133e+01   5.6258e+00   0.0000e+00   5.0775e-03   2.5248e+02
20190913_18:00:00   2.4875e-01   6.2614e+01   5.7806e+00   0.0000e+00   5.1816e-03   2.5251e+02
20190913_19:00:00   2.5187e-01   6.3307e+01   5.8262e+00   0.0000e+00   7.6301e-03   2.5270e+02
20190913_20:00:00   2.5631e-01   6.4283e+01   5.9123e+00   0.0000e+00   7.8282e-03   2.5391e+02
20190913_21:00:00   2.6962e-01   6.7086e+01   6.1887e+00   0.0000e+00   2.5061e-03   2.5329e+02
20190913_22:00:00   2.9524e-01   7.2185e+01   6.7571e+00   0.0000e+00   2.1202e-03   2.5362e+02
20190913_23:00:00   3.3451e-01   7.9848e+01   7.5803e+00   8.2070e-05   1.7864e-03   2.5351e+02
20190914_00:00:00   3.6144e-01   8.4985e+01   7.9605e+00   2.9000e-03   2.3816e-03   2.5323e+02
20190914_01:00:00   4.1075e-01   9.4140e+01   8.0821e+00   2.0293e-02   3.9060e-03   2.5390e+02
20190914_02:00:00   4.9409e-01   1.0856e+02   8.1143e+00   5.4789e-02   4.7865e-03   2.5569e+02
20190914_03:00:00   6.1321e-01   1.2690e+02   8.7933e+00   9.0454e-02   8.2630e-03   2.5456e+02
20190914_04:00:00   8.1382e-01   1.5357e+02   9.2777e+00   1.6232e-01   5.6740e-03   2.5529e+02
20190914_05:00:00   8.6267e-01   1.5933e+02   9.6196e+00   1.7568e-01   5.8464e-03   2.5641e+02
20190914_06:00:00   8.7199e-01   1.6039e+02   9.8975e+00   1.7372e-01   8.0009e-03   2.5675e+02
20190914_07:00:00   4.3652e-01   9.8122e+01   9.6525e+00   1.8503e-03   1.2831e-02   2.5921e+02
20190914_08:00:00   4.1674e-01   9.4588e+01   9.4103e+00   0.0000e+00   2.0639e-02   2.5997e+02
20190914_09:00:00   4.1842e-01   9.4721e+01   9.4795e+00   8.5240e-05   3.1650e-02   2.5882e+02
20190914_10:00:00   4.2918e-01   9.6516e+01   9.6727e+00   0.0000e+00   7.6724e-02   2.5847e+02
20190914_11:00:00   4.4914e-01   9.9899e+01   1.0061e+01   4.0780e-04   1.0583e-01   2.5787e+02
20190914_12:00:00   4.5222e-01   1.0042e+02   1.0167e+01   0.0000e+00   5.0782e-02   2.5853e+02
20190914_13:00:00   4.3705e-01   9.7942e+01   9.8100e+00   5.7210e-04   3.1008e-02   2.5943e+02
20190914_14:00:00   4.3609e-01   9.7722e+01   9.7890e+00   8.2610e-04   5.1890e-02   2.5854e+02
20190914_15:00:00   4.5085e-01   1.0028e+02   9.9446e+00   2.8557e-03   4.2112e-02   2.5674e+02
20190914_16:00:00   4.5684e-01   1.0107e+02   1.0225e+01   2.4279e-04   1.8657e-01   2.5599e+02
20190914_17:00:00   4.6688e-01   1.0284e+02   1.0374e+01   1.0890e-03   1.2205e-01   2.5740e+02
20190914_18:00:00   4.9874e-01   1.0814e+02   1.0888e+01   3.4600e-03   1.1156e-01   2.5850e+02
20190914_19:00:00   5.1637e-01   1.1101e+02   1.1217e+01   2.9374e-03   7.6420e-02   2.5993e+02
20190914_20:00:00   5.9461e-01   1.2279e+02   1.1975e+01   1.8473e-02   2.8528e-01   2.6023e+02
20190914_21:00:00   7.0247e-01   1.3815e+02   1.2459e+01   5.1520e-02   2.9882e-01   2.5943e+02
20190914_22:00:00   1.0941e+00   1.8139e+02   1.2500e+01   2.1390e-01   2.2207e-01   2.5812e+02
20190914_23:00:00   1.2438e+00   1.9439e+02   1.1922e+01   2.8424e-01   1.2462e-01   2.5433e+02
20190915_00:00:00   1.3302e+00   2.0159e+02   1.1908e+01   3.1728e-01   4.3186e-02   2.5308e+02
20190915_01:00:00   1.4731e+00   2.1108e+02   1.1909e+01   3.7542e-01   8.7034e-02   2.5308e+02
20190915_02:00:00   1.4494e+00   2.0994e+02   1.1861e+01   3.6438e-01   4.2035e-02   2.5076e+02
20190915_03:00:00   1.4064e+00   2.0742e+02   1.1483e+01   3.5167e-01   3.6259e-02   2.5309e+02
20190915_04:00:00   9.8423e-01   1.7225e+02   1.1100e+01   1.8720e-01   3.7957e-03   2.5476e+02
20190915_05:00:00   9.8374e-01   1.7209e+02   1.1235e+01   1.8440e-01   3.1113e-02   2.5609e+02
20190915_06:00:00   1.0660e+00   1.7984e+02   1.2099e+01   2.0292e-01   1.0409e-01   2.5636e+02
20190915_07:00:00   1.6468e+00   2.2126e+02   1.2849e+01   4.2444e-01   3.5349e-01   2.5655e+02
20190915_08:00:00   1.5209e+00   2.1427e+02   1.2788e+01   3.7390e-01   2.8421e-01   2.5860e+02
20190915_09:00:00   1.4916e+00   2.1269e+02   1.2324e+01   3.7107e-01   1.1990e-01   2.5740e+02
20190915_10:00:00   1.9438e+00   2.3490e+02   1.2710e+01   5.5254e-01   1.1344e-01   2.5731e+02
20190915_11:00:00   1.9695e+00   2.3590e+02   1.2848e+01   5.5784e-01   2.3577e-01   2.5653e+02
20190915_12:00:00   1.9304e+00   2.3443e+02   1.2363e+01   5.4985e-01   2.4262e-01   2.5611e+02
20190915_13:00:00   1.6228e+00   2.2035e+02   1.1758e+01   4.3579e-01   6.5449e-02   2.5423e+02
20190915_14:00:00   1.4446e+00   2.0965e+02   1.1806e+01   3.6290e-01   1.3180e-01   2.5440e+02
20190915_15:00:00   1.2053e+00   1.9261e+02   1.1544e+01   2.6763e-01   8.3531e-02   2.5304e+02
20190915_16:00:00   1.3196e+00   2.0135e+02   1.1428e+01   3.1736e-01   3.0958e-02   2.5309e+02
20190915_17:00:00   1.4111e+00   2.0764e+02   1.1989e+01   3.4345e-01   1.0586e-01   2.5379e+02
20190915_18:00:00   1.3425e+00   2.0304e+02   1.2348e+01   3.0771e-01   1.4390e-01   2.5370e+02
20190915_19:00:00   1.3640e+00   2.0472e+02   1.1984e+01   3.2356e-01   2.2475e-02   2.5348e+02
20190915_20:00:00   7.9475e-01   1.5132e+02   1.1941e+01   9.2930e-02   1.0927e-03   2.5269e+02
20190915_21:00:00   6.2886e-01   1.2902e+02   1.2287e+01   1.9177e-02   2.5295e-03   2.5153e+02
20190915_22:00:00   6.1526e-01   1.2703e+02   1.2328e+01   1.2697e-02   5.2430e-03   2.5212e+02
20190915_23:00:00   7.1461e-01   1.4097e+02   1.2230e+01   5.4940e-02   1.4847e-02   2.5245e+02
20190916_00:00:00   9.4144e-01   1.6778e+02   1.2001e+01   1.5375e-01   2.4558e-02   2.5121e+02
20190916_01:00:00   8.3187e-01   1.5543e+02   1.1874e+01   1.1314e-01   1.2177e-02   2.5053e+02
20190916_02:00:00   6.8245e-01   1.3649e+02   1.1867e+01   5.2473e-02   6.9814e-03   2.5034e+02
20190916_03:00:00   5.7387e-01   1.2094e+02   1.1750e+01   1.0191e-02   3.4903e-03   2.4938e+02
20190916_04:00:00   5.8091e-01   1.2184e+02   1.1926e+01   1.0427e-02   2.1111e-02   2.4900e+02
20190916_05:00:00   6.0730e-01   1.2556e+02   1.2359e+01   1.1452e-02   1.6036e-01   2.4988e+02
20190916_06:00:00   7.3812e-01   1.4394e+02   1.2186e+01   6.6688e-02   1.5277e-01   2.5054e+02
20190916_07:00:00   8.4938e-01   1.5739e+02   1.1999e+01   1.1760e-01   9.8144e-02   2.5160e+02
20190916_08:00:00   7.5944e-01   1.4651e+02   1.1896e+01   8.4123e-02   5.6636e-02   2.5358e+02
20190916_09:00:00   5.7760e-01   1.2128e+02   1.1809e+01   1.2858e-02   2.7754e-02   2.5613e+02
20190916_10:00:00   5.3628e-01   1.1491e+02   1.1642e+01   9.6340e-04   8.0884e-03   2.5318e+02
20190916_11:00:00   5.3443e-01   1.1462e+02   1.1612e+01   1.7892e-03   7.1855e-03   2.5357e+02
20190916_12:00:00   5.2690e-01   1.1342e+02   1.1522e+01   0.0000e+00   1.7033e-02   2.5351e+02
20190916_13:00:00   5.1402e-01   1.1140e+02   1.1298e+01   0.0000e+00   2.7320e-03   2.5366e+02
20190916_14:00:00   4.9753e-01   1.0875e+02   1.0971e+01   0.0000e+00   1.8318e-03   2.5202e+02
20190916_15:00:00   4.8669e-01   1.0695e+02   1.0753e+01   0.0000e+00   2.0035e-03   2.5014e+02
20190916_16:00:00   4.8048e-01   1.0587e+02   1.0647e+01   0.0000e+00   9.4693e-04   2.4923e+02
20190916_17:00:00   4.8426e-01   1.0648e+02   1.0712e+01   0.0000e+00   1.5387e-03   2.4936e+02
20190916_18:00:00   4.8065e-01   1.0595e+02   1.0602e+01   0.0000e+00   3.9186e-05   2.4899e+02
20190916_19:00:00   4.7854e-01   1.0568e+02   1.0531e+01   0.0000e+00   2.2020e-06   2.4961e+02
20190916_20:00:00   4.7162e-01   1.0461e+02   1.0406e+01   0.0000e+00   6.8980e-06   2.5265e+02
20190916_21:00:00   4.6156e-01   1.0305e+02   1.0209e+01   0.0000e+00   6.3180e-07   2.5224e+02
20190916_22:00:00   4.5598e-01   1.0217e+02   1.0070e+01   0.0000e+00   1.7617e-06   2.5229e+02
20190916_23:00:00   4.5345e-01   1.0177e+02   1.0012e+01   0.0000e+00   6.9180e-06   2.5238e+02
20190917_00:00:00   4.5563e-01   1.0217e+02   1.0040e+01   0.0000e+00   2.8086e-05   2.5171e+02
20190917_01:00:00   4.6717e-01   1.0414e+02   1.0271e+01   8.2480e-05   1.0153e-04   2.5209e+02
20190917_02:00:00   4.9184e-01   1.0818e+02   1.0756e+01   7.4280e-04   5.3213e-04   2.4994e+02
20190917_03:00:00   5.1358e-01   1.1169e+02   1.1212e+01   0.0000e+00   2.1133e-04   2.4941e+02
20190917_04:00:00   5.3959e-01   1.1571e+02   1.1691e+01   0.0000e+00   1.0705e-04   2.5010e+02
20190917_05:00:00   5.5337e-01   1.1775e+02   1.1890e+01   9.8200e-04   5.6143e-04   2.5128e+02
20190917_06:00:00   5.9079e-01   1.2334e+02   1.1961e+01   1.5386e-02   5.6389e-03   2.5244e+02
20190917_09:00:00   5.3664e-01   1.1520e+02   1.1609e+01   9.8200e-04   1.5286e-03   2.5337e+02
20190917_12:00:00   4.9130e-01   1.0809e+02   1.0741e+01   0.0000e+00   6.3180e-07   2.5346e+02
20190917_15:00:00   4.6348e-01   1.0355e+02   1.0114e+01   0.0000e+00   8.2140e-06   2.5269e+02
20190917_18:00:00   4.5449e-01   1.0209e+02   9.8493e+00   0.0000e+00   1.4497e-05   2.5098e+02
20190917_21:00:00   4.3874e-01   9.9493e+01   9.5208e+00   0.0000e+00   6.7544e-05   2.5349e+02
20190918_00:00:00   4.3626e-01   9.9072e+01   9.5409e+00   0.0000e+00   5.3180e-05   2.5232e+02
20190918_03:00:00   4.5428e-01   1.0197e+02   1.0084e+01   0.0000e+00   2.1221e-04   2.5353e+02
20190918_06:00:00   4.2633e-01   9.7090e+01   9.5735e+00   0.0000e+00   6.5480e-06   2.5651e+02
20190918_09:00:00   3.5900e-01   8.4919e+01   8.1755e+00   0.0000e+00   0.0000e+00   2.5418e+02
20190918_12:00:00   2.8527e-01   7.0769e+01   6.5379e+00   0.0000e+00   0.0000e+00   2.5438e+02
20190918_15:00:00   2.3890e-01   6.1146e+01   5.5612e+00   0.0000e+00   1.4763e-05   2.5230e+02
20190918_18:00:00   2.1184e-01   5.5370e+01   4.9742e+00   0.0000e+00   6.1464e-05   2.5271e+02
20190918_21:00:00   2.2107e-01   5.7137e+01   5.2818e+00   0.0000e+00   3.2983e-04   2.5160e+02
20190919_00:00:00   2.6658e-01   6.6566e+01   6.3607e+00   2.4490e-04   4.3009e-04   2.4984e+02
20190919_03:00:00   3.0061e-01   7.3735e+01   6.9986e+00   0.0000e+00   7.9979e-03   2.4912e+02
20190919_06:00:00   2.9842e-01   7.3357e+01   6.8471e+00   0.0000e+00   1.1348e-02   2.4870e+02
20190919_09:00:00   2.6814e-01   6.7195e+01   6.2155e+00   0.0000e+00   2.0701e-02   2.5078e+02
20190919_12:00:00   2.5209e-01   6.3789e+01   5.8948e+00   0.0000e+00   9.5633e-03   2.4988e+02
20190919_15:00:00   2.6640e-01   6.6621e+01   6.2736e+00   0.0000e+00   8.7543e-03   2.5042e+02
20190919_18:00:00   2.4042e-01   6.1422e+01   5.6383e+00   0.0000e+00   9.9170e-03   2.5035e+02
20190919_21:00:00   1.9259e-01   5.1171e+01   4.5347e+00   0.0000e+00   2.4840e-02   2.5164e+02
20190920_00:00:00   1.7550e-01   4.7320e+01   4.1643e+00   0.0000e+00   1.8673e-02   2.5039e+02
20190920_03:00:00   1.5525e-01   4.2764e+01   3.6755e+00   0.0000e+00   4.0517e-03   2.5064e+02
20190920_06:00:00   1.4323e-01   3.9823e+01   3.4071e+00   0.0000e+00   4.3106e-02   2.5190e+02
20190920_09:00:00   1.4314e-01   3.9689e+01   3.4404e+00   0.0000e+00   4.9283e-02   2.5582e+02
20190920_12:00:00   1.2522e-01   3.5512e+01   3.0278e+00   0.0000e+00   1.6151e-02   2.5598e+02
20190920_15:00:00   1.3514e-01   3.7797e+01   3.2772e+00   0.0000e+00   1.0681e-02   2.5649e+02
20190920_18:00:00   1.3456e-01   3.7693e+01   3.2604e+00   0.0000e+00   2.2429e-03   2.5642e+02
20190920_21:00:00   1.3234e-01   3.7192e+01   3.2094e+00   0.0000e+00   7.6316e-04   2.5760e+02
20190921_00:00:00   1.5230e-01   4.1879e+01   3.6645e+00   0.0000e+00   4.8713e-04   2.5668e+02
20190921_03:00:00   1.8681e-01   4.9443e+01   4.5448e+00   0.0000e+00   3.6219e-03   2.5363e+02
20190921_06:00:00   1.9219e-01   5.0463e+01   4.7076e+00   0.0000e+00   1.0269e-02   2.5490e+02
20190921_09:00:00   2.1174e-01   5.4503e+01   5.2256e+00   0.0000e+00   4.5137e-03   2.5729e+02
20190921_12:00:00   2.2178e-01   5.6567e+01   5.4694e+00   0.0000e+00   5.4291e-03   2.5681e+02
20190921_15:00:00   2.5618e-01   6.3556e+01   6.3214e+00   0.0000e+00   5.1173e-03   2.5422e+02
20190921_18:00:00   2.7879e-01   6.8001e+01   6.8305e+00   0.0000e+00   9.6596e-03   2.5729e+02
20190921_21:00:00   2.8519e-01   6.9460e+01   6.8958e+00   0.0000e+00   1.3392e-02   2.5852e+02
20190922_00:00:00   2.7198e-01   6.7518e+01   6.3629e+00   0.0000e+00   2.4982e-03   2.5838e+02
20190922_03:00:00   3.2680e-01   7.8814e+01   7.2759e+00   0.0000e+00   6.3299e-04   2.5503e+02
20190922_06:00:00   3.3201e-01   8.0094e+01   7.1687e+00   0.0000e+00   4.4040e-06   2.5332e+02
20190922_09:00:00   3.1176e-01   7.6087e+01   6.7714e+00   0.0000e+00   4.0800e-06   2.5876e+02
20190922_12:00:00   2.7671e-01   6.9046e+01   6.1249e+00   0.0000e+00   1.6432e-04   2.5685e+02
20190922_15:00:00   2.3708e-01   6.0910e+01   5.2784e+00   0.0000e+00   5.7440e-06   2.5529e+02
20190922_18:00:00   2.1711e-01   5.6781e+01   4.8272e+00   0.0000e+00   0.0000e+00   2.5610e+02
20190922_21:00:00   2.0573e-01   5.4287e+01   4.6080e+00   0.0000e+00   0.0000e+00   2.5610e+02
20190923_00:00:00   2.2915e-01   5.9287e+01   5.0920e+00   1.9820e-03   7.0518e-04   2.5552e+02
20190923_03:00:00   2.7160e+00   2.5779e+02   9.1448e+00   9.3754e-01   2.5266e-03   2.5433e+02
20190923_06:00:00   3.7817e-01   8.8296e+01   6.9512e+00   2.9204e-02   2.0050e-02   2.5483e+02
20190923_09:00:00   2.1845e-01   5.6833e+01   5.0076e+00   0.0000e+00   1.0728e-03   2.5739e+02
20190923_12:00:00   1.9862e-01   5.2405e+01   4.6013e+00   0.0000e+00   1.6796e-03   2.5692e+02
20190923_15:00:00   1.9116e-01   5.0701e+01   4.4645e+00   0.0000e+00   1.2082e-03   2.5581e+02
20190923_18:00:00   1.9566e-01   5.1749e+01   4.5553e+00   0.0000e+00   0.0000e+00   2.5725e+02
20190923_21:00:00   2.0190e-01   5.3165e+01   4.6726e+00   0.0000e+00   0.0000e+00   2.5634e+02
20190924_00:00:00   2.1435e-01   5.5884e+01   4.9416e+00   0.0000e+00   0.0000e+00   2.5483e+02
20190924_03:00:00   3.2231e-01   7.8394e+01   5.7311e+00   2.7920e-02   9.7883e-21   2.5576e+02
20190924_06:00:00   2.4676e-01   6.3026e+01   5.5105e+00   0.0000e+00   0.0000e+00   2.5723e+02
20190924_09:00:00   2.0133e-01   5.3298e+01   4.5495e+00   0.0000e+00   0.0000e+00   2.5758e+02
20190924_12:00:00   1.8490e-01   4.9622e+01   4.2048e+00   0.0000e+00   0.0000e+00   2.5814e+02
20190924_15:00:00   1.7231e-01   4.6881e+01   3.9084e+00   0.0000e+00   0.0000e+00   2.5663e+02
20190924_18:00:00   1.6618e-01   4.5558e+01   3.7638e+00   0.0000e+00   0.0000e+00   2.5763e+02
20190924_21:00:00   1.7527e-01   4.7698e+01   3.9457e+00   0.0000e+00   0.0000e+00   2.5456e+02
20190925_00:00:00   2.3369e-01   6.0724e+01   4.4892e+00   1.2080e-02   0.0000e+00   2.5473e+02
20190925_03:00:00   2.3047e-01   5.9980e+01   4.8585e+00   3.5160e-03   0.0000e+00   2.5549e+02
20190925_06:00:00   1.9489e-01   5.2258e+01   4.2770e+00   4.5520e-04   0.0000e+00   2.5514e+02
20190925_09:00:00   1.7253e-01   4.7192e+01   3.8383e+00   0.0000e+00   0.0000e+00   2.5547e+02
20190925_12:00:00   1.6134e-01   4.4571e+01   3.5947e+00   0.0000e+00   0.0000e+00   2.5546e+02
20190925_15:00:00   1.5365e-01   4.2831e+01   3.4175e+00   0.0000e+00   0.0000e+00   2.5593e+02
20190925_18:00:00   1.4936e-01   4.1876e+01   3.3226e+00   0.0000e+00   0.0000e+00   2.5535e+02
20190925_21:00:00   1.4497e-01   4.0897e+01   3.2131e+00   0.0000e+00   0.0000e+00   2.5481e+02
20190926_00:00:00   1.5143e-01   4.2402e+01   3.3379e+00   0.0000e+00   0.0000e+00   2.5556e+02
20190926_03:00:00   5.7336e-01   1.2293e+02   4.5965e+00   1.4317e-01   0.0000e+00   2.5662e+02
20190926_06:00:00   2.1074e-01   5.5913e+01   3.4998e+00   2.0460e-02   0.0000e+00   2.5682e+02
20190926_09:00:00   1.4856e-01   4.1662e+01   3.2606e+00   0.0000e+00   0.0000e+00   2.5871e+02
20190926_12:00:00   1.3849e-01   3.9274e+01   3.0286e+00   0.0000e+00   0.0000e+00   2.5819e+02
20190926_15:00:00   1.4064e-01   3.9773e+01   3.0678e+00   0.0000e+00   0.0000e+00   2.5657e+02
20190926_18:00:00   1.3980e-01   3.9634e+01   3.0321e+00   0.0000e+00   0.0000e+00   2.5576e+02
20190926_21:00:00   1.3842e-01   3.9338e+01   2.9933e+00   0.0000e+00   0.0000e+00   2.5489e+02
20190927_00:00:00   1.4138e-01   3.9933e+01   3.0809e+00   0.0000e+00   0.0000e+00   2.5563e+02
20190927_03:00:00   1.5214e-01   4.2287e+01   3.3600e+00   0.0000e+00   0.0000e+00   2.5088e+02
20190927_06:00:00   1.4943e-01   4.1541e+01   3.3438e+00   0.0000e+00   0.0000e+00   2.5263e+02
20190927_09:00:00   1.3835e-01   3.8869e+01   3.1222e+00   0.0000e+00   0.0000e+00   2.5301e+02
20190927_12:00:00   1.4041e-01   3.9261e+01   3.1966e+00   0.0000e+00   0.0000e+00   2.5267e+02
20190927_15:00:00   1.3371e-01   3.7784e+01   3.0055e+00   0.0000e+00   0.0000e+00   2.5276e+02
20190927_18:00:00   1.1713e-01   3.3994e+01   2.5871e+00   0.0000e+00   0.0000e+00   2.5353e+02
20190927_21:00:00   1.2132e-01   3.4954e+01   2.7029e+00   0.0000e+00   0.0000e+00   2.5248e+02
20190928_00:00:00   1.2603e-01   3.6048e+01   2.8258e+00   0.0000e+00   0.0000e+00   2.5289e+02
20190928_03:00:00   1.6316e-01   4.4654e+01   3.6669e+00   0.0000e+00   0.0000e+00   2.5169e+02
20190928_06:00:00   1.7794e-01   4.7989e+01   4.0162e+00   0.0000e+00   0.0000e+00   2.5223e+02
