#            date       tau225        Tb[K]      pwv[mm] lwp[kg*m^-2] iwp[kg*m^-2]       o3[DU]
20190927_00:00:00   1.9123e-01   5.1050e+01   4.3609e+00   0.0000e+00   0.0000e+00   2.5565e+02
20190927_01:00:00   2.0039e-01   5.3129e+01   4.5579e+00   0.0000e+00   0.0000e+00   2.5453e+02
20190927_02:00:00   2.0182e-01   5.3483e+01   4.5788e+00   0.0000e+00   0.0000e+00   2.5512e+02
20190927_03:00:00   1.9426e-01   5.1911e+01   4.3826e+00   0.0000e+00   0.0000e+00   2.5542e+02
20190927_04:00:00   1.9246e-01   5.1574e+01   4.3341e+00   0.0000e+00   0.0000e+00   2.5516e+02
20190927_05:00:00   1.9525e-01   5.2260e+01   4.2591e+00   2.2140e-03   0.0000e+00   2.5531e+02
20190927_06:00:00   1.8285e-01   4.9522e+01   4.0799e+00   0.0000e+00   0.0000e+00   2.5581e+02
20190927_07:00:00   1.8137e-01   4.9159e+01   4.0509e+00   0.0000e+00   0.0000e+00   2.5849e+02
20190927_08:00:00   1.8119e-01   4.9062e+01   4.0524e+00   0.0000e+00   0.0000e+00   2.5986e+02
20190927_09:00:00   1.7921e-01   4.8619e+01   3.9941e+00   0.0000e+00   0.0000e+00   2.5980e+02
20190927_10:00:00   1.7658e-01   4.8058e+01   3.9175e+00   0.0000e+00   0.0000e+00   2.5611e+02
20190927_11:00:00   1.7488e-01   4.7699e+01   3.8657e+00   0.0000e+00   0.0000e+00   2.5563e+02
20190927_12:00:00   1.7373e-01   4.7453e+01   3.8340e+00   0.0000e+00   0.0000e+00   2.5638e+02
20190927_13:00:00   1.7287e-01   4.7285e+01   3.8138e+00   0.0000e+00   0.0000e+00   2.5458e+02
20190927_14:00:00   1.7434e-01   4.7644e+01   3.8291e+00   0.0000e+00   0.0000e+00   2.5412e+02
20190927_15:00:00   1.7644e-01   4.8145e+01   3.8525e+00   0.0000e+00   0.0000e+00   2.5451e+02
20190927_16:00:00   1.7851e-01   4.8618e+01   3.8880e+00   0.0000e+00   0.0000e+00   2.5392e+02
20190927_17:00:00   1.7727e-01   4.8342e+01   3.8578e+00   0.0000e+00   0.0000e+00   2.5374e+02
20190927_18:00:00   1.7630e-01   4.8139e+01   3.8324e+00   0.0000e+00   0.0000e+00   2.5254e+02
20190927_19:00:00   1.7971e-01   4.8911e+01   3.9034e+00   0.0000e+00   0.0000e+00   2.5129e+02
20190927_20:00:00   1.8416e-01   4.9910e+01   3.9925e+00   0.0000e+00   0.0000e+00   2.5072e+02
20190927_21:00:00   1.9114e-01   5.1493e+01   4.1328e+00   0.0000e+00   0.0000e+00   2.5108e+02
20190927_22:00:00   1.9122e-01   5.1526e+01   4.1385e+00   0.0000e+00   0.0000e+00   2.5147e+02
20190927_23:00:00   1.8984e-01   5.1231e+01   4.1140e+00   0.0000e+00   0.0000e+00   2.5234e+02
20190928_00:00:00   1.9862e-01   5.3178e+01   4.3019e+00   0.0000e+00   0.0000e+00   2.5177e+02
20190928_01:00:00   1.9835e-01   5.3120e+01   4.2981e+00   0.0000e+00   0.0000e+00   2.5179e+02
20190928_02:00:00   1.9543e-01   5.2482e+01   4.2322e+00   0.0000e+00   0.0000e+00   2.5135e+02
20190928_03:00:00   1.9246e-01   5.1855e+01   4.1558e+00   0.0000e+00   0.0000e+00   2.5031e+02
20190928_04:00:00   1.9299e-01   5.2020e+01   4.1519e+00   0.0000e+00   0.0000e+00   2.5079e+02
20190928_05:00:00   1.9140e-01   5.1691e+01   4.1066e+00   0.0000e+00   0.0000e+00   2.5100e+02
20190928_06:00:00   1.8699e-01   5.0704e+01   4.0179e+00   0.0000e+00   0.0000e+00   2.5057e+02
20190928_07:00:00   1.7386e-01   4.7699e+01   3.7640e+00   0.0000e+00   0.0000e+00   2.5120e+02
20190928_08:00:00   1.6342e-01   4.5264e+01   3.5660e+00   0.0000e+00   0.0000e+00   2.5098e+02
20190928_09:00:00   1.5879e-01   4.4176e+01   3.4741e+00   0.0000e+00   0.0000e+00   2.5031e+02
20190928_10:00:00   1.6096e-01   4.4631e+01   3.5320e+00   0.0000e+00   0.0000e+00   2.5004e+02
20190928_11:00:00   1.7285e-01   4.7266e+01   3.8098e+00   0.0000e+00   0.0000e+00   2.5024e+02
20190928_12:00:00   1.8544e-01   5.0037e+01   4.0942e+00   0.0000e+00   0.0000e+00   2.5109e+02
20190928_13:00:00   1.9517e-01   5.2205e+01   4.2877e+00   0.0000e+00   0.0000e+00   2.4972e+02
20190928_14:00:00   1.9748e-01   5.2760e+01   4.3201e+00   0.0000e+00   0.0000e+00   2.4851e+02
20190928_15:00:00   1.9878e-01   5.3079e+01   4.3357e+00   0.0000e+00   0.0000e+00   2.4795e+02
20190928_16:00:00   2.0795e-01   5.5126e+01   4.5018e+00   0.0000e+00   0.0000e+00   2.4855e+02
20190928_17:00:00   2.2292e-01   5.8383e+01   4.7806e+00   0.0000e+00   0.0000e+00   2.4903e+02
20190928_18:00:00   2.3920e-01   6.1895e+01   5.0870e+00   0.0000e+00   0.0000e+00   2.4830e+02
20190928_19:00:00   2.5425e-01   6.5088e+01   5.3618e+00   0.0000e+00   0.0000e+00   2.4829e+02
20190928_20:00:00   2.6615e-01   6.7571e+01   5.5875e+00   0.0000e+00   0.0000e+00   2.4922e+02
20190928_21:00:00   2.7305e-01   6.8963e+01   5.7511e+00   0.0000e+00   3.3840e-06   2.5034e+02
20190928_22:00:00   2.8334e-01   7.0927e+01   6.0451e+00   0.0000e+00   1.5510e-04   2.5067e+02
20190928_23:00:00   3.0982e-01   7.6033e+01   6.6065e+00   1.2400e-03   3.4915e-04   2.5163e+02
20190929_00:00:00   3.3415e-01   8.0548e+01   7.2268e+00   6.9860e-04   7.9356e-04   2.5180e+02
20190929_01:00:00   3.4608e-01   8.2706e+01   7.5577e+00   0.0000e+00   5.5081e-04   2.5431e+02
20190929_02:00:00   3.4337e-01   8.2156e+01   7.5396e+00   0.0000e+00   8.8980e-04   2.5645e+02
20190929_03:00:00   3.3037e-01   7.9640e+01   7.3073e+00   0.0000e+00   6.2060e-04   2.5686e+02
20190929_04:00:00   3.1516e-01   7.6713e+01   6.9929e+00   0.0000e+00   1.8500e-04   2.5713e+02
20190929_05:00:00   3.0082e-01   7.3876e+01   6.6830e+00   0.0000e+00   4.5963e-04   2.5572e+02
20190929_06:00:00   2.8870e-01   7.1481e+01   6.4221e+00   0.0000e+00   3.7935e-04   2.5597e+02
20190929_07:00:00   2.8197e-01   7.0124e+01   6.2657e+00   0.0000e+00   2.9117e-04   2.5651e+02
20190929_08:00:00   2.7890e-01   6.9454e+01   6.2177e+00   0.0000e+00   3.8222e-04   2.5578e+02
20190929_09:00:00   2.7823e-01   6.9251e+01   6.2262e+00   0.0000e+00   1.7398e-04   2.5571e+02
20190929_10:00:00   2.7496e-01   6.8516e+01   6.1773e+00   0.0000e+00   2.6646e-04   2.5509e+02
20190929_11:00:00   2.7272e-01   6.7977e+01   6.1639e+00   0.0000e+00   9.6962e-05   2.5469e+02
20190929_12:00:00   2.6552e-01   6.6475e+01   6.0181e+00   0.0000e+00   8.7616e-04   2.5360e+02
20190929_13:00:00   2.5476e-01   6.4272e+01   5.7961e+00   0.0000e+00   8.6563e-04   2.5238e+02
20190929_14:00:00   2.4069e-01   6.1318e+01   5.5121e+00   0.0000e+00   7.1935e-04   2.5270e+02
20190929_15:00:00   2.2867e-01   5.8721e+01   5.2802e+00   0.0000e+00   1.1916e-04   2.5298e+02
20190929_16:00:00   2.2061e-01   5.6917e+01   5.1331e+00   0.0000e+00   8.2120e-06   2.5411e+02
20190929_17:00:00   2.1002e-01   5.4593e+01   4.9158e+00   0.0000e+00   0.0000e+00   2.5337e+02
20190929_18:00:00   2.0203e-01   5.2863e+01   4.7289e+00   0.0000e+00   0.0000e+00   2.5359e+02
20190929_19:00:00   1.9106e-01   5.0515e+01   4.4591e+00   0.0000e+00   0.0000e+00   2.5320e+02
20190929_20:00:00   1.7719e-01   4.7477e+01   4.1266e+00   0.0000e+00   0.0000e+00   2.5285e+02
20190929_21:00:00   1.6504e-01   4.4807e+01   3.8276e+00   0.0000e+00   0.0000e+00   2.5380e+02
20190929_22:00:00   1.5559e-01   4.2732e+01   3.5825e+00   0.0000e+00   0.0000e+00   2.5532e+02
20190929_23:00:00   1.5234e-01   4.2083e+01   3.4786e+00   0.0000e+00   0.0000e+00   2.5636e+02
20190930_00:00:00   1.4991e-01   4.1586e+01   3.3920e+00   2.5030e-04   0.0000e+00   2.5563e+02
20190930_01:00:00   1.4410e-01   4.0269e+01   3.2690e+00   0.0000e+00   0.0000e+00   2.5557e+02
20190930_02:00:00   1.3603e-01   3.8397e+01   3.0787e+00   0.0000e+00   0.0000e+00   2.5578e+02
20190930_03:00:00   1.2521e-01   3.5851e+01   2.8296e+00   0.0000e+00   0.0000e+00   2.5725e+02
20190930_04:00:00   1.2097e-01   3.4856e+01   2.7270e+00   0.0000e+00   0.0000e+00   2.5783e+02
20190930_05:00:00   1.2138e-01   3.4964e+01   2.7293e+00   0.0000e+00   0.0000e+00   2.5896e+02
20190930_06:00:00   1.1855e-01   3.4309e+01   2.6595e+00   0.0000e+00   0.0000e+00   2.6092e+02
20190930_07:00:00   1.1453e-01   3.3347e+01   2.5635e+00   0.0000e+00   0.0000e+00   2.6093e+02
20190930_08:00:00   1.1133e-01   3.2590e+01   2.4836e+00   0.0000e+00   0.0000e+00   2.6054e+02
20190930_09:00:00   1.0956e-01   3.2169e+01   2.4369e+00   0.0000e+00   0.0000e+00   2.6174e+02
20190930_10:00:00   1.0762e-01   3.1712e+01   2.3866e+00   0.0000e+00   0.0000e+00   2.6210e+02
20190930_11:00:00   1.0717e-01   3.1597e+01   2.3769e+00   0.0000e+00   0.0000e+00   2.6240e+02
20190930_12:00:00   1.0619e-01   3.1345e+01   2.3550e+00   0.0000e+00   0.0000e+00   2.6147e+02
20190930_13:00:00   1.0469e-01   3.0974e+01   2.3227e+00   0.0000e+00   0.0000e+00   2.6139e+02
20190930_14:00:00   1.0545e-01   3.1162e+01   2.3390e+00   0.0000e+00   0.0000e+00   2.6064e+02
20190930_15:00:00   1.0761e-01   3.1694e+01   2.3836e+00   0.0000e+00   0.0000e+00   2.5999e+02
20190930_16:00:00   1.0985e-01   3.2241e+01   2.4339e+00   0.0000e+00   0.0000e+00   2.6047e+02
20190930_17:00:00   1.1131e-01   3.2585e+01   2.4694e+00   0.0000e+00   0.0000e+00   2.5961e+02
20190930_18:00:00   1.1174e-01   3.2687e+01   2.4795e+00   0.0000e+00   0.0000e+00   2.5798e+02
20190930_19:00:00   1.1235e-01   3.2844e+01   2.4901e+00   0.0000e+00   0.0000e+00   2.5876e+02
20190930_20:00:00   1.1501e-01   3.3495e+01   2.5456e+00   0.0000e+00   0.0000e+00   2.6001e+02
20190930_21:00:00   1.1827e-01   3.4286e+01   2.6143e+00   0.0000e+00   0.0000e+00   2.5960e+02
20190930_22:00:00   1.2733e-01   3.6465e+01   2.7946e+00   1.6070e-04   0.0000e+00   2.5976e+02
20190930_23:00:00   1.8590e-01   5.0111e+01   2.9545e+00   2.0530e-02   0.0000e+00   2.5952e+02
20191001_00:00:00   2.0270e-01   5.3843e+01   3.0107e+00   2.6209e-02   0.0000e+00   2.6026e+02
20191001_01:00:00   3.6065e-01   8.6128e+01   3.0692e+00   8.9070e-02   0.0000e+00   2.5983e+02
20191001_02:00:00   1.8868e-01   5.0661e+01   2.9774e+00   2.1175e-02   0.0000e+00   2.6025e+02
20191001_03:00:00   1.6372e-01   4.5041e+01   2.7855e+00   1.4662e-02   0.0000e+00   2.6066e+02
20191001_04:00:00   1.2385e-01   3.5651e+01   2.7092e+00   0.0000e+00   0.0000e+00   2.6036e+02
20191001_05:00:00   1.2176e-01   3.5167e+01   2.6579e+00   0.0000e+00   0.0000e+00   2.5947e+02
20191001_06:00:00   1.2055e-01   3.4889e+01   2.6282e+00   0.0000e+00   0.0000e+00   2.5942e+02
20191001_07:00:00   1.1951e-01   3.4650e+01   2.6006e+00   0.0000e+00   0.0000e+00   2.5907e+02
20191001_08:00:00   1.1558e-01   3.3715e+01   2.5142e+00   0.0000e+00   0.0000e+00   2.6093e+02
20191001_09:00:00   1.1747e-01   3.4183e+01   2.5542e+00   0.0000e+00   0.0000e+00   2.6006e+02
20191001_10:00:00   1.2115e-01   3.5068e+01   2.6290e+00   0.0000e+00   0.0000e+00   2.6058e+02
20191001_11:00:00   1.2497e-01   3.5973e+01   2.7127e+00   0.0000e+00   0.0000e+00   2.6055e+02
20191001_12:00:00   1.2187e-01   3.5220e+01   2.6432e+00   0.0000e+00   0.0000e+00   2.6020e+02
20191001_13:00:00   1.1456e-01   3.3452e+01   2.4801e+00   0.0000e+00   0.0000e+00   2.6065e+02
20191001_14:00:00   1.0880e-01   3.2056e+01   2.3509e+00   0.0000e+00   0.0000e+00   2.6005e+02
20191001_15:00:00   1.0476e-01   3.1070e+01   2.2608e+00   0.0000e+00   0.0000e+00   2.6047e+02
20191001_16:00:00   1.0047e-01   3.0024e+01   2.1672e+00   0.0000e+00   0.0000e+00   2.6026e+02
20191001_17:00:00   9.7405e-02   2.9265e+01   2.0982e+00   0.0000e+00   0.0000e+00   2.6208e+02
20191001_18:00:00   9.6622e-02   2.9080e+01   2.0772e+00   0.0000e+00   0.0000e+00   2.6279e+02
20191001_19:00:00   1.0075e-01   3.0116e+01   2.1601e+00   0.0000e+00   0.0000e+00   2.6130e+02
20191001_20:00:00   1.1765e-01   3.4240e+01   2.5120e+00   0.0000e+00   0.0000e+00   2.6134e+02
20191001_21:00:00   1.2916e-01   3.7000e+01   2.7454e+00   0.0000e+00   0.0000e+00   2.6194e+02
20191001_22:00:00   1.1221e-01   3.2956e+01   2.3799e+00   7.8750e-05   0.0000e+00   2.6244e+02
20191001_23:00:00   1.2875e-01   3.6952e+01   2.3462e+00   7.3510e-03   0.0000e+00   2.6227e+02
20191002_00:00:00   1.1236e-01   3.3002e+01   2.3481e+00   4.5750e-04   0.0000e+00   2.6138e+02
20191002_03:00:00   1.0525e-01   3.1288e+01   2.2247e+00   7.5280e-05   0.0000e+00   2.5948e+02
20191002_06:00:00   1.6102e-01   4.4462e+01   3.4059e+00   0.0000e+00   0.0000e+00   2.5899e+02
20191002_09:00:00   2.2387e-01   5.8283e+01   4.6955e+00   0.0000e+00   0.0000e+00   2.5908e+02
20191002_12:00:00   1.1094e-01   3.2625e+01   2.3494e+00   0.0000e+00   0.0000e+00   2.5651e+02
20191002_15:00:00   9.1687e-02   2.7868e+01   1.9487e+00   0.0000e+00   0.0000e+00   2.5769e+02
20191002_18:00:00   1.0364e-01   3.0743e+01   2.2274e+00   0.0000e+00   0.0000e+00   2.5463e+02
20191002_21:00:00   1.4389e-01   4.0323e+01   3.1019e+00   0.0000e+00   0.0000e+00   2.5674e+02
20191003_00:00:00   1.6806e-01   4.5911e+01   3.3854e+00   4.1520e-03   0.0000e+00   2.5572e+02
20191003_03:00:00   1.5624e-01   4.3160e+01   3.3752e+00   0.0000e+00   0.0000e+00   2.5735e+02
20191003_06:00:00   1.7787e-01   4.7892e+01   3.9007e+00   0.0000e+00   0.0000e+00   2.5842e+02
20191003_09:00:00   1.9037e-01   5.0481e+01   4.2198e+00   0.0000e+00   0.0000e+00   2.5926e+02
20191003_12:00:00   1.6625e-01   4.4940e+01   3.7562e+00   0.0000e+00   0.0000e+00   2.5426e+02
20191003_15:00:00   1.7727e-01   4.7394e+01   4.0126e+00   0.0000e+00   0.0000e+00   2.5297e+02
20191003_18:00:00   2.6421e-01   6.6110e+01   5.7507e+00   0.0000e+00   1.2634e-06   2.5180e+02
20191003_21:00:00   3.5882e-01   8.4451e+01   7.6595e+00   8.1630e-05   1.4790e-03   2.5412e+02
20191004_00:00:00   4.4920e-01   1.0031e+02   8.9235e+00   1.4289e-02   5.3884e-03   2.5337e+02
20191004_03:00:00   3.6661e-01   8.5545e+01   8.1023e+00   0.0000e+00   2.3052e-03   2.5323e+02
20191004_06:00:00   2.5256e-01   6.3245e+01   5.8358e+00   0.0000e+00   8.8764e-04   2.5456e+02
20191004_09:00:00   1.8930e-01   4.9753e+01   4.4711e+00   0.0000e+00   4.2741e-03   2.5287e+02
20191004_12:00:00   1.8585e-01   4.8992e+01   4.4148e+00   0.0000e+00   3.7944e-03   2.4988e+02
20191004_15:00:00   2.1291e-01   5.5016e+01   4.9726e+00   0.0000e+00   1.6430e-02   2.5027e+02
20191004_18:00:00   2.7138e-01   6.7437e+01   6.1112e+00   3.3730e-06   3.2547e-03   2.4960e+02
20191004_21:00:00   3.7844e-01   8.8337e+01   7.5861e+00   1.0800e-02   1.1225e-03   2.5108e+02
20191005_00:00:00   4.3782e-01   9.8800e+01   8.5876e+00   1.5608e-02   8.6917e-03   2.5106e+02
20191005_03:00:00   1.4469e+00   2.0971e+02   1.0433e+01   3.9562e-01   6.5682e-02   2.5148e+02
20191005_06:00:00   5.1424e-01   1.1089e+02   1.0807e+01   7.1140e-03   3.0589e-02   2.5247e+02
20191005_09:00:00   5.0433e-01   1.0922e+02   1.0966e+01   6.8820e-04   5.2816e-02   2.5095e+02
20191005_12:00:00   4.8656e-01   1.0632e+02   1.0640e+01   8.1270e-05   4.2643e-02   2.4877e+02
20191005_15:00:00   4.6769e-01   1.0328e+02   1.0243e+01   0.0000e+00   4.9992e-02   2.4828e+02
20191005_18:00:00   4.5765e-01   1.0167e+02   1.0050e+01   0.0000e+00   4.0639e-02   2.4721e+02
20191005_21:00:00   4.7128e-01   1.0389e+02   1.0286e+01   0.0000e+00   6.2831e-02   2.5017e+02
20191006_00:00:00   5.7769e-01   1.2109e+02   1.0349e+01   4.3267e-02   1.8502e-03   2.4993e+02
20191006_03:00:00   1.7066e+00   2.2459e+02   1.0314e+01   5.0286e-01   1.6421e-02   2.5090e+02
20191006_06:00:00   1.8398e+00   2.3016e+02   1.0408e+01   5.5968e-01   3.2568e-02   2.5079e+02
20191006_09:00:00   4.5893e-01   1.0224e+02   9.6037e+00   6.4500e-03   4.8448e-02   2.5150e+02
20191006_12:00:00   4.3777e-01   9.8275e+01   9.6212e+00   4.1110e-04   2.0403e-02   2.5228e+02
20191006_15:00:00   4.5538e-01   1.0118e+02   9.9752e+00   8.2430e-04   4.5092e-02   2.5256e+02
20191006_18:00:00   4.7181e-01   1.0393e+02   1.0289e+01   0.0000e+00   2.9616e-02   2.4954e+02
20191006_21:00:00   4.5763e-01   1.0178e+02   9.8712e+00   0.0000e+00   3.6785e-03   2.5328e+02
20191007_00:00:00   4.3429e-01   9.8099e+01   9.2358e+00   1.0600e-03   1.5634e-03   2.5137e+02
20191007_03:00:00   5.9049e-01   1.2357e+02   8.9731e+00   7.0996e-02   1.7216e-03   2.5090e+02
20191007_06:00:00   3.8353e-01   8.9258e+01   8.1729e+00   2.4517e-04   4.3889e-04   2.5260e+02
20191007_09:00:00   3.7035e-01   8.6912e+01   7.9195e+00   0.0000e+00   6.0320e-03   2.5211e+02
20191007_12:00:00   3.5978e-01   8.5015e+01   7.5593e+00   4.1310e-04   1.7833e-02   2.5242e+02
20191007_15:00:00   3.5823e-01   8.4815e+01   7.4954e+00   0.0000e+00   3.8521e-03   2.5103e+02
20191007_18:00:00   3.3832e-01   8.1184e+01   7.1134e+00   0.0000e+00   3.8397e-03   2.4905e+02
20191007_21:00:00   3.2516e-01   7.8704e+01   6.8799e+00   0.0000e+00   5.6820e-03   2.5113e+02
20191008_00:00:00   3.3299e-01   8.0258e+01   6.9133e+00   3.5527e-03   3.1324e-03   2.5391e+02
20191008_03:00:00   3.0865e-01   7.5589e+01   6.5559e+00   0.0000e+00   1.2621e-03   2.5356e+02
20191008_06:00:00   2.6824e-01   6.7478e+01   5.7316e+00   0.0000e+00   5.1837e-03   2.5470e+02
20191008_09:00:00   2.4396e-01   6.2447e+01   5.2374e+00   0.0000e+00   7.9252e-03   2.5295e+02
20191008_12:00:00   2.3339e-01   6.0205e+01   5.0203e+00   0.0000e+00   2.1943e-03   2.5208e+02
20191008_15:00:00   2.0208e-01   5.3348e+01   4.4337e+00   0.0000e+00   7.1338e-03   2.5287e+02
20191008_18:00:00   1.9572e-01   5.1802e+01   4.4231e+00   0.0000e+00   7.4822e-03   2.5023e+02
20191008_21:00:00   2.5075e-01   6.3437e+01   5.7376e+00   0.0000e+00   9.9589e-04   2.5106e+02
20191009_00:00:00   3.2609e-01   7.7985e+01   7.5455e+00   4.1530e-04   6.9446e-02   2.4971e+02
20191009_03:00:00   3.9569e-01   9.0606e+01   9.0652e+00   7.5340e-05   2.3252e-01   2.5056e+02
20191009_06:00:00   4.3198e-01   9.6943e+01   9.7909e+00   2.3770e-04   2.0776e-01   2.5332e+02
20191009_09:00:00   4.4579e-01   9.9426e+01   1.0096e+01   3.3380e-04   8.2140e-02   2.5582e+02
20191009_12:00:00   5.3098e-01   1.1337e+02   1.1645e+01   1.0528e-03   9.1406e-02   2.5487e+02
20191009_15:00:00   6.3069e-01   1.2885e+02   1.1847e+01   3.7040e-02   3.2709e-02   2.5395e+02
20191009_18:00:00   5.4757e-01   1.1637e+02   1.1994e+01   4.3446e-04   7.0244e-03   2.5257e+02
20191009_21:00:00   5.6298e-01   1.1873e+02   1.2222e+01   1.4285e-03   9.5354e-02   2.5262e+02
20191010_00:00:00   1.4059e+00   2.0678e+02   1.3409e+01   3.2436e-01   1.8990e-01   2.5307e+02
20191010_03:00:00   2.4452e+00   2.5026e+02   1.3934e+01   7.4033e-01   4.7146e-01   2.5362e+02
20191010_06:00:00   2.2448e+00   2.4526e+02   1.3895e+01   6.5211e-01   7.1115e-01   2.5593e+02
20191010_09:00:00   1.0936e+00   1.8192e+02   1.3979e+01   1.7385e-01   1.2050e+00   2.5596e+02
20191010_12:00:00   1.0819e+00   1.8058e+02   1.3665e+01   1.7853e-01   9.3999e-01   2.5462e+02
20191010_15:00:00   2.6343e+00   2.5441e+02   1.4116e+01   8.1476e-01   7.2876e-01   2.5610e+02
20191010_18:00:00   1.5109e+00   2.1360e+02   1.3779e+01   3.5400e-01   3.2694e-01   2.5360e+02
20191010_21:00:00   1.4055e+00   2.0679e+02   1.4057e+01   3.0620e-01   4.4673e-01   2.5135e+02
20191011_00:00:00   1.9418e+00   2.3508e+02   1.4125e+01   5.2198e-01   6.9583e-01   2.5159e+02
20191011_03:00:00   1.9566e+00   2.3557e+02   1.4172e+01   5.2782e-01   8.2532e-01   2.5182e+02
20191011_06:00:00   1.1273e+00   1.8541e+02   1.4081e+01   1.8946e-01   6.0275e-01   2.5269e+02
20191011_09:00:00   6.0674e-01   1.2518e+02   1.3035e+01   3.1137e-03   4.8188e-02   2.5124e+02
20191011_12:00:00   5.9379e-01   1.2298e+02   1.2855e+01   3.7820e-04   3.5816e-01   2.4811e+02
20191011_15:00:00   7.8954e-01   1.4973e+02   1.2815e+01   8.1177e-02   1.1806e-01   2.4854e+02
20191011_18:00:00   6.0786e-01   1.2535e+02   1.2763e+01   5.9701e-03   1.8339e-01   2.4646e+02
20191011_21:00:00   5.4595e-01   1.1617e+02   1.1690e+01   4.3706e-03   8.9506e-02   2.4526e+02
20191012_00:00:00   4.0313e-01   9.2402e+01   9.2055e+00   0.0000e+00   1.2726e-02   2.4554e+02
20191012_03:00:00   3.9295e-01   9.0789e+01   8.9165e+00   0.0000e+00   1.0223e-02   2.4454e+02
20191012_06:00:00   5.1819e-01   1.1206e+02   1.1269e+01   1.6535e-04   9.0901e-03   2.4560e+02
20191012_09:00:00   1.5635e+00   2.1659e+02   1.3335e+01   3.8872e-01   9.0429e-02   2.4415e+02
20191012_12:00:00   1.5888e+00   2.1777e+02   1.3734e+01   3.9040e-01   3.0590e-01   2.4272e+02
20191012_15:00:00   9.5188e-01   1.6820e+02   1.3236e+01   1.3742e-01   1.6646e-01   2.4367e+02
20191012_18:00:00   5.5710e-01   1.1786e+02   1.2164e+01   0.0000e+00   2.7195e-02   2.4251e+02
20191012_21:00:00   5.0870e-01   1.1058e+02   1.1220e+01   0.0000e+00   1.7759e-03   2.4273e+02
20191013_00:00:00   5.4502e-01   1.1658e+02   1.1240e+01   1.3439e-02   4.5600e-02   2.4570e+02
