#            date       tau225        Tb[K]      pwv[mm] lwp[kg*m^-2] iwp[kg*m^-2]       o3[DU]
20190806_18:00:00   2.6263e-01   6.6567e+01   5.7907e+00   0.0000e+00   6.6762e-05   2.6031e+02
20190806_19:00:00   2.4968e-01   6.3870e+01   5.5256e+00   0.0000e+00   1.8376e-04   2.6087e+02
20190806_20:00:00   2.4497e-01   6.2837e+01   5.4463e+00   0.0000e+00   4.2555e-04   2.6065e+02
20190806_21:00:00   2.4356e-01   6.2508e+01   5.4372e+00   0.0000e+00   1.2738e-03   2.5877e+02
20190806_22:00:00   2.4399e-01   6.2554e+01   5.4727e+00   0.0000e+00   1.5644e-03   2.5745e+02
20190806_23:00:00   2.4981e-01   6.3758e+01   5.5302e+00   2.2090e-03   2.6847e-03   2.5624e+02
20190807_00:00:00   2.8845e-01   7.1647e+01   6.2626e+00   4.1457e-03   2.5539e-04   2.5463e+02
20190807_01:00:00   3.5330e-01   8.4377e+01   6.8851e+00   1.8173e-02   5.3120e-07   2.5426e+02
20190807_02:00:00   4.3790e-01   9.9917e+01   6.9297e+00   5.1540e-02   5.2380e-06   2.5489e+02
20190807_03:00:00   3.9060e-01   9.1394e+01   6.7894e+00   3.5019e-02   1.9002e-05   2.5559e+02
20190807_04:00:00   3.3322e-01   8.0486e+01   6.6840e+00   1.3948e-02   1.1394e-04   2.5485e+02
20190807_05:00:00   2.8141e-01   7.0238e+01   6.2214e+00   1.7282e-03   5.2380e-06   2.5523e+02
20190807_06:00:00   2.5962e-01   6.5816e+01   5.8400e+00   1.8460e-04   0.0000e+00   2.5509e+02
20190807_07:00:00   2.4587e-01   6.2983e+01   5.5458e+00   0.0000e+00   0.0000e+00   2.5549e+02
20190807_08:00:00   2.3820e-01   6.1384e+01   5.3669e+00   0.0000e+00   0.0000e+00   2.5697e+02
20190807_09:00:00   2.3940e-01   6.1643e+01   5.3729e+00   0.0000e+00   1.8600e-05   2.5823e+02
20190807_10:00:00   2.4450e-01   6.2691e+01   5.4584e+00   0.0000e+00   0.0000e+00   2.5854e+02
20190807_11:00:00   2.4747e-01   6.3311e+01   5.5108e+00   0.0000e+00   0.0000e+00   2.5691e+02
20190807_12:00:00   2.4635e-01   6.3033e+01   5.4921e+00   0.0000e+00   0.0000e+00   2.5707e+02
20190807_13:00:00   2.4390e-01   6.2503e+01   5.4452e+00   0.0000e+00   0.0000e+00   2.5697e+02
20190807_14:00:00   2.3835e-01   6.1335e+01   5.3183e+00   0.0000e+00   0.0000e+00   2.5848e+02
20190807_15:00:00   2.3095e-01   5.9787e+01   5.1637e+00   0.0000e+00   0.0000e+00   2.6029e+02
20190807_16:00:00   2.1874e-01   5.7217e+01   4.9118e+00   0.0000e+00   0.0000e+00   2.6115e+02
20190807_17:00:00   2.1113e-01   5.5625e+01   4.7458e+00   0.0000e+00   0.0000e+00   2.6017e+02
20190807_18:00:00   2.0862e-01   5.5119e+01   4.6873e+00   0.0000e+00   0.0000e+00   2.6025e+02
20190807_19:00:00   2.0579e-01   5.4540e+01   4.6292e+00   0.0000e+00   0.0000e+00   2.6168e+02
20190807_20:00:00   2.0062e-01   5.3456e+01   4.5192e+00   0.0000e+00   0.0000e+00   2.6165e+02
20190807_21:00:00   1.9496e-01   5.2211e+01   4.3958e+00   0.0000e+00   0.0000e+00   2.6138e+02
20190807_22:00:00   1.9425e-01   5.2054e+01   4.3769e+00   0.0000e+00   0.0000e+00   2.6338e+02
20190807_23:00:00   1.9518e-01   5.2280e+01   4.3898e+00   0.0000e+00   0.0000e+00   2.6232e+02
20190808_00:00:00   1.9742e-01   5.2798e+01   4.4374e+00   0.0000e+00   0.0000e+00   2.5979e+02
20190808_01:00:00   2.0126e-01   5.3653e+01   4.5185e+00   0.0000e+00   0.0000e+00   2.5895e+02
20190808_02:00:00   2.0467e-01   5.4417e+01   4.5918e+00   0.0000e+00   0.0000e+00   2.6057e+02
20190808_03:00:00   2.0507e-01   5.4515e+01   4.5964e+00   0.0000e+00   0.0000e+00   2.5925e+02
20190808_04:00:00   2.1399e-01   5.6499e+01   4.6563e+00   2.4190e-03   0.0000e+00   2.6054e+02
20190808_05:00:00   2.1926e-01   5.7625e+01   4.7587e+00   2.4620e-03   6.6740e-05   2.6171e+02
20190808_06:00:00   2.1641e-01   5.6979e+01   4.8211e+00   0.0000e+00   6.6600e-05   2.6409e+02
20190808_07:00:00   2.1683e-01   5.7078e+01   4.8202e+00   0.0000e+00   4.4340e-05   2.6595e+02
20190808_08:00:00   2.1628e-01   5.6970e+01   4.8040e+00   0.0000e+00   6.3180e-07   2.6368e+02
20190808_09:00:00   2.1871e-01   5.7462e+01   4.8538e+00   0.0000e+00   0.0000e+00   2.6448e+02
20190808_10:00:00   2.1812e-01   5.7293e+01   4.8464e+00   0.0000e+00   0.0000e+00   2.6425e+02
20190808_11:00:00   2.1332e-01   5.6257e+01   4.7473e+00   0.0000e+00   1.2318e-05   2.6421e+02
20190808_12:00:00   2.0822e-01   5.5169e+01   4.6379e+00   0.0000e+00   0.0000e+00   2.6431e+02
20190808_13:00:00   2.0535e-01   5.4509e+01   4.5796e+00   0.0000e+00   1.1556e-03   2.6409e+02
20190808_14:00:00   1.9924e-01   5.3170e+01   4.4506e+00   0.0000e+00   2.2729e-03   2.6322e+02
20190808_15:00:00   1.9421e-01   5.2063e+01   4.3467e+00   0.0000e+00   6.9340e-04   2.6290e+02
20190808_16:00:00   1.9012e-01   5.1166e+01   4.2551e+00   0.0000e+00   1.5854e-03   2.6350e+02
20190808_17:00:00   1.8536e-01   5.0106e+01   4.1666e+00   0.0000e+00   1.0994e-03   2.6414e+02
20190808_18:00:00   1.7923e-01   4.8756e+01   4.0477e+00   0.0000e+00   5.3434e-04   2.6613e+02
20190808_19:00:00   1.7817e-01   4.8515e+01   4.0304e+00   0.0000e+00   1.4816e-03   2.6712e+02
20190808_20:00:00   1.7863e-01   4.8605e+01   4.0376e+00   0.0000e+00   3.3684e-04   2.6663e+02
20190808_21:00:00   1.8021e-01   4.8928e+01   4.0833e+00   0.0000e+00   4.7836e-04   2.6760e+02
20190808_22:00:00   1.8291e-01   4.9517e+01   4.1512e+00   0.0000e+00   3.9849e-03   2.6619e+02
20190808_23:00:00   1.8289e-01   4.9526e+01   4.1453e+00   0.0000e+00   4.2103e-03   2.6398e+02
20190809_00:00:00   1.7918e-01   4.8718e+01   4.0674e+00   0.0000e+00   2.4752e-04   2.6254e+02
20190809_01:00:00   1.8108e-01   4.9123e+01   4.1149e+00   0.0000e+00   3.1364e-05   2.6222e+02
20190809_02:00:00   1.8728e-01   5.0512e+01   4.2476e+00   0.0000e+00   2.0964e-04   2.6340e+02
20190809_03:00:00   2.1919e-01   5.7658e+01   4.3386e+00   1.0900e-02   2.2473e-04   2.6472e+02
20190809_04:00:00   2.1968e-01   5.7769e+01   4.3108e+00   1.1720e-02   1.6436e-03   2.6564e+02
20190809_05:00:00   1.8900e-01   5.0872e+01   4.2977e+00   0.0000e+00   3.1096e-03   2.6565e+02
20190809_06:00:00   1.9001e-01   5.1022e+01   4.3494e+00   0.0000e+00   2.3129e-03   2.6507e+02
20190809_07:00:00   1.9059e-01   5.1116e+01   4.3767e+00   0.0000e+00   5.7143e-04   2.6563e+02
20190809_08:00:00   1.9426e-01   5.1911e+01   4.4588e+00   0.0000e+00   2.8256e-05   2.6677e+02
20190809_09:00:00   2.0469e-01   5.4167e+01   4.6826e+00   0.0000e+00   0.0000e+00   2.6727e+02
20190809_10:00:00   2.0732e-01   5.4696e+01   4.7531e+00   0.0000e+00   0.0000e+00   2.6801e+02
20190809_11:00:00   2.0728e-01   5.4637e+01   4.7660e+00   0.0000e+00   0.0000e+00   2.6821e+02
20190809_12:00:00   2.0691e-01   5.4541e+01   4.7603e+00   0.0000e+00   0.0000e+00   2.6806e+02
20190809_13:00:00   2.0307e-01   5.3701e+01   4.6728e+00   0.0000e+00   0.0000e+00   2.6752e+02
20190809_14:00:00   2.0551e-01   5.4201e+01   4.7352e+00   0.0000e+00   0.0000e+00   2.6657e+02
20190809_15:00:00   2.0970e-01   5.5094e+01   4.8236e+00   0.0000e+00   0.0000e+00   2.6761e+02
20190809_16:00:00   2.0877e-01   5.4837e+01   4.8244e+00   0.0000e+00   0.0000e+00   2.6889e+02
20190809_17:00:00   2.0843e-01   5.4761e+01   4.8242e+00   0.0000e+00   0.0000e+00   2.6878e+02
20190809_18:00:00   2.0565e-01   5.4150e+01   4.7771e+00   0.0000e+00   0.0000e+00   2.6916e+02
20190809_19:00:00   2.0375e-01   5.3693e+01   4.7645e+00   0.0000e+00   0.0000e+00   2.6984e+02
20190809_20:00:00   2.0176e-01   5.3249e+01   4.7296e+00   0.0000e+00   0.0000e+00   2.6953e+02
20190809_21:00:00   1.9970e-01   5.2800e+01   4.6851e+00   0.0000e+00   2.7520e-06   2.6778e+02
20190809_22:00:00   1.9861e-01   5.2544e+01   4.6736e+00   0.0000e+00   8.9980e-05   2.6692e+02
20190809_23:00:00   1.9915e-01   5.2630e+01   4.6947e+00   0.0000e+00   1.3350e-04   2.6562e+02
20190810_00:00:00   2.0159e-01   5.3148e+01   4.7479e+00   0.0000e+00   3.7840e-05   2.6517e+02
20190810_01:00:00   2.0569e-01   5.4040e+01   4.7955e+00   8.9650e-04   7.4640e-05   2.6481e+02
20190810_02:00:00   2.0556e-01   5.3971e+01   4.8463e+00   8.8630e-05   6.8000e-05   2.6415e+02
20190810_03:00:00   2.1473e-01   5.6009e+01   4.9958e+00   8.8040e-04   1.6600e-05   2.6544e+02
20190810_04:00:00   2.6120e-01   6.6088e+01   5.1574e+00   1.6240e-02   7.3000e-06   2.6636e+02
20190810_05:00:00   2.5206e-01   6.4061e+01   5.2609e+00   1.0831e-02   5.3779e-05   2.6743e+02
20190810_06:00:00   2.3986e-01   6.1346e+01   5.3935e+00   3.8360e-03   1.2422e-04   2.6700e+02
20190810_07:00:00   2.2762e-01   5.8664e+01   5.3108e+00   8.3170e-04   1.0111e-03   2.6706e+02
20190810_08:00:00   2.2809e-01   5.8811e+01   5.2128e+00   2.7930e-03   1.0345e-03   2.6709e+02
20190810_09:00:00   2.1609e-01   5.6194e+01   5.1017e+00   0.0000e+00   4.0022e-03   2.6693e+02
20190810_10:00:00   2.0567e-01   5.3897e+01   4.8766e+00   0.0000e+00   3.0549e-03   2.6748e+02
20190810_11:00:00   1.9593e-01   5.1747e+01   4.6603e+00   0.0000e+00   3.4196e-04   2.6817e+02
20190810_12:00:00   1.8843e-01   5.0086e+01   4.4803e+00   0.0000e+00   1.1598e-03   2.6897e+02
20190810_13:00:00   1.8410e-01   4.9084e+01   4.3924e+00   0.0000e+00   3.3450e-03   2.6831e+02
20190810_14:00:00   1.8210e-01   4.8569e+01   4.3601e+00   8.6360e-05   5.9580e-03   2.6729e+02
20190810_15:00:00   1.8014e-01   4.8109e+01   4.3156e+00   1.7340e-04   6.0039e-03   2.6662e+02
20190810_16:00:00   1.7601e-01   4.7201e+01   4.2132e+00   8.7760e-05   1.2565e-03   2.6559e+02
20190810_17:00:00   1.7140e-01   4.6213e+01   4.0924e+00   0.0000e+00   1.6102e-03   2.6563e+02
20190810_18:00:00   1.6678e-01   4.5214e+01   3.9694e+00   0.0000e+00   1.8730e-03   2.6602e+02
20190810_19:00:00   1.6690e-01   4.5218e+01   3.9764e+00   0.0000e+00   3.6244e-03   2.6694e+02
20190810_20:00:00   1.6850e-01   4.5557e+01   4.0234e+00   0.0000e+00   4.3019e-03   2.6611e+02
20190810_21:00:00   1.6844e-01   4.5545e+01   4.0187e+00   0.0000e+00   4.3912e-03   2.6467e+02
20190810_22:00:00   1.6978e-01   4.5827e+01   4.0569e+00   0.0000e+00   3.6653e-03   2.6341e+02
20190810_23:00:00   1.7690e-01   4.7411e+01   4.2301e+00   0.0000e+00   4.7700e-03   2.6297e+02
20190811_00:00:00   1.8712e-01   4.9657e+01   4.4840e+00   0.0000e+00   6.8692e-03   2.6347e+02
20190811_01:00:00   1.9828e-01   5.2070e+01   4.7572e+00   1.7700e-04   7.3647e-03   2.6354e+02
20190811_02:00:00   2.1994e-01   5.6749e+01   5.1629e+00   2.2890e-03   5.7530e-03   2.6363e+02
20190811_03:00:00   2.2945e-01   5.8757e+01   5.4252e+00   1.8590e-03   3.8207e-03   2.6331e+02
20190811_04:00:00   2.3529e-01   5.9864e+01   5.6834e+00   8.9840e-05   1.0448e-02   2.6450e+02
20190811_05:00:00   2.4675e-01   6.2276e+01   5.8267e+00   2.1830e-03   9.5248e-03   2.6435e+02
20190811_06:00:00   2.3994e-01   6.0859e+01   5.7818e+00   0.0000e+00   4.3915e-03   2.6461e+02
20190811_07:00:00   2.3019e-01   5.8819e+01   5.5501e+00   0.0000e+00   8.3171e-03   2.6518e+02
20190811_08:00:00   2.2337e-01   5.7361e+01   5.4068e+00   0.0000e+00   9.8199e-03   2.6611e+02
20190811_09:00:00   2.2353e-01   5.7376e+01   5.4063e+00   0.0000e+00   1.9016e-02   2.6508e+02
20190811_10:00:00   2.1891e-01   5.6416e+01   5.2913e+00   0.0000e+00   1.3765e-02   2.6423e+02
20190811_11:00:00   2.1201e-01   5.4999e+01   5.1137e+00   0.0000e+00   1.0960e-02   2.6580e+02
20190811_12:00:00   2.0523e-01   5.3580e+01   4.9224e+00   0.0000e+00   9.9069e-03   2.6636e+02
20190811_13:00:00   1.9746e-01   5.1946e+01   4.7215e+00   0.0000e+00   3.8834e-03   2.6507e+02
20190811_14:00:00   1.8806e-01   4.9928e+01   4.4932e+00   0.0000e+00   2.8840e-03   2.6455e+02
20190811_15:00:00   1.8337e-01   4.8932e+01   4.3740e+00   0.0000e+00   3.7626e-03   2.6455e+02
20190811_16:00:00   1.8062e-01   4.8324e+01   4.3059e+00   0.0000e+00   2.6330e-03   2.6546e+02
20190811_17:00:00   1.8035e-01   4.8289e+01   4.2950e+00   0.0000e+00   3.1590e-03   2.6553e+02
20190811_18:00:00   1.7925e-01   4.8034e+01   4.2725e+00   0.0000e+00   6.1699e-03   2.6606e+02
20190811_21:00:00   1.6834e-01   4.5484e+01   4.0590e+00   0.0000e+00   9.2744e-03   2.6586e+02
20190812_00:00:00   1.6461e-01   4.4698e+01   3.9510e+00   0.0000e+00   1.8944e-03   2.6702e+02
20190812_03:00:00   1.5677e-01   4.2869e+01   3.7748e+00   0.0000e+00   4.4479e-03   2.6586e+02
20190812_06:00:00   1.4974e-01   4.1093e+01   3.6294e+00   0.0000e+00   3.5336e-02   2.6430e+02
20190812_09:00:00   1.4336e-01   3.9671e+01   3.4779e+00   0.0000e+00   4.2450e-03   2.6607e+02
20190812_12:00:00   1.5397e-01   4.1875e+01   3.7716e+00   0.0000e+00   1.9936e-02   2.6669e+02
20190812_15:00:00   1.5816e-01   4.2686e+01   3.8967e+00   0.0000e+00   7.5192e-03   2.6471e+02
20190812_18:00:00   1.5387e-01   4.1716e+01   3.7871e+00   0.0000e+00   6.6407e-03   2.6575e+02
20190812_21:00:00   1.5458e-01   4.1805e+01   3.8276e+00   0.0000e+00   1.4802e-03   2.6716e+02
20190813_00:00:00   1.5158e-01   4.1039e+01   3.7749e+00   0.0000e+00   4.6497e-03   2.6809e+02
20190813_03:00:00   1.4216e-01   3.8938e+01   3.5361e+00   0.0000e+00   4.8579e-03   2.6716e+02
20190813_06:00:00   1.2677e-01   3.5355e+01   3.1491e+00   0.0000e+00   1.4808e-02   2.6820e+02
20190813_09:00:00   1.2752e-01   3.5436e+01   3.1767e+00   0.0000e+00   1.3822e-02   2.6938e+02
20190813_12:00:00   1.3374e-01   3.6808e+01   3.3308e+00   0.0000e+00   2.7275e-02   2.6815e+02
20190813_15:00:00   1.5050e-01   4.0535e+01   3.7536e+00   0.0000e+00   3.2227e-02   2.7030e+02
20190813_18:00:00   1.4056e-01   3.8425e+01   3.4926e+00   0.0000e+00   4.4948e-03   2.7152e+02
20190813_21:00:00   1.5586e-01   4.1885e+01   3.8728e+00   0.0000e+00   1.7059e-02   2.7072e+02
20190814_00:00:00   1.6446e-01   4.3797e+01   4.0895e+00   0.0000e+00   3.1532e-02   2.6866e+02
20190814_03:00:00   1.6909e-01   4.4829e+01   4.2179e+00   0.0000e+00   3.1685e-02   2.6485e+02
20190814_06:00:00   1.3927e-01   3.8335e+01   3.4617e+00   0.0000e+00   8.1886e-03   2.6606e+02
20190814_09:00:00   1.3974e-01   3.8576e+01   3.4346e+00   0.0000e+00   7.5552e-03   2.6700e+02
20190814_12:00:00   1.4992e-01   4.0943e+01   3.6772e+00   0.0000e+00   1.4860e-02   2.6704e+02
20190814_15:00:00   1.5535e-01   4.2266e+01   3.7962e+00   0.0000e+00   5.1103e-03   2.6712e+02
20190814_18:00:00   1.4740e-01   4.0490e+01   3.5918e+00   0.0000e+00   9.7899e-03   2.6723e+02
20190814_21:00:00   1.3442e-01   3.7501e+01   3.2878e+00   0.0000e+00   8.7439e-05   2.6709e+02
20190815_00:00:00   1.2923e-01   3.6131e+01   3.2044e+00   0.0000e+00   1.1665e-03   2.6515e+02
20190815_03:00:00   1.2440e-01   3.4925e+01   3.1060e+00   0.0000e+00   8.8911e-03   2.6752e+02
20190815_06:00:00   1.2129e-01   3.4184e+01   3.0274e+00   0.0000e+00   2.5573e-03   2.6758e+02
20190815_09:00:00   1.1866e-01   3.3498e+01   2.9665e+00   0.0000e+00   6.5264e-04   2.7015e+02
20190815_12:00:00   1.1885e-01   3.3533e+01   2.9599e+00   0.0000e+00   9.6838e-03   2.7024e+02
20190815_15:00:00   1.1828e-01   3.3325e+01   2.9549e+00   0.0000e+00   1.3731e-02   2.6781e+02
20190815_18:00:00   1.2074e-01   3.3869e+01   3.0240e+00   0.0000e+00   6.3148e-03   2.7303e+02
20190815_21:00:00   1.2400e-01   3.4634e+01   3.0834e+00   0.0000e+00   4.7204e-02   2.6898e+02
20190816_00:00:00   1.4237e-01   3.8730e+01   3.4800e+00   0.0000e+00   2.0196e-01   2.6778e+02
20190816_03:00:00   1.4450e-01   3.9359e+01   3.6309e+00   0.0000e+00   1.2852e-02   2.6778e+02
20190816_06:00:00   1.4388e-01   3.9314e+01   3.5983e+00   0.0000e+00   4.7053e-03   2.7063e+02
20190816_09:00:00   1.4996e-01   4.0674e+01   3.7517e+00   0.0000e+00   2.8283e-03   2.7135e+02
20190816_12:00:00   1.5132e-01   4.1067e+01   3.7612e+00   0.0000e+00   1.5846e-05   2.6984e+02
20190816_15:00:00   1.5693e-01   4.2322e+01   3.8990e+00   0.0000e+00   2.7151e-05   2.7184e+02
20190816_18:00:00   1.8620e-01   4.9037e+01   4.5391e+00   0.0000e+00   2.4636e-05   2.7244e+02
20190816_21:00:00   2.0492e-01   5.3250e+01   4.9562e+00   0.0000e+00   4.5240e-05   2.6897e+02
20190817_00:00:00   2.1313e-01   5.5019e+01   5.1450e+00   0.0000e+00   2.9548e-03   2.6777e+02
20190817_03:00:00   1.8071e-01   4.7928e+01   4.3886e+00   0.0000e+00   7.7644e-03   2.6495e+02
20190817_06:00:00   1.6032e-01   4.3482e+01   3.8714e+00   0.0000e+00   1.5662e-03   2.6522e+02
20190817_09:00:00   1.6908e-01   4.5561e+01   4.0237e+00   0.0000e+00   1.9269e-05   2.6553e+02
20190817_12:00:00   1.9071e-01   5.0472e+01   4.4442e+00   0.0000e+00   0.0000e+00   2.6460e+02
20190817_15:00:00   1.8436e-01   4.9093e+01   4.3050e+00   0.0000e+00   1.2792e-03   2.6594e+02
20190817_18:00:00   1.7561e-01   4.7152e+01   4.1286e+00   0.0000e+00   7.2363e-04   2.6698e+02
20190817_21:00:00   1.4431e-01   4.0261e+01   3.3518e+00   0.0000e+00   5.6578e-03   2.6796e+02
20190818_00:00:00   1.3069e-01   3.7187e+01   3.0076e+00   0.0000e+00   4.3180e-03   2.6480e+02
20190818_03:00:00   1.3194e-01   3.7490e+01   3.0473e+00   0.0000e+00   5.6406e-03   2.6299e+02
20190818_06:00:00   1.3310e-01   3.7816e+01   3.0451e+00   0.0000e+00   2.2660e-03   2.6504e+02
20190818_09:00:00   1.3957e-01   3.9412e+01   3.1632e+00   0.0000e+00   7.1697e-04   2.6437e+02
20190818_12:00:00   1.5846e-01   4.3788e+01   3.5526e+00   0.0000e+00   2.4138e-03   2.6717e+02
20190818_15:00:00   1.7877e-01   4.8326e+01   3.9700e+00   0.0000e+00   9.4280e-03   2.6700e+02
20190818_18:00:00   1.7744e-01   4.8027e+01   3.9475e+00   0.0000e+00   6.7160e-03   2.6763e+02
20190818_21:00:00   1.8695e-01   5.0145e+01   4.1769e+00   0.0000e+00   4.1622e-03   2.6920e+02
20190819_00:00:00   1.9418e-01   5.1717e+01   4.3420e+00   0.0000e+00   8.5064e-03   2.6720e+02
20190819_03:00:00   2.0070e-01   5.3136e+01   4.5049e+00   0.0000e+00   2.7049e-03   2.6759e+02
20190819_06:00:00   2.1150e-01   5.5393e+01   4.7718e+00   0.0000e+00   1.0152e-02   2.6622e+02
20190819_09:00:00   2.2384e-01   5.7921e+01   5.0646e+00   0.0000e+00   3.6845e-02   2.7146e+02
20190819_12:00:00   2.3205e-01   5.9523e+01   5.3009e+00   0.0000e+00   1.1076e-02   2.7213e+02
20190819_15:00:00   2.2061e-01   5.6937e+01   5.1519e+00   0.0000e+00   1.4062e-02   2.7048e+02
20190819_18:00:00   2.5628e-01   6.4430e+01   5.8265e+00   0.0000e+00   3.0984e-05   2.6989e+02
20190819_21:00:00   3.1784e-01   7.6660e+01   7.2012e+00   0.0000e+00   9.9509e-04   2.6954e+02
20190820_00:00:00   5.6819e-01   1.2062e+02   8.5645e+00   7.3861e-02   2.3647e-03   2.7137e+02
20190820_03:00:00   5.1171e-01   1.1089e+02   1.0047e+01   2.5067e-02   5.9762e-02   2.7575e+02
20190820_06:00:00   1.9311e+00   2.3587e+02   1.1642e+01   5.6519e-01   3.0720e-02   2.7406e+02
20190820_09:00:00   4.6392e-01   1.0301e+02   1.0175e+01   0.0000e+00   1.4756e-03   2.7550e+02
20190820_12:00:00   4.0152e-01   9.2588e+01   8.6978e+00   9.3470e-05   7.4100e-04   2.7586e+02
20190820_15:00:00   4.0680e-01   9.3554e+01   8.5138e+00   5.0190e-03   1.3301e-03   2.7419e+02
20190820_18:00:00   4.0027e-01   9.2360e+01   8.5565e+00   1.8686e-03   1.2299e-03   2.7398e+02
20190820_21:00:00   4.6365e-01   1.0301e+02   9.9938e+00   4.0634e-03   8.1615e-03   2.7324e+02
20190821_00:00:00   8.9661e-01   1.6311e+02   1.0413e+01   1.7219e-01   3.4963e-03   2.7120e+02
20190821_03:00:00   8.3310e-01   1.5552e+02   1.0915e+01   1.3677e-01   2.5833e-01   2.6904e+02
20190821_06:00:00   3.6773e-01   8.6404e+01   8.1613e+00   0.0000e+00   1.6804e-03   2.7146e+02
20190821_09:00:00   3.1970e-01   7.7340e+01   7.2366e+00   0.0000e+00   0.0000e+00   2.7080e+02
20190821_12:00:00   3.1767e-01   7.6769e+01   7.2952e+00   0.0000e+00   2.1766e-05   2.6939e+02
20190821_15:00:00   3.1968e-01   7.7116e+01   7.3507e+00   0.0000e+00   9.0500e-04   2.7050e+02
20190821_18:00:00   3.0576e-01   7.4574e+01   7.0001e+00   0.0000e+00   0.0000e+00   2.6999e+02
20190821_21:00:00   3.1876e-01   7.7090e+01   7.3107e+00   0.0000e+00   1.0631e-04   2.7106e+02
20190822_00:00:00   3.4273e-01   8.1697e+01   7.8428e+00   3.3240e-04   7.1347e-04   2.6843e+02
20190822_03:00:00   3.5652e-01   8.4254e+01   8.1614e+00   0.0000e+00   1.6711e-02   2.6866e+02
20190822_06:00:00   3.1335e-01   7.6290e+01   7.1367e+00   0.0000e+00   1.2864e-05   2.6811e+02
20190822_09:00:00   2.9590e-01   7.2828e+01   6.7926e+00   0.0000e+00   2.7136e-04   2.6929e+02
20190822_12:00:00   2.9849e-01   7.3235e+01   6.8721e+00   0.0000e+00   5.8022e-05   2.6960e+02
20190822_15:00:00   2.9013e-01   7.1709e+01   6.6733e+00   0.0000e+00   5.0136e-05   2.6787e+02
20190822_18:00:00   2.8246e-01   7.0275e+01   6.4847e+00   0.0000e+00   8.9740e-07   2.6851e+02
