#            date       tau225        Tb[K]      pwv[mm] lwp[kg*m^-2] iwp[kg*m^-2]       o3[DU]
20190830_06:00:00   4.4083e-01   9.9868e+01   6.7141e+00   6.0493e-02   8.3336e-03   2.6096e+02
20190830_07:00:00   9.7492e-01   1.7278e+02   7.4048e+00   2.6095e-01   5.8950e-03   2.6204e+02
20190830_08:00:00   1.0093e+00   1.7620e+02   7.8025e+00   2.6652e-01   1.1868e-02   2.6436e+02
20190830_09:00:00   9.4541e-01   1.6942e+02   8.0632e+00   2.3676e-01   1.3107e-02   2.6366e+02
20190830_10:00:00   7.7984e-01   1.5012e+02   8.1825e+00   1.6938e-01   4.3717e-02   2.6276e+02
20190830_11:00:00   5.7169e-01   1.2093e+02   7.7575e+00   9.5370e-02   8.0505e-02   2.6262e+02
20190830_12:00:00   3.4040e-01   8.0806e+01   7.2361e+00   1.2702e-02   1.1218e-01   2.6005e+02
20190830_13:00:00   2.8328e-01   6.9342e+01   6.7605e+00   0.0000e+00   8.6904e-02   2.5942e+02
20190830_14:00:00   2.6020e-01   6.4571e+01   6.2533e+00   0.0000e+00   8.1448e-02   2.5943e+02
20190830_15:00:00   2.2776e-01   5.7967e+01   5.5085e+00   0.0000e+00   3.0073e-02   2.5858e+02
20190830_16:00:00   2.0868e-01   5.3811e+01   5.0971e+00   0.0000e+00   4.2934e-03   2.5919e+02
20190830_17:00:00   2.0609e-01   5.3177e+01   5.0333e+00   0.0000e+00   1.0370e-03   2.5964e+02
20190830_18:00:00   2.2238e-01   5.6624e+01   5.4373e+00   0.0000e+00   3.9660e-03   2.6172e+02
20190830_19:00:00   2.2207e-01   5.6636e+01   5.4299e+00   0.0000e+00   6.9120e-03   2.6159e+02
20190830_20:00:00   2.1871e-01   5.5983e+01   5.3453e+00   0.0000e+00   6.4969e-03   2.6171e+02
20190830_21:00:00   2.1521e-01   5.5287e+01   5.2575e+00   0.0000e+00   7.8525e-03   2.6103e+02
20190830_22:00:00   2.0876e-01   5.4058e+01   5.0656e+00   0.0000e+00   1.0279e-02   2.6137e+02
20190830_23:00:00   2.0086e-01   5.2526e+01   4.8272e+00   0.0000e+00   5.2159e-03   2.6021e+02
20190831_00:00:00   2.0376e-01   5.3322e+01   4.8530e+00   0.0000e+00   1.7187e-03   2.5906e+02
20190831_01:00:00   2.1352e-01   5.5549e+01   5.0420e+00   0.0000e+00   4.1881e-04   2.6041e+02
20190831_02:00:00   2.2408e-01   5.7901e+01   5.2428e+00   0.0000e+00   9.7821e-04   2.6175e+02
20190831_03:00:00   2.4369e-01   6.2147e+01   5.6492e+00   0.0000e+00   2.3900e-04   2.6096e+02
20190831_04:00:00   2.7122e-01   6.7911e+01   6.2071e+00   0.0000e+00   2.3720e-05   2.6258e+02
20190831_05:00:00   3.0152e-01   7.4035e+01   6.7948e+00   0.0000e+00   1.1010e-05   2.6067e+02
20190831_06:00:00   3.2588e-01   7.8863e+01   7.2562e+00   0.0000e+00   1.3675e-04   2.6056e+02
20190831_07:00:00   3.4335e-01   8.2272e+01   7.5745e+00   0.0000e+00   4.2521e-04   2.5938e+02
20190831_08:00:00   3.5094e-01   8.3756e+01   7.7172e+00   0.0000e+00   8.7641e-04   2.5973e+02
20190831_09:00:00   3.5472e-01   8.4477e+01   7.7595e+00   0.0000e+00   3.1941e-04   2.5963e+02
20190831_10:00:00   3.4634e-01   8.2933e+01   7.5524e+00   0.0000e+00   8.0440e-05   2.6043e+02
20190831_11:00:00   3.3928e-01   8.1571e+01   7.3777e+00   0.0000e+00   1.0306e-04   2.5868e+02
20190831_12:00:00   3.2971e-01   7.9681e+01   7.2179e+00   0.0000e+00   2.6435e-04   2.5587e+02
20190831_13:00:00   3.1956e-01   7.7686e+01   7.0310e+00   0.0000e+00   3.1060e-04   2.5473e+02
20190831_14:00:00   3.1637e-01   7.7017e+01   6.9790e+00   0.0000e+00   4.5978e-04   2.5584e+02
20190831_15:00:00   3.1613e-01   7.6964e+01   6.9693e+00   0.0000e+00   1.3096e-03   2.5954e+02
20190831_16:00:00   3.0871e-01   7.5566e+01   6.8121e+00   0.0000e+00   4.7721e-04   2.6286e+02
20190831_17:00:00   3.0162e-01   7.4196e+01   6.6347e+00   0.0000e+00   5.5986e-04   2.6405e+02
20190831_18:00:00   2.9741e-01   7.3388e+01   6.5612e+00   0.0000e+00   2.5742e-04   2.6308e+02
20190831_19:00:00   2.9519e-01   7.2960e+01   6.5072e+00   0.0000e+00   5.0463e-05   2.6222e+02
20190831_20:00:00   2.9428e-01   7.2808e+01   6.4538e+00   0.0000e+00   1.0447e-03   2.6201e+02
20190831_21:00:00   3.0077e-01   7.4066e+01   6.5893e+00   0.0000e+00   3.5494e-03   2.6173e+02
20190831_22:00:00   3.1089e-01   7.6000e+01   6.8342e+00   0.0000e+00   2.8030e-03   2.6288e+02
20190831_23:00:00   3.6410e-01   8.6182e+01   7.4762e+00   9.8697e-03   1.5956e-03   2.6529e+02
20190901_00:00:00   6.3133e-01   1.3036e+02   8.2721e+00   1.0207e-01   1.5629e-03   2.6607e+02
20190901_01:00:00   2.5105e+00   2.5321e+02   1.0548e+01   8.3048e-01   6.5417e-03   2.6635e+02
20190901_02:00:00   2.2402e+00   2.4304e+02   1.2302e+01   7.3614e-01   5.8534e-01   2.6382e+02
20190901_03:00:00   6.2878e-01   1.2888e+02   1.1200e+01   4.5662e-02   2.9647e-01   2.6236e+02
20190901_04:00:00   5.0748e-01   1.1056e+02   1.0194e+01   1.8650e-02   2.0400e-02   2.6099e+02
20190901_05:00:00   4.7112e-01   1.0456e+02   9.7822e+00   1.1770e-02   2.8192e-03   2.6172e+02
20190901_06:00:00   4.1730e-01   9.5151e+01   9.3444e+00   0.0000e+00   9.8827e-03   2.6212e+02
20190901_07:00:00   4.0289e-01   9.2573e+01   9.0607e+00   0.0000e+00   2.6205e-03   2.6217e+02
20190901_08:00:00   3.7484e-01   8.7567e+01   8.4581e+00   0.0000e+00   1.6052e-03   2.6312e+02
20190901_09:00:00   3.5672e-01   8.4287e+01   8.0330e+00   0.0000e+00   2.1174e-03   2.6389e+02
20190901_10:00:00   3.3124e-01   7.9547e+01   7.4592e+00   0.0000e+00   4.4532e-03   2.6649e+02
20190901_11:00:00   3.1372e-01   7.6198e+01   7.0714e+00   0.0000e+00   6.1530e-03   2.6614e+02
20190901_12:00:00   3.0597e-01   7.4712e+01   6.8701e+00   0.0000e+00   4.9596e-03   2.6459e+02
20190901_13:00:00   2.9676e-01   7.2944e+01   6.6401e+00   0.0000e+00   6.0724e-03   2.6431e+02
20190901_14:00:00   2.8424e-01   7.0513e+01   6.3318e+00   0.0000e+00   8.2942e-03   2.6467e+02
20190901_15:00:00   2.7676e-01   6.9086e+01   6.1191e+00   0.0000e+00   3.4174e-03   2.6593e+02
20190901_16:00:00   2.7036e-01   6.7859e+01   5.9498e+00   0.0000e+00   3.6704e-03   2.6554e+02
20190901_17:00:00   2.6516e-01   6.6773e+01   5.8514e+00   0.0000e+00   3.0705e-03   2.6495e+02
20190901_18:00:00   2.6140e-01   6.6011e+01   5.7633e+00   0.0000e+00   2.3246e-03   2.6401e+02
20190901_19:00:00   2.5859e-01   6.5438e+01   5.6932e+00   0.0000e+00   2.8410e-03   2.6418e+02
20190901_20:00:00   2.5391e-01   6.4469e+01   5.6021e+00   0.0000e+00   2.1104e-03   2.6251e+02
20190901_21:00:00   2.4873e-01   6.3385e+01   5.5012e+00   0.0000e+00   2.2912e-03   2.6122e+02
20190901_22:00:00   2.7503e-01   6.8906e+01   5.5179e+00   1.0370e-02   6.8059e-03   2.6174e+02
20190901_23:00:00   2.6069e-01   6.5802e+01   5.7337e+00   1.2320e-03   8.5030e-03   2.6240e+02
20190902_00:00:00   2.6428e-01   6.6440e+01   5.9369e+00   0.0000e+00   4.8095e-03   2.6329e+02
20190902_01:00:00   2.6761e-01   6.6948e+01   6.0910e+00   0.0000e+00   1.3273e-02   2.6465e+02
20190902_02:00:00   2.6131e-01   6.5538e+01   6.0075e+00   0.0000e+00   1.1812e-02   2.6301e+02
20190902_03:00:00   2.6132e-01   6.5466e+01   6.0444e+00   0.0000e+00   1.1202e-02   2.6346e+02
20190902_04:00:00   2.6200e-01   6.5550e+01   6.0864e+00   0.0000e+00   8.1777e-03   2.6552e+02
20190902_05:00:00   2.6222e-01   6.5520e+01   6.1183e+00   0.0000e+00   1.0525e-02   2.6526e+02
20190902_06:00:00   2.6310e-01   6.5637e+01   6.1632e+00   0.0000e+00   5.6840e-03   2.6663e+02
20190902_07:00:00   2.6742e-01   6.6479e+01   6.2751e+00   0.0000e+00   8.1755e-03   2.6662e+02
20190902_08:00:00   2.7251e-01   6.7516e+01   6.3851e+00   0.0000e+00   4.9783e-03   2.6839e+02
20190902_09:00:00   2.7983e-01   6.8997e+01   6.5394e+00   0.0000e+00   4.7420e-03   2.6847e+02
20190902_10:00:00   2.8772e-01   7.0596e+01   6.6916e+00   0.0000e+00   6.0521e-04   2.6911e+02
20190902_11:00:00   2.9661e-01   7.2379e+01   6.8705e+00   0.0000e+00   8.7500e-06   2.6907e+02
20190902_12:00:00   3.0087e-01   7.3226e+01   6.9442e+00   0.0000e+00   1.5148e-05   2.6910e+02
20190902_13:00:00   3.0732e-01   7.4464e+01   7.0813e+00   0.0000e+00   1.3163e-03   2.6819e+02
20190902_14:00:00   3.1151e-01   7.5236e+01   7.1786e+00   0.0000e+00   1.5062e-03   2.6619e+02
20190902_15:00:00   3.1427e-01   7.5791e+01   7.2200e+00   0.0000e+00   3.1614e-03   2.6441e+02
20190902_16:00:00   3.1362e-01   7.5700e+01   7.1821e+00   0.0000e+00   3.7834e-03   2.6289e+02
20190902_17:00:00   3.1315e-01   7.5656e+01   7.1547e+00   0.0000e+00   6.1474e-03   2.6505e+02
20190902_18:00:00   3.1221e-01   7.5535e+01   7.1133e+00   0.0000e+00   3.4552e-03   2.6524e+02
20190902_19:00:00   3.0973e-01   7.5099e+01   7.0412e+00   0.0000e+00   4.3327e-03   2.6413e+02
20190902_20:00:00   3.1186e-01   7.5511e+01   7.0936e+00   0.0000e+00   3.2461e-03   2.6442e+02
20190902_21:00:00   3.1078e-01   7.5265e+01   7.1107e+00   0.0000e+00   9.7187e-04   2.6448e+02
20190902_22:00:00   3.1192e-01   7.5478e+01   7.1515e+00   0.0000e+00   9.5917e-05   2.6504e+02
20190902_23:00:00   3.1363e-01   7.5746e+01   7.2280e+00   0.0000e+00   4.7046e-05   2.6472e+02
20190903_00:00:00   3.2731e-01   7.8320e+01   7.5534e+00   0.0000e+00   1.3095e-05   2.6443e+02
20190903_01:00:00   3.1756e-01   7.6361e+01   7.3880e+00   0.0000e+00   8.2580e-06   2.6485e+02
20190903_02:00:00   3.0659e-01   7.4186e+01   7.1791e+00   0.0000e+00   1.4168e-04   2.6547e+02
20190903_03:00:00   2.9128e-01   7.1210e+01   6.8340e+00   0.0000e+00   4.8860e-04   2.6569e+02
20190903_04:00:00   2.7961e-01   6.8905e+01   6.5843e+00   0.0000e+00   2.4340e-04   2.6840e+02
20190903_05:00:00   2.6961e-01   6.6920e+01   6.3514e+00   0.0000e+00   7.3458e-05   2.6766e+02
20190903_06:00:00   2.7149e-01   6.7295e+01   6.3989e+00   0.0000e+00   9.0270e-04   2.6838e+02
20190903_07:00:00   2.7382e-01   6.7784e+01   6.4517e+00   0.0000e+00   8.4803e-04   2.6806e+02
20190903_08:00:00   2.7182e-01   6.7390e+01   6.3985e+00   0.0000e+00   2.0095e-03   2.6707e+02
20190903_09:00:00   2.6982e-01   6.7007e+01   6.3461e+00   0.0000e+00   2.4518e-03   2.6686e+02
20190903_10:00:00   2.6697e-01   6.6455e+01   6.2664e+00   0.0000e+00   2.7980e-03   2.6722e+02
20190903_11:00:00   2.6453e-01   6.5983e+01   6.2102e+00   0.0000e+00   1.5684e-03   2.6784e+02
20190903_12:00:00   2.6120e-01   6.5286e+01   6.1401e+00   0.0000e+00   2.6850e-03   2.6745e+02
20190903_13:00:00   2.5866e-01   6.4742e+01   6.0942e+00   0.0000e+00   1.8228e-03   2.6690e+02
20190903_14:00:00   2.5186e-01   6.3354e+01   5.9370e+00   0.0000e+00   2.6071e-03   2.6667e+02
20190903_15:00:00   2.4462e-01   6.1869e+01   5.7746e+00   0.0000e+00   1.9354e-03   2.6622e+02
20190903_16:00:00   2.3547e-01   5.9977e+01   5.5537e+00   0.0000e+00   2.4728e-03   2.6633e+02
20190903_17:00:00   2.2997e-01   5.8846e+01   5.4286e+00   0.0000e+00   2.6188e-03   2.6522e+02
20190903_18:00:00   2.2621e-01   5.8079e+01   5.3337e+00   0.0000e+00   2.4968e-03   2.6595e+02
20190903_19:00:00   2.2172e-01   5.7101e+01   5.2427e+00   0.0000e+00   2.5937e-03   2.6717e+02
20190903_20:00:00   2.1683e-01   5.6055e+01   5.1343e+00   0.0000e+00   2.5302e-03   2.6602e+02
20190903_21:00:00   2.1476e-01   5.5580e+01   5.1130e+00   0.0000e+00   2.8070e-03   2.6500e+02
20190903_22:00:00   2.1110e-01   5.4757e+01   5.0434e+00   0.0000e+00   4.0187e-03   2.6485e+02
20190903_23:00:00   2.1368e-01   5.5249e+01   5.1251e+00   0.0000e+00   5.5287e-03   2.6399e+02
20190904_00:00:00   2.2079e-01   5.6731e+01   5.2731e+00   4.1420e-04   6.6080e-03   2.6354e+02
20190904_01:00:00   3.3742e-01   8.1001e+01   5.4056e+00   4.4370e-02   3.5811e-03   2.6272e+02
20190904_02:00:00   3.5396e-01   8.4169e+01   5.5277e+00   4.8940e-02   5.7543e-03   2.6242e+02
20190904_03:00:00   2.4191e-01   6.1240e+01   5.5094e+00   4.9657e-03   5.5925e-03   2.6236e+02
20190904_04:00:00   2.3448e-01   5.9521e+01   5.6307e+00   0.0000e+00   1.5230e-02   2.6116e+02
20190904_05:00:00   2.4116e-01   6.0877e+01   5.7988e+00   0.0000e+00   1.8294e-02   2.6198e+02
20190904_06:00:00   2.5053e-01   6.2853e+01   6.0102e+00   0.0000e+00   1.1218e-02   2.6222e+02
20190904_09:00:00   2.9382e-01   7.1996e+01   6.7985e+00   7.6990e-04   4.1599e-03   2.6675e+02
20190904_12:00:00   2.7799e-01   6.8851e+01   6.4633e+00   0.0000e+00   2.6966e-03   2.6228e+02
20190904_15:00:00   2.4951e-01   6.3132e+01   5.7530e+00   0.0000e+00   2.4115e-03   2.6191e+02
20190904_18:00:00   2.0451e-01   5.3887e+01   4.6403e+00   0.0000e+00   0.0000e+00   2.6815e+02
20190904_21:00:00   1.6325e-01   4.4960e+01   3.6253e+00   0.0000e+00   5.7440e-06   2.7021e+02
20190905_00:00:00   1.4391e-01   4.0646e+01   3.1046e+00   3.3740e-04   2.1960e-05   2.6892e+02
20190905_03:00:00   2.1548e-01   5.7062e+01   3.3536e+00   2.2606e-02   0.0000e+00   2.6923e+02
20190905_06:00:00   1.6095e-01   4.4717e+01   3.3931e+00   0.0000e+00   0.0000e+00   2.6778e+02
20190905_09:00:00   1.5698e-01   4.3741e+01   3.3125e+00   9.3990e-05   0.0000e+00   2.6992e+02
20190905_12:00:00   1.4288e-01   4.0292e+01   3.0627e+00   5.0010e-04   0.0000e+00   2.7151e+02
20190905_15:00:00   1.3364e-01   3.8123e+01   2.8874e+00   0.0000e+00   0.0000e+00   2.6823e+02
20190905_18:00:00   1.4856e-01   4.1492e+01   3.2442e+00   0.0000e+00   0.0000e+00   2.6770e+02
20190905_21:00:00   1.7176e-01   4.6572e+01   3.8378e+00   0.0000e+00   0.0000e+00   2.6741e+02
20190906_00:00:00   2.0248e-01   5.3255e+01   4.5596e+00   0.0000e+00   1.1522e-04   2.6735e+02
20190906_03:00:00   2.1280e-01   5.5616e+01   4.7427e+00   0.0000e+00   3.9920e-05   2.6426e+02
20190906_06:00:00   1.8906e-01   5.0550e+01   4.1623e+00   0.0000e+00   0.0000e+00   2.6704e+02
20190906_09:00:00   1.6902e-01   4.5970e+01   3.7743e+00   0.0000e+00   2.6560e-07   2.6805e+02
20190906_12:00:00   1.8159e-01   4.8611e+01   4.1016e+00   0.0000e+00   0.0000e+00   2.6969e+02
20190906_15:00:00   2.0294e-01   5.3323e+01   4.5205e+00   0.0000e+00   0.0000e+00   2.6774e+02
20190906_18:00:00   2.2329e-01   5.7746e+01   4.8836e+00   0.0000e+00   0.0000e+00   2.6751e+02
20190906_21:00:00   2.3315e-01   5.9933e+01   5.0482e+00   0.0000e+00   0.0000e+00   2.6493e+02
20190907_00:00:00   2.2488e-01   5.8151e+01   4.8830e+00   0.0000e+00   0.0000e+00   2.6567e+02
20190907_03:00:00   2.0576e-01   5.4141e+01   4.4676e+00   0.0000e+00   0.0000e+00   2.6451e+02
20190907_06:00:00   2.0755e-01   5.4515e+01   4.4923e+00   0.0000e+00   0.0000e+00   2.6481e+02
20190907_09:00:00   1.9943e-01   5.2754e+01   4.2971e+00   0.0000e+00   0.0000e+00   2.6540e+02
20190907_12:00:00   1.8235e-01   4.9058e+01   3.9113e+00   0.0000e+00   0.0000e+00   2.6618e+02
20190907_15:00:00   1.6155e-01   4.4429e+01   3.4630e+00   0.0000e+00   0.0000e+00   2.6367e+02
20190907_18:00:00   1.5722e-01   4.3490e+01   3.3648e+00   0.0000e+00   0.0000e+00   2.6483e+02
20190907_21:00:00   1.4586e-01   4.0915e+01   3.1241e+00   0.0000e+00   0.0000e+00   2.6703e+02
20190908_00:00:00   1.4703e-01   4.1247e+01   3.0590e+00   1.7350e-03   0.0000e+00   2.6322e+02
20190908_03:00:00   1.5648e-01   4.3417e+01   3.3557e+00   0.0000e+00   0.0000e+00   2.6197e+02
20190908_06:00:00   1.7015e-01   4.6548e+01   3.6602e+00   0.0000e+00   0.0000e+00   2.6295e+02
20190908_09:00:00   1.8541e-01   4.9940e+01   4.0217e+00   0.0000e+00   2.0520e-04   2.6013e+02
20190908_12:00:00   1.6676e-01   4.5633e+01   3.6811e+00   0.0000e+00   1.3149e-03   2.6003e+02
20190908_15:00:00   1.5165e-01   4.2309e+01   3.3253e+00   0.0000e+00   0.0000e+00   2.5784e+02
20190908_18:00:00   1.9482e-01   5.2199e+01   4.1969e+00   0.0000e+00   1.6516e-05   2.5937e+02
20190908_21:00:00   2.4525e-01   6.3079e+01   5.2736e+00   0.0000e+00   7.1362e-04   2.5922e+02
20190909_00:00:00   2.9532e-01   7.3231e+01   6.3135e+00   4.2800e-04   9.8846e-04   2.5576e+02
20190909_03:00:00   3.7423e-01   8.8309e+01   7.5087e+00   9.0060e-03   1.9855e-02   2.5396e+02
20190909_06:00:00   6.5441e-01   1.3390e+02   8.9668e+00   9.1830e-02   4.8624e-03   2.5527e+02
20190909_09:00:00   3.1294e+00   2.6265e+02   1.3882e+01   1.0332e+00   3.5982e-01   2.5447e+02
20190909_12:00:00   3.9180e+00   2.6955e+02   1.4247e+01   1.3654e+00   3.7950e-01   2.5472e+02
20190909_15:00:00   2.7392e+00   2.5754e+02   1.3310e+01   8.7022e-01   3.9510e-01   2.5441e+02
20190909_18:00:00   1.9568e+00   2.3550e+02   1.5216e+01   4.9975e-01   1.9906e+00   2.5473e+02
20190909_21:00:00   2.9294e+00   2.5947e+02   1.5848e+01   9.1514e-01   1.5910e+00   2.5143e+02
20190910_00:00:00   1.7759e+00   2.2650e+02   1.5112e+01   4.3938e-01   2.3363e+00   2.5000e+02
20190910_03:00:00   1.1763e+00   1.8870e+02   1.4409e+01   1.9521e-01   2.2948e+00   2.5124e+02
20190910_06:00:00   6.0165e-01   1.2423e+02   1.3013e+01   3.8059e-04   7.6255e-01   2.5067e+02
20190910_09:00:00   5.7441e-01   1.2083e+02   1.1523e+01   1.9990e-02   4.2596e-01   2.5208e+02
20190910_12:00:00   7.6322e-01   1.4746e+02   1.1647e+01   9.2339e-02   2.3457e-01   2.5356e+02
20190910_15:00:00   2.7340e+00   2.5709e+02   1.3542e+01   8.6101e-01   3.5745e-01   2.5431e+02
20190910_18:00:00   2.1583e+00   2.4293e+02   1.3533e+01   6.2546e-01   1.1721e-01   2.5256e+02
20190910_21:00:00   1.7755e+00   2.2868e+02   1.3208e+01   4.7017e-01   4.1876e-02   2.5235e+02
20190911_00:00:00   2.7819e+00   2.5749e+02   1.3986e+01   8.7794e-01   1.7133e-01   2.5102e+02
20190911_03:00:00   1.5882e+00   2.1825e+02   1.4011e+01   3.8314e-01   2.5253e-01   2.5118e+02
20190911_06:00:00   1.8878e+00   2.3274e+02   1.4229e+01   5.0094e-01   3.5616e-01   2.5125e+02
20190911_09:00:00   1.0048e+00   1.7364e+02   1.3233e+01   1.6239e-01   7.0035e-02   2.5235e+02
20190911_12:00:00   5.8928e-01   1.2277e+02   1.1991e+01   1.6772e-02   1.2103e-02   2.5207e+02
20190911_15:00:00   5.0302e-01   1.0960e+02   1.0914e+01   1.3094e-03   6.5158e-03   2.5178e+02
20190911_18:00:00   4.7051e-01   1.0440e+02   1.0212e+01   0.0000e+00   3.0183e-03   2.5173e+02
20190911_21:00:00   4.4734e-01   1.0059e+02   9.7016e+00   0.0000e+00   6.8294e-04   2.5275e+02
20190912_00:00:00   4.2169e-01   9.6361e+01   9.1771e+00   0.0000e+00   4.6107e-05   2.5276e+02
20190912_03:00:00   4.0069e-01   9.2735e+01   8.6538e+00   3.3090e-04   1.0206e-04   2.5141e+02
20190912_06:00:00   3.7948e-01   8.8984e+01   8.1103e+00   0.0000e+00   1.7240e-04   2.5278e+02
20190912_09:00:00   3.5544e-01   8.4604e+01   7.4223e+00   2.3576e-03   2.8480e-04   2.5802e+02
20190912_12:00:00   3.2136e-01   7.8170e+01   6.8055e+00   2.7520e-04   2.7084e-04   2.5644e+02
20190912_15:00:00   3.0386e-01   7.4791e+01   6.4044e+00   4.4284e-04   1.8022e-03   2.5553e+02
20190912_18:00:00   2.9403e-01   7.2835e+01   6.2138e+00   0.0000e+00   6.1047e-03   2.5783e+02
20190912_21:00:00   2.7424e-01   6.8864e+01   5.8296e+00   0.0000e+00   7.7463e-03   2.5904e+02
20190913_00:00:00   2.9212e-01   7.2447e+01   6.2692e+00   2.3900e-04   3.4147e-03   2.5710e+02
20190913_03:00:00   3.0419e-01   7.4783e+01   6.5591e+00   0.0000e+00   9.4720e-04   2.5587e+02
20190913_06:00:00   2.6916e-01   6.7727e+01   5.5054e+00   7.0220e-03   7.4859e-04   2.5825e+02
20190913_09:00:00   2.0419e-01   5.3900e+01   4.5315e+00   0.0000e+00   1.0360e-05   2.5884e+02
20190913_12:00:00   2.3781e-01   6.1010e+01   5.2751e+00   0.0000e+00   3.4447e-05   2.5782e+02
20190913_15:00:00   2.6208e-01   6.6037e+01   5.7781e+00   0.0000e+00   2.6460e-05   2.5643e+02
20190913_18:00:00   2.8141e-01   6.9923e+01   6.1991e+00   0.0000e+00   6.2480e-05   2.5701e+02
20190913_21:00:00   2.9694e-01   7.2968e+01   6.5462e+00   0.0000e+00   4.4359e-04   2.5518e+02
20190914_00:00:00   3.0942e-01   7.5499e+01   6.7770e+00   5.3870e-04   9.7779e-04   2.5605e+02
20190914_03:00:00   5.4777e-01   1.1758e+02   8.0445e+00   7.2680e-02   1.0497e-02   2.5450e+02
20190914_06:00:00   6.1345e-01   1.2736e+02   8.3303e+00   9.2193e-02   4.5999e-03   2.5466e+02
20190914_09:00:00   4.1323e-01   9.4697e+01   8.6663e+00   3.1247e-03   1.6631e-03   2.5538e+02
20190914_12:00:00   3.4083e-01   8.1536e+01   7.3357e+00   0.0000e+00   4.6730e-03   2.5444e+02
20190914_15:00:00   3.3003e-01   7.9261e+01   7.3116e+00   0.0000e+00   1.2892e-02   2.5327e+02
20190914_18:00:00   3.7407e-01   8.7135e+01   8.4434e+00   0.0000e+00   2.8610e-02   2.5342e+02
20190914_21:00:00   6.0142e-01   1.2444e+02   1.1562e+01   3.0477e-02   7.5894e-03   2.5321e+02
20190915_00:00:00   2.5493e+00   2.5242e+02   1.3358e+01   8.0017e-01   1.3814e-01   2.5226e+02
20190915_03:00:00   2.5404e+00   2.5208e+02   1.3379e+01   7.9741e-01   3.2389e-01   2.5167e+02
20190915_06:00:00   1.3648e+00   2.0419e+02   1.2501e+01   3.2026e-01   3.2929e-02   2.5185e+02
