#            date       tau225        Tb[K]      pwv[mm] lwp[kg*m^-2] iwp[kg*m^-2]       o3[DU]
20191016_18:00:00   3.6233e-01   8.5440e+01   7.7870e+00   0.0000e+00   7.0067e-06   2.5583e+02
20191016_19:00:00   3.6211e-01   8.5312e+01   7.8399e+00   0.0000e+00   0.0000e+00   2.5733e+02
20191016_20:00:00   3.6197e-01   8.5168e+01   7.9162e+00   0.0000e+00   2.7520e-06   2.5751e+02
20191016_21:00:00   3.5509e-01   8.3878e+01   7.8162e+00   0.0000e+00   0.0000e+00   2.5769e+02
20191016_22:00:00   3.4578e-01   8.2164e+01   7.6294e+00   0.0000e+00   2.4200e-04   2.5774e+02
20191016_23:00:00   3.4220e-01   8.1380e+01   7.5940e+00   0.0000e+00   1.1730e-03   2.5896e+02
20191017_00:00:00   3.4608e-01   8.1999e+01   7.7366e+00   0.0000e+00   1.7805e-03   2.6061e+02
20191017_01:00:00   3.4958e-01   8.2640e+01   7.8205e+00   0.0000e+00   1.1021e-03   2.6135e+02
20191017_02:00:00   3.5215e-01   8.3183e+01   7.8482e+00   0.0000e+00   3.5080e-04   2.6048e+02
20191017_03:00:00   3.5243e-01   8.3345e+01   7.7666e+00   0.0000e+00   5.7806e-05   2.6001e+02
20191017_04:00:00   3.4768e-01   8.2566e+01   7.6154e+00   0.0000e+00   1.3214e-05   2.6028e+02
20191017_05:00:00   3.4533e-01   8.2185e+01   7.5480e+00   0.0000e+00   2.7520e-06   2.5976e+02
20191017_06:00:00   3.4007e-01   8.1251e+01   7.4086e+00   0.0000e+00   5.5060e-06   2.6040e+02
20191017_07:00:00   3.2271e-01   7.8013e+01   7.0225e+00   0.0000e+00   0.0000e+00   2.6100e+02
20191017_08:00:00   2.9977e-01   7.3626e+01   6.5087e+00   0.0000e+00   0.0000e+00   2.6118e+02
20191017_09:00:00   2.6710e-01   6.7178e+01   5.7893e+00   0.0000e+00   0.0000e+00   2.6113e+02
20191017_10:00:00   2.3735e-01   6.1124e+01   5.1220e+00   0.0000e+00   0.0000e+00   2.6125e+02
20191017_11:00:00   2.1396e-01   5.6196e+01   4.5974e+00   0.0000e+00   0.0000e+00   2.6027e+02
20191017_12:00:00   1.9290e-01   5.1660e+01   4.1348e+00   0.0000e+00   0.0000e+00   2.5907e+02
20191017_13:00:00   1.7625e-01   4.7998e+01   3.7543e+00   0.0000e+00   0.0000e+00   2.5740e+02
20191017_14:00:00   1.6341e-01   4.5144e+01   3.4557e+00   0.0000e+00   0.0000e+00   2.5756e+02
20191017_15:00:00   1.5303e-01   4.2807e+01   3.2174e+00   0.0000e+00   0.0000e+00   2.5826e+02
20191017_16:00:00   1.4104e-01   4.0030e+01   2.9586e+00   0.0000e+00   0.0000e+00   2.5929e+02
20191017_17:00:00   1.3248e-01   3.8003e+01   2.7853e+00   0.0000e+00   0.0000e+00   2.5951e+02
20191017_18:00:00   1.3468e-01   3.8523e+01   2.8235e+00   0.0000e+00   2.7853e-04   2.5929e+02
20191017_19:00:00   1.2893e-01   3.7139e+01   2.7114e+00   0.0000e+00   5.5646e-05   2.5898e+02
20191017_20:00:00   1.2641e-01   3.6548e+01   2.6645e+00   0.0000e+00   2.6560e-07   2.5879e+02
20191017_21:00:00   1.1766e-01   3.4463e+01   2.4810e+00   0.0000e+00   0.0000e+00   2.6018e+02
20191017_22:00:00   1.0767e-01   3.2042e+01   2.2721e+00   0.0000e+00   0.0000e+00   2.5900e+02
20191017_23:00:00   1.0707e-01   3.1898e+01   2.2603e+00   0.0000e+00   6.5480e-06   2.5776e+02
20191018_00:00:00   1.0984e-01   3.2583e+01   2.2185e+00   1.9100e-03   0.0000e+00   2.5905e+02
20191018_01:00:00   1.1343e-01   3.3506e+01   2.1548e+00   4.3710e-03   0.0000e+00   2.5849e+02
20191018_02:00:00   1.1147e-01   3.3052e+01   2.1916e+00   2.6630e-03   1.0476e-05   2.5778e+02
20191018_03:00:00   1.1529e-01   3.4000e+01   2.2416e+00   2.9237e-03   7.1780e-06   2.5714e+02
20191018_04:00:00   1.0428e-01   3.1334e+01   2.1013e+00   9.8210e-04   0.0000e+00   2.5592e+02
20191018_05:00:00   1.0237e-01   3.0877e+01   2.1054e+00   0.0000e+00   0.0000e+00   2.5475e+02
20191018_06:00:00   1.0692e-01   3.1981e+01   2.1993e+00   0.0000e+00   0.0000e+00   2.5468e+02
20191018_07:00:00   1.0437e-01   3.1339e+01   2.1607e+00   0.0000e+00   0.0000e+00   2.5722e+02
20191018_08:00:00   1.0614e-01   3.1724e+01   2.2186e+00   0.0000e+00   8.1160e-05   2.5704e+02
20191018_09:00:00   1.0412e-01   3.1221e+01   2.1840e+00   0.0000e+00   0.0000e+00   2.5739e+02
20191018_10:00:00   1.0474e-01   3.1343e+01   2.2078e+00   0.0000e+00   0.0000e+00   2.5534e+02
20191018_11:00:00   1.0497e-01   3.1379e+01   2.2188e+00   0.0000e+00   0.0000e+00   2.5564e+02
20191018_12:00:00   1.0267e-01   3.0808e+01   2.1690e+00   0.0000e+00   0.0000e+00   2.5556e+02
20191018_13:00:00   9.8914e-02   2.9877e+01   2.0879e+00   0.0000e+00   0.0000e+00   2.5419e+02
20191018_14:00:00   9.5566e-02   2.9021e+01   2.0272e+00   0.0000e+00   2.1078e-04   2.5310e+02
20191018_15:00:00   9.0979e-02   2.7869e+01   1.9308e+00   0.0000e+00   2.2503e-04   2.5360e+02
20191018_16:00:00   8.7275e-02   2.6947e+01   1.8482e+00   0.0000e+00   9.5300e-05   2.5475e+02
20191018_17:00:00   8.5919e-02   2.6610e+01   1.8191e+00   0.0000e+00   4.0409e-04   2.5486e+02
20191018_18:00:00   8.7951e-02   2.7096e+01   1.8753e+00   0.0000e+00   5.4422e-04   2.5499e+02
20191018_19:00:00   9.4856e-02   2.8769e+01   2.0482e+00   0.0000e+00   7.5999e-04   2.5505e+02
20191018_20:00:00   9.6831e-02   2.9253e+01   2.1023e+00   0.0000e+00   4.9704e-04   2.5541e+02
20191018_21:00:00   9.8649e-02   2.9673e+01   2.1563e+00   0.0000e+00   5.4080e-06   2.5518e+02
20191018_22:00:00   9.7717e-02   2.9434e+01   2.1424e+00   0.0000e+00   6.5480e-06   2.5450e+02
20191018_23:00:00   1.0122e-01   3.0305e+01   2.1716e+00   9.7040e-04   1.5776e-04   2.5437e+02
20191019_00:00:00   1.0351e-01   3.0863e+01   2.2120e+00   1.1200e-03   1.1411e-03   2.5397e+02
20191019_01:00:00   1.0646e-01   3.1598e+01   2.2519e+00   1.6240e-03   2.8104e-04   2.5267e+02
20191019_02:00:00   1.1091e-01   3.2684e+01   2.3354e+00   2.0104e-03   5.5238e-06   2.5294e+02
20191019_03:00:00   1.0622e-01   3.1519e+01   2.3444e+00   0.0000e+00   0.0000e+00   2.5356e+02
20191019_04:00:00   1.0621e-01   3.1521e+01   2.3385e+00   0.0000e+00   0.0000e+00   2.5336e+02
20191019_05:00:00   1.0934e-01   3.2283e+01   2.4012e+00   0.0000e+00   0.0000e+00   2.5246e+02
20191019_06:00:00   1.0255e-01   3.0613e+01   2.2455e+00   0.0000e+00   0.0000e+00   2.5263e+02
20191019_07:00:00   9.0588e-02   2.7673e+01   1.9650e+00   0.0000e+00   4.0358e-06   2.5366e+02
20191019_08:00:00   8.2080e-02   2.5558e+01   1.7650e+00   0.0000e+00   0.0000e+00   2.5368e+02
20191019_09:00:00   7.4580e-02   2.3660e+01   1.5899e+00   0.0000e+00   0.0000e+00   2.5352e+02
20191019_10:00:00   6.9416e-02   2.2329e+01   1.4721e+00   0.0000e+00   6.5498e-04   2.5345e+02
20191019_11:00:00   6.6952e-02   2.1661e+01   1.4238e+00   0.0000e+00   1.6598e-03   2.5264e+02
20191019_12:00:00   6.6892e-02   2.1620e+01   1.4311e+00   0.0000e+00   1.4824e-03   2.5268e+02
20191019_13:00:00   6.7169e-02   2.1674e+01   1.4402e+00   0.0000e+00   4.3882e-04   2.5264e+02
20191019_14:00:00   6.5680e-02   2.1301e+01   1.4025e+00   0.0000e+00   0.0000e+00   2.5193e+02
20191019_15:00:00   6.4123e-02   2.0896e+01   1.3680e+00   0.0000e+00   0.0000e+00   2.5162e+02
20191019_16:00:00   6.3401e-02   2.0697e+01   1.3526e+00   0.0000e+00   0.0000e+00   2.5194e+02
20191019_17:00:00   6.3920e-02   2.0813e+01   1.3704e+00   0.0000e+00   0.0000e+00   2.5277e+02
20191019_18:00:00   6.3965e-02   2.0807e+01   1.3768e+00   0.0000e+00   0.0000e+00   2.5340e+02
20191019_19:00:00   6.2989e-02   2.0557e+01   1.3534e+00   0.0000e+00   3.9400e-05   2.5402e+02
20191019_20:00:00   6.2018e-02   2.0313e+01   1.3291e+00   0.0000e+00   2.3340e-04   2.5309e+02
20191019_21:00:00   6.1059e-02   2.0055e+01   1.3087e+00   0.0000e+00   2.1828e-04   2.5286e+02
20191019_22:00:00   6.0010e-02   1.9788e+01   1.2811e+00   0.0000e+00   8.0537e-04   2.5305e+02
20191019_23:00:00   5.9567e-02   1.9677e+01   1.2703e+00   0.0000e+00   4.9679e-04   2.5124e+02
20191020_00:00:00   5.9498e-02   1.9628e+01   1.2753e+00   0.0000e+00   1.6434e-03   2.4959e+02
20191020_01:00:00   6.0305e-02   1.9791e+01   1.3048e+00   0.0000e+00   3.0216e-03   2.4952e+02
20191020_02:00:00   6.1561e-02   2.0090e+01   1.3399e+00   0.0000e+00   3.2531e-03   2.5086e+02
20191020_03:00:00   6.3816e-02   2.0660e+01   1.3990e+00   0.0000e+00   2.8590e-03   2.5080e+02
20191020_04:00:00   6.6471e-02   2.1327e+01   1.4664e+00   0.0000e+00   1.6538e-03   2.4973e+02
20191020_05:00:00   7.0221e-02   2.2254e+01   1.5528e+00   1.7440e-04   9.5020e-04   2.4867e+02
20191020_06:00:00   7.5106e-02   2.3408e+01   1.7001e+00   0.0000e+00   1.4041e-03   2.4810e+02
20191020_07:00:00   7.9735e-02   2.4525e+01   1.8214e+00   0.0000e+00   2.5327e-03   2.4794e+02
20191020_08:00:00   8.3025e-02   2.5313e+01   1.9069e+00   0.0000e+00   1.6648e-03   2.4832e+02
20191020_09:00:00   8.5204e-02   2.5852e+01   1.9604e+00   0.0000e+00   5.9642e-04   2.4841e+02
20191020_10:00:00   8.6902e-02   2.6293e+01   1.9969e+00   0.0000e+00   1.2465e-03   2.4875e+02
20191020_11:00:00   8.9248e-02   2.6886e+01   2.0485e+00   0.0000e+00   9.1872e-04   2.4857e+02
20191020_12:00:00   9.3099e-02   2.7797e+01   2.1503e+00   0.0000e+00   1.5614e-04   2.4805e+02
20191020_13:00:00   9.5539e-02   2.8346e+01   2.2199e+00   0.0000e+00   1.2058e-03   2.4734e+02
20191020_14:00:00   9.7933e-02   2.8882e+01   2.2877e+00   0.0000e+00   2.0362e-03   2.4712e+02
20191020_15:00:00   9.9313e-02   2.9184e+01   2.3227e+00   0.0000e+00   4.9201e-03   2.4743e+02
20191020_16:00:00   1.0176e-01   2.9727e+01   2.3914e+00   0.0000e+00   5.7844e-03   2.4817e+02
20191020_17:00:00   1.0335e-01   3.0054e+01   2.4418e+00   0.0000e+00   3.7781e-03   2.4969e+02
20191020_18:00:00   1.0533e-01   3.0543e+01   2.4876e+00   0.0000e+00   1.4227e-03   2.5056e+02
20191020_19:00:00   1.0861e-01   3.1305e+01   2.5732e+00   0.0000e+00   2.2326e-03   2.4997e+02
20191020_20:00:00   1.0893e-01   3.1355e+01   2.5880e+00   0.0000e+00   3.0746e-03   2.5035e+02
20191020_21:00:00   1.0665e-01   3.0860e+01   2.5236e+00   0.0000e+00   3.1893e-03   2.5002e+02
20191020_22:00:00   1.0865e-01   3.1384e+01   2.5621e+00   0.0000e+00   4.7338e-03   2.5036e+02
20191020_23:00:00   1.1136e-01   3.2043e+01   2.6240e+00   0.0000e+00   6.3805e-03   2.5081e+02
20191021_00:00:00   1.1387e-01   3.2642e+01   2.6883e+00   0.0000e+00   6.6786e-03   2.5059e+02
20191021_01:00:00   1.1984e-01   3.3995e+01   2.8493e+00   0.0000e+00   8.4689e-03   2.5079e+02
20191021_02:00:00   1.2902e-01   3.6107e+01   3.0808e+00   0.0000e+00   1.1004e-02   2.5163e+02
20191021_03:00:00   1.3429e-01   3.7304e+01   3.2174e+00   0.0000e+00   1.1277e-02   2.5277e+02
20191021_04:00:00   1.3638e-01   3.7815e+01   3.2640e+00   0.0000e+00   2.5974e-03   2.5403e+02
20191021_05:00:00   1.3490e-01   3.7565e+01   3.2022e+00   0.0000e+00   1.4641e-03   2.5463e+02
20191021_06:00:00   1.3131e-01   3.6764e+01   3.1085e+00   0.0000e+00   1.0672e-03   2.5549e+02
20191021_07:00:00   1.2921e-01   3.6258e+01   3.0604e+00   0.0000e+00   8.2469e-05   2.5621e+02
20191021_08:00:00   1.2949e-01   3.6306e+01   3.0653e+00   0.0000e+00   1.9006e-04   2.5729e+02
20191021_09:00:00   1.3235e-01   3.6948e+01   3.1396e+00   0.0000e+00   4.1369e-04   2.5738e+02
20191021_10:00:00   1.3660e-01   3.7885e+01   3.2504e+00   0.0000e+00   8.7618e-04   2.5722e+02
20191021_11:00:00   1.4046e-01   3.8762e+01   3.3407e+00   0.0000e+00   5.7654e-04   2.5799e+02
20191021_12:00:00   1.4132e-01   3.8955e+01   3.3622e+00   0.0000e+00   1.2455e-04   2.5758e+02
20191021_13:00:00   1.4261e-01   3.9202e+01   3.4006e+00   0.0000e+00   4.2690e-04   2.5474e+02
20191021_14:00:00   1.4633e-01   4.0033e+01   3.4908e+00   0.0000e+00   2.8645e-04   2.5434e+02
20191021_15:00:00   1.5070e-01   4.1066e+01   3.5813e+00   0.0000e+00   1.4177e-04   2.5472e+02
20191021_16:00:00   1.5029e-01   4.1102e+01   3.5336e+00   0.0000e+00   1.7200e-05   2.5554e+02
20191021_17:00:00   1.5018e-01   4.1141e+01   3.5165e+00   0.0000e+00   7.5800e-06   2.5544e+02
20191021_18:00:00   1.4727e-01   4.0579e+01   3.4287e+00   0.0000e+00   0.0000e+00   2.5542e+02
20191021_21:00:00   1.3601e-01   3.8065e+01   3.1464e+00   0.0000e+00   0.0000e+00   2.5605e+02
20191022_00:00:00   1.3053e-01   3.6814e+01   3.0094e+00   0.0000e+00   0.0000e+00   2.5394e+02
20191022_03:00:00   1.2720e-01   3.6178e+01   2.8932e+00   0.0000e+00   0.0000e+00   2.5428e+02
20191022_06:00:00   1.3160e-01   3.7252e+01   2.9852e+00   0.0000e+00   0.0000e+00   2.5417e+02
20191022_09:00:00   1.3873e-01   3.9032e+01   3.1154e+00   0.0000e+00   0.0000e+00   2.5404e+02
20191022_12:00:00   1.3903e-01   3.9149e+01   3.1084e+00   0.0000e+00   0.0000e+00   2.5142e+02
20191022_15:00:00   1.2485e-01   3.5820e+01   2.7901e+00   0.0000e+00   0.0000e+00   2.5132e+02
20191022_18:00:00   1.1040e-01   3.2381e+01   2.4559e+00   0.0000e+00   0.0000e+00   2.5539e+02
20191022_21:00:00   9.9284e-02   2.9723e+01   2.1987e+00   0.0000e+00   0.0000e+00   2.5452e+02
20191023_00:00:00   9.7463e-02   2.9312e+01   2.1534e+00   0.0000e+00   0.0000e+00   2.5486e+02
20191023_03:00:00   1.0146e-01   3.0329e+01   2.2383e+00   0.0000e+00   0.0000e+00   2.5413e+02
20191023_06:00:00   1.0177e-01   3.0389e+01   2.2462e+00   0.0000e+00   0.0000e+00   2.5517e+02
20191023_09:00:00   1.0182e-01   3.0374e+01   2.2434e+00   8.2470e-05   0.0000e+00   2.5411e+02
20191023_12:00:00   1.0373e-01   3.0812e+01   2.2952e+00   0.0000e+00   0.0000e+00   2.5053e+02
20191023_15:00:00   1.0474e-01   3.1057e+01   2.3173e+00   0.0000e+00   2.7646e-04   2.4898e+02
20191023_18:00:00   1.0374e-01   3.0776e+01   2.3145e+00   0.0000e+00   2.5981e-03   2.4963e+02
20191023_21:00:00   1.0548e-01   3.1207e+01   2.3604e+00   0.0000e+00   1.7354e-03   2.4979e+02
20191024_00:00:00   1.0912e-01   3.2073e+01   2.4450e+00   2.4320e-04   1.7948e-06   2.4746e+02
20191024_03:00:00   1.9734e-01   5.2714e+01   2.8749e+00   2.8240e-02   5.2380e-06   2.4717e+02
20191024_06:00:00   1.3303e-01   3.7508e+01   3.0891e+00   0.0000e+00   0.0000e+00   2.4854e+02
20191024_09:00:00   1.3283e-01   3.7383e+01   3.1037e+00   2.4240e-05   7.4400e-06   2.4766e+02
20191024_12:00:00   1.3705e-01   3.8306e+01   3.2248e+00   0.0000e+00   8.1580e-06   2.4362e+02
20191024_15:00:00   1.3860e-01   3.8586e+01   3.2818e+00   0.0000e+00   8.1580e-06   2.4417e+02
20191024_18:00:00   1.3472e-01   3.7722e+01   3.1787e+00   0.0000e+00   5.3536e-05   2.4429e+02
20191024_21:00:00   1.3351e-01   3.7464e+01   3.1456e+00   0.0000e+00   2.4140e-06   2.4493e+02
20191025_00:00:00   1.4063e-01   3.9071e+01   3.3269e+00   7.9890e-05   2.2020e-06   2.4366e+02
20191025_03:00:00   1.3124e-01   3.7108e+01   2.9582e+00   1.5250e-03   7.6520e-06   2.4405e+02
20191025_06:00:00   1.2316e-01   3.5246e+01   2.8334e+00   0.0000e+00   8.1580e-06   2.4422e+02
20191025_09:00:00   1.2109e-01   3.4789e+01   2.7681e+00   0.0000e+00   0.0000e+00   2.4464e+02
20191025_12:00:00   1.2152e-01   3.4888e+01   2.7665e+00   0.0000e+00   0.0000e+00   2.4436e+02
20191025_15:00:00   1.1736e-01   3.3907e+01   2.6612e+00   0.0000e+00   0.0000e+00   2.4574e+02
20191025_18:00:00   1.1250e-01   3.2778e+01   2.5366e+00   0.0000e+00   9.8540e-06   2.4599e+02
20191025_21:00:00   1.1413e-01   3.3199e+01   2.5767e+00   0.0000e+00   5.2380e-06   2.4725e+02
20191026_00:00:00   1.1636e-01   3.3674e+01   2.6481e+00   0.0000e+00   0.0000e+00   2.4620e+02
20191026_03:00:00   1.2455e-01   3.5647e+01   2.8401e+00   0.0000e+00   0.0000e+00   2.4584e+02
20191026_06:00:00   1.4114e-01   3.9433e+01   3.2463e+00   0.0000e+00   0.0000e+00   2.4768e+02
20191026_09:00:00   1.6748e-01   4.5329e+01   3.8856e+00   0.0000e+00   0.0000e+00   2.4771e+02
20191026_12:00:00   1.8942e-01   5.0019e+01   4.4404e+00   0.0000e+00   2.3140e-05   2.4686e+02
20191026_15:00:00   2.0839e-01   5.4062e+01   4.8838e+00   0.0000e+00   0.0000e+00   2.4616e+02
20191026_18:00:00   2.2037e-01   5.6595e+01   5.1788e+00   0.0000e+00   0.0000e+00   2.4733e+02
20191026_21:00:00   2.2909e-01   5.8427e+01   5.3920e+00   0.0000e+00   0.0000e+00   2.4994e+02
20191027_00:00:00   2.3275e-01   5.9155e+01   5.4868e+00   0.0000e+00   2.9003e-04   2.4817e+02
20191027_03:00:00   2.2610e-01   5.7738e+01   5.3433e+00   0.0000e+00   1.0784e-05   2.4414e+02
20191027_06:00:00   2.3417e-01   5.9281e+01   5.5513e+00   0.0000e+00   5.6540e-05   2.4495e+02
20191027_09:00:00   2.3686e-01   5.9907e+01   5.5809e+00   0.0000e+00   5.9000e-05   2.4631e+02
20191027_12:00:00   2.3727e-01   5.9909e+01   5.6244e+00   0.0000e+00   1.6374e-04   2.4481e+02
20191027_15:00:00   2.3863e-01   6.0089e+01   5.6933e+00   0.0000e+00   6.3699e-03   2.4431e+02
20191027_18:00:00   2.3559e-01   5.9290e+01   5.6543e+00   0.0000e+00   5.4386e-02   2.4682e+02
20191027_21:00:00   2.4431e-01   6.0926e+01   5.9098e+00   0.0000e+00   4.2190e-02   2.4826e+02
20191028_00:00:00   2.9018e-01   7.0141e+01   6.9522e+00   0.0000e+00   3.5468e-02   2.4801e+02
20191028_03:00:00   3.1563e-01   7.5207e+01   7.4332e+00   1.4830e-04   4.8039e-02   2.4630e+02
20191028_06:00:00   3.4060e-01   7.9829e+01   8.0120e+00   0.0000e+00   5.1288e-02   2.4764e+02
20191028_09:00:00   3.6272e-01   8.4129e+01   8.4716e+00   0.0000e+00   2.7746e-02   2.4816e+02
20191028_12:00:00   3.8042e-01   8.7389e+01   8.7912e+00   0.0000e+00   3.9742e-02   2.4645e+02
20191028_15:00:00   4.0682e-01   9.2161e+01   9.2993e+00   0.0000e+00   3.4259e-02   2.4774e+02
20191028_18:00:00   4.0524e-01   9.2148e+01   9.1699e+00   0.0000e+00   5.6804e-04   2.4847e+02
20191028_21:00:00   4.2016e-01   9.4959e+01   9.3909e+00   0.0000e+00   1.0744e-05   2.4961e+02
20191029_00:00:00   4.1011e-01   9.3387e+01   9.0943e+00   0.0000e+00   1.5514e-04   2.4945e+02
20191029_03:00:00   4.1729e-01   9.4672e+01   9.2090e+00   4.3869e-04   2.9266e-03   2.4900e+02
20191029_06:00:00   4.1607e-01   9.4509e+01   9.1412e+00   0.0000e+00   2.1077e-03   2.4681e+02
20191029_09:00:00   4.0887e-01   9.3146e+01   9.0565e+00   7.6940e-05   7.9319e-04   2.4634e+02
20191029_12:00:00   3.7214e-01   8.6399e+01   8.3724e+00   2.9390e-05   1.2907e-03   2.4721e+02
20191029_15:00:00   3.4696e-01   8.1620e+01   7.8717e+00   0.0000e+00   7.5088e-04   2.4521e+02
20191029_18:00:00   3.3149e-01   7.8833e+01   7.4593e+00   6.4610e-05   2.5522e-04   2.4761e+02
20191029_21:00:00   2.8185e-01   6.9257e+01   6.3549e+00   2.4990e-04   1.7653e-03   2.4951e+02
20191030_00:00:00   6.0098e-01   1.2534e+02   5.7659e+00   1.3949e-01   2.6227e-02   2.5045e+02
20191030_03:00:00   2.2539e-01   5.7811e+01   4.9471e+00   1.4690e-03   3.5262e-02   2.5343e+02
20191030_06:00:00   1.4934e-01   4.1346e+01   3.2745e+00   0.0000e+00   6.2909e-03   2.5833e+02
20191030_09:00:00   9.9202e-02   2.9955e+01   1.9921e+00   0.0000e+00   2.7975e-04   2.5833e+02
20191030_12:00:00   8.7171e-02   2.7058e+01   1.7064e+00   0.0000e+00   0.0000e+00   2.5558e+02
20191030_15:00:00   1.2807e-01   3.6927e+01   2.6161e+00   0.0000e+00   0.0000e+00   2.5400e+02
20191030_18:00:00   1.5578e-01   4.3371e+01   3.1819e+00   0.0000e+00   0.0000e+00   2.5251e+02
20191030_21:00:00   1.6022e-01   4.4305e+01   3.3507e+00   0.0000e+00   0.0000e+00   2.5018e+02
20191031_00:00:00   1.6411e-01   4.5157e+01   3.4340e+00   0.0000e+00   0.0000e+00   2.5234e+02
20191031_03:00:00   1.0388e-01   3.1008e+01   2.1483e+00   0.0000e+00   0.0000e+00   2.5437e+02
20191031_06:00:00   1.5037e-01   4.1914e+01   3.2101e+00   0.0000e+00   0.0000e+00   2.5437e+02
20191031_09:00:00   1.0139e-01   3.0465e+01   2.0692e+00   0.0000e+00   0.0000e+00   2.5454e+02
20191031_12:00:00   8.0962e-02   2.5417e+01   1.6287e+00   0.0000e+00   0.0000e+00   2.5206e+02
20191031_15:00:00   7.4534e-02   2.3826e+01   1.4736e+00   0.0000e+00   0.0000e+00   2.4960e+02
20191031_18:00:00   7.4797e-02   2.3906e+01   1.4773e+00   0.0000e+00   0.0000e+00   2.5174e+02
20191031_21:00:00   6.4892e-02   2.1386e+01   1.2655e+00   0.0000e+00   0.0000e+00   2.5178e+02
20191101_00:00:00   6.5209e-02   2.1446e+01   1.2812e+00   0.0000e+00   0.0000e+00   2.5393e+02
20191101_03:00:00   6.3629e-02   2.1024e+01   1.2526e+00   0.0000e+00   0.0000e+00   2.5309e+02
20191101_06:00:00   6.6764e-02   2.1789e+01   1.3315e+00   0.0000e+00   0.0000e+00   2.5278e+02
20191101_09:00:00   7.6345e-02   2.4257e+01   1.5370e+00   0.0000e+00   0.0000e+00   2.5253e+02
20191101_12:00:00   7.9899e-02   2.5189e+01   1.5942e+00   0.0000e+00   0.0000e+00   2.4924e+02
20191101_15:00:00   8.7165e-02   2.7013e+01   1.7428e+00   0.0000e+00   0.0000e+00   2.4871e+02
20191101_18:00:00   1.0118e-01   3.0453e+01   2.0456e+00   0.0000e+00   0.0000e+00   2.5226e+02
