#            date       tau225        Tb[K]      pwv[mm] lwp[kg*m^-2] iwp[kg*m^-2]       o3[DU]
20190717_06:00:00   1.2806e-01   3.6757e+01   2.7456e+00   0.0000e+00   0.0000e+00   2.7725e+02
20190717_07:00:00   1.1613e-01   3.3966e+01   2.4638e+00   0.0000e+00   0.0000e+00   2.7752e+02
20190717_08:00:00   1.0702e-01   3.1822e+01   2.2479e+00   0.0000e+00   0.0000e+00   2.7732e+02
20190717_09:00:00   1.0279e-01   3.0800e+01   2.1472e+00   0.0000e+00   0.0000e+00   2.7744e+02
20190717_10:00:00   1.0217e-01   3.0628e+01   2.1325e+00   0.0000e+00   0.0000e+00   2.7497e+02
20190717_11:00:00   1.0184e-01   3.0537e+01   2.1279e+00   0.0000e+00   0.0000e+00   2.7548e+02
20190717_12:00:00   1.0379e-01   3.0997e+01   2.1716e+00   0.0000e+00   0.0000e+00   2.7475e+02
20190717_13:00:00   1.0595e-01   3.1506e+01   2.2199e+00   0.0000e+00   0.0000e+00   2.7423e+02
20190717_14:00:00   1.0663e-01   3.1676e+01   2.2351e+00   0.0000e+00   0.0000e+00   2.7223e+02
20190717_15:00:00   1.0948e-01   3.2390e+01   2.2919e+00   0.0000e+00   0.0000e+00   2.7180e+02
20190717_16:00:00   1.1293e-01   3.3242e+01   2.3620e+00   0.0000e+00   0.0000e+00   2.7216e+02
20190717_17:00:00   1.1504e-01   3.3788e+01   2.4015e+00   0.0000e+00   0.0000e+00   2.7164e+02
20190717_18:00:00   1.1650e-01   3.4163e+01   2.4310e+00   0.0000e+00   0.0000e+00   2.7248e+02
20190717_19:00:00   1.1575e-01   3.4014e+01   2.4144e+00   0.0000e+00   0.0000e+00   2.7201e+02
20190717_20:00:00   1.1590e-01   3.4058e+01   2.4194e+00   0.0000e+00   0.0000e+00   2.7053e+02
20190717_21:00:00   1.1900e-01   3.4793e+01   2.4867e+00   0.0000e+00   0.0000e+00   2.7203e+02
20190717_22:00:00   1.2170e-01   3.5446e+01   2.5464e+00   0.0000e+00   0.0000e+00   2.7090e+02
20190717_23:00:00   1.3106e-01   3.7673e+01   2.7474e+00   0.0000e+00   1.8838e-04   2.7020e+02
20190718_00:00:00   1.4788e-01   4.1592e+01   3.1142e+00   0.0000e+00   9.3260e-04   2.7199e+02
20190718_01:00:00   1.6647e-01   4.5822e+01   3.5300e+00   0.0000e+00   6.9865e-04   2.7284e+02
20190718_02:00:00   1.8951e-01   5.0951e+01   4.0525e+00   0.0000e+00   9.2641e-05   2.7348e+02
20190718_03:00:00   2.0292e-01   5.3830e+01   4.3805e+00   0.0000e+00   1.0718e-03   2.7339e+02
20190718_04:00:00   1.9789e-01   5.2671e+01   4.3163e+00   0.0000e+00   4.5507e-03   2.7308e+02
20190718_05:00:00   1.8711e-01   5.0290e+01   4.0723e+00   0.0000e+00   1.0933e-02   2.7600e+02
20190718_06:00:00   1.8820e-01   5.0472e+01   4.1230e+00   0.0000e+00   1.0517e-02   2.7622e+02
20190718_07:00:00   1.9610e-01   5.2216e+01   4.2987e+00   0.0000e+00   7.4059e-03   2.7682e+02
20190718_08:00:00   2.1416e-01   5.6060e+01   4.7238e+00   0.0000e+00   5.2436e-03   2.7817e+02
20190718_09:00:00   2.4854e-01   6.3229e+01   5.4859e+00   0.0000e+00   5.1861e-04   2.7898e+02
20190718_10:00:00   2.6895e-01   6.7337e+01   5.9435e+00   0.0000e+00   1.6636e-04   2.7964e+02
20190718_11:00:00   2.6431e-01   6.6379e+01   5.8710e+00   0.0000e+00   2.1601e-04   2.7910e+02
20190718_12:00:00   2.5406e-01   6.4259e+01   5.6860e+00   0.0000e+00   6.2702e-04   2.7788e+02
20190718_13:00:00   2.4143e-01   6.1578e+01   5.4444e+00   0.0000e+00   7.3068e-04   2.7794e+02
20190718_14:00:00   2.3182e-01   5.9529e+01   5.2521e+00   0.0000e+00   7.3807e-04   2.7631e+02
20190718_15:00:00   2.2399e-01   5.7908e+01   5.0892e+00   0.0000e+00   2.7139e-03   2.7541e+02
20190718_16:00:00   2.2681e-01   5.8488e+01   5.1605e+00   0.0000e+00   1.3375e-03   2.7417e+02
20190718_17:00:00   2.3553e-01   6.0166e+01   5.4326e+00   0.0000e+00   1.0370e-02   2.7353e+02
20190718_18:00:00   2.3170e-01   5.9447e+01   5.3434e+00   0.0000e+00   5.0569e-03   2.7489e+02
20190718_19:00:00   2.3374e-01   5.9790e+01   5.4226e+00   0.0000e+00   1.0407e-03   2.7338e+02
20190718_20:00:00   2.3005e-01   5.8943e+01   5.3774e+00   0.0000e+00   1.5462e-03   2.7203e+02
20190718_21:00:00   2.3130e-01   5.9079e+01   5.4762e+00   0.0000e+00   2.3364e-03   2.7137e+02
20190718_22:00:00   2.2369e-01   5.7466e+01   5.3261e+00   0.0000e+00   1.6080e-03   2.7125e+02
20190718_23:00:00   2.1275e-01   5.5148e+01   5.0820e+00   0.0000e+00   1.0480e-03   2.7186e+02
20190719_00:00:00   2.0574e-01   5.3684e+01   4.9064e+00   0.0000e+00   6.5180e-05   2.7354e+02
20190719_01:00:00   2.0009e-01   5.2474e+01   4.7863e+00   0.0000e+00   4.4380e-04   2.7314e+02
20190719_02:00:00   1.9258e-01   5.0906e+01   4.5906e+00   0.0000e+00   5.9144e-04   2.7336e+02
20190719_03:00:00   1.9088e-01   5.0569e+01   4.5397e+00   0.0000e+00   9.6400e-04   2.7330e+02
20190719_04:00:00   1.9124e-01   5.0685e+01   4.5397e+00   0.0000e+00   5.3357e-03   2.7397e+02
20190719_05:00:00   1.9488e-01   5.1469e+01   4.6279e+00   0.0000e+00   4.2407e-03   2.7414e+02
20190719_06:00:00   1.9949e-01   5.2378e+01   4.7697e+00   0.0000e+00   1.8583e-02   2.7290e+02
20190719_07:00:00   2.0519e-01   5.3661e+01   4.8914e+00   0.0000e+00   6.8459e-03   2.7317e+02
20190719_08:00:00   2.1202e-01   5.5081e+01   5.0714e+00   0.0000e+00   1.5931e-02   2.7340e+02
20190719_09:00:00   2.1879e-01   5.6482e+01   5.2420e+00   0.0000e+00   5.8251e-03   2.7244e+02
20190719_10:00:00   2.2421e-01   5.7679e+01   5.3400e+00   0.0000e+00   1.9503e-03   2.7361e+02
20190719_11:00:00   2.2499e-01   5.7812e+01   5.3549e+00   0.0000e+00   6.1156e-03   2.7486e+02
20190719_12:00:00   2.2567e-01   5.7881e+01   5.3805e+00   0.0000e+00   4.2826e-03   2.7371e+02
20190719_13:00:00   2.2204e-01   5.7051e+01   5.3069e+00   0.0000e+00   2.2773e-03   2.7428e+02
20190719_14:00:00   2.1703e-01   5.5912e+01   5.2087e+00   0.0000e+00   2.1649e-03   2.7451e+02
20190719_15:00:00   2.0949e-01   5.4221e+01   5.0488e+00   0.0000e+00   3.1226e-03   2.7524e+02
20190719_16:00:00   2.0649e-01   5.3565e+01   4.9738e+00   0.0000e+00   2.7404e-03   2.7435e+02
20190719_17:00:00   2.0109e-01   5.2393e+01   4.8474e+00   0.0000e+00   1.3479e-03   2.7374e+02
20190719_18:00:00   1.9519e-01   5.1062e+01   4.7156e+00   0.0000e+00   1.7126e-03   2.7332e+02
20190719_19:00:00   1.9130e-01   5.0185e+01   4.6193e+00   0.0000e+00   1.3863e-02   2.7402e+02
20190719_20:00:00   1.9005e-01   4.9913e+01   4.5921e+00   0.0000e+00   6.6728e-03   2.7482e+02
20190719_21:00:00   1.9062e-01   5.0052e+01   4.6075e+00   0.0000e+00   1.2923e-03   2.7509e+02
20190719_22:00:00   1.8900e-01   4.9725e+01   4.5606e+00   0.0000e+00   2.4038e-03   2.7518e+02
20190719_23:00:00   1.8419e-01   4.8750e+01   4.4218e+00   0.0000e+00   6.8009e-04   2.7467e+02
20190720_00:00:00   1.7966e-01   4.7802e+01   4.3031e+00   0.0000e+00   2.8804e-04   2.7414e+02
20190720_01:00:00   1.7617e-01   4.7090e+01   4.2055e+00   0.0000e+00   0.0000e+00   2.7391e+02
20190720_02:00:00   1.7599e-01   4.7136e+01   4.1730e+00   0.0000e+00   0.0000e+00   2.7489e+02
20190720_03:00:00   1.8218e-01   4.8569e+01   4.2917e+00   0.0000e+00   0.0000e+00   2.7520e+02
20190720_04:00:00   1.8500e-01   4.9255e+01   4.3393e+00   0.0000e+00   0.0000e+00   2.7569e+02
20190720_05:00:00   1.8996e-01   5.0410e+01   4.4342e+00   0.0000e+00   0.0000e+00   2.7619e+02
20190720_06:00:00   1.9315e-01   5.1152e+01   4.4915e+00   0.0000e+00   2.2020e-06   2.7590e+02
20190720_07:00:00   1.9535e-01   5.1656e+01   4.5311e+00   0.0000e+00   0.0000e+00   2.7757e+02
20190720_08:00:00   1.9578e-01   5.1737e+01   4.5329e+00   0.0000e+00   2.7657e-04   2.7771e+02
20190720_09:00:00   1.9351e-01   5.1237e+01   4.4808e+00   0.0000e+00   8.2284e-04   2.7741e+02
20190720_10:00:00   1.9205e-01   5.0925e+01   4.4500e+00   0.0000e+00   8.3854e-04   2.7731e+02
20190720_11:00:00   1.8824e-01   5.0071e+01   4.3707e+00   0.0000e+00   8.1190e-04   2.7702e+02
20190720_12:00:00   1.8525e-01   4.9423e+01   4.3033e+00   0.0000e+00   3.3955e-04   2.7637e+02
20190720_13:00:00   1.8437e-01   4.9224e+01   4.2770e+00   0.0000e+00   3.1204e-05   2.7550e+02
20190720_14:00:00   1.7821e-01   4.7842e+01   4.1425e+00   0.0000e+00   8.5000e-07   2.7413e+02
20190720_15:00:00   1.6964e-01   4.5887e+01   3.9581e+00   0.0000e+00   7.9680e-07   2.7310e+02
20190720_16:00:00   1.5932e-01   4.3516e+01   3.7380e+00   0.0000e+00   5.3120e-07   2.7228e+02
20190720_17:00:00   1.4997e-01   4.1354e+01   3.5301e+00   0.0000e+00   0.0000e+00   2.7410e+02
20190720_18:00:00   1.4395e-01   3.9899e+01   3.4100e+00   0.0000e+00   0.0000e+00   2.7382e+02
20190720_19:00:00   1.3660e-01   3.8149e+01   3.2523e+00   0.0000e+00   0.0000e+00   2.7373e+02
20190720_20:00:00   1.2976e-01   3.6543e+01   3.0920e+00   0.0000e+00   0.0000e+00   2.7435e+02
20190720_21:00:00   1.2384e-01   3.5183e+01   2.9410e+00   0.0000e+00   0.0000e+00   2.7507e+02
20190720_22:00:00   1.1928e-01   3.4177e+01   2.8121e+00   0.0000e+00   0.0000e+00   2.7551e+02
20190720_23:00:00   1.1530e-01   3.3287e+01   2.7008e+00   0.0000e+00   0.0000e+00   2.7613e+02
20190721_00:00:00   1.1290e-01   3.2754e+01   2.6321e+00   0.0000e+00   0.0000e+00   2.7551e+02
20190721_01:00:00   1.0826e-01   3.1666e+01   2.5134e+00   0.0000e+00   0.0000e+00   2.7509e+02
20190721_02:00:00   1.0862e-01   3.1791e+01   2.4216e+00   1.6340e-03   0.0000e+00   2.7434e+02
20190721_03:00:00   1.3932e-01   3.9342e+01   2.2960e+00   1.5740e-02   0.0000e+00   2.7375e+02
20190721_04:00:00   1.3929e-01   3.9391e+01   2.1222e+00   1.8540e-02   0.0000e+00   2.7484e+02
20190721_05:00:00   8.5677e-02   2.6177e+01   1.9543e+00   0.0000e+00   1.0108e-06   2.7429e+02
20190721_06:00:00   8.0712e-02   2.4945e+01   1.8306e+00   0.0000e+00   0.0000e+00   2.7539e+02
20190721_07:00:00   7.7069e-02   2.4045e+01   1.7378e+00   0.0000e+00   0.0000e+00   2.7493e+02
20190721_08:00:00   7.6156e-02   2.3831e+01   1.7088e+00   0.0000e+00   0.0000e+00   2.7584e+02
20190721_09:00:00   7.4703e-02   2.3481e+01   1.6702e+00   0.0000e+00   0.0000e+00   2.7533e+02
20190721_10:00:00   7.3378e-02   2.3154e+01   1.6367e+00   0.0000e+00   0.0000e+00   2.7429e+02
20190721_11:00:00   7.3366e-02   2.3145e+01   1.6370e+00   0.0000e+00   0.0000e+00   2.7550e+02
20190721_12:00:00   7.3540e-02   2.3181e+01   1.6423e+00   0.0000e+00   0.0000e+00   2.7567e+02
20190721_13:00:00   7.3555e-02   2.3217e+01   1.6350e+00   0.0000e+00   0.0000e+00   2.7718e+02
20190721_14:00:00   7.3235e-02   2.3119e+01   1.6290e+00   0.0000e+00   0.0000e+00   2.7767e+02
20190721_15:00:00   7.3979e-02   2.3282e+01   1.6508e+00   0.0000e+00   0.0000e+00   2.7638e+02
20190721_16:00:00   7.5328e-02   2.3600e+01   1.6853e+00   0.0000e+00   0.0000e+00   2.7541e+02
20190721_17:00:00   7.7852e-02   2.4191e+01   1.7580e+00   0.0000e+00   0.0000e+00   2.7426e+02
20190721_18:00:00   7.6242e-02   2.3808e+01   1.7135e+00   0.0000e+00   0.0000e+00   2.7666e+02
20190721_19:00:00   7.7345e-02   2.4090e+01   1.7381e+00   0.0000e+00   0.0000e+00   2.7814e+02
20190721_20:00:00   7.8271e-02   2.4336e+01   1.7569e+00   0.0000e+00   0.0000e+00   2.7913e+02
20190721_21:00:00   7.9766e-02   2.4734e+01   1.7806e+00   8.4200e-05   0.0000e+00   2.7981e+02
20190721_22:00:00   8.1864e-02   2.5312e+01   1.7291e+00   1.6700e-03   0.0000e+00   2.8089e+02
20190721_23:00:00   8.2738e-02   2.5557e+01   1.6885e+00   2.6370e-03   0.0000e+00   2.8151e+02
20190722_00:00:00   8.5492e-02   2.6252e+01   1.7072e+00   3.4280e-03   0.0000e+00   2.8045e+02
20190722_01:00:00   9.8153e-02   2.9430e+01   1.8140e+00   6.7354e-03   0.0000e+00   2.7974e+02
20190722_02:00:00   9.0439e-02   2.7482e+01   1.8807e+00   2.5650e-03   0.0000e+00   2.7850e+02
20190722_03:00:00   8.5889e-02   2.6299e+01   1.9240e+00   1.6060e-04   0.0000e+00   2.7761e+02
20190722_04:00:00   8.3744e-02   2.5739e+01   1.8956e+00   0.0000e+00   8.0380e-04   2.7732e+02
20190722_05:00:00   8.1278e-02   2.5088e+01   1.8469e+00   0.0000e+00   5.9795e-04   2.7694e+02
20190722_06:00:00   7.6713e-02   2.3962e+01   1.7318e+00   0.0000e+00   5.2682e-04   2.7732e+02
20190722_09:00:00   7.3054e-02   2.2947e+01   1.6607e+00   0.0000e+00   1.8088e-03   2.7709e+02
20190722_12:00:00   7.2589e-02   2.2854e+01   1.6409e+00   0.0000e+00   0.0000e+00   2.7639e+02
20190722_15:00:00   7.4405e-02   2.3349e+01   1.6721e+00   0.0000e+00   0.0000e+00   2.7758e+02
20190722_18:00:00   7.4316e-02   2.3282e+01   1.6792e+00   0.0000e+00   0.0000e+00   2.7874e+02
20190722_21:00:00   7.4186e-02   2.3279e+01   1.6681e+00   0.0000e+00   0.0000e+00   2.7737e+02
20190723_00:00:00   1.8196e-01   4.9088e+01   2.6731e+00   2.6740e-02   0.0000e+00   2.7701e+02
20190723_03:00:00   3.1967e-01   7.8216e+01   4.0630e+00   5.7903e-02   0.0000e+00   2.7526e+02
20190723_06:00:00   2.0162e-01   5.2982e+01   4.6834e+00   0.0000e+00   5.0540e-07   2.7277e+02
20190723_09:00:00   2.6941e-01   6.7423e+01   6.1503e+00   0.0000e+00   3.0317e-06   2.7213e+02
20190723_12:00:00   2.8753e-01   7.1172e+01   6.4897e+00   0.0000e+00   7.1780e-06   2.7173e+02
20190723_15:00:00   3.1419e-01   7.6443e+01   6.9986e+00   0.0000e+00   7.5460e-05   2.6880e+02
20190723_18:00:00   3.0223e-01   7.4203e+01   6.7080e+00   0.0000e+00   3.2857e-06   2.7232e+02
20190723_21:00:00   2.8103e-01   7.0097e+01   6.2404e+00   0.0000e+00   0.0000e+00   2.7566e+02
20190724_00:00:00   3.1045e-01   7.6173e+01   6.5400e+00   5.0420e-03   0.0000e+00   2.7444e+02
20190724_03:00:00   3.2457e-01   7.8863e+01   6.9268e+00   3.4630e-03   0.0000e+00   2.7226e+02
20190724_06:00:00   3.2156e-01   7.8171e+01   7.1097e+00   0.0000e+00   1.5712e-05   2.7121e+02
20190724_09:00:00   2.8984e-01   7.1920e+01   6.4882e+00   0.0000e+00   0.0000e+00   2.7130e+02
20190724_12:00:00   2.5014e-01   6.3838e+01   5.6234e+00   0.0000e+00   5.3120e-07   2.7018e+02
20190724_15:00:00   2.5540e-01   6.4887e+01   5.7164e+00   0.0000e+00   4.1780e-03   2.6924e+02
20190724_18:00:00   2.6140e-01   6.6074e+01   5.8664e+00   0.0000e+00   5.1322e-03   2.7099e+02
20190724_21:00:00   2.7814e-01   6.9519e+01   6.2089e+00   0.0000e+00   5.6483e-03   2.6777e+02
20190725_00:00:00   2.9767e-01   7.3505e+01   6.6011e+00   0.0000e+00   4.5900e-05   2.6480e+02
20190725_03:00:00   3.9292e-01   9.2032e+01   6.9306e+00   3.0940e-02   2.0937e-04   2.6322e+02
20190725_06:00:00   3.1001e-01   7.6059e+01   6.8295e+00   0.0000e+00   1.2502e-04   2.6356e+02
20190725_09:00:00   2.8348e-01   7.0709e+01   6.3419e+00   0.0000e+00   2.4140e-06   2.6352e+02
20190725_12:00:00   2.6333e-01   6.6502e+01   5.9409e+00   0.0000e+00   4.4480e-04   2.6644e+02
20190725_15:00:00   2.4771e-01   6.3160e+01   5.6200e+00   0.0000e+00   0.0000e+00   2.6577e+02
20190725_18:00:00   2.2744e-01   5.8838e+01   5.2172e+00   0.0000e+00   0.0000e+00   2.6864e+02
20190725_21:00:00   2.2478e-01   5.8232e+01   5.1962e+00   0.0000e+00   0.0000e+00   2.7008e+02
20190726_00:00:00   2.3544e-01   6.0481e+01   5.4224e+00   1.7200e-04   5.2380e-06   2.6976e+02
20190726_03:00:00   2.3865e-01   6.1142e+01   5.5566e+00   0.0000e+00   5.2380e-06   2.7089e+02
20190726_06:00:00   2.3990e-01   6.1300e+01   5.6337e+00   0.0000e+00   0.0000e+00   2.7138e+02
20190726_09:00:00   2.2652e-01   5.8296e+01   5.3824e+00   0.0000e+00   3.4520e-05   2.7043e+02
20190726_12:00:00   2.2126e-01   5.7106e+01   5.2575e+00   0.0000e+00   0.0000e+00   2.7365e+02
20190726_15:00:00   2.1633e-01   5.6053e+01   5.1265e+00   0.0000e+00   0.0000e+00   2.7176e+02
20190726_18:00:00   2.1122e-01   5.5049e+01   4.9807e+00   0.0000e+00   0.0000e+00   2.7184e+02
20190726_21:00:00   1.9180e-01   5.0998e+01   4.4969e+00   0.0000e+00   0.0000e+00   2.7099e+02
20190727_00:00:00   1.8830e-01   5.0173e+01   4.4348e+00   0.0000e+00   0.0000e+00   2.7092e+02
20190727_03:00:00   1.8737e-01   4.9989e+01   4.4280e+00   0.0000e+00   6.2122e-04   2.7105e+02
20190727_06:00:00   1.9858e-01   5.2377e+01   4.7155e+00   0.0000e+00   4.3285e-03   2.6951e+02
20190727_09:00:00   2.1013e-01   5.4837e+01   4.9972e+00   0.0000e+00   1.5712e-05   2.7183e+02
20190727_12:00:00   2.2501e-01   5.7899e+01   5.3468e+00   0.0000e+00   8.9820e-04   2.7224e+02
20190727_15:00:00   2.4166e-01   6.1368e+01   5.7068e+00   0.0000e+00   6.5873e-03   2.7275e+02
20190727_18:00:00   2.5120e-01   6.3373e+01   5.9095e+00   0.0000e+00   2.2723e-05   2.7272e+02
20190727_21:00:00   2.4553e-01   6.2160e+01   5.8100e+00   0.0000e+00   3.3454e-04   2.7221e+02
20190728_00:00:00   2.6036e-01   6.5194e+01   6.1595e+00   8.3830e-05   1.1193e-04   2.7159e+02
20190728_03:00:00   2.7657e-01   6.8524e+01   6.5296e+00   2.4620e-04   0.0000e+00   2.7162e+02
20190728_06:00:00   2.7792e-01   6.8774e+01   6.5571e+00   0.0000e+00   0.0000e+00   2.7326e+02
20190728_09:00:00   2.8155e-01   6.9524e+01   6.6162e+00   0.0000e+00   0.0000e+00   2.7370e+02
20190728_12:00:00   2.8968e-01   7.1193e+01   6.7832e+00   6.6820e-06   3.3020e-04   2.7288e+02
20190728_15:00:00   2.8657e-01   7.0619e+01   6.6832e+00   2.6480e-05   1.3853e-04   2.7112e+02
20190728_18:00:00   2.7756e-01   6.8889e+01   6.4153e+00   3.4740e-06   4.1400e-05   2.6848e+02
20190728_21:00:00   2.8013e-01   6.9550e+01   6.4225e+00   0.0000e+00   3.5356e-04   2.7295e+02
20190729_00:00:00   2.9724e-01   7.3211e+01   6.2702e+00   9.5324e-03   8.6415e-03   2.7165e+02
20190729_03:00:00   5.2865e-01   1.1526e+02   6.7228e+00   9.3204e-02   5.0138e-03   2.7068e+02
20190729_06:00:00   2.9732e-01   7.3196e+01   6.7662e+00   4.3340e-04   3.8456e-04   2.7175e+02
20190729_09:00:00   2.9995e-01   7.3543e+01   6.9101e+00   3.5740e-06   1.0424e-03   2.7242e+02
20190729_12:00:00   3.1556e-01   7.6558e+01   7.2013e+00   0.0000e+00   4.4216e-06   2.7228e+02
20190729_15:00:00   3.0948e-01   7.5367e+01   7.0096e+00   5.0200e-05   6.1799e-05   2.7033e+02
20190729_18:00:00   3.0491e-01   7.4546e+01   6.8503e+00   0.0000e+00   1.9005e-03   2.7030e+02
20190729_21:00:00   3.2467e-01   7.8346e+01   7.2983e+00   8.7590e-05   1.3568e-03   2.7075e+02
20190730_00:00:00   4.7767e-01   1.0636e+02   7.7868e+00   5.3437e-02   1.9930e-03   2.7310e+02
20190730_03:00:00   3.6571e-01   8.6197e+01   7.7289e+00   1.0880e-02   3.5840e-05   2.7145e+02
20190730_06:00:00   3.1170e-01   7.5762e+01   7.1729e+00   0.0000e+00   2.3660e-05   2.7173e+02
20190730_09:00:00   2.8920e-01   7.1262e+01   6.6732e+00   0.0000e+00   9.2560e-05   2.7206e+02
20190730_12:00:00   2.7940e-01   6.9198e+01   6.4466e+00   0.0000e+00   1.1462e-03   2.7282e+02
20190730_15:00:00   2.5354e-01   6.3998e+01   5.8285e+00   0.0000e+00   2.2902e-04   2.7235e+02
20190730_18:00:00   2.4693e-01   6.2627e+01   5.6442e+00   0.0000e+00   8.2750e-04   2.7243e+02
20190730_21:00:00   2.5199e-01   6.3800e+01   5.6816e+00   0.0000e+00   0.0000e+00   2.7427e+02
20190731_00:00:00   2.6190e-01   6.5962e+01   5.7921e+00   8.9770e-04   0.0000e+00   2.7411e+02
20190731_03:00:00   2.6420e-01   6.6568e+01   5.7175e+00   2.6770e-03   0.0000e+00   2.7244e+02
20190731_06:00:00   2.5301e-01   6.4348e+01   5.5824e+00   8.6090e-05   0.0000e+00   2.7189e+02
20190731_09:00:00   2.7954e-01   6.9741e+01   6.0808e+00   0.0000e+00   2.3998e-03   2.7213e+02
20190731_12:00:00   3.0784e-01   7.5424e+01   6.4209e+00   2.4554e-03   4.2378e-04   2.7199e+02
20190731_15:00:00   3.8720e-01   9.0418e+01   6.3417e+00   3.6770e-02   2.6770e-05   2.7315e+02
20190731_18:00:00   2.9046e-01   7.1771e+01   5.8774e+00   8.4680e-03   2.8206e-05   2.7440e+02
20190731_21:00:00   2.5308e-01   6.4070e+01   5.6021e+00   1.3756e-03   5.5740e-05   2.7286e+02
20190801_00:00:00   4.1400e-01   9.4948e+01   7.1889e+00   3.8837e-02   1.6545e-03   2.7077e+02
20190801_03:00:00   3.4836e-01   8.2399e+01   7.9591e+00   0.0000e+00   1.3975e-02   2.7009e+02
20190801_06:00:00   3.3077e-01   7.9026e+01   7.6297e+00   0.0000e+00   5.9135e-03   2.6955e+02
20190801_09:00:00   3.3919e-01   8.0563e+01   7.8389e+00   0.0000e+00   3.0687e-04   2.6683e+02
20190801_12:00:00   3.3933e-01   8.0689e+01   7.7749e+00   0.0000e+00   8.5329e-05   2.6752e+02
20190801_15:00:00   3.3544e-01   8.0077e+01   7.6196e+00   0.0000e+00   0.0000e+00   2.6590e+02
20190801_18:00:00   3.2119e-01   7.7610e+01   7.2400e+00   0.0000e+00   0.0000e+00   2.6532e+02
20190801_21:00:00   2.8751e-01   7.1199e+01   6.4953e+00   0.0000e+00   0.0000e+00   2.6227e+02
20190802_00:00:00   3.3296e-01   8.0587e+01   5.9020e+00   2.8391e-02   0.0000e+00   2.6378e+02
20190802_03:00:00   2.3524e-01   6.0669e+01   5.2968e+00   1.3790e-04   0.0000e+00   2.6402e+02
20190802_06:00:00   1.7499e-01   4.7608e+01   3.9661e+00   0.0000e+00   0.0000e+00   2.6305e+02
