#            date       tau225        Tb[K]      pwv[mm] lwp[kg*m^-2] iwp[kg*m^-2]       o3[DU]
20190911_00:00:00   9.8282e-02   2.9656e+01   2.1811e+00   0.0000e+00   1.5532e-04   2.5895e+02
20190911_01:00:00   9.8860e-02   2.9716e+01   2.2167e+00   0.0000e+00   5.4628e-05   2.5879e+02
20190911_02:00:00   9.6550e-02   2.9148e+01   2.1665e+00   0.0000e+00   3.5640e-05   2.5708e+02
20190911_03:00:00   9.6830e-02   2.9300e+01   2.1484e+00   0.0000e+00   4.6000e-05   2.5729e+02
20190911_04:00:00   9.6180e-02   2.9177e+01   2.1223e+00   0.0000e+00   4.6680e-04   2.5778e+02
20190911_05:00:00   9.7738e-02   2.9560e+01   2.1537e+00   0.0000e+00   1.8856e-04   2.5698e+02
20190911_06:00:00   1.0445e-01   3.1122e+01   2.3330e+00   0.0000e+00   1.6984e-04   2.5699e+02
20190911_07:00:00   1.1049e-01   3.2582e+01   2.4649e+00   0.0000e+00   8.8400e-05   2.5823e+02
20190911_08:00:00   1.1643e-01   3.4048e+01   2.5803e+00   0.0000e+00   1.9862e-04   2.5789e+02
20190911_09:00:00   1.2902e-01   3.7030e+01   2.8652e+00   0.0000e+00   1.8004e-04   2.5565e+02
20190911_10:00:00   1.4152e-01   3.9878e+01   3.1657e+00   0.0000e+00   3.3800e-05   2.5657e+02
20190911_11:00:00   1.5176e-01   4.2227e+01   3.3884e+00   0.0000e+00   1.7286e-06   2.5531e+02
20190911_12:00:00   1.5297e-01   4.2503e+01   3.4147e+00   0.0000e+00   1.2678e-05   2.5331e+02
20190911_13:00:00   1.4868e-01   4.1517e+01   3.3149e+00   0.0000e+00   7.0340e-04   2.5259e+02
20190911_14:00:00   1.4929e-01   4.1669e+01   3.3196e+00   0.0000e+00   5.5520e-04   2.5241e+02
20190911_15:00:00   1.4797e-01   4.1341e+01   3.2993e+00   0.0000e+00   3.4660e-04   2.5360e+02
20190911_16:00:00   1.4946e-01   4.1650e+01   3.3532e+00   0.0000e+00   5.8880e-04   2.5276e+02
20190911_17:00:00   1.5455e-01   4.2797e+01   3.4675e+00   0.0000e+00   9.8920e-04   2.5185e+02
20190911_18:00:00   1.5438e-01   4.2750e+01   3.4603e+00   0.0000e+00   7.2360e-04   2.5253e+02
20190911_19:00:00   1.5087e-01   4.1952e+01   3.3754e+00   0.0000e+00   7.1040e-04   2.5405e+02
20190911_20:00:00   1.4674e-01   4.0985e+01   3.2889e+00   0.0000e+00   4.7417e-04   2.5501e+02
20190911_21:00:00   1.4216e-01   3.9859e+01   3.2224e+00   0.0000e+00   1.0531e-04   2.5587e+02
20190911_22:00:00   1.3869e-01   3.9024e+01   3.1670e+00   0.0000e+00   3.6539e-04   2.5479e+02
20190911_23:00:00   1.3408e-01   3.7914e+01   3.0858e+00   0.0000e+00   3.8040e-04   2.5366e+02
20190912_00:00:00   1.3274e-01   3.7569e+01   3.0757e+00   0.0000e+00   2.8460e-04   2.5369e+02
20190912_01:00:00   1.3434e-01   3.7919e+01   3.1207e+00   0.0000e+00   2.6999e-04   2.5357e+02
20190912_02:00:00   1.4149e-01   3.9573e+01   3.2877e+00   0.0000e+00   2.0038e-04   2.5264e+02
20190912_03:00:00   1.4065e-01   3.9476e+01   3.2268e+00   0.0000e+00   1.6442e-04   2.5198e+02
20190912_04:00:00   1.4566e-01   4.0645e+01   3.3402e+00   0.0000e+00   4.4460e-04   2.5121e+02
20190912_05:00:00   1.5281e-01   4.2242e+01   3.5189e+00   0.0000e+00   1.3099e-04   2.5193e+02
20190912_06:00:00   1.5598e-01   4.2850e+01   3.6285e+00   0.0000e+00   4.0125e-03   2.5284e+02
20190912_07:00:00   1.4916e-01   4.1265e+01   3.4814e+00   0.0000e+00   7.0038e-03   2.5302e+02
20190912_08:00:00   1.5044e-01   4.1541e+01   3.5122e+00   0.0000e+00   3.0244e-03   2.5393e+02
20190912_09:00:00   1.6090e-01   4.3844e+01   3.7782e+00   0.0000e+00   1.2673e-03   2.5525e+02
20190912_10:00:00   1.6730e-01   4.5204e+01   3.9505e+00   0.0000e+00   8.2820e-03   2.5526e+02
20190912_11:00:00   1.7572e-01   4.7079e+01   4.1545e+00   0.0000e+00   4.5408e-03   2.5531e+02
20190912_12:00:00   1.9335e-01   5.1028e+01   4.5145e+00   0.0000e+00   4.8388e-03   2.5336e+02
20190912_13:00:00   2.1399e-01   5.5470e+01   4.9741e+00   0.0000e+00   1.1921e-02   2.5385e+02
20190912_14:00:00   2.2946e-01   5.8669e+01   5.3431e+00   0.0000e+00   1.1565e-02   2.5419e+02
20190912_15:00:00   2.3382e-01   5.9614e+01   5.4251e+00   0.0000e+00   1.0520e-02   2.5292e+02
20190912_16:00:00   2.2597e-01   5.8051e+01   5.2190e+00   0.0000e+00   6.2605e-03   2.5257e+02
20190912_17:00:00   2.2843e-01   5.8526e+01   5.3041e+00   0.0000e+00   3.1480e-03   2.5331e+02
20190912_18:00:00   2.3348e-01   5.9533e+01   5.4348e+00   0.0000e+00   5.5498e-03   2.5451e+02
20190912_19:00:00   2.2728e-01   5.8192e+01   5.3034e+00   0.0000e+00   2.8321e-03   2.5530e+02
20190912_20:00:00   2.2473e-01   5.7682e+01   5.2248e+00   0.0000e+00   2.0699e-03   2.5584e+02
20190912_21:00:00   2.2634e-01   5.7945e+01   5.2814e+00   0.0000e+00   3.0262e-03   2.5585e+02
20190912_22:00:00   2.3931e-01   6.0583e+01   5.6087e+00   8.4130e-05   1.4128e-03   2.5577e+02
20190912_23:00:00   2.3401e-01   5.9451e+01   5.5260e+00   2.4940e-04   7.6034e-03   2.5764e+02
20190913_00:00:00   2.5850e-01   6.4585e+01   6.0887e+00   0.0000e+00   8.8802e-04   2.5796e+02
20190913_01:00:00   2.7254e-01   6.7424e+01   6.4267e+00   0.0000e+00   5.1172e-04   2.5701e+02
20190913_02:00:00   2.9236e-01   7.1361e+01   6.8555e+00   3.1840e-04   8.0459e-03   2.5751e+02
20190913_03:00:00   2.6912e-01   6.6776e+01   6.3345e+00   0.0000e+00   5.5555e-03   2.5653e+02
20190913_04:00:00   2.6844e-01   6.6583e+01   6.3161e+00   0.0000e+00   1.4149e-02   2.5700e+02
20190913_05:00:00   2.6870e-01   6.6581e+01   6.3414e+00   0.0000e+00   1.1293e-02   2.5678e+02
20190913_06:00:00   2.6688e-01   6.6247e+01   6.2736e+00   0.0000e+00   2.1906e-02   2.5665e+02
20190913_07:00:00   2.6507e-01   6.5984e+01   6.1799e+00   0.0000e+00   1.8091e-02   2.5855e+02
20190913_08:00:00   2.5510e-01   6.4095e+01   5.8748e+00   0.0000e+00   1.3614e-02   2.5939e+02
20190913_09:00:00   2.4649e-01   6.2397e+01   5.6665e+00   0.0000e+00   3.6402e-03   2.5995e+02
20190913_10:00:00   2.3819e-01   6.0657e+01   5.4872e+00   0.0000e+00   1.9966e-03   2.5854e+02
20190913_11:00:00   2.3722e-01   6.0317e+01   5.5253e+00   0.0000e+00   6.3600e-03   2.5783e+02
20190913_12:00:00   2.3128e-01   5.9146e+01   5.3582e+00   0.0000e+00   5.2638e-03   2.5801e+02
20190913_13:00:00   2.2505e-01   5.7838e+01   5.2164e+00   0.0000e+00   7.7675e-03   2.5512e+02
20190913_14:00:00   2.2393e-01   5.7570e+01   5.1853e+00   0.0000e+00   5.9589e-03   2.5318e+02
20190913_15:00:00   2.1167e-01   5.4951e+01   4.9143e+00   0.0000e+00   4.0924e-03   2.5184e+02
20190913_16:00:00   1.9699e-01   5.1790e+01   4.5785e+00   0.0000e+00   2.9888e-03   2.5333e+02
20190913_17:00:00   1.8862e-01   4.9982e+01   4.3763e+00   0.0000e+00   4.1591e-03   2.5501e+02
20190913_18:00:00   1.9397e-01   5.1118e+01   4.5022e+00   0.0000e+00   6.3216e-03   2.5532e+02
20190913_19:00:00   1.9594e-01   5.1577e+01   4.5406e+00   0.0000e+00   4.3919e-03   2.5617e+02
20190913_20:00:00   1.9604e-01   5.1621e+01   4.5439e+00   0.0000e+00   5.2402e-03   2.5627e+02
20190913_21:00:00   1.8556e-01   4.9441e+01   4.2713e+00   0.0000e+00   4.4997e-03   2.5771e+02
20190913_22:00:00   1.8733e-01   4.9860e+01   4.3012e+00   0.0000e+00   4.3664e-03   2.5800e+02
20190913_23:00:00   1.9999e-01   5.2678e+01   4.5629e+00   0.0000e+00   6.9112e-03   2.5823e+02
20190914_00:00:00   2.1627e-01   5.6214e+01   4.9073e+00   1.6070e-04   7.8008e-03   2.5682e+02
20190914_01:00:00   2.3041e-01   5.9222e+01   5.1961e+00   3.9590e-04   8.2666e-03   2.5756e+02
20190914_02:00:00   2.4144e-01   6.1645e+01   5.2541e+00   2.8610e-03   1.0966e-02   2.5923e+02
20190914_03:00:00   2.2721e-01   5.8673e+01   5.0409e+00   6.5440e-04   6.0359e-03   2.5890e+02
20190914_04:00:00   2.3220e-01   5.9678e+01   5.1804e+00   2.4490e-04   7.6120e-03   2.5946e+02
20190914_05:00:00   2.3007e-01   5.9238e+01   5.1283e+00   0.0000e+00   7.1786e-03   2.5923e+02
20190914_06:00:00   2.2907e-01   5.8999e+01   5.0861e+00   2.9975e-04   9.9056e-03   2.5932e+02
20190914_07:00:00   2.2121e-01   5.7284e+01   4.9521e+00   0.0000e+00   9.9678e-03   2.6157e+02
20190914_08:00:00   2.0424e-01   5.3632e+01   4.5925e+00   0.0000e+00   6.8017e-03   2.6308e+02
20190914_09:00:00   1.9074e-01   5.0666e+01   4.3212e+00   0.0000e+00   3.0580e-03   2.6383e+02
20190914_10:00:00   1.8931e-01   5.0324e+01   4.3116e+00   0.0000e+00   8.1457e-04   2.6379e+02
20190914_11:00:00   1.9188e-01   5.0915e+01   4.3555e+00   0.0000e+00   4.4603e-04   2.6399e+02
20190914_12:00:00   1.9305e-01   5.1188e+01   4.3670e+00   0.0000e+00   1.6563e-04   2.6386e+02
20190914_13:00:00   1.8670e-01   4.9813e+01   4.1994e+00   0.0000e+00   1.2848e-04   2.6359e+02
20190914_14:00:00   1.7796e-01   4.7896e+01   3.9933e+00   0.0000e+00   0.0000e+00   2.6247e+02
20190914_15:00:00   1.6669e-01   4.5390e+01   3.7371e+00   0.0000e+00   0.0000e+00   2.6115e+02
20190914_16:00:00   1.6211e-01   4.4327e+01   3.6453e+00   0.0000e+00   0.0000e+00   2.6055e+02
20190914_17:00:00   1.5728e-01   4.3251e+01   3.5249e+00   0.0000e+00   0.0000e+00   2.5985e+02
20190914_18:00:00   1.5699e-01   4.3178e+01   3.5164e+00   0.0000e+00   0.0000e+00   2.6006e+02
20190914_19:00:00   1.5920e-01   4.3651e+01   3.5736e+00   0.0000e+00   0.0000e+00   2.6054e+02
20190914_20:00:00   1.5995e-01   4.3823e+01   3.5985e+00   0.0000e+00   0.0000e+00   2.6044e+02
20190914_21:00:00   1.7035e-01   4.6131e+01   3.8490e+00   0.0000e+00   0.0000e+00   2.6123e+02
20190914_22:00:00   2.0003e-01   5.2617e+01   4.5401e+00   8.5510e-05   0.0000e+00   2.6067e+02
20190914_23:00:00   2.6741e-01   6.6835e+01   5.8057e+00   3.7040e-03   0.0000e+00   2.5866e+02
20190915_00:00:00   3.1260e-01   7.6091e+01   5.9595e+00   1.8080e-02   0.0000e+00   2.5997e+02
20190915_01:00:00   4.7764e-01   1.0625e+02   6.2308e+00   7.9000e-02   6.5380e-06   2.5782e+02
20190915_02:00:00   6.2867e-01   1.2990e+02   6.3158e+00   1.3778e-01   5.3657e-06   2.5801e+02
20190915_03:00:00   6.4951e-01   1.3276e+02   6.4068e+00   1.4483e-01   6.1616e-05   2.5885e+02
20190915_04:00:00   7.8857e-01   1.5133e+02   6.5179e+00   1.9691e-01   6.6550e-05   2.5998e+02
20190915_05:00:00   1.0274e+00   1.7763e+02   6.3968e+00   2.9567e-01   1.5712e-05   2.6245e+02
20190915_06:00:00   3.0722e-01   7.5308e+01   6.1451e+00   7.4190e-03   6.3180e-07   2.6352e+02
20190915_07:00:00   2.9798e-01   7.3462e+01   6.1550e+00   3.3500e-03   2.1360e-05   2.6433e+02
20190915_08:00:00   3.1865e-01   7.7458e+01   6.5937e+00   4.0350e-03   9.0700e-05   2.6348e+02
20190915_09:00:00   3.1131e-01   7.6020e+01   6.6628e+00   0.0000e+00   1.3610e-04   2.6131e+02
20190915_10:00:00   3.0028e-01   7.3833e+01   6.4398e+00   0.0000e+00   4.7960e-05   2.6181e+02
20190915_11:00:00   2.8244e-01   7.0315e+01   6.0522e+00   0.0000e+00   1.0360e-05   2.6215e+02
20190915_12:00:00   2.6223e-01   6.6188e+01   5.6713e+00   0.0000e+00   6.6560e-04   2.5855e+02
20190915_13:00:00   2.4683e-01   6.2928e+01   5.4180e+00   0.0000e+00   1.5180e-04   2.5827e+02
20190915_14:00:00   2.4052e-01   6.1551e+01   5.3173e+00   0.0000e+00   7.1780e-05   2.5928e+02
20190915_15:00:00   2.4295e-01   6.1984e+01   5.4275e+00   0.0000e+00   2.5260e-06   2.5937e+02
20190915_16:00:00   2.5248e-01   6.3937e+01   5.6447e+00   0.0000e+00   0.0000e+00   2.5949e+02
20190915_17:00:00   2.5434e-01   6.4326e+01   5.6935e+00   0.0000e+00   1.3094e-05   2.5911e+02
20190915_18:00:00   2.5912e-01   6.5296e+01   5.8218e+00   0.0000e+00   1.2634e-06   2.5838e+02
20190915_19:00:00   2.7111e-01   6.7668e+01   6.1149e+00   0.0000e+00   1.1050e-04   2.5706e+02
20190915_20:00:00   2.7866e-01   6.9161e+01   6.3048e+00   0.0000e+00   2.0709e-04   2.5709e+02
20190915_21:00:00   3.0212e-01   7.3777e+01   6.8493e+00   0.0000e+00   1.2549e-03   2.5559e+02
20190915_22:00:00   3.1622e-01   7.6646e+01   7.0842e+00   0.0000e+00   2.1223e-05   2.5420e+02
20190915_23:00:00   3.4610e-01   8.2245e+01   7.7771e+00   0.0000e+00   9.9038e-05   2.5444e+02
20190916_00:00:00   3.8694e-01   8.9730e+01   8.6405e+00   0.0000e+00   1.6777e-03   2.5350e+02
20190916_03:00:00   5.4986e-01   1.1758e+02   9.6744e+00   4.2062e-02   3.5406e-03   2.5203e+02
20190916_06:00:00   4.5286e-01   1.0204e+02   8.5907e+00   2.1179e-02   3.6759e-05   2.5334e+02
20190916_09:00:00   4.3426e-01   9.8426e+01   9.3427e+00   1.6093e-03   7.8920e-04   2.5599e+02
20190916_12:00:00   4.3546e-01   9.8484e+01   9.5144e+00   0.0000e+00   2.1769e-03   2.5488e+02
20190916_15:00:00   4.4778e-01   1.0045e+02   9.8335e+00   0.0000e+00   3.2515e-04   2.5450e+02
20190916_18:00:00   4.5857e-01   1.0221e+02   1.0062e+01   0.0000e+00   9.7747e-04   2.5473e+02
20190916_21:00:00   4.8032e-01   1.0578e+02   1.0546e+01   0.0000e+00   2.5401e-03   2.5407e+02
20190917_00:00:00   4.9164e-01   1.0766e+02   1.0785e+01   8.5380e-05   3.0611e-03   2.5435e+02
20190917_03:00:00   5.2875e-01   1.1375e+02   1.1159e+01   7.6911e-03   3.7518e-03   2.5392e+02
20190917_06:00:00   6.7333e-01   1.3536e+02   1.1422e+01   6.0483e-02   2.1670e-03   2.5603e+02
20190917_09:00:00   5.6317e-01   1.1903e+02   1.1553e+01   1.2615e-02   3.8885e-03   2.5618e+02
20190917_12:00:00   5.0914e-01   1.1049e+02   1.1117e+01   1.7060e-04   1.2606e-03   2.5767e+02
20190917_15:00:00   4.9154e-01   1.0772e+02   1.0781e+01   0.0000e+00   1.4301e-04   2.5512e+02
20190917_18:00:00   4.9769e-01   1.0868e+02   1.0889e+01   0.0000e+00   5.1205e-05   2.5334e+02
20190917_21:00:00   5.1195e-01   1.1097e+02   1.1192e+01   0.0000e+00   1.2550e-03   2.5518e+02
20190918_00:00:00   6.8667e-01   1.3721e+02   1.1735e+01   5.8791e-02   2.4113e-03   2.5587e+02
20190918_03:00:00   5.3049e-01   1.1383e+02   1.1478e+01   1.5984e-03   5.1808e-02   2.5569e+02
20190918_06:00:00   4.9908e-01   1.0878e+02   1.0998e+01   0.0000e+00   2.1543e-02   2.5428e+02
20190918_09:00:00   4.4694e-01   1.0012e+02   9.9830e+00   0.0000e+00   2.6350e-03   2.5447e+02
20190918_12:00:00   3.8259e-01   8.9045e+01   8.5183e+00   0.0000e+00   1.1748e-03   2.5491e+02
20190918_15:00:00   3.2367e-01   7.8130e+01   7.2173e+00   0.0000e+00   5.2612e-03   2.5341e+02
20190918_18:00:00   2.6482e-01   6.6565e+01   5.8986e+00   0.0000e+00   1.0709e-02   2.5335e+02
20190918_21:00:00   2.3881e-01   6.1393e+01   5.2392e+00   0.0000e+00   8.6808e-03   2.5392e+02
20190919_00:00:00   3.1614e-01   7.6667e+01   7.0951e+00   0.0000e+00   1.2145e-02   2.5106e+02
20190919_03:00:00   3.7214e-01   8.7243e+01   8.2419e+00   7.4180e-04   2.4111e-02   2.5068e+02
20190919_06:00:00   3.4829e-01   8.2750e+01   7.8123e+00   0.0000e+00   1.2194e-02   2.5206e+02
20190919_09:00:00   3.3522e-01   8.0177e+01   7.5927e+00   0.0000e+00   5.3337e-03   2.5284e+02
20190919_12:00:00   3.3402e-01   7.9939e+01   7.5323e+00   0.0000e+00   4.8730e-03   2.5328e+02
20190919_15:00:00   3.2109e-01   7.7518e+01   7.2321e+00   0.0000e+00   4.6564e-03   2.5160e+02
20190919_18:00:00   3.0714e-01   7.4993e+01   6.8567e+00   0.0000e+00   3.1530e-03   2.5331e+02
20190919_21:00:00   3.0048e-01   7.3855e+01   6.6351e+00   0.0000e+00   9.6390e-04   2.5504e+02
20190920_00:00:00   2.8914e-01   7.1758e+01   6.3605e+00   0.0000e+00   2.9890e-04   2.5427e+02
20190920_03:00:00   2.9968e-01   7.3856e+01   6.4834e+00   9.0190e-04   4.5423e-04   2.5098e+02
20190920_06:00:00   3.2800e-01   7.9102e+01   7.1424e+00   0.0000e+00   7.0233e-03   2.5106e+02
20190920_09:00:00   2.9526e-01   7.2534e+01   6.5821e+00   0.0000e+00   2.1670e-02   2.5588e+02
20190920_12:00:00   3.2196e-01   7.7711e+01   7.1561e+00   0.0000e+00   5.0702e-02   2.5976e+02
20190920_15:00:00   3.7133e-01   8.6871e+01   8.1932e+00   0.0000e+00   1.2502e-01   2.5650e+02
20190920_18:00:00   4.1408e-01   9.4156e+01   9.1880e+00   0.0000e+00   2.1415e-01   2.5870e+02
20190920_21:00:00   3.8460e-01   8.9600e+01   8.3395e+00   0.0000e+00   7.5024e-04   2.6452e+02
20190921_00:00:00   3.9475e-01   9.1419e+01   8.5807e+00   0.0000e+00   4.7452e-03   2.6390e+02
20190921_03:00:00   4.1346e-01   9.4796e+01   8.9440e+00   0.0000e+00   1.0260e-03   2.6053e+02
20190921_06:00:00   4.1294e-01   9.4771e+01   8.8143e+00   0.0000e+00   1.2086e-03   2.6157e+02
20190921_09:00:00   3.8233e-01   8.9272e+01   8.0907e+00   0.0000e+00   1.5360e-03   2.6424e+02
20190921_12:00:00   3.6084e-01   8.5180e+01   7.6836e+00   0.0000e+00   1.9964e-04   2.6415e+02
20190921_15:00:00   3.2018e-01   7.7565e+01   6.8608e+00   0.0000e+00   1.7450e-03   2.6342e+02
20190921_18:00:00   3.0414e-01   7.4421e+01   6.6315e+00   0.0000e+00   1.4461e-03   2.6308e+02
20190921_21:00:00   3.0271e-01   7.4053e+01   6.6671e+00   0.0000e+00   3.9487e-03   2.6235e+02
20190922_00:00:00   3.2398e-01   7.7812e+01   7.2652e+00   0.0000e+00   2.1305e-03   2.5992e+02
20190922_03:00:00   3.8067e-01   8.8094e+01   8.4576e+00   7.9130e-05   7.8252e-02   2.5834e+02
20190922_06:00:00   3.9087e-01   8.9919e+01   8.7783e+00   0.0000e+00   8.3655e-03   2.5846e+02
20190922_09:00:00   4.2254e-01   9.5359e+01   9.4424e+00   0.0000e+00   1.1352e-02   2.6088e+02
20190922_12:00:00   4.4299e-01   9.8760e+01   9.8553e+00   0.0000e+00   2.7994e-02   2.5968e+02
20190922_15:00:00   4.4839e-01   9.9549e+01   9.9705e+00   0.0000e+00   1.5013e-02   2.5692e+02
20190922_18:00:00   4.1901e-01   9.4527e+01   9.4375e+00   0.0000e+00   3.5186e-02   2.5707e+02
20190922_21:00:00   4.0543e-01   9.2043e+01   9.2008e+00   0.0000e+00   7.9055e-02   2.5727e+02
20190923_00:00:00   3.5602e-01   8.3431e+01   8.1167e+00   0.0000e+00   2.6321e-03   2.5686e+02
20190923_03:00:00   3.7222e-01   8.6827e+01   7.9897e+00   7.3680e-03   6.2847e-04   2.5903e+02
20190923_06:00:00   2.9981e-01   7.3052e+01   6.6739e+00   2.2640e-03   9.5560e-04   2.6197e+02
20190923_09:00:00   2.7472e-01   6.7994e+01   6.2872e+00   0.0000e+00   3.2025e-03   2.6084e+02
20190923_12:00:00   2.8119e-01   6.9214e+01   6.4682e+00   0.0000e+00   5.0102e-03   2.6084e+02
20190923_15:00:00   3.0815e-01   7.4630e+01   6.9556e+00   0.0000e+00   5.6025e-03   2.6038e+02
20190923_18:00:00   3.5525e-01   8.3567e+01   7.9092e+00   0.0000e+00   4.2957e-02   2.6112e+02
20190923_21:00:00   4.0772e-01   9.2915e+01   9.0637e+00   0.0000e+00   2.8871e-02   2.5782e+02
20190924_00:00:00   4.7121e-01   1.0351e+02   1.0436e+01   0.0000e+00   4.9898e-02   2.5690e+02
20190924_03:00:00   4.7551e-01   1.0441e+02   1.0377e+01   0.0000e+00   4.2221e-03   2.5607e+02
20190924_06:00:00   4.3835e-01   9.8312e+01   9.5917e+00   0.0000e+00   8.7326e-04   2.5772e+02
20190924_09:00:00   4.3918e-01   9.8515e+01   9.5567e+00   0.0000e+00   1.3654e-04   2.6027e+02
20190924_12:00:00   4.2505e-01   9.6104e+01   9.2336e+00   0.0000e+00   1.0483e-03   2.6268e+02
20190924_15:00:00   4.1231e-01   9.3922e+01   8.9778e+00   0.0000e+00   1.1278e-02   2.6219e+02
20190924_18:00:00   3.9783e-01   9.1430e+01   8.7689e+00   0.0000e+00   2.1684e-03   2.5992e+02
20190924_21:00:00   3.9060e-01   9.0309e+01   8.6808e+00   0.0000e+00   3.9881e-04   2.5819e+02
20190925_00:00:00   3.9642e-01   9.1394e+01   8.8266e+00   0.0000e+00   1.5758e-03   2.5616e+02
20190925_03:00:00   4.0469e-01   9.2969e+01   9.0076e+00   0.0000e+00   8.4938e-04   2.5532e+02
20190925_06:00:00   3.8311e-01   8.9117e+01   8.5771e+00   0.0000e+00   1.8103e-03   2.5448e+02
20190925_09:00:00   3.9699e-01   9.1690e+01   8.8728e+00   0.0000e+00   1.9856e-05   2.5453e+02
20190925_12:00:00   3.9608e-01   9.1488e+01   8.8151e+00   0.0000e+00   1.7106e-04   2.5262e+02
20190925_15:00:00   3.5030e-01   8.3140e+01   7.9096e+00   0.0000e+00   3.9420e-05   2.5092e+02
20190925_18:00:00   3.6290e-01   8.5696e+01   8.0702e+00   0.0000e+00   3.5567e-04   2.5215e+02
20190925_21:00:00   3.3802e-01   8.1078e+01   7.5687e+00   0.0000e+00   7.5397e-05   2.5211e+02
20190926_00:00:00   3.4575e-01   8.2582e+01   7.7454e+00   0.0000e+00   4.6096e-04   2.5065e+02
20190926_03:00:00   3.4706e-01   8.2775e+01   7.7767e+00   0.0000e+00   8.9950e-03   2.5253e+02
20190926_06:00:00   3.6089e-01   8.5230e+01   8.1318e+00   0.0000e+00   4.2981e-02   2.5198e+02
20190926_09:00:00   4.2190e-01   9.6280e+01   9.3605e+00   0.0000e+00   2.5504e-02   2.5270e+02
20190926_12:00:00   5.1296e-01   1.1129e+02   1.1268e+01   0.0000e+00   1.3579e-02   2.5322e+02
20190926_15:00:00   5.5096e-01   1.1703e+02   1.2094e+01   6.8822e-04   6.1691e-03   2.5186e+02
20190926_18:00:00   6.3962e-01   1.3006e+02   1.3587e+01   4.2107e-03   1.9995e-01   2.5076e+02
20190926_21:00:00   1.2089e+00   1.9221e+02   1.4483e+01   2.1259e-01   1.0337e+00   2.5033e+02
20190927_00:00:00   1.9534e+00   2.3639e+02   1.4151e+01   5.2750e-01   3.6652e-02   2.4832e+02
