#            date       tau225        Tb[K]      pwv[mm] lwp[kg*m^-2] iwp[kg*m^-2]       o3[DU]
20190914_18:00:00   1.9626e-01   5.2229e+01   4.2967e+00   0.0000e+00   6.0959e-03   2.5553e+02
20190914_19:00:00   2.1009e-01   5.5208e+01   4.6179e+00   0.0000e+00   4.0978e-03   2.5638e+02
20190914_20:00:00   2.1839e-01   5.7050e+01   4.7866e+00   0.0000e+00   2.4718e-03   2.5793e+02
20190914_21:00:00   2.3917e-01   6.1419e+01   5.2725e+00   0.0000e+00   3.3023e-03   2.5936e+02
20190914_22:00:00   2.6002e-01   6.5755e+01   5.6811e+00   6.1700e-04   2.5042e-03   2.5650e+02
20190914_23:00:00   3.1137e-01   7.5956e+01   6.7029e+00   3.1300e-03   1.7274e-03   2.5188e+02
20190915_00:00:00   3.8521e-01   8.9974e+01   7.4314e+00   1.8324e-02   3.6418e-03   2.5052e+02
20190915_01:00:00   5.1125e-01   1.1180e+02   7.8869e+00   6.0410e-02   2.6898e-03   2.5171e+02
20190915_02:00:00   4.5449e-01   1.0225e+02   7.7281e+00   3.9843e-02   4.6985e-03   2.5113e+02
20190915_03:00:00   3.8733e-01   9.0453e+01   7.4277e+00   1.7475e-02   2.9030e-03   2.5264e+02
20190915_04:00:00   3.9565e-01   9.2021e+01   7.4848e+00   2.0774e-02   3.3731e-03   2.5297e+02
20190915_05:00:00   4.8932e-01   1.0826e+02   8.0831e+00   4.7395e-02   3.1560e-03   2.5276e+02
20190915_06:00:00   5.3278e-01   1.1533e+02   8.2674e+00   6.0560e-02   3.8357e-03   2.5312e+02
20190915_07:00:00   4.0124e-01   9.2867e+01   8.3188e+00   5.5350e-03   3.1058e-03   2.5549e+02
20190915_08:00:00   3.9484e-01   9.1602e+01   8.4836e+00   0.0000e+00   1.8945e-03   2.5438e+02
20190915_09:00:00   3.8080e-01   8.9097e+01   8.1608e+00   0.0000e+00   1.7692e-03   2.5480e+02
20190915_10:00:00   3.7018e-01   8.7141e+01   7.9554e+00   0.0000e+00   1.3794e-03   2.5374e+02
20190915_11:00:00   3.5991e-01   8.5228e+01   7.7806e+00   0.0000e+00   8.2058e-04   2.5466e+02
20190915_12:00:00   3.5594e-01   8.4463e+01   7.7073e+00   0.0000e+00   2.0539e-03   2.5375e+02
20190915_13:00:00   3.6270e-01   8.5609e+01   7.8842e+00   0.0000e+00   2.3105e-03   2.5341e+02
20190915_14:00:00   3.6290e-01   8.5541e+01   7.9517e+00   0.0000e+00   1.3201e-04   2.5075e+02
20190915_15:00:00   3.6882e-01   8.6553e+01   8.1540e+00   0.0000e+00   3.7723e-04   2.4865e+02
20190915_16:00:00   3.7125e-01   8.7027e+01   8.2079e+00   0.0000e+00   2.7480e-04   2.4762e+02
20190915_17:00:00   3.6520e-01   8.5920e+01   8.0980e+00   0.0000e+00   2.3795e-04   2.4782e+02
20190915_18:00:00   3.7194e-01   8.7096e+01   8.2943e+00   0.0000e+00   2.4904e-04   2.4760e+02
20190915_19:00:00   3.8372e-01   8.9230e+01   8.5380e+00   0.0000e+00   2.6738e-04   2.4845e+02
20190915_20:00:00   3.9972e-01   9.2056e+01   8.9047e+00   0.0000e+00   1.7370e-04   2.4752e+02
20190915_21:00:00   4.1288e-01   9.4248e+01   9.2629e+00   0.0000e+00   1.3234e-04   2.4658e+02
20190915_22:00:00   4.1743e-01   9.5031e+01   9.4073e+00   0.0000e+00   5.9374e-04   2.4574e+02
20190915_23:00:00   4.2002e-01   9.5475e+01   9.4910e+00   0.0000e+00   4.7740e-04   2.4550e+02
20190916_00:00:00   4.2101e-01   9.5629e+01   9.5201e+00   0.0000e+00   7.6241e-05   2.4652e+02
20190916_01:00:00   4.3092e-01   9.7322e+01   9.7481e+00   0.0000e+00   1.9236e-04   2.4652e+02
20190916_02:00:00   4.3437e-01   9.8056e+01   9.7144e+00   1.6670e-03   1.6985e-04   2.4739e+02
20190916_03:00:00   4.3776e-01   9.8740e+01   9.7300e+00   2.5140e-03   1.0250e-04   2.4581e+02
20190916_04:00:00   4.2798e-01   9.7041e+01   9.6571e+00   0.0000e+00   2.4040e-05   2.4652e+02
20190916_05:00:00   4.2868e-01   9.7148e+01   9.6668e+00   0.0000e+00   0.0000e+00   2.4638e+02
20190916_06:00:00   4.2743e-01   9.6958e+01   9.6336e+00   0.0000e+00   2.2020e-06   2.4711e+02
20190916_07:00:00   4.2937e-01   9.7319e+01   9.6572e+00   0.0000e+00   1.7800e-05   2.4713e+02
20190916_08:00:00   4.3614e-01   9.8499e+01   9.7893e+00   0.0000e+00   5.9641e-05   2.4747e+02
20190916_09:00:00   4.4602e-01   1.0026e+02   9.8965e+00   9.8200e-04   7.8503e-04   2.4916e+02
20190916_10:00:00   4.5562e-01   1.0199e+02   1.0062e+01   0.0000e+00   7.1918e-04   2.4975e+02
20190916_11:00:00   4.5313e-01   1.0155e+02   9.9748e+00   3.2740e-04   1.6714e-04   2.4820e+02
20190916_12:00:00   4.4076e-01   9.9431e+01   9.7688e+00   0.0000e+00   3.3196e-05   2.4813e+02
20190916_13:00:00   4.3576e-01   9.8563e+01   9.6908e+00   0.0000e+00   8.9520e-05   2.4882e+02
20190916_14:00:00   4.3219e-01   9.7916e+01   9.6350e+00   0.0000e+00   6.8400e-05   2.4692e+02
20190916_15:00:00   4.2762e-01   9.7166e+01   9.5381e+00   0.0000e+00   5.3159e-04   2.4651e+02
20190916_16:00:00   4.3154e-01   9.7889e+01   9.6192e+00   0.0000e+00   3.7099e-04   2.4723e+02
20190916_17:00:00   4.3026e-01   9.7644e+01   9.6230e+00   0.0000e+00   9.3700e-04   2.4727e+02
20190916_18:00:00   4.2653e-01   9.6996e+01   9.5659e+00   0.0000e+00   4.8438e-04   2.5048e+02
20190916_19:00:00   4.2226e-01   9.6264e+01   9.4721e+00   0.0000e+00   3.8977e-04   2.5048e+02
20190916_20:00:00   4.2111e-01   9.6029e+01   9.4553e+00   0.0000e+00   1.0212e-03   2.4912e+02
20190916_21:00:00   4.2152e-01   9.6050e+01   9.4941e+00   0.0000e+00   1.9499e-03   2.5128e+02
20190916_22:00:00   4.2618e-01   9.6799e+01   9.6151e+00   0.0000e+00   2.2470e-04   2.5270e+02
20190916_23:00:00   4.2414e-01   9.6406e+01   9.5841e+00   0.0000e+00   5.9525e-05   2.5249e+02
20190917_00:00:00   4.2394e-01   9.6435e+01   9.5876e+00   2.5300e-04   2.1011e-05   2.5112e+02
20190917_01:00:00   4.2629e-01   9.6931e+01   9.6441e+00   2.4920e-04   2.0720e-06   2.5121e+02
20190917_02:00:00   4.2547e-01   9.6828e+01   9.6129e+00   1.6550e-04   4.8230e-06   2.5069e+02
20190917_03:00:00   4.2383e-01   9.6602e+01   9.5630e+00   0.0000e+00   3.3490e-06   2.4953e+02
20190917_04:00:00   4.1586e-01   9.5210e+01   9.3878e+00   0.0000e+00   0.0000e+00   2.5023e+02
20190917_05:00:00   4.1153e-01   9.4468e+01   9.2848e+00   0.0000e+00   0.0000e+00   2.5179e+02
20190917_06:00:00   4.0816e-01   9.3890e+01   9.1845e+00   0.0000e+00   0.0000e+00   2.5199e+02
20190917_07:00:00   4.0563e-01   9.3496e+01   9.1154e+00   0.0000e+00   0.0000e+00   2.5032e+02
20190917_08:00:00   4.0030e-01   9.2610e+01   8.9667e+00   0.0000e+00   0.0000e+00   2.4893e+02
20190917_09:00:00   3.8858e-01   9.0580e+01   8.6833e+00   0.0000e+00   0.0000e+00   2.5216e+02
20190917_10:00:00   3.7057e-01   8.7398e+01   8.2707e+00   0.0000e+00   0.0000e+00   2.5227e+02
20190917_11:00:00   3.4837e-01   8.3360e+01   7.7837e+00   0.0000e+00   0.0000e+00   2.5175e+02
20190917_12:00:00   3.2818e-01   7.9622e+01   7.3228e+00   0.0000e+00   0.0000e+00   2.5087e+02
20190917_13:00:00   3.1055e-01   7.6240e+01   6.8945e+00   0.0000e+00   0.0000e+00   2.5073e+02
20190917_14:00:00   2.9787e-01   7.3761e+01   6.5894e+00   0.0000e+00   0.0000e+00   2.4909e+02
20190917_15:00:00   2.8556e-01   7.1334e+01   6.3239e+00   0.0000e+00   2.7520e-06   2.4889e+02
20190917_16:00:00   2.7227e-01   6.8672e+01   6.0570e+00   0.0000e+00   0.0000e+00   2.4900e+02
20190917_17:00:00   2.6469e-01   6.7113e+01   5.9056e+00   0.0000e+00   0.0000e+00   2.4961e+02
20190917_18:00:00   2.5364e-01   6.4848e+01   5.6690e+00   0.0000e+00   0.0000e+00   2.5001e+02
20190917_19:00:00   2.3928e-01   6.1872e+01   5.3531e+00   0.0000e+00   0.0000e+00   2.5087e+02
20190917_20:00:00   2.2769e-01   5.9448e+01   5.0925e+00   0.0000e+00   0.0000e+00   2.5197e+02
20190917_21:00:00   2.1438e-01   5.6620e+01   4.7774e+00   0.0000e+00   0.0000e+00   2.5189e+02
20190917_22:00:00   1.9431e-01   5.2282e+01   4.3215e+00   0.0000e+00   0.0000e+00   2.5248e+02
20190917_23:00:00   1.6838e-01   4.6500e+01   3.7393e+00   0.0000e+00   0.0000e+00   2.5356e+02
20190918_00:00:00   1.4904e-01   4.2073e+01   3.2965e+00   8.4720e-05   2.7520e-06   2.5367e+02
20190918_01:00:00   1.3666e-01   3.9143e+01   3.0409e+00   0.0000e+00   0.0000e+00   2.5077e+02
20190918_02:00:00   1.3137e-01   3.7890e+01   2.9240e+00   8.3420e-05   0.0000e+00   2.4877e+02
20190918_03:00:00   1.1964e-01   3.5068e+01   2.6753e+00   0.0000e+00   0.0000e+00   2.4902e+02
20190918_04:00:00   1.1576e-01   3.4120e+01   2.5927e+00   0.0000e+00   0.0000e+00   2.5023e+02
20190918_05:00:00   1.1308e-01   3.3497e+01   2.5220e+00   0.0000e+00   0.0000e+00   2.5084e+02
20190918_06:00:00   1.1260e-01   3.3370e+01   2.5010e+00   0.0000e+00   0.0000e+00   2.5120e+02
20190918_07:00:00   1.1072e-01   3.2900e+01   2.4539e+00   0.0000e+00   0.0000e+00   2.5150e+02
20190918_08:00:00   1.1016e-01   3.2704e+01   2.4636e+00   0.0000e+00   0.0000e+00   2.5278e+02
20190918_09:00:00   1.0926e-01   3.2420e+01   2.4614e+00   0.0000e+00   0.0000e+00   2.5126e+02
20190918_10:00:00   1.0676e-01   3.1741e+01   2.4281e+00   0.0000e+00   0.0000e+00   2.5174e+02
20190918_11:00:00   1.0477e-01   3.1246e+01   2.3902e+00   0.0000e+00   0.0000e+00   2.5204e+02
20190918_12:00:00   1.0032e-01   3.0196e+01   2.2717e+00   0.0000e+00   0.0000e+00   2.5072e+02
20190918_13:00:00   9.3560e-02   2.8533e+01   2.1096e+00   0.0000e+00   0.0000e+00   2.4994e+02
20190918_14:00:00   9.1309e-02   2.7974e+01   2.0577e+00   0.0000e+00   0.0000e+00   2.5058e+02
20190918_15:00:00   9.5335e-02   2.8932e+01   2.1671e+00   0.0000e+00   0.0000e+00   2.4956e+02
20190918_16:00:00   1.0157e-01   3.0440e+01   2.3227e+00   0.0000e+00   2.1240e-07   2.5047e+02
20190918_17:00:00   1.0355e-01   3.0916e+01   2.3716e+00   0.0000e+00   2.2821e-06   2.5027e+02
20190918_18:00:00   1.0920e-01   3.2265e+01   2.5178e+00   0.0000e+00   1.5186e-06   2.5019e+02
20190918_19:00:00   1.1549e-01   3.3775e+01   2.6730e+00   0.0000e+00   0.0000e+00   2.5067e+02
20190918_20:00:00   1.1888e-01   3.4584e+01   2.7576e+00   0.0000e+00   2.1022e-06   2.5143e+02
20190918_21:00:00   1.1998e-01   3.4861e+01   2.7920e+00   0.0000e+00   1.3730e-04   2.4883e+02
20190918_22:00:00   1.2059e-01   3.4992e+01   2.8140e+00   0.0000e+00   1.4144e-03   2.4979e+02
20190918_23:00:00   1.2552e-01   3.6153e+01   2.9422e+00   0.0000e+00   3.3753e-03   2.5063e+02
20190919_00:00:00   1.2779e-01   3.6746e+01   2.9898e+00   0.0000e+00   4.2797e-03   2.5041e+02
20190919_01:00:00   1.2820e-01   3.6846e+01   3.0075e+00   0.0000e+00   3.8413e-03   2.4996e+02
20190919_02:00:00   1.3184e-01   3.7722e+01   3.0921e+00   0.0000e+00   2.7703e-03   2.5079e+02
20190919_03:00:00   1.3796e-01   3.9182e+01   3.2361e+00   0.0000e+00   1.5862e-03   2.5117e+02
20190919_04:00:00   1.4317e-01   4.0417e+01   3.3596e+00   0.0000e+00   2.0045e-03   2.4996e+02
20190919_05:00:00   1.4861e-01   4.1656e+01   3.4902e+00   0.0000e+00   1.1631e-03   2.4875e+02
20190919_06:00:00   1.4911e-01   4.1743e+01   3.5033e+00   0.0000e+00   6.9274e-04   2.4987e+02
20190919_07:00:00   1.4224e-01   4.0152e+01   3.3380e+00   0.0000e+00   3.0521e-04   2.5033e+02
20190919_08:00:00   1.3441e-01   3.8327e+01   3.1442e+00   0.0000e+00   2.1205e-04   2.5130e+02
20190919_09:00:00   1.2845e-01   3.6945e+01   2.9919e+00   0.0000e+00   6.7574e-04   2.5294e+02
20190919_10:00:00   1.2403e-01   3.5902e+01   2.8771e+00   0.0000e+00   5.6325e-04   2.5049e+02
20190919_11:00:00   1.1852e-01   3.4610e+01   2.7340e+00   0.0000e+00   2.4002e-04   2.5072e+02
20190919_12:00:00   1.1318e-01   3.3346e+01   2.6003e+00   0.0000e+00   6.2104e-05   2.4946e+02
20190919_13:00:00   1.1028e-01   3.2597e+01   2.5421e+00   0.0000e+00   5.6080e-05   2.4698e+02
20190919_14:00:00   1.0893e-01   3.2228e+01   2.5231e+00   0.0000e+00   4.6183e-05   2.4639e+02
20190919_15:00:00   1.0355e-01   3.0920e+01   2.3850e+00   0.0000e+00   8.7040e-04   2.4562e+02
20190919_16:00:00   9.4001e-02   2.8647e+01   2.1230e+00   0.0000e+00   9.0828e-04   2.4694e+02
20190919_17:00:00   8.9443e-02   2.7538e+01   2.0008e+00   0.0000e+00   1.1443e-03   2.4713e+02
20190919_18:00:00   8.7147e-02   2.6965e+01   1.9410e+00   0.0000e+00   2.1798e-03   2.4872e+02
20190919_21:00:00   7.9655e-02   2.5055e+01   1.7712e+00   0.0000e+00   5.7087e-03   2.5092e+02
20190920_00:00:00   7.6682e-02   2.4298e+01   1.7050e+00   0.0000e+00   2.3556e-03   2.5101e+02
20190920_03:00:00   7.9386e-02   2.4830e+01   1.8219e+00   0.0000e+00   9.9586e-03   2.4858e+02
20190920_06:00:00   7.8867e-02   2.4813e+01   1.7776e+00   0.0000e+00   1.9595e-03   2.4958e+02
20190920_09:00:00   8.6591e-02   2.6606e+01   2.0035e+00   0.0000e+00   2.0667e-03   2.5394e+02
20190920_12:00:00   9.1600e-02   2.7869e+01   2.1138e+00   0.0000e+00   1.5043e-03   2.5353e+02
20190920_15:00:00   1.1571e-01   3.3692e+01   2.6990e+00   0.0000e+00   9.6004e-03   2.5169e+02
20190920_18:00:00   1.5459e-01   4.2740e+01   3.6323e+00   0.0000e+00   2.6341e-03   2.5156e+02
20190920_21:00:00   2.1199e-01   5.5021e+01   5.1080e+00   0.0000e+00   1.2902e-02   2.5390e+02
20190921_00:00:00   2.1853e-01   5.6510e+01   5.2037e+00   8.2440e-05   8.0167e-03   2.5569e+02
20190921_03:00:00   3.2018e-01   7.7714e+01   5.5212e+00   3.4510e-02   6.8420e-03   2.5665e+02
20190921_06:00:00   2.5330e-01   6.3209e+01   5.9632e+00   0.0000e+00   2.4614e-01   2.5867e+02
20190921_09:00:00   3.3193e-01   7.8682e+01   7.6680e+00   0.0000e+00   5.4130e-02   2.6772e+02
20190921_12:00:00   2.7933e-01   6.8937e+01   6.2699e+00   0.0000e+00   1.7544e-04   2.7198e+02
20190921_15:00:00   3.2014e-01   7.6762e+01   7.0994e+00   0.0000e+00   1.0516e-04   2.7319e+02
20190921_18:00:00   3.9380e-01   9.0063e+01   8.6438e+00   0.0000e+00   2.5609e-02   2.7535e+02
20190921_21:00:00   3.8899e-01   8.9344e+01   8.5032e+00   0.0000e+00   4.6190e-04   2.7455e+02
20190922_00:00:00   4.1815e-01   9.4604e+01   8.8603e+00   4.0480e-03   5.8364e-03   2.6923e+02
20190922_03:00:00   4.8870e-01   1.0687e+02   9.2028e+00   2.5129e-02   1.7705e-04   2.6317e+02
20190922_06:00:00   4.4210e-01   9.8899e+01   8.9456e+00   9.6573e-03   2.5328e-03   2.6348e+02
20190922_09:00:00   3.9450e-01   9.0567e+01   8.5150e+00   0.0000e+00   7.7996e-04   2.6280e+02
20190922_12:00:00   3.8043e-01   8.7867e+01   8.3231e+00   0.0000e+00   5.1806e-03   2.6010e+02
20190922_15:00:00   3.1718e-01   7.6095e+01   7.0505e+00   0.0000e+00   5.4265e-03   2.5848e+02
20190922_18:00:00   3.2029e-01   7.6523e+01   7.2545e+00   0.0000e+00   7.2335e-03   2.5829e+02
20190922_21:00:00   3.4159e-01   8.0572e+01   7.7519e+00   0.0000e+00   1.2848e-03   2.5749e+02
20190923_00:00:00   3.3939e-01   8.0319e+01   7.6888e+00   0.0000e+00   4.3419e-03   2.5858e+02
20190923_03:00:00   3.8626e-01   8.9095e+01   8.5869e+00   0.0000e+00   1.6226e-02   2.5751e+02
20190923_06:00:00   4.0181e-01   9.2093e+01   8.7765e+00   0.0000e+00   2.2781e-04   2.5750e+02
20190923_09:00:00   4.6798e-01   1.0349e+02   1.0058e+01   7.7940e-05   7.1780e-06   2.5530e+02
20190923_12:00:00   4.6185e-01   1.0251e+02   9.8340e+00   3.3856e-03   3.6098e-04   2.5552e+02
20190923_15:00:00   4.1017e-01   9.3753e+01   8.9852e+00   4.0870e-04   0.0000e+00   2.5394e+02
20190923_18:00:00   3.8545e-01   8.9248e+01   8.6529e+00   0.0000e+00   0.0000e+00   2.5211e+02
20190923_21:00:00   3.9167e-01   9.0401e+01   8.7974e+00   3.4680e-04   0.0000e+00   2.5227e+02
20190924_00:00:00   4.3292e-01   9.7825e+01   9.1925e+00   9.3660e-03   2.2962e-04   2.5387e+02
20190924_03:00:00   5.4038e-01   1.1594e+02   9.5171e+00   4.5710e-02   1.5453e-04   2.5361e+02
20190924_06:00:00   4.0745e-01   9.3257e+01   9.1145e+00   0.0000e+00   0.0000e+00   2.5193e+02
20190924_09:00:00   4.1030e-01   9.3727e+01   9.1195e+00   0.0000e+00   2.1640e-04   2.5362e+02
20190924_12:00:00   4.0450e-01   9.2625e+01   8.9876e+00   0.0000e+00   1.0349e-03   2.5378e+02
20190924_15:00:00   3.9629e-01   9.1052e+01   8.8773e+00   0.0000e+00   1.2104e-04   2.5425e+02
20190924_18:00:00   4.3494e-01   9.7755e+01   9.6152e+00   3.2740e-04   1.6018e-03   2.5536e+02
20190924_21:00:00   4.7176e-01   1.0406e+02   1.0331e+01   0.0000e+00   2.6193e-03   2.5339e+02
20190925_00:00:00   5.2617e-01   1.1289e+02   1.0842e+01   1.1340e-02   1.0056e-02   2.5441e+02
20190925_03:00:00   5.1726e-01   1.1151e+02   1.0905e+01   5.3512e-03   1.9227e-02   2.5453e+02
20190925_06:00:00   5.1079e-01   1.1027e+02   1.1105e+01   5.5050e-04   1.0712e-02   2.5565e+02
20190925_09:00:00   5.0699e-01   1.0994e+02   1.0750e+01   5.7492e-04   4.8619e-02   2.5918e+02
20190925_12:00:00   4.7880e-01   1.0543e+02   1.0044e+01   2.0195e-03   2.9540e-03   2.6066e+02
20190925_15:00:00   4.1182e-01   9.4192e+01   8.7980e+00   0.0000e+00   2.2816e-03   2.6045e+02
20190925_18:00:00   4.0493e-01   9.3048e+01   8.6530e+00   0.0000e+00   7.9088e-05   2.5850e+02
20190925_21:00:00   4.2408e-01   9.6415e+01   9.0883e+00   0.0000e+00   6.7508e-04   2.5529e+02
20190926_00:00:00   4.7092e-01   1.0422e+02   1.0095e+01   3.2740e-04   8.2334e-04   2.5384e+02
20190926_03:00:00   4.1803e-01   9.5278e+01   9.0848e+00   0.0000e+00   2.3697e-03   2.5596e+02
20190926_06:00:00   4.0193e-01   9.2362e+01   8.8470e+00   0.0000e+00   2.0569e-03   2.5612e+02
20190926_09:00:00   4.1041e-01   9.3730e+01   9.0553e+00   0.0000e+00   5.4955e-02   2.5630e+02
20190926_12:00:00   4.3035e-01   9.6888e+01   9.5730e+00   0.0000e+00   1.0717e-01   2.5478e+02
20190926_15:00:00   4.9791e-01   1.0795e+02   1.0955e+01   0.0000e+00   3.9872e-02   2.5200e+02
20190926_18:00:00   5.1459e-01   1.1067e+02   1.1267e+01   0.0000e+00   3.7324e-02   2.5168e+02
20190926_21:00:00   4.8742e-01   1.0653e+02   1.0657e+01   0.0000e+00   8.5142e-02   2.4831e+02
20190927_00:00:00   5.0921e-01   1.1018e+02   1.1002e+01   1.3764e-04   1.4322e-02   2.5061e+02
20190927_03:00:00   5.0239e-01   1.0924e+02   1.0794e+01   0.0000e+00   1.6637e-02   2.5088e+02
20190927_06:00:00   4.4920e-01   1.0072e+02   9.6968e+00   0.0000e+00   1.4092e-02   2.4970e+02
20190927_09:00:00   3.8734e-01   9.0140e+01   8.3240e+00   0.0000e+00   1.1120e-03   2.5072e+02
20190927_12:00:00   3.4958e-01   8.3137e+01   7.5910e+00   0.0000e+00   2.4976e-04   2.5190e+02
20190927_15:00:00   3.0502e-01   7.4647e+01   6.6655e+00   0.0000e+00   4.5355e-04   2.4869e+02
20190927_18:00:00   2.5908e-01   6.5427e+01   5.7608e+00   0.0000e+00   5.9459e-04   2.4785e+02
20190927_21:00:00   2.5723e-01   6.5069e+01   5.7346e+00   0.0000e+00   6.4041e-04   2.4901e+02
20190928_00:00:00   2.9117e-01   7.1809e+01   6.5515e+00   0.0000e+00   4.0249e-03   2.4902e+02
20190928_03:00:00   3.2860e-01   7.8769e+01   7.3886e+00   0.0000e+00   2.5167e-01   2.4975e+02
20190928_06:00:00   3.1020e-01   7.5480e+01   6.9991e+00   0.0000e+00   1.0506e-02   2.4881e+02
20190928_09:00:00   2.9591e-01   7.2718e+01   6.6754e+00   0.0000e+00   4.7809e-03   2.5099e+02
20190928_12:00:00   2.8923e-01   7.1334e+01   6.5544e+00   0.0000e+00   4.3960e-04   2.5035e+02
20190928_15:00:00   2.8781e-01   7.1006e+01   6.5445e+00   0.0000e+00   0.0000e+00   2.4846e+02
20190928_18:00:00   2.8288e-01   7.0038e+01   6.4450e+00   0.0000e+00   0.0000e+00   2.4852e+02
20190928_21:00:00   2.8011e-01   6.9518e+01   6.4054e+00   0.0000e+00   1.9218e-04   2.4764e+02
20190929_00:00:00   2.8675e-01   7.0730e+01   6.5953e+00   0.0000e+00   7.8000e-04   2.4940e+02
20190929_03:00:00   2.7873e-01   6.9189e+01   6.4034e+00   0.0000e+00   1.5376e-05   2.4936e+02
20190929_06:00:00   2.7736e-01   6.8937e+01   6.3462e+00   0.0000e+00   5.7440e-06   2.5026e+02
20190929_09:00:00   2.7064e-01   6.7562e+01   6.1873e+00   0.0000e+00   1.2024e-05   2.5319e+02
20190929_12:00:00   2.6692e-01   6.6687e+01   6.1241e+00   0.0000e+00   4.9160e-05   2.5170e+02
20190929_15:00:00   2.6180e-01   6.5581e+01   6.0236e+00   0.0000e+00   0.0000e+00   2.5020e+02
20190929_18:00:00   2.5919e-01   6.4998e+01   5.9691e+00   0.0000e+00   0.0000e+00   2.5202e+02
20190929_21:00:00   2.5861e-01   6.4918e+01   5.9653e+00   0.0000e+00   0.0000e+00   2.5191e+02
20190930_00:00:00   3.2070e-01   7.7600e+01   6.2636e+00   1.8970e-02   4.0080e-05   2.5141e+02
20190930_03:00:00   4.3722e-01   9.9482e+01   6.5021e+00   6.0707e-02   1.8863e-03   2.5224e+02
20190930_06:00:00   2.6489e-01   6.6302e+01   6.0160e+00   0.0000e+00   1.2368e-04   2.5193e+02
20190930_09:00:00   2.5681e-01   6.4491e+01   5.8858e+00   0.0000e+00   4.9540e-04   2.5514e+02
20190930_12:00:00   2.6461e-01   6.5905e+01   6.0748e+00   0.0000e+00   2.1995e-03   2.5377e+02
20190930_15:00:00   2.5974e-01   6.4885e+01   5.9830e+00   0.0000e+00   1.1205e-03   2.5199e+02
20190930_18:00:00   2.5192e-01   6.3270e+01   5.8139e+00   0.0000e+00   6.5680e-06   2.5267e+02
