#            date       tau225        Tb[K]      pwv[mm] lwp[kg*m^-2] iwp[kg*m^-2]       o3[DU]
20190729_18:00:00   1.0797e-01   3.1842e+01   2.2342e+00   2.4480e-03   0.0000e+00   2.6666e+02
20190729_19:00:00   1.0553e-01   3.1242e+01   2.2707e+00   9.8200e-04   0.0000e+00   2.6778e+02
20190729_20:00:00   1.1268e-01   3.3031e+01   2.2086e+00   5.0860e-03   0.0000e+00   2.6773e+02
20190729_21:00:00   1.0414e-01   3.0945e+01   2.2935e+00   0.0000e+00   0.0000e+00   2.6789e+02
20190729_22:00:00   1.1395e-01   3.3336e+01   2.4984e+00   0.0000e+00   0.0000e+00   2.6845e+02
20190729_23:00:00   2.0225e-01   5.3941e+01   2.8350e+00   2.8730e-02   0.0000e+00   2.6684e+02
20190730_00:00:00   3.1186e-01   7.6968e+01   3.2740e+00   6.4065e-02   0.0000e+00   2.6497e+02
20190730_01:00:00   3.4633e-01   8.3636e+01   3.4665e+00   7.4758e-02   0.0000e+00   2.6489e+02
20190730_02:00:00   3.2258e-01   7.8947e+01   3.5813e+00   6.3900e-02   6.5480e-06   2.6362e+02
20190730_03:00:00   7.4992e-01   1.4720e+02   3.8035e+00   2.3196e-01   2.5890e-05   2.6273e+02
20190730_04:00:00   9.8555e-01   1.7387e+02   4.1479e+00   3.1990e-01   0.0000e+00   2.6308e+02
20190730_05:00:00   4.0698e-01   9.4673e+01   3.9187e+00   8.9890e-02   1.3094e-05   2.6217e+02
20190730_06:00:00   1.5161e-01   4.2326e+01   3.2849e+00   0.0000e+00   7.8100e-06   2.6128e+02
20190730_07:00:00   1.5394e-01   4.2893e+01   3.2221e+00   2.2840e-03   0.0000e+00   2.6206e+02
20190730_08:00:00   1.4397e-01   4.0538e+01   3.1437e+00   8.8550e-05   0.0000e+00   2.6223e+02
20190730_09:00:00   1.4012e-01   3.9650e+01   3.0681e+00   0.0000e+00   0.0000e+00   2.6108e+02
20190730_10:00:00   1.3448e-01   3.8361e+01   2.9444e+00   0.0000e+00   0.0000e+00   2.6080e+02
20190730_11:00:00   1.3273e-01   3.7942e+01   2.9073e+00   0.0000e+00   0.0000e+00   2.6010e+02
20190730_12:00:00   1.2677e-01   3.6503e+01   2.7878e+00   0.0000e+00   0.0000e+00   2.6098e+02
20190730_13:00:00   1.1888e-01   3.4564e+01   2.6372e+00   0.0000e+00   9.8320e-05   2.6276e+02
20190730_14:00:00   1.0796e-01   3.1880e+01   2.4190e+00   0.0000e+00   2.9340e-05   2.6497e+02
20190730_15:00:00   1.0193e-01   3.0366e+01   2.2943e+00   0.0000e+00   1.8625e-04   2.6362e+02
20190730_16:00:00   1.0045e-01   3.0005e+01   2.2596e+00   0.0000e+00   8.4967e-04   2.6285e+02
20190730_17:00:00   1.0245e-01   3.0513e+01   2.3037e+00   2.4040e-05   2.8982e-04   2.6310e+02
20190730_18:00:00   1.1467e-01   3.3427e+01   2.5961e+00   2.7720e-05   2.6816e-05   2.6221e+02
20190730_19:00:00   1.3169e-01   3.7519e+01   2.9670e+00   0.0000e+00   1.6659e-03   2.6312e+02
20190730_20:00:00   1.5326e-01   4.2567e+01   3.4170e+00   2.3037e-04   1.5293e-03   2.6291e+02
20190730_21:00:00   1.8203e-01   4.9136e+01   3.9533e+00   1.0833e-03   8.1094e-04   2.6422e+02
20190730_22:00:00   2.3429e-01   6.0676e+01   4.4874e+00   1.1122e-02   4.5480e-04   2.6382e+02
20190730_23:00:00   3.9069e-01   9.1777e+01   4.8253e+00   6.7610e-02   1.5168e-03   2.6372e+02
20190731_00:00:00   5.6393e-01   1.2093e+02   5.0552e+00   1.3315e-01   2.0537e-03   2.6569e+02
20190731_01:00:00   3.2450e-01   7.9128e+01   5.1278e+00   3.5000e-02   2.5421e-05   2.6613e+02
20190731_02:00:00   2.6258e-01   6.6637e+01   5.1221e+00   1.0396e-02   1.5284e-03   2.6586e+02
20190731_03:00:00   3.3413e-01   8.1032e+01   5.3225e+00   3.5000e-02   5.5825e-03   2.6538e+02
20190731_04:00:00   2.3797e-01   6.1468e+01   5.1018e+00   6.8880e-04   5.7498e-05   2.6352e+02
20190731_05:00:00   2.2888e-01   5.9603e+01   4.9510e+00   0.0000e+00   0.0000e+00   2.6329e+02
20190731_06:00:00   2.2874e-01   5.9606e+01   4.9377e+00   0.0000e+00   0.0000e+00   2.6307e+02
20190731_07:00:00   2.2557e-01   5.8937e+01   4.8711e+00   5.7630e-05   0.0000e+00   2.6417e+02
20190731_08:00:00   2.2420e-01   5.8612e+01   4.8596e+00   3.4770e-06   0.0000e+00   2.6453e+02
20190731_09:00:00   2.2667e-01   5.9095e+01   4.9034e+00   0.0000e+00   0.0000e+00   2.6547e+02
20190731_10:00:00   2.1316e-01   5.6191e+01   4.6381e+00   0.0000e+00   0.0000e+00   2.6550e+02
20190731_11:00:00   2.0413e-01   5.4182e+01   4.4558e+00   0.0000e+00   0.0000e+00   2.6407e+02
20190731_12:00:00   1.9965e-01   5.3131e+01   4.3784e+00   0.0000e+00   0.0000e+00   2.6200e+02
20190731_13:00:00   1.8918e-01   5.0766e+01   4.1909e+00   0.0000e+00   0.0000e+00   2.6079e+02
20190731_14:00:00   1.8644e-01   5.0086e+01   4.1736e+00   0.0000e+00   0.0000e+00   2.6054e+02
20190731_15:00:00   1.8534e-01   4.9832e+01   4.1585e+00   0.0000e+00   0.0000e+00   2.5945e+02
20190731_16:00:00   1.8110e-01   4.8872e+01   4.0743e+00   0.0000e+00   0.0000e+00   2.5895e+02
20190731_17:00:00   1.7489e-01   4.7413e+01   3.9807e+00   0.0000e+00   0.0000e+00   2.6060e+02
20190731_18:00:00   1.6433e-01   4.4959e+01   3.7837e+00   0.0000e+00   0.0000e+00   2.6489e+02
20190731_19:00:00   1.5584e-01   4.2994e+01   3.6163e+00   0.0000e+00   0.0000e+00   2.6484e+02
20190731_20:00:00   1.4987e-01   4.1618e+01   3.4898e+00   0.0000e+00   0.0000e+00   2.6424e+02
20190731_21:00:00   1.4846e-01   4.1260e+01   3.4710e+00   0.0000e+00   0.0000e+00   2.6386e+02
20190731_22:00:00   2.1101e-01   5.5600e+01   3.5226e+00   2.4030e-02   0.0000e+00   2.6383e+02
20190731_23:00:00   2.0312e-01   5.3866e+01   3.6187e+00   1.9150e-02   0.0000e+00   2.6196e+02
20190801_00:00:00   2.0245e-01   5.3714e+01   3.6765e+00   1.7775e-02   0.0000e+00   2.6225e+02
20190801_01:00:00   2.0901e-01   5.5172e+01   3.6394e+00   2.1197e-02   0.0000e+00   2.6133e+02
20190801_02:00:00   1.9425e-01   5.1810e+01   3.5445e+00   1.7390e-02   0.0000e+00   2.6073e+02
20190801_03:00:00   1.5510e-01   4.2778e+01   3.5708e+00   1.3884e-03   0.0000e+00   2.5991e+02
20190801_04:00:00   1.5435e-01   4.2572e+01   3.6141e+00   4.0890e-04   0.0000e+00   2.5982e+02
20190801_05:00:00   1.5596e-01   4.2964e+01   3.6694e+00   0.0000e+00   0.0000e+00   2.6055e+02
20190801_06:00:00   1.6373e-01   4.4773e+01   3.8233e+00   0.0000e+00   0.0000e+00   2.6003e+02
20190801_07:00:00   1.6848e-01   4.5904e+01   3.9158e+00   0.0000e+00   0.0000e+00   2.6056e+02
20190801_08:00:00   1.6257e-01   4.4549e+01   3.7853e+00   0.0000e+00   0.0000e+00   2.5995e+02
20190801_09:00:00   1.5624e-01   4.3073e+01   3.6370e+00   0.0000e+00   0.0000e+00   2.5948e+02
20190801_10:00:00   1.5240e-01   4.2150e+01   3.5566e+00   0.0000e+00   0.0000e+00   2.5955e+02
20190801_11:00:00   1.5471e-01   4.2613e+01   3.6259e+00   0.0000e+00   0.0000e+00   2.5994e+02
20190801_12:00:00   1.7768e-01   4.7869e+01   4.1070e+00   0.0000e+00   0.0000e+00   2.5963e+02
20190801_13:00:00   2.2362e-01   5.8041e+01   5.0154e+00   1.5932e-04   0.0000e+00   2.6143e+02
20190801_14:00:00   2.5221e-01   6.4108e+01   5.5797e+00   3.3080e-06   0.0000e+00   2.6115e+02
20190801_15:00:00   2.4843e-01   6.3342e+01   5.5316e+00   1.3290e-05   0.0000e+00   2.6033e+02
20190801_16:00:00   2.3691e-01   6.0918e+01   5.3043e+00   3.3410e-06   0.0000e+00   2.6016e+02
20190801_17:00:00   2.2899e-01   5.9194e+01   5.1715e+00   0.0000e+00   0.0000e+00   2.6060e+02
20190801_18:00:00   2.1244e-01   5.5578e+01   4.8482e+00   0.0000e+00   0.0000e+00   2.6145e+02
20190801_19:00:00   1.9372e-01   5.1414e+01   4.4754e+00   0.0000e+00   0.0000e+00   2.6193e+02
20190801_20:00:00   1.7526e-01   4.7239e+01   4.0943e+00   0.0000e+00   0.0000e+00   2.6278e+02
20190801_21:00:00   1.6674e-01   4.5264e+01   3.9072e+00   0.0000e+00   0.0000e+00   2.6375e+02
20190801_22:00:00   1.6943e-01   4.5832e+01   3.9724e+00   0.0000e+00   0.0000e+00   2.6241e+02
20190801_23:00:00   1.8573e-01   4.9530e+01   4.3198e+00   0.0000e+00   7.2640e-05   2.6168e+02
20190802_00:00:00   2.3208e-01   5.9688e+01   5.1062e+00   3.3980e-03   3.4541e-04   2.6169e+02
20190802_01:00:00   2.7200e-01   6.8047e+01   5.7700e+00   6.6924e-03   8.0931e-04   2.6246e+02
20190802_02:00:00   2.9730e-01   7.3147e+01   6.5867e+00   4.0760e-04   7.5960e-05   2.6368e+02
20190802_03:00:00   3.1231e-01   7.6177e+01   6.8032e+00   2.7327e-03   1.3726e-05   2.6360e+02
20190802_04:00:00   3.0369e-01   7.4553e+01   6.7670e+00   0.0000e+00   0.0000e+00   2.6249e+02
20190802_05:00:00   2.9867e-01   7.3579e+01   6.6668e+00   1.5936e-04   1.2750e-06   2.6396e+02
20190802_06:00:00   2.9609e-01   7.3099e+01   6.4923e+00   1.9637e-03   0.0000e+00   2.6333e+02
20190802_07:00:00   3.1623e-01   7.7110e+01   6.7469e+00   4.8390e-03   0.0000e+00   2.6297e+02
20190802_08:00:00   3.3400e-01   8.0482e+01   7.3127e+00   5.6186e-04   2.8438e-04   2.6458e+02
20190802_09:00:00   3.7183e-01   8.7573e+01   8.0571e+00   5.0894e-04   1.5784e-03   2.6421e+02
20190802_10:00:00   3.9766e-01   9.2270e+01   8.5786e+00   3.9840e-05   4.9142e-03   2.6385e+02
20190802_11:00:00   4.1969e-01   9.6195e+01   8.9694e+00   2.6786e-04   1.6254e-03   2.6364e+02
20190802_12:00:00   5.7424e-01   1.2184e+02   9.3457e+00   5.3521e-02   5.3894e-04   2.6371e+02
20190802_13:00:00   1.9918e+00   2.3824e+02   9.7519e+00   6.1916e-01   1.2795e-03   2.6291e+02
20190802_14:00:00   1.6850e+00   2.2468e+02   9.6945e+00   4.9769e-01   1.3448e-04   2.6283e+02
20190802_15:00:00   5.5062e-01   1.1816e+02   9.3149e+00   4.5528e-02   2.0675e-04   2.6173e+02
20190802_16:00:00   2.0137e+00   2.3897e+02   1.0105e+01   6.2254e-01   8.2786e-04   2.6217e+02
20190802_17:00:00   2.4945e+00   2.5316e+02   1.0029e+01   8.1799e-01   3.4361e-03   2.6328e+02
20190802_18:00:00   2.6772e+00   2.5680e+02   1.0024e+01   8.9373e-01   1.1558e-03   2.6286e+02
20190802_19:00:00   2.1751e+00   2.4455e+02   9.8074e+00   6.9182e-01   1.1299e-03   2.6038e+02
20190802_20:00:00   2.2659e+00   2.4731e+02   1.0003e+01   7.2558e-01   9.3406e-04   2.5974e+02
20190802_21:00:00   1.5735e+00   2.1900e+02   9.6071e+00   4.5267e-01   1.6036e-03   2.6109e+02
20190802_22:00:00   1.4996e+00   2.1462e+02   9.8525e+00   4.1852e-01   5.6158e-04   2.6079e+02
20190802_23:00:00   9.7071e-01   1.7217e+02   9.5884e+00   2.0977e-01   2.8977e-03   2.6272e+02
20190803_00:00:00   5.7088e-01   1.2132e+02   9.5489e+00   5.0736e-02   1.9271e-03   2.6232e+02
20190803_01:00:00   6.3369e-01   1.3051e+02   1.0092e+01   6.5529e-02   4.6475e-04   2.6244e+02
20190803_02:00:00   5.7399e-01   1.2138e+02   1.0623e+01   3.2948e-02   5.2210e-03   2.6277e+02
20190803_03:00:00   6.0368e-01   1.2562e+02   1.1076e+01   3.7042e-02   5.0458e-02   2.6167e+02
20190803_04:00:00   5.6146e-01   1.1893e+02   1.1581e+01   1.0921e-02   9.9518e-02   2.6217e+02
20190803_05:00:00   5.8134e-01   1.2178e+02   1.2247e+01   6.1240e-03   3.5708e-02   2.6283e+02
20190803_06:00:00   5.5339e-01   1.1768e+02   1.1766e+01   3.2790e-03   1.0956e-01   2.6238e+02
20190803_07:00:00   5.3078e-01   1.1419e+02   1.1512e+01   0.0000e+00   8.9528e-02   2.6362e+02
20190803_08:00:00   5.1986e-01   1.1252e+02   1.1316e+01   0.0000e+00   4.0640e-02   2.6556e+02
20190803_09:00:00   5.4190e-01   1.1594e+02   1.1655e+01   0.0000e+00   2.8330e-02   2.6492e+02
20190803_10:00:00   5.4600e-01   1.1655e+02   1.1655e+01   1.3094e-03   2.0395e-02   2.6404e+02
20190803_11:00:00   5.3385e-01   1.1467e+02   1.1355e+01   1.7138e-03   3.0338e-02   2.6312e+02
20190803_12:00:00   5.9001e-01   1.2305e+02   1.1570e+01   2.1111e-02   4.0948e-02   2.6276e+02
20190803_13:00:00   7.6570e-01   1.4687e+02   1.1737e+01   9.0983e-02   8.9159e-02   2.6312e+02
20190803_14:00:00   6.5310e-01   1.3198e+02   1.1603e+01   4.7533e-02   7.2387e-02   2.6226e+02
20190803_15:00:00   6.2159e-01   1.2741e+02   1.1487e+01   3.7031e-02   6.4718e-02   2.6016e+02
20190803_16:00:00   6.2488e-01   1.2784e+02   1.1205e+01   4.4261e-02   6.7407e-02   2.6044e+02
20190803_17:00:00   5.8927e-01   1.2270e+02   1.1172e+01   3.0019e-02   3.2302e-02   2.6034e+02
20190803_18:00:00   5.2533e-01   1.1302e+02   1.0929e+01   8.6450e-03   3.4099e-02   2.6164e+02
20190803_21:00:00   5.2315e-01   1.1239e+02   1.1455e+01   4.6500e-04   1.2210e-01   2.6161e+02
20190804_00:00:00   5.5987e-01   1.1784e+02   1.2142e+01   1.6480e-03   3.2497e-01   2.6136e+02
20190804_03:00:00   5.8648e-01   1.2195e+02   1.2237e+01   1.1055e-02   2.5326e-01   2.6212e+02
20190804_06:00:00   4.9709e-01   1.0793e+02   1.1195e+01   0.0000e+00   4.3899e-02   2.6517e+02
20190804_09:00:00   4.3845e-01   9.8070e+01   1.0024e+01   0.0000e+00   1.2486e-02   2.6405e+02
20190804_12:00:00   4.3244e-01   9.7073e+01   9.8655e+00   0.0000e+00   5.7516e-03   2.6242e+02
20190804_15:00:00   4.1222e-01   9.3628e+01   9.4402e+00   0.0000e+00   2.7392e-03   2.6207e+02
20190804_18:00:00   4.0931e-01   9.3228e+01   9.3269e+00   0.0000e+00   2.6760e-04   2.6512e+02
20190804_21:00:00   3.6072e-01   8.4548e+01   8.3412e+00   0.0000e+00   1.0376e-04   2.6481e+02
20190805_00:00:00   3.6462e-01   8.5255e+01   8.3956e+00   0.0000e+00   0.0000e+00   2.6007e+02
20190805_03:00:00   3.4104e-01   8.0866e+01   7.9118e+00   0.0000e+00   0.0000e+00   2.6219e+02
20190805_06:00:00   3.1649e-01   7.6082e+01   7.4091e+00   0.0000e+00   0.0000e+00   2.6497e+02
20190805_09:00:00   4.1724e-01   9.4894e+01   9.3922e+00   0.0000e+00   1.4088e-03   2.6730e+02
20190805_12:00:00   4.4852e-01   9.9997e+01   1.0134e+01   0.0000e+00   1.0953e-02   2.6791e+02
20190805_15:00:00   3.9804e-01   9.1213e+01   9.1534e+00   0.0000e+00   3.5274e-03   2.6872e+02
20190805_18:00:00   3.6341e-01   8.4973e+01   8.4787e+00   0.0000e+00   3.3257e-04   2.6725e+02
20190805_21:00:00   3.8472e-01   8.8946e+01   8.9008e+00   0.0000e+00   8.2076e-05   2.6604e+02
20190806_00:00:00   4.6858e-01   1.0412e+02   9.3632e+00   2.2282e-02   6.5120e-06   2.6590e+02
20190806_03:00:00   3.8760e-01   9.0038e+01   8.7166e+00   0.0000e+00   7.1078e-03   2.6522e+02
20190806_06:00:00   3.0678e-01   7.4955e+01   6.9954e+00   0.0000e+00   0.0000e+00   2.6604e+02
20190806_09:00:00   2.7900e-01   6.9552e+01   6.4196e+00   0.0000e+00   0.0000e+00   2.6663e+02
20190806_12:00:00   2.8407e-01   7.0576e+01   6.5688e+00   6.8080e-06   0.0000e+00   2.6648e+02
20190806_15:00:00   2.9621e-01   7.3057e+01   6.8341e+00   0.0000e+00   0.0000e+00   2.6334e+02
20190806_18:00:00   2.9634e-01   7.3236e+01   6.7936e+00   0.0000e+00   0.0000e+00   2.6384e+02
20190806_21:00:00   3.0203e-01   7.4445e+01   6.8789e+00   0.0000e+00   0.0000e+00   2.6434e+02
20190807_00:00:00   4.1552e-01   9.6153e+01   7.6195e+00   3.0524e-02   1.1108e-03   2.6317e+02
20190807_03:00:00   5.5951e-01   1.2022e+02   8.6559e+00   6.7857e-02   6.3415e-03   2.6287e+02
20190807_06:00:00   1.0369e+00   1.7905e+02   1.0331e+01   2.2857e-01   8.7826e-03   2.6338e+02
20190807_09:00:00   4.1492e-01   9.5544e+01   8.9176e+00   6.2090e-03   3.3085e-04   2.6378e+02
20190807_12:00:00   4.0434e-01   9.3672e+01   8.8059e+00   0.0000e+00   7.0499e-04   2.6241e+02
20190807_15:00:00   4.6433e-01   1.0357e+02   1.0256e+01   0.0000e+00   1.3482e-02   2.6319e+02
20190807_18:00:00   4.9577e-01   1.0855e+02   1.1019e+01   0.0000e+00   1.2038e-03   2.6415e+02
20190807_21:00:00   3.9497e-01   9.1401e+01   8.9841e+00   0.0000e+00   8.2580e-06   2.6590e+02
20190808_00:00:00   3.3312e-01   8.0103e+01   7.6568e+00   0.0000e+00   6.0558e-05   2.6414e+02
20190808_03:00:00   2.9803e-01   7.3409e+01   6.8460e+00   0.0000e+00   0.0000e+00   2.6462e+02
20190808_06:00:00   2.7388e-01   6.8484e+01   6.3394e+00   0.0000e+00   0.0000e+00   2.6594e+02
20190808_09:00:00   2.2402e-01   5.8087e+01   5.2091e+00   0.0000e+00   0.0000e+00   2.6662e+02
20190808_12:00:00   1.8165e-01   4.8868e+01   4.2160e+00   0.0000e+00   0.0000e+00   2.6568e+02
20190808_15:00:00   1.5032e-01   4.1766e+01   3.4798e+00   0.0000e+00   0.0000e+00   2.6487e+02
20190808_18:00:00   1.1856e-01   3.4345e+01   2.7233e+00   0.0000e+00   0.0000e+00   2.6816e+02
20190808_21:00:00   9.6985e-02   2.9210e+01   2.1883e+00   0.0000e+00   0.0000e+00   2.6908e+02
20190809_00:00:00   8.5604e-02   2.6401e+01   1.9154e+00   0.0000e+00   0.0000e+00   2.6765e+02
20190809_03:00:00   8.7227e-02   2.6820e+01   1.9526e+00   0.0000e+00   0.0000e+00   2.7002e+02
20190809_06:00:00   1.1679e-01   3.4067e+01   2.6429e+00   0.0000e+00   0.0000e+00   2.6941e+02
20190809_09:00:00   1.6184e-01   4.4651e+01   3.6556e+00   0.0000e+00   0.0000e+00   2.6938e+02
20190809_12:00:00   1.6798e-01   4.6019e+01   3.7959e+00   0.0000e+00   0.0000e+00   2.7009e+02
20190809_15:00:00   1.7055e-01   4.6604e+01   3.8684e+00   0.0000e+00   0.0000e+00   2.6879e+02
20190809_18:00:00   1.7247e-01   4.7073e+01   3.9175e+00   0.0000e+00   2.9996e-03   2.6888e+02
20190809_21:00:00   1.7757e-01   4.8228e+01   4.0369e+00   0.0000e+00   4.2428e-03   2.6960e+02
20190810_00:00:00   1.7990e-01   4.8760e+01   4.0911e+00   0.0000e+00   2.7396e-03   2.6966e+02
20190810_03:00:00   1.8686e-01   5.0154e+01   4.3105e+00   0.0000e+00   3.5361e-03   2.6892e+02
20190810_06:00:00   2.0442e-01   5.3998e+01   4.6699e+00   0.0000e+00   3.9358e-03   2.6824e+02
20190810_09:00:00   2.0698e-01   5.4484e+01   4.7406e+00   0.0000e+00   3.2612e-03   2.6783e+02
20190810_12:00:00   2.0795e-01   5.4602e+01   4.7704e+00   0.0000e+00   5.8560e-03   2.6775e+02
20190810_15:00:00   2.3881e-01   6.1211e+01   5.4120e+00   0.0000e+00   3.8764e-03   2.6756e+02
20190810_18:00:00   2.7787e-01   6.9410e+01   6.1948e+00   0.0000e+00   2.0422e-04   2.6786e+02
20190810_21:00:00   2.7879e-01   6.9672e+01   6.2412e+00   0.0000e+00   3.2102e-03   2.6844e+02
20190811_00:00:00   2.6546e-01   6.6998e+01   5.9269e+00   0.0000e+00   2.2557e-05   2.6822e+02
20190811_03:00:00   2.6350e-01   6.6524e+01   5.8740e+00   0.0000e+00   1.4050e-04   2.6691e+02
20190811_06:00:00   2.6083e-01   6.5890e+01   5.8498e+00   0.0000e+00   4.6144e-05   2.6736e+02
20190811_09:00:00   2.5765e-01   6.5112e+01   5.7982e+00   0.0000e+00   2.5802e-03   2.6716e+02
20190811_12:00:00   2.6471e-01   6.6346e+01   5.9703e+00   0.0000e+00   1.1642e-05   2.6719e+02
20190811_15:00:00   2.5323e-01   6.4025e+01   5.6902e+00   0.0000e+00   0.0000e+00   2.6734e+02
20190811_18:00:00   2.5495e-01   6.4325e+01   5.7401e+00   0.0000e+00   0.0000e+00   2.6955e+02
20190811_21:00:00   2.5944e-01   6.5238e+01   5.8516e+00   0.0000e+00   0.0000e+00   2.7484e+02
20190812_00:00:00   2.6269e-01   6.6020e+01   5.7854e+00   2.2560e-03   0.0000e+00   2.7406e+02
20190812_03:00:00   2.7358e-01   6.8331e+01   5.8196e+00   5.8550e-03   0.0000e+00   2.7205e+02
20190812_06:00:00   2.3822e-01   6.0938e+01   5.3423e+00   5.9650e-04   0.0000e+00   2.7627e+02
20190812_09:00:00   2.2092e-01   5.7275e+01   4.9671e+00   0.0000e+00   0.0000e+00   2.7876e+02
20190812_12:00:00   2.0998e-01   5.4861e+01   4.7417e+00   0.0000e+00   0.0000e+00   2.8006e+02
20190812_15:00:00   1.9843e-01   5.2439e+01   4.4401e+00   0.0000e+00   0.0000e+00   2.7619e+02
20190812_18:00:00   1.9119e-01   5.0898e+01   4.2566e+00   0.0000e+00   0.0000e+00   2.7615e+02
20190812_21:00:00   1.8712e-01   5.0042e+01   4.1676e+00   0.0000e+00   0.0000e+00   2.7757e+02
20190813_00:00:00   1.9631e-01   5.1992e+01   4.3931e+00   2.5670e-04   0.0000e+00   2.7577e+02
20190813_03:00:00   2.1142e-01   5.5284e+01   4.7242e+00   4.2440e-04   0.0000e+00   2.7661e+02
20190813_06:00:00   1.8356e-01   4.9289e+01   4.0842e+00   0.0000e+00   0.0000e+00   2.7472e+02
20190813_09:00:00   1.6999e-01   4.6299e+01   3.7742e+00   0.0000e+00   0.0000e+00   2.7451e+02
20190813_12:00:00   1.6496e-01   4.5157e+01   3.6722e+00   0.0000e+00   0.0000e+00   2.7342e+02
20190813_15:00:00   1.6321e-01   4.4755e+01   3.6256e+00   0.0000e+00   0.0000e+00   2.7226e+02
20190813_18:00:00   1.5954e-01   4.3914e+01   3.5529e+00   0.0000e+00   0.0000e+00   2.7350e+02
20190813_21:00:00   1.4981e-01   4.1725e+01   3.3437e+00   0.0000e+00   0.0000e+00   2.7429e+02
20190814_00:00:00   1.3897e-01   3.9257e+01   3.0994e+00   0.0000e+00   0.0000e+00   2.7210e+02
20190814_03:00:00   1.3638e-01   3.8685e+01   3.0349e+00   0.0000e+00   0.0000e+00   2.7048e+02
20190814_06:00:00   1.3362e-01   3.8067e+01   2.9662e+00   0.0000e+00   0.0000e+00   2.7046e+02
20190814_09:00:00   1.2998e-01   3.7254e+01   2.8752e+00   0.0000e+00   0.0000e+00   2.7077e+02
20190814_12:00:00   1.2780e-01   3.6702e+01   2.8166e+00   0.0000e+00   0.0000e+00   2.7157e+02
20190814_15:00:00   1.2001e-01   3.4862e+01   2.6352e+00   0.0000e+00   0.0000e+00   2.6832e+02
20190814_18:00:00   1.1061e-01   3.2629e+01   2.4240e+00   0.0000e+00   0.0000e+00   2.6774e+02
