#            date       tau225        Tb[K]      pwv[mm] lwp[kg*m^-2] iwp[kg*m^-2]       o3[DU]
20191015_18:00:00   2.4430e-01   6.2598e+01   5.5790e+00   0.0000e+00   2.1323e-03   2.5136e+02
20191015_19:00:00   2.5239e-01   6.4176e+01   5.7701e+00   0.0000e+00   2.7657e-03   2.5165e+02
20191015_20:00:00   2.6126e-01   6.6006e+01   5.9869e+00   0.0000e+00   3.5649e-03   2.5170e+02
20191015_21:00:00   2.6744e-01   6.7206e+01   6.1329e+00   0.0000e+00   3.5389e-03   2.5185e+02
20191015_22:00:00   2.6819e-01   6.7325e+01   6.1589e+00   0.0000e+00   7.3050e-04   2.5132e+02
20191015_23:00:00   2.9210e-01   7.2207e+01   6.3122e+00   7.0500e-03   6.1603e-04   2.5003e+02
20191016_00:00:00   3.1230e-01   7.6179e+01   6.6068e+00   1.0350e-02   4.1571e-04   2.5031e+02
20191016_01:00:00   3.0011e-01   7.3621e+01   6.8981e+00   0.0000e+00   1.2526e-03   2.5139e+02
20191016_02:00:00   3.2011e-01   7.7514e+01   7.3147e+00   0.0000e+00   5.0950e-03   2.5254e+02
20191016_03:00:00   3.3097e-01   7.9630e+01   7.5193e+00   0.0000e+00   6.8761e-03   2.5362e+02
20191016_04:00:00   3.3580e-01   8.0535e+01   7.6056e+00   0.0000e+00   5.8729e-03   2.5505e+02
20191016_05:00:00   3.2969e-01   7.9290e+01   7.4773e+00   0.0000e+00   1.1690e-02   2.5643e+02
20191016_06:00:00   3.2977e-01   7.9333e+01   7.4418e+00   7.9360e-05   9.7167e-03   2.5705e+02
20191016_07:00:00   3.4095e-01   8.1430e+01   7.6560e+00   0.0000e+00   1.1185e-02   2.5758e+02
20191016_08:00:00   3.4898e-01   8.2898e+01   7.7988e+00   0.0000e+00   7.8464e-03   2.5649e+02
20191016_09:00:00   3.5357e-01   8.3670e+01   7.9128e+00   0.0000e+00   3.3949e-03   2.5445e+02
20191016_10:00:00   3.7118e-01   8.6783e+01   8.3062e+00   0.0000e+00   9.4345e-04   2.5345e+02
20191016_11:00:00   3.8132e-01   8.8557e+01   8.5076e+00   0.0000e+00   8.8683e-04   2.5235e+02
20191016_12:00:00   3.8208e-01   8.8704e+01   8.4957e+00   0.0000e+00   1.2128e-03   2.5181e+02
20191016_13:00:00   3.7993e-01   8.8390e+01   8.4054e+00   0.0000e+00   3.0822e-03   2.5133e+02
20191016_14:00:00   3.8320e-01   8.8982e+01   8.4419e+00   0.0000e+00   3.8545e-03   2.5140e+02
20191016_15:00:00   3.8192e-01   8.8774e+01   8.3845e+00   0.0000e+00   1.7646e-03   2.5234e+02
20191016_16:00:00   3.8156e-01   8.8672e+01   8.3448e+00   0.0000e+00   2.2312e-03   2.5435e+02
20191016_17:00:00   3.7543e-01   8.7541e+01   8.1862e+00   0.0000e+00   2.1712e-03   2.5667e+02
20191016_18:00:00   3.6480e-01   8.5622e+01   7.9494e+00   0.0000e+00   1.4551e-03   2.5874e+02
20191016_19:00:00   3.5601e-01   8.4054e+01   7.7724e+00   0.0000e+00   1.5678e-03   2.5982e+02
20191016_20:00:00   3.4869e-01   8.2699e+01   7.6264e+00   0.0000e+00   9.6597e-04   2.5953e+02
20191016_21:00:00   3.5042e-01   8.3026e+01   7.6906e+00   0.0000e+00   2.0346e-03   2.5931e+02
20191016_22:00:00   3.5947e-01   8.4616e+01   7.9405e+00   0.0000e+00   3.3865e-03   2.5962e+02
20191016_23:00:00   3.7131e-01   8.6675e+01   8.2427e+00   0.0000e+00   6.3287e-03   2.6083e+02
20191017_00:00:00   3.8020e-01   8.8223e+01   8.4583e+00   0.0000e+00   1.0200e-02   2.6300e+02
20191017_01:00:00   3.8415e-01   8.8929e+01   8.5523e+00   0.0000e+00   4.9342e-03   2.6458e+02
20191017_02:00:00   3.7893e-01   8.8042e+01   8.4328e+00   0.0000e+00   3.0674e-03   2.6293e+02
20191017_03:00:00   3.6731e-01   8.5988e+01   8.1500e+00   0.0000e+00   1.6109e-03   2.6222e+02
20191017_04:00:00   3.5456e-01   8.3750e+01   7.8493e+00   0.0000e+00   7.6205e-04   2.6215e+02
20191017_05:00:00   3.4697e-01   8.2383e+01   7.6718e+00   0.0000e+00   2.4768e-03   2.6176e+02
20191017_06:00:00   3.3821e-01   8.0800e+01   7.4569e+00   0.0000e+00   1.9768e-03   2.6373e+02
20191017_07:00:00   3.2621e-01   7.8632e+01   7.1604e+00   0.0000e+00   2.3988e-04   2.6500e+02
20191017_08:00:00   3.1130e-01   7.5859e+01   6.8019e+00   0.0000e+00   2.8140e-05   2.6586e+02
20191017_09:00:00   2.8992e-01   7.1762e+01   6.2992e+00   0.0000e+00   0.0000e+00   2.6464e+02
20191017_10:00:00   2.6515e-01   6.6865e+01   5.7333e+00   0.0000e+00   0.0000e+00   2.6181e+02
20191017_11:00:00   2.4301e-01   6.2338e+01   5.2451e+00   0.0000e+00   0.0000e+00   2.6113e+02
20191017_12:00:00   2.2050e-01   5.7612e+01   4.7537e+00   0.0000e+00   0.0000e+00   2.5963e+02
20191017_13:00:00   2.0215e-01   5.3670e+01   4.3528e+00   0.0000e+00   0.0000e+00   2.5912e+02
20191017_14:00:00   1.9151e-01   5.1345e+01   4.1130e+00   0.0000e+00   0.0000e+00   2.6018e+02
20191017_15:00:00   1.8201e-01   4.9263e+01   3.8974e+00   0.0000e+00   0.0000e+00   2.6200e+02
20191017_16:00:00   1.7089e-01   4.6795e+01   3.6474e+00   0.0000e+00   8.8380e-05   2.6203e+02
20191017_17:00:00   1.6205e-01   4.4819e+01   3.4478e+00   0.0000e+00   0.0000e+00   2.6169e+02
20191017_18:00:00   1.5852e-01   4.4003e+01   3.3677e+00   0.0000e+00   3.3360e-05   2.6044e+02
20191017_19:00:00   1.5174e-01   4.2418e+01   3.2351e+00   0.0000e+00   4.4800e-04   2.6031e+02
20191017_20:00:00   1.4537e-01   4.0936e+01   3.1052e+00   0.0000e+00   1.3214e-04   2.6125e+02
20191017_21:00:00   1.3479e-01   3.8467e+01   2.8854e+00   0.0000e+00   0.0000e+00   2.6151e+02
20191017_22:00:00   1.3239e-01   3.7934e+01   2.8246e+00   0.0000e+00   0.0000e+00   2.5891e+02
20191017_23:00:00   1.3397e-01   3.8348e+01   2.8421e+00   0.0000e+00   6.5480e-06   2.5654e+02
20191018_00:00:00   1.3891e-01   3.9534e+01   2.9345e+00   8.6770e-05   1.3726e-05   2.5742e+02
20191018_01:00:00   1.6033e-01   4.4612e+01   2.9311e+00   8.6990e-03   0.0000e+00   2.5746e+02
20191018_02:00:00   1.4076e-01   3.9991e+01   2.9754e+00   0.0000e+00   1.0980e-05   2.5733e+02
20191018_03:00:00   1.4767e-01   4.1589e+01   3.1163e+00   0.0000e+00   6.3180e-07   2.5743e+02
20191018_04:00:00   1.5442e-01   4.3157e+01   3.2479e+00   0.0000e+00   6.7540e-06   2.5731e+02
20191018_05:00:00   1.5871e-01   4.4141e+01   3.3226e+00   0.0000e+00   5.0540e-07   2.5656e+02
20191018_06:00:00   1.5065e-01   4.2300e+01   3.1556e+00   0.0000e+00   9.2800e-06   2.5633e+02
20191018_07:00:00   1.4260e-01   4.0442e+01   2.9838e+00   0.0000e+00   5.8960e-05   2.5644e+02
20191018_08:00:00   1.4214e-01   4.0344e+01   2.9644e+00   0.0000e+00   5.9140e-05   2.5451e+02
20191018_09:00:00   1.3905e-01   3.9634e+01   2.9015e+00   0.0000e+00   7.2860e-05   2.5374e+02
20191018_10:00:00   1.3448e-01   3.8562e+01   2.8066e+00   0.0000e+00   3.4800e-04   2.5372e+02
20191018_11:00:00   1.3095e-01   3.7718e+01   2.7389e+00   0.0000e+00   2.3080e-04   2.5381e+02
20191018_12:00:00   1.2596e-01   3.6506e+01   2.6395e+00   0.0000e+00   1.4924e-04   2.5335e+02
20191018_13:00:00   1.2237e-01   3.5606e+01   2.5750e+00   0.0000e+00   1.3420e-05   2.5439e+02
20191018_14:00:00   1.1628e-01   3.4134e+01   2.4484e+00   1.7770e-05   0.0000e+00   2.5436e+02
20191018_15:00:00   1.0858e-01   3.2261e+01   2.2885e+00   1.0360e-04   3.9274e-04   2.5415e+02
20191018_16:00:00   1.0684e-01   3.1811e+01   2.2603e+00   1.7790e-04   4.0183e-04   2.5481e+02
20191018_17:00:00   1.1030e-01   3.2631e+01   2.3432e+00   1.6990e-04   9.4726e-04   2.5494e+02
20191018_18:00:00   1.1095e-01   3.2788e+01   2.3682e+00   1.1150e-04   1.1564e-03   2.5536e+02
20191018_19:00:00   1.1428e-01   3.3586e+01   2.4542e+00   7.7630e-05   1.1305e-03   2.5481e+02
20191018_20:00:00   1.2421e-01   3.5968e+01   2.6821e+00   1.1660e-04   9.2977e-04   2.5389e+02
20191018_21:00:00   1.3877e-01   3.9409e+01   3.0102e+00   7.0280e-05   2.1593e-03   2.5329e+02
20191018_22:00:00   1.5565e-01   4.3363e+01   3.2495e+00   2.3720e-03   1.9201e-03   2.5237e+02
20191018_23:00:00   1.6919e-01   4.6452e+01   3.4820e+00   3.5030e-03   2.8566e-03   2.5192e+02
20191019_00:00:00   1.7904e-01   4.8682e+01   3.6276e+00   4.6711e-03   1.1262e-03   2.5266e+02
20191019_01:00:00   1.8053e-01   4.8993e+01   3.7677e+00   2.5657e-03   9.2806e-04   2.5327e+02
20191019_02:00:00   1.7589e-01   4.7932e+01   3.8044e+00   0.0000e+00   7.3719e-04   2.5365e+02
20191019_03:00:00   1.7515e-01   4.7770e+01   3.7906e+00   0.0000e+00   1.9207e-04   2.5393e+02
20191019_04:00:00   1.7771e-01   4.8326e+01   3.8550e+00   0.0000e+00   6.6842e-06   2.5307e+02
20191019_05:00:00   1.8113e-01   4.9049e+01   3.9323e+00   0.0000e+00   3.4748e-04   2.5328e+02
20191019_06:00:00   1.8504e-01   4.9894e+01   4.0291e+00   0.0000e+00   1.5927e-04   2.5450e+02
20191019_07:00:00   1.8650e-01   5.0188e+01   4.0692e+00   0.0000e+00   6.4600e-06   2.5367e+02
20191019_08:00:00   1.9086e-01   5.1128e+01   4.1594e+00   3.6020e-04   2.0096e-04   2.5460e+02
20191019_09:00:00   1.8971e-01   5.0851e+01   4.1591e+00   8.9740e-05   9.3980e-06   2.5398e+02
20191019_10:00:00   1.8896e-01   5.0657e+01   4.1452e+00   0.0000e+00   2.4252e-04   2.5295e+02
20191019_11:00:00   1.8619e-01   5.0009e+01   4.0901e+00   0.0000e+00   3.2339e-03   2.5297e+02
20191019_12:00:00   1.8333e-01   4.9336e+01   4.0408e+00   0.0000e+00   6.9020e-03   2.5316e+02
20191019_13:00:00   1.8399e-01   4.9445e+01   4.0785e+00   0.0000e+00   4.7746e-03   2.5338e+02
20191019_14:00:00   1.8514e-01   4.9662e+01   4.1133e+00   0.0000e+00   3.0710e-03   2.5381e+02
20191019_15:00:00   1.8346e-01   4.9292e+01   4.0850e+00   0.0000e+00   1.1305e-03   2.5422e+02
20191019_16:00:00   1.8575e-01   4.9769e+01   4.1389e+00   0.0000e+00   8.7817e-04   2.5339e+02
20191019_17:00:00   1.8503e-01   4.9612e+01   4.1151e+00   0.0000e+00   1.4058e-03   2.5329e+02
20191019_18:00:00   1.7741e-01   4.7969e+01   3.9461e+00   0.0000e+00   1.0672e-03   2.5378e+02
20191019_19:00:00   1.7511e-01   4.7437e+01   3.9051e+00   0.0000e+00   8.4278e-04   2.5355e+02
20191019_20:00:00   1.7964e-01   4.8420e+01   4.0059e+00   0.0000e+00   3.9701e-04   2.5211e+02
20191019_21:00:00   1.8164e-01   4.8858e+01   4.0517e+00   0.0000e+00   9.3225e-04   2.5117e+02
20191019_22:00:00   1.8054e-01   4.8601e+01   4.0338e+00   0.0000e+00   3.1069e-03   2.5268e+02
20191019_23:00:00   1.8249e-01   4.8999e+01   4.0945e+00   0.0000e+00   4.1768e-03   2.5267e+02
20191020_00:00:00   1.8562e-01   4.9645e+01   4.1724e+00   0.0000e+00   1.5545e-03   2.5224e+02
20191020_01:00:00   1.8450e-01   4.9433e+01   4.1350e+00   0.0000e+00   2.2904e-04   2.5204e+02
20191020_02:00:00   1.9196e-01   5.1116e+01   4.1795e+00   2.2080e-03   6.9263e-04   2.5178e+02
20191020_03:00:00   1.9822e-01   5.2495e+01   4.2139e+00   4.1950e-03   1.7667e-03   2.5149e+02
20191020_04:00:00   1.9309e-01   5.1323e+01   4.2640e+00   1.2138e-03   7.6078e-04   2.5162e+02
20191020_05:00:00   1.9430e-01   5.1580e+01   4.2662e+00   1.6146e-03   9.0015e-04   2.5081e+02
20191020_06:00:00   1.8647e-01   4.9839e+01   4.1851e+00   0.0000e+00   2.3889e-04   2.5082e+02
20191020_07:00:00   1.8195e-01   4.8783e+01   4.1070e+00   0.0000e+00   2.1545e-03   2.5028e+02
20191020_08:00:00   1.8321e-01   4.9007e+01   4.1547e+00   0.0000e+00   2.9859e-03   2.5051e+02
20191020_09:00:00   1.8727e-01   4.9866e+01   4.2462e+00   0.0000e+00   2.8870e-03   2.5051e+02
20191020_10:00:00   1.9334e-01   5.1192e+01   4.3712e+00   0.0000e+00   3.0127e-03   2.5019e+02
20191020_11:00:00   1.9701e-01   5.2006e+01   4.4499e+00   0.0000e+00   2.1130e-03   2.4967e+02
20191020_12:00:00   2.0207e-01   5.3165e+01   4.5523e+00   0.0000e+00   1.2385e-03   2.4839e+02
20191020_13:00:00   2.0492e-01   5.3815e+01   4.6022e+00   0.0000e+00   1.4669e-05   2.4740e+02
20191020_14:00:00   2.1124e-01   5.5171e+01   4.7371e+00   0.0000e+00   9.7778e-04   2.4803e+02
20191020_15:00:00   2.1389e-01   5.5705e+01   4.7938e+00   0.0000e+00   5.1171e-04   2.4864e+02
20191020_16:00:00   2.1531e-01   5.5984e+01   4.8342e+00   0.0000e+00   1.2665e-03   2.4836e+02
20191020_17:00:00   2.1240e-01   5.5323e+01   4.7944e+00   0.0000e+00   4.2771e-03   2.4822e+02
20191020_18:00:00   2.1180e-01   5.5074e+01   4.8355e+00   0.0000e+00   9.9102e-03   2.4848e+02
20191020_21:00:00   2.2071e-01   5.6768e+01   5.1430e+00   0.0000e+00   8.2346e-03   2.4943e+02
20191021_00:00:00   2.3339e-01   5.9321e+01   5.4890e+00   0.0000e+00   1.0586e-02   2.4863e+02
20191021_03:00:00   2.3913e-01   6.0543e+01   5.5993e+00   0.0000e+00   4.2468e-03   2.4697e+02
20191021_06:00:00   2.3510e-01   5.9659e+01   5.5144e+00   0.0000e+00   3.0518e-02   2.4722e+02
20191021_09:00:00   2.4563e-01   6.1749e+01   5.7735e+00   0.0000e+00   3.3288e-02   2.5136e+02
20191021_12:00:00   2.4457e-01   6.1530e+01   5.7794e+00   0.0000e+00   5.2020e-03   2.4946e+02
20191021_15:00:00   2.3510e-01   5.9564e+01   5.5642e+00   0.0000e+00   7.3118e-03   2.4992e+02
20191021_18:00:00   2.2210e-01   5.6914e+01   5.2437e+00   0.0000e+00   5.7996e-05   2.5052e+02
20191021_21:00:00   2.1499e-01   5.5458e+01   5.0770e+00   0.0000e+00   5.3509e-05   2.5098e+02
20191022_00:00:00   2.2216e-01   5.7022e+01   5.1573e+00   1.8000e-03   4.1984e-04   2.4973e+02
20191022_03:00:00   2.2655e-01   5.7924e+01   5.3558e+00   1.6500e-04   8.0408e-03   2.4963e+02
20191022_06:00:00   2.3225e-01   5.9106e+01   5.4929e+00   0.0000e+00   5.8489e-03   2.4964e+02
20191022_09:00:00   2.3759e-01   6.0199e+01   5.6326e+00   0.0000e+00   2.3120e-03   2.5084e+02
20191022_12:00:00   2.3121e-01   5.8897e+01   5.4887e+00   0.0000e+00   1.1032e-04   2.4908e+02
20191022_15:00:00   2.2773e-01   5.8202e+01   5.3790e+00   0.0000e+00   6.3180e-07   2.5060e+02
20191022_18:00:00   2.2712e-01   5.8086e+01   5.3712e+00   0.0000e+00   0.0000e+00   2.5079e+02
20191022_21:00:00   2.2511e-01   5.7616e+01   5.3541e+00   0.0000e+00   0.0000e+00   2.5154e+02
20191023_00:00:00   2.2649e-01   5.7912e+01   5.4035e+00   0.0000e+00   0.0000e+00   2.5017e+02
20191023_03:00:00   2.4460e-01   6.1650e+01   5.8262e+00   4.8980e-04   3.9380e-05   2.4871e+02
20191023_06:00:00   2.6242e-01   6.5256e+01   6.2602e+00   6.9350e-06   2.2020e-06   2.4995e+02
20191023_09:00:00   2.8497e-01   6.9893e+01   6.7120e+00   4.2760e-04   3.6380e-06   2.4992e+02
20191023_12:00:00   2.9046e-01   7.1126e+01   6.7839e+00   1.6520e-04   0.0000e+00   2.4779e+02
20191023_15:00:00   3.0635e-01   7.4359e+01   7.0956e+00   7.8560e-06   0.0000e+00   2.4771e+02
20191023_18:00:00   2.9754e-01   7.2744e+01   6.8682e+00   0.0000e+00   0.0000e+00   2.4821e+02
20191023_21:00:00   2.8478e-01   7.0201e+01   6.6183e+00   8.4960e-05   0.0000e+00   2.4765e+02
20191024_00:00:00   2.9859e-01   7.2956e+01   6.8949e+00   9.6120e-04   9.3040e-07   2.4718e+02
20191024_03:00:00   3.5337e-01   8.3534e+01   8.0577e+00   0.0000e+00   2.8839e-04   2.4402e+02
20191024_06:00:00   3.5725e-01   8.4336e+01   8.0862e+00   0.0000e+00   3.1624e-05   2.4402e+02
20191024_09:00:00   3.4302e-01   8.1602e+01   7.8270e+00   0.0000e+00   0.0000e+00   2.4355e+02
20191024_12:00:00   3.6514e-01   8.5645e+01   7.9335e+00   8.7770e-03   1.2811e-03   2.4192e+02
20191024_15:00:00   3.5983e-01   8.4410e+01   8.2924e+00   0.0000e+00   9.9183e-06   2.4323e+02
20191024_18:00:00   3.5164e-01   8.2845e+01   8.1132e+00   0.0000e+00   5.9400e-05   2.4164e+02
20191024_21:00:00   2.9752e-01   7.2373e+01   6.9770e+00   0.0000e+00   2.6416e-04   2.4127e+02
20191025_00:00:00   2.7241e-01   6.7499e+01   6.3369e+00   1.1880e-03   8.8022e-04   2.4153e+02
20191025_03:00:00   2.3183e-01   5.9054e+01   5.5087e+00   0.0000e+00   8.6413e-03   2.4110e+02
20191025_06:00:00   1.9755e-01   5.1787e+01   4.7016e+00   0.0000e+00   2.8994e-03   2.4274e+02
20191025_09:00:00   1.5778e-01   4.3189e+01   3.6793e+00   0.0000e+00   3.4920e-03   2.4471e+02
20191025_12:00:00   1.3058e-01   3.7180e+01   2.9438e+00   0.0000e+00   1.6826e-03   2.4301e+02
20191025_15:00:00   1.1896e-01   3.4448e+01   2.6630e+00   0.0000e+00   1.9727e-03   2.4499e+02
20191025_18:00:00   1.1423e-01   3.3340e+01   2.5442e+00   0.0000e+00   2.6345e-03   2.4589e+02
20191025_21:00:00   1.1149e-01   3.2692e+01   2.4840e+00   0.0000e+00   1.9227e-03   2.4782e+02
20191026_00:00:00   1.1556e-01   3.3621e+01   2.5626e+00   6.2580e-04   1.8508e-03   2.4955e+02
20191026_03:00:00   1.2426e-01   3.5580e+01   2.8334e+00   0.0000e+00   3.1831e-03   2.4781e+02
20191026_06:00:00   1.4144e-01   3.9433e+01   3.2885e+00   0.0000e+00   4.8307e-03   2.4620e+02
20191026_09:00:00   1.6007e-01   4.3532e+01   3.7632e+00   0.0000e+00   2.2192e-03   2.4675e+02
20191026_12:00:00   1.7822e-01   4.7410e+01   4.2309e+00   0.0000e+00   1.9279e-02   2.4627e+02
20191026_15:00:00   1.9490e-01   5.1092e+01   4.6127e+00   0.0000e+00   1.2726e-02   2.4662e+02
20191026_18:00:00   2.0789e-01   5.3822e+01   4.9343e+00   0.0000e+00   5.6297e-03   2.4626e+02
20191026_21:00:00   2.2663e-01   5.7780e+01   5.3796e+00   0.0000e+00   2.3664e-03   2.4807e+02
20191027_00:00:00   2.3800e-01   6.0145e+01   5.6515e+00   0.0000e+00   7.2001e-04   2.4789e+02
20191027_03:00:00   2.4536e-01   6.1618e+01   5.8354e+00   0.0000e+00   2.4316e-03   2.4782e+02
20191027_06:00:00   2.4610e-01   6.1774e+01   5.8404e+00   0.0000e+00   1.0427e-02   2.4894e+02
20191027_09:00:00   2.3581e-01   5.9753e+01   5.5660e+00   0.0000e+00   1.5461e-03   2.4907e+02
20191027_12:00:00   2.1884e-01   5.6280e+01   5.1328e+00   0.0000e+00   9.2942e-04   2.4741e+02
20191027_15:00:00   2.0918e-01   5.4258e+01   4.8957e+00   0.0000e+00   1.9093e-03   2.5021e+02
20191027_18:00:00   2.2127e-01   5.6837e+01   5.1788e+00   0.0000e+00   6.9703e-03   2.4945e+02
20191027_21:00:00   2.3726e-01   6.0225e+01   5.5391e+00   0.0000e+00   8.1154e-03   2.4927e+02
20191028_00:00:00   2.4641e-01   6.2139e+01   5.7073e+00   0.0000e+00   1.4142e-02   2.5105e+02
20191028_03:00:00   2.5948e-01   6.4691e+01   5.9913e+00   0.0000e+00   5.7741e-02   2.4917e+02
20191028_06:00:00   2.4448e-01   6.1784e+01   5.6105e+00   0.0000e+00   2.5936e-02   2.4774e+02
20191028_09:00:00   2.2693e-01   5.8154e+01   5.1895e+00   0.0000e+00   1.8172e-02   2.4882e+02
20191028_12:00:00   1.8992e-01   5.0539e+01   4.2195e+00   0.0000e+00   9.2597e-03   2.4744e+02
20191028_15:00:00   1.6028e-01   4.4131e+01   3.4806e+00   0.0000e+00   1.0349e-02   2.4854e+02
20191028_18:00:00   1.4529e-01   4.0661e+01   3.1585e+00   0.0000e+00   1.6269e-02   2.5014e+02
20191028_21:00:00   1.3316e-01   3.7892e+01   2.8869e+00   0.0000e+00   8.3819e-03   2.4941e+02
20191029_00:00:00   1.3437e-01   3.8125e+01   2.9261e+00   0.0000e+00   8.6232e-04   2.5015e+02
20191029_03:00:00   1.3362e-01   3.7970e+01   2.8927e+00   0.0000e+00   3.0640e-03   2.4960e+02
20191029_06:00:00   1.2518e-01   3.6112e+01   2.6543e+00   1.2980e-04   8.6120e-04   2.4928e+02
20191029_09:00:00   1.2136e-01   3.5273e+01   2.5295e+00   0.0000e+00   1.8952e-06   2.5099e+02
20191029_12:00:00   9.9164e-02   2.9856e+01   2.0670e+00   0.0000e+00   6.7540e-06   2.4872e+02
20191029_15:00:00   1.0401e-01   3.1035e+01   2.1622e+00   0.0000e+00   0.0000e+00   2.4910e+02
20191029_18:00:00   1.0780e-01   3.1959e+01   2.2487e+00   0.0000e+00   0.0000e+00   2.4942e+02
20191029_21:00:00   1.4950e-01   4.1845e+01   3.1170e+00   0.0000e+00   0.0000e+00   2.5201e+02
20191030_00:00:00   2.6367e-01   6.6586e+01   4.8047e+00   1.4135e-02   0.0000e+00   2.5227e+02
20191030_03:00:00   2.6229e-01   6.6181e+01   5.4200e+00   1.6368e-03   5.2380e-06   2.5129e+02
20191030_06:00:00   2.4983e-01   6.3399e+01   5.3279e+00   0.0000e+00   0.0000e+00   2.5132e+02
20191030_09:00:00   2.0844e-01   5.4537e+01   4.5429e+00   0.0000e+00   9.1979e-04   2.5175e+02
20191030_12:00:00   1.9703e-01   5.1995e+01   4.3298e+00   0.0000e+00   3.4326e-03   2.5016e+02
20191030_15:00:00   1.9294e-01   5.1029e+01   4.2498e+00   0.0000e+00   5.3917e-03   2.4978e+02
20191030_18:00:00   1.9834e-01   5.2095e+01   4.4117e+00   0.0000e+00   7.7240e-03   2.5343e+02
20191030_21:00:00   2.1508e-01   5.5727e+01   4.7510e+00   0.0000e+00   1.0092e-02   2.5600e+02
20191031_00:00:00   2.4748e-01   6.2446e+01   5.4691e+00   0.0000e+00   2.2680e-02   2.5695e+02
20191031_03:00:00   2.9007e-01   7.0807e+01   6.4346e+00   1.6190e-04   5.2902e-02   2.5621e+02
20191031_06:00:00   3.1088e-01   7.4973e+01   6.7759e+00   0.0000e+00   4.1229e-02   2.5524e+02
20191031_09:00:00   2.7480e-01   6.7910e+01   6.0106e+00   0.0000e+00   5.9596e-02   2.5722e+02
20191031_12:00:00   2.7824e-01   6.8571e+01   6.1246e+00   0.0000e+00   4.9187e-03   2.5480e+02
20191031_15:00:00   2.6817e-01   6.6708e+01   5.8204e+00   0.0000e+00   1.3108e-02   2.5321e+02
20191031_18:00:00   2.6243e-01   6.5655e+01   5.6476e+00   0.0000e+00   6.8119e-03   2.5297e+02
