#            date       tau225        Tb[K]      pwv[mm] lwp[kg*m^-2] iwp[kg*m^-2]       o3[DU]
20190829_18:00:00   8.4690e-02   2.5962e+01   1.9209e+00   0.0000e+00   0.0000e+00   2.6604e+02
20190829_19:00:00   8.3329e-02   2.5633e+01   1.8848e+00   0.0000e+00   0.0000e+00   2.6575e+02
20190829_20:00:00   8.4287e-02   2.5853e+01   1.9154e+00   0.0000e+00   0.0000e+00   2.6337e+02
20190829_21:00:00   8.7073e-02   2.6553e+01   1.9782e+00   0.0000e+00   5.5050e-06   2.6323e+02
20190829_22:00:00   8.9026e-02   2.7045e+01   2.0243e+00   0.0000e+00   0.0000e+00   2.6395e+02
20190829_23:00:00   9.3130e-02   2.8081e+01   2.0865e+00   4.2280e-04   6.1659e-04   2.6412e+02
20190830_00:00:00   1.3039e-01   3.7151e+01   2.5226e+00   7.6140e-03   2.2340e-03   2.6164e+02
20190830_01:00:00   2.3698e-01   6.1240e+01   3.3125e+00   3.6176e-02   1.6092e-03   2.5986e+02
20190830_02:00:00   2.9635e-01   7.3558e+01   3.8692e+00   4.9559e-02   4.7194e-03   2.5664e+02
20190830_03:00:00   3.7643e-01   8.8946e+01   4.4998e+00   7.1572e-02   4.1106e-03   2.5728e+02
20190830_04:00:00   3.9952e-01   9.2925e+01   5.4000e+00   6.6519e-02   1.1029e-02   2.5766e+02
20190830_05:00:00   2.7206e-01   6.7627e+01   6.1727e+00   3.2295e-03   4.6459e-02   2.5806e+02
20190830_06:00:00   2.7975e-01   6.9217e+01   6.5356e+00   1.2599e-04   1.7794e-02   2.5901e+02
20190830_07:00:00   3.0876e-01   7.5084e+01   7.0402e+00   2.0270e-03   8.2659e-03   2.5969e+02
20190830_08:00:00   3.1984e-01   7.7383e+01   7.2808e+00   1.0700e-03   1.7338e-02   2.6276e+02
20190830_09:00:00   3.3658e-01   8.0639e+01   7.6588e+00   0.0000e+00   1.2812e-02   2.6184e+02
20190830_10:00:00   3.6601e-01   8.6121e+01   8.2409e+00   0.0000e+00   2.7408e-02   2.6132e+02
20190830_11:00:00   3.7554e-01   8.7823e+01   8.4592e+00   0.0000e+00   2.4676e-02   2.6125e+02
20190830_12:00:00   3.5418e-01   8.3909e+01   8.0039e+00   0.0000e+00   2.5124e-02   2.5910e+02
20190830_13:00:00   3.2695e-01   7.8721e+01   7.4300e+00   0.0000e+00   3.5602e-03   2.5986e+02
20190830_14:00:00   2.9809e-01   7.2964e+01   6.8714e+00   0.0000e+00   3.5224e-03   2.5981e+02
20190830_15:00:00   2.7883e-01   6.8895e+01   6.5488e+00   0.0000e+00   2.5462e-03   2.5853e+02
20190830_16:00:00   2.5348e-01   6.3645e+01   6.0259e+00   0.0000e+00   1.0341e-03   2.6033e+02
20190830_17:00:00   2.2813e-01   5.8285e+01   5.4733e+00   0.0000e+00   1.3475e-03   2.6029e+02
20190830_18:00:00   2.0586e-01   5.3501e+01   4.9685e+00   0.0000e+00   3.1266e-03   2.6065e+02
20190830_19:00:00   1.8366e-01   4.8706e+01   4.4390e+00   0.0000e+00   2.8383e-03   2.5993e+02
20190830_20:00:00   1.6637e-01   4.4807e+01   4.0421e+00   0.0000e+00   1.4589e-03   2.6007e+02
20190830_21:00:00   1.6249e-01   4.3954e+01   3.9379e+00   0.0000e+00   6.6591e-03   2.5997e+02
20190830_22:00:00   1.6675e-01   4.4933e+01   4.0361e+00   0.0000e+00   1.6710e-02   2.6038e+02
20190830_23:00:00   1.7216e-01   4.6216e+01   4.1504e+00   0.0000e+00   9.5036e-03   2.5906e+02
20190831_00:00:00   1.8236e-01   4.8607e+01   4.3642e+00   0.0000e+00   8.3506e-03   2.5806e+02
20190831_01:00:00   1.9598e-01   5.1683e+01   4.6662e+00   0.0000e+00   1.3004e-02   2.6029e+02
20190831_02:00:00   2.0804e-01   5.4450e+01   4.9008e+00   0.0000e+00   4.5136e-03   2.6069e+02
20190831_03:00:00   2.2484e-01   5.8200e+01   5.2355e+00   0.0000e+00   3.0881e-03   2.5993e+02
20190831_04:00:00   2.3930e-01   6.1390e+01   5.4985e+00   0.0000e+00   2.9975e-03   2.5905e+02
20190831_05:00:00   2.5520e-01   6.4803e+01   5.7907e+00   0.0000e+00   1.4720e-03   2.5925e+02
20190831_06:00:00   2.6480e-01   6.6838e+01   5.9636e+00   0.0000e+00   1.3389e-03   2.6003e+02
20190831_07:00:00   2.7224e-01   6.8394e+01   6.0896e+00   0.0000e+00   7.7941e-04   2.5851e+02
20190831_08:00:00   2.8013e-01   7.0081e+01   6.2264e+00   0.0000e+00   1.4304e-04   2.5889e+02
20190831_09:00:00   2.8876e-01   7.1840e+01   6.3757e+00   0.0000e+00   5.3801e-04   2.5911e+02
20190831_10:00:00   2.9395e-01   7.2870e+01   6.4635e+00   0.0000e+00   1.6700e-03   2.5975e+02
20190831_11:00:00   2.9842e-01   7.3764e+01   6.5270e+00   0.0000e+00   2.1035e-03   2.5717e+02
20190831_12:00:00   3.0124e-01   7.4317e+01   6.5648e+00   0.0000e+00   1.0238e-03   2.5565e+02
20190831_13:00:00   2.9835e-01   7.3744e+01   6.4957e+00   0.0000e+00   2.1859e-04   2.5527e+02
20190831_14:00:00   2.9994e-01   7.4040e+01   6.5040e+00   0.0000e+00   1.3095e-04   2.5598e+02
20190831_15:00:00   2.9316e-01   7.2722e+01   6.3540e+00   0.0000e+00   1.4515e-04   2.5893e+02
20190831_16:00:00   2.8583e-01   7.1271e+01   6.2061e+00   0.0000e+00   2.1578e-04   2.6197e+02
20190831_17:00:00   2.8198e-01   7.0469e+01   6.1444e+00   0.0000e+00   1.6634e-04   2.6340e+02
20190831_18:00:00   2.7889e-01   6.9845e+01   6.0854e+00   0.0000e+00   1.9454e-04   2.6258e+02
20190831_19:00:00   2.7320e-01   6.8710e+01   5.9735e+00   0.0000e+00   7.9190e-05   2.6133e+02
20190831_20:00:00   2.6831e-01   6.7714e+01   5.8826e+00   0.0000e+00   3.6267e-05   2.6000e+02
20190831_21:00:00   2.6697e-01   6.7422e+01   5.8703e+00   0.0000e+00   1.0352e-04   2.6031e+02
20190831_22:00:00   2.8245e-01   7.0458e+01   6.2280e+00   2.7830e-04   7.7126e-04   2.6220e+02
20190831_23:00:00   3.4334e-01   8.2520e+01   6.6280e+00   1.7660e-02   6.8361e-04   2.6420e+02
20190901_00:00:00   4.6247e-01   1.0407e+02   7.4413e+00   5.1286e-02   1.6360e-03   2.6416e+02
20190901_01:00:00   1.3993e+00   2.0870e+02   8.8894e+00   3.9950e-01   2.9308e-03   2.6312e+02
20190901_02:00:00   2.2807e+00   2.4847e+02   1.0163e+01   7.3113e-01   3.0911e-03   2.6261e+02
20190901_03:00:00   3.1034e+00   2.6222e+02   1.1753e+01   1.0833e+00   1.2935e-01   2.6152e+02
20190901_04:00:00   9.0482e-01   1.6412e+02   1.0566e+01   1.6789e-01   3.2904e-01   2.5832e+02
20190901_05:00:00   3.7863e-01   8.8854e+01   8.2175e+00   0.0000e+00   1.2620e-02   2.5909e+02
20190901_06:00:00   3.6648e-01   8.6631e+01   7.8641e+00   0.0000e+00   8.3660e-04   2.5957e+02
20190901_07:00:00   3.4905e-01   8.3424e+01   7.4750e+00   0.0000e+00   2.5656e-04   2.6050e+02
20190901_08:00:00   3.2849e-01   7.9511e+01   7.0325e+00   0.0000e+00   1.3098e-04   2.6110e+02
20190901_09:00:00   2.9710e-01   7.3392e+01   6.4201e+00   0.0000e+00   4.3081e-04   2.6229e+02
20190901_10:00:00   2.7115e-01   6.8170e+01   5.9112e+00   0.0000e+00   4.5657e-04   2.6197e+02
20190901_11:00:00   2.6354e-01   6.6541e+01   5.7523e+00   0.0000e+00   4.2444e-04   2.6234e+02
20190901_12:00:00   2.5268e-01   6.4236e+01   5.5595e+00   0.0000e+00   6.4757e-04   2.6217e+02
20190901_13:00:00   2.4672e-01   6.2940e+01   5.4473e+00   0.0000e+00   2.9559e-03   2.6209e+02
20190901_14:00:00   2.4059e-01   6.1654e+01   5.3167e+00   0.0000e+00   2.5083e-03   2.6303e+02
20190901_15:00:00   2.3441e-01   6.0322e+01   5.2041e+00   0.0000e+00   4.7674e-03   2.6324e+02
20190901_16:00:00   2.3583e-01   6.0595e+01   5.2423e+00   0.0000e+00   6.7223e-03   2.6417e+02
20190901_17:00:00   2.3970e-01   6.1396e+01   5.3223e+00   0.0000e+00   4.6339e-03   2.6290e+02
20190901_18:00:00   2.4249e-01   6.1972e+01   5.4036e+00   0.0000e+00   3.1100e-03   2.6294e+02
20190901_19:00:00   2.4373e-01   6.2241e+01   5.4488e+00   0.0000e+00   1.0022e-03   2.6195e+02
20190901_20:00:00   2.4768e-01   6.3059e+01   5.5376e+00   0.0000e+00   9.1820e-04   2.6193e+02
20190901_21:00:00   2.5238e-01   6.4002e+01   5.6508e+00   0.0000e+00   2.9010e-03   2.6198e+02
20190901_22:00:00   2.6246e-01   6.6075e+01   5.8643e+00   0.0000e+00   3.2373e-03   2.6198e+02
20190901_23:00:00   2.7990e-01   6.9595e+01   6.2311e+00   5.2910e-04   2.7629e-03   2.6329e+02
20190902_00:00:00   2.9298e-01   7.2244e+01   6.3464e+00   4.0590e-03   4.0272e-03   2.6444e+02
20190902_01:00:00   3.3344e-01   8.0256e+01   6.3179e+00   2.1560e-02   1.3544e-02   2.6421e+02
20190902_02:00:00   3.2273e-01   7.8162e+01   6.1721e+00   2.0500e-02   2.8260e-02   2.6401e+02
20190902_03:00:00   2.5525e-01   6.4424e+01   5.8180e+00   0.0000e+00   2.1709e-02   2.6319e+02
20190902_04:00:00   2.5131e-01   6.3657e+01   5.7112e+00   0.0000e+00   7.4488e-03   2.6404e+02
20190902_05:00:00   2.4825e-01   6.3078e+01   5.6248e+00   0.0000e+00   5.4959e-03   2.6541e+02
20190902_06:00:00   2.4761e-01   6.2987e+01   5.5886e+00   0.0000e+00   7.2679e-03   2.6600e+02
20190902_07:00:00   2.5452e-01   6.4546e+01   5.6703e+00   0.0000e+00   1.8537e-03   2.6876e+02
20190902_08:00:00   2.6262e-01   6.6283e+01   5.7893e+00   0.0000e+00   1.4818e-03   2.6875e+02
20190902_09:00:00   2.6093e-01   6.5936e+01   5.7388e+00   0.0000e+00   5.1699e-03   2.6947e+02
20190902_10:00:00   2.6347e-01   6.6373e+01   5.8239e+00   0.0000e+00   1.2057e-02   2.6994e+02
20190902_11:00:00   2.6308e-01   6.6255e+01   5.8265e+00   0.0000e+00   7.8220e-03   2.7007e+02
20190902_12:00:00   2.6418e-01   6.6441e+01   5.8505e+00   0.0000e+00   5.1092e-03   2.6816e+02
20190902_13:00:00   2.6480e-01   6.6532e+01   5.8778e+00   0.0000e+00   5.1036e-03   2.6523e+02
20190902_14:00:00   2.7002e-01   6.7576e+01   6.0022e+00   0.0000e+00   1.8366e-03   2.6479e+02
20190902_15:00:00   2.7938e-01   6.9466e+01   6.1883e+00   0.0000e+00   2.4816e-03   2.6345e+02
20190902_16:00:00   2.8436e-01   7.0492e+01   6.2687e+00   0.0000e+00   9.7090e-03   2.6348e+02
20190902_17:00:00   2.8694e-01   7.1038e+01   6.3241e+00   0.0000e+00   4.8755e-03   2.6300e+02
20190902_18:00:00   2.9298e-01   7.2235e+01   6.4536e+00   0.0000e+00   5.7881e-03   2.6265e+02
20190902_19:00:00   2.9078e-01   7.1794e+01   6.4244e+00   0.0000e+00   3.2212e-03   2.6331e+02
20190902_20:00:00   2.7696e-01   6.9008e+01   6.1630e+00   0.0000e+00   1.8936e-03   2.6513e+02
20190902_21:00:00   2.6485e-01   6.6354e+01   6.0107e+00   0.0000e+00   2.4400e-03   2.6551e+02
20190902_22:00:00   2.5144e-01   6.3394e+01   5.8165e+00   0.0000e+00   1.3281e-02   2.6476e+02
20190902_23:00:00   2.4341e-01   6.1587e+01   5.6435e+00   1.5300e-03   1.9159e-02   2.6386e+02
20190903_00:00:00   2.2431e-01   5.7440e+01   5.3516e+00   0.0000e+00   1.3759e-02   2.6492e+02
20190903_01:00:00   2.1470e-01   5.5398e+01   5.1370e+00   0.0000e+00   6.8342e-03   2.6630e+02
20190903_02:00:00   1.9253e-01   5.0581e+01   4.6418e+00   0.0000e+00   7.4846e-03   2.6589e+02
20190903_03:00:00   1.8419e-01   4.8743e+01   4.4550e+00   0.0000e+00   3.2081e-03   2.6557e+02
20190903_04:00:00   1.8517e-01   4.8864e+01   4.5068e+00   0.0000e+00   5.5448e-03   2.6473e+02
20190903_05:00:00   1.9965e-01   5.1956e+01   4.8719e+00   0.0000e+00   7.5250e-03   2.6757e+02
20190903_06:00:00   2.1271e-01   5.4734e+01   5.1882e+00   0.0000e+00   6.5584e-03   2.6719e+02
20190903_07:00:00   2.2047e-01   5.6388e+01   5.3796e+00   0.0000e+00   3.4085e-03   2.6698e+02
20190903_08:00:00   2.2391e-01   5.7101e+01   5.4645e+00   0.0000e+00   1.9006e-03   2.6580e+02
20190903_09:00:00   2.2279e-01   5.6882e+01   5.4395e+00   0.0000e+00   5.2482e-03   2.6619e+02
20190903_10:00:00   2.2139e-01   5.6582e+01   5.4108e+00   0.0000e+00   4.7984e-03   2.6704e+02
20190903_11:00:00   2.1845e-01   5.5930e+01   5.3469e+00   0.0000e+00   7.3249e-03   2.6595e+02
20190903_12:00:00   2.1515e-01   5.5235e+01   5.2705e+00   0.0000e+00   6.9873e-03   2.6652e+02
20190903_13:00:00   2.1345e-01   5.4876e+01   5.2254e+00   0.0000e+00   7.3915e-03   2.6675e+02
20190903_14:00:00   2.1843e-01   5.5925e+01   5.3470e+00   0.0000e+00   8.9522e-03   2.6644e+02
20190903_15:00:00   2.2046e-01   5.6396e+01   5.3925e+00   0.0000e+00   5.4188e-03   2.6563e+02
20190903_16:00:00   2.2276e-01   5.6924e+01   5.4401e+00   0.0000e+00   2.9781e-03   2.6563e+02
20190903_17:00:00   2.2301e-01   5.7028e+01   5.4360e+00   0.0000e+00   1.6793e-03   2.6416e+02
20190903_18:00:00   2.2438e-01   5.7336e+01   5.4592e+00   0.0000e+00   5.7206e-04   2.6594e+02
20190903_21:00:00   2.2229e-01   5.7076e+01   5.3736e+00   0.0000e+00   5.9518e-04   2.6484e+02
20190904_00:00:00   2.3792e-01   6.0535e+01   5.6991e+00   0.0000e+00   1.7932e-03   2.6322e+02
20190904_03:00:00   2.3094e-01   5.9082e+01   5.5452e+00   0.0000e+00   2.2687e-03   2.6267e+02
20190904_06:00:00   2.0727e-01   5.3959e+01   5.0238e+00   0.0000e+00   3.8186e-04   2.6173e+02
20190904_09:00:00   1.9566e-01   5.1458e+01   4.7357e+00   0.0000e+00   7.7707e-04   2.6405e+02
20190904_12:00:00   1.8888e-01   5.0109e+01   4.5248e+00   0.0000e+00   0.0000e+00   2.6240e+02
20190904_15:00:00   1.8038e-01   4.8257e+01   4.2806e+00   0.0000e+00   1.7544e-04   2.6028e+02
20190904_18:00:00   1.7646e-01   4.7499e+01   4.1411e+00   0.0000e+00   0.0000e+00   2.6229e+02
20190904_21:00:00   1.8213e-01   4.8782e+01   4.2777e+00   0.0000e+00   2.6321e-05   2.6242e+02
20190905_00:00:00   2.1425e-01   5.5897e+01   4.7727e+00   3.7280e-03   7.9520e-05   2.6234e+02
20190905_03:00:00   2.2275e-01   5.7647e+01   5.0952e+00   8.9930e-04   1.9505e-03   2.6368e+02
20190905_06:00:00   1.9750e-01   5.2123e+01   4.5886e+00   0.0000e+00   5.6064e-03   2.6571e+02
20190905_09:00:00   2.0601e-01   5.4091e+01   4.6455e+00   3.9410e-04   4.2040e-03   2.6493e+02
20190905_12:00:00   1.5827e-01   4.3885e+01   3.4115e+00   0.0000e+00   2.2568e-05   2.6495e+02
20190905_15:00:00   1.6386e-01   4.5299e+01   3.4474e+00   0.0000e+00   0.0000e+00   2.6493e+02
20190905_18:00:00   1.6219e-01   4.4900e+01   3.4440e+00   0.0000e+00   0.0000e+00   2.6657e+02
20190905_21:00:00   1.4374e-01   4.0568e+01   3.1027e+00   0.0000e+00   0.0000e+00   2.6616e+02
20190906_00:00:00   2.0685e-01   5.4823e+01   3.8151e+00   1.2066e-02   1.0476e-05   2.6476e+02
20190906_03:00:00   2.3763e-01   6.1212e+01   5.0237e+00   4.0910e-04   5.7823e-05   2.6413e+02
20190906_06:00:00   1.5593e-01   4.3195e+01   3.4127e+00   0.0000e+00   0.0000e+00   2.6478e+02
20190906_09:00:00   1.5745e-01   4.3433e+01   3.4751e+00   0.0000e+00   0.0000e+00   2.6632e+02
20190906_12:00:00   1.6968e-01   4.6161e+01   3.7442e+00   0.0000e+00   0.0000e+00   2.6586e+02
20190906_15:00:00   1.7905e-01   4.8274e+01   3.8965e+00   0.0000e+00   0.0000e+00   2.6810e+02
20190906_18:00:00   1.7501e-01   4.7378e+01   3.7806e+00   0.0000e+00   0.0000e+00   2.6756e+02
20190906_21:00:00   1.7768e-01   4.8046e+01   3.7962e+00   0.0000e+00   0.0000e+00   2.6606e+02
20190907_00:00:00   2.0497e-01   5.3952e+01   4.3146e+00   1.5970e-03   0.0000e+00   2.6561e+02
20190907_03:00:00   2.2176e-01   5.7481e+01   4.8005e+00   0.0000e+00   0.0000e+00   2.6623e+02
20190907_06:00:00   2.0672e-01   5.4344e+01   4.4544e+00   0.0000e+00   0.0000e+00   2.6678e+02
20190907_09:00:00   1.9477e-01   5.1789e+01   4.2049e+00   0.0000e+00   0.0000e+00   2.6498e+02
20190907_12:00:00   1.8938e-01   5.0550e+01   4.1408e+00   0.0000e+00   0.0000e+00   2.6476e+02
20190907_15:00:00   1.6932e-01   4.6050e+01   3.7439e+00   0.0000e+00   3.5563e-04   2.6355e+02
20190907_18:00:00   1.8566e-01   4.9557e+01   4.1720e+00   0.0000e+00   6.6341e-04   2.6165e+02
20190907_21:00:00   2.1733e-01   5.6323e+01   4.9501e+00   0.0000e+00   3.2502e-04   2.5963e+02
20190908_00:00:00   2.9723e-01   7.2526e+01   6.8115e+00   0.0000e+00   3.7284e-03   2.5821e+02
20190908_03:00:00   3.7058e-01   8.6351e+01   8.4486e+00   0.0000e+00   3.7129e-02   2.5522e+02
20190908_06:00:00   3.8817e-01   8.9680e+01   8.8377e+00   0.0000e+00   1.0060e-02   2.5572e+02
20190908_09:00:00   4.0010e-01   9.2134e+01   8.9875e+00   0.0000e+00   4.2307e-03   2.5768e+02
20190908_12:00:00   4.3674e-01   9.8564e+01   9.7181e+00   0.0000e+00   1.4709e-03   2.5706e+02
20190908_15:00:00   5.2864e-01   1.1345e+02   1.1563e+01   0.0000e+00   2.7253e-02   2.5486e+02
20190908_18:00:00   5.7022e-01   1.1968e+02   1.2348e+01   1.6148e-05   2.3339e-01   2.5685e+02
20190908_21:00:00   6.2435e-01   1.2772e+02   1.2942e+01   1.0840e-02   9.8412e-02   2.5589e+02
20190909_00:00:00   8.0486e-01   1.5155e+02   1.3420e+01   7.0805e-02   4.5406e-01   2.5453e+02
20190909_03:00:00   5.4854e-01   1.1627e+02   1.2019e+01   0.0000e+00   1.7978e-01   2.5231e+02
20190909_06:00:00   3.7316e-01   8.6892e+01   8.4593e+00   0.0000e+00   1.5860e-01   2.5293e+02
20190909_09:00:00   3.6939e-01   8.5680e+01   8.6298e+00   0.0000e+00   2.1574e-01   2.5435e+02
20190909_12:00:00   4.7169e-01   1.0373e+02   1.0770e+01   0.0000e+00   1.0528e-01   2.5376e+02
20190909_15:00:00   4.2716e-01   9.6265e+01   9.8822e+00   0.0000e+00   3.7267e-02   2.5169e+02
20190909_18:00:00   3.4683e-01   8.2422e+01   8.0253e+00   0.0000e+00   5.5060e-06   2.4984e+02
20190909_21:00:00   2.5729e-01   6.5282e+01   5.8222e+00   0.0000e+00   1.6426e-06   2.4935e+02
20190910_00:00:00   2.2763e-01   5.9226e+01   5.0678e+00   0.0000e+00   2.5281e-03   2.4716e+02
20190910_03:00:00   1.6294e-01   4.5055e+01   3.5957e+00   0.0000e+00   1.6162e-03   2.4810e+02
20190910_06:00:00   1.1448e-01   3.3847e+01   2.4410e+00   0.0000e+00   5.2101e-04   2.4994e+02
20190910_09:00:00   9.1255e-02   2.8192e+01   1.9048e+00   0.0000e+00   2.6260e-05   2.5164e+02
20190910_12:00:00   7.0822e-02   2.3062e+01   1.4310e+00   0.0000e+00   1.7376e-05   2.5336e+02
20190910_15:00:00   6.0496e-02   2.0328e+01   1.2200e+00   0.0000e+00   2.4140e-06   2.5378e+02
20190910_18:00:00   5.7951e-02   1.9672e+01   1.1595e+00   0.0000e+00   0.0000e+00   2.5243e+02
20190910_21:00:00   6.0238e-02   2.0251e+01   1.2153e+00   0.0000e+00   0.0000e+00   2.5205e+02
20190911_00:00:00   6.2054e-02   2.0734e+01   1.2599e+00   0.0000e+00   2.4226e-06   2.5196e+02
20190911_03:00:00   6.0616e-02   2.0373e+01   1.2263e+00   0.0000e+00   2.6280e-06   2.5109e+02
20190911_06:00:00   5.9719e-02   2.0134e+01   1.2025e+00   0.0000e+00   0.0000e+00   2.5112e+02
20190911_09:00:00   5.9016e-02   1.9946e+01   1.1899e+00   0.0000e+00   0.0000e+00   2.5218e+02
20190911_12:00:00   5.6882e-02   1.9357e+01   1.1491e+00   0.0000e+00   0.0000e+00   2.5137e+02
20190911_15:00:00   5.6948e-02   1.9344e+01   1.1572e+00   0.0000e+00   0.0000e+00   2.4978e+02
20190911_18:00:00   6.0432e-02   2.0203e+01   1.2484e+00   0.0000e+00   0.0000e+00   2.5172e+02
20190911_21:00:00   6.3406e-02   2.0946e+01   1.3242e+00   0.0000e+00   1.2216e-04   2.5261e+02
20190912_00:00:00   6.4522e-02   2.1201e+01   1.3602e+00   0.0000e+00   3.6558e-03   2.5304e+02
20190912_03:00:00   7.1638e-02   2.2928e+01   1.5596e+00   0.0000e+00   2.7926e-03   2.5256e+02
20190912_06:00:00   7.7469e-02   2.4376e+01   1.7044e+00   0.0000e+00   7.9718e-05   2.5483e+02
20190912_09:00:00   7.8327e-02   2.4507e+01   1.7459e+00   0.0000e+00   0.0000e+00   2.5667e+02
20190912_12:00:00   8.0960e-02   2.5075e+01   1.8314e+00   0.0000e+00   5.0540e-07   2.5676e+02
20190912_15:00:00   9.5117e-02   2.8372e+01   2.2196e+00   0.0000e+00   3.5860e-05   2.5481e+02
20190912_18:00:00   1.1188e-01   3.2249e+01   2.6679e+00   0.0000e+00   1.0172e-04   2.5510e+02
20190912_21:00:00   1.5644e-01   4.2515e+01   3.7646e+00   0.0000e+00   3.1177e-05   2.5605e+02
20190913_00:00:00   2.4668e-01   6.2051e+01   5.6242e+00   4.2450e-03   1.1486e-05   2.5639e+02
20190913_03:00:00   2.6667e-01   6.6174e+01   6.3057e+00   0.0000e+00   7.4400e-06   2.5579e+02
20190913_06:00:00   2.8191e-01   6.9337e+01   6.6259e+00   0.0000e+00   5.6421e-05   2.5562e+02
20190913_09:00:00   2.7711e-01   6.8555e+01   6.3160e+00   2.2390e-03   2.4084e-05   2.5767e+02
20190913_12:00:00   2.7695e-01   6.8506e+01   6.4215e+00   0.0000e+00   5.4653e-04   2.5532e+02
20190913_15:00:00   2.7986e-01   6.9111e+01   6.4684e+00   0.0000e+00   2.5621e-03   2.5558e+02
20190913_18:00:00   2.8199e-01   6.9417e+01   6.5517e+00   0.0000e+00   1.8374e-03   2.5604e+02
20190913_21:00:00   3.2075e-01   7.6932e+01   7.4036e+00   0.0000e+00   1.6885e-05   2.5306e+02
20190914_00:00:00   3.5084e-01   8.2787e+01   7.9705e+00   0.0000e+00   1.7258e-05   2.5278e+02
20190914_03:00:00   3.1012e-01   7.5125e+01   7.1414e+00   0.0000e+00   2.5860e-05   2.5355e+02
20190914_06:00:00   2.8110e-01   6.9373e+01   6.5230e+00   0.0000e+00   2.6400e-04   2.5327e+02
20190914_09:00:00   2.8303e-01   6.9668e+01   6.5824e+00   0.0000e+00   4.2624e-04   2.5494e+02
20190914_12:00:00   2.6707e-01   6.6499e+01   6.2070e+00   0.0000e+00   3.4058e-04   2.5460e+02
20190914_15:00:00   2.4842e-01   6.2690e+01   5.7635e+00   0.0000e+00   6.1874e-04   2.5438e+02
20190914_18:00:00   2.3862e-01   6.0744e+01   5.4895e+00   0.0000e+00   8.0078e-04   2.5510e+02
