#            date       tau225        Tb[K]      pwv[mm] lwp[kg*m^-2] iwp[kg*m^-2]       o3[DU]
20191005_00:00:00   5.0525e-02   1.7422e+01   1.0464e+00   0.0000e+00   3.4524e-03   2.4985e+02
20191005_01:00:00   5.1644e-02   1.7740e+01   1.0677e+00   0.0000e+00   2.9525e-03   2.4976e+02
20191005_02:00:00   5.6489e-02   1.8963e+01   1.1968e+00   0.0000e+00   4.3000e-03   2.4926e+02
20191005_03:00:00   5.9082e-02   1.9614e+01   1.2679e+00   0.0000e+00   3.8706e-03   2.5064e+02
20191005_04:00:00   5.5446e-02   1.8704e+01   1.1706e+00   0.0000e+00   6.8563e-04   2.5159e+02
20191005_05:00:00   5.0729e-02   1.7560e+01   1.0291e+00   0.0000e+00   1.0108e-06   2.5268e+02
20191005_06:00:00   4.6527e-02   1.6561e+01   8.9424e-01   0.0000e+00   0.0000e+00   2.5101e+02
20191005_07:00:00   4.3528e-02   1.5839e+01   7.9773e-01   0.0000e+00   5.2380e-06   2.5164e+02
20191005_08:00:00   4.1237e-02   1.5270e+01   7.2867e-01   0.0000e+00   0.0000e+00   2.5351e+02
20191005_09:00:00   3.9087e-02   1.4723e+01   6.6694e-01   0.0000e+00   0.0000e+00   2.5565e+02
20191005_10:00:00   3.7300e-02   1.4259e+01   6.1842e-01   0.0000e+00   0.0000e+00   2.5492e+02
20191005_11:00:00   3.6473e-02   1.4039e+01   5.9575e-01   0.0000e+00   0.0000e+00   2.5713e+02
20191005_12:00:00   3.5600e-02   1.3802e+01   5.7462e-01   0.0000e+00   0.0000e+00   2.5722e+02
20191005_13:00:00   3.4424e-02   1.3480e+01   5.4730e-01   0.0000e+00   0.0000e+00   2.5584e+02
20191005_14:00:00   3.3526e-02   1.3245e+01   5.2362e-01   0.0000e+00   0.0000e+00   2.5477e+02
20191005_15:00:00   3.3074e-02   1.3124e+01   5.1150e-01   0.0000e+00   0.0000e+00   2.5491e+02
20191005_16:00:00   3.3141e-02   1.3140e+01   5.1234e-01   0.0000e+00   0.0000e+00   2.5542e+02
20191005_17:00:00   3.2847e-02   1.3058e+01   5.0494e-01   0.0000e+00   3.3373e-06   2.5671e+02
20191005_18:00:00   3.2955e-02   1.3083e+01   5.0836e-01   0.0000e+00   1.7181e-05   2.5759e+02
20191005_19:00:00   3.3508e-02   1.3220e+01   5.2531e-01   0.0000e+00   3.4892e-05   2.5756e+02
20191005_20:00:00   3.4061e-02   1.3352e+01   5.4363e-01   0.0000e+00   9.9228e-06   2.5695e+02
20191005_21:00:00   3.5105e-02   1.3617e+01   5.7338e-01   0.0000e+00   1.1486e-06   2.5722e+02
20191005_22:00:00   3.5930e-02   1.3814e+01   6.0125e-01   0.0000e+00   0.0000e+00   2.5723e+02
20191005_23:00:00   3.6986e-02   1.4087e+01   6.3160e-01   0.0000e+00   0.0000e+00   2.5798e+02
20191006_00:00:00   3.7822e-02   1.4314e+01   6.5358e-01   0.0000e+00   0.0000e+00   2.5852e+02
20191006_01:00:00   3.9381e-02   1.4704e+01   7.0079e-01   0.0000e+00   0.0000e+00   2.6082e+02
20191006_02:00:00   4.1597e-02   1.5278e+01   7.6134e-01   0.0000e+00   0.0000e+00   2.6106e+02
20191006_03:00:00   4.3059e-02   1.5653e+01   8.0408e-01   0.0000e+00   0.0000e+00   2.6031e+02
20191006_04:00:00   4.5271e-02   1.6233e+01   8.6463e-01   0.0000e+00   0.0000e+00   2.6063e+02
20191006_05:00:00   4.8761e-02   1.7153e+01   9.5375e-01   0.0000e+00   0.0000e+00   2.6111e+02
20191006_06:00:00   5.4700e-02   1.8664e+01   1.1157e+00   0.0000e+00   0.0000e+00   2.6228e+02
20191006_07:00:00   6.1331e-02   2.0341e+01   1.2895e+00   0.0000e+00   0.0000e+00   2.6306e+02
20191006_08:00:00   6.3902e-02   2.1012e+01   1.3491e+00   0.0000e+00   0.0000e+00   2.6462e+02
20191006_09:00:00   6.7422e-02   2.1926e+01   1.4362e+00   0.0000e+00   0.0000e+00   2.6328e+02
20191006_10:00:00   7.0431e-02   2.2705e+01   1.5089e+00   0.0000e+00   0.0000e+00   2.6128e+02
20191006_11:00:00   7.3343e-02   2.3450e+01   1.5786e+00   0.0000e+00   0.0000e+00   2.6081e+02
20191006_12:00:00   7.5936e-02   2.4090e+01   1.6446e+00   0.0000e+00   0.0000e+00   2.6058e+02
20191006_13:00:00   7.7926e-02   2.4569e+01   1.6991e+00   0.0000e+00   0.0000e+00   2.6095e+02
20191006_14:00:00   7.9779e-02   2.5016e+01   1.7465e+00   0.0000e+00   0.0000e+00   2.6267e+02
20191006_15:00:00   8.4036e-02   2.6082e+01   1.8515e+00   0.0000e+00   4.1900e-06   2.6326e+02
20191006_16:00:00   8.8090e-02   2.7092e+01   1.9519e+00   0.0000e+00   0.0000e+00   2.6420e+02
20191006_17:00:00   9.1511e-02   2.7933e+01   2.0418e+00   0.0000e+00   0.0000e+00   2.6418e+02
20191006_18:00:00   9.5106e-02   2.8834e+01   2.1310e+00   0.0000e+00   2.7520e-06   2.6381e+02
20191006_19:00:00   1.0169e-01   3.0460e+01   2.2873e+00   0.0000e+00   3.9637e-06   2.6279e+02
20191006_20:00:00   1.0894e-01   3.2251e+01   2.4555e+00   0.0000e+00   3.0610e-06   2.6261e+02
20191006_21:00:00   1.1132e-01   3.2881e+01   2.5031e+00   0.0000e+00   1.0139e-05   2.6227e+02
20191006_22:00:00   1.1178e-01   3.3021e+01   2.5072e+00   0.0000e+00   5.7522e-06   2.6248e+02
20191006_23:00:00   1.1131e-01   3.2914e+01   2.4930e+00   0.0000e+00   1.6038e-05   2.6121e+02
20191007_00:00:00   1.1674e-01   3.4255e+01   2.5680e+00   6.8650e-04   3.6500e-06   2.6073e+02
20191007_01:00:00   1.6162e-01   4.5014e+01   2.7111e+00   1.5770e-02   0.0000e+00   2.5987e+02
20191007_02:00:00   2.3916e-01   6.2437e+01   2.8027e+00   4.4830e-02   0.0000e+00   2.5893e+02
20191007_03:00:00   2.3981e-01   6.2576e+01   2.8513e+00   4.4210e-02   0.0000e+00   2.5867e+02
20191007_04:00:00   1.7552e-01   4.8242e+01   2.8577e+00   1.8690e-02   2.2975e-06   2.5821e+02
20191007_05:00:00   1.4049e-01   3.9995e+01   2.8700e+00   4.6720e-03   5.4750e-06   2.5805e+02
20191007_06:00:00   1.3511e-01   3.8670e+01   2.8690e+00   2.7750e-03   1.8336e-06   2.5857e+02
20191007_07:00:00   1.2938e-01   3.7269e+01   2.8461e+00   1.0440e-03   7.9914e-06   2.5903e+02
20191007_08:00:00   1.3023e-01   3.7459e+01   2.8893e+00   8.0640e-04   2.3958e-05   2.6061e+02
20191007_09:00:00   1.3027e-01   3.7426e+01   2.9528e+00   0.0000e+00   2.0880e-05   2.6185e+02
20191007_10:00:00   1.2979e-01   3.7309e+01   2.9434e+00   0.0000e+00   7.1829e-04   2.6111e+02
20191007_11:00:00   1.2917e-01   3.7120e+01   2.9265e+00   0.0000e+00   2.2755e-03   2.5782e+02
20191007_12:00:00   1.3031e-01   3.7338e+01   2.9594e+00   0.0000e+00   6.6041e-03   2.5522e+02
20191007_13:00:00   1.3022e-01   3.7300e+01   2.9617e+00   0.0000e+00   4.4697e-03   2.5546e+02
20191007_14:00:00   1.2902e-01   3.7047e+01   2.9311e+00   0.0000e+00   2.9809e-03   2.5559e+02
20191007_15:00:00   1.3115e-01   3.7557e+01   2.9815e+00   0.0000e+00   3.8507e-03   2.5423e+02
20191007_16:00:00   1.3321e-01   3.8048e+01   3.0279e+00   0.0000e+00   2.4378e-03   2.5416e+02
20191007_17:00:00   1.3214e-01   3.7809e+01   2.9964e+00   0.0000e+00   3.7409e-03   2.5434e+02
20191007_18:00:00   1.3353e-01   3.8131e+01   3.0308e+00   0.0000e+00   3.0712e-03   2.5542e+02
20191007_19:00:00   1.3253e-01   3.7896e+01   3.0040e+00   0.0000e+00   2.6902e-03   2.5571e+02
20191007_20:00:00   1.3021e-01   3.7342e+01   2.9474e+00   0.0000e+00   3.5775e-03   2.5557e+02
20191007_21:00:00   1.2679e-01   3.6558e+01   2.8591e+00   0.0000e+00   3.3618e-03   2.5628e+02
20191007_22:00:00   1.2274e-01   3.5636e+01   2.7517e+00   0.0000e+00   5.5745e-03   2.5660e+02
20191007_23:00:00   1.1756e-01   3.4432e+01   2.6213e+00   0.0000e+00   4.6770e-03   2.5645e+02
20191008_00:00:00   1.1607e-01   3.4081e+01   2.5841e+00   0.0000e+00   4.0456e-03   2.5566e+02
20191008_01:00:00   1.1636e-01   3.4148e+01   2.5908e+00   0.0000e+00   2.9461e-03   2.5515e+02
20191008_02:00:00   1.1722e-01   3.4353e+01   2.6130e+00   0.0000e+00   5.3825e-03   2.5669e+02
20191008_03:00:00   1.1432e-01   3.3674e+01   2.5371e+00   0.0000e+00   3.2823e-03   2.5742e+02
20191008_04:00:00   1.1123e-01   3.2964e+01   2.4563e+00   0.0000e+00   7.6226e-04   2.5671e+02
20191008_05:00:00   1.1026e-01   3.2748e+01   2.4285e+00   0.0000e+00   1.9552e-03   2.5589e+02
20191008_06:00:00   1.1099e-01   3.2925e+01   2.4417e+00   0.0000e+00   4.4752e-03   2.5526e+02
20191008_07:00:00   1.1202e-01   3.3195e+01   2.4566e+00   0.0000e+00   5.1300e-04   2.5517e+02
20191008_08:00:00   1.1385e-01   3.3637e+01   2.4970e+00   0.0000e+00   0.0000e+00   2.5529e+02
20191008_09:00:00   1.1587e-01   3.4086e+01   2.5512e+00   0.0000e+00   1.0897e-04   2.5453e+02
20191008_10:00:00   1.1706e-01   3.4379e+01   2.5722e+00   0.0000e+00   1.3217e-04   2.5391e+02
20191008_11:00:00   1.1549e-01   3.4030e+01   2.5269e+00   0.0000e+00   2.8275e-04   2.5405e+02
20191008_12:00:00   1.1627e-01   3.4214e+01   2.5393e+00   0.0000e+00   1.0700e-04   2.5398e+02
20191008_13:00:00   1.1619e-01   3.4194e+01   2.5304e+00   0.0000e+00   1.6318e-06   2.5346e+02
20191008_14:00:00   1.1688e-01   3.4352e+01   2.5418e+00   0.0000e+00   0.0000e+00   2.5400e+02
20191008_15:00:00   1.1581e-01   3.4104e+01   2.5124e+00   0.0000e+00   0.0000e+00   2.5454e+02
20191008_16:00:00   1.1554e-01   3.4044e+01   2.5041e+00   0.0000e+00   0.0000e+00   2.5401e+02
20191008_17:00:00   1.1513e-01   3.3941e+01   2.4923e+00   0.0000e+00   0.0000e+00   2.5451e+02
20191008_18:00:00   1.1589e-01   3.4124e+01   2.5122e+00   0.0000e+00   0.0000e+00   2.5440e+02
20191008_19:00:00   1.1490e-01   3.3890e+01   2.4902e+00   0.0000e+00   0.0000e+00   2.5368e+02
20191008_20:00:00   1.1377e-01   3.3627e+01   2.4647e+00   0.0000e+00   0.0000e+00   2.5231e+02
20191008_21:00:00   1.1240e-01   3.3311e+01   2.4303e+00   0.0000e+00   0.0000e+00   2.5278e+02
20191008_22:00:00   1.1022e-01   3.2797e+01   2.3787e+00   0.0000e+00   0.0000e+00   2.5403e+02
20191008_23:00:00   1.0802e-01   3.2270e+01   2.3283e+00   0.0000e+00   0.0000e+00   2.5352e+02
20191009_00:00:00   1.0905e-01   3.2502e+01   2.3567e+00   0.0000e+00   0.0000e+00   2.5247e+02
20191009_01:00:00   1.0984e-01   3.2679e+01   2.3715e+00   1.5740e-04   0.0000e+00   2.5411e+02
20191009_02:00:00   1.1136e-01   3.3033e+01   2.4102e+00   1.5860e-04   0.0000e+00   2.5580e+02
20191009_03:00:00   1.1195e-01   3.3176e+01   2.4308e+00   0.0000e+00   0.0000e+00   2.5664e+02
20191009_04:00:00   1.1324e-01   3.3487e+01   2.4607e+00   0.0000e+00   0.0000e+00   2.5606e+02
20191009_05:00:00   1.1329e-01   3.3495e+01   2.4622e+00   0.0000e+00   0.0000e+00   2.5479e+02
20191009_06:00:00   1.1409e-01   3.3692e+01   2.4792e+00   0.0000e+00   0.0000e+00   2.5513e+02
20191009_07:00:00   1.1602e-01   3.4143e+01   2.5187e+00   0.0000e+00   0.0000e+00   2.5568e+02
20191009_08:00:00   1.1603e-01   3.4138e+01   2.5157e+00   0.0000e+00   0.0000e+00   2.5764e+02
20191009_09:00:00   1.1456e-01   3.3764e+01   2.4828e+00   0.0000e+00   0.0000e+00   2.5835e+02
20191009_10:00:00   1.1033e-01   3.2719e+01   2.3884e+00   0.0000e+00   1.3102e-05   2.5855e+02
20191009_11:00:00   1.0445e-01   3.1285e+01   2.2552e+00   0.0000e+00   4.6480e-05   2.5755e+02
20191009_12:00:00   9.9311e-02   3.0014e+01   2.1393e+00   0.0000e+00   1.1078e-05   2.5685e+02
20191009_13:00:00   9.7629e-02   2.9583e+01   2.1031e+00   0.0000e+00   1.0572e-05   2.5675e+02
20191009_14:00:00   9.6841e-02   2.9396e+01   2.0838e+00   0.0000e+00   1.0198e-05   2.5622e+02
20191009_15:00:00   9.7642e-02   2.9599e+01   2.1004e+00   0.0000e+00   0.0000e+00   2.5516e+02
20191009_16:00:00   9.8069e-02   2.9724e+01   2.1068e+00   0.0000e+00   1.6318e-06   2.5553e+02
20191009_17:00:00   9.7569e-02   2.9622e+01   2.0905e+00   0.0000e+00   2.2020e-06   2.5528e+02
20191009_18:00:00   1.0051e-01   3.0359e+01   2.1516e+00   0.0000e+00   5.2380e-06   2.5493e+02
20191009_19:00:00   1.0857e-01   3.2337e+01   2.3263e+00   0.0000e+00   0.0000e+00   2.5544e+02
20191009_20:00:00   1.1509e-01   3.3922e+01   2.4703e+00   0.0000e+00   0.0000e+00   2.5676e+02
20191009_21:00:00   1.2052e-01   3.5236e+01   2.5908e+00   0.0000e+00   0.0000e+00   2.5687e+02
20191009_22:00:00   1.2820e-01   3.7090e+01   2.7545e+00   0.0000e+00   0.0000e+00   2.5635e+02
20191009_23:00:00   1.3418e-01   3.8498e+01   2.8813e+00   0.0000e+00   0.0000e+00   2.5643e+02
20191010_00:00:00   1.4017e-01   3.9899e+01   3.0053e+00   0.0000e+00   6.5480e-06   2.5623e+02
20191010_03:00:00   1.3901e-01   3.9661e+01   2.8452e+00   2.0700e-03   5.7440e-06   2.5484e+02
20191010_06:00:00   1.0606e-01   3.1732e+01   2.2489e+00   0.0000e+00   0.0000e+00   2.5546e+02
20191010_09:00:00   1.4458e-01   4.0858e+01   3.0931e+00   0.0000e+00   0.0000e+00   2.5695e+02
20191010_12:00:00   2.2972e-01   5.9801e+01   4.7883e+00   0.0000e+00   1.6972e-04   2.5442e+02
20191010_15:00:00   2.6589e-01   6.7378e+01   5.5016e+00   0.0000e+00   1.0684e-05   2.5354e+02
20191010_18:00:00   3.0025e-01   7.4249e+01   6.2117e+00   0.0000e+00   8.1580e-06   2.5362e+02
20191010_21:00:00   3.1304e-01   7.6731e+01   6.5726e+00   0.0000e+00   5.7440e-06   2.5190e+02
20191011_00:00:00   3.0692e-01   7.5508e+01   6.4788e+00   0.0000e+00   1.6318e-06   2.5085e+02
20191011_03:00:00   2.7867e-01   6.9882e+01   5.9942e+00   0.0000e+00   0.0000e+00   2.4953e+02
20191011_06:00:00   2.3841e-01   6.1341e+01   5.2010e+00   0.0000e+00   0.0000e+00   2.5175e+02
20191011_09:00:00   1.8212e-01   4.9102e+01   4.0045e+00   0.0000e+00   0.0000e+00   2.5138e+02
20191011_12:00:00   2.2294e-01   5.8364e+01   4.7296e+00   0.0000e+00   0.0000e+00   2.4783e+02
20191011_15:00:00   2.2747e-01   5.9291e+01   4.9035e+00   0.0000e+00   9.7898e-06   2.4649e+02
20191011_18:00:00   2.9176e-01   7.2301e+01   6.4141e+00   0.0000e+00   1.3828e-04   2.4666e+02
20191011_21:00:00   3.2519e-01   7.8518e+01   7.2897e+00   0.0000e+00   9.7898e-06   2.4845e+02
20191012_00:00:00   2.9547e-01   7.2491e+01   6.7693e+00   0.0000e+00   1.6318e-06   2.4780e+02
20191012_03:00:00   2.5055e-01   6.3614e+01   5.6951e+00   0.0000e+00   0.0000e+00   2.4636e+02
20191012_06:00:00   2.4711e-01   6.3097e+01   5.4969e+00   0.0000e+00   1.2427e-05   2.4625e+02
20191012_09:00:00   2.2021e-01   5.7333e+01   4.9486e+00   0.0000e+00   2.9501e-05   2.4687e+02
20191012_12:00:00   1.7126e-01   4.6647e+01   3.8277e+00   0.0000e+00   6.2955e-06   2.4740e+02
20191012_15:00:00   1.4424e-01   4.0494e+01   3.2111e+00   0.0000e+00   6.1680e-06   2.4527e+02
20191012_18:00:00   1.4792e-01   4.1414e+01   3.2782e+00   0.0000e+00   7.9460e-06   2.4682e+02
20191012_21:00:00   1.4951e-01   4.1846e+01   3.3120e+00   0.0000e+00   8.7040e-05   2.4706e+02
20191013_00:00:00   1.4488e-01   4.0788e+01   3.2057e+00   0.0000e+00   1.5703e-05   2.4873e+02
20191013_03:00:00   1.3931e-01   3.9555e+01   3.0740e+00   0.0000e+00   7.9460e-06   2.4742e+02
20191013_06:00:00   1.3240e-01   3.7921e+01   2.9216e+00   0.0000e+00   6.4287e-06   2.4806e+02
20191013_09:00:00   1.3511e-01   3.8559e+01   2.9595e+00   0.0000e+00   1.3280e-06   2.4975e+02
20191013_12:00:00   1.1370e-01   3.3430e+01   2.4873e+00   0.0000e+00   3.7220e-05   2.4832e+02
20191013_15:00:00   9.1592e-02   2.8014e+01   1.9947e+00   0.0000e+00   5.5260e-06   2.4790e+02
20191013_18:00:00   8.4618e-02   2.6295e+01   1.8347e+00   0.0000e+00   2.7520e-06   2.4773e+02
20191013_21:00:00   7.9718e-02   2.5067e+01   1.7214e+00   0.0000e+00   7.8386e-06   2.4671e+02
20191014_00:00:00   8.2374e-02   2.5759e+01   1.7743e+00   0.0000e+00   0.0000e+00   2.4696e+02
20191014_03:00:00   9.4536e-02   2.8822e+01   2.0411e+00   0.0000e+00   0.0000e+00   2.4746e+02
20191014_06:00:00   8.7053e-02   2.6990e+01   1.8627e+00   0.0000e+00   0.0000e+00   2.4761e+02
20191014_09:00:00   8.8324e-02   2.7288e+01   1.8877e+00   0.0000e+00   0.0000e+00   2.4704e+02
20191014_12:00:00   8.6938e-02   2.6946e+01   1.8509e+00   0.0000e+00   2.6140e-04   2.4493e+02
20191014_15:00:00   8.2272e-02   2.5796e+01   1.7379e+00   0.0000e+00   4.5219e-04   2.4482e+02
20191014_18:00:00   8.2949e-02   2.5944e+01   1.7574e+00   0.0000e+00   2.4738e-03   2.4572e+02
20191014_21:00:00   8.1128e-02   2.5458e+01   1.7288e+00   0.0000e+00   7.1451e-03   2.4544e+02
20191015_00:00:00   8.4655e-02   2.6359e+01   1.8033e+00   0.0000e+00   6.8277e-03   2.4554e+02
20191015_03:00:00   1.0595e-01   3.1657e+01   2.2663e+00   0.0000e+00   7.1298e-03   2.4637e+02
20191015_06:00:00   8.6062e-02   2.6659e+01   1.8597e+00   0.0000e+00   6.0652e-03   2.4696e+02
20191015_09:00:00   7.6644e-02   2.4306e+01   1.6361e+00   0.0000e+00   4.1381e-03   2.4572e+02
20191015_12:00:00   7.4988e-02   2.3894e+01   1.5873e+00   0.0000e+00   1.5603e-03   2.4239e+02
20191015_15:00:00   7.4699e-02   2.3819e+01   1.5767e+00   0.0000e+00   3.5380e-06   2.4279e+02
20191015_18:00:00   7.3506e-02   2.3524e+01   1.5449e+00   0.0000e+00   0.0000e+00   2.4381e+02
20191015_21:00:00   7.3745e-02   2.3589e+01   1.5485e+00   0.0000e+00   0.0000e+00   2.4877e+02
20191016_00:00:00   8.3746e-02   2.6118e+01   1.7546e+00   7.9690e-05   0.0000e+00   2.4950e+02
20191016_03:00:00   2.4193e-01   6.2902e+01   2.1547e+00   5.6136e-02   0.0000e+00   2.4988e+02
20191016_06:00:00   9.0723e-02   2.7832e+01   1.9266e+00   1.6560e-04   0.0000e+00   2.5065e+02
20191016_09:00:00   8.8085e-02   2.7176e+01   1.8172e+00   1.0660e-03   0.0000e+00   2.5191e+02
20191016_12:00:00   8.6032e-02   2.6651e+01   1.8248e+00   0.0000e+00   0.0000e+00   2.5029e+02
20191016_15:00:00   8.3771e-02   2.6068e+01   1.7772e+00   0.0000e+00   0.0000e+00   2.5103e+02
20191016_18:00:00   7.9296e-02   2.4929e+01   1.6805e+00   0.0000e+00   0.0000e+00   2.5268e+02
20191016_21:00:00   8.8290e-02   2.7103e+01   1.9101e+00   0.0000e+00   0.0000e+00   2.5331e+02
20191017_00:00:00   1.2714e-01   3.6289e+01   2.6491e+00   4.4130e-03   5.2380e-06   2.5175e+02
20191017_03:00:00   1.6546e-01   4.4682e+01   3.8898e+00   3.9590e-04   1.0650e-04   2.5265e+02
20191017_06:00:00   1.7952e-01   4.7749e+01   4.2491e+00   0.0000e+00   2.1955e-03   2.5480e+02
20191017_09:00:00   2.1601e-01   5.5460e+01   5.1261e+00   0.0000e+00   1.7678e-03   2.5530e+02
20191017_12:00:00   2.5008e-01   6.2693e+01   5.8556e+00   0.0000e+00   5.1443e-04   2.5109e+02
20191017_15:00:00   2.5021e-01   6.2812e+01   5.8487e+00   0.0000e+00   3.0698e-04   2.5158e+02
20191017_18:00:00   2.6132e-01   6.4982e+01   6.1282e+00   0.0000e+00   0.0000e+00   2.5276e+02
20191017_21:00:00   2.7551e-01   6.7835e+01   6.4466e+00   0.0000e+00   0.0000e+00   2.5143e+02
20191018_00:00:00   2.8678e-01   7.0131e+01   6.6786e+00   0.0000e+00   2.9380e-04   2.5392e+02
20191018_03:00:00   2.9734e-01   7.2148e+01   6.9392e+00   0.0000e+00   2.9732e-04   2.5598e+02
20191018_06:00:00   3.1186e-01   7.4798e+01   7.2781e+00   0.0000e+00   6.5091e-03   2.5578e+02
20191018_09:00:00   2.9446e-01   7.1386e+01   6.8564e+00   0.0000e+00   1.2746e-03   2.5994e+02
20191018_12:00:00   2.6834e-01   6.6354e+01   6.2359e+00   0.0000e+00   1.1133e-03   2.6021e+02
20191018_15:00:00   2.1986e-01   5.6400e+01   5.1239e+00   0.0000e+00   2.9756e-03   2.5903e+02
20191018_18:00:00   2.2132e-01   5.6505e+01   5.2199e+00   0.0000e+00   1.7104e-03   2.5849e+02
20191018_21:00:00   2.2084e-01   5.6638e+01   5.1362e+00   0.0000e+00   6.8326e-04   2.5802e+02
20191019_00:00:00   2.2464e-01   5.7653e+01   5.1439e+00   7.6490e-05   9.1620e-05   2.5741e+02
20191019_03:00:00   3.0855e-01   7.5207e+01   5.5461e+00   2.5210e-02   3.6397e-04   2.5886e+02
20191019_06:00:00   2.5654e-01   6.4490e+01   5.7349e+00   0.0000e+00   1.8593e-06   2.5727e+02
20191019_09:00:00   2.7035e-01   6.7246e+01   6.0341e+00   0.0000e+00   2.7165e-03   2.5547e+02
20191019_12:00:00   2.6575e-01   6.6187e+01   5.9540e+00   0.0000e+00   9.0154e-03   2.5537e+02
20191019_15:00:00   2.5199e-01   6.3245e+01   5.7095e+00   0.0000e+00   4.4296e-03   2.5375e+02
20191019_18:00:00   2.4792e-01   6.2390e+01   5.6413e+00   0.0000e+00   4.6034e-03   2.5326e+02
20191019_21:00:00   2.7363e-01   6.7533e+01   6.2299e+00   0.0000e+00   2.1861e-04   2.5470e+02
20191020_00:00:00   3.7688e-01   8.7363e+01   7.4740e+00   1.9478e-02   6.7781e-03   2.5503e+02
20191020_03:00:00   1.0533e+00   1.7705e+02   8.9480e+00   2.8284e-01   2.6945e-01   2.5296e+02
20191020_06:00:00   3.4954e-01   8.2325e+01   7.7457e+00   2.5340e-04   1.0624e-06   2.5230e+02
20191020_09:00:00   3.2194e-01   7.6868e+01   7.2834e+00   0.0000e+00   2.1733e-04   2.5104e+02
20191020_12:00:00   3.0882e-01   7.4224e+01   7.0239e+00   0.0000e+00   9.9622e-04   2.4947e+02
20191020_15:00:00   2.9807e-01   7.2185e+01   6.7656e+00   0.0000e+00   2.3290e-04   2.4733e+02
20191020_18:00:00   2.9757e-01   7.2264e+01   6.7038e+00   0.0000e+00   0.0000e+00   2.5106e+02
20191020_21:00:00   3.0337e-01   7.3531e+01   6.8053e+00   0.0000e+00   0.0000e+00   2.5065e+02
20191021_00:00:00   3.4939e-01   8.2275e+01   7.6699e+00   2.2460e-03   2.7140e-04   2.5007e+02
