#            date       tau225        Tb[K]      pwv[mm] lwp[kg*m^-2] iwp[kg*m^-2]       o3[DU]
20191019_06:00:00   4.0422e-02   1.4764e+01   7.6493e-01   0.0000e+00   1.7981e-02   2.5868e+02
20191019_07:00:00   4.6168e-02   1.6153e+01   9.3499e-01   0.0000e+00   2.4679e-02   2.5812e+02
20191019_08:00:00   4.7410e-02   1.6435e+01   9.8479e-01   0.0000e+00   7.0828e-03   2.5777e+02
20191019_09:00:00   4.8125e-02   1.6584e+01   1.0098e+00   0.0000e+00   8.8177e-03   2.5807e+02
20191019_10:00:00   4.7901e-02   1.6546e+01   1.0047e+00   0.0000e+00   1.2952e-03   2.5789e+02
20191019_11:00:00   4.9505e-02   1.6933e+01   1.0509e+00   0.0000e+00   4.8092e-03   2.5719e+02
20191019_12:00:00   5.2511e-02   1.7679e+01   1.1311e+00   0.0000e+00   8.0341e-03   2.5676e+02
20191019_13:00:00   5.6810e-02   1.8779e+01   1.2426e+00   0.0000e+00   9.5591e-03   2.5682e+02
20191019_14:00:00   6.2056e-02   2.0127e+01   1.3723e+00   0.0000e+00   9.2593e-03   2.5593e+02
20191019_15:00:00   6.8406e-02   2.1741e+01   1.5282e+00   0.0000e+00   8.5941e-03   2.5591e+02
20191019_16:00:00   7.5283e-02   2.3467e+01   1.6942e+00   0.0000e+00   1.5893e-02   2.5609e+02
20191019_17:00:00   8.0824e-02   2.4837e+01   1.8362e+00   0.0000e+00   1.1458e-02   2.5638e+02
20191019_18:00:00   8.4111e-02   2.5623e+01   1.9214e+00   0.0000e+00   1.4498e-02   2.5586e+02
20191019_19:00:00   8.7727e-02   2.6489e+01   2.0107e+00   0.0000e+00   2.1552e-02   2.5589e+02
20191019_20:00:00   9.0118e-02   2.7079e+01   2.0757e+00   0.0000e+00   8.1266e-03   2.5630e+02
20191019_21:00:00   9.1465e-02   2.7462e+01   2.1000e+00   0.0000e+00   2.3546e-03   2.5618e+02
20191019_22:00:00   9.3748e-02   2.8046e+01   2.1487e+00   0.0000e+00   1.7642e-03   2.5381e+02
20191019_23:00:00   9.7154e-02   2.8880e+01   2.2281e+00   0.0000e+00   1.4532e-03   2.5157e+02
20191020_00:00:00   1.0356e-01   3.0351e+01   2.3979e+00   0.0000e+00   7.6520e-03   2.5044e+02
20191020_01:00:00   1.1088e-01   3.2120e+01   2.5471e+00   4.3340e-04   6.6249e-03   2.4953e+02
20191020_02:00:00   1.1575e-01   3.3334e+01   2.6208e+00   9.5590e-04   1.0272e-02   2.4873e+02
20191020_03:00:00   1.2149e-01   3.4671e+01   2.7997e+00   8.6970e-05   2.8563e-02   2.4958e+02
20191020_04:00:00   1.2805e-01   3.6159e+01   2.9368e+00   4.3680e-04   4.9394e-02   2.5045e+02
20191020_05:00:00   1.3202e-01   3.7002e+01   3.0825e+00   0.0000e+00   3.5410e-02   2.5127e+02
20191020_06:00:00   1.3154e-01   3.6886e+01   3.0749e+00   0.0000e+00   2.6081e-02   2.5213e+02
20191020_07:00:00   1.3092e-01   3.6773e+01   3.0559e+00   0.0000e+00   8.5959e-03   2.5230e+02
20191020_08:00:00   1.2907e-01   3.6326e+01   3.0104e+00   0.0000e+00   1.1614e-02   2.5292e+02
20191020_09:00:00   1.2967e-01   3.6386e+01   3.0287e+00   0.0000e+00   3.1280e-02   2.5228e+02
20191020_10:00:00   1.3091e-01   3.6608e+01   3.0817e+00   0.0000e+00   2.5919e-02   2.5097e+02
20191020_11:00:00   1.3249e-01   3.6913e+01   3.1342e+00   0.0000e+00   2.5046e-02   2.5092e+02
20191020_12:00:00   1.3184e-01   3.6729e+01   3.1294e+00   0.0000e+00   1.8990e-02   2.5003e+02
20191020_13:00:00   1.3450e-01   3.7319e+01   3.1844e+00   0.0000e+00   4.2578e-02   2.5028e+02
20191020_14:00:00   1.3693e-01   3.7854e+01   3.2648e+00   0.0000e+00   2.7123e-02   2.5011e+02
20191020_15:00:00   1.3441e-01   3.7273e+01   3.2165e+00   0.0000e+00   7.9910e-03   2.5050e+02
20191020_16:00:00   1.3638e-01   3.7733e+01   3.2662e+00   0.0000e+00   3.6115e-03   2.5054e+02
20191020_17:00:00   1.3379e-01   3.7192e+01   3.1955e+00   0.0000e+00   7.4290e-04   2.5083e+02
20191020_18:00:00   1.3773e-01   3.8151e+01   3.2829e+00   0.0000e+00   4.0592e-04   2.5177e+02
20191020_19:00:00   1.4145e-01   3.8981e+01   3.3817e+00   0.0000e+00   3.6782e-04   2.5194e+02
20191020_20:00:00   1.4227e-01   3.9175e+01   3.4064e+00   0.0000e+00   1.9261e-05   2.5128e+02
20191020_21:00:00   1.4281e-01   3.9293e+01   3.4212e+00   0.0000e+00   1.4464e-05   2.5152e+02
20191020_22:00:00   1.4062e-01   3.8809e+01   3.3626e+00   0.0000e+00   0.0000e+00   2.5060e+02
20191020_23:00:00   1.3796e-01   3.8132e+01   3.3186e+00   0.0000e+00   7.6979e-04   2.5021e+02
20191021_00:00:00   1.3637e-01   3.7754e+01   3.2843e+00   0.0000e+00   2.6662e-04   2.5030e+02
20191021_01:00:00   1.3542e-01   3.7533e+01   3.2638e+00   0.0000e+00   4.2457e-04   2.5000e+02
20191021_02:00:00   1.3535e-01   3.7514e+01   3.2637e+00   0.0000e+00   1.9471e-04   2.5033e+02
20191021_03:00:00   1.3518e-01   3.7441e+01   3.2679e+00   0.0000e+00   1.5657e-04   2.5124e+02
20191021_04:00:00   1.2814e-01   3.5785e+01   3.1027e+00   0.0000e+00   3.0840e-06   2.5130e+02
20191021_05:00:00   1.2069e-01   3.4020e+01   2.9228e+00   0.0000e+00   0.0000e+00   2.5251e+02
20191021_06:00:00   1.1618e-01   3.2927e+01   2.8189e+00   0.0000e+00   0.0000e+00   2.5300e+02
20191021_07:00:00   1.1313e-01   3.2164e+01   2.7513e+00   0.0000e+00   6.1333e-06   2.5285e+02
20191021_08:00:00   1.1346e-01   3.2198e+01   2.7671e+00   0.0000e+00   1.0778e-04   2.5119e+02
20191021_09:00:00   1.1610e-01   3.2777e+01   2.8425e+00   0.0000e+00   1.7889e-03   2.5147e+02
20191021_10:00:00   1.1796e-01   3.3210e+01   2.8908e+00   0.0000e+00   3.2892e-03   2.5372e+02
20191021_11:00:00   1.2035e-01   3.3765e+01   2.9541e+00   0.0000e+00   1.8789e-03   2.5233e+02
20191021_12:00:00   1.2333e-01   3.4453e+01   3.0281e+00   0.0000e+00   9.8415e-04   2.4975e+02
20191021_13:00:00   1.2660e-01   3.5216e+01   3.1093e+00   0.0000e+00   1.1160e-03   2.5001e+02
20191021_14:00:00   1.2675e-01   3.5262e+01   3.1141e+00   0.0000e+00   2.0331e-03   2.4974e+02
20191021_15:00:00   1.2728e-01   3.5411e+01   3.1295e+00   0.0000e+00   1.2463e-03   2.4926e+02
20191021_16:00:00   1.2895e-01   3.5809e+01   3.1697e+00   0.0000e+00   1.9572e-04   2.4978e+02
20191021_17:00:00   1.2994e-01   3.6077e+01   3.1902e+00   0.0000e+00   4.2623e-05   2.4946e+02
20191021_18:00:00   1.3164e-01   3.6450e+01   3.2372e+00   0.0000e+00   1.8303e-04   2.4870e+02
20191021_19:00:00   1.2935e-01   3.5938e+01   3.1815e+00   0.0000e+00   1.4030e-05   2.4784e+02
20191021_20:00:00   1.3307e-01   3.6826e+01   3.2726e+00   0.0000e+00   3.5266e-05   2.4837e+02
20191021_21:00:00   1.3553e-01   3.7428e+01   3.3316e+00   0.0000e+00   8.2580e-06   2.4872e+02
20191021_22:00:00   1.3553e-01   3.7445e+01   3.3303e+00   0.0000e+00   0.0000e+00   2.4776e+02
20191021_23:00:00   1.3863e-01   3.8202e+01   3.4025e+00   0.0000e+00   0.0000e+00   2.4648e+02
20191022_00:00:00   1.4288e-01   3.9225e+01   3.4795e+00   3.2890e-04   0.0000e+00   2.4764e+02
20191022_01:00:00   1.5307e-01   4.1689e+01   3.5334e+00   3.3460e-03   0.0000e+00   2.4675e+02
20191022_02:00:00   1.7208e-01   4.6197e+01   3.6104e+00   9.2880e-03   1.4438e-05   2.4707e+02
20191022_03:00:00   1.5901e-01   4.3097e+01   3.6907e+00   2.9070e-03   1.0108e-06   2.4738e+02
20191022_04:00:00   1.6687e-01   4.4883e+01   3.9391e+00   1.8387e-03   5.9677e-04   2.4713e+02
20191022_05:00:00   1.5742e-01   4.2682e+01   3.8248e+00   0.0000e+00   2.1702e-03   2.4735e+02
20191022_06:00:00   1.5422e-01   4.1965e+01   3.7380e+00   0.0000e+00   5.2981e-03   2.4717e+02
20191022_07:00:00   1.5283e-01   4.1634e+01   3.7097e+00   0.0000e+00   4.2207e-03   2.4678e+02
20191022_08:00:00   1.5002e-01   4.0989e+01   3.6317e+00   2.6250e-04   3.5293e-03   2.4598e+02
20191022_09:00:00   1.4503e-01   3.9824e+01   3.5376e+00   0.0000e+00   4.2431e-03   2.4778e+02
20191022_10:00:00   1.4458e-01   3.9679e+01   3.5359e+00   0.0000e+00   3.3823e-03   2.4845e+02
20191022_11:00:00   1.4749e-01   4.0302e+01   3.6155e+00   0.0000e+00   2.7050e-03   2.4838e+02
20191022_12:00:00   1.4852e-01   4.0533e+01   3.6405e+00   0.0000e+00   2.1803e-03   2.4717e+02
20191022_13:00:00   1.4993e-01   4.0852e+01   3.6777e+00   0.0000e+00   3.1099e-03   2.4858e+02
20191022_14:00:00   1.5238e-01   4.1407e+01   3.7430e+00   0.0000e+00   1.8203e-03   2.4922e+02
20191022_15:00:00   1.5358e-01   4.1649e+01   3.7799e+00   0.0000e+00   1.7654e-03   2.4988e+02
20191022_16:00:00   1.5247e-01   4.1397e+01   3.7514e+00   0.0000e+00   8.1232e-04   2.4986e+02
20191022_17:00:00   1.5359e-01   4.1649e+01   3.7805e+00   0.0000e+00   7.6225e-04   2.4970e+02
20191022_18:00:00   1.5388e-01   4.1735e+01   3.7818e+00   0.0000e+00   3.4010e-04   2.5085e+02
20191022_19:00:00   1.5249e-01   4.1481e+01   3.7351e+00   0.0000e+00   6.3180e-07   2.5166e+02
20191022_20:00:00   1.5010e-01   4.0994e+01   3.6672e+00   0.0000e+00   1.8600e-05   2.5190e+02
20191022_21:00:00   1.4919e-01   4.0813e+01   3.6388e+00   0.0000e+00   1.2008e-04   2.5156e+02
20191022_22:00:00   1.4930e-01   4.0865e+01   3.6400e+00   0.0000e+00   1.7642e-05   2.5095e+02
20191022_23:00:00   1.4835e-01   4.0650e+01   3.6208e+00   0.0000e+00   7.3840e-05   2.5050e+02
20191023_00:00:00   1.4692e-01   4.0334e+01   3.5816e+00   0.0000e+00   1.7450e-04   2.4936e+02
20191023_01:00:00   1.4694e-01   4.0332e+01   3.5777e+00   0.0000e+00   1.3086e-04   2.4890e+02
20191023_02:00:00   1.4760e-01   4.0477e+01   3.5946e+00   0.0000e+00   8.3180e-05   2.4796e+02
20191023_03:00:00   1.4697e-01   4.0332e+01   3.5775e+00   0.0000e+00   7.3380e-05   2.4873e+02
20191023_04:00:00   1.4670e-01   4.0276e+01   3.5691e+00   0.0000e+00   7.1160e-05   2.4867e+02
20191023_05:00:00   1.4641e-01   4.0159e+01   3.5707e+00   0.0000e+00   9.4700e-05   2.4882e+02
20191023_06:00:00   1.4828e-01   4.0541e+01   3.6281e+00   0.0000e+00   1.0486e-04   2.4972e+02
20191023_07:00:00   1.4962e-01   4.0832e+01   3.6617e+00   0.0000e+00   1.6944e-04   2.5055e+02
20191023_08:00:00   1.5003e-01   4.0916e+01   3.6715e+00   0.0000e+00   3.2952e-04   2.5031e+02
20191023_09:00:00   1.4991e-01   4.0875e+01   3.6685e+00   0.0000e+00   5.2622e-04   2.5005e+02
20191023_10:00:00   1.4971e-01   4.0798e+01   3.6660e+00   0.0000e+00   7.8537e-04   2.5029e+02
20191023_11:00:00   1.4867e-01   4.0554e+01   3.6408e+00   0.0000e+00   3.5681e-04   2.5014e+02
20191023_12:00:00   1.4901e-01   4.0619e+01   3.6519e+00   0.0000e+00   8.0028e-05   2.4949e+02
20191023_13:00:00   1.4922e-01   4.0662e+01   3.6570e+00   0.0000e+00   1.1522e-04   2.4942e+02
20191023_14:00:00   1.4908e-01   4.0639e+01   3.6527e+00   0.0000e+00   2.3445e-04   2.4906e+02
20191023_15:00:00   1.4873e-01   4.0580e+01   3.6402e+00   0.0000e+00   1.2583e-04   2.4900e+02
20191023_16:00:00   1.5166e-01   4.1241e+01   3.7169e+00   0.0000e+00   4.4966e-04   2.4766e+02
20191023_17:00:00   1.5578e-01   4.2120e+01   3.8327e+00   0.0000e+00   2.9722e-03   2.4764e+02
20191023_18:00:00   1.5808e-01   4.2601e+01   3.8987e+00   0.0000e+00   2.7388e-03   2.4775e+02
20191023_19:00:00   1.5592e-01   4.2139e+01   3.8395e+00   0.0000e+00   1.4049e-03   2.4798e+02
20191023_20:00:00   1.5289e-01   4.1500e+01   3.7494e+00   0.0000e+00   5.2064e-04   2.4858e+02
20191023_21:00:00   1.5142e-01   4.1198e+01   3.7056e+00   0.0000e+00   1.4701e-04   2.4898e+02
20191023_22:00:00   1.4759e-01   4.0361e+01   3.6020e+00   0.0000e+00   7.6520e-06   2.4878e+02
20191023_23:00:00   1.4448e-01   3.9679e+01   3.5189e+00   0.0000e+00   5.9560e-06   2.4866e+02
20191024_00:00:00   1.4598e-01   4.0027e+01   3.5553e+00   0.0000e+00   5.7440e-06   2.4838e+02
20191024_01:00:00   1.4780e-01   4.0456e+01   3.5946e+00   0.0000e+00   7.4400e-06   2.4811e+02
20191024_02:00:00   1.4911e-01   4.0771e+01   3.6194e+00   0.0000e+00   8.1580e-06   2.4862e+02
20191024_03:00:00   1.5031e-01   4.1055e+01   3.6433e+00   0.0000e+00   8.1580e-06   2.4883e+02
20191024_04:00:00   1.5169e-01   4.1374e+01   3.6704e+00   0.0000e+00   8.1580e-06   2.4905e+02
20191024_05:00:00   1.5386e-01   4.1869e+01   3.7188e+00   0.0000e+00   8.1580e-06   2.4931e+02
20191024_06:00:00   1.5679e-01   4.2522e+01   3.7923e+00   0.0000e+00   8.1580e-06   2.4942e+02
20191024_09:00:00   1.6286e-01   4.3884e+01   3.9334e+00   0.0000e+00   7.9460e-06   2.4913e+02
20191024_12:00:00   1.6531e-01   4.4460e+01   3.9789e+00   0.0000e+00   2.9200e-06   2.4594e+02
20191024_15:00:00   1.6535e-01   4.4461e+01   3.9798e+00   0.0000e+00   0.0000e+00   2.4617e+02
20191024_18:00:00   1.6382e-01   4.4134e+01   3.9343e+00   0.0000e+00   0.0000e+00   2.4633e+02
20191024_21:00:00   1.6570e-01   4.4567e+01   3.9827e+00   0.0000e+00   0.0000e+00   2.4737e+02
20191025_00:00:00   1.6393e-01   4.4186e+01   3.9361e+00   0.0000e+00   0.0000e+00   2.4743e+02
20191025_03:00:00   1.7026e-01   4.5600e+01   4.0957e+00   0.0000e+00   8.1580e-06   2.4622e+02
20191025_06:00:00   1.7020e-01   4.5482e+01   4.1031e+00   0.0000e+00   0.0000e+00   2.4620e+02
20191025_09:00:00   1.6773e-01   4.4950e+01   4.0093e+00   0.0000e+00   0.0000e+00   2.4558e+02
20191025_12:00:00   1.7067e-01   4.5619e+01   4.0686e+00   0.0000e+00   0.0000e+00   2.4604e+02
20191025_15:00:00   1.7086e-01   4.5687e+01   4.0700e+00   0.0000e+00   7.7982e-05   2.4532e+02
20191025_18:00:00   1.6815e-01   4.5052e+01   4.0159e+00   0.0000e+00   5.8280e-05   2.4640e+02
20191025_21:00:00   1.7378e-01   4.6222e+01   4.1807e+00   0.0000e+00   5.9354e-03   2.4702e+02
20191026_00:00:00   1.9111e-01   4.9816e+01   4.6248e+00   0.0000e+00   2.4251e-02   2.4766e+02
20191026_03:00:00   2.1417e-01   5.4590e+01   5.1887e+00   0.0000e+00   3.1123e-02   2.4570e+02
20191026_06:00:00   2.2570e-01   5.6945e+01   5.4504e+00   0.0000e+00   4.5222e-02   2.4566e+02
20191026_09:00:00   2.2468e-01   5.6741e+01   5.4271e+00   0.0000e+00   1.2398e-02   2.4848e+02
20191026_12:00:00   2.4543e-01   6.1039e+01   5.8877e+00   0.0000e+00   2.3657e-02   2.4824e+02
20191026_15:00:00   2.6324e-01   6.4622e+01   6.2307e+00   0.0000e+00   9.3666e-02   2.4859e+02
20191026_18:00:00   2.6993e-01   6.6076e+01   6.3922e+00   0.0000e+00   1.7790e-02   2.5057e+02
20191026_21:00:00   2.5936e-01   6.4172e+01   6.1277e+00   0.0000e+00   8.7790e-03   2.5257e+02
20191027_00:00:00   2.2608e-01   5.7596e+01   5.2981e+00   0.0000e+00   1.1249e-02   2.5452e+02
20191027_03:00:00   1.8216e-01   4.8689e+01   4.1315e+00   0.0000e+00   1.4190e-02   2.5347e+02
20191027_06:00:00   1.7100e-01   4.6342e+01   3.8211e+00   0.0000e+00   3.9033e-03   2.5281e+02
20191027_09:00:00   1.4870e-01   4.1416e+01   3.2826e+00   0.0000e+00   3.1758e-03   2.5396e+02
20191027_12:00:00   1.3928e-01   3.9316e+01   3.0357e+00   0.0000e+00   3.9884e-04   2.5404e+02
20191027_15:00:00   1.3012e-01   3.7304e+01   2.7902e+00   0.0000e+00   0.0000e+00   2.5516e+02
20191027_18:00:00   1.3078e-01   3.7494e+01   2.7879e+00   0.0000e+00   0.0000e+00   2.5721e+02
20191027_21:00:00   1.2806e-01   3.6820e+01   2.7309e+00   0.0000e+00   0.0000e+00   2.5754e+02
20191028_00:00:00   1.3235e-01   3.7747e+01   2.8448e+00   0.0000e+00   0.0000e+00   2.5470e+02
20191028_03:00:00   1.3704e-01   3.8749e+01   2.9777e+00   1.5040e-04   0.0000e+00   2.5464e+02
20191028_06:00:00   1.4642e-01   4.0906e+01   3.1856e+00   0.0000e+00   0.0000e+00   2.5395e+02
20191028_09:00:00   1.5588e-01   4.3118e+01   3.3750e+00   0.0000e+00   0.0000e+00   2.5404e+02
20191028_12:00:00   1.4254e-01   4.0011e+01   3.0759e+00   0.0000e+00   0.0000e+00   2.5161e+02
20191028_15:00:00   1.2951e-01   3.6997e+01   2.7757e+00   0.0000e+00   0.0000e+00   2.4996e+02
20191028_18:00:00   1.3095e-01   3.7366e+01   2.7926e+00   0.0000e+00   0.0000e+00   2.5124e+02
20191028_21:00:00   1.3229e-01   3.7669e+01   2.8145e+00   0.0000e+00   0.0000e+00   2.5252e+02
20191029_00:00:00   1.4179e-01   3.9858e+01   3.0189e+00   0.0000e+00   0.0000e+00   2.5100e+02
20191029_03:00:00   1.2870e-01   3.6813e+01   2.7249e+00   0.0000e+00   0.0000e+00   2.5070e+02
20191029_06:00:00   1.0298e-01   3.0662e+01   2.1733e+00   0.0000e+00   0.0000e+00   2.5297e+02
20191029_09:00:00   6.9384e-02   2.2361e+01   1.4002e+00   0.0000e+00   0.0000e+00   2.5182e+02
20191029_12:00:00   7.3168e-02   2.3293e+01   1.4838e+00   0.0000e+00   0.0000e+00   2.5016e+02
20191029_15:00:00   7.4211e-02   2.3488e+01   1.5289e+00   0.0000e+00   6.7610e-04   2.4887e+02
20191029_18:00:00   8.0151e-02   2.4922e+01   1.6766e+00   0.0000e+00   1.7282e-03   2.4968e+02
20191029_21:00:00   8.1850e-02   2.5341e+01   1.7239e+00   0.0000e+00   1.4523e-03   2.5210e+02
20191030_00:00:00   9.2831e-02   2.7948e+01   2.0018e+00   0.0000e+00   3.1098e-03   2.5133e+02
20191030_03:00:00   9.8094e-02   2.9243e+01   2.1283e+00   0.0000e+00   3.4117e-06   2.5140e+02
20191030_06:00:00   1.0297e-01   3.0260e+01   2.3005e+00   0.0000e+00   1.6882e-03   2.4927e+02
20191030_09:00:00   1.0232e-01   2.9985e+01   2.3202e+00   0.0000e+00   1.2300e-03   2.4993e+02
20191030_12:00:00   1.1312e-01   3.2358e+01   2.6231e+00   0.0000e+00   7.4280e-04   2.4864e+02
20191030_15:00:00   1.1145e-01   3.2165e+01   2.5306e+00   0.0000e+00   0.0000e+00   2.5043e+02
20191030_18:00:00   1.5042e-01   4.1571e+01   3.3290e+00   0.0000e+00   0.0000e+00   2.5201e+02
20191030_21:00:00   1.3239e-01   3.7831e+01   2.8063e+00   0.0000e+00   0.0000e+00   2.5141e+02
20191031_00:00:00   1.2347e-01   3.5766e+01   2.6057e+00   0.0000e+00   0.0000e+00   2.5030e+02
20191031_03:00:00   1.6818e-01   4.6283e+01   2.6764e+00   1.6210e-02   0.0000e+00   2.5072e+02
20191031_06:00:00   1.0435e-01   3.1175e+01   2.1892e+00   0.0000e+00   0.0000e+00   2.5129e+02
20191031_09:00:00   9.0501e-02   2.7769e+01   1.8927e+00   0.0000e+00   0.0000e+00   2.5191e+02
20191031_12:00:00   8.5491e-02   2.6566e+01   1.7733e+00   0.0000e+00   0.0000e+00   2.5022e+02
20191031_15:00:00   8.3993e-02   2.6173e+01   1.7484e+00   0.0000e+00   0.0000e+00   2.5097e+02
20191031_18:00:00   8.8113e-02   2.7232e+01   1.8345e+00   0.0000e+00   0.0000e+00   2.5480e+02
20191031_21:00:00   8.4014e-02   2.6216e+01   1.7445e+00   0.0000e+00   0.0000e+00   2.5404e+02
20191101_00:00:00   7.9314e-02   2.5051e+01   1.6336e+00   0.0000e+00   0.0000e+00   2.5329e+02
20191101_03:00:00   7.6792e-02   2.4446e+01   1.5676e+00   0.0000e+00   0.0000e+00   2.5205e+02
20191101_06:00:00   7.2471e-02   2.3347e+01   1.4687e+00   0.0000e+00   0.0000e+00   2.5175e+02
20191101_09:00:00   7.4136e-02   2.3706e+01   1.5244e+00   0.0000e+00   0.0000e+00   2.5344e+02
20191101_12:00:00   8.6368e-02   2.6667e+01   1.8379e+00   0.0000e+00   0.0000e+00   2.5163e+02
20191101_15:00:00   9.8651e-02   2.9632e+01   2.1387e+00   0.0000e+00   0.0000e+00   2.5212e+02
20191101_18:00:00   1.1761e-01   3.4206e+01   2.5837e+00   0.0000e+00   0.0000e+00   2.5341e+02
20191101_21:00:00   1.2545e-01   3.6145e+01   2.7649e+00   0.0000e+00   0.0000e+00   2.5590e+02
20191102_00:00:00   1.3109e-01   3.7470e+01   2.8962e+00   0.0000e+00   0.0000e+00   2.5665e+02
20191102_03:00:00   1.3784e-01   3.9013e+01   3.0595e+00   0.0000e+00   0.0000e+00   2.5540e+02
20191102_06:00:00   1.4444e-01   4.0594e+01   3.2046e+00   0.0000e+00   1.9314e-07   2.5787e+02
20191102_09:00:00   1.5213e-01   4.2383e+01   3.3653e+00   0.0000e+00   0.0000e+00   2.6010e+02
20191102_12:00:00   1.5341e-01   4.2691e+01   3.3925e+00   0.0000e+00   0.0000e+00   2.5922e+02
20191102_15:00:00   1.5747e-01   4.3623e+01   3.4714e+00   0.0000e+00   0.0000e+00   2.5950e+02
20191102_18:00:00   1.5742e-01   4.3663e+01   3.4415e+00   0.0000e+00   0.0000e+00   2.5956e+02
20191102_21:00:00   1.5518e-01   4.3163e+01   3.3944e+00   0.0000e+00   0.0000e+00   2.5834e+02
20191103_00:00:00   1.5385e-01   4.2859e+01   3.3481e+00   2.4800e-04   0.0000e+00   2.5880e+02
20191103_03:00:00   1.7074e-01   4.6704e+01   3.6526e+00   1.5910e-03   0.0000e+00   2.5768e+02
20191103_06:00:00   1.8839e-01   5.0536e+01   4.1301e+00   0.0000e+00   1.9870e-03   2.5594e+02
20191103_09:00:00   1.8302e-01   4.9353e+01   4.0047e+00   0.0000e+00   8.7639e-03   2.5543e+02
20191103_12:00:00   1.6568e-01   4.5383e+01   3.6372e+00   0.0000e+00   1.8742e-02   2.5383e+02
20191103_15:00:00   1.5522e-01   4.2946e+01   3.4361e+00   0.0000e+00   1.1231e-02   2.5119e+02
20191103_18:00:00   1.3762e-01   3.8776e+01   3.0293e+00   0.0000e+00   5.7113e-02   2.5028e+02
20191103_21:00:00   1.5107e-01   4.1534e+01   3.4494e+00   0.0000e+00   7.4460e-02   2.5063e+02
20191104_00:00:00   1.4146e-01   3.9167e+01   3.2884e+00   2.4920e-04   4.5980e-02   2.4954e+02
20191104_03:00:00   1.2192e-01   3.4738e+01   2.8417e+00   0.0000e+00   3.0331e-03   2.4805e+02
20191104_06:00:00   1.1667e-01   3.3498e+01   2.6966e+00   0.0000e+00   2.0085e-03   2.4724e+02
