#            date       tau225        Tb[K]      pwv[mm] lwp[kg*m^-2] iwp[kg*m^-2]       o3[DU]
20191009_06:00:00   1.0650e-01   3.1485e+01   2.4040e+00   0.0000e+00   0.0000e+00   2.5454e+02
20191009_07:00:00   1.0556e-01   3.1272e+01   2.3797e+00   0.0000e+00   1.7617e-06   2.5390e+02
20191009_08:00:00   1.0571e-01   3.1322e+01   2.3743e+00   0.0000e+00   0.0000e+00   2.5599e+02
20191009_09:00:00   1.0497e-01   3.1213e+01   2.3407e+00   0.0000e+00   0.0000e+00   2.5678e+02
20191009_10:00:00   1.0128e-01   3.0389e+01   2.2357e+00   0.0000e+00   0.0000e+00   2.5793e+02
20191009_11:00:00   1.0103e-01   3.0373e+01   2.2149e+00   0.0000e+00   0.0000e+00   2.5711e+02
20191009_12:00:00   1.0115e-01   3.0422e+01   2.2060e+00   0.0000e+00   0.0000e+00   2.5602e+02
20191009_13:00:00   1.0112e-01   3.0418e+01   2.1953e+00   0.0000e+00   0.0000e+00   2.5627e+02
20191009_14:00:00   9.8006e-02   2.9657e+01   2.1170e+00   0.0000e+00   0.0000e+00   2.5511e+02
20191009_15:00:00   9.1254e-02   2.7991e+01   1.9676e+00   0.0000e+00   7.4400e-06   2.5492e+02
20191009_16:00:00   8.5976e-02   2.6692e+01   1.8431e+00   0.0000e+00   5.7440e-06   2.5657e+02
20191009_17:00:00   7.9366e-02   2.5019e+01   1.6884e+00   0.0000e+00   0.0000e+00   2.5755e+02
20191009_18:00:00   7.2756e-02   2.3319e+01   1.5364e+00   0.0000e+00   0.0000e+00   2.5844e+02
20191009_19:00:00   7.2963e-02   2.3365e+01   1.5417e+00   0.0000e+00   3.5627e-06   2.5692e+02
20191009_20:00:00   7.9995e-02   2.5160e+01   1.7049e+00   0.0000e+00   1.3537e-05   2.5687e+02
20191009_21:00:00   8.3169e-02   2.5968e+01   1.7745e+00   0.0000e+00   3.5496e-06   2.5825e+02
20191009_22:00:00   8.8051e-02   2.7188e+01   1.8859e+00   0.0000e+00   2.4140e-06   2.5853e+02
20191009_23:00:00   9.2604e-02   2.8323e+01   1.9889e+00   0.0000e+00   2.1240e-07   2.5695e+02
20191010_00:00:00   1.0086e-01   3.0344e+01   2.1819e+00   0.0000e+00   0.0000e+00   2.5594e+02
20191010_01:00:00   1.4931e-01   4.1851e+01   3.2712e+00   0.0000e+00   7.6520e-06   2.5387e+02
20191010_02:00:00   1.9284e-01   5.1758e+01   4.1905e+00   0.0000e+00   1.0572e-05   2.5374e+02
20191010_03:00:00   2.3012e-01   5.9880e+01   4.9403e+00   0.0000e+00   8.1580e-06   2.5372e+02
20191010_04:00:00   2.8087e-01   7.0314e+01   5.9928e+00   0.0000e+00   8.1580e-06   2.5240e+02
20191010_05:00:00   3.1360e-01   7.6734e+01   6.6999e+00   0.0000e+00   9.0383e-06   2.5224e+02
20191010_06:00:00   3.7044e-01   8.7448e+01   7.8093e+00   2.7380e-04   1.4093e-05   2.5358e+02
20191010_07:00:00   5.0383e-01   1.1010e+02   1.0495e+01   2.8490e-03   4.1588e-05   2.5427e+02
20191010_08:00:00   5.2788e-01   1.1366e+02   1.1187e+01   1.0590e-03   7.7225e-04   2.5360e+02
20191010_09:00:00   5.2997e-01   1.1386e+02   1.1351e+01   0.0000e+00   9.3514e-05   2.5334e+02
20191010_10:00:00   5.7396e-01   1.2051e+02   1.1878e+01   6.9246e-03   6.8217e-04   2.5361e+02
20191010_11:00:00   6.2416e-01   1.2769e+02   1.2020e+01   2.6658e-02   1.4119e-02   2.5496e+02
20191010_12:00:00   5.2547e-01   1.1280e+02   1.1340e+01   5.8392e-04   1.1704e-02   2.5736e+02
20191010_13:00:00   5.2763e-01   1.1323e+02   1.1401e+01   1.6526e-05   2.0198e-03   2.5720e+02
20191010_14:00:00   5.7155e-01   1.1986e+02   1.2080e+01   4.6132e-03   2.7493e-03   2.5680e+02
20191010_15:00:00   6.1077e-01   1.2560e+02   1.2606e+01   1.0844e-02   2.3091e-02   2.5720e+02
20191010_16:00:00   6.3316e-01   1.2878e+02   1.2786e+01   1.5394e-02   5.1287e-02   2.5706e+02
20191010_17:00:00   1.1760e+00   1.8895e+02   1.2921e+01   2.3761e-01   9.9482e-02   2.5643e+02
20191010_18:00:00   7.4812e-01   1.4446e+02   1.2698e+01   6.4039e-02   1.0614e-01   2.5437e+02
20191010_19:00:00   5.8188e-01   1.2140e+02   1.2412e+01   2.5109e-03   4.8994e-02   2.5254e+02
20191010_20:00:00   5.6306e-01   1.1853e+02   1.2230e+01   0.0000e+00   2.9896e-02   2.5329e+02
20191010_21:00:00   5.6018e-01   1.1811e+02   1.2235e+01   0.0000e+00   1.9452e-02   2.5464e+02
20191010_22:00:00   5.7339e-01   1.2005e+02   1.2535e+01   0.0000e+00   7.7470e-02   2.5392e+02
20191010_23:00:00   5.9010e-01   1.2244e+02   1.2783e+01   0.0000e+00   2.4424e-01   2.5173e+02
20191011_00:00:00   6.0901e-01   1.2513e+02   1.2998e+01   1.5738e-03   3.4084e-01   2.4944e+02
20191011_01:00:00   6.5764e-01   1.3221e+02   1.3106e+01   1.9416e-02   3.1026e-01   2.4782e+02
20191011_02:00:00   7.2557e-01   1.4137e+02   1.3367e+01   3.9884e-02   4.7357e-01   2.4758e+02
20191011_03:00:00   6.6553e-01   1.3320e+02   1.3312e+01   1.5691e-02   4.9744e-01   2.4816e+02
20191011_04:00:00   6.5713e-01   1.3205e+02   1.3287e+01   1.2931e-02   4.2630e-01   2.4828e+02
20191011_05:00:00   7.8926e-01   1.4969e+02   1.3347e+01   6.5625e-02   3.3948e-01   2.4759e+02
20191011_06:00:00   1.0927e+00   1.8206e+02   1.3282e+01   1.9236e-01   2.8829e-01   2.4713e+02
20191011_07:00:00   1.1717e+00   1.8896e+02   1.3248e+01   2.2578e-01   2.6030e-01   2.4674e+02
20191011_08:00:00   1.1951e+00   1.9100e+02   1.3209e+01   2.3633e-01   2.1211e-01   2.4624e+02
20191011_09:00:00   6.9242e-01   1.3721e+02   1.2889e+01   3.6505e-02   1.8320e-01   2.4835e+02
20191011_10:00:00   5.7042e-01   1.1947e+02   1.2352e+01   0.0000e+00   1.4393e-01   2.4797e+02
20191011_11:00:00   5.1421e-01   1.1071e+02   1.1401e+01   0.0000e+00   5.1450e-02   2.4593e+02
20191011_12:00:00   4.5570e-01   1.0108e+02   1.0327e+01   0.0000e+00   1.6090e-02   2.4580e+02
20191011_13:00:00   4.0430e-01   9.2196e+01   9.2806e+00   0.0000e+00   7.1731e-03   2.4613e+02
20191011_14:00:00   3.8112e-01   8.8110e+01   8.7817e+00   0.0000e+00   3.1635e-03   2.4655e+02
20191011_15:00:00   3.6856e-01   8.5977e+01   8.4893e+00   0.0000e+00   4.0022e-04   2.4607e+02
20191011_16:00:00   3.3464e-01   7.9763e+01   7.7275e+00   0.0000e+00   8.7898e-06   2.4563e+02
20191011_17:00:00   3.1458e-01   7.5990e+01   7.2689e+00   0.0000e+00   0.0000e+00   2.4621e+02
20191011_18:00:00   3.1408e-01   7.5955e+01   7.2442e+00   0.0000e+00   0.0000e+00   2.4621e+02
20191011_19:00:00   3.1254e-01   7.5652e+01   7.2267e+00   0.0000e+00   0.0000e+00   2.4525e+02
20191011_20:00:00   3.0171e-01   7.3555e+01   6.9815e+00   0.0000e+00   0.0000e+00   2.4557e+02
20191011_21:00:00   2.4688e-01   6.2624e+01   5.7216e+00   0.0000e+00   0.0000e+00   2.4485e+02
20191011_22:00:00   1.7733e-01   4.7821e+01   4.0900e+00   0.0000e+00   1.3094e-05   2.4572e+02
20191011_23:00:00   1.2369e-01   3.5626e+01   2.7864e+00   2.7270e-04   0.0000e+00   2.4609e+02
20191012_00:00:00   1.0366e-01   3.0957e+01   2.2856e+00   0.0000e+00   0.0000e+00   2.4507e+02
20191012_01:00:00   9.3104e-02   2.8433e+01   2.0155e+00   0.0000e+00   0.0000e+00   2.4526e+02
20191012_02:00:00   8.5479e-02   2.6533e+01   1.8431e+00   0.0000e+00   4.7140e-05   2.4608e+02
20191012_03:00:00   7.4232e-02   2.3711e+01   1.5815e+00   0.0000e+00   0.0000e+00   2.4599e+02
20191012_04:00:00   6.5678e-02   2.1549e+01   1.3735e+00   0.0000e+00   0.0000e+00   2.4569e+02
20191012_05:00:00   6.4563e-02   2.1284e+01   1.3403e+00   0.0000e+00   0.0000e+00   2.4534e+02
20191012_06:00:00   6.3171e-02   2.0952e+01   1.3001e+00   0.0000e+00   0.0000e+00   2.4693e+02
20191012_07:00:00   6.2239e-02   2.0721e+01   1.2758e+00   0.0000e+00   0.0000e+00   2.4768e+02
20191012_08:00:00   6.4065e-02   2.1170e+01   1.3273e+00   0.0000e+00   0.0000e+00   2.4856e+02
20191012_09:00:00   6.3812e-02   2.1065e+01   1.3323e+00   0.0000e+00   3.5460e-05   2.4832e+02
20191012_10:00:00   6.3082e-02   2.0838e+01   1.3268e+00   0.0000e+00   6.7540e-06   2.4755e+02
20191012_11:00:00   6.3066e-02   2.0794e+01   1.3391e+00   0.0000e+00   5.2380e-06   2.4682e+02
20191012_12:00:00   6.1832e-02   2.0487e+01   1.3082e+00   0.0000e+00   0.0000e+00   2.4621e+02
20191012_13:00:00   6.2204e-02   2.0571e+01   1.3223e+00   0.0000e+00   5.7020e-05   2.4556e+02
20191012_14:00:00   6.2632e-02   2.0679e+01   1.3347e+00   0.0000e+00   1.2204e-05   2.4463e+02
20191012_15:00:00   6.0932e-02   2.0247e+01   1.2930e+00   0.0000e+00   7.4440e-06   2.4311e+02
20191012_16:00:00   6.0390e-02   2.0112e+01   1.2803e+00   0.0000e+00   5.7440e-06   2.4185e+02
20191012_17:00:00   5.9996e-02   2.0008e+01   1.2732e+00   0.0000e+00   0.0000e+00   2.4163e+02
20191012_18:00:00   5.8298e-02   1.9565e+01   1.2327e+00   0.0000e+00   0.0000e+00   2.4237e+02
20191012_19:00:00   5.5805e-02   1.8913e+01   1.1720e+00   0.0000e+00   0.0000e+00   2.4344e+02
20191012_20:00:00   5.4206e-02   1.8510e+01   1.1277e+00   0.0000e+00   0.0000e+00   2.4365e+02
20191012_21:00:00   5.3508e-02   1.8341e+01   1.1072e+00   0.0000e+00   5.2380e-06   2.4402e+02
20191012_22:00:00   5.4996e-02   1.8746e+01   1.1421e+00   0.0000e+00   0.0000e+00   2.4520e+02
20191012_23:00:00   5.9130e-02   1.9835e+01   1.2445e+00   0.0000e+00   0.0000e+00   2.4516e+02
20191013_00:00:00   6.5121e-02   2.1368e+01   1.3976e+00   0.0000e+00   0.0000e+00   2.4508e+02
20191013_01:00:00   7.5071e-02   2.3890e+01   1.6481e+00   0.0000e+00   0.0000e+00   2.4503e+02
20191013_02:00:00   8.5665e-02   2.6532e+01   1.9147e+00   0.0000e+00   0.0000e+00   2.4389e+02
20191013_03:00:00   9.4562e-02   2.8721e+01   2.1360e+00   0.0000e+00   0.0000e+00   2.4402e+02
20191013_04:00:00   9.9665e-02   3.0007e+01   2.2503e+00   0.0000e+00   0.0000e+00   2.4407e+02
20191013_05:00:00   1.0046e-01   3.0240e+01   2.2537e+00   0.0000e+00   4.4040e-06   2.4402e+02
20191013_06:00:00   1.0061e-01   3.0294e+01   2.2494e+00   0.0000e+00   4.4040e-06   2.4463e+02
20191013_07:00:00   9.9506e-02   3.0058e+01   2.2108e+00   0.0000e+00   0.0000e+00   2.4495e+02
20191013_08:00:00   9.9358e-02   3.0060e+01   2.1954e+00   0.0000e+00   0.0000e+00   2.4548e+02
20191013_09:00:00   1.0147e-01   3.0574e+01   2.2407e+00   0.0000e+00   0.0000e+00   2.4554e+02
20191013_10:00:00   1.0502e-01   3.1433e+01   2.3223e+00   0.0000e+00   0.0000e+00   2.4538e+02
20191013_11:00:00   1.0678e-01   3.1844e+01   2.3663e+00   0.0000e+00   0.0000e+00   2.4556e+02
20191013_12:00:00   1.0584e-01   3.1582e+01   2.3532e+00   0.0000e+00   0.0000e+00   2.4539e+02
20191013_13:00:00   1.0473e-01   3.1297e+01   2.3318e+00   0.0000e+00   0.0000e+00   2.4577e+02
20191013_14:00:00   1.0411e-01   3.1134e+01   2.3202e+00   0.0000e+00   0.0000e+00   2.4615e+02
20191013_15:00:00   1.0231e-01   3.0699e+01   2.2776e+00   0.0000e+00   0.0000e+00   2.4589e+02
20191013_16:00:00   1.0070e-01   3.0292e+01   2.2400e+00   0.0000e+00   0.0000e+00   2.4562e+02
20191013_17:00:00   9.9758e-02   3.0028e+01   2.2264e+00   0.0000e+00   2.7520e-05   2.4568e+02
20191013_18:00:00   9.8651e-02   2.9751e+01   2.2055e+00   0.0000e+00   0.0000e+00   2.4562e+02
20191013_19:00:00   9.7504e-02   2.9463e+01   2.1846e+00   0.0000e+00   0.0000e+00   2.4570e+02
20191013_20:00:00   9.6321e-02   2.9145e+01   2.1653e+00   0.0000e+00   0.0000e+00   2.4592e+02
20191013_21:00:00   9.3309e-02   2.8398e+01   2.0941e+00   0.0000e+00   0.0000e+00   2.4646e+02
20191013_22:00:00   9.0648e-02   2.7736e+01   2.0335e+00   0.0000e+00   0.0000e+00   2.4666e+02
20191013_23:00:00   9.0220e-02   2.7602e+01   2.0336e+00   0.0000e+00   0.0000e+00   2.4716e+02
20191014_00:00:00   8.9047e-02   2.7286e+01   2.0139e+00   0.0000e+00   0.0000e+00   2.4728e+02
20191014_01:00:00   8.4560e-02   2.6181e+01   1.9026e+00   0.0000e+00   0.0000e+00   2.4811e+02
20191014_02:00:00   8.0495e-02   2.5172e+01   1.7989e+00   0.0000e+00   0.0000e+00   2.4891e+02
20191014_03:00:00   7.9017e-02   2.4816e+01   1.7586e+00   0.0000e+00   0.0000e+00   2.4938e+02
20191014_04:00:00   7.6839e-02   2.4285e+01   1.6992e+00   0.0000e+00   0.0000e+00   2.5057e+02
20191014_05:00:00   7.2672e-02   2.3257e+01   1.5873e+00   0.0000e+00   0.0000e+00   2.5082e+02
20191014_06:00:00   6.9591e-02   2.2485e+01   1.5068e+00   0.0000e+00   0.0000e+00   2.5052e+02
20191014_09:00:00   6.7753e-02   2.2066e+01   1.4414e+00   0.0000e+00   0.0000e+00   2.4802e+02
20191014_12:00:00   7.2391e-02   2.3245e+01   1.5425e+00   0.0000e+00   2.1277e-06   2.4948e+02
20191014_15:00:00   8.8653e-02   2.7379e+01   1.9211e+00   0.0000e+00   1.6045e-05   2.4750e+02
20191014_18:00:00   1.0534e-01   3.1472e+01   2.3356e+00   0.0000e+00   0.0000e+00   2.4795e+02
20191014_21:00:00   1.1403e-01   3.3711e+01   2.5119e+00   0.0000e+00   0.0000e+00   2.5099e+02
20191015_00:00:00   1.5729e-01   4.3862e+01   3.5206e+00   0.0000e+00   5.2380e-06   2.5050e+02
20191015_03:00:00   2.4761e-01   6.4070e+01   4.2043e+00   2.3260e-02   1.0198e-05   2.5012e+02
20191015_06:00:00   2.0864e-01   5.5226e+01   4.7166e+00   0.0000e+00   2.2020e-06   2.5171e+02
20191015_09:00:00   2.2589e-01   5.8918e+01   5.0805e+00   0.0000e+00   1.1486e-06   2.5089e+02
20191015_12:00:00   2.3479e-01   6.0717e+01   5.2541e+00   0.0000e+00   0.0000e+00   2.4830e+02
20191015_15:00:00   2.0041e-01   5.3417e+01   4.4661e+00   0.0000e+00   0.0000e+00   2.4810e+02
20191015_18:00:00   1.5949e-01   4.4280e+01   3.5542e+00   0.0000e+00   0.0000e+00   2.4989e+02
20191015_21:00:00   1.5194e-01   4.2503e+01   3.3940e+00   0.0000e+00   0.0000e+00   2.5310e+02
20191016_00:00:00   2.5003e-01   6.3993e+01   4.3887e+00   2.3920e-02   1.1866e-04   2.5278e+02
20191016_03:00:00   2.5702e-01   6.5007e+01   5.7415e+00   3.4890e-03   2.2279e-04   2.5826e+02
20191016_06:00:00   2.6484e-01   6.6769e+01   5.9527e+00   2.2720e-04   3.2902e-04   2.5819e+02
20191016_09:00:00   2.6306e-01   6.6473e+01   5.7470e+00   8.2510e-04   1.0164e-03   2.5964e+02
20191016_12:00:00   2.3450e-01   6.0283e+01   5.2549e+00   0.0000e+00   8.9762e-04   2.5922e+02
20191016_15:00:00   2.4284e-01   6.1715e+01   5.5221e+00   0.0000e+00   0.0000e+00   2.6520e+02
20191016_18:00:00   2.3002e-01   5.9131e+01   5.1479e+00   0.0000e+00   0.0000e+00   2.6683e+02
20191016_21:00:00   2.2212e-01   5.7460e+01   4.9140e+00   0.0000e+00   0.0000e+00   2.6724e+02
20191017_00:00:00   2.8039e-01   6.9686e+01   5.1888e+00   1.8210e-02   0.0000e+00   2.6721e+02
20191017_03:00:00   3.4065e-01   8.1609e+01   5.3347e+00   3.9302e-02   0.0000e+00   2.6620e+02
20191017_06:00:00   2.0804e-01   5.4334e+01   4.6431e+00   0.0000e+00   0.0000e+00   2.6967e+02
20191017_09:00:00   2.1831e-01   5.6505e+01   4.8382e+00   0.0000e+00   0.0000e+00   2.6772e+02
20191017_12:00:00   2.7093e-01   6.7359e+01   5.9261e+00   0.0000e+00   0.0000e+00   2.6478e+02
20191017_15:00:00   3.1792e-01   7.6427e+01   6.9533e+00   0.0000e+00   0.0000e+00   2.6459e+02
20191017_18:00:00   3.0484e-01   7.3702e+01   6.8000e+00   0.0000e+00   0.0000e+00   2.6660e+02
20191017_21:00:00   2.9597e-01   7.1879e+01   6.6816e+00   0.0000e+00   0.0000e+00   2.6406e+02
20191018_00:00:00   2.9856e-01   7.2663e+01   6.5556e+00   2.3380e-03   3.1697e-05   2.6385e+02
20191018_03:00:00   2.8605e-01   7.0198e+01   6.4048e+00   1.6260e-04   0.0000e+00   2.6232e+02
20191018_06:00:00   2.6721e-01   6.6409e+01   6.0354e+00   0.0000e+00   6.5480e-06   2.6272e+02
20191018_09:00:00   2.5165e-01   6.3315e+01   5.6731e+00   0.0000e+00   0.0000e+00   2.6163e+02
20191018_12:00:00   2.5960e-01   6.4807e+01   5.8947e+00   0.0000e+00   9.4738e-04   2.5830e+02
20191018_15:00:00   2.6737e-01   6.6617e+01   5.9803e+00   0.0000e+00   8.7900e-06   2.5904e+02
20191018_18:00:00   2.7758e-01   6.8602e+01   6.2550e+00   0.0000e+00   1.4826e-05   2.5841e+02
20191018_21:00:00   2.4853e-01   6.2792e+01   5.6243e+00   0.0000e+00   1.9534e-05   2.5876e+02
20191019_00:00:00   2.4207e-01   6.1432e+01   5.5075e+00   8.2180e-05   4.5139e-04   2.5736e+02
20191019_03:00:00   3.6133e-01   8.5555e+01   5.6641e+00   4.4769e-02   9.8623e-04   2.5530e+02
20191019_06:00:00   2.3932e-01   6.0964e+01   5.0977e+00   6.4320e-03   9.3701e-04   2.5354e+02
20191019_09:00:00   2.0927e-01   5.4381e+01   4.8152e+00   0.0000e+00   1.1074e-03   2.5188e+02
20191019_12:00:00   1.9162e-01   5.0523e+01   4.4235e+00   0.0000e+00   2.5527e-04   2.5035e+02
20191019_15:00:00   1.6802e-01   4.5352e+01   3.8694e+00   0.0000e+00   0.0000e+00   2.4837e+02
20191019_18:00:00   1.4985e-01   4.1288e+01   3.4314e+00   0.0000e+00   0.0000e+00   2.4996e+02
20191019_21:00:00   1.3827e-01   3.8765e+01   3.1336e+00   0.0000e+00   0.0000e+00   2.4982e+02
20191020_00:00:00   1.5089e-01   4.1641e+01   3.4066e+00   4.9340e-04   0.0000e+00   2.5080e+02
20191020_03:00:00   1.8936e-01   5.0213e+01   4.3314e+00   0.0000e+00   0.0000e+00   2.5147e+02
20191020_06:00:00   1.9034e-01   5.0380e+01   4.3587e+00   0.0000e+00   0.0000e+00   2.5113e+02
20191020_09:00:00   1.8062e-01   4.8269e+01   4.1210e+00   0.0000e+00   0.0000e+00   2.5108e+02
20191020_12:00:00   1.9891e-01   5.2234e+01   4.5327e+00   0.0000e+00   0.0000e+00   2.4883e+02
20191020_15:00:00   2.1692e-01   5.6128e+01   4.9342e+00   0.0000e+00   0.0000e+00   2.4822e+02
20191020_18:00:00   2.3209e-01   5.9323e+01   5.2645e+00   0.0000e+00   0.0000e+00   2.4990e+02
20191020_21:00:00   2.4379e-01   6.1817e+01   5.5234e+00   0.0000e+00   0.0000e+00   2.5314e+02
20191021_00:00:00   2.6772e-01   6.6642e+01   6.0925e+00   0.0000e+00   1.5566e-04   2.5152e+02
20191021_03:00:00   2.9948e-01   7.2952e+01   6.7473e+00   0.0000e+00   5.8075e-05   2.5195e+02
20191021_06:00:00   3.4187e-01   8.0875e+01   7.6736e+00   0.0000e+00   5.3866e-02   2.5290e+02
20191021_09:00:00   3.5156e-01   8.3038e+01   7.7245e+00   0.0000e+00   2.8940e-05   2.5308e+02
20191021_12:00:00   3.2764e-01   7.8587e+01   7.1811e+00   0.0000e+00   0.0000e+00   2.5234e+02
20191021_15:00:00   3.0417e-01   7.4037e+01   6.7196e+00   0.0000e+00   2.0819e-04   2.5004e+02
20191021_18:00:00   2.9841e-01   7.2892e+01   6.6159e+00   0.0000e+00   5.2121e-04   2.5212e+02
20191021_21:00:00   3.0004e-01   7.3226e+01   6.6734e+00   0.0000e+00   1.1320e-04   2.5352e+02
20191022_00:00:00   3.7103e-01   8.6514e+01   7.8901e+00   6.3630e-03   2.9230e-03   2.5378e+02
20191022_03:00:00   3.9929e-01   9.1598e+01   8.6140e+00   3.1600e-03   1.9231e-03   2.5296e+02
20191022_06:00:00   3.9568e-01   9.0814e+01   8.7020e+00   0.0000e+00   1.5174e-02   2.5329e+02
20191022_09:00:00   3.8846e-01   8.9307e+01   8.6622e+00   0.0000e+00   7.2084e-03   2.5258e+02
20191022_12:00:00   3.9030e-01   8.9677e+01   8.6698e+00   0.0000e+00   2.6213e-02   2.5152e+02
20191022_15:00:00   4.0623e-01   9.2472e+01   8.9849e+00   0.0000e+00   2.2310e-02   2.5199e+02
20191022_18:00:00   4.1068e-01   9.3296e+01   9.0502e+00   0.0000e+00   3.7232e-03   2.5247e+02
20191022_21:00:00   4.1256e-01   9.3518e+01   9.1445e+00   0.0000e+00   2.7328e-02   2.5358e+02
20191023_00:00:00   4.3612e-01   9.7473e+01   9.5684e+00   0.0000e+00   1.6530e-01   2.5227e+02
20191023_03:00:00   4.5816e-01   1.0116e+02   9.9635e+00   0.0000e+00   1.8414e-01   2.5106e+02
20191023_06:00:00   4.6628e-01   1.0251e+02   1.0153e+01   0.0000e+00   3.4028e-02   2.5124e+02
20191023_09:00:00   4.5212e-01   1.0011e+02   9.7906e+00   2.2920e-03   9.4343e-03   2.5014e+02
20191023_12:00:00   4.1710e-01   9.4127e+01   9.2226e+00   0.0000e+00   1.0770e-03   2.4724e+02
20191023_15:00:00   3.9203e-01   8.9764e+01   8.7318e+00   0.0000e+00   8.3803e-04   2.4680e+02
20191023_18:00:00   3.8955e-01   8.9327e+01   8.6909e+00   0.0000e+00   1.3620e-03   2.4712e+02
20191023_21:00:00   3.9813e-01   9.0930e+01   8.8487e+00   0.0000e+00   1.6894e-03   2.4895e+02
20191024_00:00:00   4.2105e-01   9.4820e+01   9.3638e+00   7.9180e-05   2.5686e-03   2.4864e+02
20191024_03:00:00   4.5713e-01   1.0092e+02   1.0121e+01   0.0000e+00   1.5822e-02   2.4522e+02
20191024_06:00:00   4.5323e-01   1.0029e+02   1.0055e+01   0.0000e+00   1.2455e-02   2.4586e+02
20191024_09:00:00   4.3061e-01   9.6429e+01   9.6150e+00   0.0000e+00   3.5857e-03   2.4448e+02
20191024_12:00:00   4.0542e-01   9.2019e+01   9.1670e+00   0.0000e+00   4.9582e-03   2.4347e+02
20191024_15:00:00   4.0877e-01   9.2478e+01   9.2358e+00   0.0000e+00   1.1339e-01   2.4131e+02
20191024_18:00:00   4.2396e-01   9.5203e+01   9.5670e+00   0.0000e+00   3.4816e-02   2.4228e+02
20191024_21:00:00   4.0724e-01   9.2378e+01   9.2568e+00   0.0000e+00   2.7952e-03   2.4358e+02
20191025_00:00:00   4.1850e-01   9.4351e+01   9.5394e+00   0.0000e+00   7.9280e-03   2.4222e+02
20191025_03:00:00   8.9857e-01   1.6228e+02   1.0951e+01   1.6574e-01   4.6608e-02   2.4162e+02
20191025_06:00:00   4.8956e-01   1.0686e+02   1.0291e+01   9.5707e-03   1.3099e-02   2.4095e+02
