#            date       tau225        Tb[K]      pwv[mm] lwp[kg*m^-2] iwp[kg*m^-2]       o3[DU]
20190716_06:00:00   1.5201e-01   4.2532e+01   3.2812e+00   0.0000e+00   0.0000e+00   2.7515e+02
20190716_07:00:00   1.6010e-01   4.4370e+01   3.4549e+00   0.0000e+00   0.0000e+00   2.7742e+02
20190716_08:00:00   1.6108e-01   4.4612e+01   3.4636e+00   0.0000e+00   0.0000e+00   2.7650e+02
20190716_09:00:00   1.4904e-01   4.1859e+01   3.2006e+00   0.0000e+00   0.0000e+00   2.7360e+02
20190716_10:00:00   1.3842e-01   3.9376e+01   2.9680e+00   0.0000e+00   0.0000e+00   2.7441e+02
20190716_11:00:00   1.3779e-01   3.9188e+01   2.9486e+00   0.0000e+00   0.0000e+00   2.7616e+02
20190716_12:00:00   1.3924e-01   3.9494e+01   2.9742e+00   0.0000e+00   0.0000e+00   2.7597e+02
20190716_13:00:00   1.4065e-01   3.9796e+01   3.0073e+00   0.0000e+00   0.0000e+00   2.7696e+02
20190716_14:00:00   1.4001e-01   3.9626e+01   2.9916e+00   0.0000e+00   0.0000e+00   2.7671e+02
20190716_15:00:00   1.4179e-01   4.0020e+01   3.0294e+00   0.0000e+00   0.0000e+00   2.7681e+02
20190716_16:00:00   1.4331e-01   4.0357e+01   3.0567e+00   0.0000e+00   0.0000e+00   2.7853e+02
20190716_17:00:00   1.4334e-01   4.0375e+01   3.0554e+00   0.0000e+00   0.0000e+00   2.7981e+02
20190716_18:00:00   1.4246e-01   4.0169e+01   3.0360e+00   0.0000e+00   0.0000e+00   2.8031e+02
20190716_19:00:00   1.4180e-01   4.0009e+01   3.0184e+00   0.0000e+00   0.0000e+00   2.8030e+02
20190716_20:00:00   1.4111e-01   3.9850e+01   2.9982e+00   0.0000e+00   0.0000e+00   2.8133e+02
20190716_21:00:00   1.3587e-01   3.8655e+01   2.8864e+00   0.0000e+00   0.0000e+00   2.8162e+02
20190716_22:00:00   1.3232e-01   3.7836e+01   2.8114e+00   0.0000e+00   0.0000e+00   2.8122e+02
20190716_23:00:00   1.3181e-01   3.7734e+01   2.7947e+00   0.0000e+00   0.0000e+00   2.7957e+02
20190717_00:00:00   1.3309e-01   3.8031e+01   2.7929e+00   5.9590e-04   0.0000e+00   2.7984e+02
20190717_01:00:00   1.3650e-01   3.8783e+01   2.8789e+00   1.0020e-03   0.0000e+00   2.8092e+02
20190717_02:00:00   1.4377e-01   4.0386e+01   3.1357e+00   0.0000e+00   0.0000e+00   2.8169e+02
20190717_03:00:00   1.6819e-01   4.6155e+01   3.1341e+00   9.4450e-03   0.0000e+00   2.8199e+02
20190717_04:00:00   1.3965e-01   3.9546e+01   3.0128e+00   0.0000e+00   0.0000e+00   2.8040e+02
20190717_05:00:00   1.3853e-01   3.9308e+01   2.9783e+00   0.0000e+00   0.0000e+00   2.7961e+02
20190717_06:00:00   1.3688e-01   3.8939e+01   2.9319e+00   0.0000e+00   0.0000e+00   2.7934e+02
20190717_07:00:00   1.3159e-01   3.7666e+01   2.8192e+00   0.0000e+00   0.0000e+00   2.7891e+02
20190717_08:00:00   1.3131e-01   3.7584e+01   2.8113e+00   0.0000e+00   0.0000e+00   2.7826e+02
20190717_09:00:00   1.2931e-01   3.7120e+01   2.7590e+00   0.0000e+00   0.0000e+00   2.7813e+02
20190717_10:00:00   1.2627e-01   3.6414e+01   2.6848e+00   0.0000e+00   0.0000e+00   2.7647e+02
20190717_11:00:00   1.2119e-01   3.5218e+01   2.5708e+00   0.0000e+00   0.0000e+00   2.7423e+02
20190717_12:00:00   1.1786e-01   3.4409e+01   2.5027e+00   0.0000e+00   0.0000e+00   2.7286e+02
20190717_13:00:00   1.0937e-01   3.2372e+01   2.3150e+00   0.0000e+00   0.0000e+00   2.7180e+02
20190717_14:00:00   9.7260e-02   2.9464e+01   2.0500e+00   0.0000e+00   0.0000e+00   2.7246e+02
20190717_15:00:00   9.3663e-02   2.8601e+01   1.9670e+00   0.0000e+00   0.0000e+00   2.7147e+02
20190717_16:00:00   9.5031e-02   2.8929e+01   1.9910e+00   0.0000e+00   0.0000e+00   2.7106e+02
20190717_17:00:00   9.2209e-02   2.8233e+01   1.9318e+00   0.0000e+00   0.0000e+00   2.7046e+02
20190717_18:00:00   9.3167e-02   2.8462e+01   1.9581e+00   0.0000e+00   5.3003e-05   2.6929e+02
20190717_19:00:00   9.3496e-02   2.8553e+01   1.9652e+00   0.0000e+00   7.7980e-05   2.6821e+02
20190717_20:00:00   9.7140e-02   2.9411e+01   2.0603e+00   0.0000e+00   6.2237e-05   2.6764e+02
20190717_21:00:00   1.0736e-01   3.1850e+01   2.3113e+00   0.0000e+00   9.3237e-04   2.6727e+02
20190717_22:00:00   1.1534e-01   3.3731e+01   2.5119e+00   0.0000e+00   1.9656e-03   2.6700e+02
20190717_23:00:00   1.3323e-01   3.7945e+01   2.9233e+00   0.0000e+00   2.9875e-03   2.6602e+02
20190718_00:00:00   1.6714e-01   4.5738e+01   3.6825e+00   0.0000e+00   1.9016e-03   2.6622e+02
20190718_01:00:00   1.9439e-01   5.1771e+01   4.3023e+00   0.0000e+00   1.1538e-02   2.6552e+02
20190718_02:00:00   1.9914e-01   5.2809e+01   4.4299e+00   0.0000e+00   1.2841e-02   2.6809e+02
20190718_03:00:00   2.0525e-01   5.4052e+01   4.6036e+00   0.0000e+00   3.7210e-02   2.6782e+02
20190718_04:00:00   2.1384e-01   5.5835e+01   4.8381e+00   0.0000e+00   1.7954e-02   2.6822e+02
20190718_05:00:00   2.2399e-01   5.7978e+01   5.0773e+00   0.0000e+00   2.4141e-02   2.6956e+02
20190718_06:00:00   2.3417e-01   6.0132e+01   5.3063e+00   0.0000e+00   1.9345e-02   2.6866e+02
20190718_07:00:00   2.2650e-01   5.8427e+01   5.1641e+00   0.0000e+00   3.5195e-02   2.6921e+02
20190718_08:00:00   2.2972e-01   5.9048e+01   5.2651e+00   0.0000e+00   2.6021e-02   2.7019e+02
20190718_09:00:00   2.7286e-01   6.7818e+01   6.2630e+00   0.0000e+00   4.8681e-02   2.7159e+02
20190718_10:00:00   3.1746e-01   7.6390e+01   7.3406e+00   0.0000e+00   3.7517e-02   2.7143e+02
20190718_11:00:00   3.1851e-01   7.6483e+01   7.4211e+00   0.0000e+00   2.1916e-02   2.7272e+02
20190718_12:00:00   3.2213e-01   7.7068e+01   7.5318e+00   0.0000e+00   2.3868e-02   2.7233e+02
20190718_13:00:00   3.5886e-01   8.3749e+01   8.3502e+00   0.0000e+00   8.6497e-02   2.7308e+02
20190718_14:00:00   4.0299e-01   9.1650e+01   9.2187e+00   0.0000e+00   2.0557e-01   2.7118e+02
20190718_15:00:00   3.8656e-01   8.8803e+01   8.9577e+00   0.0000e+00   4.4182e-02   2.6998e+02
20190718_16:00:00   3.5614e-01   8.3140e+01   8.3921e+00   0.0000e+00   2.8158e-02   2.6937e+02
20190718_17:00:00   3.3898e-01   7.9906e+01   8.0449e+00   0.0000e+00   3.0190e-02   2.6912e+02
20190718_18:00:00   3.3217e-01   7.8669e+01   7.9142e+00   0.0000e+00   2.8287e-02   2.6868e+02
20190718_19:00:00   3.2453e-01   7.7307e+01   7.7420e+00   0.0000e+00   2.1446e-02   2.6813e+02
20190718_20:00:00   3.3155e-01   7.8540e+01   7.9206e+00   0.0000e+00   1.1173e-01   2.6779e+02
20190718_21:00:00   3.3600e-01   7.9379e+01   8.0200e+00   0.0000e+00   1.7250e-01   2.6743e+02
20190718_22:00:00   3.2563e-01   7.7424e+01   7.8167e+00   0.0000e+00   1.1504e-01   2.6740e+02
20190718_23:00:00   3.1530e-01   7.5502e+01   7.6262e+00   0.0000e+00   2.7893e-02   2.6745e+02
20190719_00:00:00   3.0318e-01   7.3190e+01   7.3275e+00   0.0000e+00   1.6958e-02   2.6673e+02
20190719_01:00:00   2.8988e-01   7.0612e+01   7.0275e+00   0.0000e+00   3.1198e-02   2.6675e+02
20190719_02:00:00   2.7437e-01   6.7517e+01   6.6702e+00   0.0000e+00   5.3677e-02   2.6733e+02
20190719_03:00:00   2.6584e-01   6.5715e+01   6.5141e+00   0.0000e+00   2.7765e-02   2.6822e+02
20190719_04:00:00   2.6128e-01   6.4800e+01   6.4089e+00   0.0000e+00   2.6944e-02   2.6893e+02
20190719_05:00:00   2.5162e-01   6.2827e+01   6.1854e+00   0.0000e+00   1.3430e-02   2.7015e+02
20190719_06:00:00   2.4341e-01   6.1151e+01   5.9904e+00   0.0000e+00   1.7622e-02   2.7173e+02
20190719_07:00:00   2.3082e-01   5.8586e+01   5.6733e+00   0.0000e+00   1.5864e-02   2.7185e+02
20190719_08:00:00   2.2424e-01   5.7256e+01   5.4996e+00   0.0000e+00   1.4214e-02   2.7312e+02
20190719_09:00:00   2.1985e-01   5.6372e+01   5.3765e+00   0.0000e+00   1.0285e-02   2.7249e+02
20190719_10:00:00   2.1419e-01   5.5224e+01   5.2258e+00   0.0000e+00   9.0451e-03   2.7356e+02
20190719_11:00:00   2.1258e-01   5.4891e+01   5.1773e+00   0.0000e+00   7.8287e-03   2.7401e+02
20190719_12:00:00   2.1410e-01   5.5225e+01   5.2042e+00   0.0000e+00   8.2835e-03   2.7401e+02
20190719_13:00:00   2.1704e-01   5.5875e+01   5.2613e+00   0.0000e+00   4.7845e-03   2.7328e+02
20190719_14:00:00   2.1532e-01   5.5547e+01   5.2044e+00   0.0000e+00   4.5325e-03   2.7309e+02
20190719_15:00:00   2.1922e-01   5.6307e+01   5.3105e+00   0.0000e+00   6.5932e-03   2.7262e+02
20190719_16:00:00   2.2052e-01   5.6573e+01   5.3394e+00   0.0000e+00   3.5688e-03   2.7169e+02
20190719_17:00:00   2.1969e-01   5.6405e+01   5.3072e+00   0.0000e+00   3.0407e-03   2.7139e+02
20190719_18:00:00   2.1695e-01   5.5893e+01   5.2217e+00   0.0000e+00   1.4471e-03   2.7216e+02
20190719_19:00:00   2.1536e-01   5.5599e+01   5.1666e+00   0.0000e+00   2.0331e-03   2.7309e+02
20190719_20:00:00   2.1423e-01   5.5399e+01   5.1268e+00   0.0000e+00   1.9155e-03   2.7397e+02
20190719_21:00:00   2.1282e-01   5.5125e+01   5.0918e+00   0.0000e+00   1.2198e-03   2.7419e+02
20190719_22:00:00   2.1179e-01   5.4897e+01   5.0742e+00   0.0000e+00   1.7649e-03   2.7429e+02
20190719_23:00:00   2.0904e-01   5.4350e+01   5.0069e+00   0.0000e+00   1.4442e-03   2.7321e+02
20190720_00:00:00   2.0455e-01   5.3424e+01   4.8990e+00   0.0000e+00   8.0168e-04   2.7210e+02
20190720_01:00:00   2.0258e-01   5.3033e+01   4.8447e+00   0.0000e+00   3.6740e-04   2.7124e+02
20190720_02:00:00   1.9853e-01   5.2197e+01   4.7339e+00   0.0000e+00   1.4975e-03   2.7195e+02
20190720_03:00:00   1.9252e-01   5.0913e+01   4.5809e+00   0.0000e+00   2.2385e-03   2.7218e+02
20190720_04:00:00   1.9050e-01   5.0509e+01   4.5139e+00   0.0000e+00   2.1006e-03   2.7220e+02
20190720_05:00:00   1.9050e-01   5.0527e+01   4.5021e+00   0.0000e+00   2.2170e-03   2.7262e+02
20190720_06:00:00   1.9117e-01   5.0727e+01   4.4923e+00   0.0000e+00   2.5335e-04   2.7322e+02
20190720_07:00:00   1.9175e-01   5.0892e+01   4.4766e+00   0.0000e+00   1.1956e-04   2.7376e+02
20190720_08:00:00   1.9332e-01   5.1261e+01   4.4886e+00   0.0000e+00   4.2681e-06   2.7408e+02
20190720_09:00:00   1.8979e-01   5.0526e+01   4.3879e+00   0.0000e+00   0.0000e+00   2.7395e+02
20190720_10:00:00   1.8296e-01   4.9020e+01   4.2337e+00   0.0000e+00   0.0000e+00   2.7321e+02
20190720_11:00:00   1.7589e-01   4.7430e+01   4.0782e+00   0.0000e+00   0.0000e+00   2.7287e+02
20190720_12:00:00   1.6982e-01   4.6051e+01   3.9376e+00   0.0000e+00   0.0000e+00   2.7138e+02
20190720_13:00:00   1.6330e-01   4.4536e+01   3.8017e+00   0.0000e+00   5.0540e-07   2.7186e+02
20190720_14:00:00   1.5753e-01   4.3198e+01   3.6694e+00   0.0000e+00   0.0000e+00   2.7174e+02
20190720_15:00:00   1.5136e-01   4.1779e+01   3.5256e+00   0.0000e+00   0.0000e+00   2.7137e+02
20190720_16:00:00   1.4563e-01   4.0455e+01   3.3986e+00   0.0000e+00   0.0000e+00   2.7097e+02
20190720_17:00:00   1.4184e-01   3.9560e+01   3.3207e+00   0.0000e+00   0.0000e+00   2.7296e+02
20190720_18:00:00   1.3828e-01   3.8723e+01   3.2387e+00   0.0000e+00   6.5480e-06   2.7424e+02
20190720_19:00:00   1.3448e-01   3.7839e+01   3.1518e+00   0.0000e+00   1.0108e-06   2.7465e+02
20190720_20:00:00   1.3102e-01   3.7029e+01   3.0718e+00   0.0000e+00   0.0000e+00   2.7483e+02
20190720_21:00:00   1.2832e-01   3.6403e+01   3.0091e+00   0.0000e+00   0.0000e+00   2.7506e+02
20190720_22:00:00   1.2725e-01   3.6137e+01   2.9866e+00   0.0000e+00   2.7520e-06   2.7488e+02
20190720_23:00:00   1.2404e-01   3.5368e+01   2.9152e+00   0.0000e+00   2.9620e-05   2.7359e+02
20190721_00:00:00   1.2002e-01   3.4417e+01   2.8215e+00   0.0000e+00   2.2560e-05   2.7217e+02
20190721_01:00:00   1.1889e-01   3.4139e+01   2.7999e+00   0.0000e+00   1.6744e-05   2.7132e+02
20190721_02:00:00   1.2113e-01   3.4641e+01   2.8619e+00   0.0000e+00   6.5480e-05   2.6969e+02
20190721_03:00:00   1.2708e-01   3.6040e+01   3.0105e+00   0.0000e+00   3.2440e-06   2.7023e+02
20190721_04:00:00   1.3111e-01   3.7001e+01   3.1053e+00   0.0000e+00   0.0000e+00   2.7091e+02
20190721_05:00:00   1.3519e-01   3.7958e+01   3.2025e+00   0.0000e+00   1.2634e-06   2.7223e+02
20190721_06:00:00   1.3628e-01   3.8196e+01   3.2296e+00   0.0000e+00   2.9957e-04   2.7350e+02
20190721_09:00:00   1.3816e-01   3.8637e+01   3.2675e+00   0.0000e+00   3.0381e-03   2.7400e+02
20190721_12:00:00   1.4398e-01   4.0003e+01   3.3947e+00   0.0000e+00   1.0851e-03   2.7166e+02
20190721_15:00:00   1.5810e-01   4.3265e+01   3.7211e+00   0.0000e+00   4.8429e-04   2.7094e+02
20190721_18:00:00   1.7366e-01   4.6793e+01   4.0769e+00   0.0000e+00   6.7617e-03   2.7111e+02
20190721_21:00:00   1.7760e-01   4.7637e+01   4.1997e+00   0.0000e+00   5.8068e-03   2.7103e+02
20190722_00:00:00   1.9738e-01   5.2130e+01   4.2855e+00   6.4740e-03   5.7075e-03   2.7269e+02
20190722_03:00:00   2.5131e-01   6.3811e+01   4.6353e+00   2.1991e-02   2.8774e-02   2.7153e+02
20190722_06:00:00   1.8577e-01   4.9354e+01   4.4165e+00   0.0000e+00   1.7195e-02   2.7434e+02
20190722_09:00:00   1.8222e-01   4.8501e+01   4.3538e+00   0.0000e+00   2.0974e-02   2.7623e+02
20190722_12:00:00   1.7177e-01   4.6348e+01   4.0435e+00   0.0000e+00   1.3898e-05   2.7564e+02
20190722_15:00:00   1.6314e-01   4.4526e+01   3.7927e+00   0.0000e+00   0.0000e+00   2.7339e+02
20190722_18:00:00   1.5787e-01   4.3395e+01   3.6408e+00   0.0000e+00   0.0000e+00   2.7671e+02
20190722_21:00:00   1.5730e-01   4.3323e+01   3.6040e+00   0.0000e+00   0.0000e+00   2.7906e+02
20190723_00:00:00   2.0145e-01   5.3476e+01   3.5877e+00   1.7870e-02   5.6102e-04   2.7821e+02
20190723_03:00:00   1.4944e-01   4.1479e+01   3.4603e+00   0.0000e+00   2.9887e-03   2.7682e+02
20190723_06:00:00   1.6110e-01   4.3958e+01   3.7998e+00   0.0000e+00   1.1544e-03   2.7606e+02
20190723_09:00:00   1.5902e-01   4.3382e+01   3.7781e+00   0.0000e+00   2.1451e-03   2.7532e+02
20190723_12:00:00   1.4954e-01   4.1240e+01   3.5387e+00   0.0000e+00   2.3997e-03   2.7529e+02
20190723_15:00:00   1.6040e-01   4.3583e+01   3.8167e+00   0.0000e+00   2.2676e-03   2.7236e+02
20190723_18:00:00   1.7796e-01   4.7404e+01   4.2488e+00   0.0000e+00   1.6326e-03   2.7426e+02
20190723_21:00:00   1.8373e-01   4.8607e+01   4.4065e+00   0.0000e+00   8.5100e-04   2.7123e+02
20190724_00:00:00   1.9042e-01   5.0232e+01   4.5469e+00   0.0000e+00   0.0000e+00   2.6858e+02
20190724_03:00:00   1.9121e-01   5.0479e+01   4.5729e+00   0.0000e+00   1.3763e-05   2.6911e+02
20190724_06:00:00   1.9358e-01   5.1045e+01   4.6161e+00   0.0000e+00   0.0000e+00   2.6941e+02
20190724_09:00:00   2.2712e-01   5.8358e+01   5.3825e+00   0.0000e+00   4.6642e-05   2.6966e+02
20190724_12:00:00   2.4770e-01   6.2814e+01   5.8123e+00   0.0000e+00   2.9167e-04   2.7111e+02
20190724_15:00:00   2.8482e-01   7.0425e+01   6.6050e+00   0.0000e+00   2.4776e-05   2.7213e+02
20190724_18:00:00   3.1832e-01   7.7064e+01   7.2987e+00   0.0000e+00   0.0000e+00   2.7099e+02
20190724_21:00:00   3.3270e-01   8.0046e+01   7.5412e+00   0.0000e+00   0.0000e+00   2.6794e+02
20190725_00:00:00   3.6357e-01   8.5971e+01   8.0915e+00   7.9110e-04   0.0000e+00   2.6465e+02
20190725_03:00:00   4.2386e-01   9.7023e+01   8.2989e+00   2.1800e-02   8.9196e-05   2.6553e+02
20190725_06:00:00   3.6633e-01   8.6243e+01   8.3381e+00   0.0000e+00   3.4155e-03   2.6411e+02
20190725_09:00:00   3.3794e-01   8.1017e+01   7.7322e+00   0.0000e+00   2.8265e-04   2.6526e+02
20190725_12:00:00   3.1112e-01   7.5761e+01   7.1661e+00   0.0000e+00   8.4959e-04   2.6581e+02
20190725_15:00:00   2.9995e-01   7.3560e+01   6.8975e+00   0.0000e+00   4.2333e-05   2.6886e+02
20190725_18:00:00   2.8549e-01   7.0692e+01   6.5804e+00   0.0000e+00   1.9466e-03   2.6961e+02
20190725_21:00:00   2.5366e-01   6.4190e+01   5.8812e+00   0.0000e+00   0.0000e+00   2.6973e+02
20190726_00:00:00   2.1728e-01   5.6398e+01   5.1246e+00   0.0000e+00   0.0000e+00   2.7056e+02
20190726_03:00:00   1.9700e-01   5.1800e+01   4.7428e+00   0.0000e+00   2.1240e-07   2.7164e+02
20190726_06:00:00   1.8107e-01   4.8211e+01   4.3834e+00   0.0000e+00   0.0000e+00   2.7188e+02
20190726_09:00:00   2.1630e-01   5.6169e+01   5.1307e+00   0.0000e+00   0.0000e+00   2.7155e+02
20190726_12:00:00   2.0245e-01   5.3111e+01   4.8134e+00   0.0000e+00   0.0000e+00   2.7223e+02
20190726_15:00:00   1.9105e-01   5.0537e+01   4.5528e+00   0.0000e+00   0.0000e+00   2.7216e+02
20190726_18:00:00   1.7568e-01   4.7039e+01   4.2091e+00   0.0000e+00   7.6520e-06   2.7295e+02
20190726_21:00:00   1.6164e-01   4.3757e+01   3.9049e+00   0.0000e+00   1.3568e-04   2.7362e+02
20190727_00:00:00   1.4423e-01   3.9754e+01   3.4871e+00   0.0000e+00   7.4041e-04   2.7380e+02
20190727_03:00:00   1.2891e-01   3.6254e+01   3.1099e+00   0.0000e+00   6.9724e-04   2.7348e+02
20190727_06:00:00   1.3191e-01   3.6957e+01   3.1739e+00   0.0000e+00   1.8710e-03   2.7680e+02
20190727_09:00:00   1.2931e-01   3.6315e+01   3.1056e+00   0.0000e+00   1.4614e-03   2.7696e+02
20190727_12:00:00   1.2943e-01   3.6233e+01   3.1057e+00   0.0000e+00   1.2391e-02   2.7761e+02
20190727_15:00:00   1.2374e-01   3.4942e+01   2.9415e+00   0.0000e+00   7.2980e-03   2.8084e+02
20190727_18:00:00   1.1968e-01   3.4104e+01   2.8023e+00   0.0000e+00   4.2172e-04   2.7994e+02
20190727_21:00:00   1.1533e-01   3.3095e+01   2.6784e+00   0.0000e+00   1.2370e-03   2.8252e+02
20190728_00:00:00   1.5282e-01   4.2063e+01   3.2845e+00   3.5500e-03   1.4386e-04   2.8130e+02
20190728_03:00:00   2.0393e-01   5.3587e+01   4.4619e+00   2.5344e-03   5.0433e-05   2.8208e+02
20190728_06:00:00   3.1749e-01   7.7079e+01   6.7787e+00   1.8890e-03   5.5385e-05   2.8247e+02
20190728_09:00:00   3.2772e-01   7.9101e+01   6.9894e+00   0.0000e+00   3.6358e-04   2.8280e+02
20190728_12:00:00   2.9622e-01   7.2913e+01   6.2641e+00   1.2480e-03   2.3154e-04   2.8421e+02
20190728_15:00:00   2.5268e-01   6.3959e+01   5.4615e+00   0.0000e+00   2.3496e-03   2.8152e+02
20190728_18:00:00   2.5458e-01   6.4325e+01   5.5404e+00   0.0000e+00   2.8375e-03   2.8206e+02
20190728_21:00:00   2.5362e-01   6.4104e+01   5.5949e+00   0.0000e+00   2.1455e-03   2.8088e+02
20190729_00:00:00   1.3979e+00   2.0734e+02   8.0634e+00   4.1765e-01   6.4695e-04   2.8053e+02
20190729_03:00:00   2.3231e+00   2.4707e+02   1.0636e+01   7.5516e-01   2.8937e-02   2.7847e+02
20190729_06:00:00   1.5035e+00   2.1303e+02   1.0451e+01   4.1735e-01   5.4336e-02   2.7920e+02
20190729_09:00:00   4.5865e-01   1.0209e+02   9.8242e+00   2.9450e-04   9.7883e-03   2.7642e+02
20190729_12:00:00   3.9436e-01   9.1089e+01   8.5646e+00   0.0000e+00   8.1694e-03   2.7472e+02
20190729_15:00:00   3.4512e-01   8.2078e+01   7.6028e+00   2.3990e-05   1.0641e-02   2.7692e+02
20190729_18:00:00   2.7833e-01   6.9114e+01   6.2464e+00   0.0000e+00   1.0414e-02   2.7580e+02
20190729_21:00:00   2.2280e-01   5.7612e+01   5.0832e+00   0.0000e+00   1.2718e-02   2.7652e+02
20190730_00:00:00   1.9382e-01   5.1281e+01   4.4843e+00   0.0000e+00   7.2725e-03   2.7488e+02
20190730_03:00:00   1.8777e-01   4.9898e+01   4.0660e+00   6.3960e-03   1.2123e-02   2.7386e+02
20190730_06:00:00   1.6749e-01   4.5062e+01   4.0412e+00   0.0000e+00   2.8902e-02   2.7340e+02
20190730_09:00:00   1.6294e-01   4.3916e+01   3.9653e+00   0.0000e+00   2.0514e-02   2.7395e+02
20190730_12:00:00   1.4959e-01   4.0722e+01   3.6739e+00   0.0000e+00   1.6530e-02   2.7395e+02
20190730_15:00:00   1.2557e-01   3.5042e+01   3.0928e+00   0.0000e+00   1.6437e-02   2.7305e+02
20190730_18:00:00   1.2164e-01   3.4120e+01   2.9985e+00   0.0000e+00   8.5585e-03   2.7315e+02
20190730_21:00:00   1.2972e-01   3.6126e+01   3.1886e+00   0.0000e+00   2.1304e-02   2.7230e+02
20190731_00:00:00   1.4230e-01   3.9195e+01   3.4652e+00   0.0000e+00   5.5617e-02   2.6956e+02
20190731_03:00:00   1.5537e-01   4.2361e+01   3.7676e+00   0.0000e+00   2.7255e-02   2.6738e+02
20190731_06:00:00   1.6872e-01   4.5530e+01   4.0477e+00   0.0000e+00   2.6067e-02   2.6841e+02
20190731_09:00:00   1.6767e-01   4.5311e+01   4.0140e+00   0.0000e+00   3.3159e-02   2.6569e+02
20190731_12:00:00   1.7943e-01   4.8013e+01   4.2765e+00   0.0000e+00   8.3509e-03   2.6650e+02
20190731_15:00:00   1.9807e-01   5.2148e+01   4.6619e+00   0.0000e+00   1.6124e-02   2.6654e+02
20190731_18:00:00   1.8887e-01   5.0216e+01   4.4282e+00   0.0000e+00   6.5467e-05   2.6791e+02
20190731_21:00:00   1.8387e-01   4.9229e+01   4.2886e+00   0.0000e+00   0.0000e+00   2.6935e+02
20190801_00:00:00   2.1938e-01   5.7155e+01   5.0230e+00   4.2040e-04   0.0000e+00   2.6853e+02
20190801_03:00:00   2.3341e-01   6.0114e+01   5.3894e+00   0.0000e+00   6.5480e-06   2.6763e+02
20190801_06:00:00   1.8857e-01   5.0294e+01   4.4179e+00   0.0000e+00   0.0000e+00   2.6837e+02
