#            date       tau225        Tb[K]      pwv[mm] lwp[kg*m^-2] iwp[kg*m^-2]       o3[DU]
20190828_00:00:00   7.8997e-02   2.4972e+01   1.6539e+00   0.0000e+00   0.0000e+00   2.6693e+02
20190828_01:00:00   7.9612e-02   2.5143e+01   1.6632e+00   0.0000e+00   0.0000e+00   2.6769e+02
20190828_02:00:00   7.9682e-02   2.5136e+01   1.6681e+00   0.0000e+00   0.0000e+00   2.6861e+02
20190828_03:00:00   7.9925e-02   2.5205e+01   1.6729e+00   0.0000e+00   0.0000e+00   2.6800e+02
20190828_04:00:00   8.0220e-02   2.5288e+01   1.6752e+00   0.0000e+00   0.0000e+00   2.6869e+02
20190828_05:00:00   7.4333e-02   2.3804e+01   1.5386e+00   0.0000e+00   0.0000e+00   2.6912e+02
20190828_06:00:00   7.1182e-02   2.2997e+01   1.4679e+00   0.0000e+00   0.0000e+00   2.7003e+02
20190828_07:00:00   7.1006e-02   2.2941e+01   1.4648e+00   0.0000e+00   0.0000e+00   2.7202e+02
20190828_08:00:00   7.2795e-02   2.3385e+01   1.5095e+00   0.0000e+00   0.0000e+00   2.7295e+02
20190828_09:00:00   7.8125e-02   2.4715e+01   1.6378e+00   0.0000e+00   0.0000e+00   2.7289e+02
20190828_10:00:00   8.5567e-02   2.6562e+01   1.8195e+00   0.0000e+00   0.0000e+00   2.6984e+02
20190828_11:00:00   9.0795e-02   2.7822e+01   1.9496e+00   0.0000e+00   0.0000e+00   2.7029e+02
20190828_12:00:00   8.7129e-02   2.6924e+01   1.8638e+00   0.0000e+00   0.0000e+00   2.7144e+02
20190828_13:00:00   8.3113e-02   2.5931e+01   1.7687e+00   0.0000e+00   0.0000e+00   2.7032e+02
20190828_14:00:00   8.2770e-02   2.5827e+01   1.7663e+00   0.0000e+00   0.0000e+00   2.6769e+02
20190828_15:00:00   8.4363e-02   2.6185e+01   1.8176e+00   0.0000e+00   0.0000e+00   2.6735e+02
20190828_16:00:00   8.5217e-02   2.6366e+01   1.8475e+00   0.0000e+00   0.0000e+00   2.6871e+02
20190828_17:00:00   8.2609e-02   2.5701e+01   1.7876e+00   0.0000e+00   0.0000e+00   2.7032e+02
20190828_18:00:00   8.0380e-02   2.5150e+01   1.7309e+00   0.0000e+00   0.0000e+00   2.7044e+02
20190828_19:00:00   7.8425e-02   2.4668e+01   1.6788e+00   0.0000e+00   0.0000e+00   2.7092e+02
20190828_20:00:00   7.6809e-02   2.4272e+01   1.6396e+00   0.0000e+00   0.0000e+00   2.7052e+02
20190828_21:00:00   7.6908e-02   2.4297e+01   1.6419e+00   0.0000e+00   0.0000e+00   2.7164e+02
20190828_22:00:00   9.2151e-02   2.8111e+01   1.9855e+00   8.4640e-05   0.0000e+00   2.7205e+02
20190828_23:00:00   1.4251e-01   4.0340e+01   2.2309e+00   1.6090e-02   1.6368e-21   2.7125e+02
20190829_00:00:00   2.2770e-01   5.9534e+01   3.0591e+00   3.5248e-02   0.0000e+00   2.7114e+02
20190829_01:00:00   9.5339e-01   1.7106e+02   3.9551e+00   3.1021e-01   0.0000e+00   2.6911e+02
20190829_02:00:00   1.2768e+00   2.0002e+02   4.5578e+00   4.2926e-01   2.2299e-05   2.6751e+02
20190829_03:00:00   1.4841e+00   2.1367e+02   4.8627e+00   5.1090e-01   1.9578e-04   2.6664e+02
20190829_04:00:00   1.3892e+00   2.0754e+02   5.0593e+00   4.6949e-01   4.6227e-04   2.6729e+02
20190829_05:00:00   1.4202e+00   2.0883e+02   5.3002e+00   4.8353e-01   2.4176e-03   2.6646e+02
20190829_06:00:00   8.4935e-01   1.5827e+02   5.1027e+00   2.5399e-01   3.5487e-03   2.6587e+02
20190829_07:00:00   4.3643e-01   9.9670e+01   4.5175e+00   9.3584e-02   2.9715e-05   2.6473e+02
20190829_08:00:00   2.2980e-01   5.9764e+01   3.8983e+00   2.0792e-02   0.0000e+00   2.6526e+02
20190829_09:00:00   1.8325e-01   4.9530e+01   3.5560e+00   8.4170e-03   2.0640e-04   2.6534e+02
20190829_10:00:00   1.4482e-01   4.0717e+01   3.1844e+00   0.0000e+00   5.0540e-06   2.6571e+02
20190829_11:00:00   1.4407e-01   4.0514e+01   2.8105e+00   7.2160e-03   2.1924e-03   2.6653e+02
20190829_12:00:00   1.0822e-01   3.1817e+01   2.4512e+00   0.0000e+00   5.6644e-03   2.6754e+02
20190829_13:00:00   9.6672e-02   2.8959e+01   2.1977e+00   0.0000e+00   8.1477e-03   2.6697e+02
20190829_14:00:00   9.4488e-02   2.8380e+01   2.1516e+00   0.0000e+00   1.6708e-02   2.6567e+02
20190829_15:00:00   9.4758e-02   2.8429e+01   2.1604e+00   0.0000e+00   1.3662e-02   2.6535e+02
20190829_16:00:00   9.3007e-02   2.8052e+01   2.1070e+00   0.0000e+00   5.8341e-03   2.6619e+02
20190829_17:00:00   9.3194e-02   2.8068e+01   2.1189e+00   0.0000e+00   1.3080e-02   2.6500e+02
20190829_18:00:00   9.6101e-02   2.8768e+01   2.1944e+00   0.0000e+00   1.1622e-02   2.6610e+02
20190829_19:00:00   1.0078e-01   2.9877e+01   2.3046e+00   0.0000e+00   2.5481e-02   2.6637e+02
20190829_20:00:00   1.0277e-01   3.0367e+01   2.3554e+00   0.0000e+00   1.9315e-02   2.6532e+02
20190829_21:00:00   1.0718e-01   3.1351e+01   2.4808e+00   0.0000e+00   4.2637e-02   2.6553e+02
20190829_22:00:00   1.1471e-01   3.3108e+01   2.6954e+00   0.0000e+00   2.2408e-02   2.6560e+02
20190829_23:00:00   1.1508e-01   3.3262e+01   2.7013e+00   0.0000e+00   4.6362e-03   2.6546e+02
20190830_00:00:00   1.2334e-01   3.5186e+01   2.9100e+00   0.0000e+00   5.0341e-03   2.6407e+02
20190830_01:00:00   1.7360e-01   4.6891e+01   3.2447e+00   1.5170e-02   7.6320e-03   2.6297e+02
20190830_02:00:00   2.5036e-01   6.3709e+01   3.9700e+00   3.3740e-02   6.7501e-03   2.6063e+02
20190830_03:00:00   2.3900e-01   6.1127e+01   4.3120e+00   2.3690e-02   6.1195e-03   2.6012e+02
20190830_04:00:00   2.3874e-01   6.0999e+01   4.0932e+00   2.8530e-02   1.0326e-02   2.5968e+02
20190830_05:00:00   1.9348e-01   5.0858e+01   4.3084e+00   7.1560e-03   1.2514e-02   2.5982e+02
20190830_06:00:00   1.9295e-01   5.0489e+01   4.7432e+00   0.0000e+00   2.7714e-02   2.5989e+02
20190830_07:00:00   2.1639e-01   5.5428e+01   5.3247e+00   0.0000e+00   3.8221e-02   2.6050e+02
20190830_08:00:00   2.2866e-01   5.7997e+01   5.6306e+00   0.0000e+00   1.3643e-02   2.6121e+02
20190830_09:00:00   2.3464e-01   5.9241e+01   5.7774e+00   0.0000e+00   1.6996e-02   2.6057e+02
20190830_10:00:00   2.4534e-01   6.1480e+01   6.0230e+00   0.0000e+00   2.7587e-02   2.6126e+02
20190830_11:00:00   2.6282e-01   6.5130e+01   6.4215e+00   0.0000e+00   2.2598e-02   2.6013e+02
20190830_12:00:00   2.7475e-01   6.7573e+01   6.6733e+00   0.0000e+00   2.4936e-02   2.5827e+02
20190830_13:00:00   2.8132e-01   6.8890e+01   6.8349e+00   0.0000e+00   1.3274e-02   2.5922e+02
20190830_14:00:00   2.8171e-01   6.8946e+01   6.8527e+00   0.0000e+00   5.7953e-03   2.6085e+02
20190830_15:00:00   2.8343e-01   6.9332e+01   6.8666e+00   0.0000e+00   1.9670e-02   2.6039e+02
20190830_16:00:00   2.8402e-01   6.9582e+01   6.8323e+00   0.0000e+00   1.6864e-02   2.6000e+02
20190830_17:00:00   2.8555e-01   6.9970e+01   6.8366e+00   0.0000e+00   4.7040e-03   2.6050e+02
20190830_18:00:00   2.9328e-01   7.1571e+01   6.9869e+00   0.0000e+00   1.9281e-03   2.6150e+02
20190830_19:00:00   3.0416e-01   7.3777e+01   7.2016e+00   0.0000e+00   6.2343e-04   2.6094e+02
20190830_20:00:00   3.1591e-01   7.6137e+01   7.4393e+00   0.0000e+00   1.2402e-03   2.6083e+02
20190830_21:00:00   3.2243e-01   7.7441e+01   7.5762e+00   0.0000e+00   4.3587e-03   2.6025e+02
20190830_22:00:00   3.2356e-01   7.7740e+01   7.5864e+00   0.0000e+00   8.5046e-03   2.6125e+02
20190830_23:00:00   3.2450e-01   7.7953e+01   7.6030e+00   0.0000e+00   5.9996e-03   2.5887e+02
20190831_00:00:00   3.2628e-01   7.8375e+01   7.6090e+00   0.0000e+00   2.7940e-03   2.5821e+02
20190831_01:00:00   3.2457e-01   7.8104e+01   7.5639e+00   0.0000e+00   2.3034e-03   2.6023e+02
20190831_02:00:00   3.2144e-01   7.7574e+01   7.4558e+00   0.0000e+00   1.1246e-03   2.5970e+02
20190831_03:00:00   3.1606e-01   7.6634e+01   7.3011e+00   0.0000e+00   8.4495e-04   2.5866e+02
20190831_04:00:00   3.1756e-01   7.6989e+01   7.2910e+00   0.0000e+00   7.5910e-04   2.5798e+02
20190831_05:00:00   3.3395e-01   8.0196e+01   7.5628e+00   6.5480e-04   8.0126e-04   2.5761e+02
20190831_06:00:00   3.4876e-01   8.3017e+01   7.8566e+00   3.2740e-04   1.5317e-03   2.5801e+02
20190831_07:00:00   3.6167e-01   8.5497e+01   8.1116e+00   0.0000e+00   9.5163e-04   2.5769e+02
20190831_08:00:00   3.6837e-01   8.6796e+01   8.2090e+00   0.0000e+00   6.5981e-04   2.5719e+02
20190831_09:00:00   3.6818e-01   8.6787e+01   8.1660e+00   0.0000e+00   3.1988e-04   2.5800e+02
20190831_10:00:00   3.6753e-01   8.6720e+01   8.1364e+00   0.0000e+00   2.7314e-04   2.5767e+02
20190831_11:00:00   3.6853e-01   8.6893e+01   8.1468e+00   0.0000e+00   3.2180e-05   2.5664e+02
20190831_12:00:00   3.6580e-01   8.6415e+01   8.0802e+00   0.0000e+00   2.2020e-05   2.5671e+02
20190831_13:00:00   3.6356e-01   8.6001e+01   8.0142e+00   0.0000e+00   1.4030e-05   2.5780e+02
20190831_14:00:00   3.6142e-01   8.5596e+01   7.9613e+00   0.0000e+00   1.0624e-06   2.5777e+02
20190831_15:00:00   3.6285e-01   8.5870e+01   7.9915e+00   0.0000e+00   0.0000e+00   2.5905e+02
20190831_16:00:00   3.5925e-01   8.5216e+01   7.9211e+00   0.0000e+00   0.0000e+00   2.6064e+02
20190831_17:00:00   3.5607e-01   8.4646e+01   7.8507e+00   0.0000e+00   1.6516e-05   2.6224e+02
20190831_18:00:00   3.5226e-01   8.3981e+01   7.7627e+00   0.0000e+00   6.7476e-05   2.6195e+02
20190831_19:00:00   3.4587e-01   8.2825e+01   7.6298e+00   0.0000e+00   1.0711e-04   2.6144e+02
20190831_20:00:00   3.3906e-01   8.1588e+01   7.4845e+00   0.0000e+00   2.8238e-04   2.6202e+02
20190831_21:00:00   3.3393e-01   8.0663e+01   7.3817e+00   0.0000e+00   1.1345e-03   2.6196e+02
20190831_22:00:00   3.3118e-01   8.0136e+01   7.3248e+00   0.0000e+00   2.0678e-03   2.6174e+02
20190831_23:00:00   3.3357e-01   8.0614e+01   7.3343e+00   5.4420e-04   3.0302e-03   2.6262e+02
20190901_00:00:00   3.5816e-01   8.5425e+01   7.3037e+00   1.0830e-02   3.0132e-03   2.6335e+02
20190901_01:00:00   3.9814e-01   9.2947e+01   7.3300e+00   2.6720e-02   2.7313e-03   2.6239e+02
20190901_02:00:00   4.1211e-01   9.5466e+01   7.3216e+00   3.2860e-02   2.7284e-03   2.6163e+02
20190901_03:00:00   3.7634e-01   8.8803e+01   7.1989e+00   2.1460e-02   2.7686e-03   2.6080e+02
20190901_04:00:00   3.0790e-01   7.5413e+01   6.9279e+00   0.0000e+00   2.7641e-03   2.6175e+02
20190901_05:00:00   2.8887e-01   7.1553e+01   6.5446e+00   0.0000e+00   5.1261e-03   2.6140e+02
20190901_06:00:00   2.7551e-01   6.8822e+01   6.2600e+00   0.0000e+00   8.6703e-03   2.6212e+02
20190901_07:00:00   2.6217e-01   6.6104e+01   5.9640e+00   0.0000e+00   7.9520e-03   2.6343e+02
20190901_08:00:00   2.5282e-01   6.4182e+01   5.7533e+00   0.0000e+00   6.9915e-03   2.6367e+02
20190901_09:00:00   2.4218e-01   6.1954e+01   5.5167e+00   0.0000e+00   4.2464e-03   2.6433e+02
20190901_10:00:00   2.3064e-01   5.9532e+01   5.2652e+00   0.0000e+00   3.5857e-03   2.6388e+02
20190901_11:00:00   2.2300e-01   5.7912e+01   5.0899e+00   0.0000e+00   4.4793e-03   2.6341e+02
20190901_12:00:00   2.2103e-01   5.7486e+01   5.0218e+00   0.0000e+00   4.7782e-03   2.6314e+02
20190901_13:00:00   2.1759e-01   5.6771e+01   4.9403e+00   0.0000e+00   5.5013e-03   2.6486e+02
20190901_14:00:00   2.2175e-01   5.7700e+01   5.0088e+00   0.0000e+00   5.2906e-03   2.6371e+02
20190901_15:00:00   2.2882e-01   5.9226e+01   5.1412e+00   0.0000e+00   4.4292e-03   2.6342e+02
20190901_16:00:00   2.3114e-01   5.9719e+01   5.1802e+00   0.0000e+00   4.8626e-03   2.6371e+02
20190901_17:00:00   2.2835e-01   5.9117e+01   5.1078e+00   0.0000e+00   5.3103e-03   2.6420e+02
20190901_18:00:00   2.2861e-01   5.9200e+01   5.0826e+00   0.0000e+00   3.7004e-03   2.6539e+02
20190901_19:00:00   2.3919e-01   6.1501e+01   5.2524e+00   0.0000e+00   3.5042e-03   2.6493e+02
20190901_20:00:00   2.4924e-01   6.3659e+01   5.4045e+00   0.0000e+00   4.1285e-03   2.6422e+02
20190901_21:00:00   2.3933e-01   6.1601e+01   5.1956e+00   0.0000e+00   5.6781e-03   2.6448e+02
20190901_22:00:00   2.0626e-01   5.4481e+01   4.5393e+00   0.0000e+00   6.2761e-03   2.6585e+02
20190901_23:00:00   1.7964e-01   4.8565e+01   3.9693e+00   3.4780e-04   5.5555e-03   2.6608e+02
20190902_00:00:00   1.7788e-01   4.8142e+01   3.9439e+00   0.0000e+00   5.0524e-03   2.6478e+02
20190902_03:00:00   1.6728e-01   4.5718e+01   3.7605e+00   0.0000e+00   4.3824e-03   2.6460e+02
20190902_06:00:00   1.0730e-01   3.1503e+01   2.4887e+00   0.0000e+00   2.1054e-03   2.6639e+02
20190902_09:00:00   1.1591e-01   3.3500e+01   2.7216e+00   0.0000e+00   2.2400e-04   2.6707e+02
20190902_12:00:00   1.1899e-01   3.4211e+01   2.7926e+00   0.0000e+00   6.7680e-06   2.6754e+02
20190902_15:00:00   1.0498e-01   3.0903e+01   2.4375e+00   0.0000e+00   9.3000e-06   2.6558e+02
20190902_18:00:00   1.0015e-01   2.9752e+01   2.3083e+00   0.0000e+00   9.8357e-05   2.6687e+02
20190902_21:00:00   1.0227e-01   3.0304e+01   2.3475e+00   0.0000e+00   9.5054e-04   2.6944e+02
20190903_00:00:00   1.3915e-01   3.9171e+01   2.6274e+00   9.9630e-03   4.6989e-04   2.6777e+02
20190903_03:00:00   1.1580e-01   3.3439e+01   2.5838e+00   2.0200e-03   3.9677e-04   2.6872e+02
20190903_06:00:00   1.0485e-01   3.0698e+01   2.4696e+00   0.0000e+00   3.6583e-04   2.6802e+02
20190903_09:00:00   1.0262e-01   3.0144e+01   2.4169e+00   0.0000e+00   2.1777e-03   2.7316e+02
20190903_12:00:00   9.5009e-02   2.8277e+01   2.2254e+00   0.0000e+00   2.7833e-03   2.7101e+02
20190903_15:00:00   1.0105e-01   2.9840e+01   2.3461e+00   0.0000e+00   3.0276e-05   2.6892e+02
20190903_18:00:00   9.2893e-02   2.7863e+01   2.1523e+00   0.0000e+00   0.0000e+00   2.6937e+02
20190903_21:00:00   8.6654e-02   2.6364e+01   1.9932e+00   0.0000e+00   0.0000e+00   2.6898e+02
20190904_00:00:00   1.1321e-01   3.2975e+01   2.5738e+00   0.0000e+00   8.2580e-06   2.6515e+02
20190904_03:00:00   1.2353e-01   3.5482e+01   2.7681e+00   6.4980e-04   0.0000e+00   2.6233e+02
20190904_06:00:00   1.2085e-01   3.4915e+01   2.1400e+00   1.0498e-02   0.0000e+00   2.6399e+02
20190904_09:00:00   8.9112e-02   2.7105e+01   2.0089e+00   0.0000e+00   0.0000e+00   2.6572e+02
20190904_12:00:00   8.0324e-02   2.4879e+01   1.8101e+00   0.0000e+00   0.0000e+00   2.6441e+02
20190904_15:00:00   8.3167e-02   2.5599e+01   1.8710e+00   0.0000e+00   0.0000e+00   2.6369e+02
20190904_18:00:00   8.5879e-02   2.6264e+01   1.9434e+00   0.0000e+00   0.0000e+00   2.6309e+02
20190904_21:00:00   8.5097e-02   2.6040e+01   1.9336e+00   0.0000e+00   3.4640e-05   2.6291e+02
20190905_00:00:00   9.5823e-02   2.8727e+01   2.1787e+00   0.0000e+00   5.8120e-06   2.6183e+02
20190905_03:00:00   1.2311e-01   3.5447e+01   2.7016e+00   1.2420e-03   4.5375e-05   2.6319e+02
20190905_06:00:00   1.2736e-01   3.6420e+01   2.8837e+00   0.0000e+00   9.9040e-05   2.6384e+02
20190905_09:00:00   1.0711e-01   3.1537e+01   2.4251e+00   0.0000e+00   0.0000e+00   2.6493e+02
20190905_12:00:00   1.2057e-01   3.4854e+01   2.6878e+00   2.8130e-04   2.2018e-04   2.6249e+02
20190905_15:00:00   1.6440e-01   4.5162e+01   3.6326e+00   0.0000e+00   1.0063e-03   2.6052e+02
20190905_18:00:00   1.5177e-01   4.2264e+01   3.3831e+00   0.0000e+00   2.6991e-03   2.6145e+02
20190905_21:00:00   1.3176e-01   3.7518e+01   2.9958e+00   0.0000e+00   2.3621e-03   2.5965e+02
20190906_00:00:00   1.0417e-01   3.0765e+01   2.4138e+00   0.0000e+00   5.3091e-04   2.5686e+02
20190906_03:00:00   1.0234e-01   3.0217e+01   2.3961e+00   0.0000e+00   7.2016e-04   2.5746e+02
20190906_06:00:00   1.0403e-01   3.0680e+01   2.4067e+00   0.0000e+00   2.8435e-04   2.5677e+02
20190906_09:00:00   1.0716e-01   3.1473e+01   2.4647e+00   0.0000e+00   8.1261e-04   2.5828e+02
20190906_12:00:00   1.1916e-01   3.4340e+01   2.7422e+00   0.0000e+00   6.9155e-03   2.5775e+02
20190906_15:00:00   1.2608e-01   3.5871e+01   2.9408e+00   0.0000e+00   1.6004e-02   2.5831e+02
20190906_18:00:00   1.1927e-01   3.4220e+01   2.8068e+00   0.0000e+00   2.8812e-03   2.5686e+02
20190906_21:00:00   1.1475e-01   3.3180e+01   2.6929e+00   0.0000e+00   1.9623e-04   2.5645e+02
20190907_00:00:00   1.3332e-01   3.7734e+01   2.8412e+00   4.0297e-03   1.3094e-05   2.5688e+02
20190907_03:00:00   1.8906e-01   5.0763e+01   3.0606e+00   2.2154e-02   0.0000e+00   2.5786e+02
20190907_06:00:00   1.2090e-01   3.4809e+01   2.7776e+00   0.0000e+00   0.0000e+00   2.5737e+02
20190907_09:00:00   1.0146e-01   3.0115e+01   2.3318e+00   0.0000e+00   0.0000e+00   2.5940e+02
20190907_12:00:00   8.9040e-02   2.7088e+01   2.0351e+00   0.0000e+00   0.0000e+00   2.6038e+02
20190907_15:00:00   8.0665e-02   2.5017e+01   1.8352e+00   0.0000e+00   0.0000e+00   2.5807e+02
20190907_18:00:00   9.2532e-02   2.8009e+01   2.1111e+00   0.0000e+00   0.0000e+00   2.5862e+02
20190907_21:00:00   9.1596e-02   2.7788e+01   2.0880e+00   0.0000e+00   7.3620e-05   2.6054e+02
20190908_00:00:00   9.8433e-02   2.9497e+01   2.0766e+00   2.6920e-03   0.0000e+00   2.5845e+02
20190908_03:00:00   1.3132e-01   3.7566e+01   2.1517e+00   1.4600e-02   0.0000e+00   2.5568e+02
20190908_06:00:00   9.0483e-02   2.7491e+01   2.0772e+00   0.0000e+00   0.0000e+00   2.5644e+02
20190908_09:00:00   7.5514e-02   2.3740e+01   1.7172e+00   0.0000e+00   2.3477e-04   2.5801e+02
20190908_12:00:00   7.5531e-02   2.3786e+01   1.7045e+00   0.0000e+00   0.0000e+00   2.5519e+02
20190908_15:00:00   7.0259e-02   2.2405e+01   1.5914e+00   0.0000e+00   4.5873e-04   2.5668e+02
20190908_18:00:00   8.3136e-02   2.5708e+01   1.8870e+00   0.0000e+00   5.1340e-05   2.5962e+02
20190908_21:00:00   2.1152e-01   5.5852e+01   4.6680e+00   2.2509e-04   0.0000e+00   2.6075e+02
20190909_00:00:00   3.6229e-01   8.6572e+01   6.9745e+00   1.3883e-02   2.6280e-06   2.5798e+02
20190909_03:00:00   1.7469e+00   2.2862e+02   8.9597e+00   5.2851e-01   1.7715e-04   2.5663e+02
20190909_06:00:00   1.2479e+00   1.9733e+02   8.9652e+00   3.3087e-01   3.8223e-03   2.5769e+02
20190909_09:00:00   1.6423e+00   2.2277e+02   9.5824e+00   4.7834e-01   7.5434e-05   2.5752e+02
20190909_12:00:00   2.0003e+00   2.3847e+02   9.8978e+00   6.1895e-01   1.1179e-04   2.5650e+02
20190909_15:00:00   1.0726e+00   1.8168e+02   9.6918e+00   2.4665e-01   2.2667e-04   2.5518e+02
20190909_18:00:00   4.5206e-01   1.0219e+02   9.3735e+00   6.5480e-04   5.7313e-05   2.5466e+02
20190909_21:00:00   4.6812e-01   1.0476e+02   9.7913e+00   0.0000e+00   1.2480e-04   2.5575e+02
20190910_00:00:00   4.9900e-01   1.0945e+02   1.0634e+01   0.0000e+00   3.7821e-03   2.5503e+02
20190910_03:00:00   5.0319e-01   1.0988e+02   1.0840e+01   3.2740e-04   4.9464e-03   2.5501e+02
20190910_06:00:00   5.4822e-01   1.1664e+02   1.1598e+01   4.9097e-03   3.9189e-02   2.5606e+02
20190910_09:00:00   5.1525e-01   1.1139e+02   1.1220e+01   3.2740e-04   2.5878e-03   2.5856e+02
20190910_12:00:00   4.9682e-01   1.0845e+02   1.0707e+01   2.9460e-03   1.3440e-03   2.5822e+02
20190910_15:00:00   4.6947e-01   1.0389e+02   1.0352e+01   0.0000e+00   7.8661e-03   2.5820e+02
20190910_18:00:00   4.7007e-01   1.0392e+02   1.0384e+01   0.0000e+00   3.2165e-02   2.5919e+02
20190910_21:00:00   4.8718e-01   1.0654e+02   1.0812e+01   0.0000e+00   1.0666e-01   2.5816e+02
20190911_00:00:00   5.2983e-01   1.1318e+02   1.1584e+01   2.8850e-03   9.2179e-02   2.5738e+02
20190911_03:00:00   4.9319e-01   1.0710e+02   1.0957e+01   6.0060e-04   2.6303e-01   2.5500e+02
20190911_06:00:00   5.9565e-01   1.2349e+02   1.1059e+01   3.7220e-02   3.1638e-01   2.5596e+02
20190911_09:00:00   4.8131e-01   1.0531e+02   1.0764e+01   0.0000e+00   1.6772e-02   2.5792e+02
20190911_12:00:00   4.5279e-01   1.0046e+02   1.0180e+01   0.0000e+00   2.8364e-02   2.5721e+02
20190911_15:00:00   4.6007e-01   1.0170e+02   1.0325e+01   0.0000e+00   8.8870e-03   2.5445e+02
20190911_18:00:00   4.5623e-01   1.0105e+02   1.0295e+01   0.0000e+00   3.9851e-02   2.5429e+02
20190911_21:00:00   4.5771e-01   1.0136e+02   1.0364e+01   0.0000e+00   3.2976e-02   2.5741e+02
20190912_00:00:00   8.3926e-01   1.5555e+02   1.2257e+01   1.1571e-01   2.1065e-02   2.5604e+02
20190912_03:00:00   9.8224e-01   1.7158e+02   1.2494e+01   1.6280e-01   2.8853e-01   2.5547e+02
20190912_06:00:00   9.7335e-01   1.7070e+02   1.1779e+01   1.7845e-01   7.2833e-03   2.5452e+02
20190912_09:00:00   5.2764e-01   1.1317e+02   1.1542e+01   0.0000e+00   7.5097e-03   2.5771e+02
20190912_12:00:00   5.2265e-01   1.1233e+02   1.1328e+01   1.9642e-03   2.8350e-03   2.5684e+02
20190912_15:00:00   4.8769e-01   1.0691e+02   1.0647e+01   0.0000e+00   4.0478e-05   2.5788e+02
20190912_18:00:00   4.6418e-01   1.0313e+02   1.0129e+01   0.0000e+00   6.6761e-04   2.5797e+02
20190912_21:00:00   4.5079e-01   1.0099e+02   9.8132e+00   0.0000e+00   2.8252e-04   2.5683e+02
20190913_00:00:00   6.3638e-01   1.3025e+02   1.0863e+01   5.5960e-02   4.6743e-03   2.5543e+02
