#            date       tau225        Tb[K]      pwv[mm] lwp[kg*m^-2] iwp[kg*m^-2]       o3[DU]
20191008_12:00:00   1.2693e-01   3.6618e+01   2.8422e+00   0.0000e+00   6.9310e-06   2.5340e+02
20191008_13:00:00   1.2580e-01   3.6341e+01   2.8163e+00   0.0000e+00   4.7650e-06   2.5175e+02
20191008_14:00:00   1.2173e-01   3.5375e+01   2.7229e+00   0.0000e+00   0.0000e+00   2.5229e+02
20191008_15:00:00   1.2027e-01   3.5028e+01   2.6884e+00   0.0000e+00   0.0000e+00   2.5291e+02
20191008_16:00:00   1.2005e-01   3.4975e+01   2.6787e+00   0.0000e+00   0.0000e+00   2.5120e+02
20191008_17:00:00   1.1837e-01   3.4594e+01   2.6325e+00   0.0000e+00   0.0000e+00   2.5097e+02
20191008_18:00:00   1.1608e-01   3.4062e+01   2.5716e+00   0.0000e+00   0.0000e+00   2.5192e+02
20191008_19:00:00   1.1353e-01   3.3465e+01   2.5075e+00   0.0000e+00   0.0000e+00   2.5211e+02
20191008_20:00:00   1.1185e-01   3.3056e+01   2.4665e+00   0.0000e+00   0.0000e+00   2.5312e+02
20191008_21:00:00   1.1353e-01   3.3441e+01   2.5046e+00   0.0000e+00   0.0000e+00   2.5363e+02
20191008_22:00:00   1.1542e-01   3.3862e+01   2.5517e+00   0.0000e+00   0.0000e+00   2.5304e+02
20191008_23:00:00   1.1456e-01   3.3637e+01   2.5425e+00   0.0000e+00   0.0000e+00   2.5159e+02
20191009_00:00:00   1.1867e-01   3.4621e+01   2.5651e+00   1.4290e-03   1.6318e-06   2.5192e+02
20191009_01:00:00   1.1922e-01   3.4746e+01   2.5594e+00   1.8950e-03   0.0000e+00   2.5201e+02
20191009_02:00:00   1.1990e-01   3.4889e+01   2.5925e+00   1.7480e-03   0.0000e+00   2.5127e+02
20191009_03:00:00   1.1766e-01   3.4325e+01   2.6221e+00   4.0250e-04   1.6318e-06   2.5184e+02
20191009_04:00:00   1.1581e-01   3.3879e+01   2.6027e+00   0.0000e+00   1.6318e-06   2.5236e+02
20191009_05:00:00   1.1376e-01   3.3392e+01   2.5537e+00   0.0000e+00   0.0000e+00   2.5215e+02
20191009_06:00:00   1.0766e-01   3.1901e+01   2.4103e+00   0.0000e+00   1.5810e-06   2.5250e+02
20191009_07:00:00   9.8388e-02   2.9612e+01   2.1937e+00   0.0000e+00   1.6318e-06   2.5218e+02
20191009_08:00:00   8.9680e-02   2.7446e+01   1.9878e+00   0.0000e+00   1.6318e-06   2.5388e+02
20191009_09:00:00   8.0694e-02   2.5217e+01   1.7696e+00   0.0000e+00   9.2838e-06   2.5523e+02
20191009_10:00:00   7.4011e-02   2.3548e+01   1.6045e+00   0.0000e+00   2.2200e-05   2.5633e+02
20191009_11:00:00   7.1011e-02   2.2812e+01   1.5260e+00   0.0000e+00   3.9060e-05   2.5572e+02
20191009_12:00:00   7.5713e-02   2.4037e+01   1.6259e+00   0.0000e+00   4.9780e-06   2.5513e+02
20191009_13:00:00   8.3566e-02   2.6059e+01   1.7939e+00   0.0000e+00   1.6318e-06   2.5536e+02
20191009_14:00:00   8.8751e-02   2.7399e+01   1.8997e+00   0.0000e+00   1.1911e-06   2.5583e+02
20191009_15:00:00   8.9448e-02   2.7600e+01   1.9044e+00   0.0000e+00   1.1486e-06   2.5515e+02
20191009_16:00:00   9.3663e-02   2.8683e+01   1.9887e+00   0.0000e+00   2.7080e-06   2.5601e+02
20191009_17:00:00   1.0563e-01   3.1637e+01   2.2520e+00   0.0000e+00   6.4600e-06   2.5742e+02
20191009_18:00:00   1.3217e-01   3.8025e+01   2.8230e+00   0.0000e+00   5.0540e-07   2.5848e+02
20191009_19:00:00   1.5687e-01   4.3815e+01   3.3415e+00   0.0000e+00   2.2020e-06   2.5642e+02
20191009_20:00:00   1.4935e-01   4.2066e+01   3.2007e+00   0.0000e+00   0.0000e+00   2.5660e+02
20191009_21:00:00   1.3687e-01   3.9091e+01   2.9537e+00   0.0000e+00   0.0000e+00   2.5635e+02
20191009_22:00:00   1.0310e-01   3.0990e+01   2.2050e+00   0.0000e+00   2.8720e-07   2.5648e+02
20191009_23:00:00   9.2637e-02   2.8462e+01   1.9500e+00   0.0000e+00   1.3918e-05   2.5461e+02
20191010_00:00:00   1.0784e-01   3.2230e+01   2.2639e+00   0.0000e+00   1.8910e-05   2.5444e+02
20191010_01:00:00   1.3416e-01   3.8583e+01   2.8265e+00   0.0000e+00   1.6544e-05   2.5389e+02
20191010_02:00:00   1.6764e-01   4.6375e+01   3.5275e+00   0.0000e+00   3.8940e-05   2.5325e+02
20191010_03:00:00   2.1804e-01   5.7531e+01   4.5754e+00   0.0000e+00   5.7647e-06   2.5278e+02
20191010_04:00:00   3.3110e-01   8.0439e+01   6.8762e+00   0.0000e+00   4.7179e-06   2.5182e+02
20191010_05:00:00   3.8291e-01   9.0061e+01   7.8861e+00   0.0000e+00   8.1580e-06   2.5136e+02
20191010_06:00:00   4.0028e-01   9.3141e+01   8.2566e+00   0.0000e+00   1.3396e-05   2.5258e+02
20191010_07:00:00   4.8829e-01   1.0798e+02   9.3486e+00   1.6230e-02   4.9828e-03   2.5340e+02
20191010_08:00:00   9.8482e-01   1.7182e+02   1.2151e+01   1.6982e-01   1.6837e-01   2.5234e+02
20191010_09:00:00   8.4079e-01   1.5592e+02   1.2824e+01   9.7369e-02   3.0940e-01   2.5298e+02
20191010_10:00:00   6.9884e-01   1.3815e+02   1.2813e+01   4.0806e-02   5.4145e-02   2.5312e+02
20191010_11:00:00   8.7220e-01   1.5966e+02   1.2822e+01   1.1249e-01   6.6226e-02   2.5295e+02
20191010_12:00:00   9.0266e-01   1.6300e+02   1.2762e+01   1.2788e-01   1.0872e-01   2.5201e+02
20191010_13:00:00   7.6996e-01   1.4747e+02   1.2654e+01   7.5402e-02   3.0946e-02   2.5198e+02
20191010_14:00:00   1.8085e+00   2.2883e+02   1.3106e+01   4.9504e-01   1.4587e-01   2.5231e+02
20191010_15:00:00   1.4767e+00   2.1052e+02   1.3076e+01   3.6317e-01   2.7142e-01   2.5399e+02
20191010_16:00:00   5.9479e-01   1.2311e+02   1.2480e+01   8.4030e-03   1.6024e-01   2.5463e+02
20191010_17:00:00   5.2965e-01   1.1314e+02   1.1689e+01   0.0000e+00   1.1915e-01   2.5430e+02
20191010_18:00:00   4.9898e-01   1.0827e+02   1.1165e+01   0.0000e+00   4.7115e-02   2.5275e+02
20191010_19:00:00   5.2069e-01   1.1184e+02   1.1592e+01   0.0000e+00   3.6516e-02   2.5155e+02
20191010_20:00:00   5.5414e-01   1.1710e+02   1.2210e+01   0.0000e+00   6.3096e-02   2.5078e+02
20191010_21:00:00   7.3228e-01   1.4251e+02   1.3394e+01   4.4697e-02   1.5052e-01   2.5194e+02
20191010_22:00:00   7.8118e-01   1.4876e+02   1.3516e+01   6.0680e-02   2.7856e-01   2.5213e+02
20191010_23:00:00   7.7839e-01   1.4834e+02   1.3375e+01   6.2811e-02   2.7490e-01   2.5123e+02
20191011_00:00:00   6.3026e-01   1.2828e+02   1.3328e+01   5.3055e-03   1.9254e-01   2.4974e+02
20191011_01:00:00   1.0751e+00   1.8053e+02   1.3713e+01   1.7516e-01   5.2803e-01   2.4817e+02
20191011_02:00:00   6.6724e-01   1.3338e+02   1.3527e+01   1.4140e-02   4.6543e-01   2.4749e+02
20191011_03:00:00   6.4115e-01   1.2969e+02   1.3502e+01   2.8207e-03   5.6871e-01   2.4788e+02
20191011_04:00:00   6.3933e-01   1.2950e+02   1.3517e+01   1.7885e-03   5.2090e-01   2.4792e+02
20191011_05:00:00   6.2893e-01   1.2806e+02   1.3383e+01   1.0974e-03   3.7267e-01   2.4678e+02
20191011_06:00:00   6.3822e-01   1.2943e+02   1.3423e+01   5.0200e-03   2.2875e-01   2.4534e+02
20191011_07:00:00   6.8528e-01   1.3594e+02   1.3445e+01   2.4077e-02   1.6666e-01   2.4565e+02
20191011_08:00:00   7.1164e-01   1.3949e+02   1.3385e+01   3.6013e-02   1.8060e-01   2.4691e+02
20191011_09:00:00   6.3377e-01   1.2874e+02   1.3114e+01   1.1139e-02   1.1831e-01   2.4775e+02
20191011_10:00:00   5.9119e-01   1.2261e+02   1.2685e+01   3.9280e-03   5.5762e-02   2.4692e+02
20191011_11:00:00   5.5044e-01   1.1653e+02   1.2126e+01   0.0000e+00   1.3661e-02   2.4577e+02
20191011_12:00:00   5.4659e-01   1.1597e+02   1.2047e+01   0.0000e+00   1.4174e-02   2.4481e+02
20191011_13:00:00   5.5674e-01   1.1762e+02   1.2201e+01   0.0000e+00   8.5100e-03   2.4457e+02
20191011_14:00:00   5.6143e-01   1.1837e+02   1.2272e+01   0.0000e+00   1.0531e-02   2.4552e+02
20191011_15:00:00   5.4238e-01   1.1543e+02   1.1935e+01   0.0000e+00   9.8110e-03   2.4650e+02
20191011_16:00:00   5.2143e-01   1.1215e+02   1.1560e+01   0.0000e+00   6.2031e-03   2.4588e+02
20191011_17:00:00   4.9735e-01   1.0824e+02   1.1137e+01   0.0000e+00   2.8388e-03   2.4581e+02
20191011_18:00:00   4.8557e-01   1.0629e+02   1.0940e+01   0.0000e+00   9.1517e-03   2.4547e+02
20191011_19:00:00   4.7544e-01   1.0464e+02   1.0762e+01   0.0000e+00   9.3942e-03   2.4457e+02
20191011_20:00:00   4.6165e-01   1.0242e+02   1.0491e+01   0.0000e+00   2.5798e-03   2.4487e+02
20191011_21:00:00   4.0996e-01   9.3627e+01   9.4291e+00   0.0000e+00   4.6547e-04   2.4358e+02
20191011_22:00:00   3.6490e-01   8.5718e+01   8.3872e+00   0.0000e+00   0.0000e+00   2.4316e+02
20191011_23:00:00   3.0679e-01   7.4962e+01   7.0074e+00   0.0000e+00   2.4220e-05   2.4434e+02
20191012_00:00:00   2.7255e-01   6.8220e+01   6.2295e+00   0.0000e+00   1.1011e-04   2.4508e+02
20191012_01:00:00   2.6121e-01   6.5923e+01   5.9779e+00   0.0000e+00   7.5958e-05   2.4263e+02
20191012_02:00:00   2.2641e-01   5.8714e+01   5.1945e+00   7.3330e-05   1.6318e-06   2.4225e+02
20191012_03:00:00   1.4824e-01   4.1375e+01   3.4248e+00   0.0000e+00   0.0000e+00   2.4285e+02
20191012_04:00:00   9.5414e-02   2.8751e+01   2.1816e+00   0.0000e+00   0.0000e+00   2.4294e+02
20191012_05:00:00   8.3180e-02   2.5741e+01   1.8775e+00   0.0000e+00   0.0000e+00   2.4405e+02
20191012_06:00:00   7.7445e-02   2.4301e+01   1.7375e+00   0.0000e+00   2.0946e-06   2.4500e+02
20191012_07:00:00   7.4493e-02   2.3551e+01   1.6649e+00   0.0000e+00   4.2500e-07   2.4470e+02
20191012_08:00:00   7.1402e-02   2.2810e+01   1.5763e+00   0.0000e+00   4.4043e-05   2.4406e+02
20191012_09:00:00   6.8756e-02   2.2163e+01   1.5024e+00   0.0000e+00   1.3573e-03   2.4346e+02
20191012_10:00:00   6.7933e-02   2.1947e+01   1.4819e+00   0.0000e+00   5.2443e-03   2.4363e+02
20191012_11:00:00   6.7889e-02   2.1925e+01   1.4845e+00   0.0000e+00   7.5625e-03   2.4331e+02
20191012_12:00:00   6.6828e-02   2.1692e+01   1.4557e+00   0.0000e+00   9.8905e-04   2.4384e+02
20191012_13:00:00   6.7140e-02   2.1794e+01   1.4605e+00   0.0000e+00   1.7158e-04   2.4404e+02
20191012_14:00:00   6.7537e-02   2.1879e+01   1.4756e+00   0.0000e+00   1.3518e-04   2.4438e+02
20191012_15:00:00   6.8604e-02   2.2137e+01   1.5076e+00   0.0000e+00   2.6600e-05   2.4347e+02
20191012_16:00:00   6.9533e-02   2.2359e+01   1.5352e+00   0.0000e+00   3.7441e-05   2.4189e+02
20191012_17:00:00   7.0941e-02   2.2699e+01   1.5753e+00   0.0000e+00   9.7381e-04   2.4163e+02
20191012_18:00:00   7.1354e-02   2.2786e+01   1.5923e+00   0.0000e+00   2.0761e-03   2.4305e+02
20191012_19:00:00   6.9421e-02   2.2285e+01   1.5486e+00   0.0000e+00   2.0003e-03   2.4286e+02
20191012_20:00:00   6.6274e-02   2.1492e+01   1.4697e+00   0.0000e+00   1.2736e-04   2.4223e+02
20191012_21:00:00   6.3061e-02   2.0658e+01   1.3922e+00   0.0000e+00   5.6714e-06   2.4253e+02
20191012_22:00:00   6.0899e-02   2.0095e+01   1.3412e+00   0.0000e+00   1.7990e-05   2.4253e+02
20191012_23:00:00   6.3478e-02   2.0786e+01   1.4003e+00   0.0000e+00   7.6520e-06   2.4277e+02
20191013_00:00:00   7.3312e-02   2.3336e+01   1.6384e+00   0.0000e+00   6.0360e-06   2.4272e+02
20191013_01:00:00   8.8566e-02   2.7226e+01   1.9988e+00   0.0000e+00   2.9000e-05   2.4341e+02
20191013_02:00:00   9.7240e-02   2.9401e+01   2.1999e+00   0.0000e+00   6.3944e-05   2.4438e+02
20191013_03:00:00   9.9093e-02   2.9884e+01   2.2369e+00   0.0000e+00   1.9600e-04   2.4430e+02
20191013_04:00:00   9.7783e-02   2.9590e+01   2.1946e+00   0.0000e+00   5.3134e-04   2.4434e+02
20191013_05:00:00   9.6807e-02   2.9372e+01   2.1617e+00   0.0000e+00   2.0700e-04   2.4506e+02
20191013_06:00:00   9.5980e-02   2.9169e+01   2.1365e+00   0.0000e+00   7.1320e-06   2.4519e+02
20191013_07:00:00   9.6565e-02   2.9302e+01   2.1498e+00   0.0000e+00   1.6318e-06   2.4580e+02
20191013_08:00:00   9.8015e-02   2.9656e+01   2.1785e+00   0.0000e+00   1.6318e-06   2.4720e+02
20191013_09:00:00   9.8652e-02   2.9824e+01   2.1874e+00   0.0000e+00   0.0000e+00   2.4719e+02
20191013_10:00:00   9.9147e-02   2.9946e+01   2.1956e+00   0.0000e+00   0.0000e+00   2.4635e+02
20191013_11:00:00   1.0034e-01   3.0227e+01   2.2248e+00   0.0000e+00   0.0000e+00   2.4576e+02
20191013_12:00:00   1.0096e-01   3.0367e+01   2.2407e+00   0.0000e+00   7.4400e-06   2.4610e+02
20191013_15:00:00   9.7731e-02   2.9562e+01   2.1685e+00   0.0000e+00   1.0764e-04   2.4612e+02
20191013_18:00:00   9.1405e-02   2.8054e+01   2.0033e+00   0.0000e+00   1.0146e-04   2.4920e+02
20191013_21:00:00   7.4763e-02   2.3887e+01   1.6081e+00   0.0000e+00   0.0000e+00   2.4930e+02
20191014_00:00:00   6.5624e-02   2.1545e+01   1.3951e+00   0.0000e+00   0.0000e+00   2.4978e+02
20191014_03:00:00   7.6159e-02   2.4192e+01   1.6616e+00   0.0000e+00   0.0000e+00   2.4852e+02
20191014_06:00:00   7.6862e-02   2.4336e+01   1.6785e+00   0.0000e+00   0.0000e+00   2.4870e+02
20191014_09:00:00   8.8644e-02   2.7294e+01   1.9589e+00   0.0000e+00   0.0000e+00   2.4896e+02
20191014_12:00:00   9.8927e-02   2.9777e+01   2.2230e+00   0.0000e+00   2.0946e-06   2.4722e+02
20191014_15:00:00   1.0143e-01   3.0443e+01   2.2772e+00   0.0000e+00   6.9570e-06   2.4775e+02
20191014_18:00:00   1.1157e-01   3.2933e+01   2.5306e+00   0.0000e+00   5.4430e-06   2.5075e+02
20191014_21:00:00   1.5613e-01   4.3292e+01   3.6456e+00   0.0000e+00   4.1900e-06   2.5118e+02
20191015_00:00:00   1.6486e-01   4.5367e+01   3.8229e+00   0.0000e+00   3.2630e-06   2.5154e+02
20191015_03:00:00   1.8264e-01   4.9406e+01   4.2211e+00   0.0000e+00   1.1120e-05   2.5148e+02
20191015_06:00:00   1.8254e-01   4.9391e+01   4.1974e+00   0.0000e+00   0.0000e+00   2.5012e+02
20191015_09:00:00   1.8173e-01   4.9202e+01   4.1667e+00   0.0000e+00   0.0000e+00   2.4944e+02
20191015_12:00:00   1.8012e-01   4.8843e+01   4.1093e+00   0.0000e+00   0.0000e+00   2.4650e+02
20191015_15:00:00   1.4792e-01   4.1626e+01   3.3020e+00   0.0000e+00   0.0000e+00   2.4569e+02
20191015_18:00:00   1.1332e-01   3.3430e+01   2.5035e+00   0.0000e+00   4.0700e-05   2.4671e+02
20191015_21:00:00   1.2086e-01   3.5014e+01   2.7486e+00   0.0000e+00   0.0000e+00   2.5041e+02
20191016_00:00:00   1.3631e-01   3.8412e+01   3.1751e+00   0.0000e+00   7.0320e-06   2.5281e+02
20191016_03:00:00   3.2176e-01   7.8631e+01   3.9444e+00   6.0870e-02   3.7580e-04   2.5698e+02
20191016_06:00:00   1.6452e-01   4.4730e+01   3.8475e+00   0.0000e+00   7.2983e-04   2.6019e+02
20191016_09:00:00   1.7546e-01   4.7080e+01   4.0863e+00   0.0000e+00   8.0057e-04   2.5981e+02
20191016_12:00:00   1.8080e-01   4.8291e+01   4.1754e+00   0.0000e+00   3.4495e-04   2.6053e+02
20191016_15:00:00   1.7789e-01   4.7616e+01   4.1061e+00   0.0000e+00   2.8885e-05   2.6172e+02
20191016_18:00:00   1.7691e-01   4.7466e+01   4.0645e+00   0.0000e+00   0.0000e+00   2.6257e+02
20191016_21:00:00   1.7939e-01   4.8062e+01   4.1033e+00   0.0000e+00   0.0000e+00   2.6422e+02
20191017_00:00:00   1.9547e-01   5.1626e+01   4.4406e+00   1.6260e-04   1.2052e-05   2.6288e+02
20191017_03:00:00   2.0410e-01   5.3573e+01   4.5874e+00   8.1830e-04   0.0000e+00   2.6341e+02
20191017_06:00:00   1.9852e-01   5.2386e+01   4.4839e+00   0.0000e+00   0.0000e+00   2.6329e+02
20191017_09:00:00   1.9168e-01   5.0962e+01   4.2741e+00   0.0000e+00   0.0000e+00   2.6183e+02
20191017_12:00:00   1.8349e-01   4.9205e+01   4.0666e+00   0.0000e+00   0.0000e+00   2.6066e+02
20191017_15:00:00   1.7664e-01   4.7707e+01   3.9132e+00   0.0000e+00   0.0000e+00   2.6041e+02
20191017_18:00:00   1.8258e-01   4.9004e+01   4.0572e+00   0.0000e+00   0.0000e+00   2.5737e+02
20191017_21:00:00   1.8385e-01   4.9294e+01   4.0899e+00   0.0000e+00   0.0000e+00   2.5607e+02
20191018_00:00:00   1.8953e-01   5.0578e+01   4.1745e+00   9.0800e-04   0.0000e+00   2.5579e+02
20191018_03:00:00   1.9328e-01   5.1338e+01   4.3329e+00   0.0000e+00   0.0000e+00   2.5655e+02
20191018_06:00:00   1.9051e-01   5.0717e+01   4.2707e+00   0.0000e+00   0.0000e+00   2.5830e+02
20191018_09:00:00   1.8058e-01   4.8568e+01   4.0317e+00   0.0000e+00   0.0000e+00   2.5632e+02
20191018_12:00:00   1.7141e-01   4.6552e+01   3.7999e+00   0.0000e+00   0.0000e+00   2.5466e+02
20191018_15:00:00   1.7205e-01   4.6595e+01   3.8378e+00   0.0000e+00   0.0000e+00   2.5607e+02
20191018_18:00:00   1.7313e-01   4.6801e+01   3.8956e+00   3.4880e-05   0.0000e+00   2.5221e+02
20191018_21:00:00   1.7238e-01   4.6666e+01   3.8759e+00   0.0000e+00   0.0000e+00   2.5336e+02
20191019_00:00:00   2.0234e-01   5.3435e+01   3.8254e+00   1.2988e-02   0.0000e+00   2.5455e+02
20191019_03:00:00   1.7988e-01   4.8179e+01   4.0957e+00   0.0000e+00   0.0000e+00   2.5362e+02
20191019_06:00:00   2.0786e-01   5.4222e+01   4.7129e+00   0.0000e+00   0.0000e+00   2.5338e+02
20191019_09:00:00   2.1731e-01   5.6173e+01   4.9391e+00   0.0000e+00   0.0000e+00   2.5327e+02
20191019_12:00:00   2.1956e-01   5.6661e+01   4.9635e+00   0.0000e+00   0.0000e+00   2.5108e+02
20191019_15:00:00   2.0924e-01   5.4412e+01   4.7511e+00   0.0000e+00   0.0000e+00   2.5053e+02
20191019_18:00:00   2.0678e-01   5.3866e+01   4.7224e+00   0.0000e+00   0.0000e+00   2.5146e+02
20191019_21:00:00   2.1425e-01   5.5522e+01   4.8840e+00   0.0000e+00   0.0000e+00   2.5247e+02
20191020_00:00:00   2.8573e-01   7.0435e+01   5.8233e+00   1.1410e-02   0.0000e+00   2.5108e+02
20191020_03:00:00   3.0601e-01   7.4268e+01   6.8348e+00   0.0000e+00   0.0000e+00   2.5090e+02
20191020_06:00:00   3.0838e-01   7.4784e+01   6.8100e+00   0.0000e+00   0.0000e+00   2.5033e+02
20191020_09:00:00   3.0192e-01   7.3346e+01   6.7712e+00   0.0000e+00   5.6202e-04   2.4966e+02
20191020_12:00:00   3.1005e-01   7.4830e+01   7.0118e+00   0.0000e+00   1.6248e-05   2.4643e+02
20191020_15:00:00   3.0510e-01   7.4019e+01   6.8537e+00   0.0000e+00   0.0000e+00   2.4630e+02
20191020_18:00:00   2.8346e-01   6.9778e+01   6.4386e+00   0.0000e+00   1.6954e-03   2.4720e+02
20191020_21:00:00   2.8926e-01   7.0883e+01   6.6189e+00   0.0000e+00   3.2904e-03   2.4867e+02
20191021_00:00:00   3.3060e-01   7.8842e+01   7.5373e+00   0.0000e+00   1.4430e-03   2.4916e+02
20191021_03:00:00   4.2303e-01   9.6196e+01   7.8911e+00   2.9350e-02   2.3194e-03   2.4913e+02
20191021_06:00:00   1.3607e+00   2.0436e+02   8.4856e+00   3.9937e-01   4.2442e-03   2.4991e+02
20191021_09:00:00   4.1648e-01   9.4930e+01   7.8361e+00   2.7990e-02   1.3428e-03   2.5311e+02
20191021_12:00:00   3.3709e-01   7.9969e+01   7.6953e+00   0.0000e+00   1.0264e-03   2.4972e+02
20191021_15:00:00   3.2845e-01   7.8375e+01   7.5071e+00   0.0000e+00   8.1580e-06   2.4709e+02
20191021_18:00:00   3.3217e-01   7.9040e+01   7.6275e+00   0.0000e+00   0.0000e+00   2.4904e+02
20191021_21:00:00   3.0770e-01   7.4380e+01   7.1372e+00   0.0000e+00   0.0000e+00   2.5052e+02
20191022_00:00:00   3.1503e-01   7.5956e+01   7.1945e+00   7.1110e-04   0.0000e+00   2.5008e+02
20191022_03:00:00   3.2991e-01   7.8716e+01   7.5959e+00   0.0000e+00   1.8966e-03   2.4910e+02
20191022_06:00:00   3.2689e-01   7.8140e+01   7.5072e+00   0.0000e+00   6.4165e-04   2.4926e+02
20191022_09:00:00   3.2335e-01   7.7445e+01   7.4598e+00   0.0000e+00   2.5090e-03   2.5085e+02
20191022_12:00:00   3.0143e-01   7.3109e+01   7.0322e+00   0.0000e+00   2.8484e-03   2.4919e+02
20191022_15:00:00   3.0326e-01   7.3405e+01   7.0812e+00   0.0000e+00   7.0163e-03   2.4761e+02
20191022_18:00:00   3.1334e-01   7.5290e+01   7.3171e+00   0.0000e+00   5.3608e-03   2.4950e+02
20191022_21:00:00   3.1680e-01   7.6080e+01   7.3722e+00   0.0000e+00   1.5270e-03   2.5164e+02
20191023_00:00:00   3.1980e-01   7.6879e+01   7.3557e+00   0.0000e+00   5.5050e-06   2.5243e+02
20191023_03:00:00   3.5651e-01   8.3825e+01   7.7634e+00   7.2040e-03   2.5876e-03   2.5228e+02
20191023_06:00:00   3.5190e-01   8.2800e+01   7.9409e+00   2.4320e-03   1.4981e-02   2.5164e+02
20191023_09:00:00   3.3032e-01   7.8781e+01   7.5955e+00   0.0000e+00   4.5252e-03   2.5013e+02
20191023_12:00:00   3.5810e-01   8.3964e+01   8.1814e+00   0.0000e+00   2.0981e-02   2.4725e+02
20191023_15:00:00   3.3801e-01   8.0101e+01   7.7939e+00   0.0000e+00   9.8144e-03   2.4530e+02
20191023_18:00:00   3.2236e-01   7.7114e+01   7.4800e+00   0.0000e+00   1.3491e-02   2.4718e+02
20191023_21:00:00   3.1929e-01   7.6491e+01   7.4702e+00   0.0000e+00   1.1364e-02   2.4814e+02
20191024_00:00:00   3.2455e-01   7.7509e+01   7.5949e+00   0.0000e+00   1.0279e-02   2.4899e+02
20191024_03:00:00   3.2441e-01   7.7526e+01   7.5634e+00   0.0000e+00   2.2129e-03   2.4700e+02
20191024_06:00:00   3.3316e-01   7.9085e+01   7.7828e+00   0.0000e+00   2.3332e-02   2.4684e+02
20191024_09:00:00   3.3920e-01   8.0190e+01   7.9397e+00   0.0000e+00   3.7230e-03   2.4618e+02
20191024_12:00:00   3.3903e-01   8.0143e+01   7.9252e+00   0.0000e+00   6.6835e-03   2.4448e+02
