#            date       tau225        Tb[K]      pwv[mm] lwp[kg*m^-2] iwp[kg*m^-2]       o3[DU]
20190714_18:00:00   1.2449e-01   3.5912e+01   2.7954e+00   0.0000e+00   1.8814e-04   2.6314e+02
20190714_19:00:00   1.1825e-01   3.4420e+01   2.6462e+00   0.0000e+00   3.4100e-05   2.6460e+02
20190714_20:00:00   1.1358e-01   3.3298e+01   2.5426e+00   0.0000e+00   3.4660e-05   2.6465e+02
20190714_21:00:00   1.0505e-01   3.1237e+01   2.3422e+00   0.0000e+00   2.1840e-05   2.6511e+02
20190714_22:00:00   9.0253e-02   2.7605e+01   1.9956e+00   0.0000e+00   1.6744e-05   2.6377e+02
20190714_23:00:00   8.0399e-02   2.5149e+01   1.7594e+00   0.0000e+00   0.0000e+00   2.6408e+02
20190715_00:00:00   7.6222e-02   2.4093e+01   1.6600e+00   0.0000e+00   7.5360e-05   2.6493e+02
20190715_01:00:00   7.5103e-02   2.3857e+01   1.6094e+00   2.6310e-04   2.2260e-05   2.6738e+02
20190715_02:00:00   7.4777e-02   2.3798e+01   1.5990e+00   1.7520e-04   9.8060e-06   2.6981e+02
20190715_03:00:00   7.9247e-02   2.4953e+01   1.7020e+00   0.0000e+00   4.8300e-06   2.7008e+02
20190715_04:00:00   8.2293e-02   2.5742e+01   1.7683e+00   0.0000e+00   2.1240e-07   2.7126e+02
20190715_05:00:00   8.7522e-02   2.7010e+01   1.9088e+00   0.0000e+00   0.0000e+00   2.7261e+02
20190715_06:00:00   9.7329e-02   2.9323e+01   2.1757e+00   0.0000e+00   5.2380e-06   2.7295e+02
20190715_07:00:00   1.0549e-01   3.1250e+01   2.3803e+00   0.0000e+00   0.0000e+00   2.7442e+02
20190715_08:00:00   1.0963e-01   3.2280e+01   2.4617e+00   0.0000e+00   0.0000e+00   2.7427e+02
20190715_09:00:00   1.1581e-01   3.3806e+01   2.5856e+00   0.0000e+00   0.0000e+00   2.7457e+02
20190715_10:00:00   1.2170e-01   3.5268e+01   2.6993e+00   0.0000e+00   0.0000e+00   2.7617e+02
20190715_11:00:00   1.2491e-01   3.6080e+01   2.7501e+00   0.0000e+00   0.0000e+00   2.7610e+02
20190715_12:00:00   1.2604e-01   3.6382e+01   2.7594e+00   0.0000e+00   0.0000e+00   2.7538e+02
20190715_13:00:00   1.2471e-01   3.6103e+01   2.7170e+00   0.0000e+00   0.0000e+00   2.7485e+02
20190715_14:00:00   1.2075e-01   3.5189e+01   2.6125e+00   0.0000e+00   0.0000e+00   2.7373e+02
20190715_15:00:00   1.2160e-01   3.5388e+01   2.6309e+00   0.0000e+00   0.0000e+00   2.7336e+02
20190715_16:00:00   1.2638e-01   3.6530e+01   2.7346e+00   0.0000e+00   0.0000e+00   2.7438e+02
20190715_17:00:00   1.3726e-01   3.9070e+01   2.9868e+00   0.0000e+00   0.0000e+00   2.7461e+02
20190715_18:00:00   1.4834e-01   4.1629e+01   3.2434e+00   0.0000e+00   0.0000e+00   2.7565e+02
20190715_19:00:00   1.5421e-01   4.2989e+01   3.3696e+00   0.0000e+00   0.0000e+00   2.7527e+02
20190715_20:00:00   1.5471e-01   4.3122e+01   3.3778e+00   0.0000e+00   0.0000e+00   2.7394e+02
20190715_21:00:00   1.5588e-01   4.3406e+01   3.3957e+00   0.0000e+00   0.0000e+00   2.7377e+02
20190715_22:00:00   1.6134e-01   4.4671e+01   3.5059e+00   8.7730e-05   0.0000e+00   2.7323e+02
20190715_23:00:00   2.3821e-01   6.1813e+01   3.7821e+00   2.5900e-02   0.0000e+00   2.7386e+02
20190716_00:00:00   2.8127e-01   7.0895e+01   3.8699e+00   4.1480e-02   0.0000e+00   2.7525e+02
20190716_01:00:00   2.9213e-01   7.3099e+01   3.9337e+00   4.4840e-02   0.0000e+00   2.7443e+02
20190716_02:00:00   2.5128e-01   6.4577e+01   3.9659e+00   2.8080e-02   0.0000e+00   2.7423e+02
20190716_03:00:00   1.7773e-01   4.8328e+01   3.8995e+00   0.0000e+00   0.0000e+00   2.7343e+02
20190716_04:00:00   1.8094e-01   4.9106e+01   3.7831e+00   3.2200e-03   0.0000e+00   2.7345e+02
20190716_05:00:00   1.7634e-01   4.8088e+01   3.6297e+00   4.0930e-03   0.0000e+00   2.7418e+02
20190716_06:00:00   1.5802e-01   4.3872e+01   3.4514e+00   0.0000e+00   0.0000e+00   2.7326e+02
20190716_07:00:00   1.4905e-01   4.1814e+01   3.2532e+00   0.0000e+00   0.0000e+00   2.7626e+02
20190716_08:00:00   1.3972e-01   3.9644e+01   3.0399e+00   0.0000e+00   0.0000e+00   2.7635e+02
20190716_09:00:00   1.3092e-01   3.7561e+01   2.8406e+00   0.0000e+00   0.0000e+00   2.7590e+02
20190716_10:00:00   1.2248e-01   3.5549e+01   2.6503e+00   0.0000e+00   0.0000e+00   2.7745e+02
20190716_11:00:00   1.1692e-01   3.4209e+01   2.5205e+00   0.0000e+00   0.0000e+00   2.7885e+02
20190716_12:00:00   1.1308e-01   3.3282e+01   2.4274e+00   0.0000e+00   0.0000e+00   2.7849e+02
20190716_13:00:00   1.1111e-01   3.2813e+01   2.3765e+00   0.0000e+00   0.0000e+00   2.7885e+02
20190716_14:00:00   1.0990e-01   3.2524e+01   2.3487e+00   0.0000e+00   0.0000e+00   2.7921e+02
20190716_15:00:00   1.0971e-01   3.2468e+01   2.3425e+00   0.0000e+00   0.0000e+00   2.7952e+02
20190716_16:00:00   1.0836e-01   3.2133e+01   2.3109e+00   0.0000e+00   0.0000e+00   2.7976e+02
20190716_17:00:00   1.0726e-01   3.1872e+01   2.2814e+00   0.0000e+00   0.0000e+00   2.7985e+02
20190716_18:00:00   1.0565e-01   3.1489e+01   2.2410e+00   0.0000e+00   0.0000e+00   2.7913e+02
20190716_19:00:00   1.0286e-01   3.0828e+01   2.1742e+00   0.0000e+00   0.0000e+00   2.7868e+02
20190716_20:00:00   1.0166e-01   3.0550e+01   2.1431e+00   0.0000e+00   0.0000e+00   2.7921e+02
20190716_21:00:00   1.0097e-01   3.0380e+01   2.1249e+00   0.0000e+00   0.0000e+00   2.7864e+02
20190716_22:00:00   1.0036e-01   3.0242e+01   2.0959e+00   2.5510e-04   0.0000e+00   2.7813e+02
20190716_23:00:00   1.0349e-01   3.1031e+01   2.0914e+00   1.5170e-03   0.0000e+00   2.7763e+02
20190717_00:00:00   1.1283e-01   3.3322e+01   2.1418e+00   4.2257e-03   0.0000e+00   2.7877e+02
20190717_01:00:00   1.1770e-01   3.4496e+01   2.1920e+00   5.3150e-03   0.0000e+00   2.7969e+02
20190717_02:00:00   1.1451e-01   3.3715e+01   2.1800e+00   4.3210e-03   0.0000e+00   2.8126e+02
20190717_03:00:00   1.0389e-01   3.1122e+01   2.1288e+00   1.0600e-03   0.0000e+00   2.8255e+02
20190717_04:00:00   9.9080e-02   2.9924e+01   2.0861e+00   0.0000e+00   0.0000e+00   2.8186e+02
20190717_05:00:00   1.0281e-01   3.0824e+01   2.1693e+00   0.0000e+00   0.0000e+00   2.8003e+02
20190717_06:00:00   1.0663e-01   3.1724e+01   2.2618e+00   0.0000e+00   0.0000e+00   2.7965e+02
20190717_07:00:00   1.1104e-01   3.2757e+01   2.3758e+00   0.0000e+00   0.0000e+00   2.7969e+02
20190717_08:00:00   1.1372e-01   3.3365e+01   2.4465e+00   0.0000e+00   0.0000e+00   2.7964e+02
20190717_09:00:00   1.1474e-01   3.3598e+01   2.4705e+00   0.0000e+00   0.0000e+00   2.7906e+02
20190717_10:00:00   1.1409e-01   3.3453e+01   2.4525e+00   0.0000e+00   0.0000e+00   2.7857e+02
20190717_11:00:00   1.1210e-01   3.2994e+01   2.3979e+00   0.0000e+00   0.0000e+00   2.7777e+02
20190717_12:00:00   1.1077e-01   3.2690e+01   2.3589e+00   0.0000e+00   0.0000e+00   2.7477e+02
20190717_13:00:00   1.0610e-01   3.1590e+01   2.2465e+00   0.0000e+00   0.0000e+00   2.7354e+02
20190717_14:00:00   1.0260e-01   3.0763e+01   2.1653e+00   0.0000e+00   0.0000e+00   2.7270e+02
20190717_15:00:00   9.9377e-02   2.9980e+01   2.0915e+00   0.0000e+00   0.0000e+00   2.7113e+02
20190717_16:00:00   9.6886e-02   2.9359e+01   2.0394e+00   0.0000e+00   0.0000e+00   2.7034e+02
20190717_17:00:00   9.3787e-02   2.8599e+01   1.9725e+00   0.0000e+00   0.0000e+00   2.7254e+02
20190717_18:00:00   9.3321e-02   2.8478e+01   1.9666e+00   0.0000e+00   0.0000e+00   2.7279e+02
20190717_19:00:00   9.3628e-02   2.8550e+01   1.9745e+00   0.0000e+00   0.0000e+00   2.7149e+02
20190717_20:00:00   9.2580e-02   2.8302e+01   1.9481e+00   0.0000e+00   0.0000e+00   2.7153e+02
20190717_21:00:00   9.0013e-02   2.7686e+01   1.8895e+00   0.0000e+00   0.0000e+00   2.7188e+02
20190717_22:00:00   8.9469e-02   2.7558e+01   1.8774e+00   0.0000e+00   5.3640e-05   2.7195e+02
20190717_23:00:00   9.3055e-02   2.8447e+01   1.9610e+00   0.0000e+00   1.3644e-04   2.7105e+02
20190718_00:00:00   9.7136e-02   2.9446e+01   2.0591e+00   0.0000e+00   9.6940e-05   2.7030e+02
20190718_01:00:00   1.1003e-01   3.2556e+01   2.3680e+00   0.0000e+00   1.5098e-03   2.6959e+02
20190718_02:00:00   1.3730e-01   3.8976e+01   3.0039e+00   0.0000e+00   3.8975e-03   2.6877e+02
20190718_03:00:00   1.5360e-01   4.2670e+01   3.3951e+00   0.0000e+00   9.3820e-03   2.6978e+02
20190718_04:00:00   1.7143e-01   4.6660e+01   3.8100e+00   0.0000e+00   9.3546e-03   2.7105e+02
20190718_05:00:00   2.0806e-01   5.4733e+01   4.6017e+00   0.0000e+00   9.0617e-03   2.7128e+02
20190718_06:00:00   2.3288e-01   6.0041e+01   5.1350e+00   0.0000e+00   4.7461e-03   2.7134e+02
20190718_07:00:00   2.3007e-01   5.9374e+01   5.1092e+00   0.0000e+00   4.6479e-04   2.7157e+02
20190718_08:00:00   2.0339e-01   5.3591e+01   4.5651e+00   0.0000e+00   1.9780e-04   2.6995e+02
20190718_09:00:00   1.9153e-01   5.0937e+01   4.3275e+00   0.0000e+00   1.8494e-04   2.7156e+02
20190718_10:00:00   2.0190e-01   5.3141e+01   4.5664e+00   0.0000e+00   3.4409e-05   2.7302e+02
20190718_11:00:00   2.2523e-01   5.8052e+01   5.1002e+00   0.0000e+00   3.9369e-04   2.7308e+02
20190718_12:00:00   2.2951e-01   5.8937e+01   5.2061e+00   0.0000e+00   2.3958e-04   2.7224e+02
20190718_13:00:00   2.2172e-01   5.7301e+01   5.0528e+00   0.0000e+00   1.8779e-04   2.7211e+02
20190718_14:00:00   2.0844e-01   5.4425e+01   4.7764e+00   0.0000e+00   2.8716e-04   2.7209e+02
20190718_15:00:00   1.9033e-01   5.0399e+01   4.3947e+00   0.0000e+00   2.0066e-05   2.7145e+02
20190718_16:00:00   1.7784e-01   4.7559e+01   4.1456e+00   0.0000e+00   4.9546e-05   2.7091e+02
20190718_17:00:00   1.7667e-01   4.7340e+01   4.1241e+00   0.0000e+00   4.9100e-05   2.7093e+02
20190718_18:00:00   1.9785e-01   5.2082e+01   4.6039e+00   0.0000e+00   4.4634e-04   2.7121e+02
20190718_19:00:00   2.0780e-01   5.4280e+01   4.8293e+00   0.0000e+00   1.4576e-03   2.7145e+02
20190718_20:00:00   2.1150e-01   5.5115e+01   4.9086e+00   0.0000e+00   9.1992e-04   2.7193e+02
20190718_21:00:00   2.0894e-01   5.4526e+01   4.8705e+00   0.0000e+00   1.6278e-03   2.7343e+02
20190718_22:00:00   2.0956e-01   5.4587e+01   4.9179e+00   0.0000e+00   2.2085e-03   2.7166e+02
20190718_23:00:00   2.1023e-01   5.4687e+01   4.9546e+00   0.0000e+00   5.4377e-03   2.7094e+02
20190719_00:00:00   2.1128e-01   5.4914e+01   4.9858e+00   0.0000e+00   5.4921e-03   2.6965e+02
20190719_01:00:00   2.1498e-01   5.5674e+01   5.0799e+00   0.0000e+00   8.4261e-03   2.6951e+02
20190719_02:00:00   2.3045e-01   5.8962e+01   5.4276e+00   0.0000e+00   7.1884e-03   2.6986e+02
20190719_03:00:00   2.5122e-01   6.3342e+01   5.8857e+00   0.0000e+00   2.1303e-03   2.7161e+02
20190719_04:00:00   2.6737e-01   6.6668e+01   6.2356e+00   0.0000e+00   1.0344e-03   2.7120e+02
20190719_05:00:00   2.7595e-01   6.8369e+01   6.4292e+00   0.0000e+00   2.4125e-03   2.7161e+02
20190719_06:00:00   2.8204e-01   6.9594e+01   6.5672e+00   0.0000e+00   2.7178e-03   2.7195e+02
20190719_07:00:00   2.7479e-01   6.8182e+01   6.3904e+00   0.0000e+00   1.1691e-03   2.7044e+02
20190719_08:00:00   2.6588e-01   6.6441e+01   6.1713e+00   0.0000e+00   2.4480e-04   2.6949e+02
20190719_09:00:00   2.5475e-01   6.4183e+01   5.9299e+00   0.0000e+00   8.3050e-04   2.7068e+02
20190719_10:00:00   2.4816e-01   6.2859e+01   5.7710e+00   0.0000e+00   8.3950e-04   2.7217e+02
20190719_11:00:00   2.4589e-01   6.2372e+01   5.7094e+00   0.0000e+00   1.8424e-04   2.7245e+02
20190719_12:00:00   2.4310e-01   6.1799e+01   5.6413e+00   0.0000e+00   3.5480e-05   2.7256e+02
20190719_13:00:00   2.3952e-01   6.1043e+01   5.5540e+00   0.0000e+00   1.1005e-05   2.7061e+02
20190719_14:00:00   2.3550e-01   6.0207e+01   5.4539e+00   0.0000e+00   8.9740e-07   2.6894e+02
20190719_15:00:00   2.3631e-01   6.0354e+01   5.4615e+00   0.0000e+00   0.0000e+00   2.6918e+02
20190719_16:00:00   2.3722e-01   6.0515e+01   5.4867e+00   0.0000e+00   7.4400e-06   2.7085e+02
20190719_17:00:00   2.3935e-01   6.0922e+01   5.5522e+00   0.0000e+00   1.6532e-04   2.7179e+02
20190719_18:00:00   2.3985e-01   6.1027e+01   5.5710e+00   0.0000e+00   3.0642e-05   2.7168e+02
20190719_21:00:00   2.2176e-01   5.7249e+01   5.1724e+00   0.0000e+00   1.8128e-05   2.7144e+02
20190720_00:00:00   2.0434e-01   5.3437e+01   4.8051e+00   0.0000e+00   2.5942e-04   2.7374e+02
20190720_03:00:00   2.0473e-01   5.3647e+01   4.7694e+00   0.0000e+00   7.1780e-07   2.7320e+02
20190720_06:00:00   2.1223e-01   5.5206e+01   4.9361e+00   0.0000e+00   1.9552e-04   2.7400e+02
20190720_09:00:00   1.8365e-01   4.8973e+01   4.3001e+00   0.0000e+00   3.5400e-05   2.7331e+02
20190720_12:00:00   1.5111e-01   4.1625e+01   3.5610e+00   0.0000e+00   0.0000e+00   2.7159e+02
20190720_15:00:00   1.3222e-01   3.7237e+01   3.1190e+00   0.0000e+00   0.0000e+00   2.6989e+02
20190720_18:00:00   1.2223e-01   3.4836e+01   2.8913e+00   0.0000e+00   0.0000e+00   2.7136e+02
20190720_21:00:00   1.1097e-01   3.2279e+01   2.5944e+00   0.0000e+00   0.0000e+00   2.7441e+02
20190721_00:00:00   1.0035e-01   2.9889e+01   2.2618e+00   5.0990e-04   0.0000e+00   2.7170e+02
20190721_03:00:00   9.8452e-02   2.9473e+01   2.2353e+00   0.0000e+00   0.0000e+00   2.6998e+02
20190721_06:00:00   1.0026e-01   2.9906e+01   2.2713e+00   0.0000e+00   0.0000e+00   2.6898e+02
20190721_09:00:00   8.8174e-02   2.7004e+01   1.9609e+00   0.0000e+00   0.0000e+00   2.7213e+02
20190721_12:00:00   8.3653e-02   2.5979e+01   1.8158e+00   0.0000e+00   1.9066e-05   2.6872e+02
20190721_15:00:00   8.0899e-02   2.5225e+01   1.7620e+00   0.0000e+00   2.2981e-03   2.6863e+02
20190721_18:00:00   7.9722e-02   2.4878e+01   1.7503e+00   0.0000e+00   1.4812e-04   2.6980e+02
20190721_21:00:00   8.5896e-02   2.6411e+01   1.9043e+00   0.0000e+00   0.0000e+00   2.7243e+02
20190722_00:00:00   1.5481e-01   4.3203e+01   2.1187e+00   2.3970e-02   6.3180e-07   2.7150e+02
20190722_03:00:00   1.7061e-01   4.6647e+01   2.5133e+00   2.4245e-02   1.2295e-02   2.7354e+02
20190722_06:00:00   1.2464e-01   3.5236e+01   2.9557e+00   0.0000e+00   5.5141e-02   2.7532e+02
20190722_09:00:00   1.5860e-01   4.2856e+01   3.8424e+00   0.0000e+00   1.0237e-02   2.7438e+02
20190722_12:00:00   1.4936e-01   4.0975e+01   3.5533e+00   0.0000e+00   1.4064e-05   2.7475e+02
20190722_15:00:00   1.3510e-01   3.7834e+01   3.1788e+00   0.0000e+00   0.0000e+00   2.7637e+02
20190722_18:00:00   1.4692e-01   4.0393e+01   3.4869e+00   0.0000e+00   2.8637e-03   2.7732e+02
20190722_21:00:00   1.4644e-01   4.0299e+01   3.4711e+00   0.0000e+00   4.4923e-03   2.7694e+02
20190723_00:00:00   1.4828e-01   4.0600e+01   3.5487e+00   8.2920e-05   1.7804e-02   2.7730e+02
20190723_03:00:00   1.7623e-01   4.6873e+01   4.0589e+00   3.3540e-03   1.0805e-02   2.7763e+02
20190723_06:00:00   1.7890e-01   4.7325e+01   4.3331e+00   0.0000e+00   2.0403e-02   2.7715e+02
20190723_09:00:00   1.9316e-01   5.0313e+01   4.6971e+00   0.0000e+00   7.8144e-03   2.7470e+02
20190723_12:00:00   2.1471e-01   5.4831e+01   5.1989e+00   0.0000e+00   1.0301e-02   2.7448e+02
20190723_15:00:00   2.3378e-01   5.8982e+01   5.6144e+00   0.0000e+00   1.9738e-03   2.7278e+02
20190723_18:00:00   2.5464e-01   6.3237e+01   6.0778e+00   0.0000e+00   1.6993e-02   2.7157e+02
20190723_21:00:00   2.6537e-01   6.5519e+01   6.3066e+00   0.0000e+00   9.7990e-03   2.7189e+02
20190724_00:00:00   3.4193e-01   8.1209e+01   6.4527e+00   2.7190e-02   7.8288e-03   2.7248e+02
20190724_03:00:00   4.1409e-01   9.4905e+01   6.5753e+00   5.3696e-02   8.1906e-03   2.7030e+02
20190724_06:00:00   2.7570e-01   6.7836e+01   6.5067e+00   0.0000e+00   5.8863e-03   2.7222e+02
20190724_09:00:00   2.6491e-01   6.5841e+01   6.2085e+00   3.4340e-04   3.3661e-04   2.7272e+02
20190724_12:00:00   2.7502e-01   6.7902e+01   6.4410e+00   0.0000e+00   2.1486e-05   2.7296e+02
20190724_15:00:00   3.0330e-01   7.3517e+01   7.0705e+00   0.0000e+00   8.6564e-04   2.7383e+02
20190724_18:00:00   3.0737e-01   7.4146e+01   7.2134e+00   0.0000e+00   2.8928e-03   2.7189e+02
20190724_21:00:00   2.9748e-01   7.2050e+01   7.0639e+00   0.0000e+00   2.4820e-03   2.6900e+02
20190725_00:00:00   3.0754e-01   7.4111e+01   7.2851e+00   0.0000e+00   1.3249e-04   2.6711e+02
20190725_03:00:00   3.4936e-01   8.2414e+01   7.7209e+00   8.3680e-03   1.1065e-04   2.6938e+02
20190725_06:00:00   3.3551e-01   7.9618e+01   7.8810e+00   0.0000e+00   8.0414e-05   2.6834e+02
20190725_09:00:00   3.1680e-01   7.6046e+01   7.4810e+00   0.0000e+00   3.6830e-03   2.6818e+02
20190725_12:00:00   3.0902e-01   7.4468e+01   7.3196e+00   0.0000e+00   1.7254e-03   2.6790e+02
20190725_15:00:00   3.3490e-01   7.9544e+01   7.8243e+00   0.0000e+00   2.8148e-03   2.7154e+02
20190725_18:00:00   2.4907e-01   6.2598e+01   5.8904e+00   3.6370e-06   4.0025e-04   2.7391e+02
20190725_21:00:00   1.7695e-01   4.7382e+01   4.1464e+00   0.0000e+00   0.0000e+00   2.7452e+02
20190726_00:00:00   2.6349e-01   6.6123e+01   5.9655e+00   3.6760e-04   5.8740e-04   2.7227e+02
20190726_03:00:00   1.8426e-01   4.8998e+01   4.3243e+00   0.0000e+00   2.8978e-04   2.7323e+02
20190726_06:00:00   2.3879e-01   6.1002e+01   5.4637e+00   0.0000e+00   6.3180e-07   2.7235e+02
20190726_09:00:00   3.1444e-01   7.6348e+01   7.0590e+00   0.0000e+00   0.0000e+00   2.7276e+02
20190726_12:00:00   3.1769e-01   7.6922e+01   7.1292e+00   0.0000e+00   0.0000e+00   2.7364e+02
20190726_15:00:00   3.1233e-01   7.5840e+01   7.0047e+00   0.0000e+00   0.0000e+00   2.7034e+02
20190726_18:00:00   3.4210e-01   8.1721e+01   7.5218e+00   0.0000e+00   1.0624e-06   2.6948e+02
20190726_21:00:00   4.5253e-01   1.0151e+02   9.6608e+00   1.7530e-03   2.5661e-04   2.7151e+02
20190727_00:00:00   4.6936e-01   1.0406e+02   9.9307e+00   8.5440e-03   2.2992e-03   2.7311e+02
20190727_03:00:00   2.1938e-01   5.6352e+01   5.2505e+00   0.0000e+00   6.5985e-03   2.7456e+02
20190727_06:00:00   1.3971e-01   3.8821e+01   3.3453e+00   0.0000e+00   7.6944e-05   2.7625e+02
20190727_09:00:00   1.4060e-01   3.9132e+01   3.3436e+00   0.0000e+00   0.0000e+00   2.7388e+02
20190727_12:00:00   1.2820e-01   3.6124e+01   3.0610e+00   0.0000e+00   0.0000e+00   2.7442e+02
20190727_15:00:00   9.8578e-02   2.9266e+01   2.2902e+00   0.0000e+00   0.0000e+00   2.7277e+02
20190727_18:00:00   7.1651e-02   2.2809e+01   1.5700e+00   0.0000e+00   0.0000e+00   2.7485e+02
20190727_21:00:00   5.8532e-02   1.9500e+01   1.2380e+00   0.0000e+00   0.0000e+00   2.7395e+02
20190728_00:00:00   5.6477e-02   1.9015e+01   1.1833e+00   0.0000e+00   0.0000e+00   2.7442e+02
20190728_03:00:00   5.4949e-02   1.8672e+01   1.1381e+00   0.0000e+00   0.0000e+00   2.7465e+02
20190728_06:00:00   5.2550e-02   1.8046e+01   1.0799e+00   0.0000e+00   0.0000e+00   2.7618e+02
20190728_09:00:00   5.6067e-02   1.8951e+01   1.1734e+00   0.0000e+00   0.0000e+00   2.7560e+02
20190728_12:00:00   5.3776e-02   1.8363e+01   1.1136e+00   0.0000e+00   0.0000e+00   2.7329e+02
20190728_15:00:00   6.0234e-02   2.0069e+01   1.2670e+00   0.0000e+00   0.0000e+00   2.7270e+02
20190728_18:00:00   6.4176e-02   2.1061e+01   1.3734e+00   0.0000e+00   0.0000e+00   2.7354e+02
20190728_21:00:00   6.0228e-02   2.0062e+01   1.2727e+00   0.0000e+00   0.0000e+00   2.7302e+02
20190729_00:00:00   5.9312e-02   1.9855e+01   1.2380e+00   0.0000e+00   0.0000e+00   2.7231e+02
20190729_03:00:00   5.6588e-02   1.9152e+01   1.1698e+00   0.0000e+00   0.0000e+00   2.7267e+02
20190729_06:00:00   5.3586e-02   1.8356e+01   1.0973e+00   0.0000e+00   0.0000e+00   2.7332e+02
20190729_09:00:00   5.3323e-02   1.8291e+01   1.0848e+00   0.0000e+00   0.0000e+00   2.7223e+02
20190729_12:00:00   5.4933e-02   1.8715e+01   1.1169e+00   0.0000e+00   0.0000e+00   2.7141e+02
20190729_15:00:00   5.6956e-02   1.9215e+01   1.1704e+00   0.0000e+00   0.0000e+00   2.7392e+02
20190729_18:00:00   5.7750e-02   1.9399e+01   1.1952e+00   0.0000e+00   0.0000e+00   2.7377e+02
20190729_21:00:00   5.8122e-02   1.9493e+01   1.2004e+00   0.0000e+00   0.0000e+00   2.7349e+02
20190730_00:00:00   9.9177e-02   2.9972e+01   1.5174e+00   1.0550e-02   0.0000e+00   2.7508e+02
20190730_03:00:00   5.8960e-02   1.9721e+01   1.2122e+00   0.0000e+00   0.0000e+00   2.7416e+02
20190730_06:00:00   7.5408e-02   2.3893e+01   1.6147e+00   0.0000e+00   0.0000e+00   2.7463e+02
20190730_09:00:00   1.0282e-01   3.0564e+01   2.2967e+00   0.0000e+00   0.0000e+00   2.7398e+02
20190730_12:00:00   1.1664e-01   3.3784e+01   2.6477e+00   0.0000e+00   0.0000e+00   2.7558e+02
20190730_15:00:00   1.0813e-01   3.1760e+01   2.4479e+00   0.0000e+00   0.0000e+00   2.7526e+02
20190730_18:00:00   1.1448e-01   3.3123e+01   2.6298e+00   0.0000e+00   0.0000e+00   2.7507e+02
