#            date       tau225        Tb[K]      pwv[mm] lwp[kg*m^-2] iwp[kg*m^-2]       o3[DU]
20190721_06:00:00   9.0378e-02   2.7086e+01   2.1115e+00   0.0000e+00   0.0000e+00   2.7567e+02
20190721_07:00:00   9.2275e-02   2.7570e+01   2.1556e+00   0.0000e+00   1.5898e-04   2.7391e+02
20190721_08:00:00   9.2748e-02   2.7688e+01   2.1684e+00   0.0000e+00   0.0000e+00   2.7503e+02
20190721_09:00:00   9.4612e-02   2.8093e+01   2.2215e+00   0.0000e+00   0.0000e+00   2.7414e+02
20190721_10:00:00   9.4161e-02   2.7997e+01   2.2077e+00   0.0000e+00   0.0000e+00   2.7339e+02
20190721_11:00:00   9.0958e-02   2.7256e+01   2.1168e+00   0.0000e+00   0.0000e+00   2.7348e+02
20190721_12:00:00   8.8407e-02   2.6675e+01   2.0427e+00   0.0000e+00   0.0000e+00   2.7334e+02
20190721_13:00:00   8.6274e-02   2.6183e+01   1.9773e+00   0.0000e+00   0.0000e+00   2.7354e+02
20190721_14:00:00   8.2988e-02   2.5407e+01   1.8864e+00   0.0000e+00   0.0000e+00   2.7475e+02
20190721_15:00:00   8.0331e-02   2.4750e+01   1.8192e+00   0.0000e+00   1.5846e-05   2.7498e+02
20190721_16:00:00   7.8148e-02   2.4226e+01   1.7614e+00   0.0000e+00   2.2058e-04   2.7450e+02
20190721_17:00:00   7.6572e-02   2.3846e+01   1.7204e+00   0.0000e+00   2.7222e-04   2.7411e+02
20190721_18:00:00   8.2315e-02   2.5286e+01   1.8612e+00   0.0000e+00   2.1420e-04   2.7318e+02
20190721_19:00:00   1.0155e-01   3.0018e+01   2.3250e+00   0.0000e+00   7.2800e-04   2.7242e+02
20190721_20:00:00   1.3872e-01   3.8883e+01   3.1994e+00   0.0000e+00   1.1276e-05   2.7432e+02
20190721_21:00:00   2.0331e-01   5.3406e+01   4.6771e+00   0.0000e+00   2.2020e-05   2.7429e+02
20190721_22:00:00   2.7099e-01   6.7591e+01   6.1744e+00   0.0000e+00   3.9829e-04   2.7478e+02
20190721_23:00:00   3.1129e-01   7.5628e+01   7.0050e+00   0.0000e+00   5.0540e-07   2.7396e+02
20190722_00:00:00   3.2199e-01   7.7775e+01   7.2093e+00   0.0000e+00   0.0000e+00   2.7387e+02
20190722_01:00:00   3.2227e-01   7.7889e+01   7.2101e+00   0.0000e+00   0.0000e+00   2.7248e+02
20190722_02:00:00   3.2784e-01   7.8946e+01   7.3158e+00   0.0000e+00   3.2740e-05   2.7240e+02
20190722_03:00:00   3.4563e-01   8.2339e+01   7.6748e+00   0.0000e+00   0.0000e+00   2.7002e+02
20190722_04:00:00   3.5623e-01   8.4361e+01   7.8903e+00   0.0000e+00   5.8180e-04   2.6910e+02
20190722_05:00:00   3.6470e-01   8.6031e+01   8.0428e+00   0.0000e+00   3.6540e-04   2.6985e+02
20190722_06:00:00   3.6451e-01   8.6077e+01   8.0009e+00   0.0000e+00   3.9635e-05   2.6946e+02
20190722_07:00:00   3.5825e-01   8.4959e+01   7.8680e+00   0.0000e+00   1.6155e-03   2.6838e+02
20190722_08:00:00   3.4983e-01   8.3449e+01   7.6447e+00   0.0000e+00   4.1548e-03   2.6769e+02
20190722_09:00:00   3.3771e-01   8.1201e+01   7.3644e+00   0.0000e+00   1.0026e-02   2.6690e+02
20190722_10:00:00   3.1260e-01   7.6427e+01   6.8177e+00   0.0000e+00   7.3519e-03   2.6613e+02
20190722_11:00:00   2.8738e-01   7.1467e+01   6.2762e+00   0.0000e+00   5.6184e-03   2.6604e+02
20190722_12:00:00   2.6451e-01   6.6801e+01   5.8049e+00   0.0000e+00   1.0243e-02   2.6735e+02
20190722_13:00:00   2.4458e-01   6.2656e+01   5.4034e+00   0.0000e+00   1.0123e-02   2.6810e+02
20190722_14:00:00   2.3260e-01   6.0020e+01   5.1954e+00   0.0000e+00   5.1124e-03   2.6688e+02
20190722_15:00:00   2.2307e-01   5.7861e+01   5.0472e+00   0.0000e+00   4.6150e-03   2.6668e+02
20190722_16:00:00   2.4264e-01   6.1757e+01   5.5753e+00   0.0000e+00   1.4268e-02   2.6861e+02
20190722_17:00:00   2.8033e-01   6.9337e+01   6.4504e+00   0.0000e+00   4.8432e-02   2.7073e+02
20190722_18:00:00   3.1974e-01   7.7007e+01   7.3447e+00   0.0000e+00   4.6392e-02   2.6924e+02
20190722_19:00:00   3.4532e-01   8.1845e+01   7.8951e+00   0.0000e+00   6.8683e-02   2.6807e+02
20190722_20:00:00   3.7281e-01   8.6866e+01   8.4876e+00   0.0000e+00   1.1936e-01   2.6821e+02
20190722_21:00:00   4.0049e-01   9.1633e+01   9.0389e+00   0.0000e+00   3.7644e-01   2.6676e+02
20190722_22:00:00   4.2834e-01   9.6510e+01   9.6465e+00   6.4730e-04   3.3470e-01   2.6494e+02
20190722_23:00:00   4.3719e-01   9.8285e+01   9.8984e+00   1.7420e-04   7.4235e-02   2.6392e+02
20190723_00:00:00   4.3414e-01   9.7992e+01   9.6626e+00   3.1613e-03   5.5966e-03   2.6447e+02
20190723_01:00:00   4.9698e-01   1.0838e+02   1.0625e+01   1.0249e-02   3.9079e-02   2.6493e+02
20190723_02:00:00   7.0121e-01   1.3845e+02   1.1802e+01   6.9152e-02   3.0394e-01   2.6536e+02
20190723_03:00:00   1.3061e+00   2.0032e+02   1.2845e+01   2.8634e-01   7.8566e-01   2.6611e+02
20190723_04:00:00   1.0673e+00   1.7981e+02   1.3448e+01   1.7766e-01   7.7719e-01   2.6442e+02
20190723_05:00:00   8.5877e-01   1.5788e+02   1.3603e+01   9.1282e-02   5.3403e-01   2.6443e+02
20190723_06:00:00   1.0601e+00   1.7907e+02   1.3806e+01   1.7133e-01   2.8915e-01   2.6482e+02
20190723_07:00:00   1.0105e+00   1.7364e+02   1.3691e+01   1.5391e-01   5.2392e-01   2.6241e+02
20190723_08:00:00   8.8125e-01   1.6039e+02   1.3803e+01   9.4690e-02   7.0105e-01   2.6399e+02
20190723_09:00:00   7.4655e-01   1.4417e+02   1.4025e+01   3.4187e-02   6.6089e-01   2.6460e+02
20190723_10:00:00   1.5372e+00   2.1495e+02   1.4131e+01   3.5373e-01   9.2164e-01   2.6383e+02
20190723_11:00:00   1.0370e+00   1.7698e+02   1.3651e+01   1.6203e-01   4.0767e-01   2.6419e+02
20190723_12:00:00   6.7892e-01   1.3553e+02   1.3112e+01   2.9441e-02   1.6462e-01   2.6398e+02
20190723_13:00:00   5.9939e-01   1.2419e+02   1.2998e+01   5.4314e-04   5.0214e-02   2.6390e+02
20190723_14:00:00   5.8731e-01   1.2247e+02   1.2781e+01   0.0000e+00   1.0947e-02   2.6418e+02
20190723_15:00:00   5.8388e-01   1.2199e+02   1.2662e+01   6.8060e-04   1.2413e-02   2.6300e+02
20190723_16:00:00   5.7354e-01   1.2051e+02   1.2411e+01   1.8380e-03   1.8788e-02   2.6216e+02
20190723_17:00:00   5.6324e-01   1.1905e+02   1.2277e+01   0.0000e+00   6.8013e-03   2.6279e+02
20190723_18:00:00   5.4646e-01   1.1665e+02   1.1886e+01   4.0150e-04   2.5550e-03   2.6474e+02
20190723_19:00:00   5.3485e-01   1.1494e+02   1.1600e+01   4.0060e-04   1.5975e-03   2.6519e+02
20190723_20:00:00   5.3536e-01   1.1510e+02   1.1475e+01   2.1844e-03   8.3727e-04   2.6549e+02
20190723_21:00:00   5.5945e-01   1.1895e+02   1.1491e+01   1.0876e-02   1.9978e-04   2.6566e+02
20190723_22:00:00   7.3524e-01   1.4419e+02   1.1598e+01   7.8824e-02   4.8228e-04   2.6541e+02
20190723_23:00:00   9.2591e-01   1.6672e+02   1.1781e+01   1.5273e-01   1.7023e-03   2.6500e+02
20190724_00:00:00   1.0936e+00   1.8330e+02   1.1892e+01   2.1858e-01   3.1255e-03   2.6418e+02
20190724_01:00:00   7.7145e-01   1.4884e+02   1.1748e+01   8.9208e-02   4.3567e-03   2.6561e+02
20190724_02:00:00   9.9109e-01   1.7380e+02   1.1872e+01   1.7510e-01   4.4784e-03   2.6615e+02
20190724_03:00:00   9.4010e-01   1.6849e+02   1.1736e+01   1.5660e-01   2.2325e-03   2.6470e+02
20190724_04:00:00   1.1034e+00   1.8478e+02   1.1537e+01   2.2562e-01   9.0163e-04   2.6394e+02
20190724_05:00:00   1.2333e+00   1.9589e+02   1.1343e+01   2.8229e-01   5.2702e-04   2.6291e+02
20190724_06:00:00   8.2278e-01   1.5537e+02   1.1260e+01   1.1853e-01   4.3476e-04   2.6407e+02
20190724_07:00:00   5.8010e-01   1.2258e+02   1.1007e+01   2.5177e-02   6.3062e-05   2.6662e+02
20190724_08:00:00   5.1126e-01   1.1184e+02   1.0637e+01   5.2380e-03   0.0000e+00   2.6721e+02
20190724_09:00:00   4.8095e-01   1.0694e+02   1.0269e+01   0.0000e+00   2.5260e-07   2.6854e+02
20190724_10:00:00   4.6054e-01   1.0358e+02   9.8363e+00   0.0000e+00   0.0000e+00   2.6842e+02
20190724_11:00:00   4.3559e-01   9.9362e+01   9.3256e+00   0.0000e+00   5.0537e-06   2.6936e+02
20190724_12:00:00   4.1363e-01   9.5554e+01   8.8814e+00   0.0000e+00   3.0580e-06   2.6751e+02
20190724_13:00:00   3.9058e-01   9.1425e+01   8.4412e+00   0.0000e+00   0.0000e+00   2.6665e+02
20190724_14:00:00   3.6904e-01   8.7499e+01   8.0147e+00   0.0000e+00   5.2380e-06   2.6603e+02
20190724_15:00:00   3.4937e-01   8.3873e+01   7.6037e+00   0.0000e+00   0.0000e+00   2.6566e+02
20190724_16:00:00   3.2857e-01   7.9958e+01   7.1585e+00   0.0000e+00   0.0000e+00   2.6510e+02
20190724_17:00:00   3.0336e-01   7.5085e+01   6.6191e+00   0.0000e+00   0.0000e+00   2.6615e+02
20190724_18:00:00   2.8034e-01   7.0536e+01   6.1162e+00   0.0000e+00   0.0000e+00   2.6691e+02
20190724_19:00:00   2.5757e-01   6.5904e+01   5.6229e+00   0.0000e+00   0.0000e+00   2.6620e+02
20190724_20:00:00   2.3250e-01   6.0692e+01   5.0800e+00   0.0000e+00   0.0000e+00   2.6608e+02
20190724_21:00:00   2.0512e-01   5.4819e+01   4.4837e+00   0.0000e+00   0.0000e+00   2.6551e+02
20190724_22:00:00   1.8013e-01   4.9289e+01   3.9417e+00   0.0000e+00   0.0000e+00   2.6533e+02
20190724_23:00:00   1.5972e-01   4.4646e+01   3.4958e+00   0.0000e+00   0.0000e+00   2.6544e+02
20190725_00:00:00   1.4724e-01   4.1767e+01   3.2047e+00   1.7390e-04   0.0000e+00   2.6533e+02
20190725_01:00:00   1.5267e-01   4.3102e+01   2.9264e+00   7.0970e-03   0.0000e+00   2.6408e+02
20190725_02:00:00   1.1915e-01   3.5111e+01   2.5411e+00   4.3180e-04   0.0000e+00   2.6421e+02
20190725_03:00:00   1.0100e-01   3.0673e+01   2.1481e+00   0.0000e+00   0.0000e+00   2.6406e+02
20190725_04:00:00   8.1839e-02   2.5895e+01   1.7134e+00   0.0000e+00   0.0000e+00   2.6251e+02
20190725_05:00:00   6.6315e-02   2.1927e+01   1.3538e+00   0.0000e+00   0.0000e+00   2.6262e+02
20190725_06:00:00   5.7494e-02   1.9632e+01   1.1422e+00   0.0000e+00   0.0000e+00   2.6396e+02
20190725_07:00:00   5.4943e-02   1.8962e+01   1.0801e+00   0.0000e+00   0.0000e+00   2.6332e+02
20190725_08:00:00   5.4452e-02   1.8837e+01   1.0673e+00   0.0000e+00   2.5260e-07   2.6253e+02
20190725_09:00:00   5.2834e-02   1.8405e+01   1.0312e+00   0.0000e+00   0.0000e+00   2.6133e+02
20190725_10:00:00   5.1125e-02   1.7951e+01   9.9360e-01   0.0000e+00   0.0000e+00   2.6253e+02
20190725_11:00:00   5.0507e-02   1.7780e+01   9.8033e-01   0.0000e+00   0.0000e+00   2.6283e+02
20190725_12:00:00   5.0069e-02   1.7653e+01   9.7167e-01   0.0000e+00   0.0000e+00   2.6337e+02
20190725_13:00:00   5.0418e-02   1.7736e+01   9.8137e-01   0.0000e+00   0.0000e+00   2.6395e+02
20190725_14:00:00   5.1254e-02   1.7954e+01   1.0011e+00   0.0000e+00   0.0000e+00   2.6595e+02
20190725_15:00:00   5.1472e-02   1.8014e+01   1.0080e+00   0.0000e+00   0.0000e+00   2.6611e+02
20190725_16:00:00   5.1032e-02   1.7897e+01   9.9693e-01   0.0000e+00   0.0000e+00   2.6579e+02
20190725_17:00:00   5.1029e-02   1.7903e+01   9.9717e-01   0.0000e+00   0.0000e+00   2.6733e+02
20190725_18:00:00   5.1423e-02   1.8022e+01   1.0051e+00   0.0000e+00   0.0000e+00   2.6709e+02
20190725_19:00:00   5.5023e-02   1.8985e+01   1.0892e+00   0.0000e+00   0.0000e+00   2.6764e+02
20190725_20:00:00   5.8631e-02   1.9929e+01   1.1759e+00   0.0000e+00   0.0000e+00   2.6801e+02
20190725_21:00:00   6.3600e-02   2.1226e+01   1.2942e+00   0.0000e+00   0.0000e+00   2.6756e+02
20190725_22:00:00   6.5904e-02   2.1823e+01   1.3485e+00   0.0000e+00   0.0000e+00   2.6622e+02
20190725_23:00:00   6.5525e-02   2.1720e+01   1.3361e+00   8.4800e-05   0.0000e+00   2.6576e+02
20190726_00:00:00   6.7262e-02   2.2166e+01   1.3234e+00   1.0090e-03   0.0000e+00   2.6524e+02
20190726_01:00:00   6.5893e-02   2.1799e+01   1.3521e+00   0.0000e+00   0.0000e+00   2.6561e+02
20190726_02:00:00   6.4330e-02   2.1390e+01   1.3185e+00   0.0000e+00   0.0000e+00   2.6531e+02
20190726_03:00:00   6.4582e-02   2.1454e+01   1.3259e+00   0.0000e+00   0.0000e+00   2.6726e+02
20190726_04:00:00   6.5796e-02   2.1767e+01   1.3590e+00   0.0000e+00   0.0000e+00   2.6869e+02
20190726_05:00:00   6.2559e-02   2.0906e+01   1.2881e+00   0.0000e+00   0.0000e+00   2.6875e+02
20190726_06:00:00   6.1722e-02   2.0672e+01   1.2706e+00   0.0000e+00   0.0000e+00   2.6888e+02
20190726_09:00:00   6.1145e-02   2.0499e+01   1.2602e+00   0.0000e+00   0.0000e+00   2.7051e+02
20190726_12:00:00   6.6979e-02   2.1934e+01   1.4202e+00   0.0000e+00   0.0000e+00   2.6916e+02
20190726_15:00:00   6.8023e-02   2.2120e+01   1.4647e+00   0.0000e+00   0.0000e+00   2.6811e+02
20190726_18:00:00   7.4468e-02   2.3705e+01   1.6385e+00   0.0000e+00   0.0000e+00   2.6838e+02
20190726_21:00:00   9.5566e-02   2.8870e+01   2.1879e+00   0.0000e+00   0.0000e+00   2.6919e+02
20190727_00:00:00   1.0813e-01   3.1951e+01   2.4117e+00   1.3140e-03   0.0000e+00   2.7002e+02
20190727_03:00:00   1.1183e-01   3.2757e+01   2.5990e+00   0.0000e+00   0.0000e+00   2.6863e+02
20190727_06:00:00   1.1262e-01   3.2912e+01   2.6276e+00   0.0000e+00   0.0000e+00   2.6612e+02
20190727_09:00:00   1.1364e-01   3.3122e+01   2.6569e+00   0.0000e+00   0.0000e+00   2.6982e+02
20190727_12:00:00   1.2267e-01   3.5142e+01   2.9031e+00   0.0000e+00   0.0000e+00   2.7229e+02
20190727_15:00:00   1.3341e-01   3.7597e+01   3.1712e+00   0.0000e+00   0.0000e+00   2.7104e+02
20190727_18:00:00   1.3446e-01   3.7836e+01   3.1958e+00   0.0000e+00   0.0000e+00   2.6901e+02
20190727_21:00:00   1.4965e-01   4.1384e+01   3.5615e+00   0.0000e+00   0.0000e+00   2.7096e+02
20190728_00:00:00   1.5507e-01   4.2658e+01   3.6754e+00   8.3680e-05   0.0000e+00   2.7193e+02
20190728_03:00:00   1.6231e-01   4.4242e+01   3.8648e+00   0.0000e+00   0.0000e+00   2.7175e+02
20190728_06:00:00   1.5399e-01   4.2381e+01   3.6504e+00   0.0000e+00   0.0000e+00   2.7316e+02
20190728_09:00:00   1.4299e-01   3.9871e+01   3.3742e+00   0.0000e+00   1.3094e-05   2.7402e+02
20190728_12:00:00   1.5352e-01   4.2220e+01   3.6283e+00   0.0000e+00   0.0000e+00   2.7428e+02
20190728_15:00:00   1.7609e-01   4.7261e+01   4.1680e+00   0.0000e+00   1.2056e-03   2.7422e+02
20190728_18:00:00   1.9274e-01   5.1038e+01   4.5184e+00   4.8040e-05   0.0000e+00   2.7361e+02
20190728_21:00:00   1.9871e-01   5.2585e+01   4.4280e+00   2.7240e-03   0.0000e+00   2.7482e+02
20190729_00:00:00   6.2150e-01   1.2977e+02   4.5868e+00   1.6803e-01   0.0000e+00   2.7608e+02
20190729_03:00:00   1.7431e-01   4.7182e+01   3.9667e+00   1.6470e-04   5.2380e-06   2.7589e+02
20190729_06:00:00   1.5258e-01   4.2229e+01   3.4767e+00   0.0000e+00   1.3094e-05   2.7720e+02
20190729_09:00:00   1.6162e-01   4.4350e+01   3.6384e+00   0.0000e+00   2.9200e-04   2.7452e+02
20190729_12:00:00   1.7228e-01   4.6744e+01   3.8458e+00   0.0000e+00   1.3094e-05   2.7600e+02
20190729_15:00:00   1.9691e-01   5.2254e+01   4.2800e+00   1.0123e-03   1.0890e-05   2.7402e+02
20190729_18:00:00   2.2519e-01   5.8485e+01   4.8379e+00   3.2970e-05   0.0000e+00   2.7572e+02
20190729_21:00:00   2.0204e-01   5.3473e+01   4.3931e+00   1.7210e-04   0.0000e+00   2.7606e+02
20190730_00:00:00   1.6545e-01   4.5282e+01   3.4878e+00   3.5010e-03   0.0000e+00   2.7635e+02
20190730_03:00:00   3.9362e-01   9.2068e+01   3.9298e+00   8.7724e-02   2.7520e-06   2.7540e+02
20190730_06:00:00   1.4048e-01   3.9410e+01   3.1621e+00   0.0000e+00   0.0000e+00   2.7372e+02
20190730_09:00:00   1.5320e-01   4.2239e+01   3.4888e+00   0.0000e+00   0.0000e+00   2.7227e+02
20190730_12:00:00   1.6487e-01   4.4844e+01   3.7339e+00   1.9720e-05   0.0000e+00   2.7538e+02
20190730_15:00:00   1.6771e-01   4.5430e+01   3.7984e+00   1.8324e-04   0.0000e+00   2.7281e+02
20190730_18:00:00   1.6401e-01   4.4620e+01   3.7303e+00   0.0000e+00   0.0000e+00   2.7348e+02
20190730_21:00:00   1.8708e-01   4.9787e+01   4.2086e+00   7.6600e-04   0.0000e+00   2.7515e+02
20190731_00:00:00   2.1239e-01   5.5310e+01   4.6791e+00   2.8717e-03   0.0000e+00   2.7332e+02
20190731_03:00:00   2.2934e-01   5.9046e+01   4.9529e+00   4.5200e-03   0.0000e+00   2.7329e+02
20190731_06:00:00   2.3146e-01   5.9621e+01   5.1382e+00   2.4300e-05   0.0000e+00   2.7562e+02
20190731_09:00:00   2.1343e-01   5.5709e+01   4.7793e+00   0.0000e+00   0.0000e+00   2.7541e+02
20190731_12:00:00   1.9101e-01   5.0666e+01   4.3313e+00   0.0000e+00   0.0000e+00   2.7423e+02
20190731_15:00:00   1.6634e-01   4.5000e+01   3.8387e+00   0.0000e+00   0.0000e+00   2.7129e+02
20190731_18:00:00   2.0781e-01   5.4308e+01   4.7022e+00   0.0000e+00   4.1400e-04   2.7133e+02
20190731_21:00:00   2.6010e-01   6.5594e+01   5.6840e+00   0.0000e+00   9.8022e-04   2.7063e+02
20190801_00:00:00   2.7499e-01   6.8707e+01   5.9608e+00   0.0000e+00   2.4118e-03   2.6892e+02
20190801_03:00:00   2.6677e-01   6.7002e+01   5.8599e+00   0.0000e+00   6.1782e-03   2.6942e+02
20190801_06:00:00   2.5450e-01   6.4412e+01   5.6058e+00   0.0000e+00   2.8909e-02   2.6975e+02
20190801_09:00:00   2.8578e-01   7.0726e+01   6.2692e+00   0.0000e+00   1.4664e-02   2.6793e+02
20190801_12:00:00   2.8695e-01   7.0919e+01   6.2474e+00   0.0000e+00   3.7174e-02   2.6798e+02
20190801_15:00:00   2.6667e-01   6.6877e+01   5.8523e+00   0.0000e+00   2.1446e-03   2.6876e+02
20190801_18:00:00   2.6736e-01   6.7000e+01   5.8904e+00   0.0000e+00   5.4442e-03   2.6890e+02
20190801_21:00:00   2.5503e-01   6.4486e+01   5.6851e+00   0.0000e+00   1.2000e-02   2.6759e+02
20190802_00:00:00   2.8741e-01   7.0889e+01   6.4532e+00   0.0000e+00   3.8551e-03   2.6628e+02
20190802_03:00:00   2.7602e-01   6.8661e+01   6.2085e+00   0.0000e+00   4.3798e-04   2.6577e+02
20190802_06:00:00   2.6644e-01   6.6669e+01   6.0346e+00   0.0000e+00   1.5221e-03   2.6619e+02
20190802_09:00:00   2.3342e-01   5.9898e+01   5.3193e+00   0.0000e+00   0.0000e+00   2.6584e+02
20190802_12:00:00   2.3012e-01   5.9041e+01   5.2844e+00   0.0000e+00   0.0000e+00   2.6661e+02
20190802_15:00:00   2.3904e-01   6.0770e+01   5.5588e+00   0.0000e+00   1.3246e-04   2.6672e+02
20190802_18:00:00   2.3589e-01   6.0065e+01   5.5395e+00   0.0000e+00   1.3580e-05   2.6679e+02
20190802_21:00:00   2.3636e-01   6.0166e+01   5.5748e+00   0.0000e+00   0.0000e+00   2.6429e+02
20190803_00:00:00   2.5526e-01   6.4045e+01   6.0023e+00   0.0000e+00   0.0000e+00   2.6503e+02
20190803_03:00:00   2.6046e-01   6.5208e+01   6.1040e+00   0.0000e+00   0.0000e+00   2.6492e+02
20190803_06:00:00   2.6186e-01   6.5511e+01   6.1614e+00   0.0000e+00   0.0000e+00   2.6489e+02
20190803_09:00:00   2.5860e-01   6.4920e+01   6.0530e+00   0.0000e+00   1.8634e-05   2.6503e+02
20190803_12:00:00   2.5551e-01   6.4252e+01   5.9749e+00   0.0000e+00   6.3180e-07   2.6725e+02
20190803_15:00:00   2.4943e-01   6.3006e+01   5.8357e+00   0.0000e+00   1.3278e-04   2.6604e+02
20190803_18:00:00   2.3838e-01   6.0782e+01   5.5691e+00   0.0000e+00   1.1564e-04   2.6495e+02
20190803_21:00:00   2.1657e-01   5.6333e+01   5.0381e+00   0.0000e+00   3.5103e-04   2.6501e+02
20190804_00:00:00   1.9670e-01   5.2123e+01   4.5766e+00   0.0000e+00   1.1070e-03   2.6550e+02
20190804_03:00:00   1.9179e-01   5.1057e+01   4.4695e+00   0.0000e+00   1.9514e-03   2.6574e+02
20190804_06:00:00   1.8159e-01   4.8810e+01   4.2057e+00   0.0000e+00   8.9537e-03   2.6607e+02
20190804_09:00:00   1.8330e-01   4.9224e+01   4.2535e+00   0.0000e+00   8.7737e-03   2.6642e+02
20190804_12:00:00   2.3572e-01   6.0726e+01   5.2836e+00   0.0000e+00   2.0778e-02   2.6755e+02
20190804_15:00:00   2.9531e-01   7.2964e+01   6.4971e+00   0.0000e+00   1.4006e-02   2.6553e+02
20190804_18:00:00   3.5906e-01   8.5059e+01   7.8993e+00   7.1840e-05   5.6460e-03   2.6763e+02
20190804_21:00:00   4.9795e-01   1.0889e+02   1.1028e+01   0.0000e+00   4.2257e-03   2.6468e+02
20190805_00:00:00   5.2402e-01   1.1301e+02   1.1436e+01   1.5380e-03   3.8847e-03   2.6492e+02
20190805_03:00:00   1.2312e+00   1.9494e+02   1.2621e+01   2.6458e-01   2.0275e-01   2.6409e+02
20190805_06:00:00   9.5218e-01   1.6884e+02   1.2925e+01   1.4628e-01   1.4019e-01   2.6647e+02
20190805_09:00:00   6.3505e-01   1.2954e+02   1.2163e+01   3.2736e-02   1.3344e-01   2.6527e+02
20190805_12:00:00   5.1780e-01   1.1190e+02   1.1379e+01   6.5480e-04   5.6887e-02   2.6583e+02
20190805_15:00:00   4.9634e-01   1.0846e+02   1.0994e+01   0.0000e+00   7.7772e-03   2.6431e+02
20190805_18:00:00   4.7678e-01   1.0539e+02   1.0573e+01   0.0000e+00   3.7634e-04   2.6493e+02
20190805_21:00:00   4.7617e-01   1.0520e+02   1.0598e+01   0.0000e+00   1.5902e-02   2.6555e+02
20190806_00:00:00   5.0024e-01   1.0919e+02   1.0898e+01   5.5370e-03   2.5775e-02   2.6480e+02
20190806_03:00:00   8.7116e-01   1.6083e+02   1.1482e+01   1.4226e-01   1.2669e-02   2.6296e+02
20190806_06:00:00   1.1819e+00   1.9078e+02   1.2822e+01   2.3980e-01   2.2490e-01   2.6233e+02
