#            date       tau225        Tb[K]      pwv[mm] lwp[kg*m^-2] iwp[kg*m^-2]       o3[DU]
20190925_12:00:00   9.1546e-02   2.8215e+01   1.9745e+00   0.0000e+00   1.4939e-04   2.4844e+02
20190925_13:00:00   8.7781e-02   2.7268e+01   1.8855e+00   0.0000e+00   1.2208e-04   2.4699e+02
20190925_14:00:00   8.5918e-02   2.6800e+01   1.8421e+00   0.0000e+00   4.2030e-05   2.4815e+02
20190925_15:00:00   8.2641e-02   2.5971e+01   1.7633e+00   0.0000e+00   1.5385e-05   2.4671e+02
20190925_16:00:00   8.1866e-02   2.5773e+01   1.7432e+00   0.0000e+00   1.7474e-05   2.4550e+02
20190925_17:00:00   8.2880e-02   2.6008e+01   1.7667e+00   0.0000e+00   2.4785e-05   2.4661e+02
20190925_18:00:00   8.3310e-02   2.6109e+01   1.7742e+00   0.0000e+00   5.9520e-06   2.4918e+02
20190925_19:00:00   8.2214e-02   2.5845e+01   1.7504e+00   0.0000e+00   0.0000e+00   2.4954e+02
20190925_20:00:00   8.1498e-02   2.5666e+01   1.7357e+00   0.0000e+00   0.0000e+00   2.4907e+02
20190925_21:00:00   8.1204e-02   2.5595e+01   1.7276e+00   0.0000e+00   0.0000e+00   2.5052e+02
20190925_22:00:00   7.9742e-02   2.5258e+01   1.6840e+00   0.0000e+00   0.0000e+00   2.5194e+02
20190925_23:00:00   7.8140e-02   2.4842e+01   1.6524e+00   0.0000e+00   0.0000e+00   2.5239e+02
20190926_00:00:00   8.2775e-02   2.5935e+01   1.7594e+00   4.9540e-04   0.0000e+00   2.5067e+02
20190926_01:00:00   9.1732e-02   2.8085e+01   1.9701e+00   8.9390e-04   0.0000e+00   2.5155e+02
20190926_02:00:00   8.7936e-02   2.7087e+01   1.9200e+00   5.7250e-04   0.0000e+00   2.5248e+02
20190926_03:00:00   8.4001e-02   2.6119e+01   1.8360e+00   4.1610e-04   0.0000e+00   2.5149e+02
20190926_04:00:00   7.9887e-02   2.5056e+01   1.7710e+00   0.0000e+00   2.6367e-07   2.5096e+02
20190926_05:00:00   7.9035e-02   2.4855e+01   1.7459e+00   0.0000e+00   1.6935e-05   2.5060e+02
20190926_06:00:00   8.1476e-02   2.5407e+01   1.8192e+00   0.0000e+00   1.9382e-04   2.5159e+02
20190926_07:00:00   8.7808e-02   2.6842e+01   2.0093e+00   0.0000e+00   2.2884e-04   2.5358e+02
20190926_08:00:00   9.2576e-02   2.7954e+01   2.1408e+00   0.0000e+00   1.6409e-05   2.5323e+02
20190926_09:00:00   9.7081e-02   2.9000e+01   2.2667e+00   0.0000e+00   6.4880e-07   2.5194e+02
20190926_10:00:00   9.9768e-02   2.9641e+01   2.3331e+00   0.0000e+00   5.2380e-07   2.5232e+02
20190926_11:00:00   1.0040e-01   2.9821e+01   2.3395e+00   0.0000e+00   8.7840e-07   2.5290e+02
20190926_12:00:00   1.0312e-01   3.0458e+01   2.4104e+00   0.0000e+00   0.0000e+00   2.5204e+02
20190926_13:00:00   1.0374e-01   3.0637e+01   2.4163e+00   0.0000e+00   0.0000e+00   2.5293e+02
20190926_14:00:00   1.0370e-01   3.0613e+01   2.4164e+00   0.0000e+00   6.0624e-05   2.5379e+02
20190926_15:00:00   1.0235e-01   3.0270e+01   2.3860e+00   0.0000e+00   3.1880e-06   2.5378e+02
20190926_16:00:00   1.0554e-01   3.0998e+01   2.4743e+00   0.0000e+00   3.7460e-04   2.5406e+02
20190926_17:00:00   1.0633e-01   3.1177e+01   2.4966e+00   0.0000e+00   5.8160e-04   2.5429e+02
20190926_18:00:00   1.0714e-01   3.1384e+01   2.5125e+00   0.0000e+00   2.7920e-06   2.5459e+02
20190926_19:00:00   1.1192e-01   3.2525e+01   2.6287e+00   0.0000e+00   0.0000e+00   2.5504e+02
20190926_20:00:00   1.1776e-01   3.3927e+01   2.7689e+00   0.0000e+00   1.0475e-06   2.5554e+02
20190926_21:00:00   1.2222e-01   3.4999e+01   2.8745e+00   0.0000e+00   8.3810e-06   2.5587e+02
20190926_22:00:00   1.3014e-01   3.6842e+01   3.0727e+00   0.0000e+00   2.0946e-06   2.5487e+02
20190926_23:00:00   1.4245e-01   3.9699e+01   3.3728e+00   0.0000e+00   2.0946e-06   2.5317e+02
20190927_00:00:00   1.6224e-01   4.4236e+01   3.8317e+00   2.4650e-04   1.0475e-06   2.5199e+02
20190927_01:00:00   1.9508e-01   5.1579e+01   4.4741e+00   2.6820e-03   1.0981e-06   2.5169e+02
20190927_02:00:00   3.0680e-01   7.5335e+01   5.1594e+00   3.5470e-02   1.3379e-06   2.5199e+02
20190927_03:00:00   3.4033e-01   8.1910e+01   5.6017e+00   4.1020e-02   1.1486e-06   2.5264e+02
20190927_04:00:00   2.4623e-01   6.2399e+01   5.8228e+00   0.0000e+00   1.2882e-06   2.5331e+02
20190927_05:00:00   2.6142e-01   6.5484e+01   6.1989e+00   0.0000e+00   1.3053e-06   2.5399e+02
20190927_06:00:00   2.6655e-01   6.6545e+01   6.3126e+00   0.0000e+00   1.3053e-06   2.5395e+02
20190927_07:00:00   2.6223e-01   6.5699e+01   6.1913e+00   1.0570e-05   0.0000e+00   2.5470e+02
20190927_08:00:00   2.5738e-01   6.4709e+01   6.0634e+00   0.0000e+00   0.0000e+00   2.5529e+02
20190927_09:00:00   2.5556e-01   6.4317e+01   6.0051e+00   0.0000e+00   0.0000e+00   2.5418e+02
20190927_10:00:00   2.5307e-01   6.3846e+01   5.9343e+00   0.0000e+00   0.0000e+00   2.5288e+02
20190927_11:00:00   2.5088e-01   6.3460e+01   5.8647e+00   0.0000e+00   0.0000e+00   2.5217e+02
20190927_12:00:00   2.4575e-01   6.2444e+01   5.7298e+00   0.0000e+00   0.0000e+00   2.5275e+02
20190927_13:00:00   2.3912e-01   6.1120e+01   5.5640e+00   0.0000e+00   0.0000e+00   2.5186e+02
20190927_14:00:00   2.3526e-01   6.0333e+01   5.4759e+00   0.0000e+00   0.0000e+00   2.5162e+02
20190927_15:00:00   2.3227e-01   5.9720e+01   5.4034e+00   0.0000e+00   0.0000e+00   2.5282e+02
20190927_16:00:00   2.2805e-01   5.8838e+01   5.3000e+00   0.0000e+00   0.0000e+00   2.5515e+02
20190927_17:00:00   2.2266e-01   5.7706e+01   5.1733e+00   0.0000e+00   0.0000e+00   2.5479e+02
20190927_18:00:00   2.1829e-01   5.6813e+01   5.0715e+00   0.0000e+00   0.0000e+00   2.5311e+02
20190927_19:00:00   2.1792e-01   5.6768e+01   5.0615e+00   0.0000e+00   0.0000e+00   2.5112e+02
20190927_20:00:00   2.1922e-01   5.7072e+01   5.0819e+00   0.0000e+00   0.0000e+00   2.5048e+02
20190927_21:00:00   2.1978e-01   5.7202e+01   5.0918e+00   0.0000e+00   0.0000e+00   2.5113e+02
20190927_22:00:00   2.1884e-01   5.6983e+01   5.0754e+00   0.0000e+00   0.0000e+00   2.5180e+02
20190927_23:00:00   2.1600e-01   5.6319e+01   5.0316e+00   0.0000e+00   0.0000e+00   2.5195e+02
20190928_00:00:00   2.1221e-01   5.5447e+01   4.9651e+00   0.0000e+00   0.0000e+00   2.5176e+02
20190928_01:00:00   2.0595e-01   5.4096e+01   4.8267e+00   0.0000e+00   0.0000e+00   2.5302e+02
20190928_02:00:00   2.0046e-01   5.2927e+01   4.6980e+00   0.0000e+00   0.0000e+00   2.5268e+02
20190928_03:00:00   1.9883e-01   5.2616e+01   4.6486e+00   0.0000e+00   0.0000e+00   2.5180e+02
20190928_04:00:00   2.0168e-01   5.3311e+01   4.6953e+00   0.0000e+00   0.0000e+00   2.5089e+02
20190928_05:00:00   2.0794e-01   5.4757e+01   4.8108e+00   0.0000e+00   0.0000e+00   2.5012e+02
20190928_06:00:00   2.1445e-01   5.6225e+01   4.9353e+00   0.0000e+00   0.0000e+00   2.4797e+02
20190928_07:00:00   2.1760e-01   5.6928e+01   4.9916e+00   0.0000e+00   0.0000e+00   2.4786e+02
20190928_08:00:00   2.1759e-01   5.6922e+01   4.9846e+00   0.0000e+00   0.0000e+00   2.4787e+02
20190928_09:00:00   2.1391e-01   5.6108e+01   4.8976e+00   0.0000e+00   0.0000e+00   2.4869e+02
20190928_10:00:00   2.0835e-01   5.4897e+01   4.7640e+00   0.0000e+00   0.0000e+00   2.4877e+02
20190928_11:00:00   1.9878e-01   5.2793e+01   4.5514e+00   0.0000e+00   0.0000e+00   2.4839e+02
20190928_12:00:00   1.8904e-01   5.0625e+01   4.3320e+00   0.0000e+00   0.0000e+00   2.4803e+02
20190928_13:00:00   1.7989e-01   4.8556e+01   4.1313e+00   0.0000e+00   0.0000e+00   2.4873e+02
20190928_14:00:00   1.7187e-01   4.6708e+01   3.9602e+00   0.0000e+00   0.0000e+00   2.5038e+02
20190928_15:00:00   1.6334e-01   4.4769e+01   3.7711e+00   0.0000e+00   0.0000e+00   2.5105e+02
20190928_16:00:00   1.5650e-01   4.3183e+01   3.6186e+00   0.0000e+00   0.0000e+00   2.4990e+02
20190928_17:00:00   1.5273e-01   4.2308e+01   3.5347e+00   0.0000e+00   0.0000e+00   2.4919e+02
20190928_18:00:00   1.4736e-01   4.1046e+01   3.4140e+00   0.0000e+00   0.0000e+00   2.4795e+02
20190928_19:00:00   1.4088e-01   3.9526e+01   3.2705e+00   0.0000e+00   0.0000e+00   2.4736e+02
20190928_20:00:00   1.3807e-01   3.8841e+01   3.2151e+00   0.0000e+00   0.0000e+00   2.4646e+02
20190928_21:00:00   1.3736e-01   3.8642e+01   3.2094e+00   0.0000e+00   0.0000e+00   2.4634e+02
20190928_22:00:00   1.3807e-01   3.8768e+01   3.2340e+00   0.0000e+00   0.0000e+00   2.4704e+02
20190928_23:00:00   1.3727e-01   3.8550e+01   3.2186e+00   0.0000e+00   0.0000e+00   2.4698e+02
20190929_00:00:00   1.3616e-01   3.8287e+01   3.1939e+00   0.0000e+00   0.0000e+00   2.4837e+02
20190929_01:00:00   1.3836e-01   3.8836e+01   3.2359e+00   0.0000e+00   0.0000e+00   2.5036e+02
20190929_02:00:00   1.4579e-01   4.0622e+01   3.3901e+00   0.0000e+00   0.0000e+00   2.5085e+02
20190929_03:00:00   1.5647e-01   4.3094e+01   3.6267e+00   0.0000e+00   0.0000e+00   2.5104e+02
20190929_04:00:00   1.7703e-01   4.7774e+01   4.0864e+00   0.0000e+00   0.0000e+00   2.5156e+02
20190929_05:00:00   1.9530e-01   5.1829e+01   4.4858e+00   0.0000e+00   0.0000e+00   2.5209e+02
20190929_06:00:00   2.0151e-01   5.3191e+01   4.6154e+00   0.0000e+00   0.0000e+00   2.5257e+02
20190929_07:00:00   2.0426e-01   5.3801e+01   4.6680e+00   0.0000e+00   0.0000e+00   2.5263e+02
20190929_08:00:00   2.1733e-01   5.6637e+01   4.9368e+00   0.0000e+00   0.0000e+00   2.5300e+02
20190929_09:00:00   2.2590e-01   5.8469e+01   5.1039e+00   0.0000e+00   0.0000e+00   2.5279e+02
20190929_10:00:00   2.2487e-01   5.8245e+01   5.0790e+00   0.0000e+00   0.0000e+00   2.5296e+02
20190929_11:00:00   2.1682e-01   5.6474e+01   4.9085e+00   0.0000e+00   0.0000e+00   2.5266e+02
20190929_12:00:00   2.0251e-01   5.3270e+01   4.6283e+00   0.0000e+00   6.3180e-07   2.5268e+02
20190929_13:00:00   1.8259e-01   4.8792e+01   4.2224e+00   0.0000e+00   0.0000e+00   2.5182e+02
20190929_14:00:00   1.7846e-01   4.7806e+01   4.1554e+00   0.0000e+00   0.0000e+00   2.5188e+02
20190929_15:00:00   1.9585e-01   5.1675e+01   4.5349e+00   0.0000e+00   0.0000e+00   2.5316e+02
20190929_16:00:00   2.1478e-01   5.5847e+01   4.9287e+00   0.0000e+00   0.0000e+00   2.5338e+02
20190929_17:00:00   2.2752e-01   5.8653e+01   5.1738e+00   0.0000e+00   0.0000e+00   2.5335e+02
20190929_18:00:00   2.2999e-01   5.9218e+01   5.1970e+00   0.0000e+00   0.0000e+00   2.5391e+02
20190929_19:00:00   2.3270e-01   5.9866e+01   5.2268e+00   0.0000e+00   0.0000e+00   2.5469e+02
20190929_20:00:00   2.3419e-01   6.0235e+01   5.2244e+00   0.0000e+00   0.0000e+00   2.5604e+02
20190929_21:00:00   2.3225e-01   5.9888e+01   5.1498e+00   0.0000e+00   0.0000e+00   2.5666e+02
20190929_22:00:00   2.3226e-01   5.9924e+01   5.1298e+00   0.0000e+00   0.0000e+00   2.5754e+02
20190929_23:00:00   2.3191e-01   5.9859e+01   5.1116e+00   0.0000e+00   0.0000e+00   2.5686e+02
20190930_00:00:00   2.2362e-01   5.8097e+01   4.9401e+00   0.0000e+00   0.0000e+00   2.5581e+02
20190930_01:00:00   2.1346e-01   5.5915e+01   4.7235e+00   0.0000e+00   0.0000e+00   2.5578e+02
20190930_02:00:00   2.0037e-01   5.3081e+01   4.4371e+00   0.0000e+00   0.0000e+00   2.5645e+02
20190930_03:00:00   1.8485e-01   4.9673e+01   4.0961e+00   0.0000e+00   0.0000e+00   2.5651e+02
20190930_04:00:00   1.7240e-01   4.6878e+01   3.8206e+00   0.0000e+00   0.0000e+00   2.5693e+02
20190930_05:00:00   1.6513e-01   4.5231e+01   3.6575e+00   0.0000e+00   0.0000e+00   2.5822e+02
20190930_06:00:00   1.6124e-01   4.4357e+01   3.5626e+00   0.0000e+00   0.0000e+00   2.5972e+02
20190930_07:00:00   1.5878e-01   4.3840e+01   3.4979e+00   0.0000e+00   0.0000e+00   2.6127e+02
20190930_08:00:00   1.5199e-01   4.2326e+01   3.3378e+00   0.0000e+00   0.0000e+00   2.6205e+02
20190930_09:00:00   1.4724e-01   4.1250e+01   3.2279e+00   0.0000e+00   0.0000e+00   2.6218e+02
20190930_10:00:00   1.4890e-01   4.1662e+01   3.2648e+00   0.0000e+00   0.0000e+00   2.6112e+02
20190930_11:00:00   1.5738e-01   4.3626e+01   3.4481e+00   0.0000e+00   0.0000e+00   2.6110e+02
20190930_12:00:00   1.6176e-01   4.4618e+01   3.5461e+00   0.0000e+00   0.0000e+00   2.6084e+02
20190930_15:00:00   1.5241e-01   4.2419e+01   3.3421e+00   0.0000e+00   0.0000e+00   2.6065e+02
20190930_18:00:00   1.4614e-01   4.0973e+01   3.2084e+00   0.0000e+00   0.0000e+00   2.5953e+02
20190930_21:00:00   1.4356e-01   4.0361e+01   3.1618e+00   0.0000e+00   0.0000e+00   2.5957e+02
20191001_00:00:00   1.4753e-01   4.1253e+01   3.2580e+00   0.0000e+00   0.0000e+00   2.5863e+02
20191001_03:00:00   1.6628e-01   4.5666e+01   3.2595e+00   7.2110e-03   0.0000e+00   2.5940e+02
20191001_06:00:00   1.4062e-01   3.9675e+01   3.0975e+00   0.0000e+00   0.0000e+00   2.5989e+02
20191001_09:00:00   1.4750e-01   4.1344e+01   3.2207e+00   0.0000e+00   0.0000e+00   2.5707e+02
20191001_12:00:00   1.2610e-01   3.6298e+01   2.7407e+00   0.0000e+00   0.0000e+00   2.5639e+02
20191001_15:00:00   1.1761e-01   3.4260e+01   2.5443e+00   0.0000e+00   0.0000e+00   2.5684e+02
20191001_18:00:00   1.1400e-01   3.3409e+01   2.4559e+00   0.0000e+00   0.0000e+00   2.5576e+02
20191001_21:00:00   1.1326e-01   3.3305e+01   2.4099e+00   3.3240e-06   0.0000e+00   2.5697e+02
20191002_00:00:00   1.6470e-01   4.5511e+01   2.7982e+00   1.3010e-02   0.0000e+00   2.5644e+02
20191002_03:00:00   1.2604e-01   3.6443e+01   2.6189e+00   4.6440e-04   0.0000e+00   2.5631e+02
20191002_06:00:00   9.6136e-02   2.9229e+01   1.9874e+00   0.0000e+00   0.0000e+00   2.5622e+02
20191002_09:00:00   9.6209e-02   2.9270e+01   1.9712e+00   8.7630e-05   0.0000e+00   2.5462e+02
20191002_12:00:00   9.0815e-02   2.7907e+01   1.8485e+00   7.2060e-05   0.0000e+00   2.5499e+02
20191002_15:00:00   8.6688e-02   2.6885e+01   1.7537e+00   9.3680e-06   0.0000e+00   2.5410e+02
20191002_18:00:00   8.6093e-02   2.6735e+01   1.7364e+00   8.8310e-05   0.0000e+00   2.5457e+02
20191002_21:00:00   9.4232e-02   2.8762e+01   1.9093e+00   0.0000e+00   0.0000e+00   2.5617e+02
20191003_00:00:00   9.3134e-02   2.8470e+01   1.8769e+00   2.4140e-04   0.0000e+00   2.5360e+02
20191003_03:00:00   9.6474e-02   2.9283e+01   1.9619e+00   0.0000e+00   0.0000e+00   2.5254e+02
20191003_06:00:00   9.5301e-02   2.8960e+01   1.9420e+00   7.5390e-05   0.0000e+00   2.5519e+02
20191003_09:00:00   1.2314e-01   3.5628e+01   2.5708e+00   0.0000e+00   0.0000e+00   2.5596e+02
20191003_12:00:00   1.6941e-01   4.6202e+01   3.5638e+00   6.3310e-05   0.0000e+00   2.5294e+02
20191003_15:00:00   1.7883e-01   4.8218e+01   3.8115e+00   2.1240e-04   0.0000e+00   2.5130e+02
20191003_18:00:00   1.6545e-01   4.5159e+01   3.5895e+00   0.0000e+00   0.0000e+00   2.5063e+02
20191003_21:00:00   1.4306e-01   3.9879e+01   3.1676e+00   0.0000e+00   0.0000e+00   2.5332e+02
20191004_00:00:00   1.5247e-01   4.1804e+01   3.4161e+00   1.6710e-03   0.0000e+00   2.5162e+02
20191004_03:00:00   1.7637e-01   4.7065e+01   4.1105e+00   0.0000e+00   0.0000e+00   2.5111e+02
20191004_06:00:00   1.9188e-01   5.0335e+01   4.5261e+00   0.0000e+00   1.1982e-03   2.5004e+02
20191004_09:00:00   1.9687e-01   5.1468e+01   4.6315e+00   0.0000e+00   1.7788e-03   2.5019e+02
20191004_12:00:00   2.3842e-01   6.0272e+01   5.5667e+00   0.0000e+00   9.0330e-04   2.4817e+02
20191004_15:00:00   2.6459e-01   6.5493e+01   6.2097e+00   0.0000e+00   2.9422e-04   2.4621e+02
20191004_18:00:00   2.7080e-01   6.6851e+01   6.3513e+00   6.7250e-06   5.0801e-04   2.4659e+02
20191004_21:00:00   2.5577e-01   6.3964e+01   6.0136e+00   3.3710e-06   5.6813e-03   2.4824e+02
20191005_00:00:00   2.4656e-01   6.2116e+01   5.7259e+00   1.9050e-03   1.2499e-02   2.4865e+02
20191005_03:00:00   2.4166e-01   6.1099e+01   5.7043e+00   0.0000e+00   1.1689e-02   2.4802e+02
20191005_06:00:00   2.3655e-01   6.0025e+01   5.5976e+00   0.0000e+00   2.0631e-02   2.4839e+02
20191005_09:00:00   2.3315e-01   5.9321e+01   5.5411e+00   0.0000e+00   3.7010e-02   2.4856e+02
20191005_12:00:00   2.2735e-01   5.8110e+01   5.4293e+00   0.0000e+00   2.5954e-02   2.4967e+02
20191005_15:00:00   2.2031e-01   5.6675e+01   5.2737e+00   0.0000e+00   5.6696e-03   2.4910e+02
20191005_18:00:00   2.2361e-01   5.7272e+01   5.3592e+00   0.0000e+00   3.0628e-02   2.4784e+02
20191005_21:00:00   2.2672e-01   5.8016e+01   5.4310e+00   0.0000e+00   1.9384e-02   2.4997e+02
20191006_00:00:00   2.4932e-01   6.2444e+01   5.9895e+00   0.0000e+00   1.3384e-01   2.5016e+02
20191006_03:00:00   2.4399e-01   6.1454e+01   5.8966e+00   0.0000e+00   2.8745e-02   2.5053e+02
20191006_06:00:00   2.4580e-01   6.1809e+01   5.9367e+00   0.0000e+00   2.0980e-02   2.5168e+02
20191006_09:00:00   2.4206e-01   6.1082e+01   5.8340e+00   0.0000e+00   3.2992e-02   2.5183e+02
20191006_12:00:00   2.2526e-01   5.7706e+01   5.3927e+00   0.0000e+00   2.2781e-02   2.5103e+02
20191006_15:00:00   2.3628e-01   5.9908e+01   5.6781e+00   0.0000e+00   2.6885e-02   2.5014e+02
20191006_18:00:00   2.1713e-01   5.6042e+01   5.1890e+00   0.0000e+00   2.3189e-02   2.4974e+02
20191006_21:00:00   2.1390e-01   5.5411e+01   5.1130e+00   0.0000e+00   6.5305e-04   2.5209e+02
20191007_00:00:00   2.0665e-01   5.4015e+01   4.9032e+00   0.0000e+00   1.6950e-05   2.5029e+02
20191007_03:00:00   1.8617e-01   4.9528e+01   4.4295e+00   0.0000e+00   2.2030e-03   2.4849e+02
20191007_06:00:00   1.8551e-01   4.9400e+01   4.3944e+00   0.0000e+00   1.5868e-05   2.5010e+02
20191007_09:00:00   1.8737e-01   4.9861e+01   4.4261e+00   0.0000e+00   1.0054e-04   2.5077e+02
20191007_12:00:00   1.9330e-01   5.1153e+01   4.5710e+00   0.0000e+00   2.2977e-04   2.5096e+02
20191007_15:00:00   1.9624e-01   5.1816e+01   4.6257e+00   0.0000e+00   2.8139e-04   2.5079e+02
20191007_18:00:00   2.0274e-01   5.3236e+01   4.7766e+00   0.0000e+00   1.6465e-03   2.5083e+02
20191007_21:00:00   1.9847e-01   5.2270e+01   4.7067e+00   0.0000e+00   2.3419e-04   2.5313e+02
20191008_00:00:00   2.0175e-01   5.2969e+01   4.8028e+00   0.0000e+00   1.0640e-02   2.5173e+02
20191008_03:00:00   2.1395e-01   5.5628e+01   5.0745e+00   0.0000e+00   6.4983e-05   2.5229e+02
20191008_06:00:00   2.2092e-01   5.7043e+01   5.2635e+00   0.0000e+00   1.5467e-04   2.5224e+02
20191008_09:00:00   2.2963e-01   5.8813e+01   5.4662e+00   0.0000e+00   7.1632e-05   2.5121e+02
20191008_12:00:00   2.3804e-01   6.0603e+01   5.6493e+00   0.0000e+00   3.5321e-04   2.4948e+02
20191008_15:00:00   2.3710e-01   6.0461e+01   5.6094e+00   0.0000e+00   2.3662e-03   2.4807e+02
20191008_18:00:00   2.2591e-01   5.8173e+01   5.3100e+00   0.0000e+00   2.6256e-03   2.4711e+02
20191008_21:00:00   2.2114e-01   5.7208e+01   5.1880e+00   0.0000e+00   4.5099e-03   2.4757e+02
20191009_00:00:00   2.1972e-01   5.6910e+01   5.1614e+00   1.5570e-04   4.0199e-03   2.4820e+02
20191009_03:00:00   2.3279e-01   5.9538e+01   5.5343e+00   0.0000e+00   3.0180e-03   2.4853e+02
20191009_06:00:00   2.4569e-01   6.2174e+01   5.8228e+00   0.0000e+00   5.9560e-06   2.5073e+02
20191009_09:00:00   2.6185e-01   6.5428e+01   6.1864e+00   0.0000e+00   0.0000e+00   2.5052e+02
20191009_12:00:00   2.7227e-01   6.7516e+01   6.4261e+00   0.0000e+00   1.3763e-05   2.4953e+02
20191009_15:00:00   2.7881e-01   6.8840e+01   6.5498e+00   0.0000e+00   3.4491e-04   2.5044e+02
20191009_18:00:00   2.7630e-01   6.8455e+01   6.4571e+00   0.0000e+00   8.0529e-05   2.4980e+02
20191009_21:00:00   2.8710e-01   7.0691e+01   6.6762e+00   0.0000e+00   1.6044e-04   2.5174e+02
20191010_00:00:00   2.8727e-01   7.0837e+01   6.6449e+00   0.0000e+00   7.2100e-05   2.5092e+02
20191010_03:00:00   3.0708e-01   7.4727e+01   7.0677e+00   0.0000e+00   4.4040e-06   2.4833e+02
20191010_06:00:00   3.0983e-01   7.5272e+01   7.1017e+00   0.0000e+00   0.0000e+00   2.5030e+02
20191010_09:00:00   3.0491e-01   7.4249e+01   6.9830e+00   0.0000e+00   0.0000e+00   2.5103e+02
20191010_12:00:00   2.9387e-01   7.2096e+01   6.7020e+00   0.0000e+00   3.5500e-05   2.4881e+02
20191010_15:00:00   2.9432e-01   7.2152e+01   6.7215e+00   0.0000e+00   1.2634e-06   2.4951e+02
20191010_18:00:00   2.9861e-01   7.3027e+01   6.8207e+00   0.0000e+00   4.3231e-04   2.4818e+02
20191010_21:00:00   2.9486e-01   7.2358e+01   6.7113e+00   0.0000e+00   1.8306e-03   2.4827e+02
20191011_00:00:00   2.9913e-01   7.3368e+01   6.7565e+00   0.0000e+00   6.2416e-04   2.4842e+02
20191011_03:00:00   3.1601e-01   7.6748e+01   7.0936e+00   0.0000e+00   6.0981e-04   2.4754e+02
20191011_06:00:00   3.3445e-01   8.0322e+01   7.4367e+00   0.0000e+00   7.1006e-04   2.4962e+02
20191011_09:00:00   3.5092e-01   8.3543e+01   7.6547e+00   0.0000e+00   1.6484e-03   2.4874e+02
20191011_12:00:00   3.6640e-01   8.6509e+01   7.8245e+00   0.0000e+00   9.6035e-04   2.4676e+02
