#            date       tau225        Tb[K]      pwv[mm] lwp[kg*m^-2] iwp[kg*m^-2]       o3[DU]
20190924_12:00:00   6.4185e-02   2.1292e+01   1.3376e+00   0.0000e+00   0.0000e+00   2.5107e+02
20190924_13:00:00   6.3971e-02   2.1216e+01   1.3397e+00   0.0000e+00   0.0000e+00   2.5014e+02
20190924_14:00:00   6.2471e-02   2.0822e+01   1.3050e+00   0.0000e+00   0.0000e+00   2.4863e+02
20190924_15:00:00   6.1524e-02   2.0573e+01   1.2815e+00   0.0000e+00   0.0000e+00   2.5039e+02
20190924_16:00:00   6.2648e-02   2.0846e+01   1.3104e+00   0.0000e+00   0.0000e+00   2.4961e+02
20190924_17:00:00   6.3302e-02   2.1020e+01   1.3291e+00   0.0000e+00   0.0000e+00   2.4854e+02
20190924_18:00:00   6.2141e-02   2.0735e+01   1.2980e+00   0.0000e+00   0.0000e+00   2.4910e+02
20190924_19:00:00   6.2281e-02   2.0771e+01   1.3012e+00   0.0000e+00   0.0000e+00   2.4972e+02
20190924_20:00:00   6.5262e-02   2.1512e+01   1.3837e+00   0.0000e+00   0.0000e+00   2.5107e+02
20190924_21:00:00   6.8799e-02   2.2399e+01   1.4773e+00   0.0000e+00   0.0000e+00   2.5199e+02
20190924_22:00:00   7.1713e-02   2.3143e+01   1.5507e+00   0.0000e+00   0.0000e+00   2.5152e+02
20190924_23:00:00   7.4125e-02   2.3764e+01   1.6079e+00   0.0000e+00   4.2500e-08   2.5185e+02
20190925_00:00:00   7.6824e-02   2.4447e+01   1.6726e+00   0.0000e+00   0.0000e+00   2.4972e+02
20190925_01:00:00   8.0290e-02   2.5322e+01   1.7548e+00   0.0000e+00   2.9760e-06   2.5041e+02
20190925_02:00:00   8.4260e-02   2.6327e+01   1.8380e+00   1.6570e-04   0.0000e+00   2.5200e+02
20190925_03:00:00   8.9434e-02   2.7621e+01   1.9403e+00   5.0370e-04   0.0000e+00   2.5327e+02
20190925_04:00:00   9.0475e-02   2.7882e+01   1.9943e+00   0.0000e+00   0.0000e+00   2.5344e+02
20190925_05:00:00   9.1793e-02   2.8225e+01   2.0223e+00   0.0000e+00   0.0000e+00   2.5119e+02
20190925_06:00:00   9.1942e-02   2.8280e+01   2.0206e+00   0.0000e+00   0.0000e+00   2.5169e+02
20190925_07:00:00   9.1998e-02   2.8298e+01   2.0175e+00   0.0000e+00   0.0000e+00   2.5107e+02
20190925_08:00:00   9.4133e-02   2.8828e+01   2.0651e+00   0.0000e+00   0.0000e+00   2.4903e+02
20190925_09:00:00   9.6275e-02   2.9355e+01   2.1147e+00   0.0000e+00   0.0000e+00   2.4826e+02
20190925_10:00:00   9.8341e-02   2.9849e+01   2.1649e+00   0.0000e+00   0.0000e+00   2.4842e+02
20190925_11:00:00   9.9843e-02   3.0194e+01   2.2042e+00   0.0000e+00   0.0000e+00   2.4755e+02
20190925_12:00:00   1.0028e-01   3.0284e+01   2.2161e+00   0.0000e+00   0.0000e+00   2.4658e+02
20190925_13:00:00   9.9610e-02   3.0099e+01   2.2073e+00   0.0000e+00   0.0000e+00   2.4718e+02
20190925_14:00:00   9.9932e-02   3.0149e+01   2.2186e+00   0.0000e+00   0.0000e+00   2.4765e+02
20190925_15:00:00   9.9354e-02   3.0005e+01   2.2050e+00   0.0000e+00   0.0000e+00   2.4697e+02
20190925_16:00:00   9.7744e-02   2.9593e+01   2.1751e+00   0.0000e+00   0.0000e+00   2.4560e+02
20190925_17:00:00   9.7145e-02   2.9436e+01   2.1560e+00   0.0000e+00   0.0000e+00   2.4602e+02
20190925_18:00:00   9.6413e-02   2.9262e+01   2.1319e+00   0.0000e+00   0.0000e+00   2.4753e+02
20190925_19:00:00   9.4834e-02   2.8871e+01   2.1035e+00   0.0000e+00   0.0000e+00   2.4808e+02
20190925_20:00:00   9.6597e-02   2.9221e+01   2.1745e+00   0.0000e+00   0.0000e+00   2.4843e+02
20190925_21:00:00   9.9544e-02   2.9940e+01   2.2411e+00   0.0000e+00   2.2260e-04   2.5011e+02
20190925_22:00:00   1.1887e-01   3.4733e+01   2.3064e+00   6.4530e-03   5.1240e-04   2.5026e+02
20190925_23:00:00   2.2491e-01   5.9334e+01   2.3708e+00   4.7070e-02   1.5568e-04   2.5088e+02
20190926_00:00:00   2.7199e-01   6.9441e+01   2.4071e+00   6.4760e-02   2.6560e-07   2.5067e+02
20190926_01:00:00   2.3676e-01   6.2004e+01   2.4053e+00   5.0790e-02   2.2020e-06   2.5062e+02
20190926_02:00:00   2.2237e-01   5.8884e+01   2.3256e+00   4.6520e-02   1.1212e-03   2.5244e+02
20190926_03:00:00   1.8858e-01   5.1272e+01   2.3433e+00   3.3080e-02   5.2685e-03   2.5253e+02
20190926_04:00:00   1.0769e-01   3.1920e+01   2.2984e+00   2.4290e-03   1.1126e-02   2.5255e+02
20190926_05:00:00   1.0093e-01   3.0063e+01   2.3344e+00   8.4800e-05   1.1521e-02   2.5169e+02
20190926_06:00:00   9.6600e-02   2.8964e+01   2.2418e+00   1.7180e-04   8.4044e-03   2.5053e+02
20190926_07:00:00   9.6518e-02   2.8896e+01   2.2586e+00   0.0000e+00   1.1370e-02   2.5066e+02
20190926_08:00:00   9.8901e-02   2.9457e+01   2.3271e+00   0.0000e+00   1.5166e-03   2.5184e+02
20190926_09:00:00   1.0042e-01   2.9776e+01   2.3771e+00   0.0000e+00   1.1678e-03   2.5168e+02
20190926_10:00:00   1.0825e-01   3.1536e+01   2.6018e+00   0.0000e+00   1.1200e-03   2.5160e+02
20190926_11:00:00   1.1825e-01   3.3823e+01   2.8681e+00   0.0000e+00   8.4990e-09   2.5193e+02
20190926_12:00:00   1.2642e-01   3.5679e+01   3.0832e+00   0.0000e+00   2.1248e-08   2.5224e+02
20190926_13:00:00   1.3540e-01   3.7711e+01   3.3192e+00   0.0000e+00   1.3094e-05   2.5317e+02
20190926_14:00:00   1.4390e-01   3.9644e+01   3.5313e+00   0.0000e+00   0.0000e+00   2.5322e+02
20190926_15:00:00   1.5973e-01   4.3190e+01   3.9315e+00   0.0000e+00   0.0000e+00   2.5229e+02
20190926_16:00:00   1.8875e-01   4.9541e+01   4.6416e+00   0.0000e+00   0.0000e+00   2.5295e+02
20190926_17:00:00   2.2116e-01   5.6535e+01   5.3875e+00   0.0000e+00   0.0000e+00   2.5380e+02
20190926_18:00:00   2.3726e-01   6.0045e+01   5.7173e+00   0.0000e+00   0.0000e+00   2.5378e+02
20190926_19:00:00   2.4018e-01   6.0772e+01   5.7539e+00   0.0000e+00   0.0000e+00   2.5495e+02
20190926_20:00:00   2.3171e-01   5.9092e+01   5.5362e+00   0.0000e+00   0.0000e+00   2.5437e+02
20190926_21:00:00   2.1870e-01   5.6403e+01   5.2226e+00   0.0000e+00   0.0000e+00   2.5406e+02
20190926_22:00:00   2.0477e-01   5.3501e+01   4.8855e+00   0.0000e+00   0.0000e+00   2.5335e+02
20190926_23:00:00   1.9561e-01   5.1540e+01   4.6732e+00   0.0000e+00   0.0000e+00   2.5383e+02
20190927_00:00:00   1.9114e-01   5.0578e+01   4.5726e+00   0.0000e+00   0.0000e+00   2.5222e+02
20190927_01:00:00   1.9477e-01   5.1449e+01   4.5445e+00   1.9340e-03   0.0000e+00   2.5148e+02
20190927_02:00:00   2.1289e-01   5.5610e+01   4.5549e+00   8.6760e-03   0.0000e+00   2.5169e+02
20190927_03:00:00   2.4674e-01   6.3108e+01   4.4675e+00   2.3340e-02   0.0000e+00   2.5063e+02
20190927_04:00:00   2.0599e-01   5.4196e+01   4.3067e+00   9.9270e-03   0.0000e+00   2.5023e+02
20190927_05:00:00   1.7579e-01   4.7326e+01   4.1836e+00   0.0000e+00   0.0000e+00   2.5041e+02
20190927_06:00:00   1.7970e-01   4.8202e+01   4.2625e+00   0.0000e+00   0.0000e+00   2.5108e+02
20190927_07:00:00   1.8554e-01   4.9488e+01   4.3947e+00   0.0000e+00   0.0000e+00   2.5099e+02
20190927_08:00:00   1.9009e-01   5.0472e+01   4.5012e+00   0.0000e+00   0.0000e+00   2.4976e+02
20190927_09:00:00   1.9166e-01   5.0824e+01   4.5294e+00   0.0000e+00   0.0000e+00   2.4915e+02
20190927_10:00:00   1.9426e-01   5.1382e+01   4.5869e+00   0.0000e+00   0.0000e+00   2.4948e+02
20190927_11:00:00   2.0093e-01   5.2802e+01   4.7498e+00   0.0000e+00   0.0000e+00   2.4864e+02
20190927_12:00:00   2.0988e-01   5.4722e+01   4.9593e+00   0.0000e+00   0.0000e+00   2.4994e+02
20190927_13:00:00   2.1935e-01   5.6751e+01   5.1746e+00   0.0000e+00   0.0000e+00   2.5027e+02
20190927_14:00:00   2.2705e-01   5.8412e+01   5.3474e+00   0.0000e+00   0.0000e+00   2.5162e+02
20190927_15:00:00   2.3003e-01   5.9089e+01   5.4029e+00   0.0000e+00   0.0000e+00   2.5205e+02
20190927_16:00:00   2.3104e-01   5.9335e+01   5.4095e+00   0.0000e+00   0.0000e+00   2.5320e+02
20190927_17:00:00   2.3047e-01   5.9246e+01   5.3843e+00   0.0000e+00   0.0000e+00   2.5364e+02
20190927_18:00:00   2.2997e-01   5.9165e+01   5.3778e+00   0.0000e+00   0.0000e+00   2.5254e+02
20190927_19:00:00   2.2856e-01   5.8860e+01   5.3511e+00   0.0000e+00   0.0000e+00   2.5222e+02
20190927_20:00:00   2.2619e-01   5.8362e+01   5.2953e+00   0.0000e+00   0.0000e+00   2.5262e+02
20190927_21:00:00   2.2276e-01   5.7643e+01   5.2134e+00   0.0000e+00   0.0000e+00   2.5234e+02
20190927_22:00:00   2.1986e-01   5.7039e+01   5.1460e+00   0.0000e+00   0.0000e+00   2.5128e+02
20190927_23:00:00   2.1866e-01   5.6792e+01   5.1163e+00   0.0000e+00   0.0000e+00   2.5162e+02
20190928_00:00:00   2.1801e-01   5.6679e+01   5.0958e+00   0.0000e+00   0.0000e+00   2.5092e+02
20190928_01:00:00   2.1830e-01   5.6760e+01   5.0881e+00   1.6760e-04   0.0000e+00   2.5069e+02
20190928_02:00:00   2.2536e-01   5.8332e+01   5.1295e+00   2.3380e-03   0.0000e+00   2.4974e+02
20190928_03:00:00   2.1960e-01   5.7062e+01   5.1415e+00   0.0000e+00   0.0000e+00   2.4826e+02
20190928_04:00:00   2.2054e-01   5.7277e+01   5.1586e+00   8.4950e-05   1.6318e-06   2.4733e+02
20190928_05:00:00   2.1695e-01   5.6518e+01   5.0772e+00   0.0000e+00   1.6318e-06   2.4697e+02
20190928_06:00:00   2.1229e-01   5.5543e+01   4.9616e+00   0.0000e+00   0.0000e+00   2.4705e+02
20190928_07:00:00   2.0900e-01   5.4817e+01   4.8824e+00   0.0000e+00   0.0000e+00   2.4588e+02
20190928_08:00:00   2.0999e-01   5.4998e+01   4.9095e+00   0.0000e+00   0.0000e+00   2.4600e+02
20190928_09:00:00   2.1110e-01   5.5197e+01   4.9384e+00   0.0000e+00   0.0000e+00   2.4597e+02
20190928_10:00:00   2.1222e-01   5.5410e+01   4.9621e+00   0.0000e+00   0.0000e+00   2.4590e+02
20190928_11:00:00   2.1151e-01   5.5244e+01   4.9441e+00   0.0000e+00   2.6860e-05   2.4548e+02
20190928_12:00:00   2.1184e-01   5.5271e+01   4.9551e+00   0.0000e+00   2.7520e-06   2.4544e+02
20190928_13:00:00   2.1181e-01   5.5239e+01   4.9522e+00   0.0000e+00   0.0000e+00   2.4437e+02
20190928_14:00:00   2.0919e-01   5.4677e+01   4.8841e+00   0.0000e+00   0.0000e+00   2.4459e+02
20190928_15:00:00   2.0231e-01   5.3206e+01   4.7192e+00   0.0000e+00   0.0000e+00   2.4626e+02
20190928_16:00:00   1.9495e-01   5.1640e+01   4.5442e+00   0.0000e+00   0.0000e+00   2.4702e+02
20190928_17:00:00   1.8896e-01   5.0368e+01   4.4006e+00   0.0000e+00   0.0000e+00   2.4582e+02
20190928_18:00:00   1.8414e-01   4.9335e+01   4.2849e+00   0.0000e+00   0.0000e+00   2.4474e+02
20190928_19:00:00   1.8046e-01   4.8521e+01   4.2024e+00   0.0000e+00   0.0000e+00   2.4559e+02
20190928_20:00:00   1.7734e-01   4.7809e+01   4.1324e+00   0.0000e+00   0.0000e+00   2.4637e+02
20190928_21:00:00   1.7449e-01   4.7184e+01   4.0671e+00   0.0000e+00   0.0000e+00   2.4671e+02
20190928_22:00:00   1.7128e-01   4.6452e+01   3.9943e+00   0.0000e+00   0.0000e+00   2.4781e+02
20190928_23:00:00   1.6826e-01   4.5774e+01   3.9244e+00   0.0000e+00   0.0000e+00   2.4771e+02
20190929_00:00:00   1.6722e-01   4.5532e+01   3.8958e+00   0.0000e+00   0.0000e+00   2.4795e+02
20190929_01:00:00   1.7270e-01   4.6783e+01   4.0066e+00   0.0000e+00   0.0000e+00   2.4813e+02
20190929_02:00:00   1.6708e-01   4.5505e+01   3.8802e+00   0.0000e+00   0.0000e+00   2.4853e+02
20190929_03:00:00   1.5972e-01   4.3832e+01   3.7092e+00   0.0000e+00   0.0000e+00   2.4944e+02
20190929_04:00:00   1.6280e-01   4.4572e+01   3.7609e+00   0.0000e+00   0.0000e+00   2.5038e+02
20190929_05:00:00   1.8608e-01   4.9899e+01   4.2383e+00   1.6386e-05   0.0000e+00   2.5190e+02
20190929_06:00:00   2.2956e-01   5.9483e+01   5.0841e+00   4.3870e-04   0.0000e+00   2.5308e+02
20190929_07:00:00   2.7693e-01   6.9396e+01   6.0269e+00   0.0000e+00   4.5680e-06   2.5373e+02
20190929_08:00:00   3.0453e-01   7.4909e+01   6.5623e+00   0.0000e+00   0.0000e+00   2.5394e+02
20190929_09:00:00   3.1542e-01   7.7015e+01   6.7861e+00   0.0000e+00   0.0000e+00   2.5396e+02
20190929_10:00:00   3.2059e-01   7.7958e+01   6.9059e+00   1.9477e-04   0.0000e+00   2.5389e+02
20190929_11:00:00   3.0719e-01   7.5254e+01   6.6802e+00   0.0000e+00   0.0000e+00   2.5433e+02
20190929_12:00:00   2.7177e-01   6.8085e+01   6.0088e+00   0.0000e+00   0.0000e+00   2.5385e+02
20190929_15:00:00   1.6921e-01   4.5939e+01   3.8690e+00   0.0000e+00   0.0000e+00   2.5133e+02
20190929_18:00:00   1.3937e-01   3.9080e+01   3.1964e+00   0.0000e+00   0.0000e+00   2.5160e+02
20190929_21:00:00   1.5600e-01   4.2944e+01   3.5775e+00   0.0000e+00   0.0000e+00   2.5049e+02
20190930_00:00:00   2.0146e-01   5.3117e+01   4.5885e+00   0.0000e+00   0.0000e+00   2.5102e+02
20190930_03:00:00   2.2823e-01   5.8853e+01   5.1945e+00   0.0000e+00   0.0000e+00   2.5280e+02
20190930_06:00:00   2.2114e-01   5.7333e+01   5.0380e+00   0.0000e+00   1.1894e-03   2.5572e+02
20190930_09:00:00   1.9483e-01   5.1637e+01   4.4498e+00   0.0000e+00   2.1217e-04   2.5650e+02
20190930_12:00:00   1.8215e-01   4.8829e+01   4.1598e+00   0.0000e+00   2.3061e-04   2.5497e+02
20190930_15:00:00   1.6521e-01   4.5013e+01   3.7767e+00   0.0000e+00   0.0000e+00   2.5629e+02
20190930_18:00:00   1.4512e-01   4.0410e+01   3.3238e+00   0.0000e+00   0.0000e+00   2.5440e+02
20190930_21:00:00   1.3572e-01   3.8191e+01   3.1243e+00   0.0000e+00   0.0000e+00   2.5188e+02
20191001_00:00:00   1.3188e-01   3.7269e+01   3.0456e+00   0.0000e+00   0.0000e+00   2.5125e+02
20191001_03:00:00   1.1906e-01   3.4326e+01   2.7281e+00   0.0000e+00   0.0000e+00   2.5183e+02
20191001_06:00:00   1.1647e-01   3.3618e+01   2.6963e+00   0.0000e+00   0.0000e+00   2.5347e+02
20191001_09:00:00   1.1461e-01   3.3132e+01   2.6595e+00   3.2860e-06   0.0000e+00   2.5383e+02
20191001_12:00:00   1.1444e-01   3.3116e+01   2.6400e+00   0.0000e+00   1.1244e-03   2.5098e+02
20191001_15:00:00   1.0040e-01   2.9739e+01   2.2968e+00   0.0000e+00   0.0000e+00   2.5094e+02
20191001_18:00:00   9.7934e-02   2.9128e+01   2.2388e+00   0.0000e+00   4.0026e-04   2.5241e+02
20191001_21:00:00   9.3287e-02   2.7986e+01   2.1339e+00   0.0000e+00   3.4251e-04   2.5210e+02
20191002_00:00:00   9.1289e-02   2.7526e+01   2.0771e+00   0.0000e+00   0.0000e+00   2.4881e+02
20191002_03:00:00   8.9418e-02   2.7050e+01   2.0392e+00   0.0000e+00   0.0000e+00   2.4827e+02
20191002_06:00:00   8.6926e-02   2.6447e+01   1.9762e+00   0.0000e+00   0.0000e+00   2.4932e+02
20191002_09:00:00   9.1123e-02   2.7473e+01   2.0795e+00   0.0000e+00   0.0000e+00   2.5065e+02
20191002_12:00:00   9.6677e-02   2.8842e+01   2.2097e+00   0.0000e+00   0.0000e+00   2.5090e+02
20191002_15:00:00   9.1393e-02   2.7500e+01   2.0956e+00   0.0000e+00   0.0000e+00   2.4993e+02
20191002_18:00:00   9.0910e-02   2.7410e+01   2.0785e+00   0.0000e+00   0.0000e+00   2.5021e+02
20191002_21:00:00   9.0932e-02   2.7436e+01   2.0798e+00   0.0000e+00   0.0000e+00   2.5145e+02
20191003_00:00:00   9.1674e-02   2.7608e+01   2.1018e+00   0.0000e+00   0.0000e+00   2.4986e+02
20191003_03:00:00   8.7396e-02   2.6540e+01   2.0048e+00   0.0000e+00   0.0000e+00   2.4849e+02
20191003_06:00:00   8.1538e-02   2.5102e+01   1.8579e+00   0.0000e+00   0.0000e+00   2.5250e+02
20191003_09:00:00   8.1440e-02   2.5096e+01   1.8485e+00   0.0000e+00   0.0000e+00   2.5089e+02
20191003_12:00:00   8.1011e-02   2.5044e+01   1.8203e+00   0.0000e+00   0.0000e+00   2.4848e+02
20191003_15:00:00   7.7017e-02   2.4087e+01   1.7097e+00   0.0000e+00   0.0000e+00   2.4774e+02
20191003_18:00:00   7.0543e-02   2.2601e+01   1.5196e+00   0.0000e+00   0.0000e+00   2.4858e+02
20191003_21:00:00   6.1814e-02   2.0385e+01   1.3039e+00   0.0000e+00   0.0000e+00   2.4921e+02
20191004_00:00:00   6.0011e-02   1.9910e+01   1.2650e+00   0.0000e+00   0.0000e+00   2.5007e+02
20191004_03:00:00   5.6339e-02   1.8985e+01   1.1714e+00   0.0000e+00   0.0000e+00   2.4909e+02
20191004_06:00:00   5.4328e-02   1.8544e+01   1.1013e+00   0.0000e+00   0.0000e+00   2.4877e+02
20191004_09:00:00   5.2548e-02   1.8096e+01   1.0508e+00   0.0000e+00   0.0000e+00   2.4831e+02
20191004_12:00:00   5.5387e-02   1.8868e+01   1.1118e+00   0.0000e+00   0.0000e+00   2.4688e+02
20191004_15:00:00   6.2085e-02   2.0587e+01   1.2739e+00   0.0000e+00   0.0000e+00   2.4777e+02
20191004_18:00:00   7.2409e-02   2.3268e+01   1.5162e+00   3.3870e-06   0.0000e+00   2.4545e+02
20191004_21:00:00   7.7606e-02   2.4622e+01   1.6290e+00   0.0000e+00   0.0000e+00   2.4760e+02
20191005_00:00:00   8.3760e-02   2.6158e+01   1.5706e+00   3.8420e-03   0.0000e+00   2.4716e+02
20191005_03:00:00   7.4529e-02   2.3727e+01   1.5940e+00   0.0000e+00   0.0000e+00   2.4762e+02
20191005_06:00:00   7.4178e-02   2.3583e+01   1.5877e+00   0.0000e+00   0.0000e+00   2.4800e+02
20191005_09:00:00   7.3997e-02   2.3573e+01   1.5668e+00   0.0000e+00   0.0000e+00   2.4708e+02
20191005_12:00:00   6.8769e-02   2.2311e+01   1.4199e+00   0.0000e+00   0.0000e+00   2.4823e+02
20191005_15:00:00   6.7134e-02   2.1938e+01   1.3635e+00   0.0000e+00   0.0000e+00   2.4996e+02
20191005_18:00:00   6.6817e-02   2.1911e+01   1.3369e+00   0.0000e+00   0.0000e+00   2.5081e+02
20191005_21:00:00   6.1124e-02   2.0482e+01   1.1947e+00   0.0000e+00   0.0000e+00   2.5322e+02
20191006_00:00:00   5.7454e-02   1.9543e+01   1.1054e+00   0.0000e+00   0.0000e+00   2.5326e+02
20191006_03:00:00   5.9223e-02   1.9999e+01   1.1454e+00   0.0000e+00   0.0000e+00   2.5243e+02
20191006_06:00:00   5.9735e-02   2.0130e+01   1.1490e+00   0.0000e+00   0.0000e+00   2.5098e+02
20191006_09:00:00   5.6616e-02   1.9332e+01   1.0728e+00   0.0000e+00   0.0000e+00   2.5302e+02
20191006_12:00:00   5.4274e-02   1.8738e+01   1.0062e+00   7.0630e-05   0.0000e+00   2.5424e+02
20191006_15:00:00   4.9544e-02   1.7495e+01   8.9991e-01   0.0000e+00   0.0000e+00   2.5273e+02
20191006_18:00:00   4.6426e-02   1.6679e+01   8.2421e-01   0.0000e+00   0.0000e+00   2.5157e+02
20191006_21:00:00   4.7097e-02   1.6852e+01   8.4430e-01   0.0000e+00   0.0000e+00   2.5441e+02
20191007_00:00:00   4.6854e-02   1.6778e+01   8.4473e-01   0.0000e+00   0.0000e+00   2.5419e+02
20191007_03:00:00   4.4078e-02   1.6038e+01   7.8249e-01   0.0000e+00   0.0000e+00   2.5453e+02
20191007_06:00:00   4.3767e-02   1.5956e+01   7.7234e-01   0.0000e+00   0.0000e+00   2.5584e+02
20191007_09:00:00   4.6939e-02   1.6779e+01   8.5203e-01   0.0000e+00   0.0000e+00   2.5488e+02
20191007_12:00:00   5.2756e-02   1.8271e+01   9.9849e-01   0.0000e+00   0.0000e+00   2.5439e+02
20191007_15:00:00   5.6842e-02   1.9330e+01   1.0987e+00   0.0000e+00   0.0000e+00   2.5245e+02
20191007_18:00:00   6.4097e-02   2.1183e+01   1.2689e+00   0.0000e+00   0.0000e+00   2.5432e+02
20191007_21:00:00   6.9199e-02   2.2503e+01   1.3821e+00   0.0000e+00   0.0000e+00   2.5467e+02
20191008_00:00:00   6.6224e-02   2.1719e+01   1.3211e+00   0.0000e+00   3.6660e-05   2.5382e+02
20191008_03:00:00   7.3384e-02   2.3487e+01   1.4962e+00   0.0000e+00   1.0375e-03   2.5397e+02
20191008_06:00:00   7.6191e-02   2.4121e+01   1.5778e+00   0.0000e+00   6.0243e-03   2.5841e+02
20191008_09:00:00   7.0602e-02   2.2693e+01   1.4416e+00   0.0000e+00   5.6334e-03   2.5888e+02
20191008_12:00:00   6.4600e-02   2.1184e+01   1.2969e+00   0.0000e+00   1.9032e-03   2.6073e+02
20191008_15:00:00   5.9242e-02   1.9829e+01   1.1625e+00   0.0000e+00   0.0000e+00   2.6008e+02
20191008_18:00:00   7.1691e-02   2.3043e+01   1.4342e+00   0.0000e+00   0.0000e+00   2.5935e+02
20191008_21:00:00   9.1617e-02   2.8031e+01   1.8691e+00   0.0000e+00   3.7077e-05   2.6046e+02
20191009_00:00:00   1.4193e-01   4.0143e+01   2.6739e+00   4.7120e-03   1.0108e-06   2.6171e+02
20191009_03:00:00   1.3026e+00   2.0096e+02   4.3818e+00   4.4350e-01   0.0000e+00   2.6148e+02
20191009_06:00:00   1.7340e-01   4.7224e+01   3.4682e+00   1.9637e-03   1.3207e-05   2.6111e+02
20191009_09:00:00   1.4514e-01   4.0567e+01   3.0807e+00   0.0000e+00   0.0000e+00   2.6102e+02
20191009_12:00:00   1.8639e-01   4.9561e+01   4.1260e+00   0.0000e+00   0.0000e+00   2.6031e+02
20191009_15:00:00   2.2532e-01   5.8060e+01   4.8646e+00   0.0000e+00   0.0000e+00   2.6134e+02
20191009_18:00:00   2.0872e-01   5.4649e+01   4.4619e+00   0.0000e+00   0.0000e+00   2.6024e+02
20191009_21:00:00   1.8756e-01   5.0056e+01   4.0096e+00   0.0000e+00   0.0000e+00   2.6089e+02
20191010_00:00:00   3.0340e-01   7.4308e+01   4.9471e+00   3.0938e-02   2.5718e-05   2.5985e+02
20191010_03:00:00   1.2489e+00   1.9562e+02   7.3216e+00   3.7561e-01   3.4807e-02   2.5839e+02
20191010_06:00:00   3.4323e-01   8.1596e+01   6.1832e+00   2.4798e-02   1.3654e-04   2.6002e+02
20191010_09:00:00   2.3833e-01   6.0542e+01   5.2463e+00   0.0000e+00   7.7803e-05   2.6052e+02
20191010_12:00:00   2.0948e-01   5.4311e+01   4.6822e+00   0.0000e+00   0.0000e+00   2.6104e+02
