#            date       tau225        Tb[K]      pwv[mm] lwp[kg*m^-2] iwp[kg*m^-2]       o3[DU]
20190711_12:00:00   7.4115e-02   2.3713e+01   1.4791e+00   0.0000e+00   0.0000e+00   2.7559e+02
20190711_13:00:00   6.5273e-02   2.1456e+01   1.2918e+00   0.0000e+00   2.5320e-05   2.7560e+02
20190711_14:00:00   6.4053e-02   2.1117e+01   1.2818e+00   0.0000e+00   1.8372e-04   2.7561e+02
20190711_15:00:00   6.7469e-02   2.1977e+01   1.3730e+00   0.0000e+00   1.2029e-04   2.7599e+02
20190711_16:00:00   7.2318e-02   2.3168e+01   1.5025e+00   0.0000e+00   9.6406e-05   2.7373e+02
20190711_17:00:00   7.6355e-02   2.4127e+01   1.6203e+00   0.0000e+00   3.9221e-04   2.7225e+02
20190711_18:00:00   7.8561e-02   2.4643e+01   1.6941e+00   0.0000e+00   2.5159e-04   2.7012e+02
20190711_19:00:00   7.9301e-02   2.4795e+01   1.7295e+00   0.0000e+00   1.3511e-04   2.7128e+02
20190711_20:00:00   8.0382e-02   2.5045e+01   1.7708e+00   0.0000e+00   6.4013e-05   2.7243e+02
20190711_21:00:00   8.2512e-02   2.5578e+01   1.8259e+00   0.0000e+00   8.2261e-05   2.7469e+02
20190711_22:00:00   8.9143e-02   2.7216e+01   1.9777e+00   0.0000e+00   7.2842e-04   2.7595e+02
20190711_23:00:00   9.5291e-02   2.8759e+01   2.1103e+00   0.0000e+00   2.6818e-04   2.7662e+02
20190712_00:00:00   1.1421e-01   3.3438e+01   2.4039e+00   2.1450e-03   6.0362e-05   2.7849e+02
20190712_01:00:00   1.5055e-01   4.2157e+01   2.4375e+00   1.6040e-02   9.0220e-06   2.7675e+02
20190712_02:00:00   1.3501e-01   3.8477e+01   2.5322e+00   8.0130e-03   0.0000e+00   2.7359e+02
20190712_03:00:00   1.6519e-01   4.5572e+01   2.4632e+00   2.1500e-02   7.9460e-06   2.7320e+02
20190712_04:00:00   1.0756e-01   3.1771e+01   2.3905e+00   0.0000e+00   2.3880e-05   2.7312e+02
20190712_05:00:00   1.0558e-01   3.1261e+01   2.3567e+00   0.0000e+00   6.5160e-05   2.6923e+02
20190712_06:00:00   1.0387e-01   3.0853e+01   2.3134e+00   0.0000e+00   1.4162e-04   2.6831e+02
20190712_07:00:00   1.0469e-01   3.1070e+01   2.3274e+00   0.0000e+00   3.1627e-05   2.6894e+02
20190712_08:00:00   1.0590e-01   3.1344e+01   2.3562e+00   0.0000e+00   5.1999e-04   2.6836e+02
20190712_09:00:00   1.0790e-01   3.1777e+01   2.4148e+00   0.0000e+00   1.8490e-03   2.6754e+02
20190712_10:00:00   1.1069e-01   3.2421e+01   2.4821e+00   0.0000e+00   2.0806e-03   2.6758e+02
20190712_11:00:00   1.1101e-01   3.2490e+01   2.4950e+00   0.0000e+00   2.2773e-03   2.6834e+02
20190712_12:00:00   1.0962e-01   3.2188e+01   2.4570e+00   0.0000e+00   1.3252e-04   2.6572e+02
20190712_13:00:00   1.0818e-01   3.1866e+01   2.4181e+00   0.0000e+00   3.6116e-05   2.6276e+02
20190712_14:00:00   1.0769e-01   3.1734e+01   2.4076e+00   0.0000e+00   2.2440e-05   2.6221e+02
20190712_15:00:00   1.0568e-01   3.1267e+01   2.3554e+00   0.0000e+00   0.0000e+00   2.6432e+02
20190712_16:00:00   1.0232e-01   3.0447e+01   2.2844e+00   0.0000e+00   0.0000e+00   2.6450e+02
20190712_17:00:00   9.9172e-02   2.9672e+01   2.2202e+00   0.0000e+00   0.0000e+00   2.6470e+02
20190712_18:00:00   9.6134e-02   2.8925e+01   2.1512e+00   0.0000e+00   0.0000e+00   2.6476e+02
20190712_19:00:00   9.4491e-02   2.8528e+01   2.1113e+00   0.0000e+00   0.0000e+00   2.6441e+02
20190712_20:00:00   9.2124e-02   2.7965e+01   2.0514e+00   0.0000e+00   5.0540e-07   2.6359e+02
20190712_21:00:00   9.0236e-02   2.7507e+01   2.0105e+00   0.0000e+00   0.0000e+00   2.6444e+02
20190712_22:00:00   9.0075e-02   2.7466e+01   2.0118e+00   0.0000e+00   9.9267e-06   2.6331e+02
20190712_23:00:00   9.0672e-02   2.7601e+01   2.0303e+00   0.0000e+00   6.8159e-06   2.6261e+02
20190713_00:00:00   8.8973e-02   2.7169e+01   1.9824e+00   1.6230e-04   4.2500e-07   2.6335e+02
20190713_01:00:00   8.4701e-02   2.6109e+01   1.8916e+00   0.0000e+00   0.0000e+00   2.6432e+02
20190713_02:00:00   8.0104e-02   2.4959e+01   1.7832e+00   0.0000e+00   0.0000e+00   2.6536e+02
20190713_03:00:00   7.7834e-02   2.4391e+01   1.7310e+00   0.0000e+00   0.0000e+00   2.6510e+02
20190713_04:00:00   7.3503e-02   2.3288e+01   1.6322e+00   0.0000e+00   1.0360e-05   2.6361e+02
20190713_05:00:00   7.1336e-02   2.2733e+01   1.5822e+00   0.0000e+00   2.1240e-07   2.6238e+02
20190713_06:00:00   7.1096e-02   2.2663e+01   1.5760e+00   0.0000e+00   1.1372e-06   2.6305e+02
20190713_07:00:00   7.1226e-02   2.2687e+01   1.5794e+00   0.0000e+00   4.0702e-05   2.6177e+02
20190713_08:00:00   7.2169e-02   2.2918e+01   1.6026e+00   0.0000e+00   3.7151e-04   2.6102e+02
20190713_09:00:00   7.2918e-02   2.3127e+01   1.6169e+00   0.0000e+00   4.8040e-04   2.6074e+02
20190713_10:00:00   7.4431e-02   2.3509e+01   1.6551e+00   0.0000e+00   1.9189e-04   2.6164e+02
20190713_11:00:00   7.6020e-02   2.3922e+01   1.6885e+00   0.0000e+00   7.3240e-04   2.6304e+02
20190713_12:00:00   7.7156e-02   2.4203e+01   1.7139e+00   0.0000e+00   1.5374e-03   2.6282e+02
20190713_13:00:00   7.8085e-02   2.4428e+01   1.7377e+00   0.0000e+00   2.8922e-03   2.6325e+02
20190713_14:00:00   7.7647e-02   2.4319e+01   1.7256e+00   0.0000e+00   6.8665e-03   2.6287e+02
20190713_15:00:00   7.8047e-02   2.4420e+01   1.7371e+00   0.0000e+00   5.1544e-03   2.6237e+02
20190713_16:00:00   7.8541e-02   2.4549e+01   1.7485e+00   0.0000e+00   3.0020e-03   2.6053e+02
20190713_17:00:00   7.9106e-02   2.4723e+01   1.7576e+00   0.0000e+00   1.4215e-03   2.5986e+02
20190713_18:00:00   8.0642e-02   2.5118e+01   1.7909e+00   0.0000e+00   6.9615e-04   2.6093e+02
20190713_19:00:00   8.2636e-02   2.5625e+01   1.8350e+00   0.0000e+00   1.6302e-04   2.6066e+02
20190713_20:00:00   8.4214e-02   2.6037e+01   1.8656e+00   0.0000e+00   9.3694e-05   2.6198e+02
20190713_21:00:00   8.4806e-02   2.6209e+01   1.8744e+00   0.0000e+00   1.4358e-05   2.6171e+02
20190713_22:00:00   8.4032e-02   2.6032e+01   1.8564e+00   0.0000e+00   3.7160e-05   2.6116e+02
20190713_23:00:00   8.2600e-02   2.5683e+01   1.8200e+00   8.3410e-05   2.6180e-05   2.6122e+02
20190714_00:00:00   8.0411e-02   2.5145e+01   1.7652e+00   8.2520e-05   9.8800e-05   2.6227e+02
20190714_01:00:00   7.6309e-02   2.4125e+01   1.6620e+00   8.1550e-05   1.6796e-04   2.6279e+02
20190714_02:00:00   7.3030e-02   2.3317e+01   1.5775e+00   8.1080e-05   6.5266e-05   2.6205e+02
20190714_03:00:00   6.7581e-02   2.1950e+01   1.4474e+00   0.0000e+00   4.1339e-05   2.6215e+02
20190714_04:00:00   6.2586e-02   2.0673e+01   1.3259e+00   0.0000e+00   1.1415e-04   2.6387e+02
20190714_05:00:00   5.9454e-02   1.9877e+01   1.2462e+00   0.0000e+00   1.0158e-04   2.6576e+02
20190714_06:00:00   5.7458e-02   1.9358e+01   1.1984e+00   0.0000e+00   3.5572e-04   2.6686e+02
20190714_07:00:00   5.8249e-02   1.9544e+01   1.2223e+00   0.0000e+00   3.9246e-04   2.6822e+02
20190714_08:00:00   6.3356e-02   2.0810e+01   1.3602e+00   0.0000e+00   6.7498e-04   2.7006e+02
20190714_09:00:00   7.5150e-02   2.3743e+01   1.6627e+00   0.0000e+00   3.0053e-03   2.7113e+02
20190714_10:00:00   8.9785e-02   2.7325e+01   2.0344e+00   0.0000e+00   3.6626e-03   2.6989e+02
20190714_11:00:00   9.9565e-02   2.9667e+01   2.2842e+00   0.0000e+00   3.4408e-03   2.6907e+02
20190714_12:00:00   1.0665e-01   3.1358e+01   2.4586e+00   0.0000e+00   3.8638e-03   2.6921e+02
20190714_13:00:00   1.1119e-01   3.2433e+01   2.5658e+00   0.0000e+00   2.4948e-03   2.6854e+02
20190714_14:00:00   1.1173e-01   3.2560e+01   2.5724e+00   0.0000e+00   1.6791e-03   2.6973e+02
20190714_15:00:00   1.1218e-01   3.2666e+01   2.5811e+00   0.0000e+00   4.3440e-03   2.7068e+02
20190714_16:00:00   1.1321e-01   3.2905e+01   2.6073e+00   0.0000e+00   2.7618e-03   2.6935e+02
20190714_17:00:00   1.1438e-01   3.3210e+01   2.6297e+00   0.0000e+00   1.9922e-03   2.7116e+02
20190714_18:00:00   1.1694e-01   3.3831e+01   2.6847e+00   0.0000e+00   2.5120e-05   2.7451e+02
20190714_19:00:00   1.2051e-01   3.4696e+01   2.7651e+00   0.0000e+00   5.0540e-07   2.7604e+02
20190714_20:00:00   1.2466e-01   3.5721e+01   2.8532e+00   0.0000e+00   0.0000e+00   2.7739e+02
20190714_21:00:00   1.3057e-01   3.7142e+01   2.9786e+00   0.0000e+00   0.0000e+00   2.7862e+02
20190714_22:00:00   1.3604e-01   3.8455e+01   3.0924e+00   0.0000e+00   0.0000e+00   2.7859e+02
20190714_23:00:00   1.4176e-01   3.9790e+01   3.2128e+00   0.0000e+00   0.0000e+00   2.7997e+02
20190715_00:00:00   1.4628e-01   4.0829e+01   3.3111e+00   0.0000e+00   2.1240e-07   2.8113e+02
20190715_01:00:00   1.6457e-01   4.5086e+01   3.4256e+00   5.4370e-03   9.0880e-06   2.8011e+02
20190715_02:00:00   1.5421e-01   4.2624e+01   3.5126e+00   0.0000e+00   3.8500e-06   2.8048e+02
20190715_03:00:00   1.7246e-01   4.6762e+01   3.9367e+00   0.0000e+00   5.7600e-06   2.8067e+02
20190715_04:00:00   1.8933e-01   5.0523e+01   4.3104e+00   0.0000e+00   1.4782e-05   2.8094e+02
20190715_05:00:00   1.9505e-01   5.1800e+01   4.4277e+00   0.0000e+00   1.7896e-05   2.8197e+02
20190715_06:00:00   2.0210e-01   5.3376e+01   4.5720e+00   0.0000e+00   1.6102e-05   2.8096e+02
20190715_07:00:00   2.1129e-01   5.5414e+01   4.7473e+00   0.0000e+00   7.9460e-06   2.8134e+02
20190715_08:00:00   2.2549e-01   5.8522e+01   5.0105e+00   0.0000e+00   5.2380e-06   2.8230e+02
20190715_09:00:00   2.3405e-01   6.0365e+01   5.1563e+00   0.0000e+00   0.0000e+00   2.8279e+02
20190715_10:00:00   2.3649e-01   6.0863e+01   5.1876e+00   0.0000e+00   0.0000e+00   2.8468e+02
20190715_11:00:00   2.3426e-01   6.0365e+01   5.1322e+00   0.0000e+00   0.0000e+00   2.8415e+02
20190715_12:00:00   2.2976e-01   5.9406e+01   5.0357e+00   0.0000e+00   0.0000e+00   2.8214e+02
20190715_13:00:00   2.2226e-01   5.7803e+01   4.8733e+00   0.0000e+00   0.0000e+00   2.8020e+02
20190715_14:00:00   2.1577e-01   5.6429e+01   4.7212e+00   0.0000e+00   0.0000e+00   2.7847e+02
20190715_15:00:00   2.1326e-01   5.5914e+01   4.6519e+00   0.0000e+00   0.0000e+00   2.7737e+02
20190715_16:00:00   2.1411e-01   5.6137e+01   4.6480e+00   0.0000e+00   0.0000e+00   2.7633e+02
20190715_17:00:00   2.1517e-01   5.6385e+01   4.6532e+00   0.0000e+00   0.0000e+00   2.7669e+02
20190715_18:00:00   2.1956e-01   5.7312e+01   4.7371e+00   0.0000e+00   0.0000e+00   2.7571e+02
20190715_19:00:00   2.2553e-01   5.8560e+01   4.8686e+00   0.0000e+00   0.0000e+00   2.7558e+02
20190715_20:00:00   2.2784e-01   5.9043e+01   4.9254e+00   0.0000e+00   0.0000e+00   2.7503e+02
20190715_21:00:00   2.2884e-01   5.9289e+01   4.9400e+00   0.0000e+00   0.0000e+00   2.7442e+02
20190715_22:00:00   2.4501e-01   6.2767e+01   5.0989e+00   3.2530e-03   0.0000e+00   2.7525e+02
20190715_23:00:00   2.8671e-01   7.1241e+01   5.8965e+00   4.6940e-03   0.0000e+00   2.7700e+02
20190716_00:00:00   7.8908e-01   1.5138e+02   7.0276e+00   1.8595e-01   3.5148e-05   2.7625e+02
20190716_01:00:00   1.4610e+00   2.1145e+02   7.8882e+00   4.4531e-01   3.3382e-04   2.7523e+02
20190716_02:00:00   1.9525e+00   2.3490e+02   8.4953e+00   6.4607e-01   1.4803e-02   2.7544e+02
20190716_03:00:00   8.5165e-01   1.5709e+02   8.2158e+00   1.9620e-01   1.9707e-01   2.7557e+02
20190716_04:00:00   3.8820e-01   9.0077e+01   7.4204e+00   1.8657e-02   9.6059e-02   2.7529e+02
20190716_05:00:00   3.0236e-01   7.3897e+01   6.5249e+00   1.9985e-03   2.3963e-02   2.7365e+02
20190716_06:00:00   2.8001e-01   6.9583e+01   6.0602e+00   6.1350e-04   5.7013e-04   2.7410e+02
20190716_07:00:00   2.7978e-01   6.9628e+01   5.9580e+00   1.0570e-03   0.0000e+00   2.7404e+02
20190716_08:00:00   2.7795e-01   6.9308e+01   5.8956e+00   6.1910e-04   0.0000e+00   2.7471e+02
20190716_09:00:00   2.7204e-01   6.8175e+01   5.7246e+00   8.8160e-04   0.0000e+00   2.7514e+02
20190716_10:00:00   2.6401e-01   6.6555e+01   5.5441e+00   7.8600e-04   0.0000e+00   2.7526e+02
20190716_11:00:00   2.5108e-01   6.3907e+01   5.3222e+00   0.0000e+00   0.0000e+00   2.7613e+02
20190716_12:00:00   2.4421e-01   6.2438e+01   5.1899e+00   0.0000e+00   0.0000e+00   2.7673e+02
20190716_15:00:00   2.4052e-01   6.1649e+01   5.1044e+00   0.0000e+00   0.0000e+00   2.7826e+02
20190716_18:00:00   2.4212e-01   6.2037e+01   5.1403e+00   0.0000e+00   0.0000e+00   2.8034e+02
20190716_21:00:00   2.3375e-01   6.0330e+01   4.9417e+00   0.0000e+00   0.0000e+00   2.7895e+02
20190717_00:00:00   2.2881e-01   5.9236e+01   4.8834e+00   0.0000e+00   0.0000e+00   2.7826e+02
20190717_03:00:00   2.8422e-01   7.0463e+01   6.1962e+00   0.0000e+00   1.3133e-03   2.7721e+02
20190717_06:00:00   3.0341e-01   7.4255e+01   6.5503e+00   0.0000e+00   3.1065e-03   2.7450e+02
20190717_09:00:00   2.9519e-01   7.2472e+01   6.4551e+00   0.0000e+00   8.9113e-04   2.7281e+02
20190717_12:00:00   2.6057e-01   6.5536e+01   5.7231e+00   0.0000e+00   1.1950e-03   2.7363e+02
20190717_15:00:00   2.5599e-01   6.4315e+01   5.7900e+00   0.0000e+00   1.2784e-03   2.7241e+02
20190717_18:00:00   2.4285e-01   6.1570e+01   5.5649e+00   0.0000e+00   2.7520e-06   2.6932e+02
20190717_21:00:00   2.9659e-01   7.2504e+01   6.7181e+00   0.0000e+00   0.0000e+00   2.7041e+02
20190718_00:00:00   3.3708e-01   8.0315e+01   7.6193e+00   1.7530e-04   8.9127e-05   2.6574e+02
20190718_03:00:00   2.8248e-01   6.9514e+01   6.5705e+00   0.0000e+00   1.7802e-03   2.6284e+02
20190718_06:00:00   2.4052e-01   6.0675e+01   5.7398e+00   0.0000e+00   3.1998e-03   2.6464e+02
20190718_09:00:00   2.3756e-01   5.9962e+01   5.6964e+00   0.0000e+00   1.2361e-02   2.6518e+02
20190718_12:00:00   2.4385e-01   6.1025e+01   5.8864e+00   0.0000e+00   7.1614e-02   2.6818e+02
20190718_15:00:00   2.5673e-01   6.3730e+01   6.2144e+00   0.0000e+00   8.7803e-03   2.6922e+02
20190718_18:00:00   2.6947e-01   6.6583e+01   6.4462e+00   0.0000e+00   1.0156e-03   2.6981e+02
20190718_21:00:00   2.6993e-01   6.6778e+01   6.4573e+00   0.0000e+00   2.0390e-04   2.7069e+02
20190719_00:00:00   2.6120e-01   6.5192e+01   6.2257e+00   0.0000e+00   6.6880e-04   2.7132e+02
20190719_03:00:00   2.4380e-01   6.1798e+01   5.7665e+00   0.0000e+00   3.4643e-04   2.7055e+02
20190719_06:00:00   2.3642e-01   6.0373e+01   5.5462e+00   0.0000e+00   0.0000e+00   2.7095e+02
20190719_09:00:00   2.1852e-01   5.6781e+01   5.0667e+00   0.0000e+00   2.3202e-04   2.6853e+02
20190719_12:00:00   2.1314e-01   5.5779e+01   4.8640e+00   0.0000e+00   3.6355e-04   2.6944e+02
20190719_15:00:00   2.0058e-01   5.3158e+01   4.5205e+00   0.0000e+00   5.3120e-07   2.6975e+02
20190719_18:00:00   1.7904e-01   4.8473e+01   4.0292e+00   0.0000e+00   0.0000e+00   2.6998e+02
20190719_21:00:00   1.5318e-01   4.2635e+01   3.4793e+00   0.0000e+00   6.5480e-06   2.7030e+02
20190720_00:00:00   1.3615e-01   3.8721e+01   3.0733e+00   0.0000e+00   3.6439e-05   2.7074e+02
20190720_03:00:00   1.3647e-01   3.8841e+01   3.0410e+00   0.0000e+00   1.0108e-06   2.7049e+02
20190720_06:00:00   1.2552e-01   3.6250e+01   2.7970e+00   0.0000e+00   2.7520e-06   2.6933e+02
20190720_09:00:00   1.1183e-01   3.2974e+01   2.4752e+00   0.0000e+00   0.0000e+00   2.6735e+02
20190720_12:00:00   1.0447e-01   3.1196e+01   2.2957e+00   0.0000e+00   0.0000e+00   2.6757e+02
20190720_15:00:00   9.7316e-02   2.9445e+01   2.1444e+00   0.0000e+00   1.6644e-04   2.6882e+02
20190720_18:00:00   8.6289e-02   2.6709e+01   1.9095e+00   0.0000e+00   7.5860e-05   2.6881e+02
20190720_21:00:00   8.6670e-02   2.6764e+01   1.9328e+00   0.0000e+00   0.0000e+00   2.6927e+02
20190721_00:00:00   9.0554e-02   2.7747e+01   2.0289e+00   0.0000e+00   0.0000e+00   2.6932e+02
20190721_03:00:00   8.8305e-02   2.7202e+01   1.9800e+00   0.0000e+00   0.0000e+00   2.6754e+02
20190721_06:00:00   8.4153e-02   2.6129e+01   1.8946e+00   0.0000e+00   0.0000e+00   2.6680e+02
20190721_09:00:00   9.6193e-02   2.9100e+01   2.2003e+00   0.0000e+00   0.0000e+00   2.6750e+02
20190721_12:00:00   1.0995e-01   3.2441e+01   2.5352e+00   0.0000e+00   0.0000e+00   2.6718e+02
20190721_15:00:00   1.1545e-01   3.3773e+01   2.6604e+00   0.0000e+00   6.6800e-05   2.6903e+02
20190721_18:00:00   1.2330e-01   3.5696e+01   2.8347e+00   0.0000e+00   2.8821e-05   2.6953e+02
20190721_21:00:00   1.2986e-01   3.7221e+01   2.9974e+00   0.0000e+00   0.0000e+00   2.6992e+02
20190722_00:00:00   1.2905e-01   3.7031e+01   2.9810e+00   0.0000e+00   0.0000e+00   2.6959e+02
20190722_03:00:00   1.3582e-01   3.8578e+01   3.1568e+00   0.0000e+00   0.0000e+00   2.7112e+02
20190722_06:00:00   1.3229e-01   3.7773e+01   3.0648e+00   0.0000e+00   5.5050e-06   2.7033e+02
20190722_09:00:00   1.3270e-01   3.7853e+01   3.0815e+00   0.0000e+00   0.0000e+00   2.7004e+02
20190722_12:00:00   1.2791e-01   3.6706e+01   2.9501e+00   0.0000e+00   0.0000e+00   2.7044e+02
20190722_15:00:00   1.4362e-01   4.0285e+01   3.3378e+00   0.0000e+00   0.0000e+00   2.7231e+02
20190722_18:00:00   1.8884e-01   5.0144e+01   4.5104e+00   0.0000e+00   0.0000e+00   2.7201e+02
20190722_21:00:00   1.9879e-01   5.2250e+01   4.7580e+00   0.0000e+00   0.0000e+00   2.7337e+02
20190723_00:00:00   2.0673e-01   5.3933e+01   4.9605e+00   0.0000e+00   7.0050e-05   2.7388e+02
20190723_03:00:00   2.1199e-01   5.5016e+01   5.1025e+00   0.0000e+00   1.6275e-03   2.7479e+02
20190723_06:00:00   2.1901e-01   5.6447e+01   5.2810e+00   0.0000e+00   3.2358e-03   2.7645e+02
20190723_09:00:00   2.1369e-01   5.5349e+01   5.1264e+00   0.0000e+00   7.9786e-04   2.7644e+02
20190723_12:00:00   1.9921e-01   5.2348e+01   4.7061e+00   0.0000e+00   1.2478e-03   2.7751e+02
20190723_15:00:00   1.8676e-01   4.9789e+01   4.3329e+00   0.0000e+00   3.7060e-05   2.7962e+02
20190723_18:00:00   1.7469e-01   4.7313e+01   3.9648e+00   0.0000e+00   0.0000e+00   2.8092e+02
20190723_21:00:00   1.6568e-01   4.5392e+01   3.7259e+00   0.0000e+00   0.0000e+00   2.8069e+02
20190724_00:00:00   1.5770e-01   4.3614e+01   3.5232e+00   0.0000e+00   0.0000e+00   2.8112e+02
20190724_03:00:00   1.5571e-01   4.3167e+01   3.4809e+00   0.0000e+00   0.0000e+00   2.8192e+02
20190724_06:00:00   1.6839e-01   4.6124e+01   3.7291e+00   0.0000e+00   0.0000e+00   2.8126e+02
20190724_09:00:00   2.8079e-01   7.0289e+01   5.9130e+00   1.8950e-03   0.0000e+00   2.8071e+02
20190724_12:00:00   2.7764e-01   6.9546e+01   5.9746e+00   0.0000e+00   0.0000e+00   2.7815e+02
20190724_15:00:00   2.4295e-01   6.2498e+01   5.2301e+00   0.0000e+00   0.0000e+00   2.7486e+02
20190724_18:00:00   2.3706e-01   6.1352e+01   5.0304e+00   0.0000e+00   0.0000e+00   2.7658e+02
20190724_21:00:00   3.1957e-01   7.8074e+01   6.5952e+00   3.8840e-04   0.0000e+00   2.7604e+02
20190725_00:00:00   3.7009e-01   8.7512e+01   7.6973e+00   3.9040e-05   0.0000e+00   2.7428e+02
20190725_03:00:00   4.3231e-01   9.8594e+01   8.3638e+00   1.1552e-02   7.9860e-05   2.7378e+02
20190725_06:00:00   9.2099e-01   1.6590e+02   8.9180e+00   1.9992e-01   7.9805e-03   2.7256e+02
20190725_09:00:00   5.3853e-01   1.1580e+02   8.9348e+00   4.2495e-02   3.6008e-02   2.7266e+02
20190725_12:00:00   3.9312e-01   9.1342e+01   8.1403e+00   3.5711e-04   4.6002e-04   2.7305e+02
20190725_15:00:00   3.7323e-01   8.7778e+01   7.6924e+00   3.8929e-04   1.7040e-04   2.7417e+02
20190725_18:00:00   3.5679e-01   8.4797e+01   7.3873e+00   0.0000e+00   5.2380e-06   2.7256e+02
20190725_21:00:00   3.4550e-01   8.2646e+01   7.2498e+00   0.0000e+00   0.0000e+00   2.7372e+02
20190726_00:00:00   3.4574e-01   8.2585e+01   7.2977e+00   0.0000e+00   0.0000e+00   2.7360e+02
20190726_03:00:00   3.5363e-01   8.3869e+01   7.5943e+00   0.0000e+00   4.0856e-04   2.7098e+02
20190726_06:00:00   3.3314e-01   8.0053e+01   7.1984e+00   0.0000e+00   0.0000e+00   2.7072e+02
20190726_09:00:00   3.1493e-01   7.6543e+01   6.7981e+00   0.0000e+00   0.0000e+00   2.7149e+02
20190726_12:00:00   2.9557e-01   7.2729e+01   6.3921e+00   0.0000e+00   0.0000e+00   2.7147e+02
20190726_15:00:00   2.7652e-01   6.8929e+01   5.9849e+00   0.0000e+00   0.0000e+00   2.7247e+02
20190726_18:00:00   2.5655e-01   6.4928e+01   5.5537e+00   0.0000e+00   0.0000e+00   2.7440e+02
20190726_21:00:00   2.4264e-01   6.2069e+01   5.2921e+00   0.0000e+00   0.0000e+00   2.7461e+02
20190727_00:00:00   2.3399e-01   6.0292e+01   5.1224e+00   0.0000e+00   0.0000e+00   2.7281e+02
20190727_03:00:00   2.2790e-01   5.9035e+01   4.9603e+00   8.8520e-04   0.0000e+00   2.7175e+02
20190727_06:00:00   2.1354e-01   5.5934e+01   4.7184e+00   0.0000e+00   0.0000e+00   2.7075e+02
20190727_09:00:00   2.1213e-01   5.5524e+01   4.7319e+00   0.0000e+00   1.3094e-05   2.7190e+02
20190727_12:00:00   2.0139e-01   5.3186e+01   4.5083e+00   0.0000e+00   0.0000e+00   2.6981e+02
