#            date       tau225        Tb[K]      pwv[mm] lwp[kg*m^-2] iwp[kg*m^-2]       o3[DU]
20191123_06:00:00   5.3736e-02   1.7252e+01   6.4325e-01   0.0000e+00   2.0680e-03   3.0113e+02
20191123_07:00:00   5.4062e-02   1.7306e+01   6.5699e-01   0.0000e+00   2.1944e-03   3.0167e+02
20191123_08:00:00   5.4235e-02   1.7330e+01   6.6705e-01   0.0000e+00   3.6401e-03   3.0204e+02
20191123_09:00:00   5.4626e-02   1.7411e+01   6.7744e-01   0.0000e+00   5.7266e-03   3.0352e+02
20191123_10:00:00   5.5365e-02   1.7569e+01   6.9352e-01   0.0000e+00   7.1956e-03   3.0306e+02
20191123_11:00:00   5.6863e-02   1.7903e+01   7.2595e-01   0.0000e+00   6.7194e-03   3.0242e+02
20191123_12:00:00   5.7468e-02   1.8036e+01   7.4103e-01   0.0000e+00   5.1024e-03   3.0271e+02
20191123_13:00:00   5.7078e-02   1.7943e+01   7.3424e-01   0.0000e+00   3.8977e-03   3.0329e+02
20191123_14:00:00   5.7143e-02   1.7950e+01   7.3487e-01   0.0000e+00   4.5807e-03   3.0338e+02
20191123_15:00:00   5.8269e-02   1.8203e+01   7.5579e-01   0.0000e+00   6.3076e-03   3.0181e+02
20191123_16:00:00   6.2372e-02   1.9138e+01   8.3029e-01   0.0000e+00   8.3084e-03   2.9878e+02
20191123_17:00:00   7.1438e-02   2.1196e+01   9.9107e-01   0.0000e+00   1.3295e-02   2.9673e+02
20191123_18:00:00   8.4613e-02   2.4151e+01   1.2155e+00   0.0000e+00   2.1455e-02   2.9614e+02
20191123_19:00:00   9.1396e-02   2.5649e+01   1.3207e+00   0.0000e+00   3.1246e-02   2.9757e+02
20191123_20:00:00   9.3658e-02   2.6141e+01   1.3498e+00   0.0000e+00   3.7333e-02   2.9914e+02
20191123_21:00:00   9.2569e-02   2.5878e+01   1.3207e+00   0.0000e+00   4.9051e-02   2.9962e+02
20191123_22:00:00   9.0801e-02   2.5466e+01   1.2862e+00   0.0000e+00   4.8028e-02   2.9978e+02
20191123_23:00:00   8.9890e-02   2.5259e+01   1.2714e+00   0.0000e+00   3.7610e-02   2.9926e+02
20191124_00:00:00   8.8728e-02   2.4991e+01   1.2490e+00   0.0000e+00   3.4167e-02   2.9914e+02
20191124_01:00:00   8.7599e-02   2.4734e+01   1.2259e+00   0.0000e+00   3.2034e-02   2.9887e+02
20191124_02:00:00   8.3472e-02   2.3821e+01   1.1450e+00   0.0000e+00   3.1684e-02   2.9959e+02
20191124_03:00:00   8.2441e-02   2.3585e+01   1.1240e+00   0.0000e+00   3.2236e-02   3.0093e+02
20191124_04:00:00   8.2005e-02   2.3493e+01   1.1182e+00   0.0000e+00   2.2044e-02   3.0089e+02
20191124_05:00:00   8.1012e-02   2.3269e+01   1.1001e+00   0.0000e+00   1.5613e-02   2.9871e+02
20191124_06:00:00   8.0159e-02   2.3075e+01   1.0810e+00   0.0000e+00   1.5941e-02   2.9645e+02
20191124_07:00:00   7.9102e-02   2.2833e+01   1.0568e+00   0.0000e+00   1.9400e-02   2.9481e+02
20191124_08:00:00   7.8548e-02   2.2723e+01   1.0427e+00   0.0000e+00   1.8169e-02   2.9414e+02
20191124_09:00:00   7.6775e-02   2.2343e+01   1.0059e+00   0.0000e+00   1.1890e-02   2.9505e+02
20191124_10:00:00   7.6439e-02   2.2276e+01   9.9530e-01   0.0000e+00   1.2453e-02   2.9735e+02
20191124_11:00:00   7.6528e-02   2.2302e+01   9.9449e-01   0.0000e+00   1.1714e-02   2.9968e+02
20191124_12:00:00   7.6437e-02   2.2276e+01   9.8978e-01   0.0000e+00   1.6056e-02   3.0172e+02
20191124_13:00:00   7.6355e-02   2.2253e+01   9.8496e-01   0.0000e+00   2.2461e-02   3.0206e+02
20191124_14:00:00   7.6053e-02   2.2189e+01   9.7803e-01   0.0000e+00   2.4926e-02   3.0345e+02
20191124_15:00:00   7.5956e-02   2.2164e+01   9.7529e-01   0.0000e+00   2.7266e-02   3.0597e+02
20191124_16:00:00   7.5646e-02   2.2094e+01   9.7023e-01   0.0000e+00   2.2429e-02   3.0841e+02
20191124_17:00:00   7.5300e-02   2.2020e+01   9.5887e-01   0.0000e+00   3.0598e-02   3.1063e+02
20191124_18:00:00   7.4965e-02   2.1943e+01   9.5019e-01   0.0000e+00   3.4579e-02   3.1204e+02
20191124_19:00:00   7.4337e-02   2.1798e+01   9.3746e-01   0.0000e+00   3.5227e-02   3.1222e+02
20191124_20:00:00   7.3555e-02   2.1623e+01   9.2394e-01   0.0000e+00   2.9508e-02   3.1287e+02
20191124_21:00:00   7.2712e-02   2.1433e+01   9.1282e-01   0.0000e+00   1.6594e-02   3.1440e+02
20191124_22:00:00   7.2023e-02   2.1280e+01   9.0105e-01   0.0000e+00   1.0936e-02   3.1542e+02
20191124_23:00:00   7.1547e-02   2.1174e+01   8.9270e-01   0.0000e+00   7.3749e-03   3.1597e+02
20191125_00:00:00   7.1302e-02   2.1119e+01   8.8883e-01   0.0000e+00   4.1128e-03   3.1599e+02
20191125_01:00:00   7.0480e-02   2.0930e+01   8.7375e-01   0.0000e+00   3.0395e-03   3.1685e+02
20191125_02:00:00   6.9696e-02   2.0754e+01   8.6019e-01   0.0000e+00   1.6881e-03   3.1633e+02
20191125_03:00:00   6.8685e-02   2.0527e+01   8.4281e-01   0.0000e+00   5.0600e-04   3.1515e+02
20191125_04:00:00   6.7581e-02   2.0283e+01   8.2403e-01   0.0000e+00   2.7191e-04   3.1459e+02
20191125_05:00:00   6.6486e-02   2.0038e+01   8.0335e-01   0.0000e+00   1.9971e-04   3.1514e+02
20191125_06:00:00   6.5298e-02   1.9777e+01   7.8221e-01   0.0000e+00   8.3203e-05   3.1540e+02
20191125_07:00:00   6.4297e-02   1.9556e+01   7.6589e-01   0.0000e+00   3.6711e-05   3.1529e+02
20191125_08:00:00   6.3612e-02   1.9399e+01   7.5711e-01   0.0000e+00   2.2434e-05   3.1459e+02
20191125_09:00:00   6.4167e-02   1.9514e+01   7.6985e-01   0.0000e+00   3.8585e-05   3.1389e+02
20191125_10:00:00   6.5332e-02   1.9766e+01   7.9469e-01   0.0000e+00   5.9183e-05   3.1338e+02
20191125_11:00:00   6.6723e-02   2.0072e+01   8.2226e-01   0.0000e+00   6.7341e-05   3.1360e+02
20191125_12:00:00   6.8058e-02   2.0372e+01   8.4812e-01   0.0000e+00   6.7341e-05   3.1389e+02
20191125_13:00:00   6.9423e-02   2.0680e+01   8.7410e-01   0.0000e+00   1.6728e-04   3.1352e+02
20191125_14:00:00   7.0637e-02   2.0948e+01   8.9692e-01   0.0000e+00   6.4897e-04   3.1289e+02
20191125_15:00:00   7.1887e-02   2.1226e+01   9.1886e-01   0.0000e+00   1.8580e-03   3.1255e+02
20191125_16:00:00   7.2908e-02   2.1454e+01   9.3629e-01   0.0000e+00   4.0630e-03   3.1228e+02
20191125_17:00:00   7.4177e-02   2.1749e+01   9.5939e-01   0.0000e+00   4.9414e-03   3.1184e+02
20191125_18:00:00   7.5101e-02   2.1965e+01   9.7611e-01   0.0000e+00   5.0597e-03   3.1137e+02
20191125_19:00:00   7.6073e-02   2.2190e+01   9.9369e-01   0.0000e+00   5.3488e-03   3.1089e+02
20191125_20:00:00   7.6924e-02   2.2386e+01   1.0099e+00   0.0000e+00   5.1690e-03   3.1034e+02
20191125_21:00:00   7.7776e-02   2.2585e+01   1.0265e+00   0.0000e+00   5.0271e-03   3.1033e+02
20191125_22:00:00   7.8484e-02   2.2748e+01   1.0407e+00   0.0000e+00   4.9700e-03   3.1060e+02
20191125_23:00:00   7.8791e-02   2.2815e+01   1.0465e+00   0.0000e+00   5.4651e-03   3.1104e+02
20191126_00:00:00   7.9344e-02   2.2942e+01   1.0565e+00   0.0000e+00   7.5824e-03   3.1118e+02
20191126_01:00:00   7.9532e-02   2.2986e+01   1.0602e+00   0.0000e+00   9.0861e-03   3.1116e+02
20191126_02:00:00   7.9868e-02   2.3065e+01   1.0665e+00   0.0000e+00   9.9128e-03   3.1113e+02
20191126_03:00:00   8.0255e-02   2.3157e+01   1.0746e+00   0.0000e+00   9.4326e-03   3.1149e+02
20191126_04:00:00   8.0758e-02   2.3273e+01   1.0861e+00   0.0000e+00   7.6122e-03   3.1174e+02
20191126_05:00:00   8.1490e-02   2.3442e+01   1.1003e+00   0.0000e+00   6.9812e-03   3.1167e+02
20191126_06:00:00   8.2274e-02   2.3626e+01   1.1156e+00   0.0000e+00   6.6081e-03   3.1163e+02
20191126_07:00:00   8.3029e-02   2.3802e+01   1.1299e+00   0.0000e+00   6.0734e-03   3.1158e+02
20191126_08:00:00   8.3465e-02   2.3904e+01   1.1371e+00   0.0000e+00   7.6210e-03   3.1147e+02
20191126_09:00:00   8.3749e-02   2.3970e+01   1.1424e+00   0.0000e+00   8.5707e-03   3.1124e+02
20191126_10:00:00   8.4157e-02   2.4070e+01   1.1506e+00   0.0000e+00   8.8583e-03   3.1097e+02
20191126_11:00:00   8.4596e-02   2.4176e+01   1.1594e+00   0.0000e+00   7.7348e-03   3.1092e+02
20191126_12:00:00   8.4979e-02   2.4268e+01   1.1670e+00   0.0000e+00   6.4482e-03   3.1142e+02
20191126_13:00:00   8.5062e-02   2.4291e+01   1.1686e+00   0.0000e+00   5.5046e-03   3.1214e+02
20191126_14:00:00   8.4887e-02   2.4256e+01   1.1657e+00   0.0000e+00   4.5505e-03   3.1316e+02
20191126_15:00:00   8.5056e-02   2.4302e+01   1.1693e+00   0.0000e+00   3.5907e-03   3.1452e+02
20191126_16:00:00   8.5076e-02   2.4312e+01   1.1700e+00   0.0000e+00   2.7696e-03   3.1553e+02
20191126_17:00:00   8.4986e-02   2.4295e+01   1.1685e+00   0.0000e+00   2.1449e-03   3.1687e+02
20191126_18:00:00   8.5185e-02   2.4345e+01   1.1722e+00   0.0000e+00   2.1725e-03   3.1815e+02
20191126_19:00:00   8.5388e-02   2.4393e+01   1.1761e+00   0.0000e+00   2.2376e-03   3.1917e+02
20191126_20:00:00   8.5464e-02   2.4415e+01   1.1782e+00   0.0000e+00   1.5944e-03   3.1978e+02
20191126_21:00:00   8.5812e-02   2.4494e+01   1.1850e+00   0.0000e+00   1.5650e-03   3.1951e+02
20191126_22:00:00   8.5522e-02   2.4424e+01   1.1799e+00   0.0000e+00   1.9671e-03   3.1879e+02
20191126_23:00:00   8.5352e-02   2.4386e+01   1.1765e+00   0.0000e+00   2.0617e-03   3.1804e+02
20191127_00:00:00   8.5038e-02   2.4321e+01   1.1706e+00   0.0000e+00   2.1095e-03   3.1796e+02
20191127_01:00:00   8.4511e-02   2.4206e+01   1.1608e+00   0.0000e+00   2.1989e-03   3.1903e+02
20191127_02:00:00   8.3892e-02   2.4073e+01   1.1498e+00   0.0000e+00   1.2107e-03   3.2073e+02
20191127_03:00:00   8.3511e-02   2.3988e+01   1.1440e+00   0.0000e+00   1.0544e-03   3.2092e+02
20191127_04:00:00   8.3068e-02   2.3887e+01   1.1370e+00   0.0000e+00   4.7341e-04   3.1762e+02
20191127_05:00:00   8.2583e-02   2.3786e+01   1.1291e+00   0.0000e+00   1.0082e-04   3.1171e+02
20191127_06:00:00   8.2031e-02   2.3669e+01   1.1194e+00   0.0000e+00   8.7931e-05   3.0810e+02
20191127_07:00:00   8.1548e-02   2.3567e+01   1.1107e+00   0.0000e+00   7.5041e-05   3.0680e+02
20191127_08:00:00   8.0926e-02   2.3434e+01   1.0990e+00   0.0000e+00   1.1831e-04   3.0676e+02
20191127_09:00:00   8.0351e-02   2.3307e+01   1.0892e+00   0.0000e+00   1.6982e-04   3.0577e+02
20191127_10:00:00   7.9824e-02   2.3197e+01   1.0808e+00   0.0000e+00   4.9815e-05   3.0413e+02
20191127_11:00:00   7.8815e-02   2.2979e+01   1.0642e+00   0.0000e+00   3.3086e-05   3.0218e+02
20191127_12:00:00   8.0898e-02   2.3438e+01   1.1053e+00   0.0000e+00   5.0325e-05   2.9935e+02
20191127_13:00:00   8.0110e-02   2.3275e+01   1.0921e+00   0.0000e+00   3.3098e-05   2.9540e+02
20191127_14:00:00   7.9117e-02   2.3065e+01   1.0756e+00   0.0000e+00   3.3597e-05   2.9302e+02
20191127_15:00:00   7.8529e-02   2.2942e+01   1.0648e+00   0.0000e+00   2.4961e-05   2.9418e+02
20191127_16:00:00   7.7937e-02   2.2817e+01   1.0571e+00   0.0000e+00   2.0639e-05   2.9434e+02
20191127_17:00:00   7.8408e-02   2.2917e+01   1.0703e+00   0.0000e+00   5.9547e-05   2.9252e+02
20191127_18:00:00   7.9531e-02   2.3162e+01   1.0960e+00   0.0000e+00   1.1178e-04   2.8890e+02
20191127_19:00:00   8.0688e-02   2.3418e+01   1.1230e+00   0.0000e+00   4.3771e-05   2.8719e+02
20191127_20:00:00   8.2569e-02   2.3837e+01   1.1659e+00   0.0000e+00   1.2662e-03   2.8569e+02
20191127_21:00:00   8.3367e-02   2.4004e+01   1.1877e+00   0.0000e+00   3.8596e-03   2.8529e+02
20191127_22:00:00   8.9963e-02   2.5454e+01   1.3170e+00   0.0000e+00   1.0408e-02   2.8817e+02
20191127_23:00:00   9.8821e-02   2.7399e+01   1.4758e+00   0.0000e+00   3.2331e-02   2.9151e+02
20191128_00:00:00   1.0186e-01   2.8077e+01   1.5283e+00   0.0000e+00   3.9638e-02   2.9130e+02
20191128_01:00:00   1.0343e-01   2.8434e+01   1.5603e+00   0.0000e+00   3.5110e-02   2.9029e+02
20191128_02:00:00   1.0764e-01   2.9350e+01   1.6441e+00   0.0000e+00   3.6033e-02   2.8993e+02
20191128_03:00:00   1.0855e-01   2.9565e+01   1.6660e+00   0.0000e+00   2.4442e-02   2.9013e+02
20191128_04:00:00   1.0696e-01   2.9261e+01   1.6331e+00   0.0000e+00   1.6725e-02   2.9165e+02
20191128_05:00:00   1.1123e-01   3.0197e+01   1.7160e+00   0.0000e+00   1.8771e-02   2.9265e+02
20191128_06:00:00   1.1260e-01   3.0518e+01   1.7396e+00   0.0000e+00   2.1456e-02   2.9308e+02
20191128_09:00:00   1.1353e-01   3.0810e+01   1.7494e+00   0.0000e+00   1.8920e-02   2.8937e+02
20191128_12:00:00   1.1611e-01   3.1403e+01   1.7950e+00   0.0000e+00   1.8216e-02   2.8873e+02
20191128_15:00:00   1.1796e-01   3.1857e+01   1.8251e+00   0.0000e+00   1.8903e-02   2.9065e+02
20191128_18:00:00   1.1799e-01   3.1885e+01   1.8057e+00   0.0000e+00   4.2885e-02   2.9568e+02
20191128_21:00:00   1.1656e-01   3.1575e+01   1.7815e+00   0.0000e+00   2.9279e-02   2.9698e+02
20191129_00:00:00   1.1447e-01   3.1100e+01   1.7407e+00   0.0000e+00   2.7824e-02   3.0290e+02
20191129_03:00:00   1.1232e-01   3.0626e+01   1.7062e+00   0.0000e+00   9.6382e-03   3.0297e+02
20191129_06:00:00   1.1041e-01   3.0184e+01   1.6723e+00   0.0000e+00   4.7861e-03   3.0471e+02
20191129_09:00:00   1.0716e-01   2.9473e+01   1.6209e+00   0.0000e+00   4.5187e-05   3.0247e+02
20191129_12:00:00   1.0538e-01   2.9117e+01   1.5889e+00   0.0000e+00   5.3366e-05   2.9712e+02
20191129_15:00:00   9.7371e-02   2.7344e+01   1.4535e+00   0.0000e+00   4.5224e-05   2.9386e+02
20191129_18:00:00   8.9791e-02   2.5646e+01   1.3196e+00   0.0000e+00   3.3014e-05   2.9303e+02
20191129_21:00:00   9.1986e-02   2.6122e+01   1.3545e+00   0.0000e+00   3.7103e-05   2.9057e+02
20191130_00:00:00   9.0767e-02   2.5822e+01   1.3303e+00   0.0000e+00   1.2651e-05   2.9339e+02
20191130_03:00:00   7.5121e-02   2.2265e+01   1.0500e+00   0.0000e+00   8.1580e-06   2.9791e+02
20191130_06:00:00   5.7500e-02   1.8177e+01   7.3899e-01   0.0000e+00   0.0000e+00   3.0068e+02
20191130_09:00:00   5.3671e-02   1.7278e+01   6.6907e-01   0.0000e+00   8.1580e-06   2.9847e+02
20191130_12:00:00   5.2886e-02   1.7099e+01   6.5036e-01   0.0000e+00   0.0000e+00   2.9424e+02
20191130_15:00:00   5.1496e-02   1.6784e+01   6.1930e-01   0.0000e+00   0.0000e+00   2.9258e+02
20191130_18:00:00   5.0563e-02   1.6580e+01   5.9809e-01   0.0000e+00   0.0000e+00   2.9391e+02
20191130_21:00:00   5.1484e-02   1.6785e+01   6.1977e-01   0.0000e+00   0.0000e+00   2.9412e+02
20191201_00:00:00   5.3370e-02   1.7217e+01   6.6219e-01   0.0000e+00   0.0000e+00   2.9539e+02
20191201_03:00:00   5.6109e-02   1.7841e+01   7.1850e-01   0.0000e+00   0.0000e+00   2.9901e+02
20191201_06:00:00   5.8971e-02   1.8495e+01   7.7736e-01   0.0000e+00   1.6316e-05   3.0125e+02
20191201_09:00:00   6.3404e-02   1.9489e+01   8.6748e-01   0.0000e+00   9.3820e-04   3.0420e+02
20191201_12:00:00   6.6836e-02   2.0258e+01   9.3136e-01   0.0000e+00   1.8640e-03   3.0540e+02
20191201_15:00:00   7.1316e-02   2.1261e+01   1.0107e+00   0.0000e+00   3.8113e-03   3.0520e+02
20191201_18:00:00   7.6086e-02   2.2332e+01   1.0957e+00   0.0000e+00   3.1308e-03   3.0757e+02
20191201_21:00:00   7.9128e-02   2.3012e+01   1.1416e+00   0.0000e+00   5.2332e-03   3.1399e+02
20191202_00:00:00   8.1823e-02   2.3614e+01   1.1829e+00   0.0000e+00   3.6629e-03   3.1788e+02
20191202_03:00:00   8.3596e-02   2.4003e+01   1.2091e+00   0.0000e+00   3.0570e-03   3.1699e+02
20191202_06:00:00   8.4618e-02   2.4235e+01   1.2199e+00   0.0000e+00   1.3153e-03   3.1746e+02
20191202_09:00:00   8.4602e-02   2.4228e+01   1.2134e+00   0.0000e+00   1.5559e-03   3.1656e+02
20191202_12:00:00   8.3505e-02   2.3979e+01   1.1883e+00   0.0000e+00   1.5928e-03   3.1472e+02
20191202_15:00:00   8.2686e-02   2.3783e+01   1.1697e+00   0.0000e+00   4.2994e-03   3.1772e+02
20191202_18:00:00   8.2107e-02   2.3648e+01   1.1571e+00   0.0000e+00   8.6669e-04   3.1904e+02
20191202_21:00:00   8.0703e-02   2.3330e+01   1.1279e+00   0.0000e+00   4.2788e-05   3.2544e+02
20191203_00:00:00   8.0002e-02   2.3162e+01   1.1125e+00   0.0000e+00   4.6908e-05   3.2871e+02
20191203_03:00:00   7.9138e-02   2.2964e+01   1.0961e+00   0.0000e+00   5.0941e-05   3.2786e+02
20191203_06:00:00   7.8723e-02   2.2866e+01   1.0869e+00   0.0000e+00   7.1385e-05   3.2882e+02
20191203_09:00:00   7.5970e-02   2.2264e+01   1.0290e+00   0.0000e+00   7.4030e-04   3.3004e+02
20191203_12:00:00   7.4055e-02   2.1834e+01   9.9092e-01   0.0000e+00   2.6513e-05   3.2932e+02
20191203_15:00:00   6.9161e-02   2.0740e+01   9.0149e-01   0.0000e+00   3.0592e-05   3.2831e+02
20191203_18:00:00   6.6403e-02   2.0120e+01   8.5103e-01   0.0000e+00   1.8355e-05   3.2868e+02
20191203_21:00:00   6.3324e-02   1.9426e+01   7.9759e-01   0.0000e+00   2.0250e-06   3.2634e+02
20191204_00:00:00   6.0325e-02   1.8743e+01   7.4560e-01   0.0000e+00   2.0310e-06   3.2360e+02
20191204_03:00:00   6.0996e-02   1.8903e+01   7.5830e-01   0.0000e+00   2.2432e-05   3.2287e+02
20191204_06:00:00   6.2128e-02   1.9167e+01   7.8016e-01   0.0000e+00   2.2432e-05   3.2142e+02
20191204_09:00:00   6.2599e-02   1.9286e+01   7.9062e-01   0.0000e+00   2.8522e-05   3.2312e+02
20191204_12:00:00   6.1668e-02   1.9087e+01   7.7403e-01   0.0000e+00   6.0920e-06   3.2404e+02
20191204_15:00:00   6.0534e-02   1.8836e+01   7.5758e-01   0.0000e+00   2.2409e-05   3.2344e+02
20191204_18:00:00   6.0780e-02   1.8895e+01   7.6583e-01   0.0000e+00   8.1580e-06   3.2468e+02
20191204_21:00:00   6.0736e-02   1.8892e+01   7.6520e-01   0.0000e+00   8.1580e-06   3.2618e+02
20191205_00:00:00   6.0286e-02   1.8795e+01   7.5703e-01   0.0000e+00   0.0000e+00   3.2553e+02
20191205_03:00:00   6.1295e-02   1.9031e+01   7.7372e-01   0.0000e+00   0.0000e+00   3.2261e+02
20191205_06:00:00   6.2081e-02   1.9220e+01   7.8667e-01   0.0000e+00   0.0000e+00   3.1801e+02
20191205_09:00:00   6.3628e-02   1.9573e+01   8.1286e-01   0.0000e+00   1.4207e-05   3.1891e+02
20191205_12:00:00   6.5003e-02   1.9888e+01   8.3562e-01   0.0000e+00   2.2366e-05   3.1946e+02
20191205_15:00:00   6.7608e-02   2.0476e+01   8.7989e-01   0.0000e+00   2.2367e-05   3.2129e+02
20191205_18:00:00   7.0044e-02   2.1027e+01   9.2061e-01   0.0000e+00   1.0129e-05   3.2385e+02
20191205_21:00:00   7.2463e-02   2.1570e+01   9.5945e-01   0.0000e+00   1.8271e-05   3.2549e+02
20191206_00:00:00   7.3629e-02   2.1825e+01   9.7657e-01   0.0000e+00   1.8270e-05   3.2625e+02
20191206_03:00:00   7.4949e-02   2.2116e+01   9.9535e-01   0.0000e+00   2.6424e-05   3.2630e+02
20191206_06:00:00   7.3847e-02   2.1865e+01   9.6817e-01   0.0000e+00   2.6421e-05   3.2831e+02
20191206_09:00:00   7.3707e-02   2.1826e+01   9.6307e-01   0.0000e+00   2.6407e-05   3.2915e+02
20191206_12:00:00   7.1811e-02   2.1390e+01   9.2809e-01   0.0000e+00   1.6087e-05   3.3009e+02
20191206_15:00:00   6.9586e-02   2.0879e+01   8.8859e-01   0.0000e+00   5.9970e-06   3.2949e+02
20191206_18:00:00   6.8598e-02   2.0643e+01   8.7301e-01   0.0000e+00   1.1979e-05   3.2812e+02
20191206_21:00:00   6.7909e-02   2.0484e+01   8.6006e-01   0.0000e+00   0.0000e+00   3.2944e+02
20191207_00:00:00   6.7257e-02   2.0331e+01   8.4709e-01   0.0000e+00   0.0000e+00   3.2780e+02
20191207_03:00:00   6.7429e-02   2.0361e+01   8.5062e-01   0.0000e+00   1.4099e-05   3.2834e+02
20191207_06:00:00   7.0463e-02   2.1039e+01   9.0402e-01   0.0000e+00   1.4086e-05   3.2982e+02
20191207_09:00:00   7.3441e-02   2.1703e+01   9.5808e-01   0.0000e+00   3.2632e-05   3.2954e+02
20191207_12:00:00   7.6676e-02   2.2425e+01   1.0145e+00   0.0000e+00   2.4474e-05   3.2848e+02
20191207_15:00:00   7.6449e-02   2.2371e+01   1.0100e+00   0.0000e+00   3.2632e-05   3.2684e+02
20191207_18:00:00   7.5401e-02   2.2140e+01   9.8983e-01   0.0000e+00   2.4474e-05   3.2276e+02
20191207_21:00:00   7.8348e-02   2.2815e+01   1.0345e+00   0.0000e+00   1.9844e-05   3.2093e+02
20191208_00:00:00   8.4401e-02   2.4165e+01   1.1363e+00   0.0000e+00   3.1121e-03   3.2034e+02
20191208_03:00:00   8.7739e-02   2.4902e+01   1.1940e+00   0.0000e+00   1.0405e-02   3.1961e+02
20191208_06:00:00   8.6470e-02   2.4608e+01   1.1697e+00   0.0000e+00   9.3296e-03   3.1823e+02
20191208_09:00:00   8.4945e-02   2.4260e+01   1.1405e+00   0.0000e+00   7.9676e-03   3.1510e+02
20191208_12:00:00   8.3301e-02   2.3889e+01   1.1067e+00   0.0000e+00   7.1976e-03   3.1306e+02
20191208_15:00:00   8.4559e-02   2.4184e+01   1.1301e+00   0.0000e+00   5.5154e-03   3.1271e+02
20191208_18:00:00   8.7961e-02   2.4989e+01   1.1901e+00   0.0000e+00   7.6463e-03   3.1382e+02
20191208_21:00:00   9.3605e-02   2.6305e+01   1.2942e+00   0.0000e+00   1.2879e-02   3.1567e+02
20191209_00:00:00   1.0017e-01   2.7818e+01   1.4137e+00   0.0000e+00   3.6493e-02   3.1497e+02
20191209_03:00:00   1.0522e-01   2.8990e+01   1.5049e+00   0.0000e+00   5.6929e-02   3.1698e+02
20191209_06:00:00   1.0994e-01   3.0018e+01   1.6024e+00   0.0000e+00   4.7321e-02   3.1834e+02
