#            date       tau225        Tb[K]      pwv[mm] lwp[kg*m^-2] iwp[kg*m^-2]       o3[DU]
20191029_18:00:00   4.6888e-02   1.5268e+01   4.8418e-01   0.0000e+00   2.7459e-03   2.8230e+02
20191029_19:00:00   4.7234e-02   1.5350e+01   4.8961e-01   0.0000e+00   3.6026e-03   2.8507e+02
20191029_20:00:00   5.1228e-02   1.6272e+01   5.5341e-01   0.0000e+00   2.8766e-03   2.8355e+02
20191029_21:00:00   5.1209e-02   1.6271e+01   5.5288e-01   0.0000e+00   2.2748e-03   2.8926e+02
20191029_22:00:00   4.7534e-02   1.5428e+01   4.9379e-01   0.0000e+00   2.2596e-03   2.9032e+02
20191029_23:00:00   4.7610e-02   1.5447e+01   4.9390e-01   0.0000e+00   1.6871e-03   2.9020e+02
20191030_00:00:00   4.7589e-02   1.5442e+01   4.9207e-01   0.0000e+00   2.4975e-03   2.9057e+02
20191030_01:00:00   4.7300e-02   1.5366e+01   4.8472e-01   0.0000e+00   5.9052e-03   2.9260e+02
20191030_02:00:00   4.7477e-02   1.5402e+01   4.8664e-01   0.0000e+00   8.6010e-03   2.9833e+02
20191030_03:00:00   4.7740e-02   1.5462e+01   4.8942e-01   0.0000e+00   1.0150e-02   3.0405e+02
20191030_04:00:00   4.7813e-02   1.5480e+01   4.8872e-01   0.0000e+00   1.1059e-02   3.0720e+02
20191030_05:00:00   4.7989e-02   1.5528e+01   4.9081e-01   0.0000e+00   1.0207e-02   3.1034e+02
20191030_06:00:00   4.7905e-02   1.5512e+01   4.8777e-01   0.0000e+00   9.6015e-03   3.1520e+02
20191030_07:00:00   4.7827e-02   1.5494e+01   4.8521e-01   0.0000e+00   9.2036e-03   3.1737e+02
20191030_08:00:00   4.7644e-02   1.5453e+01   4.8230e-01   0.0000e+00   6.8804e-03   3.2053e+02
20191030_09:00:00   4.7490e-02   1.5418e+01   4.8043e-01   0.0000e+00   4.0670e-03   3.2216e+02
20191030_10:00:00   4.7611e-02   1.5448e+01   4.8444e-01   0.0000e+00   2.3015e-03   3.2318e+02
20191030_11:00:00   4.7538e-02   1.5432e+01   4.8376e-01   0.0000e+00   1.3195e-03   3.2614e+02
20191030_12:00:00   4.7328e-02   1.5388e+01   4.7992e-01   0.0000e+00   1.7372e-03   3.2857e+02
20191030_13:00:00   4.7160e-02   1.5358e+01   4.7654e-01   0.0000e+00   1.5321e-03   3.2891e+02
20191030_14:00:00   4.7247e-02   1.5383e+01   4.7971e-01   0.0000e+00   1.6315e-03   3.2710e+02
20191030_15:00:00   4.7429e-02   1.5423e+01   4.8512e-01   0.0000e+00   2.5387e-03   3.2498e+02
20191030_16:00:00   4.7791e-02   1.5500e+01   4.9364e-01   0.0000e+00   3.0983e-03   3.2681e+02
20191030_17:00:00   4.9754e-02   1.5949e+01   5.3043e-01   0.0000e+00   6.0189e-03   3.2883e+02
20191030_18:00:00   5.5711e-02   1.7311e+01   6.2419e-01   0.0000e+00   1.4704e-02   3.3314e+02
20191030_19:00:00   5.9109e-02   1.8090e+01   6.8351e-01   0.0000e+00   1.3838e-02   3.3657e+02
20191030_20:00:00   5.9449e-02   1.8174e+01   6.8741e-01   0.0000e+00   1.7118e-02   3.3946e+02
20191030_21:00:00   5.9139e-02   1.8102e+01   6.7978e-01   0.0000e+00   2.0282e-02   3.4077e+02
20191030_22:00:00   5.9450e-02   1.8182e+01   6.8815e-01   0.0000e+00   1.3086e-02   3.4083e+02
20191030_23:00:00   6.0087e-02   1.8325e+01   7.0389e-01   0.0000e+00   7.5189e-03   3.4090e+02
20191031_00:00:00   6.0380e-02   1.8395e+01   7.0968e-01   0.0000e+00   7.1590e-03   3.4264e+02
20191031_01:00:00   5.9943e-02   1.8301e+01   7.0198e-01   0.0000e+00   7.6381e-03   3.4527e+02
20191031_02:00:00   6.0236e-02   1.8372e+01   7.1068e-01   0.0000e+00   6.4162e-03   3.4831e+02
20191031_03:00:00   6.0152e-02   1.8354e+01   7.1144e-01   0.0000e+00   5.1538e-03   3.4735e+02
20191031_04:00:00   6.0419e-02   1.8422e+01   7.1706e-01   0.0000e+00   4.4261e-03   3.4282e+02
20191031_05:00:00   6.0653e-02   1.8489e+01   7.2239e-01   0.0000e+00   3.4303e-03   3.4179e+02
20191031_06:00:00   6.0946e-02   1.8566e+01   7.2724e-01   0.0000e+00   3.3857e-03   3.4108e+02
20191031_07:00:00   6.1034e-02   1.8598e+01   7.2861e-01   0.0000e+00   3.5308e-03   3.4309e+02
20191031_08:00:00   6.0841e-02   1.8565e+01   7.2488e-01   0.0000e+00   3.2262e-03   3.4192e+02
20191031_09:00:00   6.1691e-02   1.8767e+01   7.4138e-01   0.0000e+00   3.3740e-03   3.3983e+02
20191031_10:00:00   6.5426e-02   1.9614e+01   8.1425e-01   0.0000e+00   2.8984e-03   3.4018e+02
20191031_11:00:00   6.7615e-02   2.0108e+01   8.5786e-01   0.0000e+00   2.3732e-03   3.4280e+02
20191031_12:00:00   7.0054e-02   2.0661e+01   9.0636e-01   0.0000e+00   1.0252e-03   3.4609e+02
20191031_13:00:00   7.1480e-02   2.0993e+01   9.3683e-01   0.0000e+00   2.8518e-04   3.4852e+02
20191031_14:00:00   7.1392e-02   2.0979e+01   9.3865e-01   0.0000e+00   1.9907e-04   3.5016e+02
20191031_15:00:00   7.0851e-02   2.0864e+01   9.3280e-01   0.0000e+00   1.1500e-04   3.5219e+02
20191031_16:00:00   7.0840e-02   2.0871e+01   9.3632e-01   0.0000e+00   3.0001e-04   3.5352e+02
20191031_17:00:00   7.0248e-02   2.0752e+01   9.2787e-01   0.0000e+00   4.2423e-04   3.5688e+02
20191031_18:00:00   6.9673e-02   2.0632e+01   9.1961e-01   0.0000e+00   1.5501e-04   3.5851e+02
20191031_19:00:00   6.8638e-02   2.0408e+01   9.0328e-01   0.0000e+00   4.8948e-05   3.5809e+02
20191031_20:00:00   6.7510e-02   2.0160e+01   8.8545e-01   0.0000e+00   1.1013e-04   3.5733e+02
20191031_21:00:00   6.6352e-02   1.9902e+01   8.6648e-01   0.0000e+00   5.0583e-04   3.5737e+02
20191031_22:00:00   6.4439e-02   1.9475e+01   8.3425e-01   0.0000e+00   2.0394e-04   3.5733e+02
20191031_23:00:00   6.2663e-02   1.9082e+01   8.0515e-01   0.0000e+00   9.2185e-04   3.5775e+02
20191101_00:00:00   5.9499e-02   1.8368e+01   7.4867e-01   0.0000e+00   1.4684e-04   3.5828e+02
20191101_01:00:00   5.6141e-02   1.7608e+01   6.8946e-01   0.0000e+00   3.2632e-05   3.5796e+02
20191101_02:00:00   5.3074e-02   1.6907e+01   6.3430e-01   0.0000e+00   2.4474e-05   3.5844e+02
20191101_03:00:00   5.0744e-02   1.6371e+01   5.9292e-01   0.0000e+00   2.4474e-05   3.5906e+02
20191101_04:00:00   4.9080e-02   1.5989e+01   5.6234e-01   0.0000e+00   2.4474e-05   3.5912e+02
20191101_05:00:00   4.7463e-02   1.5616e+01   5.3202e-01   0.0000e+00   2.4474e-05   3.5978e+02
20191101_06:00:00   4.6152e-02   1.5316e+01   5.0743e-01   0.0000e+00   2.4474e-05   3.6223e+02
20191101_07:00:00   4.5184e-02   1.5098e+01   4.8914e-01   0.0000e+00   1.6316e-05   3.6305e+02
20191101_08:00:00   4.4957e-02   1.5051e+01   4.8232e-01   0.0000e+00   8.1580e-06   3.6197e+02
20191101_09:00:00   4.5613e-02   1.5213e+01   4.9080e-01   0.0000e+00   8.1580e-06   3.6176e+02
20191101_10:00:00   4.6403e-02   1.5405e+01   5.0188e-01   0.0000e+00   8.1580e-06   3.6154e+02
20191101_11:00:00   4.7601e-02   1.5691e+01   5.2063e-01   0.0000e+00   8.1580e-06   3.6150e+02
20191101_12:00:00   4.9059e-02   1.6039e+01   5.4455e-01   0.0000e+00   8.1580e-06   3.6263e+02
20191101_13:00:00   5.1418e-02   1.6590e+01   5.8376e-01   0.0000e+00   8.1580e-06   3.6365e+02
20191101_14:00:00   5.4068e-02   1.7200e+01   6.2980e-01   0.0000e+00   1.2619e-05   3.6386e+02
20191101_15:00:00   5.6388e-02   1.7730e+01   6.6993e-01   0.0000e+00   2.0785e-05   3.6467e+02
20191101_16:00:00   5.7941e-02   1.8083e+01   6.9894e-01   0.0000e+00   2.5257e-05   3.6368e+02
20191101_17:00:00   5.9743e-02   1.8492e+01   7.3156e-01   0.0000e+00   4.2284e-05   3.6336e+02
20191101_18:00:00   6.1236e-02   1.8830e+01   7.5924e-01   0.0000e+00   3.4050e-05   3.6306e+02
20191101_19:00:00   6.2446e-02   1.9103e+01   7.8187e-01   0.0000e+00   4.1467e-05   3.6188e+02
20191101_20:00:00   6.3654e-02   1.9374e+01   8.0326e-01   0.0000e+00   8.6014e-05   3.5970e+02
20191101_21:00:00   6.4470e-02   1.9544e+01   8.1751e-01   0.0000e+00   9.4858e-04   3.5777e+02
20191101_22:00:00   6.4815e-02   1.9615e+01   8.2498e-01   0.0000e+00   1.5397e-03   3.5642e+02
20191101_23:00:00   6.5782e-02   1.9828e+01   8.4256e-01   0.0000e+00   1.4316e-03   3.5549e+02
20191102_00:00:00   6.6732e-02   2.0031e+01   8.5913e-01   0.0000e+00   1.0676e-03   3.5418e+02
20191102_01:00:00   6.8021e-02   2.0305e+01   8.8298e-01   0.0000e+00   1.1561e-03   3.5359e+02
20191102_02:00:00   6.8912e-02   2.0495e+01   8.9952e-01   0.0000e+00   1.0270e-03   3.5300e+02
20191102_03:00:00   6.9428e-02   2.0596e+01   9.0834e-01   0.0000e+00   1.8237e-03   3.5274e+02
20191102_04:00:00   6.9641e-02   2.0630e+01   9.1128e-01   0.0000e+00   2.5272e-03   3.5248e+02
20191102_05:00:00   7.0375e-02   2.0793e+01   9.2282e-01   0.0000e+00   3.5559e-03   3.5371e+02
20191102_06:00:00   7.1269e-02   2.0998e+01   9.3778e-01   0.0000e+00   2.6704e-03   3.5391e+02
20191102_07:00:00   7.1919e-02   2.1139e+01   9.4844e-01   0.0000e+00   8.8866e-04   3.5386e+02
20191102_08:00:00   7.2057e-02   2.1167e+01   9.4980e-01   0.0000e+00   6.6916e-04   3.5314e+02
20191102_09:00:00   7.2606e-02   2.1293e+01   9.5892e-01   0.0000e+00   7.0075e-04   3.5193e+02
20191102_10:00:00   7.3377e-02   2.1470e+01   9.7306e-01   0.0000e+00   5.8720e-04   3.4955e+02
20191102_11:00:00   7.3795e-02   2.1567e+01   9.8118e-01   0.0000e+00   1.5898e-04   3.4857e+02
20191102_12:00:00   7.3793e-02   2.1570e+01   9.8109e-01   0.0000e+00   4.8865e-05   3.4798e+02
20191102_13:00:00   7.3589e-02   2.1531e+01   9.7737e-01   0.0000e+00   3.8750e-05   3.4702e+02
20191102_14:00:00   7.3003e-02   2.1410e+01   9.6559e-01   0.0000e+00   3.8750e-05   3.4578e+02
20191102_15:00:00   7.2084e-02   2.1210e+01   9.4899e-01   0.0000e+00   3.8750e-05   3.4439e+02
20191102_16:00:00   7.1897e-02   2.1173e+01   9.4685e-01   0.0000e+00   3.4607e-05   3.4234e+02
20191102_17:00:00   7.2030e-02   2.1205e+01   9.5101e-01   0.0000e+00   3.4616e-05   3.4039e+02
20191102_18:00:00   7.1915e-02   2.1173e+01   9.5043e-01   0.0000e+00   3.8704e-05   3.3814e+02
20191102_19:00:00   7.1579e-02   2.1097e+01   9.4507e-01   0.0000e+00   3.4638e-05   3.3574e+02
20191102_20:00:00   7.0681e-02   2.0894e+01   9.2918e-01   0.0000e+00   3.4646e-05   3.3316e+02
20191102_21:00:00   7.0041e-02   2.0751e+01   9.1925e-01   0.0000e+00   3.4646e-05   3.3159e+02
20191102_22:00:00   6.8586e-02   2.0426e+01   8.9375e-01   0.0000e+00   3.8719e-05   3.2918e+02
20191102_23:00:00   6.7309e-02   2.0140e+01   8.7152e-01   0.0000e+00   2.4474e-05   3.2686e+02
20191103_00:00:00   6.6017e-02   1.9844e+01   8.4837e-01   0.0000e+00   2.4474e-05   3.2534e+02
20191103_01:00:00   6.5084e-02   1.9632e+01   8.3140e-01   0.0000e+00   2.6503e-05   3.2248e+02
20191103_02:00:00   6.4014e-02   1.9384e+01   8.1195e-01   0.0000e+00   2.4474e-05   3.2038e+02
20191103_03:00:00   6.2883e-02   1.9125e+01   7.9141e-01   0.0000e+00   2.6496e-05   3.1959e+02
20191103_04:00:00   6.1733e-02   1.8860e+01   7.6976e-01   0.0000e+00   2.6492e-05   3.1864e+02
20191103_05:00:00   6.0567e-02   1.8594e+01   7.4739e-01   0.0000e+00   2.8514e-05   3.1837e+02
20191103_06:00:00   5.9800e-02   1.8421e+01   7.3230e-01   0.0000e+00   3.4624e-05   3.1856e+02
20191103_07:00:00   5.9200e-02   1.8283e+01   7.1973e-01   0.0000e+00   6.9336e-05   3.1793e+02
20191103_08:00:00   5.8858e-02   1.8202e+01   7.1080e-01   0.0000e+00   3.6472e-04   3.1858e+02
20191103_09:00:00   5.8312e-02   1.8074e+01   6.9837e-01   0.0000e+00   5.7892e-04   3.1853e+02
20191103_10:00:00   5.8059e-02   1.8018e+01   6.9204e-01   0.0000e+00   2.2152e-04   3.1716e+02
20191103_11:00:00   5.8037e-02   1.8014e+01   6.8907e-01   0.0000e+00   1.3162e-04   3.1334e+02
20191103_12:00:00   5.8159e-02   1.8040e+01   6.8922e-01   0.0000e+00   2.6456e-05   3.1147e+02
20191103_13:00:00   5.7992e-02   1.8002e+01   6.8496e-01   0.0000e+00   1.8350e-05   3.0918e+02
20191103_14:00:00   5.5880e-02   1.7527e+01   6.4514e-01   0.0000e+00   1.8348e-05   3.0991e+02
20191103_15:00:00   5.5227e-02   1.7379e+01   6.3374e-01   0.0000e+00   8.1580e-06   3.1264e+02
20191103_16:00:00   5.4403e-02   1.7190e+01   6.1967e-01   0.0000e+00   8.1580e-06   3.1373e+02
20191103_17:00:00   5.3699e-02   1.7029e+01   6.0803e-01   0.0000e+00   8.1580e-06   3.1428e+02
20191103_18:00:00   5.3137e-02   1.6902e+01   5.9879e-01   0.0000e+00   8.1580e-06   3.1455e+02
20191103_21:00:00   5.1967e-02   1.6640e+01   5.7895e-01   0.0000e+00   8.1580e-06   3.1958e+02
20191104_00:00:00   5.0609e-02   1.6331e+01   5.5654e-01   0.0000e+00   1.6316e-05   3.1974e+02
20191104_03:00:00   4.8947e-02   1.5951e+01   5.2743e-01   0.0000e+00   1.6316e-05   3.2240e+02
20191104_06:00:00   4.5246e-02   1.5099e+01   4.6037e-01   0.0000e+00   8.1580e-06   3.2352e+02
20191104_09:00:00   4.3623e-02   1.4728e+01   4.2829e-01   0.0000e+00   0.0000e+00   3.3028e+02
20191104_12:00:00   4.6831e-02   1.5489e+01   4.7764e-01   0.0000e+00   0.0000e+00   3.2968e+02
20191104_15:00:00   5.0789e-02   1.6428e+01   5.4308e-01   0.0000e+00   1.3739e-05   3.2977e+02
20191104_18:00:00   5.3339e-02   1.7021e+01   5.8693e-01   0.0000e+00   2.2850e-05   3.3224e+02
20191104_21:00:00   5.3354e-02   1.7028e+01   5.9012e-01   0.0000e+00   1.5639e-05   3.3775e+02
20191105_00:00:00   5.3881e-02   1.7146e+01   6.0301e-01   0.0000e+00   1.5619e-05   3.3874e+02
20191105_03:00:00   5.3501e-02   1.7065e+01   5.9878e-01   0.0000e+00   9.9040e-06   3.3920e+02
20191105_06:00:00   5.4672e-02   1.7329e+01   6.2151e-01   0.0000e+00   4.2320e-06   3.4170e+02
20191105_09:00:00   5.5649e-02   1.7558e+01   6.4421e-01   0.0000e+00   6.1180e-06   3.4402e+02
20191105_12:00:00   5.8174e-02   1.8136e+01   6.9346e-01   0.0000e+00   4.2410e-06   3.4547e+02
20191105_15:00:00   6.0784e-02   1.8734e+01   7.4440e-01   0.0000e+00   0.0000e+00   3.4431e+02
20191105_18:00:00   6.4480e-02   1.9575e+01   8.1574e-01   0.0000e+00   0.0000e+00   3.4142e+02
20191105_21:00:00   6.8464e-02   2.0477e+01   8.9177e-01   0.0000e+00   2.4475e-04   3.4454e+02
20191106_00:00:00   7.4450e-02   2.1824e+01   1.0018e+00   0.0000e+00   2.3168e-03   3.4244e+02
20191106_03:00:00   7.8095e-02   2.2642e+01   1.0672e+00   0.0000e+00   3.6866e-03   3.3905e+02
20191106_06:00:00   7.9083e-02   2.2851e+01   1.0801e+00   0.0000e+00   7.5691e-03   3.3793e+02
20191106_09:00:00   8.0680e-02   2.3198e+01   1.1076e+00   0.0000e+00   7.8653e-03   3.4201e+02
20191106_12:00:00   8.1880e-02   2.3448e+01   1.1237e+00   0.0000e+00   1.2032e-02   3.3962e+02
20191106_15:00:00   8.0914e-02   2.3220e+01   1.1045e+00   0.0000e+00   8.9329e-03   3.3442e+02
20191106_18:00:00   7.9698e-02   2.2934e+01   1.0837e+00   0.0000e+00   6.9446e-03   3.3058e+02
20191106_21:00:00   7.8531e-02   2.2649e+01   1.0618e+00   0.0000e+00   8.5823e-03   3.2099e+02
20191107_00:00:00   7.7510e-02   2.2412e+01   1.0426e+00   0.0000e+00   5.9643e-03   3.1727e+02
20191107_03:00:00   7.2534e-02   2.1290e+01   9.4924e-01   0.0000e+00   5.0964e-03   3.1420e+02
20191107_06:00:00   6.8660e-02   2.0410e+01   8.7471e-01   0.0000e+00   2.5738e-03   3.1600e+02
20191107_09:00:00   6.2976e-02   1.9138e+01   7.6709e-01   0.0000e+00   1.2528e-05   3.0911e+02
20191107_12:00:00   6.1103e-02   1.8688e+01   7.3484e-01   0.0000e+00   8.7690e-05   3.0011e+02
20191107_15:00:00   6.0590e-02   1.8542e+01   7.2479e-01   0.0000e+00   8.0630e-04   3.0262e+02
20191107_18:00:00   5.9156e-02   1.8203e+01   7.0003e-01   0.0000e+00   1.5558e-04   3.0800e+02
20191107_21:00:00   5.7303e-02   1.7761e+01   6.6707e-01   0.0000e+00   5.4287e-04   3.1246e+02
20191108_00:00:00   5.6011e-02   1.7454e+01   6.4374e-01   0.0000e+00   6.7305e-05   3.1111e+02
20191108_03:00:00   5.6072e-02   1.7461e+01   6.4394e-01   0.0000e+00   8.8012e-05   3.0904e+02
20191108_06:00:00   5.6926e-02   1.7653e+01   6.5626e-01   0.0000e+00   4.5198e-05   3.1246e+02
20191108_09:00:00   5.6097e-02   1.7479e+01   6.4160e-01   0.0000e+00   3.7054e-05   3.1586e+02
20191108_12:00:00   5.4618e-02   1.7158e+01   6.1501e-01   0.0000e+00   2.0758e-05   3.1746e+02
20191108_15:00:00   5.3258e-02   1.6870e+01   5.9083e-01   0.0000e+00   1.2614e-05   3.1136e+02
20191108_18:00:00   5.3091e-02   1.6855e+01   5.8597e-01   0.0000e+00   8.9350e-06   3.0740e+02
20191108_21:00:00   5.3218e-02   1.6911e+01   5.8740e-01   0.0000e+00   4.4600e-06   3.0760e+02
20191109_00:00:00   5.4968e-02   1.7340e+01   6.1714e-01   0.0000e+00   1.3354e-05   3.0732e+02
20191109_03:00:00   5.9977e-02   1.8511e+01   7.0451e-01   0.0000e+00   1.0554e-03   3.1263e+02
20191109_06:00:00   6.7031e-02   2.0137e+01   8.2999e-01   0.0000e+00   3.0380e-03   3.1718e+02
20191109_09:00:00   7.1731e-02   2.1220e+01   9.1123e-01   0.0000e+00   5.5697e-03   3.1840e+02
20191109_12:00:00   7.5292e-02   2.2077e+01   9.7173e-01   0.0000e+00   7.2020e-03   3.2082e+02
20191109_15:00:00   7.7633e-02   2.2635e+01   1.0094e+00   0.0000e+00   1.3021e-02   3.2535e+02
20191109_18:00:00   7.7368e-02   2.2556e+01   1.0091e+00   0.0000e+00   5.5517e-03   3.2981e+02
20191109_21:00:00   8.0975e-02   2.3338e+01   1.0796e+00   0.0000e+00   9.2012e-03   3.3994e+02
20191110_00:00:00   8.2277e-02   2.3645e+01   1.1024e+00   0.0000e+00   8.7076e-03   3.5054e+02
20191110_03:00:00   8.4412e-02   2.4137e+01   1.1378e+00   0.0000e+00   1.5111e-02   3.5412e+02
20191110_06:00:00   8.5745e-02   2.4438e+01   1.1620e+00   0.0000e+00   1.9795e-02   3.5994e+02
20191110_09:00:00   8.6582e-02   2.4638e+01   1.1743e+00   0.0000e+00   2.5569e-02   3.5954e+02
20191110_12:00:00   8.5870e-02   2.4480e+01   1.1611e+00   0.0000e+00   1.9495e-02   3.6263e+02
20191110_15:00:00   8.4949e-02   2.4273e+01   1.1447e+00   0.0000e+00   1.7431e-02   3.6387e+02
20191110_18:00:00   8.4011e-02   2.4063e+01   1.1271e+00   0.0000e+00   1.6224e-02   3.6170e+02
20191110_21:00:00   8.3436e-02   2.3938e+01   1.1160e+00   0.0000e+00   1.5829e-02   3.6176e+02
20191111_00:00:00   8.1965e-02   2.3601e+01   1.0891e+00   0.0000e+00   1.4667e-02   3.6301e+02
20191111_03:00:00   8.0065e-02   2.3167e+01   1.0521e+00   0.0000e+00   1.9102e-02   3.6671e+02
20191111_06:00:00   7.8235e-02   2.2740e+01   1.0235e+00   0.0000e+00   1.3435e-02   3.6775e+02
20191111_09:00:00   7.9199e-02   2.2909e+01   1.0512e+00   0.0000e+00   1.7875e-02   3.5705e+02
20191111_12:00:00   7.9759e-02   2.3030e+01   1.0528e+00   0.0000e+00   5.3630e-02   3.4105e+02
20191111_15:00:00   8.1379e-02   2.3396e+01   1.0852e+00   0.0000e+00   6.6948e-02   3.5324e+02
20191111_18:00:00   8.8015e-02   2.4832e+01   1.2042e+00   0.0000e+00   1.2545e-01   3.5735e+02
20191111_21:00:00   9.1800e-02   2.5693e+01   1.2765e+00   0.0000e+00   1.4386e-01   3.5963e+02
20191112_00:00:00   9.5701e-02   2.6592e+01   1.3443e+00   0.0000e+00   1.6103e-01   3.6098e+02
20191112_03:00:00   9.7276e-02   2.6973e+01   1.3862e+00   0.0000e+00   1.2627e-01   3.6392e+02
20191112_06:00:00   9.7739e-02   2.7091e+01   1.4010e+00   0.0000e+00   1.0185e-01   3.6419e+02
20191112_09:00:00   9.6514e-02   2.6822e+01   1.4032e+00   0.0000e+00   3.6676e-02   3.6202e+02
20191112_12:00:00   9.5541e-02   2.6598e+01   1.3867e+00   0.0000e+00   2.7055e-02   3.6128e+02
20191112_15:00:00   9.4502e-02   2.6356e+01   1.3573e+00   0.0000e+00   4.4260e-02   3.6040e+02
20191112_18:00:00   9.2635e-02   2.5924e+01   1.3187e+00   0.0000e+00   4.6673e-02   3.6543e+02
20191112_21:00:00   9.1376e-02   2.5632e+01   1.2976e+00   0.0000e+00   4.0142e-02   3.6408e+02
20191113_00:00:00   8.9778e-02   2.5266e+01   1.2679e+00   0.0000e+00   3.9174e-02   3.6617e+02
20191113_03:00:00   8.8763e-02   2.5035e+01   1.2495e+00   0.0000e+00   3.4858e-02   3.6985e+02
20191113_06:00:00   8.7111e-02   2.4656e+01   1.2210e+00   0.0000e+00   2.8584e-02   3.6608e+02
20191113_09:00:00   8.4088e-02   2.3968e+01   1.1656e+00   0.0000e+00   2.9900e-02   3.6538e+02
20191113_12:00:00   8.1327e-02   2.3345e+01   1.1162e+00   0.0000e+00   3.2999e-02   3.6320e+02
20191113_15:00:00   7.5899e-02   2.2135e+01   1.0166e+00   0.0000e+00   3.2426e-02   3.6284e+02
20191113_18:00:00   7.3302e-02   2.1546e+01   9.7361e-01   0.0000e+00   2.7604e-02   3.6355e+02
20191113_21:00:00   7.1518e-02   2.1139e+01   9.4176e-01   0.0000e+00   2.6685e-02   3.6420e+02
20191114_00:00:00   7.0868e-02   2.0989e+01   9.2580e-01   0.0000e+00   2.8234e-02   3.6488e+02
20191114_03:00:00   7.1164e-02   2.1055e+01   9.2783e-01   0.0000e+00   2.5215e-02   3.6554e+02
20191114_06:00:00   7.0619e-02   2.0928e+01   9.1462e-01   0.0000e+00   2.5631e-02   3.6664e+02
20191114_09:00:00   7.0770e-02   2.0960e+01   9.1377e-01   0.0000e+00   2.6427e-02   3.6990e+02
20191114_12:00:00   7.2805e-02   2.1424e+01   9.4431e-01   0.0000e+00   2.8158e-02   3.6786e+02
20191114_15:00:00   7.2231e-02   2.1293e+01   9.3306e-01   0.0000e+00   2.8457e-02   3.7347e+02
20191114_18:00:00   6.4750e-02   1.9597e+01   8.1303e-01   0.0000e+00   1.8600e-02   3.7048e+02
