#            date       tau225        Tb[K]      pwv[mm] lwp[kg*m^-2] iwp[kg*m^-2]       o3[DU]
20191110_00:00:00   4.8731e-02   1.5958e+01   5.3245e-01   0.0000e+00   0.0000e+00   3.5332e+02
20191110_01:00:00   4.7616e-02   1.5699e+01   5.1294e-01   0.0000e+00   0.0000e+00   3.5353e+02
20191110_02:00:00   4.6392e-02   1.5419e+01   4.9279e-01   0.0000e+00   0.0000e+00   3.5390e+02
20191110_03:00:00   4.5596e-02   1.5230e+01   4.8020e-01   0.0000e+00   0.0000e+00   3.5461e+02
20191110_04:00:00   4.5516e-02   1.5207e+01   4.8070e-01   0.0000e+00   0.0000e+00   3.5632e+02
20191110_05:00:00   4.6447e-02   1.5427e+01   4.9876e-01   0.0000e+00   0.0000e+00   3.5775e+02
20191110_06:00:00   4.8051e-02   1.5800e+01   5.2689e-01   0.0000e+00   0.0000e+00   3.5627e+02
20191110_07:00:00   4.9745e-02   1.6193e+01   5.5686e-01   0.0000e+00   0.0000e+00   3.5289e+02
20191110_08:00:00   4.8563e-02   1.5917e+01   5.3529e-01   0.0000e+00   0.0000e+00   3.4768e+02
20191110_09:00:00   4.8640e-02   1.5936e+01   5.3883e-01   0.0000e+00   0.0000e+00   3.4237e+02
20191110_10:00:00   4.8948e-02   1.6007e+01   5.4560e-01   0.0000e+00   0.0000e+00   3.4169e+02
20191110_11:00:00   4.9332e-02   1.6096e+01   5.5312e-01   0.0000e+00   0.0000e+00   3.3784e+02
20191110_12:00:00   4.9543e-02   1.6145e+01   5.5621e-01   0.0000e+00   0.0000e+00   3.3312e+02
20191110_13:00:00   4.9439e-02   1.6117e+01   5.5392e-01   0.0000e+00   0.0000e+00   3.3172e+02
20191110_14:00:00   4.9693e-02   1.6170e+01   5.5868e-01   0.0000e+00   8.1580e-06   3.3867e+02
20191110_15:00:00   4.9675e-02   1.6158e+01   5.5743e-01   0.0000e+00   8.1580e-06   3.4717e+02
20191110_16:00:00   4.9479e-02   1.6112e+01   5.5274e-01   0.0000e+00   0.0000e+00   3.4459e+02
20191110_17:00:00   4.9017e-02   1.5999e+01   5.4245e-01   0.0000e+00   0.0000e+00   3.4406e+02
20191110_18:00:00   4.8303e-02   1.5828e+01   5.2789e-01   0.0000e+00   0.0000e+00   3.4232e+02
20191110_19:00:00   4.7821e-02   1.5710e+01   5.1801e-01   0.0000e+00   0.0000e+00   3.4234e+02
20191110_20:00:00   4.7509e-02   1.5632e+01   5.1057e-01   0.0000e+00   0.0000e+00   3.4563e+02
20191110_21:00:00   4.7091e-02   1.5533e+01   5.0157e-01   0.0000e+00   0.0000e+00   3.5047e+02
20191110_22:00:00   4.6732e-02   1.5448e+01   4.9374e-01   0.0000e+00   0.0000e+00   3.5139e+02
20191110_23:00:00   4.6343e-02   1.5355e+01   4.8509e-01   0.0000e+00   0.0000e+00   3.5271e+02
20191111_00:00:00   4.6128e-02   1.5302e+01   4.7968e-01   0.0000e+00   0.0000e+00   3.4620e+02
20191111_01:00:00   4.6133e-02   1.5302e+01   4.7901e-01   0.0000e+00   0.0000e+00   3.4435e+02
20191111_02:00:00   4.6358e-02   1.5353e+01   4.8258e-01   0.0000e+00   0.0000e+00   3.4591e+02
20191111_03:00:00   4.6988e-02   1.5496e+01   4.9264e-01   0.0000e+00   4.6560e-06   3.4511e+02
20191111_04:00:00   4.7517e-02   1.5615e+01   5.0161e-01   0.0000e+00   4.6640e-06   3.4601e+02
20191111_05:00:00   4.8359e-02   1.5806e+01   5.1594e-01   0.0000e+00   0.0000e+00   3.4544e+02
20191111_06:00:00   4.9827e-02   1.6136e+01   5.4098e-01   0.0000e+00   9.3220e-06   3.4495e+02
20191111_07:00:00   5.1526e-02   1.6518e+01   5.7003e-01   0.0000e+00   2.5657e-05   3.4619e+02
20191111_08:00:00   5.3021e-02   1.6855e+01   5.9673e-01   0.0000e+00   2.5693e-05   3.4395e+02
20191111_09:00:00   5.4107e-02   1.7098e+01   6.1509e-01   0.0000e+00   2.9171e-05   3.4384e+02
20191111_10:00:00   5.5300e-02   1.7369e+01   6.3366e-01   0.0000e+00   2.9163e-05   3.4409e+02
20191111_11:00:00   5.6709e-02   1.7686e+01   6.5741e-01   0.0000e+00   3.3820e-05   3.4639e+02
20191111_12:00:00   5.7321e-02   1.7823e+01   6.6699e-01   0.0000e+00   2.9143e-05   3.4749e+02
20191111_13:00:00   5.7389e-02   1.7840e+01   6.6790e-01   0.0000e+00   1.3910e-04   3.4719e+02
20191111_14:00:00   5.7216e-02   1.7798e+01   6.6447e-01   0.0000e+00   5.8362e-04   3.4682e+02
20191111_15:00:00   5.7494e-02   1.7859e+01   6.6940e-01   0.0000e+00   1.2242e-03   3.4685e+02
20191111_16:00:00   5.7749e-02   1.7915e+01   6.7352e-01   0.0000e+00   1.5085e-03   3.4588e+02
20191111_17:00:00   5.8178e-02   1.8010e+01   6.8043e-01   0.0000e+00   1.6660e-03   3.4579e+02
20191111_18:00:00   5.8638e-02   1.8113e+01   6.8852e-01   0.0000e+00   1.7160e-03   3.4436e+02
20191111_19:00:00   5.8705e-02   1.8123e+01   6.8965e-01   0.0000e+00   1.9857e-03   3.4307e+02
20191111_20:00:00   5.9010e-02   1.8187e+01   6.9576e-01   0.0000e+00   2.2905e-03   3.4287e+02
20191111_21:00:00   5.9176e-02   1.8222e+01   6.9848e-01   0.0000e+00   2.4858e-03   3.4297e+02
20191111_22:00:00   5.9292e-02   1.8249e+01   6.9970e-01   0.0000e+00   2.3455e-03   3.4435e+02
20191111_23:00:00   5.9436e-02   1.8288e+01   7.0208e-01   0.0000e+00   1.9299e-03   3.4546e+02
20191112_00:00:00   5.9470e-02   1.8298e+01   7.0282e-01   0.0000e+00   1.3647e-03   3.4543e+02
20191112_01:00:00   5.9376e-02   1.8269e+01   7.0158e-01   0.0000e+00   1.3405e-03   3.4584e+02
20191112_02:00:00   5.9343e-02   1.8255e+01   7.0131e-01   0.0000e+00   1.2470e-03   3.4701e+02
20191112_03:00:00   5.9487e-02   1.8288e+01   7.0476e-01   0.0000e+00   1.0795e-03   3.4626e+02
20191112_04:00:00   5.9525e-02   1.8299e+01   7.0625e-01   0.0000e+00   1.9434e-04   3.4419e+02
20191112_05:00:00   5.9561e-02   1.8307e+01   7.0741e-01   0.0000e+00   1.9296e-04   3.4302e+02
20191112_06:00:00   5.9675e-02   1.8326e+01   7.0959e-01   0.0000e+00   2.5885e-04   3.4212e+02
20191112_07:00:00   5.9793e-02   1.8354e+01   7.1260e-01   0.0000e+00   1.3633e-04   3.4109e+02
20191112_08:00:00   5.9733e-02   1.8343e+01   7.1235e-01   0.0000e+00   1.4597e-04   3.4048e+02
20191112_09:00:00   5.9617e-02   1.8316e+01   7.1033e-01   0.0000e+00   1.9745e-04   3.3900e+02
20191112_10:00:00   5.9517e-02   1.8291e+01   7.0895e-01   0.0000e+00   8.8111e-05   3.3692e+02
20191112_11:00:00   5.9296e-02   1.8242e+01   7.0526e-01   0.0000e+00   5.0267e-05   3.3534e+02
20191112_12:00:00   5.9282e-02   1.8242e+01   7.0402e-01   0.0000e+00   4.5527e-05   3.3261e+02
20191112_13:00:00   5.9099e-02   1.8201e+01   7.0118e-01   0.0000e+00   4.5524e-05   3.3118e+02
20191112_14:00:00   5.8828e-02   1.8143e+01   6.9722e-01   0.0000e+00   4.5535e-05   3.2994e+02
20191112_15:00:00   5.8618e-02   1.8095e+01   6.9378e-01   0.0000e+00   4.5551e-05   3.2848e+02
20191112_16:00:00   5.8605e-02   1.8091e+01   6.9369e-01   0.0000e+00   4.5557e-05   3.2705e+02
20191112_17:00:00   5.8508e-02   1.8071e+01   6.9204e-01   0.0000e+00   4.1479e-05   3.2527e+02
20191112_18:00:00   5.8459e-02   1.8062e+01   6.9112e-01   0.0000e+00   4.6233e-05   3.2195e+02
20191112_19:00:00   5.8640e-02   1.8106e+01   6.9453e-01   0.0000e+00   4.1470e-05   3.2087e+02
20191112_20:00:00   5.8712e-02   1.8121e+01   6.9603e-01   0.0000e+00   4.5554e-05   3.2009e+02
20191112_21:00:00   5.8693e-02   1.8113e+01   6.9548e-01   0.0000e+00   1.5057e-04   3.1873e+02
20191112_22:00:00   5.8535e-02   1.8077e+01   6.9269e-01   0.0000e+00   1.1245e-04   3.1764e+02
20191112_23:00:00   5.8727e-02   1.8124e+01   6.9560e-01   0.0000e+00   1.2664e-04   3.1663e+02
20191113_00:00:00   5.8799e-02   1.8140e+01   6.9669e-01   0.0000e+00   1.5984e-04   3.1515e+02
20191113_01:00:00   5.8900e-02   1.8161e+01   6.9855e-01   0.0000e+00   2.5506e-04   3.1294e+02
20191113_02:00:00   5.9081e-02   1.8201e+01   7.0188e-01   0.0000e+00   3.1261e-04   3.1154e+02
20191113_03:00:00   5.9300e-02   1.8250e+01   7.0631e-01   0.0000e+00   3.6417e-04   3.0978e+02
20191113_04:00:00   5.9401e-02   1.8272e+01   7.0798e-01   0.0000e+00   4.7397e-04   3.0870e+02
20191113_05:00:00   5.9893e-02   1.8386e+01   7.1664e-01   0.0000e+00   4.7941e-04   3.0755e+02
20191113_06:00:00   6.0420e-02   1.8504e+01   7.2551e-01   0.0000e+00   9.6321e-04   3.0604e+02
20191113_07:00:00   6.0952e-02   1.8625e+01   7.3444e-01   0.0000e+00   1.4415e-03   3.0429e+02
20191113_08:00:00   6.1418e-02   1.8732e+01   7.4264e-01   0.0000e+00   1.5112e-03   3.0269e+02
20191113_09:00:00   6.1832e-02   1.8825e+01   7.4998e-01   0.0000e+00   1.4888e-03   3.0155e+02
20191113_10:00:00   6.2311e-02   1.8936e+01   7.5808e-01   0.0000e+00   1.5240e-03   3.0063e+02
20191113_11:00:00   6.2606e-02   1.9007e+01   7.6365e-01   0.0000e+00   1.7275e-03   2.9928e+02
20191113_12:00:00   6.3027e-02   1.9104e+01   7.7150e-01   0.0000e+00   1.5405e-03   2.9735e+02
20191113_13:00:00   6.3499e-02   1.9214e+01   7.8085e-01   0.0000e+00   1.3382e-03   2.9558e+02
20191113_14:00:00   6.3628e-02   1.9249e+01   7.8356e-01   0.0000e+00   1.3740e-03   2.9331e+02
20191113_15:00:00   6.3480e-02   1.9216e+01   7.8015e-01   0.0000e+00   1.4011e-03   2.9087e+02
20191113_16:00:00   6.2906e-02   1.9089e+01   7.6948e-01   0.0000e+00   1.7196e-03   2.8882e+02
20191113_17:00:00   6.2022e-02   1.8883e+01   7.5291e-01   0.0000e+00   2.1135e-03   2.8708e+02
20191113_18:00:00   6.1551e-02   1.8771e+01   7.4465e-01   0.0000e+00   2.2026e-03   2.8604e+02
20191113_19:00:00   6.1226e-02   1.8697e+01   7.4037e-01   0.0000e+00   1.0894e-03   2.8450e+02
20191113_20:00:00   6.1203e-02   1.8686e+01   7.4135e-01   0.0000e+00   1.4961e-03   2.8312e+02
20191113_21:00:00   6.2269e-02   1.8926e+01   7.6046e-01   0.0000e+00   2.2093e-03   2.8306e+02
20191113_22:00:00   6.3749e-02   1.9260e+01   7.8474e-01   0.0000e+00   3.0001e-03   2.8343e+02
20191113_23:00:00   6.4904e-02   1.9522e+01   8.0194e-01   0.0000e+00   4.7246e-03   2.8412e+02
20191114_00:00:00   6.5470e-02   1.9655e+01   8.1018e-01   0.0000e+00   5.6543e-03   2.8466e+02
20191114_01:00:00   6.6072e-02   1.9799e+01   8.1933e-01   0.0000e+00   6.1172e-03   2.8404e+02
20191114_02:00:00   6.6600e-02   1.9925e+01   8.2832e-01   0.0000e+00   5.7702e-03   2.8207e+02
20191114_03:00:00   6.6774e-02   1.9965e+01   8.2936e-01   0.0000e+00   7.9158e-03   2.8145e+02
20191114_04:00:00   6.6931e-02   2.0004e+01   8.3010e-01   0.0000e+00   9.5870e-03   2.8201e+02
20191114_05:00:00   6.7313e-02   2.0097e+01   8.3510e-01   0.0000e+00   1.0649e-02   2.8798e+02
20191114_06:00:00   6.7724e-02   2.0198e+01   8.4064e-01   0.0000e+00   1.0566e-02   3.0204e+02
20191114_07:00:00   6.7939e-02   2.0252e+01   8.4249e-01   0.0000e+00   1.0789e-02   3.0997e+02
20191114_08:00:00   6.8227e-02   2.0324e+01   8.4758e-01   0.0000e+00   8.7719e-03   3.1329e+02
20191114_09:00:00   6.8342e-02   2.0353e+01   8.4811e-01   0.0000e+00   1.0063e-02   3.1867e+02
20191114_10:00:00   6.8521e-02   2.0397e+01   8.5166e-01   0.0000e+00   8.4391e-03   3.1910e+02
20191114_11:00:00   6.5421e-02   1.9699e+01   7.9844e-01   0.0000e+00   5.8185e-03   3.2148e+02
20191114_12:00:00   6.8234e-02   2.0322e+01   8.4765e-01   0.0000e+00   3.9321e-03   3.2742e+02
20191114_13:00:00   6.7986e-02   2.0260e+01   8.4245e-01   0.0000e+00   4.0333e-03   3.3552e+02
20191114_14:00:00   6.4696e-02   1.9517e+01   7.8517e-01   0.0000e+00   4.7046e-03   3.3888e+02
20191114_15:00:00   6.4366e-02   1.9440e+01   7.7900e-01   0.0000e+00   4.9056e-03   3.4010e+02
20191114_16:00:00   6.4418e-02   1.9454e+01   7.7981e-01   0.0000e+00   5.1542e-03   3.4179e+02
20191114_17:00:00   6.4800e-02   1.9546e+01   7.8710e-01   0.0000e+00   3.9649e-03   3.4215e+02
20191114_18:00:00   6.5268e-02   1.9657e+01   7.9612e-01   0.0000e+00   3.2874e-03   3.4405e+02
20191114_19:00:00   6.8421e-02   2.0366e+01   8.5214e-01   0.0000e+00   2.0122e-03   3.4557e+02
20191114_20:00:00   6.8468e-02   2.0391e+01   8.5339e-01   0.0000e+00   1.9117e-03   3.4760e+02
20191114_21:00:00   6.8478e-02   2.0407e+01   8.5340e-01   0.0000e+00   2.3718e-03   3.4918e+02
20191114_22:00:00   6.9015e-02   2.0525e+01   8.6224e-01   0.0000e+00   3.3707e-03   3.5117e+02
20191114_23:00:00   6.9391e-02   2.0617e+01   8.6890e-01   0.0000e+00   3.9141e-03   3.5276e+02
20191115_00:00:00   6.9603e-02   2.0676e+01   8.7270e-01   0.0000e+00   3.6502e-03   3.5288e+02
20191115_03:00:00   7.2768e-02   2.1415e+01   9.2756e-01   0.0000e+00   8.8996e-03   3.5346e+02
20191115_06:00:00   7.3638e-02   2.1616e+01   9.4379e-01   0.0000e+00   1.0995e-02   3.5820e+02
20191115_09:00:00   7.3004e-02   2.1466e+01   9.3223e-01   0.0000e+00   1.0422e-02   3.6369e+02
20191115_12:00:00   7.4017e-02   2.1715e+01   9.5165e-01   0.0000e+00   6.0050e-03   3.6224e+02
20191115_15:00:00   7.4725e-02   2.1896e+01   9.6738e-01   0.0000e+00   3.8242e-03   3.5774e+02
20191115_18:00:00   7.6116e-02   2.2218e+01   9.9776e-01   0.0000e+00   3.3314e-03   3.5549e+02
20191115_21:00:00   7.8739e-02   2.2819e+01   1.0538e+00   0.0000e+00   2.4793e-03   3.5583e+02
20191116_00:00:00   8.1319e-02   2.3399e+01   1.1070e+00   0.0000e+00   6.1755e-03   3.5670e+02
20191116_03:00:00   8.3930e-02   2.4013e+01   1.1502e+00   0.0000e+00   2.7040e-02   3.5738e+02
20191116_06:00:00   8.3334e-02   2.3874e+01   1.1349e+00   0.0000e+00   3.6418e-02   3.5774e+02
20191116_09:00:00   8.1729e-02   2.3515e+01   1.1081e+00   0.0000e+00   1.9216e-02   3.6184e+02
20191116_12:00:00   8.0984e-02   2.3358e+01   1.0920e+00   0.0000e+00   1.2328e-02   3.7085e+02
20191116_15:00:00   8.0221e-02   2.3188e+01   1.0724e+00   0.0000e+00   1.1575e-02   3.7580e+02
20191116_18:00:00   7.8003e-02   2.2689e+01   1.0226e+00   0.0000e+00   1.5414e-02   3.7683e+02
20191116_21:00:00   7.4633e-02   2.1895e+01   9.6155e-01   0.0000e+00   6.2349e-03   3.7719e+02
20191117_00:00:00   7.4195e-02   2.1785e+01   9.5342e-01   0.0000e+00   1.1536e-02   3.7368e+02
20191117_03:00:00   7.4917e-02   2.1949e+01   9.7074e-01   0.0000e+00   6.8869e-03   3.7139e+02
20191117_06:00:00   7.5162e-02   2.1990e+01   9.7803e-01   0.0000e+00   6.1769e-03   3.6789e+02
20191117_09:00:00   7.4787e-02   2.1901e+01   9.7325e-01   0.0000e+00   4.8184e-03   3.6676e+02
20191117_12:00:00   7.5550e-02   2.2085e+01   9.8908e-01   0.0000e+00   3.9229e-03   3.6572e+02
20191117_15:00:00   7.5819e-02   2.2179e+01   9.9399e-01   0.0000e+00   2.8976e-03   3.6459e+02
20191117_18:00:00   7.5965e-02   2.2238e+01   9.9652e-01   0.0000e+00   3.9817e-03   3.6176e+02
20191117_21:00:00   7.4730e-02   2.1967e+01   9.7461e-01   0.0000e+00   8.5399e-03   3.6095e+02
20191118_00:00:00   7.3499e-02   2.1680e+01   9.5871e-01   0.0000e+00   7.6438e-03   3.5834e+02
20191118_03:00:00   7.2018e-02   2.1315e+01   9.3835e-01   0.0000e+00   6.2280e-03   3.5998e+02
20191118_06:00:00   7.4493e-02   2.1845e+01   9.8013e-01   0.0000e+00   9.3203e-03   3.6023e+02
20191118_09:00:00   7.4250e-02   2.1785e+01   9.7275e-01   0.0000e+00   8.2785e-03   3.6000e+02
20191118_12:00:00   7.4111e-02   2.1759e+01   9.6793e-01   0.0000e+00   6.1462e-03   3.5882e+02
20191118_15:00:00   7.5404e-02   2.2064e+01   9.8684e-01   0.0000e+00   1.0858e-02   3.5662e+02
20191118_18:00:00   7.6125e-02   2.2207e+01   9.9751e-01   0.0000e+00   2.8395e-02   3.5401e+02
20191118_21:00:00   7.7523e-02   2.2564e+01   1.0136e+00   0.0000e+00   4.2945e-02   3.5518e+02
20191119_00:00:00   7.5184e-02   2.2036e+01   9.6899e-01   0.0000e+00   3.5042e-02   3.6142e+02
20191119_03:00:00   7.2621e-02   2.1447e+01   9.2319e-01   0.0000e+00   2.1832e-02   3.6171e+02
20191119_06:00:00   7.2583e-02   2.1453e+01   9.2033e-01   0.0000e+00   2.2327e-02   3.5892e+02
20191119_09:00:00   7.3622e-02   2.1697e+01   9.3732e-01   0.0000e+00   3.3038e-02   3.5802e+02
20191119_12:00:00   7.5241e-02   2.2093e+01   9.7598e-01   0.0000e+00   2.2374e-02   3.5612e+02
20191119_15:00:00   7.7487e-02   2.2627e+01   1.0050e+00   0.0000e+00   5.8242e-02   3.5441e+02
20191119_18:00:00   6.9534e-02   2.0734e+01   8.7657e-01   0.0000e+00   8.1988e-03   3.5946e+02
20191119_21:00:00   7.3618e-02   2.1723e+01   9.4913e-01   0.0000e+00   9.7215e-03   3.5861e+02
20191120_00:00:00   7.2487e-02   2.1446e+01   9.2755e-01   0.0000e+00   6.8264e-03   3.5366e+02
20191120_03:00:00   6.6811e-02   2.0104e+01   8.2148e-01   0.0000e+00   3.1035e-03   3.5141e+02
20191120_06:00:00   5.8861e-02   1.8251e+01   6.8559e-01   0.0000e+00   3.2879e-04   3.4867e+02
20191120_09:00:00   5.9688e-02   1.8411e+01   7.0702e-01   0.0000e+00   4.9721e-05   3.4654e+02
20191120_12:00:00   6.2394e-02   1.9044e+01   7.6659e-01   0.0000e+00   9.4150e-04   3.4728e+02
20191120_15:00:00   7.3862e-02   2.1702e+01   9.6232e-01   0.0000e+00   1.2427e-02   3.5158e+02
20191120_18:00:00   7.7869e-02   2.2699e+01   1.0373e+00   0.0000e+00   1.0840e-02   3.5279e+02
20191120_21:00:00   8.8198e-02   2.5098e+01   1.2203e+00   0.0000e+00   4.9127e-02   3.5288e+02
20191121_00:00:00   9.1117e-02   2.5781e+01   1.2857e+00   0.0000e+00   3.6047e-02   3.5425e+02
20191121_03:00:00   9.6725e-02   2.7003e+01   1.3940e+00   0.0000e+00   4.8219e-02   3.5000e+02
20191121_06:00:00   1.0076e-01   2.7924e+01   1.4718e+00   0.0000e+00   6.2840e-02   3.4799e+02
20191121_09:00:00   1.0545e-01   2.9001e+01   1.5621e+00   0.0000e+00   7.0043e-02   3.4821e+02
20191121_12:00:00   1.1005e-01   3.0048e+01   1.6465e+00   0.0000e+00   9.3088e-02   3.4666e+02
20191121_15:00:00   1.1076e-01   3.0196e+01   1.6570e+00   0.0000e+00   1.0780e-01   3.4609e+02
20191121_18:00:00   1.0801e-01   2.9554e+01   1.6165e+00   0.0000e+00   8.6526e-02   3.4880e+02
20191121_21:00:00   1.0456e-01   2.8749e+01   1.5537e+00   0.0000e+00   8.3647e-02   3.5224e+02
20191122_00:00:00   9.5949e-02   2.6776e+01   1.4055e+00   0.0000e+00   5.7712e-02   3.5435e+02
20191122_03:00:00   9.1250e-02   2.5692e+01   1.3254e+00   0.0000e+00   4.1656e-02   3.5442e+02
20191122_06:00:00   8.9643e-02   2.5314e+01   1.2967e+00   0.0000e+00   3.7730e-02   3.5527e+02
20191122_09:00:00   8.7091e-02   2.4728e+01   1.2447e+00   0.0000e+00   4.4944e-02   3.5523e+02
20191122_12:00:00   8.7151e-02   2.4725e+01   1.2412e+00   0.0000e+00   3.7870e-02   3.5545e+02
20191122_15:00:00   8.8951e-02   2.5122e+01   1.2661e+00   0.0000e+00   4.1351e-02   3.5467e+02
20191122_18:00:00   8.9658e-02   2.5280e+01   1.2757e+00   0.0000e+00   3.9271e-02   3.5460e+02
20191122_21:00:00   8.8145e-02   2.4942e+01   1.2439e+00   0.0000e+00   3.4355e-02   3.5407e+02
20191123_00:00:00   8.6324e-02   2.4526e+01   1.2093e+00   0.0000e+00   2.5496e-02   3.4983e+02
20191123_03:00:00   8.0633e-02   2.3253e+01   1.1030e+00   0.0000e+00   2.2382e-02   3.4642e+02
20191123_06:00:00   7.6702e-02   2.2359e+01   1.0305e+00   0.0000e+00   1.6255e-02   3.4526e+02
20191123_09:00:00   7.5180e-02   2.2002e+01   1.0075e+00   0.0000e+00   1.0965e-02   3.4412e+02
20191123_12:00:00   7.9684e-02   2.2994e+01   1.0960e+00   0.0000e+00   1.0037e-02   3.4439e+02
20191123_15:00:00   8.0915e-02   2.3268e+01   1.1229e+00   0.0000e+00   8.2176e-03   3.4540e+02
20191123_18:00:00   8.2396e-02   2.3617e+01   1.1500e+00   0.0000e+00   9.7575e-03   3.4702e+02
20191123_21:00:00   8.4076e-02   2.3990e+01   1.1742e+00   0.0000e+00   2.0996e-02   3.5158e+02
20191124_00:00:00   8.2936e-02   2.3755e+01   1.1564e+00   0.0000e+00   1.6889e-02   3.5388e+02
20191124_03:00:00   7.9617e-02   2.3016e+01   1.1031e+00   0.0000e+00   1.5411e-02   3.5179e+02
20191124_06:00:00   7.4782e-02   2.1939e+01   1.0153e+00   0.0000e+00   1.6715e-02   3.4834e+02
20191124_09:00:00   7.5817e-02   2.2163e+01   1.0412e+00   0.0000e+00   1.4912e-02   3.5039e+02
20191124_12:00:00   6.9067e-02   2.0635e+01   9.2639e-01   0.0000e+00   1.1551e-02   3.5369e+02
20191124_15:00:00   6.3956e-02   1.9470e+01   8.3473e-01   0.0000e+00   1.0257e-02   3.5584e+02
20191124_18:00:00   6.3753e-02   1.9438e+01   8.2561e-01   0.0000e+00   8.7054e-03   3.5702e+02
20191124_21:00:00   6.5174e-02   1.9758e+01   8.4459e-01   0.0000e+00   6.6189e-03   3.5787e+02
20191125_00:00:00   6.5710e-02   1.9873e+01   8.5563e-01   0.0000e+00   6.2322e-03   3.5754e+02
20191125_03:00:00   6.5093e-02   1.9728e+01   8.4502e-01   0.0000e+00   5.0498e-03   3.6007e+02
20191125_06:00:00   6.3611e-02   1.9387e+01   8.1732e-01   0.0000e+00   3.4425e-03   3.6062e+02
20191125_09:00:00   6.2116e-02   1.9046e+01   7.9066e-01   0.0000e+00   8.1586e-04   3.5803e+02
20191125_12:00:00   6.0398e-02   1.8655e+01   7.5985e-01   0.0000e+00   6.5258e-05   3.5808e+02
20191125_15:00:00   5.9006e-02   1.8333e+01   7.3424e-01   0.0000e+00   6.6081e-04   3.5761e+02
20191125_18:00:00   5.7955e-02   1.8097e+01   7.1639e-01   0.0000e+00   9.7890e-05   3.5214e+02
20191125_21:00:00   5.7018e-02   1.7875e+01   6.9919e-01   0.0000e+00   1.6316e-05   3.5105e+02
20191126_00:00:00   5.6137e-02   1.7676e+01   6.8224e-01   0.0000e+00   2.4474e-05   3.4950e+02
