#            date       tau225        Tb[K]      pwv[mm] lwp[kg*m^-2] iwp[kg*m^-2]       o3[DU]
20191101_12:00:00   7.6952e-02   2.2336e+01   1.0759e+00   0.0000e+00   4.2158e-03   3.5137e+02
20191101_13:00:00   7.4880e-02   2.1848e+01   1.0364e+00   0.0000e+00   7.5851e-03   3.5245e+02
20191101_14:00:00   7.2746e-02   2.1347e+01   9.9231e-01   0.0000e+00   7.8590e-03   3.5246e+02
20191101_15:00:00   7.1690e-02   2.1090e+01   9.7015e-01   0.0000e+00   5.1202e-03   3.5150e+02
20191101_16:00:00   7.0683e-02   2.0854e+01   9.4724e-01   0.0000e+00   4.1759e-03   3.5136e+02
20191101_17:00:00   6.9685e-02   2.0625e+01   9.2411e-01   0.0000e+00   2.2996e-03   3.5165e+02
20191101_18:00:00   6.9066e-02   2.0490e+01   9.1144e-01   0.0000e+00   1.7033e-03   3.5287e+02
20191101_19:00:00   6.8789e-02   2.0429e+01   9.0480e-01   0.0000e+00   2.6573e-03   3.5391e+02
20191101_20:00:00   6.9137e-02   2.0492e+01   9.0842e-01   0.0000e+00   4.4332e-03   3.5402e+02
20191101_21:00:00   6.9451e-02   2.0551e+01   9.1311e-01   0.0000e+00   6.4681e-03   3.5280e+02
20191101_22:00:00   6.9805e-02   2.0618e+01   9.1939e-01   0.0000e+00   6.3809e-03   3.5186e+02
20191101_23:00:00   6.9781e-02   2.0605e+01   9.1699e-01   0.0000e+00   4.6694e-03   3.5126e+02
20191102_00:00:00   6.8474e-02   2.0314e+01   8.8791e-01   0.0000e+00   2.6128e-03   3.5141e+02
20191102_01:00:00   6.6267e-02   1.9831e+01   8.4146e-01   0.0000e+00   4.5331e-04   3.5117e+02
20191102_02:00:00   6.2634e-02   1.9025e+01   7.6978e-01   0.0000e+00   1.8001e-04   3.5109e+02
20191102_03:00:00   5.9283e-02   1.8268e+01   7.0847e-01   0.0000e+00   9.4799e-05   3.5096e+02
20191102_04:00:00   5.9013e-02   1.8200e+01   7.0892e-01   0.0000e+00   4.2659e-05   3.5140e+02
20191102_05:00:00   6.1408e-02   1.8728e+01   7.5978e-01   0.0000e+00   5.4126e-05   3.5061e+02
20191102_06:00:00   6.4096e-02   1.9323e+01   8.1339e-01   0.0000e+00   1.3138e-03   3.5028e+02
20191102_07:00:00   6.6265e-02   1.9806e+01   8.5277e-01   0.0000e+00   3.8208e-03   3.5006e+02
20191102_08:00:00   6.8435e-02   2.0285e+01   8.8972e-01   0.0000e+00   5.7409e-03   3.4886e+02
20191102_09:00:00   6.9671e-02   2.0575e+01   9.0937e-01   0.0000e+00   4.8323e-03   3.4708e+02
20191102_10:00:00   7.0472e-02   2.0772e+01   9.2189e-01   0.0000e+00   2.7594e-03   3.4738e+02
20191102_11:00:00   7.0711e-02   2.0840e+01   9.2462e-01   0.0000e+00   6.6362e-04   3.4831e+02
20191102_12:00:00   7.1204e-02   2.0960e+01   9.3304e-01   0.0000e+00   2.3087e-04   3.4891e+02
20191102_13:00:00   7.1837e-02   2.1103e+01   9.4458e-01   0.0000e+00   5.3944e-04   3.4926e+02
20191102_14:00:00   7.2129e-02   2.1160e+01   9.4873e-01   0.0000e+00   1.4982e-03   3.4835e+02
20191102_15:00:00   7.2212e-02   2.1173e+01   9.4758e-01   0.0000e+00   3.4536e-03   3.4844e+02
20191102_16:00:00   7.2575e-02   2.1254e+01   9.5281e-01   0.0000e+00   4.3260e-03   3.4902e+02
20191102_17:00:00   7.3207e-02   2.1399e+01   9.6409e-01   0.0000e+00   3.8425e-03   3.4969e+02
20191102_18:00:00   7.3729e-02   2.1521e+01   9.7449e-01   0.0000e+00   3.0192e-03   3.5126e+02
20191102_19:00:00   7.3925e-02   2.1564e+01   9.7833e-01   0.0000e+00   2.2533e-03   3.5278e+02
20191102_20:00:00   7.3842e-02   2.1541e+01   9.7556e-01   0.0000e+00   4.7392e-03   3.5377e+02
20191102_21:00:00   7.4033e-02   2.1587e+01   9.7850e-01   0.0000e+00   4.9935e-03   3.5390e+02
20191102_22:00:00   7.3937e-02   2.1567e+01   9.7549e-01   0.0000e+00   4.8141e-03   3.5422e+02
20191102_23:00:00   7.4032e-02   2.1595e+01   9.7596e-01   0.0000e+00   5.4889e-03   3.5455e+02
20191103_00:00:00   7.3681e-02   2.1518e+01   9.6823e-01   0.0000e+00   5.0996e-03   3.5447e+02
20191103_01:00:00   7.3614e-02   2.1503e+01   9.6680e-01   0.0000e+00   3.9796e-03   3.5384e+02
20191103_02:00:00   7.0738e-02   2.0858e+01   9.1156e-01   0.0000e+00   3.5819e-03   3.5108e+02
20191103_03:00:00   7.0746e-02   2.0851e+01   9.1173e-01   0.0000e+00   2.9577e-03   3.4776e+02
20191103_04:00:00   7.0588e-02   2.0811e+01   9.0810e-01   0.0000e+00   3.8483e-03   3.4493e+02
20191103_05:00:00   7.0158e-02   2.0718e+01   9.0066e-01   0.0000e+00   2.5952e-03   3.4293e+02
20191103_06:00:00   6.9653e-02   2.0612e+01   8.9252e-01   0.0000e+00   5.3538e-04   3.4222e+02
20191103_07:00:00   6.9317e-02   2.0533e+01   8.8607e-01   0.0000e+00   1.7753e-04   3.4161e+02
20191103_08:00:00   6.9240e-02   2.0509e+01   8.8350e-01   0.0000e+00   2.0353e-03   3.4059e+02
20191103_09:00:00   6.8789e-02   2.0400e+01   8.7426e-01   0.0000e+00   1.6717e-03   3.3796e+02
20191103_10:00:00   6.8223e-02   2.0274e+01   8.6435e-01   0.0000e+00   2.7172e-04   3.3813e+02
20191103_11:00:00   6.7936e-02   2.0216e+01   8.5974e-01   0.0000e+00   1.2417e-04   3.3611e+02
20191103_12:00:00   6.7254e-02   2.0063e+01   8.4771e-01   0.0000e+00   1.0970e-04   3.2831e+02
20191103_13:00:00   6.6786e-02   1.9953e+01   8.3853e-01   0.0000e+00   1.6673e-04   3.2503e+02
20191103_14:00:00   6.6487e-02   1.9878e+01   8.3219e-01   0.0000e+00   2.0061e-04   3.2039e+02
20191103_15:00:00   6.6107e-02   1.9784e+01   8.2407e-01   0.0000e+00   4.0703e-04   3.1943e+02
20191103_16:00:00   6.5726e-02   1.9696e+01   8.1709e-01   0.0000e+00   3.5137e-04   3.1816e+02
20191103_17:00:00   6.5317e-02   1.9604e+01   8.0944e-01   0.0000e+00   1.7416e-04   3.1748e+02
20191103_18:00:00   6.4827e-02   1.9496e+01   8.0078e-01   0.0000e+00   4.7680e-04   3.1894e+02
20191103_19:00:00   6.4346e-02   1.9394e+01   7.9273e-01   0.0000e+00   3.3737e-04   3.2084e+02
20191103_20:00:00   6.3659e-02   1.9244e+01   7.8078e-01   0.0000e+00   7.5063e-05   3.2126e+02
20191103_21:00:00   6.3300e-02   1.9164e+01   7.7424e-01   0.0000e+00   5.1095e-05   3.2157e+02
20191103_22:00:00   6.2963e-02   1.9091e+01   7.6842e-01   0.0000e+00   4.9161e-05   3.2275e+02
20191103_23:00:00   6.2576e-02   1.9008e+01   7.6155e-01   0.0000e+00   5.3027e-05   3.2269e+02
20191104_00:00:00   6.1820e-02   1.8839e+01   7.4785e-01   0.0000e+00   4.7003e-05   3.2218e+02
20191104_01:00:00   6.1233e-02   1.8711e+01   7.3856e-01   0.0000e+00   4.0892e-05   3.1984e+02
20191104_02:00:00   6.0678e-02   1.8588e+01   7.2931e-01   0.0000e+00   4.9061e-05   3.2441e+02
20191104_03:00:00   6.0193e-02   1.8481e+01   7.2173e-01   0.0000e+00   5.3279e-05   3.2671e+02
20191104_04:00:00   5.9628e-02   1.8353e+01   7.1255e-01   0.0000e+00   4.9082e-05   3.2725e+02
20191104_05:00:00   5.9316e-02   1.8285e+01   7.0759e-01   0.0000e+00   4.0926e-05   3.3133e+02
20191104_06:00:00   5.8835e-02   1.8180e+01   6.9970e-01   0.0000e+00   4.9078e-05   3.3269e+02
20191104_07:00:00   5.8326e-02   1.8069e+01   6.9146e-01   0.0000e+00   5.3153e-05   3.3244e+02
20191104_08:00:00   5.7800e-02   1.7954e+01   6.8299e-01   0.0000e+00   5.7367e-05   3.3268e+02
20191104_09:00:00   5.7537e-02   1.7899e+01   6.7937e-01   0.0000e+00   4.5007e-05   3.3337e+02
20191104_10:00:00   5.7306e-02   1.7850e+01   6.7621e-01   0.0000e+00   4.9088e-05   3.3621e+02
20191104_11:00:00   5.7117e-02   1.7813e+01   6.7371e-01   0.0000e+00   4.5014e-05   3.3964e+02
20191104_12:00:00   5.6950e-02   1.7778e+01   6.7178e-01   0.0000e+00   3.6854e-05   3.4197e+02
20191104_13:00:00   5.6809e-02   1.7750e+01   6.6971e-01   0.0000e+00   3.2632e-05   3.4389e+02
20191104_14:00:00   5.6449e-02   1.7675e+01   6.6356e-01   0.0000e+00   2.4474e-05   3.4385e+02
20191104_15:00:00   5.6077e-02   1.7598e+01   6.5701e-01   0.0000e+00   1.6316e-05   3.4331e+02
20191104_16:00:00   5.5419e-02   1.7459e+01   6.4435e-01   0.0000e+00   0.0000e+00   3.4329e+02
20191104_17:00:00   5.6351e-02   1.7681e+01   6.6179e-01   0.0000e+00   0.0000e+00   3.4339e+02
20191104_18:00:00   5.5591e-02   1.7516e+01   6.4641e-01   0.0000e+00   8.1580e-06   3.4479e+02
20191104_19:00:00   5.5602e-02   1.7528e+01   6.4699e-01   0.0000e+00   8.1580e-06   3.4714e+02
20191104_20:00:00   5.6036e-02   1.7633e+01   6.5533e-01   0.0000e+00   8.1580e-06   3.4804e+02
20191104_21:00:00   5.6481e-02   1.7736e+01   6.6442e-01   0.0000e+00   8.1580e-06   3.4798e+02
20191104_22:00:00   5.7006e-02   1.7863e+01   6.7489e-01   0.0000e+00   0.0000e+00   3.4816e+02
20191104_23:00:00   5.8703e-02   1.8257e+01   7.0730e-01   0.0000e+00   0.0000e+00   3.4788e+02
20191105_00:00:00   6.2987e-02   1.9222e+01   7.9015e-01   0.0000e+00   1.1421e-04   3.4723e+02
20191105_01:00:00   6.9359e-02   2.0650e+01   9.1273e-01   0.0000e+00   2.4636e-03   3.4702e+02
20191105_02:00:00   7.3664e-02   2.1610e+01   9.9273e-01   0.0000e+00   7.6284e-03   3.4728e+02
20191105_03:00:00   7.6704e-02   2.2293e+01   1.0465e+00   0.0000e+00   1.1042e-02   3.4980e+02
20191105_04:00:00   7.9052e-02   2.2823e+01   1.0841e+00   0.0000e+00   1.5666e-02   3.5225e+02
20191105_05:00:00   8.1616e-02   2.3402e+01   1.1250e+00   0.0000e+00   2.1193e-02   3.5297e+02
20191105_06:00:00   8.3622e-02   2.3855e+01   1.1572e+00   0.0000e+00   2.0850e-02   3.5390e+02
20191105_07:00:00   8.5103e-02   2.4186e+01   1.1811e+00   0.0000e+00   2.0922e-02   3.5639e+02
20191105_08:00:00   8.5163e-02   2.4205e+01   1.1819e+00   0.0000e+00   1.2684e-02   3.5989e+02
20191105_09:00:00   8.3796e-02   2.3910e+01   1.1576e+00   0.0000e+00   6.8385e-03   3.6157e+02
20191105_10:00:00   8.2978e-02   2.3728e+01   1.1444e+00   0.0000e+00   5.6429e-03   3.6301e+02
20191105_11:00:00   8.2668e-02   2.3664e+01   1.1410e+00   0.0000e+00   4.8464e-03   3.6462e+02
20191105_12:00:00   8.3017e-02   2.3744e+01   1.1491e+00   0.0000e+00   4.3169e-03   3.6446e+02
20191105_13:00:00   8.4600e-02   2.4095e+01   1.1800e+00   0.0000e+00   4.4237e-03   3.6318e+02
20191105_14:00:00   8.6303e-02   2.4470e+01   1.2127e+00   0.0000e+00   6.7883e-03   3.6409e+02
20191105_15:00:00   8.7484e-02   2.4728e+01   1.2343e+00   0.0000e+00   1.0115e-02   3.6249e+02
20191105_16:00:00   8.8679e-02   2.4999e+01   1.2566e+00   0.0000e+00   1.2271e-02   3.6192e+02
20191105_17:00:00   8.9235e-02   2.5126e+01   1.2679e+00   0.0000e+00   1.0285e-02   3.6233e+02
20191105_18:00:00   8.9242e-02   2.5140e+01   1.2700e+00   0.0000e+00   8.4815e-03   3.6208e+02
20191105_19:00:00   8.8519e-02   2.4990e+01   1.2582e+00   0.0000e+00   6.9433e-03   3.6280e+02
20191105_20:00:00   8.7873e-02   2.4849e+01   1.2465e+00   0.0000e+00   6.7527e-03   3.6305e+02
20191105_21:00:00   8.7852e-02   2.4844e+01   1.2460e+00   0.0000e+00   7.0187e-03   3.6230e+02
20191105_22:00:00   8.8630e-02   2.5031e+01   1.2603e+00   0.0000e+00   6.4333e-03   3.6197e+02
20191105_23:00:00   8.9404e-02   2.5209e+01   1.2746e+00   0.0000e+00   7.0649e-03   3.6108e+02
20191106_00:00:00   9.0039e-02   2.5354e+01   1.2858e+00   0.0000e+00   7.4380e-03   3.5932e+02
20191106_01:00:00   9.0399e-02   2.5431e+01   1.2921e+00   0.0000e+00   7.4089e-03   3.5874e+02
20191106_02:00:00   9.0775e-02   2.5512e+01   1.2989e+00   0.0000e+00   8.9545e-03   3.5853e+02
20191106_03:00:00   9.0917e-02   2.5546e+01   1.3039e+00   0.0000e+00   6.4894e-03   3.5930e+02
20191106_04:00:00   8.9939e-02   2.5322e+01   1.2865e+00   0.0000e+00   6.0329e-03   3.5950e+02
20191106_05:00:00   9.0009e-02   2.5341e+01   1.2883e+00   0.0000e+00   6.5068e-03   3.6092e+02
20191106_06:00:00   8.9777e-02   2.5286e+01   1.2840e+00   0.0000e+00   5.9067e-03   3.6106e+02
20191106_07:00:00   8.9603e-02   2.5252e+01   1.2805e+00   0.0000e+00   4.8898e-03   3.6090e+02
20191106_08:00:00   8.9189e-02   2.5163e+01   1.2732e+00   0.0000e+00   3.7328e-03   3.6091e+02
20191106_09:00:00   8.8983e-02   2.5116e+01   1.2704e+00   0.0000e+00   2.8518e-03   3.6093e+02
20191106_10:00:00   8.8675e-02   2.5042e+01   1.2648e+00   0.0000e+00   4.1341e-03   3.6120e+02
20191106_11:00:00   8.8322e-02   2.4963e+01   1.2578e+00   0.0000e+00   5.0746e-03   3.6156e+02
20191106_12:00:00   8.7929e-02   2.4878e+01   1.2504e+00   0.0000e+00   3.9852e-03   3.6226e+02
20191106_15:00:00   8.5616e-02   2.4353e+01   1.2137e+00   0.0000e+00   9.7858e-04   3.6245e+02
20191106_18:00:00   8.1707e-02   2.3475e+01   1.1471e+00   0.0000e+00   5.6623e-04   3.6220e+02
20191106_21:00:00   7.8936e-02   2.2842e+01   1.0984e+00   0.0000e+00   1.8121e-03   3.5959e+02
20191107_00:00:00   7.6149e-02   2.2207e+01   1.0484e+00   0.0000e+00   2.1414e-04   3.5869e+02
20191107_03:00:00   7.3611e-02   2.1624e+01   1.0012e+00   0.0000e+00   2.4963e-03   3.6031e+02
20191107_06:00:00   7.2005e-02   2.1237e+01   9.6662e-01   0.0000e+00   3.5075e-03   3.6369e+02
20191107_09:00:00   7.0438e-02   2.0876e+01   9.3765e-01   0.0000e+00   2.5577e-03   3.6477e+02
20191107_12:00:00   6.9497e-02   2.0648e+01   9.1801e-01   0.0000e+00   2.8145e-03   3.6535e+02
20191107_15:00:00   6.8547e-02   2.0414e+01   8.9622e-01   0.0000e+00   5.9859e-03   3.6577e+02
20191107_18:00:00   6.8128e-02   2.0307e+01   8.8726e-01   0.0000e+00   3.5403e-03   3.6730e+02
20191107_21:00:00   6.5146e-02   1.9632e+01   8.2909e-01   0.0000e+00   3.0265e-03   3.6686e+02
20191108_00:00:00   6.5248e-02   1.9639e+01   8.2566e-01   0.0000e+00   5.4575e-03   3.6509e+02
20191108_03:00:00   6.5552e-02   1.9691e+01   8.2580e-01   0.0000e+00   6.7556e-03   3.6535e+02
20191108_06:00:00   6.5760e-02   1.9728e+01   8.2623e-01   0.0000e+00   4.9220e-03   3.6384e+02
20191108_09:00:00   6.5607e-02   1.9683e+01   8.1977e-01   0.0000e+00   4.3084e-03   3.6124e+02
20191108_12:00:00   6.5329e-02   1.9621e+01   8.1171e-01   0.0000e+00   4.9583e-03   3.5758e+02
20191108_15:00:00   6.4930e-02   1.9523e+01   8.0156e-01   0.0000e+00   4.5589e-03   3.4873e+02
20191108_18:00:00   6.4622e-02   1.9452e+01   7.9472e-01   0.0000e+00   3.9385e-03   3.4482e+02
20191108_21:00:00   6.4111e-02   1.9334e+01   7.8480e-01   0.0000e+00   3.3755e-03   3.4710e+02
20191109_00:00:00   6.3083e-02   1.9096e+01   7.6689e-01   0.0000e+00   2.9278e-03   3.4484e+02
20191109_03:00:00   6.2139e-02   1.8877e+01   7.4920e-01   0.0000e+00   2.9647e-03   3.4846e+02
20191109_06:00:00   6.0825e-02   1.8585e+01   7.2690e-01   0.0000e+00   8.4470e-04   3.4867e+02
20191109_09:00:00   5.9132e-02   1.8197e+01   6.9638e-01   0.0000e+00   6.7042e-05   3.5337e+02
20191109_12:00:00   5.6792e-02   1.7670e+01   6.5576e-01   0.0000e+00   2.9025e-05   3.5771e+02
20191109_15:00:00   5.4390e-02   1.7130e+01   6.1365e-01   0.0000e+00   3.7200e-05   3.5543e+02
20191109_18:00:00   5.2114e-02   1.6610e+01   5.7463e-01   0.0000e+00   2.9054e-05   3.4892e+02
20191109_21:00:00   5.0410e-02   1.6220e+01   5.4552e-01   0.0000e+00   2.0902e-05   3.5137e+02
20191110_00:00:00   4.7483e-02   1.5535e+01   4.9552e-01   0.0000e+00   4.6000e-06   3.5452e+02
20191110_03:00:00   4.4218e-02   1.4768e+01   4.3990e-01   0.0000e+00   0.0000e+00   3.5694e+02
20191110_06:00:00   4.4357e-02   1.4795e+01   4.4239e-01   0.0000e+00   0.0000e+00   3.5643e+02
20191110_09:00:00   4.3804e-02   1.4658e+01   4.3052e-01   0.0000e+00   9.1840e-06   3.5485e+02
20191110_12:00:00   3.8759e-02   1.3473e+01   3.4353e-01   0.0000e+00   9.1840e-06   3.5632e+02
20191110_15:00:00   3.9973e-02   1.3754e+01   3.6146e-01   0.0000e+00   1.7326e-05   3.4849e+02
20191110_18:00:00   4.1028e-02   1.3992e+01   3.7777e-01   0.0000e+00   4.2815e-05   3.3481e+02
20191110_21:00:00   4.1859e-02   1.4181e+01   3.8981e-01   0.0000e+00   1.4796e-04   3.3132e+02
20191111_00:00:00   4.2054e-02   1.4218e+01   3.9146e-01   0.0000e+00   9.8807e-05   3.3771e+02
20191111_03:00:00   4.2087e-02   1.4216e+01   3.9007e-01   0.0000e+00   1.3541e-04   3.4294e+02
20191111_06:00:00   4.2003e-02   1.4186e+01   3.8745e-01   0.0000e+00   1.2654e-04   3.4608e+02
20191111_09:00:00   4.1975e-02   1.4171e+01   3.8585e-01   0.0000e+00   9.9057e-05   3.5000e+02
20191111_12:00:00   4.1790e-02   1.4113e+01   3.8187e-01   0.0000e+00   3.9187e-04   3.5189e+02
20191111_15:00:00   4.1370e-02   1.4010e+01   3.7363e-01   0.0000e+00   9.8905e-05   3.5148e+02
20191111_18:00:00   4.0932e-02   1.3899e+01   3.6555e-01   0.0000e+00   2.9646e-05   3.5152e+02
20191111_21:00:00   4.0737e-02   1.3841e+01   3.6277e-01   0.0000e+00   3.7801e-05   3.5169e+02
20191112_00:00:00   4.0011e-02   1.3669e+01   3.5040e-01   0.0000e+00   4.1899e-05   3.4843e+02
20191112_03:00:00   3.8995e-02   1.3432e+01   3.3066e-01   0.0000e+00   4.1893e-05   3.4832e+02
20191112_06:00:00   3.8137e-02   1.3231e+01   3.1423e-01   0.0000e+00   3.7810e-05   3.4474e+02
20191112_09:00:00   3.7499e-02   1.3085e+01   3.0153e-01   0.0000e+00   4.1861e-05   3.3932e+02
20191112_12:00:00   3.7365e-02   1.3054e+01   2.9765e-01   0.0000e+00   3.3675e-05   3.3244e+02
20191112_15:00:00   3.7540e-02   1.3096e+01   3.0107e-01   0.0000e+00   4.1787e-05   3.2547e+02
20191112_18:00:00   3.8432e-02   1.3304e+01   3.1739e-01   0.0000e+00   1.1437e-04   3.1808e+02
20191112_21:00:00   3.9870e-02   1.3650e+01   3.4264e-01   0.0000e+00   3.9464e-04   3.1095e+02
20191113_00:00:00   4.1972e-02   1.4138e+01   3.8050e-01   0.0000e+00   9.2824e-04   3.1103e+02
20191113_03:00:00   4.4518e-02   1.4725e+01   4.2527e-01   0.0000e+00   2.6446e-03   3.0966e+02
20191113_06:00:00   4.6164e-02   1.5103e+01   4.5329e-01   0.0000e+00   5.3482e-03   3.0234e+02
20191113_09:00:00   4.8096e-02   1.5554e+01   4.8560e-01   0.0000e+00   7.4265e-03   2.9989e+02
20191113_12:00:00   4.9268e-02   1.5832e+01   5.0269e-01   0.0000e+00   1.0145e-02   2.9254e+02
20191113_15:00:00   5.0538e-02   1.6137e+01   5.2434e-01   0.0000e+00   1.1932e-02   2.8412e+02
20191113_18:00:00   5.9552e-02   1.8241e+01   6.7194e-01   0.0000e+00   1.3944e-02   2.8046e+02
20191113_21:00:00   6.1679e-02   1.8751e+01   7.0762e-01   0.0000e+00   1.7348e-02   2.7833e+02
20191114_00:00:00   6.3021e-02   1.9074e+01   7.2934e-01   0.0000e+00   2.2283e-02   2.7762e+02
20191114_03:00:00   6.4721e-02   1.9483e+01   7.5715e-01   0.0000e+00   2.9033e-02   2.7352e+02
20191114_06:00:00   6.5800e-02   1.9740e+01   7.7362e-01   0.0000e+00   3.6301e-02   2.7231e+02
20191114_09:00:00   6.6050e-02   1.9797e+01   7.8118e-01   0.0000e+00   3.2456e-02   2.7297e+02
20191114_12:00:00   6.7136e-02   2.0048e+01   8.0022e-01   0.0000e+00   4.2703e-02   2.7645e+02
20191114_15:00:00   6.9751e-02   2.0656e+01   8.4639e-01   0.0000e+00   5.9462e-02   2.7477e+02
20191114_18:00:00   7.6113e-02   2.2106e+01   9.6274e-01   0.0000e+00   6.6283e-02   2.9760e+02
20191114_21:00:00   8.1023e-02   2.3243e+01   1.0520e+00   0.0000e+00   8.4465e-02   3.0477e+02
20191115_00:00:00   8.7659e-02   2.4746e+01   1.1839e+00   0.0000e+00   7.4331e-02   3.1502e+02
20191115_03:00:00   9.1112e-02   2.5544e+01   1.2418e+00   0.0000e+00   8.9521e-02   3.1834e+02
20191115_06:00:00   9.0641e-02   2.5431e+01   1.2374e+00   0.0000e+00   8.0589e-02   3.2042e+02
20191115_09:00:00   9.1112e-02   2.5528e+01   1.2471e+00   0.0000e+00   8.3671e-02   3.1623e+02
20191115_12:00:00   9.1034e-02   2.5509e+01   1.2493e+00   0.0000e+00   7.7547e-02   3.1523e+02
20191115_15:00:00   9.0680e-02   2.5428e+01   1.2498e+00   0.0000e+00   6.2229e-02   3.1755e+02
20191115_18:00:00   8.9846e-02   2.5234e+01   1.2391e+00   0.0000e+00   5.0586e-02   3.1417e+02
20191115_21:00:00   8.9914e-02   2.5262e+01   1.2497e+00   0.0000e+00   2.6686e-02   3.1444e+02
20191116_00:00:00   8.9231e-02   2.5104e+01   1.2379e+00   0.0000e+00   3.1166e-02   3.1867e+02
20191116_03:00:00   8.5835e-02   2.4378e+01   1.1738e+00   0.0000e+00   2.9445e-02   3.2082e+02
20191116_06:00:00   8.8721e-02   2.5017e+01   1.2315e+00   0.0000e+00   1.8604e-02   3.2327e+02
20191116_09:00:00   8.8848e-02   2.5052e+01   1.2372e+00   0.0000e+00   1.0882e-02   3.2789e+02
20191116_12:00:00   8.8009e-02   2.4865e+01   1.2281e+00   0.0000e+00   4.4632e-03   3.2965e+02
20191116_15:00:00   8.7105e-02   2.4666e+01   1.2158e+00   0.0000e+00   4.2259e-03   3.3070e+02
20191116_18:00:00   8.7760e-02   2.4822e+01   1.2299e+00   0.0000e+00   8.6332e-03   3.3250e+02
20191116_21:00:00   8.8017e-02   2.4897e+01   1.2365e+00   0.0000e+00   1.4832e-02   3.4072e+02
20191117_00:00:00   8.9596e-02   2.5257e+01   1.2608e+00   0.0000e+00   2.6218e-02   3.4452e+02
20191117_03:00:00   9.1919e-02   2.5782e+01   1.3010e+00   0.0000e+00   3.1240e-02   3.4357e+02
20191117_06:00:00   9.3414e-02   2.6133e+01   1.3335e+00   0.0000e+00   2.3623e-02   3.4306e+02
20191117_09:00:00   9.4696e-02   2.6435e+01   1.3572e+00   0.0000e+00   2.2828e-02   3.4596e+02
20191117_12:00:00   9.6595e-02   2.6880e+01   1.3942e+00   0.0000e+00   1.9545e-02   3.4773e+02
