#            date       tau225        Tb[K]      pwv[mm] lwp[kg*m^-2] iwp[kg*m^-2]       o3[DU]
20191110_06:00:00   4.8949e-02   1.6011e+01   5.4344e-01   0.0000e+00   0.0000e+00   3.5069e+02
20191110_07:00:00   4.8929e-02   1.6007e+01   5.4047e-01   0.0000e+00   0.0000e+00   3.4747e+02
20191110_08:00:00   4.9048e-02   1.6033e+01   5.4410e-01   0.0000e+00   0.0000e+00   3.4260e+02
20191110_09:00:00   4.8952e-02   1.6010e+01   5.4393e-01   0.0000e+00   0.0000e+00   3.3833e+02
20191110_10:00:00   4.9258e-02   1.6083e+01   5.5053e-01   0.0000e+00   0.0000e+00   3.3768e+02
20191110_11:00:00   4.9701e-02   1.6188e+01   5.5919e-01   0.0000e+00   0.0000e+00   3.3405e+02
20191110_12:00:00   4.9900e-02   1.6236e+01   5.6243e-01   0.0000e+00   1.6316e-05   3.2981e+02
20191110_13:00:00   4.9995e-02   1.6256e+01   5.6458e-01   0.0000e+00   1.6316e-05   3.2940e+02
20191110_14:00:00   5.0188e-02   1.6293e+01   5.6813e-01   0.0000e+00   8.1580e-06   3.3741e+02
20191110_15:00:00   5.0186e-02   1.6285e+01   5.6693e-01   0.0000e+00   1.6316e-05   3.4576e+02
20191110_16:00:00   5.0001e-02   1.6241e+01   5.6220e-01   0.0000e+00   8.1580e-06   3.4221e+02
20191110_17:00:00   4.9688e-02   1.6165e+01   5.5453e-01   0.0000e+00   0.0000e+00   3.4180e+02
20191110_18:00:00   4.8958e-02   1.5989e+01   5.3965e-01   0.0000e+00   0.0000e+00   3.4006e+02
20191110_19:00:00   4.8450e-02   1.5865e+01   5.2902e-01   0.0000e+00   0.0000e+00   3.3993e+02
20191110_20:00:00   4.8223e-02   1.5808e+01   5.2364e-01   0.0000e+00   0.0000e+00   3.4494e+02
20191110_21:00:00   4.7718e-02   1.5687e+01   5.1311e-01   0.0000e+00   0.0000e+00   3.4740e+02
20191110_22:00:00   4.7203e-02   1.5562e+01   5.0206e-01   0.0000e+00   0.0000e+00   3.4865e+02
20191110_23:00:00   4.6768e-02   1.5459e+01   4.9273e-01   0.0000e+00   0.0000e+00   3.4857e+02
20191111_00:00:00   4.6561e-02   1.5409e+01   4.8709e-01   0.0000e+00   0.0000e+00   3.4473e+02
20191111_01:00:00   4.6667e-02   1.5430e+01   4.8740e-01   0.0000e+00   0.0000e+00   3.4454e+02
20191111_02:00:00   4.7014e-02   1.5508e+01   4.9275e-01   0.0000e+00   4.6500e-06   3.4649e+02
20191111_03:00:00   4.7741e-02   1.5673e+01   5.0489e-01   0.0000e+00   4.6600e-06   3.4541e+02
20191111_04:00:00   4.8772e-02   1.5908e+01   5.2320e-01   0.0000e+00   4.6660e-06   3.4620e+02
20191111_05:00:00   4.9944e-02   1.6175e+01   5.4392e-01   0.0000e+00   1.2820e-05   3.4530e+02
20191111_06:00:00   5.1341e-02   1.6489e+01   5.6769e-01   0.0000e+00   2.0975e-05   3.4588e+02
20191111_07:00:00   5.2664e-02   1.6782e+01   5.9088e-01   0.0000e+00   2.0984e-05   3.4757e+02
20191111_08:00:00   5.3801e-02   1.7037e+01   6.1082e-01   0.0000e+00   3.3846e-05   3.4632e+02
20191111_09:00:00   5.4934e-02   1.7292e+01   6.2975e-01   0.0000e+00   3.3862e-05   3.4655e+02
20191111_10:00:00   5.6089e-02   1.7554e+01   6.4842e-01   0.0000e+00   3.3838e-05   3.4592e+02
20191111_11:00:00   5.7317e-02   1.7829e+01   6.6855e-01   0.0000e+00   3.3806e-05   3.4747e+02
20191111_12:00:00   5.8015e-02   1.7986e+01   6.8018e-01   0.0000e+00   3.3796e-05   3.4839e+02
20191111_13:00:00   5.8011e-02   1.7986e+01   6.7965e-01   0.0000e+00   1.9365e-04   3.4805e+02
20191111_14:00:00   5.8098e-02   1.8004e+01   6.8090e-01   0.0000e+00   9.8898e-04   3.4753e+02
20191111_15:00:00   5.8439e-02   1.8081e+01   6.8742e-01   0.0000e+00   1.2898e-03   3.4730e+02
20191111_16:00:00   5.8866e-02   1.8177e+01   6.9494e-01   0.0000e+00   1.2384e-03   3.4628e+02
20191111_17:00:00   5.9476e-02   1.8316e+01   7.0618e-01   0.0000e+00   8.2978e-04   3.4599e+02
20191111_18:00:00   5.9511e-02   1.8320e+01   7.0674e-01   0.0000e+00   9.0696e-04   3.4473e+02
20191111_19:00:00   5.9513e-02   1.8314e+01   7.0717e-01   0.0000e+00   1.6464e-03   3.4363e+02
20191111_20:00:00   6.0072e-02   1.8437e+01   7.1725e-01   0.0000e+00   1.9123e-03   3.4396e+02
20191111_21:00:00   6.0224e-02   1.8466e+01   7.2032e-01   0.0000e+00   1.9429e-03   3.4405e+02
20191111_22:00:00   6.0555e-02   1.8539e+01   7.2599e-01   0.0000e+00   2.0115e-03   3.4478e+02
20191111_23:00:00   6.0721e-02   1.8579e+01   7.2897e-01   0.0000e+00   1.5958e-03   3.4624e+02
20191112_00:00:00   6.0614e-02   1.8553e+01   7.2721e-01   0.0000e+00   1.2578e-03   3.4643e+02
20191112_01:00:00   6.0490e-02   1.8518e+01   7.2538e-01   0.0000e+00   9.5104e-04   3.4659e+02
20191112_02:00:00   6.0463e-02   1.8509e+01   7.2583e-01   0.0000e+00   5.4115e-04   3.4721e+02
20191112_03:00:00   6.0199e-02   1.8450e+01   7.2206e-01   0.0000e+00   1.5545e-04   3.4654e+02
20191112_04:00:00   6.0074e-02   1.8426e+01   7.2063e-01   0.0000e+00   6.1663e-05   3.4442e+02
20191112_05:00:00   6.0001e-02   1.8410e+01   7.1928e-01   0.0000e+00   5.6263e-05   3.4295e+02
20191112_06:00:00   5.9916e-02   1.8389e+01   7.1782e-01   0.0000e+00   5.1533e-05   3.4098e+02
20191112_07:00:00   5.9576e-02   1.8313e+01   7.1208e-01   0.0000e+00   4.2088e-05   3.4024e+02
20191112_08:00:00   5.9361e-02   1.8263e+01   7.0906e-01   0.0000e+00   4.2110e-05   3.3960e+02
20191112_09:00:00   5.9229e-02   1.8231e+01   7.0718e-01   0.0000e+00   4.2122e-05   3.3864e+02
20191112_10:00:00   5.9049e-02   1.8189e+01   7.0470e-01   0.0000e+00   4.2136e-05   3.3621e+02
20191112_11:00:00   5.8807e-02   1.8133e+01   6.9930e-01   0.0000e+00   3.7389e-05   3.3292e+02
20191112_12:00:00   5.8714e-02   1.8113e+01   6.9787e-01   0.0000e+00   4.2146e-05   3.2956e+02
20191112_13:00:00   5.8491e-02   1.8063e+01   6.9435e-01   0.0000e+00   4.2147e-05   3.2819e+02
20191112_14:00:00   5.8332e-02   1.8027e+01   6.9180e-01   0.0000e+00   3.3321e-05   3.2746e+02
20191112_15:00:00   5.8280e-02   1.8016e+01   6.9116e-01   0.0000e+00   3.7416e-05   3.2719e+02
20191112_16:00:00   5.8362e-02   1.8032e+01   6.9219e-01   0.0000e+00   3.7419e-05   3.2677e+02
20191112_17:00:00   5.8321e-02   1.8023e+01   6.9108e-01   0.0000e+00   3.7415e-05   3.2509e+02
20191112_18:00:00   5.8443e-02   1.8053e+01   6.9320e-01   0.0000e+00   4.2181e-05   3.2237e+02
20191112_19:00:00   5.8535e-02   1.8072e+01   6.9481e-01   0.0000e+00   1.2807e-04   3.2134e+02
20191112_20:00:00   5.8412e-02   1.8041e+01   6.9250e-01   0.0000e+00   1.5201e-04   3.2035e+02
20191112_21:00:00   5.8497e-02   1.8061e+01   6.9450e-01   0.0000e+00   1.0917e-04   3.1893e+02
20191112_22:00:00   5.8450e-02   1.8051e+01   6.9344e-01   0.0000e+00   1.6184e-04   3.1795e+02
20191112_23:00:00   5.8418e-02   1.8040e+01   6.9260e-01   0.0000e+00   2.6524e-04   3.1712e+02
20191113_00:00:00   5.8499e-02   1.8058e+01   6.9334e-01   0.0000e+00   3.0761e-04   3.1548e+02
20191113_01:00:00   5.8511e-02   1.8061e+01   6.9368e-01   0.0000e+00   3.4561e-04   3.1256e+02
20191113_02:00:00   5.8588e-02   1.8078e+01   6.9547e-01   0.0000e+00   3.7931e-04   3.1036e+02
20191113_03:00:00   5.8777e-02   1.8120e+01   6.9861e-01   0.0000e+00   4.1311e-04   3.0908e+02
20191113_04:00:00   5.8981e-02   1.8166e+01   7.0245e-01   0.0000e+00   4.8891e-04   3.0804e+02
20191113_05:00:00   5.8731e-02   1.8106e+01   6.9707e-01   0.0000e+00   5.4481e-04   3.0611e+02
20191113_06:00:00   5.9030e-02   1.8178e+01   7.0206e-01   0.0000e+00   4.3901e-04   3.0487e+02
20191113_07:00:00   5.9744e-02   1.8346e+01   7.1394e-01   0.0000e+00   6.7911e-04   3.0408e+02
20191113_08:00:00   6.0004e-02   1.8402e+01   7.1840e-01   0.0000e+00   1.0703e-03   3.0224e+02
20191113_09:00:00   6.0155e-02   1.8433e+01   7.2063e-01   0.0000e+00   1.2032e-03   3.0010e+02
20191113_10:00:00   6.0440e-02   1.8500e+01   7.2490e-01   0.0000e+00   1.3306e-03   2.9815e+02
20191113_11:00:00   6.0444e-02   1.8500e+01   7.2459e-01   0.0000e+00   1.5397e-03   2.9668e+02
20191113_12:00:00   6.0957e-02   1.8622e+01   7.3329e-01   0.0000e+00   1.5253e-03   2.9505e+02
20191113_13:00:00   6.1479e-02   1.8745e+01   7.4222e-01   0.0000e+00   1.3084e-03   2.9308e+02
20191113_14:00:00   6.1797e-02   1.8818e+01   7.4732e-01   0.0000e+00   1.2901e-03   2.9102e+02
20191113_15:00:00   6.2275e-02   1.8930e+01   7.5580e-01   0.0000e+00   1.3235e-03   2.8909e+02
20191113_16:00:00   6.2624e-02   1.9010e+01   7.6155e-01   0.0000e+00   1.5490e-03   2.8750e+02
20191113_17:00:00   6.2735e-02   1.9030e+01   7.6233e-01   0.0000e+00   2.7063e-03   2.8647e+02
20191113_18:00:00   6.2949e-02   1.9079e+01   7.6555e-01   0.0000e+00   3.7122e-03   2.8516e+02
20191113_19:00:00   6.2779e-02   1.9042e+01   7.6314e-01   0.0000e+00   2.4268e-03   2.8350e+02
20191113_20:00:00   6.2301e-02   1.8935e+01   7.5614e-01   0.0000e+00   4.3891e-04   2.8269e+02
20191113_21:00:00   6.2156e-02   1.8902e+01   7.5323e-01   0.0000e+00   1.4910e-03   2.8340e+02
20191113_22:00:00   6.3330e-02   1.9168e+01   7.7180e-01   0.0000e+00   2.7171e-03   2.8415e+02
20191113_23:00:00   6.4535e-02   1.9443e+01   7.9087e-01   0.0000e+00   4.8160e-03   2.8355e+02
20191114_00:00:00   6.5150e-02   1.9586e+01   8.0069e-01   0.0000e+00   6.4392e-03   2.8336e+02
20191114_01:00:00   6.5761e-02   1.9727e+01   8.1034e-01   0.0000e+00   7.2891e-03   2.8558e+02
20191114_02:00:00   6.6012e-02   1.9787e+01   8.1460e-01   0.0000e+00   5.9350e-03   2.9525e+02
20191114_03:00:00   6.6298e-02   1.9857e+01   8.1874e-01   0.0000e+00   5.3817e-03   3.0826e+02
20191114_04:00:00   6.6595e-02   1.9929e+01   8.2264e-01   0.0000e+00   5.7997e-03   3.1486e+02
20191114_05:00:00   6.7109e-02   2.0052e+01   8.3106e-01   0.0000e+00   5.8008e-03   3.1952e+02
20191114_06:00:00   6.7354e-02   2.0111e+01   8.3489e-01   0.0000e+00   5.3781e-03   3.2184e+02
20191114_07:00:00   6.7501e-02   2.0149e+01   8.3628e-01   0.0000e+00   5.4206e-03   3.2172e+02
20191114_08:00:00   6.7710e-02   2.0200e+01   8.3904e-01   0.0000e+00   5.5167e-03   3.2164e+02
20191114_09:00:00   6.7791e-02   2.0220e+01   8.4081e-01   0.0000e+00   4.6131e-03   3.2506e+02
20191114_10:00:00   6.7900e-02   2.0244e+01   8.4206e-01   0.0000e+00   4.6310e-03   3.3217e+02
20191114_11:00:00   6.7624e-02   2.0176e+01   8.3819e-01   0.0000e+00   3.9252e-03   3.4272e+02
20191114_12:00:00   6.7356e-02   2.0110e+01   8.3365e-01   0.0000e+00   3.4945e-03   3.4236e+02
20191114_13:00:00   6.7180e-02   2.0067e+01   8.3105e-01   0.0000e+00   2.9312e-03   3.4546e+02
20191114_14:00:00   6.7219e-02   2.0075e+01   8.3223e-01   0.0000e+00   3.0192e-03   3.4754e+02
20191114_15:00:00   6.7176e-02   2.0066e+01   8.3238e-01   0.0000e+00   2.3008e-03   3.4853e+02
20191114_16:00:00   6.7490e-02   2.0143e+01   8.3929e-01   0.0000e+00   1.8756e-03   3.4823e+02
20191114_17:00:00   6.7677e-02   2.0198e+01   8.4383e-01   0.0000e+00   5.7126e-04   3.4956e+02
20191114_18:00:00   6.7157e-02   2.0104e+01   8.3336e-01   0.0000e+00   4.4422e-04   3.5167e+02
20191114_19:00:00   6.6714e-02   2.0014e+01   8.2676e-01   0.0000e+00   2.2705e-03   3.5480e+02
20191114_20:00:00   6.7367e-02   2.0166e+01   8.4145e-01   0.0000e+00   3.8711e-03   3.5693e+02
20191114_21:00:00   7.0425e-02   2.0860e+01   8.9433e-01   0.0000e+00   6.4895e-03   3.5720e+02
20191114_22:00:00   7.2008e-02   2.1222e+01   9.2249e-01   0.0000e+00   9.4034e-03   3.5560e+02
20191114_23:00:00   7.2721e-02   2.1387e+01   9.3678e-01   0.0000e+00   1.0399e-02   3.5416e+02
20191115_00:00:00   7.3024e-02   2.1460e+01   9.4310e-01   0.0000e+00   9.6040e-03   3.5502e+02
20191115_01:00:00   7.2939e-02   2.1442e+01   9.4157e-01   0.0000e+00   9.3638e-03   3.5833e+02
20191115_02:00:00   7.3350e-02   2.1542e+01   9.4922e-01   0.0000e+00   8.9498e-03   3.5926e+02
20191115_03:00:00   7.3495e-02   2.1581e+01   9.5276e-01   0.0000e+00   7.2542e-03   3.6000e+02
20191115_04:00:00   7.3635e-02   2.1619e+01   9.5442e-01   0.0000e+00   8.4154e-03   3.6119e+02
20191115_05:00:00   7.3346e-02   2.1552e+01   9.4848e-01   0.0000e+00   9.8175e-03   3.6187e+02
20191115_06:00:00   7.3427e-02   2.1571e+01   9.5058e-01   0.0000e+00   8.6181e-03   3.6238e+02
20191115_09:00:00   7.2586e-02   2.1380e+01   9.3830e-01   0.0000e+00   4.5089e-03   3.6282e+02
20191115_12:00:00   7.3593e-02   2.1625e+01   9.5853e-01   0.0000e+00   3.7846e-03   3.6321e+02
20191115_15:00:00   7.4314e-02   2.1801e+01   9.7839e-01   0.0000e+00   1.7099e-03   3.6278e+02
20191115_18:00:00   7.6123e-02   2.2207e+01   1.0142e+00   0.0000e+00   3.4170e-03   3.6383e+02
20191115_21:00:00   7.8315e-02   2.2718e+01   1.0558e+00   0.0000e+00   3.6909e-03   3.6581e+02
20191116_00:00:00   7.9535e-02   2.3010e+01   1.0788e+00   0.0000e+00   7.6707e-03   3.6714e+02
20191116_03:00:00   8.0266e-02   2.3162e+01   1.0941e+00   0.0000e+00   9.6298e-03   3.7137e+02
20191116_06:00:00   8.0965e-02   2.3336e+01   1.1039e+00   0.0000e+00   1.4042e-02   3.7627e+02
20191116_09:00:00   8.1614e-02   2.3502e+01   1.1141e+00   0.0000e+00   1.2537e-02   3.7680e+02
20191116_12:00:00   8.1181e-02   2.3413e+01   1.1039e+00   0.0000e+00   1.0700e-02   3.7535e+02
20191116_15:00:00   8.0936e-02   2.3362e+01   1.0985e+00   0.0000e+00   3.3594e-03   3.7262e+02
20191116_18:00:00   8.0200e-02   2.3191e+01   1.0777e+00   0.0000e+00   1.1122e-02   3.7426e+02
20191116_21:00:00   7.8799e-02   2.2870e+01   1.0490e+00   0.0000e+00   1.0408e-02   3.7258e+02
20191117_00:00:00   7.5865e-02   2.2192e+01   9.9306e-01   0.0000e+00   7.8032e-03   3.7145e+02
20191117_03:00:00   7.1684e-02   2.1240e+01   9.1857e-01   0.0000e+00   3.1246e-03   3.7179e+02
20191117_06:00:00   7.0943e-02   2.1067e+01   9.0844e-01   0.0000e+00   5.0933e-03   3.6993e+02
20191117_09:00:00   7.6706e-02   2.2390e+01   1.0058e+00   0.0000e+00   1.4814e-02   3.7091e+02
20191117_12:00:00   7.8733e-02   2.2885e+01   1.0329e+00   0.0000e+00   3.9738e-02   3.7030e+02
20191117_15:00:00   7.7585e-02   2.2619e+01   1.0093e+00   0.0000e+00   4.3383e-02   3.7316e+02
20191117_18:00:00   7.1962e-02   2.1294e+01   9.1061e-01   0.0000e+00   2.4783e-02   3.7036e+02
20191117_21:00:00   6.3983e-02   1.9435e+01   7.7266e-01   0.0000e+00   6.7324e-03   3.6851e+02
20191118_00:00:00   6.2316e-02   1.9020e+01   7.4580e-01   0.0000e+00   2.4061e-03   3.6674e+02
20191118_03:00:00   6.6544e-02   1.9983e+01   8.2239e-01   0.0000e+00   4.1476e-03   3.6089e+02
20191118_06:00:00   6.5954e-02   1.9874e+01   8.1190e-01   0.0000e+00   7.8696e-03   3.5931e+02
20191118_09:00:00   7.1531e-02   2.1117e+01   9.1701e-01   0.0000e+00   2.1310e-02   3.5608e+02
20191118_12:00:00   7.3874e-02   2.1663e+01   9.5853e-01   0.0000e+00   3.5646e-02   3.5278e+02
20191118_15:00:00   7.5773e-02   2.2112e+01   1.0038e+00   0.0000e+00   1.9768e-02   3.5238e+02
20191118_18:00:00   7.7538e-02   2.2516e+01   1.0396e+00   0.0000e+00   2.2463e-02   3.5217e+02
20191118_21:00:00   7.7212e-02   2.2434e+01   1.0360e+00   0.0000e+00   2.2541e-02   3.5120e+02
20191119_00:00:00   7.6915e-02   2.2368e+01   1.0280e+00   0.0000e+00   2.9308e-02   3.4791e+02
20191119_03:00:00   7.5997e-02   2.2147e+01   1.0016e+00   0.0000e+00   4.8740e-02   3.5254e+02
20191119_06:00:00   7.5547e-02   2.2049e+01   9.9410e-01   0.0000e+00   4.6078e-02   3.5954e+02
20191119_09:00:00   7.4257e-02   2.1751e+01   9.6695e-01   0.0000e+00   4.0877e-02   3.5733e+02
20191119_12:00:00   7.2689e-02   2.1401e+01   9.3768e-01   0.0000e+00   2.9935e-02   3.5756e+02
20191119_15:00:00   7.2347e-02   2.1335e+01   9.3077e-01   0.0000e+00   2.0514e-02   3.5267e+02
20191119_18:00:00   7.2282e-02   2.1321e+01   9.3046e-01   0.0000e+00   1.5987e-02   3.4906e+02
20191119_21:00:00   7.2182e-02   2.1299e+01   9.2886e-01   0.0000e+00   1.3193e-02   3.5175e+02
20191120_00:00:00   7.1200e-02   2.1072e+01   9.0806e-01   0.0000e+00   1.9573e-02   3.5372e+02
20191120_03:00:00   7.0682e-02   2.0965e+01   8.9608e-01   0.0000e+00   1.7312e-02   3.5541e+02
20191120_06:00:00   7.1671e-02   2.1180e+01   9.2000e-01   0.0000e+00   1.5291e-02   3.5001e+02
20191120_09:00:00   7.3261e-02   2.1560e+01   9.4786e-01   0.0000e+00   2.5353e-02   3.5253e+02
20191120_12:00:00   7.4164e-02   2.1764e+01   9.7254e-01   0.0000e+00   2.0712e-02   3.5570e+02
20191120_15:00:00   7.5102e-02   2.1971e+01   9.9414e-01   0.0000e+00   2.1680e-02   3.5251e+02
20191120_18:00:00   7.5242e-02   2.2000e+01   9.9829e-01   0.0000e+00   2.3358e-02   3.4357e+02
20191120_21:00:00   7.5813e-02   2.2124e+01   1.0132e+00   0.0000e+00   1.9670e-02   3.4360e+02
20191121_00:00:00   7.7478e-02   2.2507e+01   1.0460e+00   0.0000e+00   2.4879e-02   3.4471e+02
20191121_03:00:00   8.2421e-02   2.3611e+01   1.1426e+00   0.0000e+00   2.8644e-02   3.4398e+02
20191121_06:00:00   8.3364e-02   2.3825e+01   1.1644e+00   0.0000e+00   2.9479e-02   3.4494e+02
20191121_09:00:00   8.3871e-02   2.3941e+01   1.1822e+00   0.0000e+00   2.0425e-02   3.4427e+02
20191121_12:00:00   7.9014e-02   2.2853e+01   1.1058e+00   0.0000e+00   1.4035e-02   3.4923e+02
20191121_15:00:00   6.2631e-02   1.9151e+01   8.2080e-01   0.0000e+00   6.5543e-03   3.5186e+02
20191121_18:00:00   5.3131e-02   1.6985e+01   6.4058e-01   0.0000e+00   1.3338e-03   3.5288e+02
20191121_21:00:00   5.0470e-02   1.6379e+01   5.8306e-01   0.0000e+00   6.1180e-05   3.5351e+02
20191122_00:00:00   4.9534e-02   1.6178e+01   5.5548e-01   0.0000e+00   0.0000e+00   3.5539e+02
20191122_03:00:00   5.2754e-02   1.6929e+01   6.1091e-01   0.0000e+00   0.0000e+00   3.5894e+02
20191122_06:00:00   5.6209e-02   1.7713e+01   6.7638e-01   0.0000e+00   0.0000e+00   3.6240e+02
20191122_09:00:00   5.2758e-02   1.6910e+01   6.1074e-01   0.0000e+00   0.0000e+00   3.6228e+02
20191122_12:00:00   4.7777e-02   1.5741e+01   5.2081e-01   0.0000e+00   0.0000e+00   3.6133e+02
20191122_15:00:00   4.7655e-02   1.5697e+01   5.1682e-01   0.0000e+00   0.0000e+00   3.6218e+02
20191122_18:00:00   4.8773e-02   1.5939e+01   5.3453e-01   0.0000e+00   0.0000e+00   3.6210e+02
20191122_21:00:00   4.8810e-02   1.5938e+01   5.3199e-01   0.0000e+00   4.4190e-06   3.6181e+02
20191123_00:00:00   4.9337e-02   1.6046e+01   5.3875e-01   0.0000e+00   2.8882e-05   3.6128e+02
20191123_03:00:00   5.0352e-02   1.6263e+01   5.5421e-01   0.0000e+00   7.1612e-04   3.6078e+02
20191123_06:00:00   5.1394e-02   1.6493e+01   5.7283e-01   0.0000e+00   1.6871e-04   3.6181e+02
20191123_09:00:00   5.2374e-02   1.6708e+01   5.8593e-01   0.0000e+00   1.0067e-03   3.6288e+02
20191123_12:00:00   5.3072e-02   1.6872e+01   5.9163e-01   0.0000e+00   1.1135e-03   3.6107e+02
20191123_15:00:00   5.4946e-02   1.7302e+01   6.1839e-01   0.0000e+00   9.2358e-04   3.5914e+02
20191123_18:00:00   5.5889e-02   1.7487e+01   6.3693e-01   0.0000e+00   1.4026e-03   3.6000e+02
20191123_21:00:00   5.6203e-02   1.7561e+01   6.3384e-01   0.0000e+00   1.3169e-03   3.6197e+02
20191124_00:00:00   5.3274e-02   1.6901e+01   5.7626e-01   0.0000e+00   7.1311e-04   3.6233e+02
20191124_03:00:00   5.0765e-02   1.6337e+01   5.3432e-01   0.0000e+00   1.2479e-05   3.6016e+02
20191124_06:00:00   5.3315e-02   1.6922e+01   5.8453e-01   0.0000e+00   1.2491e-05   3.5961e+02
20191124_09:00:00   5.8718e-02   1.8159e+01   6.7675e-01   0.0000e+00   2.7652e-03   3.5885e+02
20191124_12:00:00   5.9025e-02   1.8247e+01   6.8106e-01   0.0000e+00   3.2973e-03   3.5821e+02
20191124_15:00:00   5.9255e-02   1.8300e+01   6.8524e-01   0.0000e+00   3.4457e-03   3.5662e+02
20191124_18:00:00   5.9466e-02   1.8350e+01   6.8983e-01   0.0000e+00   3.2345e-03   3.5433e+02
20191124_21:00:00   6.0925e-02   1.8687e+01   7.1711e-01   0.0000e+00   2.4244e-03   3.5345e+02
20191125_00:00:00   6.4946e-02   1.9607e+01   7.8852e-01   0.0000e+00   2.5069e-03   3.5224e+02
20191125_03:00:00   6.8367e-02   2.0397e+01   8.4967e-01   0.0000e+00   5.0211e-03   3.5090e+02
20191125_06:00:00   7.1120e-02   2.1056e+01   9.0087e-01   0.0000e+00   5.5398e-03   3.5032e+02
20191125_09:00:00   7.5722e-02   2.2130e+01   9.8569e-01   0.0000e+00   1.0115e-02   3.5046e+02
20191125_12:00:00   7.9916e-02   2.3109e+01   1.0646e+00   0.0000e+00   1.2771e-02   3.4837e+02
20191125_15:00:00   7.9684e-02   2.3071e+01   1.0697e+00   0.0000e+00   1.3070e-02   3.4603e+02
20191125_18:00:00   7.1144e-02   2.1140e+01   9.3445e-01   0.0000e+00   8.7030e-03   3.4495e+02
20191125_21:00:00   6.2973e-02   1.9280e+01   7.9309e-01   0.0000e+00   3.5401e-03   3.4475e+02
20191126_00:00:00   5.8365e-02   1.8225e+01   7.1192e-01   0.0000e+00   1.7946e-03   3.4422e+02
20191126_03:00:00   5.6456e-02   1.7798e+01   6.7765e-01   0.0000e+00   1.3215e-03   3.4362e+02
20191126_06:00:00   5.3944e-02   1.7230e+01   6.3043e-01   0.0000e+00   6.7703e-04   3.4560e+02
