#            date       tau225        Tb[K]      pwv[mm] lwp[kg*m^-2] iwp[kg*m^-2]       o3[DU]
20191025_12:00:00   4.4081e-02   1.4547e+01   4.0899e-01   0.0000e+00   5.5957e-03   2.1308e+02
20191025_13:00:00   4.4054e-02   1.4538e+01   4.0915e-01   0.0000e+00   2.7454e-03   2.1240e+02
20191025_14:00:00   4.3977e-02   1.4515e+01   4.0678e-01   0.0000e+00   4.4361e-03   2.1122e+02
20191025_15:00:00   4.3935e-02   1.4504e+01   4.0524e-01   0.0000e+00   5.4759e-03   2.1141e+02
20191025_16:00:00   4.3897e-02   1.4495e+01   4.0371e-01   0.0000e+00   6.7094e-03   2.1119e+02
20191025_17:00:00   4.3963e-02   1.4511e+01   4.0496e-01   0.0000e+00   5.8515e-03   2.1016e+02
20191025_18:00:00   4.4116e-02   1.4552e+01   4.0878e-01   0.0000e+00   3.3252e-03   2.0840e+02
20191025_19:00:00   4.3922e-02   1.4505e+01   4.0555e-01   0.0000e+00   2.9657e-03   2.0692e+02
20191025_20:00:00   4.3726e-02   1.4458e+01   4.0117e-01   0.0000e+00   4.9549e-03   2.0798e+02
20191025_21:00:00   4.3704e-02   1.4455e+01   4.0054e-01   0.0000e+00   5.5705e-03   2.0958e+02
20191025_22:00:00   4.3601e-02   1.4434e+01   3.9859e-01   0.0000e+00   5.2921e-03   2.1012e+02
20191025_23:00:00   4.3460e-02   1.4402e+01   3.9579e-01   0.0000e+00   4.6254e-03   2.1017e+02
20191026_00:00:00   4.3474e-02   1.4407e+01   3.9614e-01   0.0000e+00   4.3081e-03   2.1122e+02
20191026_01:00:00   4.3294e-02   1.4367e+01   3.9410e-01   0.0000e+00   2.8223e-03   2.1165e+02
20191026_02:00:00   4.3139e-02   1.4328e+01   3.9186e-01   0.0000e+00   2.3390e-03   2.1340e+02
20191026_03:00:00   4.2934e-02   1.4277e+01   3.8736e-01   0.0000e+00   4.2890e-03   2.1492e+02
20191026_04:00:00   4.2711e-02   1.4225e+01   3.8333e-01   0.0000e+00   4.4665e-03   2.1649e+02
20191026_05:00:00   4.2734e-02   1.4233e+01   3.8441e-01   0.0000e+00   3.8013e-03   2.1744e+02
20191026_06:00:00   4.2620e-02   1.4206e+01   3.8285e-01   0.0000e+00   3.7276e-03   2.1812e+02
20191026_07:00:00   4.2272e-02   1.4123e+01   3.7668e-01   0.0000e+00   3.1266e-03   2.1904e+02
20191026_08:00:00   4.1986e-02   1.4056e+01   3.7220e-01   0.0000e+00   2.4343e-03   2.2204e+02
20191026_09:00:00   4.1672e-02   1.3981e+01   3.6659e-01   0.0000e+00   2.5100e-03   2.2331e+02
20191026_10:00:00   4.1534e-02   1.3948e+01   3.6374e-01   0.0000e+00   3.2653e-03   2.2177e+02
20191026_11:00:00   4.1429e-02   1.3926e+01   3.6205e-01   0.0000e+00   3.1882e-03   2.2008e+02
20191026_12:00:00   4.1274e-02   1.3891e+01   3.5938e-01   0.0000e+00   3.2236e-03   2.1890e+02
20191026_13:00:00   4.1196e-02   1.3871e+01   3.5832e-01   0.0000e+00   3.2634e-03   2.1830e+02
20191026_14:00:00   4.1062e-02   1.3836e+01   3.5569e-01   0.0000e+00   3.7051e-03   2.1796e+02
20191026_15:00:00   4.1043e-02   1.3831e+01   3.5595e-01   0.0000e+00   4.5347e-03   2.1734e+02
20191026_16:00:00   4.1041e-02   1.3830e+01   3.5574e-01   0.0000e+00   5.4616e-03   2.1725e+02
20191026_17:00:00   4.1215e-02   1.3870e+01   3.5862e-01   0.0000e+00   6.5855e-03   2.1753e+02
20191026_18:00:00   4.1351e-02   1.3903e+01   3.6103e-01   0.0000e+00   7.7568e-03   2.1752e+02
20191026_19:00:00   4.1614e-02   1.3967e+01   3.6637e-01   0.0000e+00   8.5666e-03   2.1814e+02
20191026_20:00:00   4.1877e-02   1.4030e+01   3.7166e-01   0.0000e+00   9.3752e-03   2.1914e+02
20191026_21:00:00   4.2126e-02   1.4089e+01   3.7712e-01   0.0000e+00   9.9581e-03   2.2050e+02
20191026_22:00:00   4.2493e-02   1.4175e+01   3.8357e-01   0.0000e+00   1.1486e-02   2.2276e+02
20191026_23:00:00   4.2829e-02   1.4255e+01   3.9033e-01   0.0000e+00   1.1559e-02   2.2571e+02
20191027_00:00:00   4.3276e-02   1.4362e+01   4.0026e-01   0.0000e+00   1.0010e-02   2.2637e+02
20191027_01:00:00   4.3626e-02   1.4445e+01   4.0904e-01   0.0000e+00   8.8103e-03   2.2729e+02
20191027_02:00:00   4.3982e-02   1.4528e+01   4.1745e-01   0.0000e+00   8.5947e-03   2.2693e+02
20191027_03:00:00   4.4387e-02   1.4624e+01   4.2563e-01   0.0000e+00   9.6149e-03   2.3035e+02
20191027_04:00:00   4.4888e-02   1.4745e+01   4.3583e-01   0.0000e+00   9.2209e-03   2.3068e+02
20191027_05:00:00   4.5264e-02   1.4837e+01   4.4438e-01   0.0000e+00   7.6999e-03   2.3081e+02
20191027_06:00:00   4.5749e-02   1.4956e+01   4.5445e-01   0.0000e+00   6.7336e-03   2.2909e+02
20191027_07:00:00   4.6048e-02   1.5033e+01   4.6130e-01   0.0000e+00   5.5651e-03   2.2897e+02
20191027_08:00:00   4.6300e-02   1.5096e+01   4.6688e-01   0.0000e+00   5.3213e-03   2.3039e+02
20191027_09:00:00   4.6578e-02   1.5166e+01   4.7254e-01   0.0000e+00   4.6964e-03   2.3053e+02
20191027_10:00:00   4.6749e-02   1.5207e+01   4.7577e-01   0.0000e+00   4.3623e-03   2.3006e+02
20191027_11:00:00   4.7040e-02   1.5284e+01   4.8191e-01   0.0000e+00   3.5785e-03   2.2929e+02
20191027_12:00:00   4.7254e-02   1.5337e+01   4.8578e-01   0.0000e+00   3.0448e-03   2.2868e+02
20191027_13:00:00   5.1571e-02   1.6329e+01   5.5413e-01   0.0000e+00   3.3682e-03   2.2929e+02
20191027_14:00:00   5.1820e-02   1.6385e+01   5.5785e-01   0.0000e+00   4.8102e-03   2.2917e+02
20191027_15:00:00   5.1992e-02   1.6431e+01   5.6197e-01   0.0000e+00   4.4203e-03   2.2744e+02
20191027_16:00:00   5.4496e-02   1.7010e+01   6.0710e-01   0.0000e+00   2.8864e-03   2.2740e+02
20191027_17:00:00   5.4302e-02   1.6970e+01   6.0398e-01   0.0000e+00   1.3669e-03   2.2757e+02
20191027_18:00:00   5.4080e-02   1.6925e+01   6.0085e-01   0.0000e+00   7.9585e-04   2.2677e+02
20191027_19:00:00   5.3953e-02   1.6902e+01   5.9982e-01   0.0000e+00   8.7940e-04   2.2617e+02
20191027_20:00:00   5.3720e-02   1.6854e+01   5.9687e-01   0.0000e+00   1.5218e-03   2.2517e+02
20191027_21:00:00   5.3326e-02   1.6766e+01   5.9083e-01   0.0000e+00   1.8013e-03   2.2310e+02
20191027_22:00:00   5.3069e-02   1.6706e+01   5.8658e-01   0.0000e+00   2.1622e-03   2.2276e+02
20191027_23:00:00   5.2759e-02   1.6637e+01   5.8178e-01   0.0000e+00   2.4641e-03   2.2272e+02
20191028_00:00:00   5.2390e-02   1.6557e+01   5.7550e-01   0.0000e+00   1.6483e-03   2.2404e+02
20191028_01:00:00   5.2041e-02   1.6480e+01   5.6925e-01   0.0000e+00   9.3858e-04   2.2524e+02
20191028_02:00:00   5.2089e-02   1.6492e+01   5.6948e-01   0.0000e+00   5.6132e-04   2.2785e+02
20191028_03:00:00   5.2272e-02   1.6536e+01   5.7214e-01   0.0000e+00   4.0219e-04   2.3286e+02
20191028_04:00:00   5.2104e-02   1.6496e+01   5.6866e-01   0.0000e+00   3.2715e-04   2.4015e+02
20191028_05:00:00   5.1755e-02   1.6415e+01   5.6239e-01   0.0000e+00   3.6998e-04   2.4372e+02
20191028_06:00:00   5.1192e-02   1.6287e+01   5.5346e-01   0.0000e+00   4.8545e-04   2.4500e+02
20191028_07:00:00   5.0533e-02   1.6137e+01   5.4313e-01   0.0000e+00   4.2831e-04   2.4458e+02
20191028_08:00:00   5.0111e-02   1.6041e+01   5.3651e-01   0.0000e+00   3.8951e-04   2.4580e+02
20191028_09:00:00   4.9579e-02   1.5921e+01   5.2732e-01   0.0000e+00   2.4881e-04   2.4877e+02
20191028_10:00:00   4.9074e-02   1.5810e+01   5.1858e-01   0.0000e+00   1.7743e-04   2.5064e+02
20191028_11:00:00   4.8543e-02   1.5693e+01   5.0976e-01   0.0000e+00   1.9782e-04   2.5263e+02
20191028_12:00:00   4.8288e-02   1.5636e+01   5.0558e-01   0.0000e+00   1.6520e-04   2.5402e+02
20191028_13:00:00   4.7941e-02   1.5553e+01   4.9941e-01   0.0000e+00   1.5907e-04   2.5402e+02
20191028_14:00:00   4.7800e-02   1.5520e+01   4.9738e-01   0.0000e+00   2.5084e-04   2.5479e+02
20191028_15:00:00   4.7595e-02   1.5473e+01   4.9429e-01   0.0000e+00   2.8960e-04   2.5652e+02
20191028_16:00:00   4.7349e-02   1.5419e+01   4.9047e-01   0.0000e+00   2.0802e-04   2.5605e+02
20191028_17:00:00   4.7067e-02   1.5352e+01   4.8513e-01   0.0000e+00   1.9375e-04   2.5682e+02
20191028_18:00:00   4.7053e-02   1.5348e+01   4.8524e-01   0.0000e+00   2.9164e-04   2.5844e+02
20191028_19:00:00   4.7087e-02   1.5354e+01   4.8614e-01   0.0000e+00   4.6708e-04   2.5927e+02
20191028_20:00:00   4.7038e-02   1.5342e+01   4.8540e-01   0.0000e+00   7.3838e-04   2.6295e+02
20191028_21:00:00   4.6914e-02   1.5314e+01   4.8328e-01   0.0000e+00   9.0348e-04   2.6476e+02
20191028_22:00:00   4.6832e-02   1.5296e+01   4.8180e-01   0.0000e+00   6.2816e-04   2.6708e+02
20191028_23:00:00   4.6682e-02   1.5260e+01   4.7915e-01   0.0000e+00   5.6682e-04   2.7001e+02
20191029_00:00:00   4.6663e-02   1.5259e+01   4.7894e-01   0.0000e+00   3.6706e-04   2.7426e+02
20191029_01:00:00   4.6607e-02   1.5243e+01   4.7750e-01   0.0000e+00   6.3018e-04   2.7736e+02
20191029_02:00:00   4.6524e-02   1.5223e+01   4.7594e-01   0.0000e+00   8.4230e-04   2.7789e+02
20191029_03:00:00   4.6410e-02   1.5193e+01   4.7361e-01   0.0000e+00   1.0339e-03   2.7802e+02
20191029_04:00:00   4.6500e-02   1.5212e+01   4.7514e-01   0.0000e+00   1.4236e-03   2.7478e+02
20191029_05:00:00   4.6470e-02   1.5204e+01   4.7437e-01   0.0000e+00   1.2666e-03   2.8303e+02
20191029_06:00:00   4.6408e-02   1.5190e+01   4.7318e-01   0.0000e+00   1.2114e-03   2.8644e+02
20191029_07:00:00   4.6344e-02   1.5174e+01   4.7117e-01   0.0000e+00   1.4969e-03   2.8563e+02
20191029_08:00:00   4.6203e-02   1.5141e+01   4.6862e-01   0.0000e+00   6.8939e-04   2.8466e+02
20191029_09:00:00   4.5993e-02   1.5094e+01   4.6505e-01   0.0000e+00   2.2435e-04   2.7857e+02
20191029_10:00:00   4.5802e-02   1.5042e+01   4.6067e-01   0.0000e+00   4.7918e-04   2.7618e+02
20191029_11:00:00   4.5829e-02   1.5046e+01   4.5994e-01   0.0000e+00   1.2768e-03   2.7599e+02
20191029_12:00:00   4.5639e-02   1.5005e+01   4.5703e-01   0.0000e+00   4.1600e-04   2.7448e+02
20191029_13:00:00   4.5566e-02   1.4986e+01   4.5494e-01   0.0000e+00   1.4684e-04   2.7662e+02
20191029_14:00:00   4.5513e-02   1.4971e+01   4.5272e-01   0.0000e+00   8.4227e-04   2.8284e+02
20191029_15:00:00   4.5381e-02   1.4939e+01   4.4987e-01   0.0000e+00   7.6079e-04   2.8420e+02
20191029_16:00:00   4.5423e-02   1.4947e+01   4.5026e-01   0.0000e+00   6.6295e-04   2.8274e+02
20191029_17:00:00   4.5443e-02   1.4949e+01   4.5018e-01   0.0000e+00   6.1187e-04   2.8038e+02
20191029_18:00:00   4.5571e-02   1.4979e+01   4.5177e-01   0.0000e+00   5.5476e-04   2.8597e+02
20191029_19:00:00   4.5508e-02   1.4963e+01   4.5021e-01   0.0000e+00   4.8942e-04   2.9050e+02
20191029_20:00:00   4.5314e-02   1.4915e+01   4.4583e-01   0.0000e+00   4.7723e-04   2.9029e+02
20191029_21:00:00   4.3601e-02   1.4516e+01   4.1480e-01   0.0000e+00   3.4263e-04   2.9365e+02
20191029_22:00:00   3.9944e-02   1.3664e+01   3.5483e-01   0.0000e+00   6.2619e-04   3.0147e+02
20191029_23:00:00   3.9537e-02   1.3570e+01   3.4668e-01   0.0000e+00   7.8113e-04   3.0104e+02
20191030_00:00:00   3.9305e-02   1.3515e+01   3.4163e-01   0.0000e+00   2.7736e-04   3.0258e+02
20191030_01:00:00   3.9204e-02   1.3491e+01   3.3911e-01   0.0000e+00   1.5500e-04   3.0337e+02
20191030_02:00:00   3.9123e-02   1.3473e+01   3.3758e-01   0.0000e+00   1.4072e-04   3.0424e+02
20191030_03:00:00   3.9127e-02   1.3474e+01   3.3762e-01   0.0000e+00   1.9578e-04   3.0630e+02
20191030_04:00:00   3.9027e-02   1.3449e+01   3.3526e-01   0.0000e+00   2.1215e-04   3.0580e+02
20191030_05:00:00   3.8991e-02   1.3443e+01   3.3466e-01   0.0000e+00   5.9560e-04   3.0506e+02
20191030_06:00:00   3.8816e-02   1.3404e+01   3.3160e-01   0.0000e+00   4.8138e-04   3.0769e+02
20191030_07:00:00   3.8614e-02   1.3355e+01   3.2813e-01   0.0000e+00   1.8355e-04   3.0823e+02
20191030_08:00:00   3.8600e-02   1.3353e+01   3.2844e-01   0.0000e+00   1.0606e-04   3.0899e+02
20191030_09:00:00   3.8574e-02   1.3347e+01   3.2841e-01   0.0000e+00   2.9372e-04   3.0775e+02
20191030_10:00:00   3.8711e-02   1.3380e+01   3.3177e-01   0.0000e+00   1.9580e-04   3.1074e+02
20191030_11:00:00   3.8863e-02   1.3415e+01   3.3500e-01   0.0000e+00   6.7297e-05   3.0884e+02
20191030_12:00:00   3.9059e-02   1.3462e+01   3.3910e-01   0.0000e+00   3.2638e-05   3.0955e+02
20191030_15:00:00   4.2592e-02   1.4297e+01   3.9752e-01   0.0000e+00   3.2632e-05   3.0475e+02
20191030_18:00:00   4.4330e-02   1.4707e+01   4.2929e-01   0.0000e+00   2.2026e-04   3.0541e+02
20191030_21:00:00   4.3331e-02   1.4492e+01   4.1281e-01   0.0000e+00   3.2638e-05   3.1025e+02
20191031_00:00:00   4.2286e-02   1.4267e+01   3.9653e-01   0.0000e+00   1.6316e-05   3.1225e+02
20191031_03:00:00   4.1508e-02   1.4105e+01   3.8507e-01   0.0000e+00   8.1580e-06   3.1157e+02
20191031_06:00:00   4.1319e-02   1.4084e+01   3.8123e-01   0.0000e+00   0.0000e+00   3.1504e+02
20191031_09:00:00   4.1257e-02   1.4090e+01   3.7836e-01   0.0000e+00   0.0000e+00   3.1528e+02
20191031_12:00:00   4.2326e-02   1.4364e+01   3.9660e-01   0.0000e+00   0.0000e+00   3.1779e+02
20191031_15:00:00   4.3353e-02   1.4617e+01   4.1344e-01   0.0000e+00   9.2860e-06   3.1964e+02
20191031_18:00:00   4.4165e-02   1.4805e+01   4.2458e-01   0.0000e+00   2.3110e-05   3.2392e+02
20191031_21:00:00   4.4963e-02   1.4981e+01   4.3556e-01   0.0000e+00   1.6515e-04   3.2701e+02
20191101_00:00:00   4.5869e-02   1.5177e+01   4.4906e-01   0.0000e+00   4.1830e-04   3.2567e+02
20191101_03:00:00   4.4812e-02   1.4899e+01   4.2975e-01   0.0000e+00   7.1980e-04   3.2699e+02
20191101_06:00:00   4.3964e-02   1.4686e+01   4.1261e-01   0.0000e+00   3.8230e-04   3.2797e+02
20191101_09:00:00   4.4816e-02   1.4868e+01   4.3026e-01   0.0000e+00   1.2255e-04   3.2841e+02
20191101_12:00:00   4.5939e-02   1.5106e+01   4.5734e-01   0.0000e+00   1.2899e-03   3.2528e+02
20191101_15:00:00   5.2317e-02   1.6562e+01   5.7832e-01   0.0000e+00   3.9953e-03   3.1743e+02
20191101_18:00:00   6.0537e-02   1.8445e+01   7.1087e-01   0.0000e+00   1.1296e-02   3.1335e+02
20191101_21:00:00   6.3898e-02   1.9208e+01   7.5827e-01   0.0000e+00   1.0287e-02   3.1289e+02
20191102_00:00:00   6.1980e-02   1.8786e+01   7.2270e-01   0.0000e+00   8.8470e-03   3.0886e+02
20191102_03:00:00   6.5605e-02   1.9606e+01   7.8358e-01   0.0000e+00   1.1099e-02   3.0623e+02
20191102_06:00:00   6.7060e-02   1.9948e+01   8.0807e-01   0.0000e+00   1.3225e-02   3.0136e+02
20191102_09:00:00   6.8738e-02   2.0344e+01   8.3824e-01   0.0000e+00   1.2589e-02   3.0180e+02
20191102_12:00:00   6.9726e-02   2.0576e+01   8.5652e-01   0.0000e+00   1.3821e-02   3.0119e+02
20191102_15:00:00   7.0924e-02   2.0852e+01   8.8011e-01   0.0000e+00   1.6338e-02   2.9744e+02
20191102_18:00:00   7.2376e-02   2.1189e+01   9.0770e-01   0.0000e+00   1.9695e-02   2.9871e+02
20191102_21:00:00   7.2640e-02   2.1263e+01   9.2196e-01   0.0000e+00   1.8366e-02   2.9082e+02
20191103_00:00:00   7.2633e-02   2.1285e+01   9.3147e-01   0.0000e+00   1.5170e-02   2.8463e+02
20191103_03:00:00   7.3641e-02   2.1532e+01   9.5694e-01   0.0000e+00   2.1617e-02   2.8239e+02
20191103_06:00:00   8.0415e-02   2.3061e+01   1.0889e+00   0.0000e+00   2.7105e-02   2.8105e+02
20191103_09:00:00   8.6694e-02   2.4485e+01   1.1972e+00   0.0000e+00   5.3901e-02   2.8346e+02
20191103_12:00:00   9.1967e-02   2.5677e+01   1.2867e+00   0.0000e+00   8.0627e-02   2.8558e+02
20191103_15:00:00   9.4648e-02   2.6294e+01   1.3336e+00   0.0000e+00   9.2063e-02   2.8498e+02
20191103_18:00:00   9.5643e-02   2.6527e+01   1.3587e+00   0.0000e+00   7.5151e-02   2.8803e+02
20191103_21:00:00   9.9794e-02   2.7487e+01   1.4273e+00   0.0000e+00   9.1388e-02   2.8600e+02
20191104_00:00:00   1.0418e-01   2.8520e+01   1.5050e+00   0.0000e+00   8.8407e-02   2.8571e+02
20191104_03:00:00   1.0508e-01   2.8742e+01   1.5306e+00   0.0000e+00   5.6525e-02   2.8480e+02
20191104_06:00:00   1.0620e-01   2.9003e+01   1.5663e+00   0.0000e+00   2.0605e-02   2.9043e+02
20191104_09:00:00   1.0580e-01   2.8910e+01   1.5533e+00   0.0000e+00   3.5076e-02   2.8860e+02
20191104_12:00:00   1.0611e-01   2.8970e+01   1.5590e+00   0.0000e+00   4.0554e-02   2.8701e+02
20191104_15:00:00   1.0540e-01   2.8813e+01   1.5366e+00   0.0000e+00   6.5396e-02   2.8371e+02
20191104_18:00:00   1.0622e-01   2.8999e+01   1.5357e+00   0.0000e+00   1.0226e-01   2.8494e+02
20191104_21:00:00   1.0382e-01   2.8435e+01   1.4712e+00   0.0000e+00   1.3867e-01   2.7788e+02
20191105_00:00:00   9.8945e-02   2.7360e+01   1.4036e+00   0.0000e+00   6.1998e-02   2.7979e+02
20191105_03:00:00   9.0627e-02   2.5518e+01   1.2573e+00   0.0000e+00   2.3619e-02   2.7079e+02
20191105_06:00:00   9.0609e-02   2.5485e+01   1.2620e+00   0.0000e+00   1.6684e-02   2.6980e+02
20191105_09:00:00   9.2130e-02   2.5818e+01   1.2841e+00   0.0000e+00   1.9516e-02   2.6728e+02
20191105_12:00:00   8.9018e-02   2.5135e+01   1.2262e+00   0.0000e+00   1.1404e-02   2.7037e+02
20191105_15:00:00   8.9929e-02   2.5317e+01   1.2492e+00   0.0000e+00   8.6066e-03   2.7247e+02
20191105_18:00:00   9.1265e-02   2.5617e+01   1.2769e+00   0.0000e+00   3.9694e-03   2.7090e+02
20191105_21:00:00   8.9137e-02   2.5151e+01   1.2375e+00   0.0000e+00   3.4679e-03   2.6761e+02
20191106_00:00:00   8.6846e-02   2.4657e+01   1.1954e+00   0.0000e+00   1.6443e-03   2.7120e+02
20191106_03:00:00   8.3970e-02   2.4019e+01   1.1425e+00   0.0000e+00   2.5941e-04   2.7429e+02
20191106_06:00:00   8.1935e-02   2.3571e+01   1.1087e+00   0.0000e+00   2.2237e-05   2.7491e+02
20191106_09:00:00   7.9363e-02   2.2993e+01   1.0686e+00   0.0000e+00   1.8160e-05   2.7866e+02
20191106_12:00:00   7.7986e-02   2.2674e+01   1.0466e+00   0.0000e+00   2.2246e-05   2.7957e+02
20191106_15:00:00   7.5491e-02   2.2118e+01   1.0043e+00   0.0000e+00   1.4102e-05   2.7179e+02
20191106_18:00:00   7.2952e-02   2.1546e+01   9.5846e-01   0.0000e+00   1.4125e-05   2.7090e+02
20191106_21:00:00   7.0387e-02   2.0964e+01   9.1389e-01   0.0000e+00   0.0000e+00   2.7435e+02
20191107_00:00:00   6.7833e-02   2.0372e+01   8.6804e-01   0.0000e+00   1.0092e-05   2.7709e+02
20191107_03:00:00   6.5007e-02   1.9722e+01   8.1683e-01   0.0000e+00   6.0470e-06   2.8595e+02
20191107_06:00:00   6.3061e-02   1.9272e+01   7.8191e-01   0.0000e+00   6.0780e-06   2.8222e+02
20191107_09:00:00   6.1751e-02   1.8970e+01   7.5744e-01   0.0000e+00   6.1060e-06   2.8110e+02
20191107_12:00:00   6.1154e-02   1.8819e+01   7.4541e-01   0.0000e+00   2.0300e-06   2.8001e+02
20191107_15:00:00   6.0309e-02   1.8618e+01   7.3006e-01   0.0000e+00   2.0110e-06   2.8324e+02
20191107_18:00:00   6.0433e-02   1.8629e+01   7.3289e-01   0.0000e+00   1.9970e-06   2.8045e+02
20191107_21:00:00   6.1043e-02   1.8763e+01   7.4624e-01   0.0000e+00   1.9900e-06   2.7611e+02
20191108_00:00:00   6.2564e-02   1.9089e+01   7.7493e-01   0.0000e+00   1.0142e-05   2.7140e+02
20191108_03:00:00   6.5809e-02   1.9804e+01   8.3561e-01   0.0000e+00   8.2593e-04   2.5847e+02
20191108_06:00:00   6.7947e-02   2.0279e+01   8.7447e-01   0.0000e+00   8.5851e-04   2.5964e+02
20191108_09:00:00   6.9178e-02   2.0549e+01   8.9585e-01   0.0000e+00   1.9775e-04   2.6712e+02
20191108_12:00:00   6.6790e-02   2.0008e+01   8.4995e-01   0.0000e+00   1.8212e-03   2.7321e+02
20191108_15:00:00   6.6405e-02   1.9906e+01   8.3975e-01   0.0000e+00   3.6382e-03   2.8048e+02
20191108_18:00:00   6.5273e-02   1.9645e+01   8.2013e-01   0.0000e+00   6.1182e-04   2.8188e+02
20191108_21:00:00   6.4868e-02   1.9553e+01   8.1085e-01   0.0000e+00   3.3014e-03   2.8605e+02
20191109_00:00:00   6.5220e-02   1.9630e+01   8.1514e-01   0.0000e+00   2.3959e-03   2.9072e+02
20191109_03:00:00   6.7196e-02   2.0084e+01   8.4543e-01   0.0000e+00   3.5374e-04   2.9436e+02
20191109_06:00:00   6.7830e-02   2.0229e+01   8.5609e-01   0.0000e+00   4.2096e-05   2.9058e+02
20191109_09:00:00   6.6588e-02   1.9959e+01   8.3567e-01   0.0000e+00   3.6860e-05   2.9087e+02
20191109_12:00:00   6.4783e-02   1.9567e+01   8.0605e-01   0.0000e+00   4.5018e-05   2.9496e+02
20191109_15:00:00   6.2505e-02   1.9070e+01   7.7060e-01   0.0000e+00   2.8715e-05   2.9793e+02
20191109_18:00:00   5.9949e-02   1.8508e+01   7.2771e-01   0.0000e+00   1.6316e-05   3.0117e+02
20191109_21:00:00   5.7837e-02   1.8047e+01   6.9248e-01   0.0000e+00   8.1580e-06   3.0563e+02
20191110_00:00:00   5.7024e-02   1.7876e+01   6.8215e-01   0.0000e+00   8.1580e-06   3.0768e+02
20191110_03:00:00   5.8998e-02   1.8341e+01   7.1884e-01   0.0000e+00   2.4474e-05   3.0702e+02
20191110_06:00:00   7.1189e-02   2.1130e+01   9.2616e-01   0.0000e+00   2.8142e-03   3.0821e+02
20191110_09:00:00   7.8031e-02   2.2658e+01   1.0464e+00   0.0000e+00   3.2404e-03   3.1068e+02
20191110_12:00:00   8.2479e-02   2.3652e+01   1.1257e+00   0.0000e+00   5.4866e-03   3.1108e+02
