#            date       tau225        Tb[K]      pwv[mm] lwp[kg*m^-2] iwp[kg*m^-2]       o3[DU]
20191126_18:00:00   7.9473e-02   2.2996e+01   1.0659e+00   0.0000e+00   4.6578e-03   3.0454e+02
20191126_19:00:00   7.8868e-02   2.2861e+01   1.0564e+00   0.0000e+00   2.2581e-03   3.0561e+02
20191126_20:00:00   7.7815e-02   2.2624e+01   1.0385e+00   0.0000e+00   4.3942e-04   3.0648e+02
20191126_21:00:00   7.6731e-02   2.2377e+01   1.0199e+00   0.0000e+00   1.9459e-04   3.0734e+02
20191126_22:00:00   7.5971e-02   2.2206e+01   1.0063e+00   0.0000e+00   3.1471e-04   3.0804e+02
20191126_23:00:00   7.5271e-02   2.2050e+01   9.9325e-01   0.0000e+00   1.6922e-04   3.0906e+02
20191127_00:00:00   7.4514e-02   2.1882e+01   9.7993e-01   0.0000e+00   6.6113e-05   3.1043e+02
20191127_01:00:00   7.3572e-02   2.1671e+01   9.6321e-01   0.0000e+00   5.8007e-05   3.1055e+02
20191127_02:00:00   7.2766e-02   2.1482e+01   9.4928e-01   0.0000e+00   7.4889e-05   3.1005e+02
20191127_03:00:00   7.1897e-02   2.1285e+01   9.3435e-01   0.0000e+00   4.9484e-05   3.1011e+02
20191127_04:00:00   7.0788e-02   2.1038e+01   9.1650e-01   0.0000e+00   4.9506e-05   3.0929e+02
20191127_05:00:00   6.8793e-02   2.0593e+01   8.8293e-01   0.0000e+00   4.9516e-05   3.0894e+02
20191127_06:00:00   6.6247e-02   2.0023e+01   8.3971e-01   0.0000e+00   4.9523e-05   3.0912e+02
20191127_07:00:00   6.3170e-02   1.9329e+01   7.8901e-01   0.0000e+00   4.5160e-05   3.0756e+02
20191127_08:00:00   5.9422e-02   1.8477e+01   7.2785e-01   0.0000e+00   2.4474e-05   3.0169e+02
20191127_09:00:00   5.6158e-02   1.7727e+01   6.7305e-01   0.0000e+00   0.0000e+00   2.9523e+02
20191127_10:00:00   5.3587e-02   1.7137e+01   6.2940e-01   0.0000e+00   0.0000e+00   2.9162e+02
20191127_11:00:00   5.3198e-02   1.7053e+01   6.2562e-01   0.0000e+00   0.0000e+00   2.8956e+02
20191127_12:00:00   5.2040e-02   1.6798e+01   6.0562e-01   0.0000e+00   0.0000e+00   2.8898e+02
20191127_13:00:00   5.1691e-02   1.6717e+01   5.9980e-01   0.0000e+00   0.0000e+00   2.8776e+02
20191127_14:00:00   5.1410e-02   1.6653e+01   5.9516e-01   0.0000e+00   0.0000e+00   2.8369e+02
20191127_15:00:00   5.1212e-02   1.6613e+01   5.9249e-01   0.0000e+00   0.0000e+00   2.8083e+02
20191127_16:00:00   5.1313e-02   1.6639e+01   5.9714e-01   0.0000e+00   0.0000e+00   2.8175e+02
20191127_17:00:00   5.2123e-02   1.6832e+01   6.1293e-01   0.0000e+00   0.0000e+00   2.8637e+02
20191127_18:00:00   5.2986e-02   1.7042e+01   6.2942e-01   0.0000e+00   0.0000e+00   2.8991e+02
20191127_19:00:00   5.4279e-02   1.7345e+01   6.5309e-01   0.0000e+00   0.0000e+00   2.8985e+02
20191127_20:00:00   5.5677e-02   1.7671e+01   6.7823e-01   0.0000e+00   0.0000e+00   2.8809e+02
20191127_21:00:00   5.6790e-02   1.7937e+01   6.9892e-01   0.0000e+00   8.1580e-06   2.8596e+02
20191127_22:00:00   5.8191e-02   1.8263e+01   7.2431e-01   0.0000e+00   8.1580e-06   2.8270e+02
20191127_23:00:00   6.0415e-02   1.8771e+01   7.6507e-01   0.0000e+00   8.1580e-06   2.7896e+02
20191128_00:00:00   6.4234e-02   1.9642e+01   8.3677e-01   0.0000e+00   7.3418e-05   2.7608e+02
20191128_01:00:00   6.9553e-02   2.0843e+01   9.3618e-01   0.0000e+00   1.1715e-03   2.7574e+02
20191128_02:00:00   7.3919e-02   2.1823e+01   1.0180e+00   0.0000e+00   2.2260e-03   2.7542e+02
20191128_03:00:00   7.7621e-02   2.2650e+01   1.0880e+00   0.0000e+00   2.5567e-03   2.7606e+02
20191128_04:00:00   8.1055e-02   2.3414e+01   1.1500e+00   0.0000e+00   4.3757e-03   2.7708e+02
20191128_05:00:00   8.3018e-02   2.3861e+01   1.1824e+00   0.0000e+00   4.2851e-03   2.7704e+02
20191128_06:00:00   8.5250e-02   2.4358e+01   1.2230e+00   0.0000e+00   4.5720e-03   2.7628e+02
20191128_07:00:00   8.7548e-02   2.4871e+01   1.2668e+00   0.0000e+00   6.0243e-03   2.7553e+02
20191128_08:00:00   8.8062e-02   2.4997e+01   1.2754e+00   0.0000e+00   5.5978e-03   2.7460e+02
20191128_09:00:00   8.7285e-02   2.4834e+01   1.2605e+00   0.0000e+00   3.4566e-03   2.7376e+02
20191128_10:00:00   8.8087e-02   2.5007e+01   1.2779e+00   0.0000e+00   3.6408e-03   2.7269e+02
20191128_11:00:00   8.8950e-02   2.5194e+01   1.2948e+00   0.0000e+00   5.7177e-03   2.7218e+02
20191128_12:00:00   8.8479e-02   2.5093e+01   1.2855e+00   0.0000e+00   4.3664e-03   2.7308e+02
20191128_13:00:00   8.7512e-02   2.4890e+01   1.2651e+00   0.0000e+00   2.5631e-03   2.7495e+02
20191128_14:00:00   8.6865e-02   2.4765e+01   1.2493e+00   0.0000e+00   1.7192e-03   2.7708e+02
20191128_15:00:00   8.6248e-02   2.4647e+01   1.2326e+00   0.0000e+00   2.1541e-03   2.7855e+02
20191128_16:00:00   8.5853e-02   2.4579e+01   1.2211e+00   0.0000e+00   1.4520e-03   2.7915e+02
20191128_17:00:00   8.5325e-02   2.4475e+01   1.2086e+00   0.0000e+00   1.2308e-03   2.8042e+02
20191128_18:00:00   8.4654e-02   2.4332e+01   1.1944e+00   0.0000e+00   1.0882e-03   2.8182e+02
20191128_19:00:00   8.2963e-02   2.3956e+01   1.1608e+00   0.0000e+00   9.3669e-04   2.8255e+02
20191128_20:00:00   8.1740e-02   2.3685e+01   1.1383e+00   0.0000e+00   1.6470e-04   2.8295e+02
20191128_21:00:00   8.0716e-02   2.3447e+01   1.1223e+00   0.0000e+00   1.2509e-05   2.8341e+02
20191128_22:00:00   8.0795e-02   2.3455e+01   1.1263e+00   0.0000e+00   1.6882e-05   2.8503e+02
20191128_23:00:00   8.2309e-02   2.3782e+01   1.1570e+00   0.0000e+00   1.2521e-05   2.8581e+02
20191129_00:00:00   8.2832e-02   2.3894e+01   1.1668e+00   0.0000e+00   4.5159e-05   2.8522e+02
20191129_01:00:00   8.3237e-02   2.3981e+01   1.1733e+00   0.0000e+00   1.1041e-04   2.8533e+02
20191129_02:00:00   8.3125e-02   2.3956e+01   1.1698e+00   0.0000e+00   2.2086e-04   2.8654e+02
20191129_03:00:00   8.2084e-02   2.3729e+01   1.1492e+00   0.0000e+00   1.0210e-03   2.8769e+02
20191129_04:00:00   7.9578e-02   2.3168e+01   1.1019e+00   0.0000e+00   9.9652e-04   2.8811e+02
20191129_05:00:00   7.5914e-02   2.2343e+01   1.0340e+00   0.0000e+00   1.9647e-04   2.8882e+02
20191129_06:00:00   7.1989e-02   2.1453e+01   9.6239e-01   0.0000e+00   8.1580e-06   2.9019e+02
20191129_07:00:00   6.7711e-02   2.0475e+01   8.8529e-01   0.0000e+00   0.0000e+00   2.9100e+02
20191129_08:00:00   6.3328e-02   1.9475e+01   8.0583e-01   0.0000e+00   0.0000e+00   2.9212e+02
20191129_09:00:00   6.1997e-02   1.9158e+01   7.8268e-01   0.0000e+00   0.0000e+00   2.9468e+02
20191129_10:00:00   6.2595e-02   1.9273e+01   7.9824e-01   0.0000e+00   0.0000e+00   2.9588e+02
20191129_11:00:00   5.9026e-02   1.8452e+01   7.3387e-01   0.0000e+00   0.0000e+00   2.9570e+02
20191129_12:00:00   5.4961e-02   1.7525e+01   6.5746e-01   0.0000e+00   0.0000e+00   2.9472e+02
20191129_13:00:00   5.4536e-02   1.7417e+01   6.5067e-01   0.0000e+00   0.0000e+00   2.9195e+02
20191129_14:00:00   5.4815e-02   1.7472e+01   6.5827e-01   0.0000e+00   0.0000e+00   2.9040e+02
20191129_15:00:00   5.5038e-02   1.7515e+01   6.6426e-01   0.0000e+00   0.0000e+00   2.9081e+02
20191129_16:00:00   5.5154e-02   1.7537e+01   6.6598e-01   0.0000e+00   8.1580e-06   2.9212e+02
20191129_17:00:00   5.4982e-02   1.7498e+01   6.6171e-01   0.0000e+00   0.0000e+00   2.9291e+02
20191129_18:00:00   5.4584e-02   1.7409e+01   6.5277e-01   0.0000e+00   0.0000e+00   2.9382e+02
20191129_19:00:00   5.4476e-02   1.7386e+01   6.4870e-01   0.0000e+00   0.0000e+00   2.9384e+02
20191129_20:00:00   5.4422e-02   1.7375e+01   6.4609e-01   0.0000e+00   0.0000e+00   2.9269e+02
20191129_21:00:00   5.4687e-02   1.7436e+01   6.4925e-01   0.0000e+00   0.0000e+00   2.9144e+02
20191129_22:00:00   5.4570e-02   1.7414e+01   6.4662e-01   0.0000e+00   0.0000e+00   2.9049e+02
20191129_23:00:00   5.4025e-02   1.7288e+01   6.3621e-01   0.0000e+00   0.0000e+00   2.8995e+02
20191130_00:00:00   5.3175e-02   1.7092e+01   6.2124e-01   0.0000e+00   0.0000e+00   2.8968e+02
20191130_01:00:00   5.2430e-02   1.6923e+01   6.0847e-01   0.0000e+00   0.0000e+00   2.8979e+02
20191130_02:00:00   5.2469e-02   1.6933e+01   6.0853e-01   0.0000e+00   0.0000e+00   2.8966e+02
20191130_03:00:00   5.3793e-02   1.7239e+01   6.3045e-01   0.0000e+00   0.0000e+00   2.8936e+02
20191130_04:00:00   5.7339e-02   1.8055e+01   6.9219e-01   0.0000e+00   4.4680e-06   2.8950e+02
20191130_05:00:00   6.0384e-02   1.8756e+01   7.4507e-01   0.0000e+00   4.4530e-06   2.8958e+02
20191130_06:00:00   6.0848e-02   1.8867e+01   7.5130e-01   0.0000e+00   0.0000e+00   2.8939e+02
20191130_07:00:00   6.2749e-02   1.9305e+01   7.8600e-01   0.0000e+00   4.4220e-06   2.8986e+02
20191130_08:00:00   6.4493e-02   1.9702e+01   8.1645e-01   0.0000e+00   4.4100e-06   2.9140e+02
20191130_09:00:00   6.8054e-02   2.0505e+01   8.8200e-01   0.0000e+00   4.3990e-06   2.9315e+02
20191130_10:00:00   7.0103e-02   2.0964e+01   9.1884e-01   0.0000e+00   4.3920e-06   2.9417e+02
20191130_11:00:00   7.1213e-02   2.1222e+01   9.3625e-01   0.0000e+00   4.3860e-06   2.9549e+02
20191130_12:00:00   6.9082e-02   2.0759e+01   8.9153e-01   0.0000e+00   4.3740e-06   2.9729e+02
20191130_13:00:00   6.9230e-02   2.0803e+01   8.9298e-01   0.0000e+00   4.3630e-06   2.9846e+02
20191130_14:00:00   6.9252e-02   2.0812e+01   8.9438e-01   0.0000e+00   0.0000e+00   2.9814e+02
20191130_15:00:00   6.9461e-02   2.0854e+01   8.9886e-01   0.0000e+00   4.3480e-06   2.9783e+02
20191130_16:00:00   6.9659e-02   2.0895e+01   9.0432e-01   0.0000e+00   4.3490e-06   2.9798e+02
20191130_17:00:00   6.9123e-02   2.0778e+01   8.9469e-01   0.0000e+00   1.2502e-05   2.9790e+02
20191130_18:00:00   6.9270e-02   2.0813e+01   8.9855e-01   0.0000e+00   1.6316e-05   2.9801e+02
20191130_19:00:00   7.2055e-02   2.1433e+01   9.5319e-01   0.0000e+00   1.6316e-05   2.9822e+02
20191130_20:00:00   7.2806e-02   2.1602e+01   9.6932e-01   0.0000e+00   1.6316e-05   2.9837e+02
20191130_21:00:00   7.3561e-02   2.1770e+01   9.8560e-01   0.0000e+00   2.0621e-05   2.9851e+02
20191130_22:00:00   7.3894e-02   2.1845e+01   9.9335e-01   0.0000e+00   1.1421e-04   2.9840e+02
20191130_23:00:00   7.4081e-02   2.1891e+01   9.9877e-01   0.0000e+00   1.2236e-04   2.9815e+02
20191201_00:00:00   7.3869e-02   2.1850e+01   9.9525e-01   0.0000e+00   4.0798e-05   2.9831e+02
20191201_01:00:00   7.3574e-02   2.1792e+01   9.9034e-01   0.0000e+00   1.6315e-04   2.9818e+02
20191201_02:00:00   7.3576e-02   2.1794e+01   9.9131e-01   0.0000e+00   2.0598e-04   2.9783e+02
20191201_03:00:00   7.4118e-02   2.1918e+01   1.0007e+00   0.0000e+00   4.9760e-04   2.9755e+02
20191201_04:00:00   7.4157e-02   2.1932e+01   9.9893e-01   0.0000e+00   3.8346e-04   2.9553e+02
20191201_05:00:00   7.4049e-02   2.1912e+01   9.9607e-01   0.0000e+00   1.4297e-04   2.9419e+02
20191201_06:00:00   7.3971e-02   2.1893e+01   9.9359e-01   0.0000e+00   1.3480e-04   2.9348e+02
20191201_07:00:00   7.4153e-02   2.1936e+01   9.9325e-01   0.0000e+00   5.3207e-05   2.9334e+02
20191201_08:00:00   7.4337e-02   2.1980e+01   9.9384e-01   0.0000e+00   4.2580e-06   2.9369e+02
20191201_09:00:00   7.4512e-02   2.2022e+01   9.9490e-01   0.0000e+00   4.2470e-06   2.9392e+02
20191201_10:00:00   7.4424e-02   2.1997e+01   9.9115e-01   0.0000e+00   2.9670e-05   2.9443e+02
20191201_11:00:00   7.4139e-02   2.1925e+01   9.8384e-01   0.0000e+00   5.4970e-05   2.9472e+02
20191201_12:00:00   7.3774e-02   2.1833e+01   9.7445e-01   0.0000e+00   1.5394e-04   2.9460e+02
20191201_13:00:00   7.1726e-02   2.1373e+01   9.3371e-01   0.0000e+00   1.5333e-04   2.9512e+02
20191201_14:00:00   7.2803e-02   2.1601e+01   9.5415e-01   0.0000e+00   1.4055e-04   2.9554e+02
20191201_15:00:00   7.6532e-02   2.2408e+01   1.0254e+00   0.0000e+00   5.0954e-04   2.9524e+02
20191201_16:00:00   8.1117e-02   2.3410e+01   1.1070e+00   0.0000e+00   2.1996e-03   2.9496e+02
20191201_17:00:00   8.2984e-02   2.3812e+01   1.1372e+00   0.0000e+00   5.2444e-03   2.9533e+02
20191201_18:00:00   8.2592e-02   2.3716e+01   1.1292e+00   0.0000e+00   6.1554e-03   2.9579e+02
20191201_21:00:00   7.5433e-02   2.2129e+01   9.8441e-01   0.0000e+00   3.9350e-03   3.0398e+02
20191202_00:00:00   7.1462e-02   2.1240e+01   9.0490e-01   0.0000e+00   4.5059e-03   3.1367e+02
20191202_03:00:00   7.3545e-02   2.1675e+01   9.4720e-01   0.0000e+00   4.4426e-03   3.1883e+02
20191202_06:00:00   7.7307e-02   2.2499e+01   1.0174e+00   0.0000e+00   5.5033e-03   3.1858e+02
20191202_09:00:00   7.8177e-02   2.2708e+01   1.0299e+00   0.0000e+00   8.5900e-03   3.1843e+02
20191202_12:00:00   8.0280e-02   2.3184e+01   1.0727e+00   0.0000e+00   7.3325e-03   3.1820e+02
20191202_15:00:00   8.1878e-02   2.3539e+01   1.1022e+00   0.0000e+00   1.1271e-02   3.2030e+02
20191202_18:00:00   8.3613e-02   2.3950e+01   1.1366e+00   0.0000e+00   8.2547e-03   3.2347e+02
20191202_21:00:00   8.5497e-02   2.4385e+01   1.1708e+00   0.0000e+00   1.0903e-02   3.2175e+02
20191203_00:00:00   8.6536e-02   2.4636e+01   1.1894e+00   0.0000e+00   1.2803e-02   3.2421e+02
20191203_03:00:00   8.9788e-02   2.5352e+01   1.2548e+00   0.0000e+00   8.3310e-03   3.2815e+02
20191203_06:00:00   8.8628e-02   2.5103e+01   1.2385e+00   0.0000e+00   4.4584e-03   3.3158e+02
20191203_09:00:00   8.5678e-02   2.4466e+01   1.1897e+00   0.0000e+00   2.1811e-03   3.3130e+02
20191203_12:00:00   8.2547e-02   2.3780e+01   1.1360e+00   0.0000e+00   7.1380e-04   3.2957e+02
20191203_15:00:00   7.9963e-02   2.3215e+01   1.0899e+00   0.0000e+00   8.1575e-05   3.2894e+02
20191203_18:00:00   7.8609e-02   2.2917e+01   1.0636e+00   0.0000e+00   6.0954e-05   3.2830e+02
20191203_21:00:00   7.9278e-02   2.3071e+01   1.0726e+00   0.0000e+00   5.4763e-05   3.2767e+02
20191204_00:00:00   8.2038e-02   2.3673e+01   1.1247e+00   0.0000e+00   4.9278e-04   3.3029e+02
20191204_03:00:00   8.6088e-02   2.4571e+01   1.1887e+00   0.0000e+00   4.0739e-03   3.3145e+02
20191204_06:00:00   8.7613e-02   2.4917e+01   1.2080e+00   0.0000e+00   1.1376e-02   3.3343e+02
20191204_09:00:00   9.2067e-02   2.5926e+01   1.2727e+00   0.0000e+00   2.5872e-02   3.3171e+02
20191204_12:00:00   9.1206e-02   2.5764e+01   1.2542e+00   0.0000e+00   1.9044e-02   3.3259e+02
20191204_15:00:00   8.9959e-02   2.5500e+01   1.2331e+00   0.0000e+00   1.6395e-02   3.2943e+02
20191204_18:00:00   8.9367e-02   2.5371e+01   1.2268e+00   0.0000e+00   9.4010e-03   3.2767e+02
20191204_21:00:00   8.7869e-02   2.5057e+01   1.1984e+00   0.0000e+00   5.5127e-03   3.2339e+02
20191205_00:00:00   9.6751e-02   2.6971e+01   1.3710e+00   0.0000e+00   3.9874e-03   3.2521e+02
20191205_03:00:00   9.7692e-02   2.7203e+01   1.3957e+00   0.0000e+00   3.4614e-03   3.2373e+02
20191205_06:00:00   9.9127e-02   2.7533e+01   1.4242e+00   0.0000e+00   5.0253e-03   3.2153e+02
20191205_09:00:00   9.9436e-02   2.7618e+01   1.4325e+00   0.0000e+00   2.0589e-03   3.2143e+02
20191205_12:00:00   1.0142e-01   2.8053e+01   1.4747e+00   0.0000e+00   1.2442e-03   3.2101e+02
20191205_15:00:00   1.0369e-01   2.8549e+01   1.5217e+00   0.0000e+00   3.3811e-03   3.2065e+02
20191205_18:00:00   1.0504e-01   2.8853e+01   1.5494e+00   0.0000e+00   4.3814e-03   3.2030e+02
20191205_21:00:00   1.0479e-01   2.8795e+01   1.5494e+00   0.0000e+00   8.0737e-03   3.1821e+02
20191206_00:00:00   1.0403e-01   2.8626e+01   1.5414e+00   0.0000e+00   8.5528e-03   3.1811e+02
20191206_03:00:00   1.0204e-01   2.8191e+01   1.5100e+00   0.0000e+00   8.9920e-03   3.1686e+02
20191206_06:00:00   1.0005e-01   2.7752e+01   1.4779e+00   0.0000e+00   9.7532e-03   3.1844e+02
20191206_09:00:00   9.7961e-02   2.7288e+01   1.4416e+00   0.0000e+00   8.5447e-03   3.2127e+02
20191206_12:00:00   9.6089e-02   2.6871e+01   1.4103e+00   0.0000e+00   8.4009e-03   3.2399e+02
20191206_15:00:00   9.4323e-02   2.6482e+01   1.3806e+00   0.0000e+00   8.7524e-03   3.2491e+02
20191206_18:00:00   9.3320e-02   2.6259e+01   1.3644e+00   0.0000e+00   7.0160e-03   3.2492e+02
20191206_21:00:00   9.2209e-02   2.6018e+01   1.3476e+00   0.0000e+00   4.1156e-03   3.2619e+02
20191207_00:00:00   9.0478e-02   2.5626e+01   1.3196e+00   0.0000e+00   1.4828e-03   3.3006e+02
20191207_03:00:00   8.9396e-02   2.5380e+01   1.3025e+00   0.0000e+00   3.0104e-03   3.3041e+02
20191207_06:00:00   8.9814e-02   2.5470e+01   1.3119e+00   0.0000e+00   6.8388e-03   3.2783e+02
20191207_09:00:00   9.0612e-02   2.5656e+01   1.3278e+00   0.0000e+00   6.1996e-03   3.2657e+02
20191207_12:00:00   8.9929e-02   2.5504e+01   1.3183e+00   0.0000e+00   3.4671e-03   3.2625e+02
20191207_15:00:00   9.0187e-02   2.5558e+01   1.3235e+00   0.0000e+00   5.9986e-03   3.2815e+02
20191207_18:00:00   9.1295e-02   2.5810e+01   1.3406e+00   0.0000e+00   7.5500e-03   3.2609e+02
20191207_21:00:00   9.2161e-02   2.6002e+01   1.3521e+00   0.0000e+00   1.0445e-02   3.2208e+02
20191208_00:00:00   9.1602e-02   2.5867e+01   1.3420e+00   0.0000e+00   7.4866e-03   3.1813e+02
20191208_03:00:00   9.0952e-02   2.5710e+01   1.3256e+00   0.0000e+00   1.2399e-02   3.1711e+02
20191208_06:00:00   8.9558e-02   2.5388e+01   1.2989e+00   0.0000e+00   1.0727e-02   3.1800e+02
20191208_09:00:00   8.7711e-02   2.4965e+01   1.2615e+00   0.0000e+00   9.6356e-03   3.1870e+02
20191208_12:00:00   8.6112e-02   2.4601e+01   1.2293e+00   0.0000e+00   8.2071e-03   3.1830e+02
20191208_15:00:00   8.5497e-02   2.4467e+01   1.2145e+00   0.0000e+00   5.2413e-03   3.1662e+02
20191208_18:00:00   8.4319e-02   2.4208e+01   1.1911e+00   0.0000e+00   2.9411e-03   3.1407e+02
20191208_21:00:00   8.2251e-02   2.3754e+01   1.1521e+00   0.0000e+00   9.3409e-04   3.1699e+02
20191209_00:00:00   8.0303e-02   2.3338e+01   1.1164e+00   0.0000e+00   3.6711e-05   3.2201e+02
20191209_03:00:00   7.8307e-02   2.2908e+01   1.0787e+00   0.0000e+00   2.8553e-05   3.2426e+02
20191209_06:00:00   7.6260e-02   2.2470e+01   1.0404e+00   0.0000e+00   2.8553e-05   3.2427e+02
20191209_09:00:00   7.3380e-02   2.1841e+01   9.8703e-01   0.0000e+00   1.0144e-05   3.2273e+02
20191209_12:00:00   7.0272e-02   2.1166e+01   9.3086e-01   0.0000e+00   6.1180e-06   3.2134e+02
20191209_15:00:00   6.7670e-02   2.0591e+01   8.8608e-01   0.0000e+00   0.0000e+00   3.1965e+02
20191209_18:00:00   6.6615e-02   2.0370e+01   8.6942e-01   0.0000e+00   1.9690e-06   3.1867e+02
20191209_21:00:00   6.9336e-02   2.1020e+01   9.1820e-01   0.0000e+00   1.9770e-06   3.1730e+02
20191210_00:00:00   7.5308e-02   2.2414e+01   1.0225e+00   0.0000e+00   1.0255e-05   3.1553e+02
20191210_03:00:00   8.4006e-02   2.4418e+01   1.1757e+00   0.0000e+00   6.1180e-06   3.1381e+02
20191210_06:00:00   9.0655e-02   2.5921e+01   1.2941e+00   0.0000e+00   1.8412e-05   3.1117e+02
20191210_09:00:00   9.5556e-02   2.7023e+01   1.3813e+00   0.0000e+00   1.6065e-04   3.0965e+02
20191210_12:00:00   9.8526e-02   2.7678e+01   1.4364e+00   0.0000e+00   2.3439e-04   3.0877e+02
20191210_15:00:00   9.9474e-02   2.7868e+01   1.4608e+00   0.0000e+00   7.5354e-05   3.0795e+02
20191210_18:00:00   1.0093e-01   2.8163e+01   1.4946e+00   0.0000e+00   1.0811e-04   3.0652e+02
20191210_21:00:00   1.0059e-01   2.8065e+01   1.4930e+00   0.0000e+00   2.4474e-05   3.0531e+02
20191211_00:00:00   9.8693e-02   2.7625e+01   1.4627e+00   0.0000e+00   1.6316e-05   3.0559e+02
20191211_03:00:00   9.6625e-02   2.7159e+01   1.4178e+00   0.0000e+00   1.6316e-05   3.0875e+02
20191211_06:00:00   9.4072e-02   2.6596e+01   1.3614e+00   0.0000e+00   8.1580e-06   3.0956e+02
20191211_09:00:00   9.1036e-02   2.5916e+01   1.2979e+00   0.0000e+00   8.1580e-06   3.0975e+02
20191211_12:00:00   8.9667e-02   2.5612e+01   1.2679e+00   0.0000e+00   1.6369e-05   3.0959e+02
20191211_15:00:00   8.8394e-02   2.5321e+01   1.2458e+00   0.0000e+00   1.4276e-05   3.0862e+02
20191211_18:00:00   8.8222e-02   2.5261e+01   1.2494e+00   0.0000e+00   1.0272e-05   3.0645e+02
20191211_21:00:00   9.4873e-02   2.6696e+01   1.3807e+00   0.0000e+00   1.3525e-03   3.0666e+02
20191212_00:00:00   1.0024e-01   2.7870e+01   1.4709e+00   0.0000e+00   8.7952e-03   3.0568e+02
20191212_03:00:00   9.9185e-02   2.7646e+01   1.4379e+00   0.0000e+00   2.1542e-02   3.0597e+02
20191212_06:00:00   9.7550e-02   2.7262e+01   1.4100e+00   0.0000e+00   1.1722e-02   3.0689e+02
20191212_09:00:00   9.9785e-02   2.7720e+01   1.4491e+00   0.0000e+00   3.4135e-02   3.0524e+02
20191212_12:00:00   9.9581e-02   2.7658e+01   1.4533e+00   0.0000e+00   2.3403e-02   3.0604e+02
20191212_15:00:00   9.8723e-02   2.7446e+01   1.4456e+00   0.0000e+00   1.5069e-02   3.0706e+02
20191212_18:00:00   9.7936e-02   2.7264e+01   1.4354e+00   0.0000e+00   8.0490e-03   3.0715e+02
