#            date       tau225        Tb[K]      pwv[mm] lwp[kg*m^-2] iwp[kg*m^-2]       o3[DU]
20191025_06:00:00   3.1905e-02   1.2674e+01   5.3856e-01   0.0000e+00   1.3568e-29   2.6630e+02
20191025_07:00:00   3.2846e-02   1.2924e+01   5.6386e-01   0.0000e+00   0.0000e+00   2.6689e+02
20191025_08:00:00   3.5701e-02   1.3680e+01   6.3915e-01   0.0000e+00   0.0000e+00   2.6723e+02
20191025_09:00:00   3.7000e-02   1.4030e+01   6.7134e-01   0.0000e+00   0.0000e+00   2.6659e+02
20191025_10:00:00   3.6137e-02   1.3805e+01   6.4773e-01   0.0000e+00   0.0000e+00   2.6642e+02
20191025_11:00:00   3.5128e-02   1.3543e+01   6.2175e-01   0.0000e+00   0.0000e+00   2.6623e+02
20191025_12:00:00   3.4269e-02   1.3316e+01   6.0015e-01   0.0000e+00   0.0000e+00   2.6746e+02
20191025_13:00:00   3.5049e-02   1.3529e+01   6.2140e-01   0.0000e+00   0.0000e+00   2.6646e+02
20191025_14:00:00   3.7127e-02   1.4086e+01   6.7760e-01   0.0000e+00   0.0000e+00   2.6458e+02
20191025_15:00:00   4.0236e-02   1.4913e+01   7.6155e-01   0.0000e+00   0.0000e+00   2.6281e+02
20191025_16:00:00   4.2931e-02   1.5614e+01   8.3409e-01   0.0000e+00   0.0000e+00   2.6302e+02
20191025_17:00:00   4.3301e-02   1.5715e+01   8.4529e-01   0.0000e+00   0.0000e+00   2.6259e+02
20191025_18:00:00   4.3111e-02   1.5661e+01   8.4140e-01   0.0000e+00   0.0000e+00   2.6161e+02
20191025_19:00:00   4.3680e-02   1.5802e+01   8.5744e-01   0.0000e+00   0.0000e+00   2.6106e+02
20191025_20:00:00   4.8233e-02   1.6972e+01   9.7523e-01   0.0000e+00   0.0000e+00   2.6065e+02
20191025_21:00:00   5.2442e-02   1.8060e+01   1.0784e+00   0.0000e+00   0.0000e+00   2.6076e+02
20191025_22:00:00   5.3529e-02   1.8336e+01   1.1004e+00   0.0000e+00   0.0000e+00   2.6023e+02
20191025_23:00:00   4.9285e-02   1.7263e+01   9.8412e-01   0.0000e+00   0.0000e+00   2.6022e+02
20191026_00:00:00   4.5857e-02   1.6370e+01   8.9487e-01   0.0000e+00   0.0000e+00   2.5948e+02
20191026_01:00:00   4.4125e-02   1.5910e+01   8.5243e-01   0.0000e+00   0.0000e+00   2.5901e+02
20191026_02:00:00   4.1826e-02   1.5310e+01   7.9851e-01   0.0000e+00   0.0000e+00   2.5901e+02
20191026_03:00:00   4.0571e-02   1.4982e+01   7.6700e-01   0.0000e+00   0.0000e+00   2.6060e+02
20191026_04:00:00   3.9052e-02   1.4566e+01   7.3266e-01   0.0000e+00   0.0000e+00   2.6071e+02
20191026_05:00:00   3.8285e-02   1.4353e+01   7.1402e-01   0.0000e+00   0.0000e+00   2.5981e+02
20191026_06:00:00   3.8305e-02   1.4344e+01   7.1615e-01   0.0000e+00   0.0000e+00   2.5907e+02
20191026_07:00:00   3.7574e-02   1.4146e+01   6.9727e-01   0.0000e+00   0.0000e+00   2.5887e+02
20191026_08:00:00   3.7216e-02   1.4047e+01   6.8887e-01   0.0000e+00   0.0000e+00   2.5938e+02
20191026_09:00:00   3.6886e-02   1.3963e+01   6.7860e-01   0.0000e+00   0.0000e+00   2.5981e+02
20191026_10:00:00   3.6796e-02   1.3933e+01   6.7663e-01   0.0000e+00   0.0000e+00   2.5940e+02
20191026_11:00:00   3.6488e-02   1.3856e+01   6.6650e-01   0.0000e+00   0.0000e+00   2.5898e+02
20191026_12:00:00   3.6668e-02   1.3906e+01   6.7150e-01   0.0000e+00   6.0560e-08   2.5873e+02
20191026_13:00:00   3.7260e-02   1.4081e+01   6.8588e-01   0.0000e+00   0.0000e+00   2.5894e+02
20191026_14:00:00   3.8362e-02   1.4381e+01   7.1571e-01   0.0000e+00   0.0000e+00   2.5816e+02
20191026_15:00:00   3.9378e-02   1.4654e+01   7.4485e-01   0.0000e+00   0.0000e+00   2.5734e+02
20191026_16:00:00   4.0167e-02   1.4860e+01   7.6768e-01   0.0000e+00   0.0000e+00   2.5738e+02
20191026_17:00:00   3.9434e-02   1.4668e+01   7.4964e-01   0.0000e+00   0.0000e+00   2.5667e+02
20191026_18:00:00   3.8446e-02   1.4398e+01   7.2605e-01   0.0000e+00   0.0000e+00   2.5598e+02
20191026_19:00:00   4.0718e-02   1.4996e+01   7.8547e-01   0.0000e+00   0.0000e+00   2.5628e+02
20191026_20:00:00   4.5908e-02   1.6343e+01   9.2053e-01   0.0000e+00   0.0000e+00   2.5552e+02
20191026_21:00:00   4.9518e-02   1.7276e+01   1.0102e+00   0.0000e+00   0.0000e+00   2.5633e+02
20191026_22:00:00   5.3327e-02   1.8260e+01   1.0997e+00   0.0000e+00   0.0000e+00   2.5718e+02
20191026_23:00:00   5.5493e-02   1.8836e+01   1.1419e+00   0.0000e+00   0.0000e+00   2.5771e+02
20191027_00:00:00   5.4250e-02   1.8527e+01   1.1011e+00   0.0000e+00   0.0000e+00   2.5702e+02
20191027_01:00:00   5.3330e-02   1.8298e+01   1.0726e+00   0.0000e+00   0.0000e+00   2.5482e+02
20191027_02:00:00   4.7169e-02   1.6713e+01   9.2715e-01   0.0000e+00   0.0000e+00   2.5434e+02
20191027_03:00:00   4.2989e-02   1.5628e+01   8.2482e-01   0.0000e+00   0.0000e+00   2.5352e+02
20191027_04:00:00   4.0227e-02   1.4900e+01   7.5786e-01   0.0000e+00   0.0000e+00   2.5340e+02
20191027_05:00:00   3.7931e-02   1.4290e+01   7.0140e-01   0.0000e+00   0.0000e+00   2.5305e+02
20191027_06:00:00   3.5699e-02   1.3686e+01   6.4711e-01   0.0000e+00   0.0000e+00   2.5204e+02
20191027_07:00:00   3.4543e-02   1.3355e+01   6.2331e-01   0.0000e+00   0.0000e+00   2.5064e+02
20191027_08:00:00   3.3825e-02   1.3154e+01   6.0821e-01   0.0000e+00   0.0000e+00   2.5070e+02
20191027_09:00:00   3.3686e-02   1.3108e+01   6.0756e-01   0.0000e+00   0.0000e+00   2.5201e+02
20191027_10:00:00   3.4119e-02   1.3229e+01   6.1781e-01   0.0000e+00   0.0000e+00   2.5313e+02
20191027_11:00:00   3.4033e-02   1.3214e+01   6.1561e-01   0.0000e+00   0.0000e+00   2.5487e+02
20191027_12:00:00   3.3693e-02   1.3131e+01   6.0608e-01   0.0000e+00   0.0000e+00   2.5598e+02
20191027_13:00:00   3.4698e-02   1.3416e+01   6.3072e-01   0.0000e+00   0.0000e+00   2.5436e+02
20191027_14:00:00   3.5626e-02   1.3668e+01   6.5658e-01   0.0000e+00   0.0000e+00   2.5391e+02
20191027_15:00:00   3.7401e-02   1.4145e+01   7.0439e-01   0.0000e+00   0.0000e+00   2.5338e+02
20191027_16:00:00   3.9174e-02   1.4616e+01   7.5240e-01   0.0000e+00   0.0000e+00   2.5242e+02
20191027_17:00:00   3.9942e-02   1.4817e+01   7.7448e-01   0.0000e+00   0.0000e+00   2.5227e+02
20191027_18:00:00   3.9084e-02   1.4589e+01   7.5403e-01   0.0000e+00   0.0000e+00   2.5296e+02
20191027_19:00:00   3.8050e-02   1.4312e+01   7.2854e-01   0.0000e+00   0.0000e+00   2.5430e+02
20191027_20:00:00   3.7069e-02   1.4048e+01   7.0295e-01   0.0000e+00   0.0000e+00   2.5467e+02
20191027_21:00:00   3.6769e-02   1.3964e+01   6.9452e-01   0.0000e+00   0.0000e+00   2.5436e+02
20191027_22:00:00   3.9354e-02   1.4640e+01   7.6321e-01   0.0000e+00   0.0000e+00   2.5470e+02
20191027_23:00:00   4.2371e-02   1.5437e+01   8.3969e-01   0.0000e+00   0.0000e+00   2.5458e+02
20191028_00:00:00   4.7395e-02   1.6754e+01   9.6535e-01   0.0000e+00   2.0080e-05   2.5218e+02
20191028_01:00:00   4.7801e-02   1.6850e+01   9.7639e-01   0.0000e+00   2.3880e-04   2.4987e+02
20191028_02:00:00   4.6900e-02   1.6604e+01   9.5725e-01   0.0000e+00   4.4120e-04   2.5043e+02
20191028_03:00:00   4.5266e-02   1.6151e+01   9.2030e-01   0.0000e+00   3.3580e-05   2.5227e+02
20191028_04:00:00   4.3235e-02   1.5593e+01   8.7285e-01   0.0000e+00   1.6332e-05   2.5111e+02
20191028_05:00:00   4.4167e-02   1.5806e+01   9.0069e-01   0.0000e+00   1.2124e-05   2.5209e+02
20191028_06:00:00   4.2469e-02   1.5348e+01   8.6025e-01   0.0000e+00   1.1465e-04   2.5280e+02
20191028_07:00:00   4.2483e-02   1.5335e+01   8.6332e-01   0.0000e+00   3.3122e-04   2.5228e+02
20191028_08:00:00   4.1968e-02   1.5183e+01   8.5151e-01   0.0000e+00   7.1860e-04   2.5217e+02
20191028_09:00:00   4.1739e-02   1.5102e+01   8.4727e-01   0.0000e+00   5.8340e-04   2.5322e+02
20191028_10:00:00   4.0642e-02   1.4806e+01   8.1916e-01   0.0000e+00   1.4456e-03   2.5404e+02
20191028_11:00:00   3.9425e-02   1.4490e+01   7.8737e-01   0.0000e+00   1.0396e-03   2.5380e+02
20191028_12:00:00   3.9426e-02   1.4497e+01   7.8948e-01   0.0000e+00   7.4980e-04   2.5304e+02
20191028_13:00:00   4.0782e-02   1.4892e+01   8.2108e-01   0.0000e+00   1.2034e-03   2.5275e+02
20191028_14:00:00   4.3316e-02   1.5597e+01   8.8453e-01   0.0000e+00   7.9460e-04   2.5128e+02
20191028_15:00:00   4.6506e-02   1.6446e+01   9.6940e-01   0.0000e+00   5.0859e-04   2.5055e+02
20191028_16:00:00   5.0398e-02   1.7467e+01   1.0743e+00   0.0000e+00   2.3777e-04   2.5097e+02
20191028_17:00:00   5.2143e-02   1.7925e+01   1.1226e+00   0.0000e+00   1.6480e-04   2.5185e+02
20191028_18:00:00   5.0728e-02   1.7547e+01   1.0895e+00   0.0000e+00   7.5698e-04   2.5204e+02
20191028_19:00:00   4.8243e-02   1.6888e+01   1.0246e+00   0.0000e+00   3.1608e-03   2.5123e+02
20191028_20:00:00   4.4967e-02   1.6009e+01   9.4082e-01   0.0000e+00   4.4805e-03   2.5098e+02
20191028_21:00:00   4.5580e-02   1.6145e+01   9.5936e-01   0.0000e+00   4.8279e-03   2.5125e+02
20191028_22:00:00   4.8462e-02   1.6897e+01   1.0348e+00   0.0000e+00   2.6889e-03   2.5295e+02
20191028_23:00:00   5.1029e-02   1.7595e+01   1.0903e+00   0.0000e+00   3.7795e-03   2.5199e+02
20191029_00:00:00   5.3934e-02   1.8364e+01   1.1548e+00   0.0000e+00   2.0866e-03   2.5102e+02
20191029_01:00:00   5.1137e-02   1.7648e+01   1.0847e+00   0.0000e+00   6.3173e-04   2.5121e+02
20191029_02:00:00   4.7070e-02   1.6562e+01   9.8460e-01   0.0000e+00   3.7360e-03   2.5129e+02
20191029_03:00:00   4.6334e-02   1.6352e+01   9.6471e-01   0.0000e+00   5.3979e-03   2.5119e+02
20191029_04:00:00   4.3676e-02   1.5639e+01   8.9712e-01   0.0000e+00   7.4966e-03   2.5217e+02
20191029_05:00:00   4.2422e-02   1.5292e+01   8.6684e-01   0.0000e+00   7.8959e-03   2.5328e+02
20191029_06:00:00   4.2080e-02   1.5193e+01   8.5952e-01   0.0000e+00   7.3973e-03   2.5636e+02
20191029_07:00:00   4.0265e-02   1.4725e+01   8.1125e-01   0.0000e+00   7.2627e-03   2.5758e+02
20191029_08:00:00   3.8578e-02   1.4284e+01   7.6822e-01   0.0000e+00   5.4877e-03   2.5770e+02
20191029_09:00:00   3.7792e-02   1.4083e+01   7.4778e-01   0.0000e+00   4.0760e-03   2.5714e+02
20191029_10:00:00   3.9369e-02   1.4514e+01   7.8694e-01   0.0000e+00   1.5448e-03   2.5563e+02
20191029_11:00:00   4.5763e-02   1.6218e+01   9.5008e-01   0.0000e+00   9.0422e-04   2.5672e+02
20191029_12:00:00   5.2114e-02   1.7903e+01   1.1085e+00   0.0000e+00   2.9922e-04   2.5851e+02
20191029_13:00:00   5.5969e-02   1.8914e+01   1.2077e+00   0.0000e+00   1.0378e-04   2.5993e+02
20191029_14:00:00   6.6194e-02   2.1531e+01   1.4765e+00   0.0000e+00   3.6920e-04   2.6090e+02
20191029_15:00:00   7.1362e-02   2.2808e+01   1.6227e+00   0.0000e+00   3.2987e-03   2.6180e+02
20191029_16:00:00   6.9124e-02   2.2178e+01   1.5839e+00   0.0000e+00   3.9146e-03   2.6141e+02
20191029_17:00:00   6.7933e-02   2.1768e+01   1.5747e+00   0.0000e+00   5.3913e-03   2.6072e+02
20191029_18:00:00   6.6640e-02   2.1402e+01   1.5457e+00   0.0000e+00   6.3940e-03   2.5962e+02
20191029_19:00:00   6.3517e-02   2.0600e+01   1.4707e+00   0.0000e+00   3.5777e-03   2.5928e+02
20191029_20:00:00   7.3240e-02   2.2969e+01   1.7420e+00   0.0000e+00   9.2024e-04   2.5857e+02
20191029_21:00:00   8.4532e-02   2.5514e+01   2.0632e+00   0.0000e+00   3.3410e-02   2.5745e+02
20191029_22:00:00   9.6378e-02   2.8250e+01   2.3863e+00   0.0000e+00   4.9741e-02   2.5613e+02
20191029_23:00:00   1.1222e-01   3.1928e+01   2.7932e+00   0.0000e+00   6.5144e-02   2.5567e+02
20191030_00:00:00   1.2590e-01   3.4983e+01   3.0907e+00   0.0000e+00   1.5731e-01   2.5336e+02
20191030_01:00:00   1.3418e-01   3.6895e+01   3.3269e+00   0.0000e+00   1.0211e-01   2.5429e+02
20191030_02:00:00   1.1167e-01   3.1833e+01   2.7541e+00   0.0000e+00   5.4124e-02   2.5526e+02
20191030_03:00:00   1.0032e-01   2.9162e+01   2.4816e+00   0.0000e+00   3.9545e-03   2.5686e+02
20191030_04:00:00   9.2476e-02   2.7365e+01   2.2623e+00   0.0000e+00   2.6176e-05   2.5998e+02
20191030_05:00:00   9.2733e-02   2.7378e+01   2.2718e+00   0.0000e+00   4.6243e-04   2.6134e+02
20191030_06:00:00   9.2369e-02   2.7193e+01   2.2756e+00   0.0000e+00   1.0047e-03   2.5944e+02
20191030_09:00:00   1.1623e-01   3.2676e+01   2.8950e+00   0.0000e+00   2.9039e-02   2.5626e+02
20191030_12:00:00   1.3793e-01   3.7661e+01   3.4406e+00   0.0000e+00   3.4139e-02   2.6095e+02
20191030_15:00:00   1.2263e-01   3.4514e+01   3.0528e+00   0.0000e+00   6.6434e-04   2.6118e+02
20191030_18:00:00   1.5824e-01   4.2639e+01   3.9892e+00   0.0000e+00   3.0371e-02   2.5838e+02
20191030_21:00:00   1.4126e-01   3.9083e+01   3.4955e+00   0.0000e+00   5.2595e-03   2.5623e+02
20191031_00:00:00   2.1060e-01   5.3749e+01   5.1438e+00   0.0000e+00   2.1258e-01   2.5819e+02
20191031_03:00:00   2.0120e-01   5.2355e+01   4.9504e+00   0.0000e+00   5.1604e-04   2.5751e+02
20191031_06:00:00   2.7006e-01   6.6765e+01   6.3901e+00   0.0000e+00   2.1764e-03   2.5875e+02
20191031_09:00:00   2.8661e-01   7.0088e+01   6.6988e+00   0.0000e+00   4.7088e-04   2.5921e+02
20191031_12:00:00   2.7831e-01   6.8420e+01   6.5738e+00   0.0000e+00   2.6611e-03   2.5553e+02
20191031_15:00:00   3.1347e-01   7.5230e+01   7.3657e+00   1.0988e-03   7.1114e-02   2.5424e+02
20191031_18:00:00   3.4416e-01   8.1002e+01   8.0084e+00   1.4532e-04   1.9114e-01   2.5318e+02
20191031_21:00:00   2.6793e-01   6.5985e+01   6.5378e+00   0.0000e+00   2.9657e-02   2.5669e+02
20191101_00:00:00   2.6208e-01   6.4563e+01   6.3584e+00   0.0000e+00   5.2621e-02   2.5625e+02
20191101_03:00:00   2.4307e-01   6.1045e+01   5.8455e+00   0.0000e+00   6.3083e-05   2.5694e+02
20191101_06:00:00   2.1347e-01   5.4835e+01   5.1051e+00   0.0000e+00   1.5512e-05   2.5577e+02
20191101_09:00:00   2.0264e-01   5.2590e+01   4.8159e+00   0.0000e+00   0.0000e+00   2.5724e+02
20191101_12:00:00   1.9869e-01   5.1900e+01   4.6552e+00   0.0000e+00   0.0000e+00   2.5681e+02
20191101_15:00:00   2.1414e-01   5.5373e+01   5.0442e+00   0.0000e+00   2.7500e-05   2.5882e+02
20191101_18:00:00   2.0674e-01   5.4063e+01   4.8847e+00   0.0000e+00   3.2095e-04   2.5747e+02
20191101_21:00:00   1.8203e-01   4.8829e+01   4.2463e+00   0.0000e+00   0.0000e+00   2.5534e+02
20191102_00:00:00   1.6783e-01   4.5654e+01   3.7994e+00   0.0000e+00   0.0000e+00   2.5443e+02
20191102_03:00:00   1.7533e-01   4.7315e+01   3.9777e+00   0.0000e+00   0.0000e+00   2.5370e+02
20191102_06:00:00   1.6726e-01   4.5454e+01   3.7819e+00   0.0000e+00   0.0000e+00   2.5006e+02
20191102_09:00:00   1.5690e-01   4.3097e+01   3.5452e+00   0.0000e+00   0.0000e+00   2.4961e+02
20191102_12:00:00   1.4881e-01   4.1271e+01   3.3531e+00   0.0000e+00   0.0000e+00   2.5236e+02
20191102_15:00:00   1.3633e-01   3.8572e+01   3.1067e+00   0.0000e+00   2.5320e-04   2.5304e+02
20191102_18:00:00   1.2441e-01   3.5838e+01   2.8421e+00   0.0000e+00   1.8926e-06   2.5170e+02
20191102_21:00:00   1.3194e-01   3.7394e+01   3.0403e+00   0.0000e+00   0.0000e+00   2.5210e+02
20191103_00:00:00   1.1486e-01   3.3441e+01   2.5518e+00   0.0000e+00   2.4706e-03   2.4982e+02
20191103_03:00:00   9.6517e-02   2.9061e+01   2.1114e+00   0.0000e+00   5.8640e-04   2.5003e+02
20191103_06:00:00   9.9599e-02   2.9702e+01   2.1779e+00   0.0000e+00   1.7568e-05   2.4752e+02
20191103_09:00:00   8.0203e-02   2.5004e+01   1.7013e+00   0.0000e+00   0.0000e+00   2.5029e+02
20191103_12:00:00   6.6400e-02   2.1581e+01   1.4001e+00   0.0000e+00   0.0000e+00   2.5134e+02
20191103_15:00:00   6.5414e-02   2.1368e+01   1.3953e+00   0.0000e+00   0.0000e+00   2.5200e+02
20191103_18:00:00   9.7281e-02   2.9183e+01   2.1765e+00   0.0000e+00   0.0000e+00   2.5184e+02
20191103_21:00:00   1.2068e-01   3.4566e+01   2.7294e+00   0.0000e+00   0.0000e+00   2.5241e+02
20191104_00:00:00   1.0667e-01   3.1328e+01   2.2691e+00   0.0000e+00   0.0000e+00   2.5293e+02
20191104_03:00:00   8.0834e-02   2.5116e+01   1.6810e+00   0.0000e+00   0.0000e+00   2.5123e+02
20191104_06:00:00   6.7729e-02   2.1855e+01   1.3808e+00   0.0000e+00   0.0000e+00   2.5237e+02
20191104_09:00:00   5.5920e-02   1.8892e+01   1.1014e+00   0.0000e+00   0.0000e+00   2.5380e+02
20191104_12:00:00   5.0058e-02   1.7429e+01   9.6268e-01   0.0000e+00   0.0000e+00   2.5290e+02
20191104_15:00:00   5.1300e-02   1.7791e+01   1.0044e+00   0.0000e+00   0.0000e+00   2.5489e+02
20191104_18:00:00   5.4251e-02   1.8576e+01   1.0921e+00   0.0000e+00   0.0000e+00   2.5740e+02
20191104_21:00:00   8.8224e-02   2.7016e+01   1.9187e+00   0.0000e+00   0.0000e+00   2.5652e+02
20191105_00:00:00   8.4918e-02   2.6201e+01   1.7934e+00   0.0000e+00   0.0000e+00   2.5464e+02
20191105_03:00:00   6.2846e-02   2.0774e+01   1.2693e+00   0.0000e+00   0.0000e+00   2.5498e+02
20191105_06:00:00   5.0696e-02   1.7665e+01   9.8888e-01   0.0000e+00   0.0000e+00   2.5470e+02
20191105_09:00:00   4.8272e-02   1.7014e+01   9.3363e-01   0.0000e+00   0.0000e+00   2.5539e+02
20191105_12:00:00   4.4360e-02   1.6003e+01   8.3969e-01   0.0000e+00   0.0000e+00   2.5459e+02
20191105_15:00:00   4.5433e-02   1.6283e+01   8.9211e-01   0.0000e+00   0.0000e+00   2.5310e+02
20191105_18:00:00   5.9663e-02   1.9932e+01   1.2550e+00   0.0000e+00   1.5524e-05   2.5665e+02
20191105_21:00:00   6.1234e-02   2.0298e+01   1.2953e+00   0.0000e+00   2.0536e-05   2.5544e+02
20191106_00:00:00   6.8062e-02   2.2053e+01   1.4273e+00   0.0000e+00   7.2960e-04   2.5632e+02
20191106_03:00:00   4.5577e-02   1.6282e+01   9.1342e-01   0.0000e+00   1.3685e-03   2.5552e+02
20191106_06:00:00   4.4206e-02   1.5871e+01   8.8946e-01   0.0000e+00   3.3200e-04   2.5356e+02
20191106_09:00:00   4.3077e-02   1.5539e+01   8.6354e-01   0.0000e+00   9.0300e-06   2.5835e+02
20191106_12:00:00   4.6310e-02   1.6333e+01   9.5349e-01   0.0000e+00   0.0000e+00   2.5805e+02
20191106_15:00:00   4.8607e-02   1.6987e+01   1.0030e+00   0.0000e+00   8.2720e-06   2.5754e+02
20191106_18:00:00   4.9491e-02   1.7264e+01   1.0166e+00   0.0000e+00   0.0000e+00   2.5926e+02
20191106_21:00:00   8.5655e-02   2.6343e+01   1.8902e+00   0.0000e+00   0.0000e+00   2.6110e+02
20191107_00:00:00   5.8585e-02   1.9630e+01   1.1976e+00   0.0000e+00   0.0000e+00   2.5814e+02
20191107_03:00:00   5.2043e-02   1.7967e+01   1.0479e+00   0.0000e+00   2.2599e-04   2.5945e+02
20191107_06:00:00   4.5648e-02   1.6238e+01   9.1598e-01   0.0000e+00   1.8641e-04   2.5782e+02
20191107_09:00:00   5.4782e-02   1.8475e+01   1.1695e+00   0.0000e+00   8.7714e-04   2.5930e+02
20191107_12:00:00   5.8570e-02   1.9380e+01   1.2756e+00   0.0000e+00   2.6793e-03   2.5930e+02
20191107_15:00:00   6.5944e-02   2.1172e+01   1.4881e+00   0.0000e+00   1.0238e-03   2.5943e+02
20191107_18:00:00   7.4089e-02   2.3251e+01   1.6890e+00   0.0000e+00   0.0000e+00   2.5796e+02
20191107_21:00:00   9.2618e-02   2.7780e+01   2.1285e+00   0.0000e+00   1.2245e-03   2.5453e+02
20191108_00:00:00   7.1278e-02   2.2629e+01   1.5738e+00   0.0000e+00   2.5241e-04   2.5627e+02
20191108_03:00:00   6.2529e-02   2.0419e+01   1.3698e+00   0.0000e+00   1.6764e-02   2.5921e+02
20191108_06:00:00   6.0906e-02   1.9986e+01   1.3265e+00   0.0000e+00   1.9085e-02   2.5743e+02
20191108_09:00:00   5.5651e-02   1.8660e+01   1.2093e+00   0.0000e+00   5.2940e-03   2.5793e+02
20191108_12:00:00   5.4260e-02   1.8299e+01   1.1660e+00   0.0000e+00   8.4412e-03   2.6096e+02
20191108_15:00:00   5.8103e-02   1.9334e+01   1.2635e+00   0.0000e+00   9.2146e-03   2.5777e+02
20191108_18:00:00   6.6099e-02   2.1374e+01   1.4708e+00   0.0000e+00   8.8035e-03   2.5486e+02
20191108_21:00:00   7.7637e-02   2.4233e+01   1.7288e+00   0.0000e+00   2.5889e-02   2.5679e+02
20191109_00:00:00   7.2255e-02   2.2866e+01   1.5965e+00   0.0000e+00   5.9494e-03   2.5731e+02
20191109_03:00:00   5.5095e-02   1.8567e+01   1.1796e+00   0.0000e+00   2.3861e-02   2.5707e+02
20191109_06:00:00   5.5498e-02   1.8678e+01   1.1924e+00   0.0000e+00   8.7014e-05   2.5592e+02
20191109_09:00:00   5.4589e-02   1.8369e+01   1.1949e+00   0.0000e+00   7.9930e-04   2.5942e+02
20191109_12:00:00   5.4875e-02   1.8391e+01   1.2149e+00   0.0000e+00   7.9540e-03   2.5801e+02
20191109_15:00:00   6.9558e-02   2.2085e+01   1.5831e+00   0.0000e+00   4.2432e-02   2.5679e+02
20191109_18:00:00   9.0713e-02   2.7279e+01   2.1338e+00   0.0000e+00   1.1535e-02   2.5592e+02
20191109_21:00:00   9.3318e-02   2.7897e+01   2.1846e+00   0.0000e+00   2.4231e-02   2.5634e+02
20191110_00:00:00   9.9020e-02   2.9202e+01   2.3597e+00   0.0000e+00   3.0204e-03   2.5860e+02
20191110_03:00:00   7.3401e-02   2.2979e+01   1.7158e+00   0.0000e+00   1.1596e-03   2.5598e+02
20191110_06:00:00   6.8660e-02   2.1795e+01   1.5960e+00   0.0000e+00   8.6466e-05   2.5558e+02
