#            date       tau225        Tb[K]      pwv[mm] lwp[kg*m^-2] iwp[kg*m^-2]       o3[DU]
20191110_12:00:00   1.1852e-01   3.4136e+01   2.7771e+00   0.0000e+00   1.1659e-02   2.5162e+02
20191110_13:00:00   1.4332e-01   3.9925e+01   3.3614e+00   0.0000e+00   1.5534e-02   2.5209e+02
20191110_14:00:00   1.6179e-01   4.4139e+01   3.8056e+00   0.0000e+00   1.4779e-02   2.5173e+02
20191110_15:00:00   1.7834e-01   4.7730e+01   4.2521e+00   0.0000e+00   1.4721e-02   2.5068e+02
20191110_16:00:00   1.7925e-01   4.7807e+01   4.1783e+00   3.0080e-03   2.0465e-02   2.5076e+02
20191110_17:00:00   1.5369e-01   4.2180e+01   3.7181e+00   0.0000e+00   1.4975e-02   2.5088e+02
20191110_18:00:00   1.4317e-01   3.9833e+01   3.4569e+00   0.0000e+00   7.2307e-04   2.4975e+02
20191110_19:00:00   1.2953e-01   3.6686e+01   3.1218e+00   0.0000e+00   4.4040e-07   2.5019e+02
20191110_20:00:00   1.2220e-01   3.4977e+01   2.9297e+00   0.0000e+00   3.0606e-05   2.4955e+02
20191110_21:00:00   1.2112e-01   3.4701e+01   2.8995e+00   0.0000e+00   9.6900e-06   2.5022e+02
20191110_22:00:00   1.2837e-01   3.6290e+01   3.0852e+00   0.0000e+00   3.4699e-04   2.4980e+02
20191110_23:00:00   1.2308e-01   3.4917e+01   2.9944e+00   0.0000e+00   1.0230e-02   2.4878e+02
20191111_00:00:00   1.2857e-01   3.6059e+01   3.1568e+00   0.0000e+00   8.6577e-03   2.4818e+02
20191111_01:00:00   1.3611e-01   3.7682e+01   3.3596e+00   0.0000e+00   2.1939e-02   2.4832e+02
20191111_02:00:00   1.4125e-01   3.8877e+01   3.4563e+00   0.0000e+00   1.0376e-02   2.4939e+02
20191111_03:00:00   1.6096e-01   4.3335e+01   3.9151e+00   0.0000e+00   2.2487e-02   2.4796e+02
20191111_04:00:00   1.8648e-01   4.8986e+01   4.5026e+00   0.0000e+00   2.1828e-02   2.4773e+02
20191111_05:00:00   2.1067e-01   5.4265e+01   5.0268e+00   0.0000e+00   1.9962e-02   2.4743e+02
20191111_06:00:00   2.2873e-01   5.8224e+01   5.3660e+00   0.0000e+00   2.6793e-02   2.4685e+02
20191111_07:00:00   2.3444e-01   5.9457e+01   5.4594e+00   2.2020e-05   3.5807e-02   2.4578e+02
20191111_08:00:00   2.4631e-01   6.1813e+01   5.7296e+00   0.0000e+00   5.0139e-02   2.4501e+02
20191111_09:00:00   2.4864e-01   6.2254e+01   5.7907e+00   0.0000e+00   6.0776e-02   2.4379e+02
20191111_10:00:00   2.3638e-01   5.9753e+01   5.5348e+00   0.0000e+00   5.7307e-02   2.4391e+02
20191111_11:00:00   2.3879e-01   6.0145e+01   5.6178e+00   0.0000e+00   9.2486e-02   2.4392e+02
20191111_12:00:00   2.3397e-01   5.9179e+01   5.5417e+00   0.0000e+00   6.8746e-02   2.4369e+02
20191111_13:00:00   2.2530e-01   5.7436e+01   5.4084e+00   0.0000e+00   4.7906e-02   2.4371e+02
20191111_14:00:00   2.4643e-01   6.1818e+01   5.8997e+00   0.0000e+00   8.1484e-02   2.4402e+02
20191111_15:00:00   2.6516e-01   6.5532e+01   6.3523e+00   0.0000e+00   1.3697e-01   2.4437e+02
20191111_16:00:00   3.0246e-01   7.2655e+01   6.7581e+00   1.0286e-02   2.0873e-01   2.4525e+02
20191111_17:00:00   3.0956e-01   7.4152e+01   7.3365e+00   1.4668e-04   2.4744e-01   2.4610e+02
20191111_18:00:00   2.9953e-01   7.2272e+01   7.0888e+00   6.9380e-05   1.9814e-01   2.4599e+02
20191111_19:00:00   2.8214e-01   6.8979e+01   6.6958e+00   0.0000e+00   1.3113e-01   2.4531e+02
20191111_20:00:00   2.7923e-01   6.8336e+01   6.6193e+00   9.4640e-05   1.5770e-01   2.4401e+02
20191111_21:00:00   2.5721e-01   6.3870e+01   6.1098e+00   0.0000e+00   1.8342e-01   2.4329e+02
20191111_22:00:00   2.2776e-01   5.7743e+01   5.4356e+00   0.0000e+00   1.9023e-01   2.4260e+02
20191111_23:00:00   2.2399e-01   5.6748e+01   5.3846e+00   0.0000e+00   2.2944e-01   2.4295e+02
20191112_00:00:00   2.2730e-01   5.7584e+01   5.5762e+00   0.0000e+00   3.9850e-02   2.4342e+02
20191112_01:00:00   2.2944e-01   5.7958e+01   5.6271e+00   0.0000e+00   1.4424e-02   2.4282e+02
20191112_02:00:00   2.3898e-01   5.9811e+01   5.8446e+00   1.4316e-05   2.1900e-02   2.4311e+02
20191112_03:00:00   2.5958e-01   6.3904e+01   6.3150e+00   0.0000e+00   3.1752e-02   2.4387e+02
20191112_04:00:00   2.6726e-01   6.5456e+01   6.4698e+00   0.0000e+00   7.6703e-02   2.4341e+02
20191112_05:00:00   2.6975e-01   6.5954e+01   6.5428e+00   0.0000e+00   4.0606e-02   2.4454e+02
20191112_06:00:00   2.6857e-01   6.5745e+01   6.4874e+00   0.0000e+00   9.6139e-02   2.4643e+02
20191112_07:00:00   2.6788e-01   6.5609e+01   6.4834e+00   0.0000e+00   6.8096e-02   2.4759e+02
20191112_08:00:00   2.6725e-01   6.5505e+01   6.4940e+00   0.0000e+00   2.7284e-02   2.4753e+02
20191112_09:00:00   2.6347e-01   6.4757e+01   6.4081e+00   0.0000e+00   5.2226e-02   2.4513e+02
20191112_10:00:00   2.5954e-01   6.3994e+01   6.3347e+00   0.0000e+00   5.9317e-02   2.4389e+02
20191112_11:00:00   2.5786e-01   6.3663e+01   6.3039e+00   0.0000e+00   2.1445e-02   2.4458e+02
20191112_12:00:00   2.5655e-01   6.3363e+01   6.2550e+00   0.0000e+00   3.6199e-02   2.4539e+02
20191112_13:00:00   2.6130e-01   6.4318e+01   6.3784e+00   0.0000e+00   3.0443e-02   2.4486e+02
20191112_14:00:00   2.6691e-01   6.5450e+01   6.5096e+00   0.0000e+00   4.6816e-02   2.4444e+02
20191112_15:00:00   2.8187e-01   6.8407e+01   6.8338e+00   0.0000e+00   1.3957e-01   2.4355e+02
20191112_16:00:00   2.8380e-01   6.8889e+01   6.9048e+00   0.0000e+00   9.1971e-02   2.4217e+02
20191112_17:00:00   2.7710e-01   6.7684e+01   6.7665e+00   0.0000e+00   3.4261e-02   2.4224e+02
20191112_18:00:00   2.6944e-01   6.6208e+01   6.5618e+00   0.0000e+00   3.9946e-02   2.4340e+02
20191112_19:00:00   2.7469e-01   6.7162e+01   6.6350e+00   0.0000e+00   1.8358e-01   2.4479e+02
20191112_20:00:00   2.6537e-01   6.5283e+01   6.4219e+00   0.0000e+00   1.1532e-01   2.4649e+02
20191112_21:00:00   2.4790e-01   6.1703e+01   6.0164e+00   0.0000e+00   1.1631e-01   2.4737e+02
20191112_22:00:00   2.3175e-01   5.8362e+01   5.6538e+00   0.0000e+00   6.0126e-02   2.4763e+02
20191112_23:00:00   1.9442e-01   5.0642e+01   4.7309e+00   0.0000e+00   1.4276e-03   2.4693e+02
20191113_00:00:00   1.8182e-01   4.8003e+01   4.3696e+00   0.0000e+00   1.6270e-04   2.4535e+02
20191113_01:00:00   1.7160e-01   4.5839e+01   4.0688e+00   0.0000e+00   1.0798e-04   2.4361e+02
20191113_02:00:00   1.5317e-01   4.1773e+01   3.5970e+00   0.0000e+00   3.9318e-04   2.4397e+02
20191113_03:00:00   1.3409e-01   3.7524e+01   3.1045e+00   0.0000e+00   0.0000e+00   2.4513e+02
20191113_04:00:00   1.2009e-01   3.4326e+01   2.7523e+00   0.0000e+00   0.0000e+00   2.4501e+02
20191113_05:00:00   1.0735e-01   3.1345e+01   2.4484e+00   0.0000e+00   0.0000e+00   2.4658e+02
20191113_06:00:00   9.9197e-02   2.9380e+01   2.2575e+00   0.0000e+00   0.0000e+00   2.4729e+02
20191113_07:00:00   9.2294e-02   2.7736e+01   2.0900e+00   0.0000e+00   0.0000e+00   2.4867e+02
20191113_08:00:00   8.8189e-02   2.6764e+01   1.9747e+00   0.0000e+00   0.0000e+00   2.4885e+02
20191113_09:00:00   8.2642e-02   2.5499e+01   1.8007e+00   0.0000e+00   0.0000e+00   2.4773e+02
20191113_10:00:00   7.5384e-02   2.3795e+01   1.5957e+00   0.0000e+00   0.0000e+00   2.4823e+02
20191113_11:00:00   6.9713e-02   2.2414e+01   1.4565e+00   0.0000e+00   0.0000e+00   2.4773e+02
20191113_12:00:00   6.8025e-02   2.2014e+01   1.4091e+00   0.0000e+00   0.0000e+00   2.4828e+02
20191113_13:00:00   6.2894e-02   2.0791e+01   1.2817e+00   0.0000e+00   0.0000e+00   2.4864e+02
20191113_14:00:00   6.2456e-02   2.0708e+01   1.2806e+00   0.0000e+00   0.0000e+00   2.4890e+02
20191113_15:00:00   6.7614e-02   2.2020e+01   1.4099e+00   0.0000e+00   0.0000e+00   2.4889e+02
20191113_16:00:00   7.1778e-02   2.3084e+01   1.5082e+00   0.0000e+00   0.0000e+00   2.4841e+02
20191113_17:00:00   7.6494e-02   2.4267e+01   1.6225e+00   0.0000e+00   0.0000e+00   2.4718e+02
20191113_18:00:00   7.8928e-02   2.4870e+01   1.6855e+00   0.0000e+00   0.0000e+00   2.4691e+02
20191113_19:00:00   8.0962e-02   2.5344e+01   1.7375e+00   0.0000e+00   0.0000e+00   2.4731e+02
20191113_20:00:00   9.7560e-02   2.9335e+01   2.1418e+00   0.0000e+00   0.0000e+00   2.4716e+02
20191113_21:00:00   1.2172e-01   3.5024e+01   2.6999e+00   0.0000e+00   0.0000e+00   2.4694e+02
20191113_22:00:00   1.2239e-01   3.5132e+01   2.7014e+00   0.0000e+00   0.0000e+00   2.4635e+02
20191113_23:00:00   1.1739e-01   3.3933e+01   2.5198e+00   0.0000e+00   0.0000e+00   2.4634e+02
20191114_00:00:00   1.0434e-01   3.0868e+01   2.1935e+00   0.0000e+00   0.0000e+00   2.4672e+02
20191114_01:00:00   9.1319e-02   2.7757e+01   1.8869e+00   0.0000e+00   0.0000e+00   2.4784e+02
20191114_02:00:00   7.9851e-02   2.4982e+01   1.6223e+00   0.0000e+00   0.0000e+00   2.4913e+02
20191114_03:00:00   6.3102e-02   2.0855e+01   1.2396e+00   0.0000e+00   0.0000e+00   2.5068e+02
20191114_04:00:00   4.9765e-02   1.7471e+01   9.4535e-01   0.0000e+00   0.0000e+00   2.5185e+02
20191114_05:00:00   4.3527e-02   1.5841e+01   8.0555e-01   0.0000e+00   0.0000e+00   2.5261e+02
20191114_06:00:00   4.1607e-02   1.5329e+01   7.6167e-01   0.0000e+00   0.0000e+00   2.5369e+02
20191114_07:00:00   3.9813e-02   1.4847e+01   7.1763e-01   0.0000e+00   0.0000e+00   2.5482e+02
20191114_08:00:00   3.9969e-02   1.4884e+01   7.1970e-01   0.0000e+00   0.0000e+00   2.5541e+02
20191114_09:00:00   3.8441e-02   1.4477e+01   6.8221e-01   0.0000e+00   0.0000e+00   2.5561e+02
20191114_10:00:00   3.5850e-02   1.3787e+01   6.2090e-01   0.0000e+00   0.0000e+00   2.5707e+02
20191114_11:00:00   3.6120e-02   1.3865e+01   6.2919e-01   0.0000e+00   0.0000e+00   2.5761e+02
20191114_12:00:00   3.9645e-02   1.4809e+01   7.1431e-01   0.0000e+00   0.0000e+00   2.5884e+02
20191114_13:00:00   4.5667e-02   1.6405e+01   8.6651e-01   0.0000e+00   0.0000e+00   2.5715e+02
20191114_14:00:00   5.7810e-02   1.9537e+01   1.1751e+00   0.0000e+00   0.0000e+00   2.5651e+02
20191114_15:00:00   6.5624e-02   2.1506e+01   1.3896e+00   0.0000e+00   0.0000e+00   2.5749e+02
20191114_16:00:00   7.3854e-02   2.3566e+01   1.6140e+00   0.0000e+00   0.0000e+00   2.5942e+02
20191114_17:00:00   9.2718e-02   2.8189e+01   2.1013e+00   0.0000e+00   0.0000e+00   2.6041e+02
20191114_18:00:00   1.0874e-01   3.2041e+01   2.5042e+00   0.0000e+00   3.2630e-06   2.6091e+02
20191114_19:00:00   1.2333e-01   3.5435e+01   2.8710e+00   0.0000e+00   5.7790e-06   2.6059e+02
20191114_20:00:00   1.2865e-01   3.6633e+01   2.9998e+00   0.0000e+00   5.7790e-06   2.6079e+02
20191114_21:00:00   1.2151e-01   3.4941e+01   2.8159e+00   0.0000e+00   4.2900e-05   2.6188e+02
20191114_22:00:00   1.0951e-01   3.2143e+01   2.4892e+00   0.0000e+00   4.4050e-05   2.6194e+02
20191114_23:00:00   1.0185e-01   3.0429e+01   2.2655e+00   0.0000e+00   3.5020e-05   2.6120e+02
20191115_00:00:00   9.3481e-02   2.8449e+01   2.0594e+00   0.0000e+00   7.2720e-06   2.6095e+02
20191115_01:00:00   8.5983e-02   2.6633e+01   1.9024e+00   0.0000e+00   5.9740e-05   2.6008e+02
20191115_02:00:00   8.7984e-02   2.7092e+01   1.9567e+00   0.0000e+00   2.1134e-04   2.5885e+02
20191115_03:00:00   8.5467e-02   2.6481e+01   1.8978e+00   0.0000e+00   3.9730e-04   2.5816e+02
20191115_04:00:00   8.6132e-02   2.6637e+01   1.9225e+00   0.0000e+00   3.9060e-04   2.5939e+02
20191115_05:00:00   8.7712e-02   2.7022e+01   1.9623e+00   0.0000e+00   2.7120e-04   2.6040e+02
20191115_06:00:00   9.1777e-02   2.7999e+01   2.0601e+00   0.0000e+00   2.4691e-04   2.6074e+02
20191115_07:00:00   9.4843e-02   2.8735e+01   2.1312e+00   0.0000e+00   2.2386e-04   2.6035e+02
20191115_08:00:00   1.0079e-01   3.0158e+01   2.2698e+00   0.0000e+00   1.8541e-04   2.5901e+02
20191115_09:00:00   1.0440e-01   3.1038e+01   2.3433e+00   0.0000e+00   1.7057e-04   2.5817e+02
20191115_10:00:00   1.0557e-01   3.1346e+01   2.3578e+00   0.0000e+00   1.9650e-04   2.5888e+02
20191115_11:00:00   1.0568e-01   3.1417e+01   2.3463e+00   0.0000e+00   1.9518e-04   2.6049e+02
20191115_12:00:00   1.0483e-01   3.1256e+01   2.3227e+00   0.0000e+00   1.8415e-04   2.6095e+02
20191115_15:00:00   1.3496e-01   3.8343e+01   3.1381e+00   0.0000e+00   2.1041e-04   2.5826e+02
20191115_18:00:00   1.9865e-01   5.2047e+01   4.7449e+00   1.4724e-03   3.9786e-02   2.6124e+02
20191115_21:00:00   1.7978e-01   4.7971e+01   4.3132e+00   0.0000e+00   1.3682e-04   2.6001e+02
20191116_00:00:00   1.8674e-01   4.9354e+01   4.5117e+00   0.0000e+00   1.9760e-03   2.6107e+02
20191116_03:00:00   1.7890e-01   4.7671e+01   4.3292e+00   0.0000e+00   1.0904e-04   2.6003e+02
20191116_06:00:00   1.8829e-01   4.9532e+01   4.5710e+00   0.0000e+00   3.8280e-04   2.6253e+02
20191116_09:00:00   1.7854e-01   4.7439e+01   4.2755e+00   0.0000e+00   8.3231e-05   2.6316e+02
20191116_12:00:00   1.7222e-01   4.6200e+01   4.0863e+00   0.0000e+00   8.2229e-05   2.6259e+02
20191116_15:00:00   1.9919e-01   5.2066e+01   4.8119e+00   0.0000e+00   1.4558e-03   2.6248e+02
20191116_18:00:00   2.3407e-01   5.9202e+01   5.7160e+00   0.0000e+00   5.9729e-02   2.6232e+02
20191116_21:00:00   2.1188e-01   5.4286e+01   5.2424e+00   0.0000e+00   7.9730e-03   2.6438e+02
20191117_00:00:00   1.6443e-01   4.4140e+01   4.0349e+00   0.0000e+00   2.7251e-03   2.6415e+02
20191117_03:00:00   1.5581e-01   4.2295e+01   3.8220e+00   0.0000e+00   7.8510e-05   2.6168e+02
20191117_06:00:00   1.6083e-01   4.3519e+01   3.8911e+00   0.0000e+00   1.8467e-04   2.6368e+02
20191117_09:00:00   1.7211e-01   4.6048e+01   4.1144e+00   0.0000e+00   1.6186e-04   2.6441e+02
20191117_12:00:00   1.9120e-01   5.0298e+01   4.5381e+00   0.0000e+00   3.1343e-04   2.6408e+02
20191117_15:00:00   2.6002e-01   6.4777e+01   6.0663e+00   2.0020e-03   5.6654e-03   2.6004e+02
20191117_18:00:00   2.8682e-01   6.9662e+01   6.8089e+00   0.0000e+00   1.5260e-01   2.6153e+02
20191117_21:00:00   2.4071e-01   6.0521e+01   5.8086e+00   0.0000e+00   2.3772e-04   2.6210e+02
20191118_00:00:00   1.6694e-01   4.4756e+01   4.0364e+00   0.0000e+00   1.5040e-03   2.6022e+02
20191118_03:00:00   1.7181e-01   4.5739e+01   4.1862e+00   0.0000e+00   1.2345e-02   2.5670e+02
20191118_06:00:00   2.0704e-01   5.3115e+01   5.0177e+00   0.0000e+00   6.4462e-02   2.5630e+02
20191118_09:00:00   2.6078e-01   6.4409e+01   6.1553e+00   0.0000e+00   1.3296e-02   2.6034e+02
20191118_12:00:00   2.7997e-01   6.8338e+01   6.5470e+00   0.0000e+00   2.9960e-02   2.6007e+02
20191118_15:00:00   3.0090e-01   7.2532e+01   6.9805e+00   0.0000e+00   1.6835e-01   2.5979e+02
20191118_18:00:00   2.6251e-01   6.5317e+01   6.1928e+00   1.0624e-04   3.2333e-03   2.5914e+02
20191118_21:00:00   1.8657e-01   4.9456e+01   4.4069e+00   0.0000e+00   9.4640e-07   2.5626e+02
20191119_00:00:00   1.9524e-01   5.1275e+01   4.5379e+00   0.0000e+00   0.0000e+00   2.5715e+02
20191119_03:00:00   1.9550e-01   5.1173e+01   4.6085e+00   0.0000e+00   1.9684e-05   2.5569e+02
20191119_06:00:00   1.8003e-01   4.7915e+01   4.1897e+00   0.0000e+00   0.0000e+00   2.5490e+02
20191119_09:00:00   1.8879e-01   4.9785e+01   4.3800e+00   0.0000e+00   0.0000e+00   2.5768e+02
20191119_12:00:00   1.8124e-01   4.8304e+01   4.1598e+00   0.0000e+00   0.0000e+00   2.5965e+02
20191119_15:00:00   1.9016e-01   5.0468e+01   4.3801e+00   0.0000e+00   5.4560e-06   2.5726e+02
20191119_18:00:00   1.7513e-01   4.7311e+01   4.0873e+00   6.6080e-05   1.6345e-02   2.5723e+02
20191119_21:00:00   1.4960e-01   4.1626e+01   3.4031e+00   0.0000e+00   3.1721e-05   2.5605e+02
20191120_00:00:00   1.2641e-01   3.6178e+01   2.8395e+00   0.0000e+00   0.0000e+00   2.5397e+02
20191120_03:00:00   1.4000e-01   3.9335e+01   3.1624e+00   0.0000e+00   0.0000e+00   2.5542e+02
20191120_06:00:00   1.5800e-01   4.3269e+01   3.6009e+00   0.0000e+00   0.0000e+00   2.5634e+02
20191120_09:00:00   1.6380e-01   4.4541e+01   3.7314e+00   0.0000e+00   0.0000e+00   2.5506e+02
20191120_12:00:00   1.7032e-01   4.6004e+01   3.8929e+00   0.0000e+00   0.0000e+00   2.5477e+02
20191120_15:00:00   1.8088e-01   4.8453e+01   4.2067e+00   0.0000e+00   1.5140e-06   2.5207e+02
20191120_18:00:00   1.7855e-01   4.7957e+01   4.2221e+00   1.1012e-05   3.1240e-03   2.5226e+02
20191120_21:00:00   1.5860e-01   4.3520e+01   3.7004e+00   0.0000e+00   0.0000e+00   2.5189e+02
20191121_00:00:00   1.3244e-01   3.7387e+01   3.1127e+00   0.0000e+00   0.0000e+00   2.5180e+02
20191121_03:00:00   1.4608e-01   4.0541e+01   3.4291e+00   0.0000e+00   0.0000e+00   2.5124e+02
20191121_06:00:00   1.5458e-01   4.2394e+01   3.6207e+00   0.0000e+00   0.0000e+00   2.5226e+02
20191121_09:00:00   1.4949e-01   4.1318e+01   3.4703e+00   0.0000e+00   0.0000e+00   2.5343e+02
20191121_12:00:00   1.3895e-01   3.9017e+01   3.2162e+00   0.0000e+00   0.0000e+00   2.5257e+02
20191121_15:00:00   1.4234e-01   3.9847e+01   3.3499e+00   0.0000e+00   0.0000e+00   2.5232e+02
20191121_18:00:00   1.7359e-01   4.6643e+01   4.1823e+00   6.1380e-04   2.2057e-03   2.5297e+02
20191121_21:00:00   1.7247e-01   4.6376e+01   4.1343e+00   0.0000e+00   0.0000e+00   2.5225e+02
20191122_00:00:00   1.4810e-01   4.0860e+01   3.5681e+00   0.0000e+00   0.0000e+00   2.5176e+02
20191122_03:00:00   1.2388e-01   3.5254e+01   2.9479e+00   0.0000e+00   4.0361e-05   2.5078e+02
20191122_06:00:00   1.3464e-01   3.7669e+01   3.2288e+00   0.0000e+00   1.1748e-04   2.5380e+02
20191122_09:00:00   1.4241e-01   3.9512e+01   3.4314e+00   0.0000e+00   7.9940e-05   2.5168e+02
20191122_12:00:00   1.3877e-01   3.8735e+01   3.3538e+00   0.0000e+00   0.0000e+00   2.5695e+02
20191122_15:00:00   1.4221e-01   3.9551e+01   3.4887e+00   0.0000e+00   7.2091e-05   2.5605e+02
20191122_18:00:00   1.7348e-01   4.6287e+01   4.3346e+00   0.0000e+00   7.6660e-03   2.5517e+02
20191122_21:00:00   1.5597e-01   4.2403e+01   3.8297e+00   0.0000e+00   3.3585e-02   2.5559e+02
20191123_00:00:00   1.5250e-01   4.1706e+01   3.7327e+00   0.0000e+00   7.7767e-03   2.5526e+02
20191123_03:00:00   1.4060e-01   3.9071e+01   3.4325e+00   0.0000e+00   6.9521e-04   2.5361e+02
20191123_06:00:00   1.2884e-01   3.6397e+01   3.1322e+00   0.0000e+00   0.0000e+00   2.5586e+02
20191123_09:00:00   1.3122e-01   3.6969e+01   3.1713e+00   0.0000e+00   1.7620e-07   2.5417e+02
20191123_12:00:00   1.4135e-01   3.9342e+01   3.4058e+00   0.0000e+00   0.0000e+00   2.5455e+02
20191123_15:00:00   1.4623e-01   4.0532e+01   3.5619e+00   0.0000e+00   8.2720e-06   2.5547e+02
20191123_18:00:00   1.4633e-01   4.0539e+01   3.6064e+00   0.0000e+00   4.0520e-06   2.5460e+02
20191123_21:00:00   1.4731e-01   4.0739e+01   3.6088e+00   0.0000e+00   5.5763e-03   2.5335e+02
20191124_00:00:00   1.2860e-01   3.6298e+01   3.1641e+00   0.0000e+00   3.2725e-03   2.5577e+02
20191124_03:00:00   1.3647e-01   3.7996e+01   3.3784e+00   0.0000e+00   2.1441e-02   2.5858e+02
20191124_06:00:00   1.5437e-01   4.1988e+01   3.8084e+00   0.0000e+00   1.5019e-05   2.5864e+02
20191124_09:00:00   1.4194e-01   3.9271e+01   3.4541e+00   0.0000e+00   1.3506e-04   2.5940e+02
20191124_12:00:00   1.1813e-01   3.3947e+01   2.7771e+00   0.0000e+00   7.9820e-06   2.5837e+02
20191124_15:00:00   9.0219e-02   2.7573e+01   2.0435e+00   0.0000e+00   7.2240e-06   2.5554e+02
20191124_18:00:00   7.4464e-02   2.3751e+01   1.6382e+00   0.0000e+00   0.0000e+00   2.5750e+02
20191124_21:00:00   6.9764e-02   2.2556e+01   1.5021e+00   0.0000e+00   0.0000e+00   2.5543e+02
20191125_00:00:00   4.9505e-02   1.7427e+01   9.7951e-01   0.0000e+00   3.1240e-04   2.5792e+02
20191125_03:00:00   3.8963e-02   1.4676e+01   7.3033e-01   0.0000e+00   4.1245e-04   2.5855e+02
20191125_06:00:00   3.5202e-02   1.3679e+01   6.3151e-01   0.0000e+00   0.0000e+00   2.6003e+02
20191125_09:00:00   3.2420e-02   1.2923e+01   5.6166e-01   0.0000e+00   1.1636e-05   2.5791e+02
20191125_12:00:00   3.1614e-02   1.2717e+01   5.4104e-01   0.0000e+00   2.7126e-05   2.5915e+02
20191125_15:00:00   4.1514e-02   1.5401e+01   8.0673e-01   0.0000e+00   0.0000e+00   2.5830e+02
20191125_18:00:00   6.1570e-02   2.0485e+01   1.3654e+00   0.0000e+00   0.0000e+00   2.5707e+02
20191125_21:00:00   6.6469e-02   2.1650e+01   1.5027e+00   0.0000e+00   0.0000e+00   2.5519e+02
20191126_00:00:00   6.9671e-02   2.2371e+01   1.6020e+00   0.0000e+00   0.0000e+00   2.5417e+02
20191126_03:00:00   7.5894e-02   2.4039e+01   1.7348e+00   0.0000e+00   1.5720e-03   2.5446e+02
20191126_06:00:00   1.0181e-01   3.0494e+01   2.3682e+00   0.0000e+00   1.8824e-04   2.5631e+02
20191126_09:00:00   1.1030e-01   3.2528e+01   2.5559e+00   0.0000e+00   1.2374e-05   2.5539e+02
20191126_12:00:00   1.0835e-01   3.2152e+01   2.4851e+00   0.0000e+00   4.6400e-06   2.5319e+02
