#            date       tau225        Tb[K]      pwv[mm] lwp[kg*m^-2] iwp[kg*m^-2]       o3[DU]
20191104_18:00:00   1.6010e-01   4.3821e+01   3.5552e+00   0.0000e+00   7.5700e-07   2.5872e+02
20191104_19:00:00   1.6250e-01   4.4335e+01   3.6400e+00   0.0000e+00   0.0000e+00   2.5790e+02
20191104_20:00:00   1.6547e-01   4.4950e+01   3.7131e+00   0.0000e+00   0.0000e+00   2.5723e+02
20191104_21:00:00   1.5749e-01   4.3145e+01   3.5243e+00   0.0000e+00   1.5140e-06   2.5683e+02
20191104_22:00:00   1.5526e-01   4.2672e+01   3.4369e+00   0.0000e+00   2.2122e-05   2.5614e+02
20191104_23:00:00   1.5539e-01   4.2698e+01   3.3722e+00   4.7320e-05   6.2020e-05   2.5670e+02
20191105_00:00:00   1.3958e-01   3.9099e+01   3.0147e+00   0.0000e+00   7.8165e-04   2.5650e+02
20191105_01:00:00   1.2031e-01   3.4659e+01   2.5760e+00   0.0000e+00   7.7205e-04   2.5642e+02
20191105_02:00:00   1.0395e-01   3.0830e+01   2.1970e+00   0.0000e+00   1.9284e-04   2.5669e+02
20191105_03:00:00   9.2003e-02   2.7984e+01   1.9414e+00   0.0000e+00   2.0912e-04   2.5664e+02
20191105_04:00:00   8.2407e-02   2.5646e+01   1.7300e+00   0.0000e+00   9.5760e-04   2.5730e+02
20191105_05:00:00   7.6636e-02   2.4212e+01   1.5965e+00   0.0000e+00   1.1144e-03   2.5765e+02
20191105_06:00:00   7.0002e-02   2.2541e+01   1.4445e+00   0.0000e+00   2.0540e-03   2.5720e+02
20191105_07:00:00   6.5990e-02   2.1499e+01   1.3605e+00   0.0000e+00   1.2100e-03   2.5605e+02
20191105_08:00:00   5.9452e-02   1.9830e+01   1.2124e+00   0.0000e+00   8.4480e-04   2.5630e+02
20191105_09:00:00   5.4232e-02   1.8459e+01   1.1014e+00   0.0000e+00   3.4099e-03   2.5584e+02
20191105_10:00:00   4.7764e-02   1.6822e+01   9.4120e-01   0.0000e+00   2.6727e-04   2.5604e+02
20191105_11:00:00   4.3162e-02   1.5596e+01   8.4023e-01   0.0000e+00   7.3679e-04   2.5761e+02
20191105_12:00:00   4.4944e-02   1.6073e+01   8.8336e-01   0.0000e+00   1.5524e-04   2.5887e+02
20191105_13:00:00   4.1591e-02   1.5227e+01   8.0161e-01   0.0000e+00   9.6120e-05   2.5829e+02
20191105_14:00:00   4.7455e-02   1.6765e+01   9.5554e-01   0.0000e+00   2.8857e-04   2.5723e+02
20191105_15:00:00   5.8604e-02   1.9654e+01   1.2392e+00   0.0000e+00   9.2395e-04   2.5706e+02
20191105_16:00:00   7.4175e-02   2.3606e+01   1.6227e+00   0.0000e+00   2.7679e-03   2.5739e+02
20191105_17:00:00   9.2261e-02   2.8077e+01   2.0543e+00   0.0000e+00   2.4710e-03   2.5826e+02
20191105_18:00:00   1.0319e-01   3.0695e+01   2.3220e+00   0.0000e+00   3.0316e-03   2.5765e+02
20191105_19:00:00   9.8351e-02   2.9483e+01   2.2143e+00   0.0000e+00   2.9405e-03   2.5685e+02
20191105_20:00:00   9.2178e-02   2.7970e+01   2.0664e+00   0.0000e+00   4.1352e-03   2.5605e+02
20191105_21:00:00   9.0346e-02   2.7514e+01   2.0166e+00   0.0000e+00   4.1640e-03   2.5559e+02
20191105_22:00:00   8.4616e-02   2.6114e+01   1.8646e+00   0.0000e+00   4.6264e-03   2.5608e+02
20191105_23:00:00   8.5508e-02   2.6328e+01   1.8706e+00   0.0000e+00   4.7275e-03   2.5711e+02
20191106_00:00:00   8.2997e-02   2.5724e+01   1.7955e+00   0.0000e+00   1.6455e-03   2.5651e+02
20191106_01:00:00   7.6644e-02   2.4124e+01   1.6507e+00   0.0000e+00   3.8938e-03   2.5674e+02
20191106_02:00:00   7.2342e-02   2.3050e+01   1.5508e+00   0.0000e+00   8.8360e-03   2.5803e+02
20191106_03:00:00   6.5774e-02   2.1417e+01   1.3939e+00   0.0000e+00   1.1530e-02   2.5858e+02
20191106_04:00:00   6.1371e-02   2.0315e+01   1.2870e+00   0.0000e+00   5.9620e-03   2.5756e+02
20191106_05:00:00   5.5610e-02   1.8847e+01   1.1466e+00   0.0000e+00   4.1103e-03   2.5868e+02
20191106_06:00:00   5.3359e-02   1.8333e+01   1.0722e+00   0.0000e+00   0.0000e+00   2.5905e+02
20191106_07:00:00   5.1716e-02   1.7903e+01   1.0317e+00   0.0000e+00   0.0000e+00   2.6036e+02
20191106_08:00:00   4.9518e-02   1.7280e+01   9.9471e-01   0.0000e+00   2.5814e-03   2.6271e+02
20191106_09:00:00   4.8672e-02   1.7022e+01   9.8423e-01   0.0000e+00   5.4509e-03   2.6382e+02
20191106_10:00:00   4.5989e-02   1.6353e+01   9.1104e-01   0.0000e+00   2.2385e-03   2.6202e+02
20191106_11:00:00   3.8923e-02   1.4491e+01   7.4440e-01   0.0000e+00   2.3866e-03   2.5973e+02
20191106_12:00:00   3.8807e-02   1.4439e+01   7.4548e-01   0.0000e+00   5.5998e-03   2.5827e+02
20191106_13:00:00   4.1369e-02   1.5123e+01   8.0318e-01   0.0000e+00   1.9440e-02   2.5714e+02
20191106_14:00:00   4.4458e-02   1.5930e+01   8.9352e-01   0.0000e+00   8.1649e-03   2.5606e+02
20191106_15:00:00   5.0220e-02   1.7433e+01   1.0405e+00   0.0000e+00   1.5722e-02   2.5547e+02
20191106_16:00:00   5.9210e-02   1.9736e+01   1.2701e+00   0.0000e+00   1.7010e-02   2.5556e+02
20191106_17:00:00   6.2815e-02   2.0677e+01   1.3574e+00   0.0000e+00   1.6304e-02   2.5582e+02
20191106_18:00:00   6.3229e-02   2.0772e+01   1.3652e+00   0.0000e+00   2.7158e-02   2.5656e+02
20191106_19:00:00   6.1845e-02   2.0406e+01   1.3461e+00   0.0000e+00   7.2861e-03   2.5704e+02
20191106_20:00:00   6.4762e-02   2.1141e+01   1.4210e+00   0.0000e+00   4.2662e-03   2.5709e+02
20191106_21:00:00   8.2461e-02   2.5545e+01   1.8547e+00   0.0000e+00   5.4466e-03   2.5601e+02
20191106_22:00:00   9.1685e-02   2.7796e+01   2.0734e+00   0.0000e+00   4.5904e-03   2.5540e+02
20191106_23:00:00   8.7261e-02   2.6717e+01   1.9506e+00   0.0000e+00   1.8588e-02   2.5436e+02
20191107_00:00:00   7.5196e-02   2.3777e+01   1.6489e+00   0.0000e+00   9.7740e-03   2.5344e+02
20191107_01:00:00   6.5011e-02   2.1240e+01   1.4063e+00   0.0000e+00   8.9766e-03   2.5381e+02
20191107_02:00:00   5.5177e-02   1.8746e+01   1.1746e+00   0.0000e+00   6.9221e-03   2.5369e+02
20191107_03:00:00   4.9623e-02   1.7306e+01   1.0389e+00   0.0000e+00   8.4938e-03   2.5378e+02
20191107_04:00:00   4.9368e-02   1.7242e+01   1.0310e+00   0.0000e+00   8.1960e-03   2.5210e+02
20191107_05:00:00   5.2128e-02   1.7977e+01   1.0918e+00   0.0000e+00   3.2160e-03   2.5274e+02
20191107_06:00:00   5.3539e-02   1.8329e+01   1.1277e+00   0.0000e+00   2.1902e-03   2.5573e+02
20191107_07:00:00   5.4267e-02   1.8528e+01   1.1419e+00   0.0000e+00   1.4858e-03   2.5777e+02
20191107_08:00:00   5.7518e-02   1.9347e+01   1.2271e+00   0.0000e+00   8.3900e-05   2.5590e+02
20191107_09:00:00   5.7093e-02   1.9234e+01   1.2197e+00   0.0000e+00   5.9164e-04   2.5587e+02
20191107_10:00:00   5.5954e-02   1.8986e+01   1.1820e+00   0.0000e+00   2.7419e-04   2.5578e+02
20191107_11:00:00   5.7481e-02   1.9400e+01   1.2166e+00   0.0000e+00   4.5222e-04   2.5390e+02
20191107_12:00:00   5.9817e-02   2.0015e+01   1.2725e+00   0.0000e+00   1.9526e-03   2.5327e+02
20191107_13:00:00   6.3395e-02   2.0990e+01   1.3536e+00   0.0000e+00   3.2140e-03   2.5274e+02
20191107_14:00:00   7.5422e-02   2.4051e+01   1.6583e+00   0.0000e+00   3.4940e-03   2.5151e+02
20191107_15:00:00   8.7387e-02   2.6956e+01   1.9840e+00   0.0000e+00   2.3980e-03   2.4971e+02
20191107_16:00:00   1.0335e-01   3.0731e+01   2.4178e+00   0.0000e+00   3.0115e-03   2.4927e+02
20191107_17:00:00   1.1680e-01   3.3867e+01   2.7792e+00   0.0000e+00   3.2342e-03   2.4965e+02
20191107_18:00:00   1.2534e-01   3.5825e+01   3.0045e+00   0.0000e+00   4.4030e-03   2.4984e+02
20191107_19:00:00   1.3041e-01   3.6958e+01   3.1379e+00   0.0000e+00   2.8041e-03   2.5106e+02
20191107_20:00:00   1.2551e-01   3.5767e+01   3.0165e+00   0.0000e+00   3.7321e-03   2.5170e+02
20191107_21:00:00   1.1862e-01   3.4090e+01   2.8449e+00   0.0000e+00   7.5672e-04   2.5116e+02
20191107_22:00:00   1.0853e-01   3.1764e+01   2.5728e+00   0.0000e+00   6.8743e-04   2.5131e+02
20191107_23:00:00   1.0538e-01   3.1214e+01   2.4438e+00   0.0000e+00   2.1560e-03   2.5136e+02
20191108_00:00:00   1.0233e-01   3.0498e+01   2.3591e+00   0.0000e+00   3.2283e-03   2.4950e+02
20191108_01:00:00   9.1435e-02   2.7858e+01   2.0924e+00   0.0000e+00   4.7520e-03   2.4776e+02
20191108_02:00:00   8.5507e-02   2.6353e+01   1.9619e+00   0.0000e+00   1.1674e-02   2.4682e+02
20191108_03:00:00   8.1096e-02   2.5279e+01   1.8399e+00   0.0000e+00   3.5420e-03   2.4867e+02
20191108_04:00:00   8.4652e-02   2.6149e+01   1.9217e+00   0.0000e+00   4.6502e-04   2.5070e+02
20191108_05:00:00   8.6824e-02   2.6660e+01   1.9848e+00   0.0000e+00   1.4761e-03   2.5025e+02
20191108_06:00:00   9.3732e-02   2.8286e+01   2.1689e+00   0.0000e+00   1.2952e-03   2.4910e+02
20191108_07:00:00   9.7762e-02   2.9219e+01   2.2765e+00   0.0000e+00   1.7581e-03   2.4885e+02
20191108_08:00:00   9.8859e-02   2.9529e+01   2.2889e+00   0.0000e+00   2.1596e-03   2.4837e+02
20191108_09:00:00   1.0673e-01   3.1418e+01   2.4724e+00   0.0000e+00   4.1179e-03   2.4832e+02
20191108_10:00:00   1.1550e-01   3.3544e+01   2.6651e+00   0.0000e+00   6.7544e-03   2.5003e+02
20191108_11:00:00   1.2308e-01   3.5360e+01   2.8348e+00   0.0000e+00   7.0629e-03   2.5065e+02
20191108_12:00:00   1.2369e-01   3.5510e+01   2.8513e+00   0.0000e+00   4.9244e-03   2.5053e+02
20191108_13:00:00   1.2896e-01   3.6819e+01   2.9795e+00   0.0000e+00   2.7235e-03   2.4870e+02
20191108_14:00:00   1.4297e-01   4.0011e+01   3.3446e+00   0.0000e+00   2.5753e-03   2.4763e+02
20191108_15:00:00   1.6038e-01   4.3795e+01   3.8411e+00   0.0000e+00   7.8393e-03   2.4782e+02
20191108_16:00:00   1.7043e-01   4.5988e+01   4.1168e+00   7.3100e-05   1.0219e-02   2.4780e+02
20191108_17:00:00   1.7283e-01   4.6513e+01   4.1739e+00   1.5414e-05   3.7208e-02   2.4844e+02
20191108_18:00:00   1.7021e-01   4.5926e+01   4.0914e+00   0.0000e+00   5.0024e-02   2.4818e+02
20191108_19:00:00   1.5194e-01   4.1890e+01   3.6253e+00   0.0000e+00   3.7570e-02   2.4866e+02
20191108_20:00:00   1.3814e-01   3.8634e+01   3.3006e+00   0.0000e+00   4.6290e-02   2.5029e+02
20191108_21:00:00   1.2626e-01   3.5820e+01   3.0089e+00   0.0000e+00   4.2458e-02   2.5023e+02
20191108_22:00:00   1.2363e-01   3.5191e+01   2.8997e+00   0.0000e+00   8.0140e-02   2.5093e+02
20191108_23:00:00   1.0501e-01   3.0833e+01   2.4633e+00   0.0000e+00   2.7172e-02   2.5073e+02
20191109_00:00:00   1.0429e-01   3.0575e+01   2.4628e+00   0.0000e+00   3.1907e-02   2.5044e+02
20191109_01:00:00   1.0093e-01   2.9747e+01   2.3971e+00   0.0000e+00   5.9757e-03   2.5110e+02
20191109_02:00:00   9.5615e-02   2.8467e+01   2.2485e+00   4.9560e-06   3.8159e-02   2.5039e+02
20191109_03:00:00   9.8502e-02   2.9207e+01   2.3189e+00   0.0000e+00   1.5521e-02   2.5048e+02
20191109_04:00:00   1.0235e-01   3.0232e+01   2.3915e+00   0.0000e+00   1.7785e-03   2.5087e+02
20191109_05:00:00   1.1064e-01   3.2334e+01   2.5474e+00   0.0000e+00   8.7556e-03   2.5083e+02
20191109_06:00:00   1.1359e-01   3.3074e+01   2.6123e+00   0.0000e+00   3.0080e-03   2.5126e+02
20191109_07:00:00   1.3398e-01   3.7732e+01   3.1180e+00   0.0000e+00   8.5524e-03   2.5219e+02
20191109_08:00:00   1.4343e-01   3.9855e+01   3.3763e+00   0.0000e+00   5.4127e-03   2.5262e+02
20191109_09:00:00   1.5037e-01   4.1462e+01   3.5456e+00   0.0000e+00   6.5532e-03   2.5333e+02
20191109_10:00:00   1.4908e-01   4.1242e+01   3.4972e+00   0.0000e+00   9.9197e-03   2.5433e+02
20191109_11:00:00   1.4845e-01   4.1158e+01   3.4768e+00   0.0000e+00   9.5480e-03   2.5542e+02
20191109_12:00:00   1.4369e-01   4.0223e+01   3.3352e+00   0.0000e+00   2.7174e-03   2.5566e+02
20191109_13:00:00   1.4601e-01   4.0852e+01   3.3873e+00   0.0000e+00   1.2858e-04   2.5494e+02
20191109_14:00:00   1.6212e-01   4.4452e+01   3.8078e+00   0.0000e+00   3.7720e-04   2.5410e+02
20191109_15:00:00   1.8266e-01   4.8880e+01   4.3493e+00   0.0000e+00   1.2010e-03   2.5271e+02
20191109_16:00:00   2.2739e-01   5.7756e+01   4.8620e+00   1.5260e-02   2.0748e-02   2.5228e+02
20191109_17:00:00   2.1492e-01   5.5328e+01   5.0763e+00   3.1963e-03   7.5612e-02   2.5223e+02
20191109_18:00:00   1.9062e-01   5.0344e+01   4.6115e+00   4.4960e-04   1.3728e-02   2.5238e+02
20191109_21:00:00   1.8097e-01   4.8033e+01   4.3740e+00   0.0000e+00   2.5190e-03   2.5414e+02
20191110_00:00:00   2.0240e-01   5.2406e+01   4.9314e+00   0.0000e+00   2.9944e-02   2.5307e+02
20191110_03:00:00   2.2458e-01   5.7150e+01   5.4576e+00   0.0000e+00   5.2898e-04   2.5124e+02
20191110_06:00:00   2.8020e-01   6.8045e+01   6.6851e+00   0.0000e+00   1.4197e-01   2.5292e+02
20191110_09:00:00   2.7978e-01   6.8395e+01   6.5402e+00   0.0000e+00   1.6385e-02   2.5557e+02
20191110_12:00:00   2.9275e-01   7.0818e+01   6.8813e+00   0.0000e+00   2.4540e-02   2.5689e+02
20191110_15:00:00   2.7782e-01   6.8345e+01   6.3971e+00   5.1140e-05   7.9322e-02   2.5437e+02
20191110_18:00:00   2.8751e-01   7.0084e+01   6.7119e+00   0.0000e+00   1.3153e-01   2.5636e+02
20191110_21:00:00   1.5686e-01   4.3101e+01   3.5744e+00   0.0000e+00   4.0284e-03   2.5516e+02
20191111_00:00:00   1.1106e-01   3.2539e+01   2.4092e+00   0.0000e+00   1.7578e-03   2.5406e+02
20191111_03:00:00   1.1567e-01   3.3665e+01   2.5048e+00   0.0000e+00   1.0076e-04   2.5278e+02
20191111_06:00:00   1.0393e-01   3.0853e+01   2.2351e+00   0.0000e+00   2.2020e-07   2.5128e+02
20191111_09:00:00   8.5197e-02   2.6320e+01   1.8055e+00   0.0000e+00   0.0000e+00   2.5016e+02
20191111_12:00:00   7.6831e-02   2.4267e+01   1.6167e+00   0.0000e+00   0.0000e+00   2.4944e+02
20191111_15:00:00   8.4561e-02   2.6215e+01   1.8343e+00   0.0000e+00   0.0000e+00   2.4881e+02
20191111_18:00:00   8.9271e-02   2.7368e+01   1.9739e+00   0.0000e+00   0.0000e+00   2.4899e+02
20191111_21:00:00   1.3897e-01   3.8962e+01   3.1469e+00   0.0000e+00   0.0000e+00   2.4949e+02
20191112_00:00:00   1.0560e-01   3.1241e+01   2.2560e+00   0.0000e+00   0.0000e+00   2.4926e+02
20191112_03:00:00   7.7806e-02   2.4521e+01   1.5987e+00   0.0000e+00   0.0000e+00   2.4753e+02
20191112_06:00:00   6.5433e-02   2.1411e+01   1.3352e+00   0.0000e+00   0.0000e+00   2.4951e+02
20191112_09:00:00   6.3515e-02   2.0902e+01   1.2887e+00   0.0000e+00   0.0000e+00   2.5087e+02
20191112_12:00:00   6.4108e-02   2.1031e+01   1.3055e+00   0.0000e+00   0.0000e+00   2.5066e+02
20191112_15:00:00   7.3686e-02   2.3459e+01   1.5623e+00   0.0000e+00   0.0000e+00   2.5157e+02
20191112_18:00:00   1.0746e-01   3.1575e+01   2.3751e+00   0.0000e+00   0.0000e+00   2.5401e+02
20191112_21:00:00   1.5287e-01   4.1790e+01   3.4311e+00   0.0000e+00   1.9720e-03   2.5894e+02
20191113_00:00:00   1.1917e-01   3.4152e+01   2.5118e+00   0.0000e+00   0.0000e+00   2.5846e+02
20191113_03:00:00   9.1402e-02   2.7661e+01   1.8716e+00   0.0000e+00   0.0000e+00   2.5835e+02
20191113_06:00:00   6.2719e-02   2.0640e+01   1.2359e+00   0.0000e+00   0.0000e+00   2.5593e+02
20191113_09:00:00   5.0495e-02   1.7511e+01   9.8213e-01   0.0000e+00   0.0000e+00   2.5594e+02
20191113_12:00:00   5.2210e-02   1.7911e+01   1.0592e+00   0.0000e+00   0.0000e+00   2.5661e+02
20191113_15:00:00   6.1422e-02   2.0276e+01   1.2958e+00   0.0000e+00   0.0000e+00   2.5567e+02
20191113_18:00:00   8.2012e-02   2.5358e+01   1.8182e+00   0.0000e+00   0.0000e+00   2.5379e+02
20191113_21:00:00   1.3316e-01   3.7450e+01   2.9874e+00   0.0000e+00   0.0000e+00   2.5354e+02
20191114_00:00:00   1.0286e-01   3.0360e+01   2.2266e+00   0.0000e+00   0.0000e+00   2.5465e+02
20191114_03:00:00   8.6420e-02   2.6465e+01   1.8359e+00   0.0000e+00   0.0000e+00   2.5335e+02
20191114_06:00:00   7.5251e-02   2.3653e+01   1.6176e+00   0.0000e+00   0.0000e+00   2.5376e+02
20191114_09:00:00   7.6934e-02   2.3978e+01   1.6746e+00   0.0000e+00   0.0000e+00   2.5496e+02
20191114_12:00:00   7.8277e-02   2.4267e+01   1.7078e+00   0.0000e+00   0.0000e+00   2.5322e+02
20191114_15:00:00   9.0747e-02   2.7286e+01   2.0178e+00   0.0000e+00   0.0000e+00   2.5403e+02
20191114_18:00:00   1.1401e-01   3.2864e+01   2.5470e+00   0.0000e+00   0.0000e+00   2.5780e+02
20191114_21:00:00   1.1794e-01   3.3560e+01   2.6488e+00   0.0000e+00   0.0000e+00   2.6374e+02
20191115_00:00:00   1.1264e-01   3.2282e+01   2.4576e+00   0.0000e+00   0.0000e+00   2.6657e+02
20191115_03:00:00   9.8748e-02   2.9094e+01   2.1283e+00   0.0000e+00   0.0000e+00   2.6613e+02
20191115_06:00:00   9.6095e-02   2.8380e+01   2.0632e+00   0.0000e+00   0.0000e+00   2.6603e+02
20191115_09:00:00   9.0667e-02   2.6999e+01   1.9359e+00   0.0000e+00   0.0000e+00   2.6794e+02
20191115_12:00:00   7.8878e-02   2.4257e+01   1.6330e+00   0.0000e+00   0.0000e+00   2.7302e+02
20191115_15:00:00   8.3389e-02   2.5423e+01   1.7453e+00   0.0000e+00   0.0000e+00   2.7712e+02
20191115_18:00:00   8.3966e-02   2.5683e+01   1.7696e+00   0.0000e+00   0.0000e+00   2.7788e+02
20191115_21:00:00   8.8320e-02   2.6768e+01   1.8684e+00   0.0000e+00   0.0000e+00   2.7496e+02
20191116_00:00:00   8.1157e-02   2.5027e+01   1.7045e+00   0.0000e+00   0.0000e+00   2.6937e+02
20191116_03:00:00   6.9993e-02   2.2407e+01   1.4616e+00   0.0000e+00   1.8878e-06   2.6835e+02
20191116_06:00:00   6.8003e-02   2.1898e+01   1.4309e+00   0.0000e+00   2.6593e-05   2.6643e+02
20191116_09:00:00   6.6339e-02   2.1481e+01   1.4038e+00   0.0000e+00   1.0163e-05   2.6664e+02
20191116_12:00:00   7.3814e-02   2.3360e+01   1.5990e+00   0.0000e+00   0.0000e+00   2.6203e+02
20191116_15:00:00   7.2817e-02   2.3274e+01   1.5768e+00   0.0000e+00   0.0000e+00   2.5813e+02
20191116_18:00:00   8.9688e-02   2.7424e+01   2.0180e+00   0.0000e+00   0.0000e+00   2.5841e+02
20191116_21:00:00   8.2719e-02   2.5638e+01   1.8618e+00   0.0000e+00   0.0000e+00   2.5674e+02
20191117_00:00:00   8.7500e-02   2.6856e+01   1.9597e+00   0.0000e+00   0.0000e+00   2.5649e+02
20191117_03:00:00   9.2582e-02   2.8069e+01   2.1220e+00   0.0000e+00   2.1985e-06   2.5923e+02
20191117_06:00:00   9.5507e-02   2.8687e+01   2.2074e+00   0.0000e+00   1.3239e-05   2.5716e+02
20191117_09:00:00   8.8146e-02   2.6941e+01   2.0046e+00   0.0000e+00   2.3537e-06   2.5639e+02
20191117_12:00:00   8.0847e-02   2.5245e+01   1.8094e+00   0.0000e+00   0.0000e+00   2.5615e+02
20191117_15:00:00   9.3679e-02   2.8472e+01   2.1490e+00   0.0000e+00   1.6318e-06   2.5485e+02
20191117_18:00:00   1.4875e-01   4.0915e+01   3.6285e+00   2.4940e-04   6.4307e-03   2.5623e+02
20191117_21:00:00   1.4445e-01   3.9841e+01   3.5302e+00   0.0000e+00   5.2288e-04   2.5750e+02
20191118_00:00:00   1.5672e-01   4.2454e+01   3.8455e+00   0.0000e+00   3.1552e-02   2.5526e+02
20191118_03:00:00   1.5930e-01   4.3076e+01   3.8900e+00   0.0000e+00   2.6767e-02   2.5646e+02
20191118_06:00:00   1.3245e-01   3.7052e+01   3.1828e+00   0.0000e+00   1.4620e-03   2.5649e+02
20191118_09:00:00   1.0954e-01   3.2046e+01   2.5350e+00   0.0000e+00   1.1267e-05   2.5715e+02
20191118_12:00:00   9.3201e-02   2.8330e+01   2.1011e+00   0.0000e+00   1.1904e-06   2.5367e+02
20191118_15:00:00   9.8063e-02   2.9492e+01   2.2689e+00   0.0000e+00   0.0000e+00   2.5387e+02
20191118_18:00:00   1.2159e-01   3.4748e+01   2.9328e+00   0.0000e+00   1.5230e-02   2.5250e+02
20191118_21:00:00   1.1586e-01   3.3235e+01   2.8196e+00   0.0000e+00   5.2860e-07   2.5618e+02
20191119_00:00:00   1.1005e-01   3.1655e+01   2.6857e+00   0.0000e+00   1.3752e-02   2.5587e+02
20191119_03:00:00   1.1478e-01   3.2801e+01   2.7846e+00   0.0000e+00   1.6830e-02   2.5536e+02
20191119_06:00:00   8.3154e-02   2.5369e+01   1.9570e+00   0.0000e+00   2.1507e-04   2.5499e+02
20191119_09:00:00   6.6028e-02   2.1443e+01   1.4583e+00   0.0000e+00   9.8940e-07   2.5378e+02
20191119_12:00:00   7.2305e-02   2.3150e+01   1.5804e+00   0.0000e+00   1.8669e-07   2.5658e+02
20191119_15:00:00   9.6077e-02   2.8902e+01   2.2414e+00   0.0000e+00   0.0000e+00   2.5638e+02
20191119_18:00:00   1.0347e-01   3.0624e+01   2.4477e+00   1.3214e-04   1.4694e-03   2.5862e+02
20191119_21:00:00   9.1361e-02   2.7366e+01   2.2002e+00   0.0000e+00   4.9250e-03   2.5861e+02
20191120_00:00:00   9.6927e-02   2.8638e+01   2.3035e+00   0.0000e+00   2.1084e-02   2.5821e+02
20191120_03:00:00   6.9977e-02   2.2022e+01   1.6460e+00   0.0000e+00   9.0675e-03   2.5651e+02
20191120_06:00:00   4.4396e-02   1.5920e+01   9.0073e-01   0.0000e+00   4.1210e-06   2.5464e+02
20191120_09:00:00   3.4635e-02   1.3485e+01   6.1161e-01   0.0000e+00   0.0000e+00   2.5581e+02
20191120_12:00:00   3.3685e-02   1.3243e+01   5.8400e-01   0.0000e+00   7.2670e-07   2.5591e+02
20191120_15:00:00   4.7356e-02   1.6856e+01   9.5178e-01   0.0000e+00   0.0000e+00   2.5481e+02
20191120_18:00:00   9.1881e-02   2.7943e+01   2.1210e+00   0.0000e+00   0.0000e+00   2.5321e+02
