#            date       tau225        Tb[K]      pwv[mm] lwp[kg*m^-2] iwp[kg*m^-2]       o3[DU]
20191114_18:00:00   8.3525e-02   2.6043e+01   1.8445e+00   0.0000e+00   0.0000e+00   2.5771e+02
20191114_19:00:00   8.9157e-02   2.7388e+01   1.9898e+00   0.0000e+00   0.0000e+00   2.5622e+02
20191114_20:00:00   8.5184e-02   2.6383e+01   1.8940e+00   0.0000e+00   0.0000e+00   2.5584e+02
20191114_21:00:00   7.8241e-02   2.4654e+01   1.7199e+00   0.0000e+00   0.0000e+00   2.5661e+02
20191114_22:00:00   7.5838e-02   2.4089e+01   1.6432e+00   0.0000e+00   0.0000e+00   2.5704e+02
20191114_23:00:00   7.8827e-02   2.4925e+01   1.6811e+00   0.0000e+00   0.0000e+00   2.5835e+02
20191115_00:00:00   8.1701e-02   2.5637e+01   1.7481e+00   0.0000e+00   0.0000e+00   2.5919e+02
20191115_01:00:00   7.7641e-02   2.4582e+01   1.6769e+00   0.0000e+00   0.0000e+00   2.5977e+02
20191115_02:00:00   8.0283e-02   2.5166e+01   1.7606e+00   0.0000e+00   6.0250e-06   2.5960e+02
20191115_03:00:00   8.2516e-02   2.5770e+01   1.7952e+00   0.0000e+00   7.9070e-05   2.6106e+02
20191115_04:00:00   1.0206e-01   3.0483e+01   2.2540e+00   0.0000e+00   1.7344e-04   2.6113e+02
20191115_05:00:00   1.1675e-01   3.3949e+01   2.6014e+00   0.0000e+00   2.4367e-04   2.6010e+02
20191115_06:00:00   1.2302e-01   3.5413e+01   2.7472e+00   0.0000e+00   3.1180e-04   2.5955e+02
20191115_07:00:00   1.1774e-01   3.4181e+01   2.6198e+00   0.0000e+00   3.2340e-04   2.5869e+02
20191115_08:00:00   1.1378e-01   3.3262e+01   2.5247e+00   0.0000e+00   2.5969e-04   2.5791e+02
20191115_09:00:00   1.1146e-01   3.2740e+01   2.4597e+00   0.0000e+00   1.7326e-04   2.5614e+02
20191115_10:00:00   1.0941e-01   3.2294e+01   2.3946e+00   0.0000e+00   1.9923e-04   2.5604e+02
20191115_11:00:00   1.1411e-01   3.3448e+01   2.4850e+00   0.0000e+00   1.7986e-04   2.5736e+02
20191115_12:00:00   1.1791e-01   3.4393e+01   2.5613e+00   0.0000e+00   1.3813e-04   2.5854e+02
20191115_13:00:00   1.2195e-01   3.5401e+01   2.6815e+00   0.0000e+00   9.0880e-05   2.5826e+02
20191115_14:00:00   1.5184e-01   4.2280e+01   3.4272e+00   0.0000e+00   6.3274e-05   2.5712e+02
20191115_15:00:00   1.7362e-01   4.7026e+01   4.0207e+00   0.0000e+00   7.0240e-05   2.5791e+02
20191115_16:00:00   2.0501e-01   5.3575e+01   4.8288e+00   7.2600e-04   2.7118e-03   2.5843e+02
20191115_17:00:00   2.1618e-01   5.5927e+01   5.1188e+00   7.3820e-05   4.8188e-02   2.5932e+02
20191115_18:00:00   2.4019e-01   6.0815e+01   5.7048e+00   1.2114e-04   6.1099e-02   2.6050e+02
20191115_19:00:00   2.5991e-01   6.4737e+01   6.1925e+00   0.0000e+00   5.5345e-02   2.6056e+02
20191115_20:00:00   2.7155e-01   6.6904e+01   6.4621e+00   0.0000e+00   1.0756e-01   2.5992e+02
20191115_21:00:00   2.6674e-01   6.5799e+01   6.3585e+00   0.0000e+00   1.0676e-01   2.5967e+02
20191115_22:00:00   2.3941e-01   6.0352e+01   5.7562e+00   0.0000e+00   5.3976e-03   2.5978e+02
20191115_23:00:00   2.6232e-01   6.4663e+01   6.3221e+00   0.0000e+00   7.8888e-02   2.5889e+02
20191116_00:00:00   2.6808e-01   6.5785e+01   6.4518e+00   0.0000e+00   6.8547e-02   2.5972e+02
20191116_01:00:00   2.6112e-01   6.4446e+01   6.3073e+00   0.0000e+00   6.5657e-03   2.6064e+02
20191116_02:00:00   2.6019e-01   6.4338e+01   6.2471e+00   0.0000e+00   3.9963e-03   2.6085e+02
20191116_03:00:00   2.6099e-01   6.4505e+01   6.2731e+00   0.0000e+00   2.8273e-03   2.5981e+02
20191116_04:00:00   2.6071e-01   6.4403e+01   6.2554e+00   0.0000e+00   9.3651e-03   2.6061e+02
20191116_05:00:00   2.6200e-01   6.4592e+01   6.2480e+00   0.0000e+00   3.2553e-02   2.6167e+02
20191116_06:00:00   2.5970e-01   6.4120e+01   6.2055e+00   0.0000e+00   2.0551e-02   2.6099e+02
20191116_07:00:00   2.5840e-01   6.3830e+01   6.1602e+00   0.0000e+00   2.8927e-02   2.5973e+02
20191116_08:00:00   2.5472e-01   6.3145e+01   6.0712e+00   0.0000e+00   9.7129e-03   2.5914e+02
20191116_09:00:00   2.4647e-01   6.1508e+01   5.8749e+00   0.0000e+00   9.9564e-03   2.5808e+02
20191116_10:00:00   2.4110e-01   6.0439e+01   5.7473e+00   0.0000e+00   1.1606e-02   2.5838e+02
20191116_11:00:00   2.3282e-01   5.8758e+01   5.5620e+00   0.0000e+00   7.6477e-03   2.5874e+02
20191116_12:00:00   2.2913e-01   5.8077e+01   5.4834e+00   0.0000e+00   2.0301e-03   2.5830e+02
20191116_13:00:00   2.3125e-01   5.8632e+01   5.5289e+00   0.0000e+00   1.8324e-04   2.5792e+02
20191116_14:00:00   2.3740e-01   5.9976e+01   5.6729e+00   0.0000e+00   6.0343e-04   2.5844e+02
20191116_15:00:00   2.4643e-01   6.1904e+01   5.8831e+00   0.0000e+00   1.9353e-02   2.5779e+02
20191116_16:00:00   2.6247e-01   6.5167e+01   6.2234e+00   0.0000e+00   1.0628e-01   2.5576e+02
20191116_17:00:00   2.9392e-01   7.1254e+01   6.8592e+00   1.7620e-04   3.2586e-01   2.5499e+02
20191116_18:00:00   3.2040e-01   7.6196e+01   7.3605e+00   9.0281e-04   4.1523e-01   2.5582e+02
20191116_19:00:00   2.9462e-01   7.1332e+01   6.8700e+00   1.7107e-04   2.1211e-01   2.5678e+02
20191116_20:00:00   2.6447e-01   6.5361e+01   6.2838e+00   1.1012e-05   7.9901e-02   2.5730e+02
20191116_21:00:00   2.4058e-01   6.0290e+01   5.8649e+00   0.0000e+00   1.3401e-02   2.5760e+02
20191116_22:00:00   2.4360e-01   6.0894e+01   5.8741e+00   0.0000e+00   1.4754e-02   2.5807e+02
20191116_23:00:00   2.5956e-01   6.3952e+01   6.2147e+00   2.1320e-04   1.6071e-01   2.5912e+02
20191117_00:00:00   2.6152e-01   6.4286e+01   6.2340e+00   0.0000e+00   1.8909e-01   2.5794e+02
20191117_01:00:00   2.5873e-01   6.3803e+01   6.1881e+00   0.0000e+00   1.3933e-01   2.5570e+02
20191117_02:00:00   2.7089e-01   6.6199e+01   6.3979e+00   0.0000e+00   2.2533e-01   2.5470e+02
20191117_03:00:00   2.7629e-01   6.7363e+01   6.5299e+00   0.0000e+00   1.6670e-01   2.5555e+02
20191117_04:00:00   2.7953e-01   6.8048e+01   6.5822e+00   0.0000e+00   1.6120e-01   2.5748e+02
20191117_05:00:00   2.7249e-01   6.6722e+01   6.4597e+00   0.0000e+00   7.0207e-02   2.5889e+02
20191117_06:00:00   2.6455e-01   6.5133e+01   6.2551e+00   0.0000e+00   1.0631e-01   2.5864e+02
20191117_07:00:00   2.6488e-01   6.5192e+01   6.2635e+00   0.0000e+00   6.1631e-02   2.5884e+02
20191117_08:00:00   2.5821e-01   6.3843e+01   6.1156e+00   0.0000e+00   5.3288e-02   2.5877e+02
20191117_09:00:00   2.5097e-01   6.2378e+01   5.9652e+00   0.0000e+00   5.6468e-02   2.5746e+02
20191117_10:00:00   2.3935e-01   6.0068e+01   5.7244e+00   0.0000e+00   5.0438e-02   2.5908e+02
20191117_11:00:00   2.3926e-01   6.0088e+01   5.7172e+00   0.0000e+00   6.7338e-02   2.6004e+02
20191117_12:00:00   2.4595e-01   6.1454e+01   5.8717e+00   0.0000e+00   4.7428e-02   2.5974e+02
20191117_13:00:00   2.4165e-01   6.0645e+01   5.7748e+00   0.0000e+00   5.4619e-02   2.6108e+02
20191117_14:00:00   2.5629e-01   6.3638e+01   6.1100e+00   0.0000e+00   6.8605e-02   2.6210e+02
20191117_15:00:00   2.7127e-01   6.6599e+01   6.4249e+00   1.0030e-03   6.8760e-02   2.6218e+02
20191117_16:00:00   2.7474e-01   6.7345e+01   6.5097e+00   1.6310e-03   4.1391e-02   2.6049e+02
20191117_17:00:00   2.7909e-01   6.8267e+01   6.6602e+00   0.0000e+00   6.9611e-02   2.5934e+02
20191117_18:00:00   3.1195e-01   7.4444e+01   7.2083e+00   2.0403e-03   1.8424e-01   2.5865e+02
20191117_19:00:00   2.9340e-01   7.0957e+01   6.9542e+00   0.0000e+00   7.6156e-02   2.5853e+02
20191117_20:00:00   2.8287e-01   6.8870e+01   6.7457e+00   0.0000e+00   4.6619e-02   2.6132e+02
20191117_21:00:00   2.6778e-01   6.5926e+01   6.3537e+00   1.8926e-05   3.0964e-02   2.6144e+02
20191117_22:00:00   2.5692e-01   6.3591e+01   6.1155e+00   9.4640e-06   2.9637e-02   2.6001e+02
20191117_23:00:00   2.3125e-01   5.8357e+01   5.5655e+00   0.0000e+00   1.3307e-02   2.5995e+02
20191118_00:00:00   2.3676e-01   5.9458e+01   5.7019e+00   8.9900e-05   1.4524e-02   2.6053e+02
20191118_01:00:00   2.4727e-01   6.1795e+01   5.9022e+00   0.0000e+00   8.5461e-03   2.6081e+02
20191118_02:00:00   2.6029e-01   6.4478e+01   6.2084e+00   0.0000e+00   7.7467e-03   2.6118e+02
20191118_03:00:00   2.8904e-01   7.0106e+01   6.7990e+00   0.0000e+00   5.0546e-02   2.5880e+02
20191118_04:00:00   3.0782e-01   7.3850e+01   7.1442e+00   1.4161e-05   1.9313e-02   2.5733e+02
20191118_05:00:00   3.4266e-01   8.0437e+01   7.4747e+00   7.0184e-03   4.3266e-02   2.5682e+02
20191118_06:00:00   3.1627e-01   7.5481e+01   7.2179e+00   7.1330e-05   3.2391e-02   2.5633e+02
20191118_07:00:00   3.1780e-01   7.5809e+01   7.2420e+00   2.8600e-05   2.5397e-03   2.5700e+02
20191118_08:00:00   3.0273e-01   7.2839e+01   6.9485e+00   1.1075e-04   1.4768e-02   2.5718e+02
20191118_09:00:00   2.9159e-01   7.0679e+01   6.7072e+00   1.4286e-05   2.9586e-02   2.5731e+02
20191118_10:00:00   2.8408e-01   6.9208e+01   6.5198e+00   8.5590e-05   3.6199e-02   2.5644e+02
20191118_11:00:00   2.9477e-01   7.1219e+01   6.7513e+00   1.1089e-04   4.7824e-02   2.5667e+02
20191118_12:00:00   3.0280e-01   7.2783e+01   6.9307e+00   0.0000e+00   7.6436e-02   2.5838e+02
20191118_13:00:00   3.0926e-01   7.4059e+01   7.0791e+00   9.4640e-05   7.7624e-02   2.5688e+02
20191118_14:00:00   2.9764e-01   7.1953e+01   6.8574e+00   4.7320e-05   3.4638e-02   2.5450e+02
20191118_15:00:00   3.0263e-01   7.3099e+01   6.8716e+00   1.4774e-03   5.8216e-02   2.5479e+02
20191118_16:00:00   4.1825e-01   9.3906e+01   7.0485e+00   5.1353e-02   1.9530e-01   2.5449e+02
20191118_17:00:00   3.5462e-01   8.2838e+01   7.4678e+00   1.1228e-02   3.6996e-01   2.5423e+02
20191118_18:00:00   3.9714e-01   9.0521e+01   7.6245e+00   2.9218e-02   2.5550e-01   2.5299e+02
20191118_19:00:00   6.0535e-01   1.2276e+02   9.1744e+00   8.6015e-02   1.1254e+00   2.5371e+02
20191118_20:00:00   6.2257e-01   1.2483e+02   9.5772e+00   8.6675e-02   1.1336e+00   2.5376e+02
20191118_21:00:00   4.4912e-01   9.8963e+01   9.4759e+00   7.8282e-03   7.3039e-01   2.5350e+02
20191118_22:00:00   4.2239e-01   9.4418e+01   9.1831e+00   2.2438e-03   6.4598e-01   2.5369e+02
20191118_23:00:00   3.8152e-01   8.7546e+01   8.5516e+00   1.4113e-03   1.8139e-01   2.5342e+02
20191119_00:00:00   3.9115e-01   8.9227e+01   8.7051e+00   7.6032e-04   1.4605e-01   2.5388e+02
20191119_01:00:00   3.7595e-01   8.6466e+01   8.2808e+00   9.6030e-04   1.7384e-01   2.5525e+02
20191119_02:00:00   3.5333e-01   8.2286e+01   7.9316e+00   3.6980e-04   6.4434e-02   2.5471e+02
20191119_03:00:00   3.4467e-01   8.0548e+01   7.8107e+00   1.7852e-04   1.0964e-01   2.5349e+02
20191119_04:00:00   3.3652e-01   7.8948e+01   7.6633e+00   2.8050e-05   1.3049e-01   2.5371e+02
20191119_05:00:00   3.1556e-01   7.5072e+01   7.2246e+00   0.0000e+00   1.0633e-01   2.5406e+02
20191119_06:00:00   3.0527e-01   7.3107e+01   7.0099e+00   0.0000e+00   6.3413e-02   2.5392e+02
20191119_07:00:00   2.9533e-01   7.1216e+01   6.8136e+00   2.5169e-05   2.6338e-02   2.5378e+02
20191119_08:00:00   2.8116e-01   6.8513e+01   6.4566e+00   7.0804e-04   1.2759e-02   2.5475e+02
20191119_09:00:00   2.7729e-01   6.7828e+01   6.3748e+00   1.9400e-04   2.2258e-03   2.5448e+02
20191119_10:00:00   2.7667e-01   6.7754e+01   6.3454e+00   0.0000e+00   1.8819e-03   2.5432e+02
20191119_11:00:00   2.7034e-01   6.6630e+01   6.1571e+00   0.0000e+00   1.1643e-03   2.5486e+02
20191119_12:00:00   2.6900e-01   6.6463e+01   6.0598e+00   1.2663e-04   1.8746e-04   2.5558e+02
20191119_13:00:00   2.7339e-01   6.7406e+01   6.1111e+00   1.5434e-04   1.8638e-05   2.5389e+02
20191119_14:00:00   2.7625e-01   6.8095e+01   6.0891e+00   8.5160e-04   2.3452e-05   2.5372e+02
20191119_15:00:00   2.7383e-01   6.7718e+01   6.0081e+00   8.9900e-04   1.2071e-04   2.5398e+02
20191119_16:00:00   2.8994e-01   7.0944e+01   6.2861e+00   2.6761e-03   1.4740e-03   2.5340e+02
20191119_17:00:00   3.1577e-01   7.5907e+01   6.8275e+00   3.9196e-03   1.9727e-02   2.5305e+02
20191119_18:00:00   3.9042e-01   8.9263e+01   8.0149e+00   1.1715e-02   3.5678e-01   2.5314e+02
20191119_21:00:00   3.3996e-01   8.0437e+01   6.8673e+00   1.2919e-02   7.6863e-02   2.5455e+02
20191120_00:00:00   2.3754e-01   6.0123e+01   5.4729e+00   0.0000e+00   1.2256e-04   2.5791e+02
20191120_03:00:00   1.8914e-01   5.0131e+01   4.2118e+00   0.0000e+00   8.7350e-06   2.5525e+02
20191120_06:00:00   1.6583e-01   4.5076e+01   3.6367e+00   0.0000e+00   2.1121e-06   2.5708e+02
20191120_09:00:00   1.5144e-01   4.1789e+01   3.3124e+00   6.0890e-05   1.5872e-06   2.5659e+02
20191120_12:00:00   1.4851e-01   4.1136e+01   3.2497e+00   2.8150e-05   2.0269e-06   2.5420e+02
20191120_15:00:00   1.5785e-01   4.3293e+01   3.5329e+00   8.8100e-05   5.4345e-05   2.5550e+02
20191120_18:00:00   1.2605e-01   3.5996e+01   2.8862e+00   0.0000e+00   4.4461e-04   2.5588e+02
20191120_21:00:00   1.7379e-01   4.6805e+01   3.9918e+00   0.0000e+00   1.1160e-05   2.5230e+02
20191121_00:00:00   1.1765e-01   3.4034e+01   2.6179e+00   0.0000e+00   0.0000e+00   2.5072e+02
20191121_03:00:00   9.9540e-02   2.9806e+01   2.1886e+00   0.0000e+00   0.0000e+00   2.5189e+02
20191121_06:00:00   1.0032e-01   2.9968e+01   2.2247e+00   0.0000e+00   0.0000e+00   2.5363e+02
20191121_09:00:00   1.2285e-01   3.5258e+01   2.7808e+00   0.0000e+00   0.0000e+00   2.5267e+02
20191121_12:00:00   1.3998e-01   3.9210e+01   3.1944e+00   0.0000e+00   0.0000e+00   2.5160e+02
20191121_15:00:00   1.5567e-01   4.2851e+01   3.5889e+00   0.0000e+00   0.0000e+00   2.4937e+02
20191121_18:00:00   1.4952e-01   4.1502e+01   3.4609e+00   0.0000e+00   4.1760e-05   2.5125e+02
20191121_21:00:00   1.3682e-01   3.8631e+01   3.1246e+00   0.0000e+00   0.0000e+00   2.4873e+02
20191122_00:00:00   1.0443e-01   3.0991e+01   2.3283e+00   0.0000e+00   0.0000e+00   2.4879e+02
20191122_03:00:00   9.6932e-02   2.9289e+01   2.1115e+00   0.0000e+00   8.1370e-06   2.4886e+02
20191122_06:00:00   9.1593e-02   2.8015e+01   1.9671e+00   0.0000e+00   3.7330e-07   2.4926e+02
20191122_09:00:00   8.7192e-02   2.6922e+01   1.8502e+00   0.0000e+00   0.0000e+00   2.5108e+02
20191122_12:00:00   7.4589e-02   2.3836e+01   1.5433e+00   0.0000e+00   0.0000e+00   2.5247e+02
20191122_15:00:00   9.0393e-02   2.7760e+01   1.9547e+00   0.0000e+00   0.0000e+00   2.5382e+02
20191122_18:00:00   1.1658e-01   3.4124e+01   2.6056e+00   0.0000e+00   0.0000e+00   2.5367e+02
20191122_21:00:00   9.9893e-02   2.9980e+01   2.2502e+00   0.0000e+00   0.0000e+00   2.5239e+02
20191123_00:00:00   1.3771e-01   3.8778e+01   3.1569e+00   0.0000e+00   0.0000e+00   2.5216e+02
20191123_03:00:00   1.2949e-01   3.6979e+01   2.9870e+00   0.0000e+00   0.0000e+00   2.5243e+02
20191123_06:00:00   1.0240e-01   3.0609e+01   2.3168e+00   0.0000e+00   0.0000e+00   2.5431e+02
20191123_09:00:00   1.4826e-01   4.1150e+01   3.4485e+00   0.0000e+00   0.0000e+00   2.5471e+02
20191123_12:00:00   1.6782e-01   4.5501e+01   3.9558e+00   0.0000e+00   0.0000e+00   2.5662e+02
20191123_15:00:00   1.7132e-01   4.6317e+01   4.0771e+00   0.0000e+00   0.0000e+00   2.5491e+02
20191123_18:00:00   2.0279e-01   5.3069e+01   4.8986e+00   4.2580e-05   2.2502e-03   2.5391e+02
20191123_21:00:00   2.1613e-01   5.5536e+01   5.2313e+00   0.0000e+00   3.1663e-02   2.5482e+02
20191124_00:00:00   2.1735e-01   5.5674e+01   5.3261e+00   0.0000e+00   1.6025e-03   2.5442e+02
20191124_03:00:00   2.2094e-01   5.6492e+01   5.3660e+00   0.0000e+00   7.5742e-05   2.5546e+02
20191124_06:00:00   2.2951e-01   5.8464e+01   5.4776e+00   0.0000e+00   2.5839e-04   2.5524e+02
20191124_09:00:00   1.8342e-01   4.8883e+01   4.3339e+00   0.0000e+00   5.5560e-06   2.5647e+02
20191124_12:00:00   1.7377e-01   4.6909e+01   4.0114e+00   0.0000e+00   3.4100e-06   2.5542e+02
20191124_15:00:00   1.4881e-01   4.1378e+01   3.4886e+00   0.0000e+00   7.0144e-04   2.5476e+02
20191124_18:00:00   2.3540e-01   6.0098e+01   5.6324e+00   4.7320e-06   1.2244e-02   2.5254e+02
20191124_21:00:00   2.5972e-01   6.4822e+01   6.1648e+00   0.0000e+00   3.9630e-02   2.5220e+02
20191125_00:00:00   2.4611e-01   6.2015e+01   5.8606e+00   0.0000e+00   2.9921e-03   2.5345e+02
20191125_03:00:00   2.9701e-01   7.2202e+01   6.9727e+00   0.0000e+00   5.0213e-03   2.5336e+02
20191125_06:00:00   2.8709e-01   7.0112e+01   6.7652e+00   0.0000e+00   4.9035e-03   2.5557e+02
20191125_09:00:00   2.6020e-01   6.4771e+01   6.1825e+00   0.0000e+00   3.5646e-03   2.5572e+02
20191125_12:00:00   2.6142e-01   6.5001e+01   6.1899e+00   0.0000e+00   2.1810e-03   2.5417e+02
20191125_15:00:00   2.4556e-01   6.2016e+01   5.8487e+00   0.0000e+00   1.7584e-03   2.5442e+02
20191125_18:00:00   2.7432e-01   6.7669e+01   6.5422e+00   2.2431e-05   6.7367e-02   2.5417e+02
20191125_21:00:00   2.3519e-01   5.9306e+01   5.7501e+00   0.0000e+00   3.0688e-02   2.5319e+02
20191126_00:00:00   2.1071e-01   5.4045e+01   5.1651e+00   0.0000e+00   2.5760e-02   2.5385e+02
20191126_03:00:00   1.9089e-01   4.9945e+01   4.6895e+00   0.0000e+00   1.5238e-02   2.5321e+02
20191126_06:00:00   1.5002e-01   4.0959e+01   3.6708e+00   0.0000e+00   1.0750e-02   2.5571e+02
20191126_09:00:00   1.4396e-01   3.9759e+01   3.4540e+00   0.0000e+00   5.8870e-05   2.5601e+02
20191126_12:00:00   1.4890e-01   4.1063e+01   3.5167e+00   0.0000e+00   4.2914e-05   2.5890e+02
20191126_15:00:00   1.7244e-01   4.6452e+01   4.0954e+00   0.0000e+00   4.9860e-06   2.5942e+02
20191126_18:00:00   2.0054e-01   5.2603e+01   4.7369e+00   1.6518e-04   2.4329e-02   2.5767e+02
20191126_21:00:00   1.7018e-01   4.5951e+01   3.9885e+00   0.0000e+00   9.4100e-05   2.5636e+02
20191127_00:00:00   1.3840e-01   3.8601e+01   3.2774e+00   0.0000e+00   0.0000e+00   2.5501e+02
20191127_03:00:00   1.1068e-01   3.2495e+01   2.4731e+00   0.0000e+00   0.0000e+00   2.5501e+02
20191127_06:00:00   5.8578e-02   1.9810e+01   1.1810e+00   0.0000e+00   0.0000e+00   2.5497e+02
20191127_09:00:00   4.1046e-02   1.5246e+01   7.5525e-01   0.0000e+00   0.0000e+00   2.5527e+02
20191127_12:00:00   3.5852e-02   1.3835e+01   6.3762e-01   0.0000e+00   0.0000e+00   2.5674e+02
20191127_15:00:00   5.2707e-02   1.8288e+01   1.0785e+00   0.0000e+00   0.0000e+00   2.5660e+02
20191127_18:00:00   6.1618e-02   2.0523e+01   1.3247e+00   0.0000e+00   0.0000e+00   2.5464e+02
20191127_21:00:00   5.1111e-02   1.7812e+01   1.0545e+00   0.0000e+00   0.0000e+00   2.5362e+02
20191128_00:00:00   8.4156e-02   2.6215e+01   1.8093e+00   0.0000e+00   0.0000e+00   2.5403e+02
20191128_03:00:00   7.3203e-02   2.3433e+01   1.6084e+00   0.0000e+00   0.0000e+00   2.5382e+02
20191128_06:00:00   8.5731e-02   2.6332e+01   1.9632e+00   0.0000e+00   0.0000e+00   2.5376e+02
20191128_09:00:00   9.9657e-02   2.9867e+01   2.2420e+00   0.0000e+00   0.0000e+00   2.5679e+02
20191128_12:00:00   1.1711e-01   3.4188e+01   2.5916e+00   0.0000e+00   0.0000e+00   2.5637e+02
20191128_15:00:00   1.5117e-01   4.1872e+01   3.4925e+00   6.8920e-04   3.5480e-04   2.5728e+02
20191128_18:00:00   9.3377e-02   2.8444e+01   2.1240e+00   0.0000e+00   2.1099e-05   2.5664e+02
20191128_21:00:00   1.0596e-01   3.1433e+01   2.4013e+00   0.0000e+00   0.0000e+00   2.5480e+02
20191129_00:00:00   8.6466e-02   2.6777e+01   1.8336e+00   0.0000e+00   0.0000e+00   2.5572e+02
20191129_03:00:00   5.1760e-02   1.8039e+01   1.0414e+00   0.0000e+00   1.8598e-04   2.5620e+02
20191129_06:00:00   4.3943e-02   1.5972e+01   8.5840e-01   0.0000e+00   0.0000e+00   2.5610e+02
20191129_09:00:00   4.2387e-02   1.5536e+01   8.1890e-01   0.0000e+00   2.2020e-07   2.5565e+02
20191129_12:00:00   4.1528e-02   1.5317e+01   7.9489e-01   0.0000e+00   0.0000e+00   2.5608e+02
20191129_15:00:00   5.7305e-02   1.9449e+01   1.2071e+00   0.0000e+00   0.0000e+00   2.5842e+02
20191129_18:00:00   1.0474e-01   3.1194e+01   2.4185e+00   0.0000e+00   0.0000e+00   2.5855e+02
20191129_21:00:00   9.6613e-02   2.9088e+01   2.2502e+00   0.0000e+00   0.0000e+00   2.5804e+02
20191130_00:00:00   1.1559e-01   3.3787e+01   2.6180e+00   0.0000e+00   0.0000e+00   2.5643e+02
20191130_03:00:00   1.0162e-01   3.0384e+01   2.3905e+00   0.0000e+00   6.1800e-06   2.5579e+02
20191130_06:00:00   1.1950e-01   3.4592e+01   2.8513e+00   0.0000e+00   3.0377e-05   2.5580e+02
20191130_09:00:00   1.5231e-01   4.2217e+01   3.6166e+00   0.0000e+00   1.6605e-03   2.5736e+02
20191130_12:00:00   1.6537e-01   4.5333e+01   3.8484e+00   0.0000e+00   1.1012e-06   2.5627e+02
20191130_15:00:00   2.0989e-01   5.5044e+01   5.0399e+00   0.0000e+00   1.8322e-04   2.5634e+02
20191130_18:00:00   2.8469e-01   7.0104e+01   6.8619e+00   0.0000e+00   9.9781e-02   2.5556e+02
