#            date       tau225        Tb[K]      pwv[mm] lwp[kg*m^-2] iwp[kg*m^-2]       o3[DU]
20191120_06:00:00   1.7159e-01   4.6508e+01   3.7868e+00   5.6110e-05   6.1020e-06   2.5153e+02
20191120_07:00:00   1.6240e-01   4.4455e+01   3.5879e+00   0.0000e+00   6.9150e-06   2.5112e+02
20191120_08:00:00   1.6163e-01   4.4263e+01   3.5637e+00   0.0000e+00   0.0000e+00   2.5217e+02
20191120_09:00:00   1.5986e-01   4.3863e+01   3.5215e+00   0.0000e+00   0.0000e+00   2.5219e+02
20191120_10:00:00   1.5463e-01   4.2704e+01   3.3960e+00   0.0000e+00   0.0000e+00   2.5272e+02
20191120_11:00:00   1.5066e-01   4.1824e+01   3.3079e+00   0.0000e+00   0.0000e+00   2.5407e+02
20191120_12:00:00   1.5532e-01   4.2910e+01   3.4062e+00   0.0000e+00   0.0000e+00   2.5460e+02
20191120_13:00:00   1.5860e-01   4.3653e+01   3.5126e+00   0.0000e+00   0.0000e+00   2.5332e+02
20191120_14:00:00   1.5169e-01   4.2056e+01   3.4206e+00   0.0000e+00   0.0000e+00   2.5274e+02
20191120_15:00:00   1.4699e-01   4.0987e+01   3.3572e+00   0.0000e+00   0.0000e+00   2.5350e+02
20191120_16:00:00   1.4356e-01   4.0219e+01   3.3100e+00   0.0000e+00   2.0724e-05   2.5326e+02
20191120_17:00:00   1.4040e-01   3.9500e+01   3.2572e+00   2.2020e-06   6.1405e-05   2.5121e+02
20191120_18:00:00   1.3204e-01   3.7599e+01   3.0611e+00   2.6420e-05   2.2342e-04   2.5024e+02
20191120_19:00:00   1.2245e-01   3.5408e+01   2.8186e+00   0.0000e+00   7.6790e-04   2.4982e+02
20191120_20:00:00   1.1667e-01   3.4053e+01   2.6783e+00   0.0000e+00   1.8853e-05   2.4842e+02
20191120_21:00:00   1.3570e-01   3.8508e+01   3.1142e+00   0.0000e+00   6.0560e-06   2.4798e+02
20191120_22:00:00   1.7447e-01   4.7358e+01   3.9235e+00   0.0000e+00   1.7582e-05   2.4910e+02
20191120_23:00:00   1.4652e-01   4.1108e+01   3.2320e+00   0.0000e+00   0.0000e+00   2.5089e+02
20191121_00:00:00   1.3887e-01   3.9322e+01   3.0491e+00   0.0000e+00   0.0000e+00   2.5117e+02
20191121_01:00:00   1.3592e-01   3.8634e+01   2.9749e+00   0.0000e+00   0.0000e+00   2.5138e+02
20191121_02:00:00   1.2625e-01   3.6370e+01   2.7509e+00   0.0000e+00   0.0000e+00   2.5176e+02
20191121_03:00:00   1.1290e-01   3.3194e+01   2.4522e+00   0.0000e+00   0.0000e+00   2.5051e+02
20191121_04:00:00   1.0268e-01   3.0720e+01   2.2299e+00   0.0000e+00   0.0000e+00   2.5151e+02
20191121_05:00:00   1.0002e-01   3.0036e+01   2.1775e+00   0.0000e+00   0.0000e+00   2.5224e+02
20191121_06:00:00   9.6437e-02   2.9147e+01   2.0999e+00   0.0000e+00   0.0000e+00   2.5170e+02
20191121_07:00:00   9.1373e-02   2.7927e+01   1.9770e+00   0.0000e+00   0.0000e+00   2.5187e+02
20191121_08:00:00   8.5543e-02   2.6515e+01   1.8355e+00   0.0000e+00   0.0000e+00   2.5241e+02
20191121_09:00:00   8.0849e-02   2.5359e+01   1.7213e+00   0.0000e+00   0.0000e+00   2.5376e+02
20191121_10:00:00   7.6424e-02   2.4255e+01   1.6141e+00   0.0000e+00   0.0000e+00   2.5454e+02
20191121_11:00:00   7.3488e-02   2.3520e+01   1.5482e+00   0.0000e+00   0.0000e+00   2.5448e+02
20191121_12:00:00   7.5623e-02   2.4058e+01   1.6011e+00   0.0000e+00   0.0000e+00   2.5374e+02
20191121_13:00:00   8.0250e-02   2.5200e+01   1.7259e+00   0.0000e+00   0.0000e+00   2.5326e+02
20191121_14:00:00   8.6664e-02   2.6805e+01   1.8939e+00   0.0000e+00   0.0000e+00   2.5180e+02
20191121_15:00:00   1.0197e-01   3.0494e+01   2.2928e+00   0.0000e+00   0.0000e+00   2.5041e+02
20191121_16:00:00   1.1548e-01   3.3753e+01   2.6349e+00   0.0000e+00   0.0000e+00   2.5158e+02
20191121_17:00:00   1.3189e-01   3.7586e+01   3.0594e+00   0.0000e+00   0.0000e+00   2.5178e+02
20191121_18:00:00   1.3769e-01   3.8939e+01   3.2062e+00   0.0000e+00   0.0000e+00   2.5199e+02
20191121_19:00:00   1.2905e-01   3.6963e+01   3.0070e+00   0.0000e+00   1.6469e-05   2.5129e+02
20191121_20:00:00   1.2083e-01   3.5005e+01   2.8043e+00   0.0000e+00   1.7392e-04   2.5073e+02
20191121_21:00:00   1.0991e-01   3.2364e+01   2.5456e+00   0.0000e+00   2.1140e-06   2.4983e+02
20191121_22:00:00   1.4553e-01   4.0635e+01   3.3826e+00   0.0000e+00   2.4300e-04   2.4882e+02
20191121_23:00:00   1.6040e-01   4.4001e+01   3.7010e+00   0.0000e+00   2.2525e-03   2.4738e+02
20191122_00:00:00   1.6931e-01   4.5912e+01   3.9451e+00   0.0000e+00   4.7640e-03   2.4811e+02
20191122_01:00:00   1.7282e-01   4.6622e+01   4.0728e+00   0.0000e+00   2.3632e-03   2.4893e+02
20191122_02:00:00   1.6562e-01   4.5075e+01   3.8841e+00   0.0000e+00   6.5377e-04   2.4869e+02
20191122_03:00:00   1.5986e-01   4.3808e+01   3.7374e+00   0.0000e+00   2.2441e-06   2.4951e+02
20191122_04:00:00   1.5417e-01   4.2559e+01   3.5847e+00   0.0000e+00   0.0000e+00   2.4962e+02
20191122_05:00:00   1.5189e-01   4.2048e+01   3.5181e+00   0.0000e+00   0.0000e+00   2.4928e+02
20191122_06:00:00   1.5152e-01   4.1941e+01   3.5092e+00   0.0000e+00   0.0000e+00   2.5069e+02
20191122_07:00:00   1.5109e-01   4.1809e+01   3.4993e+00   0.0000e+00   0.0000e+00   2.5118e+02
20191122_08:00:00   1.5432e-01   4.2508e+01   3.5723e+00   0.0000e+00   0.0000e+00   2.5080e+02
20191122_09:00:00   1.5478e-01   4.2608e+01   3.5843e+00   0.0000e+00   0.0000e+00   2.4959e+02
20191122_10:00:00   1.5752e-01   4.3233e+01   3.6488e+00   0.0000e+00   0.0000e+00   2.5160e+02
20191122_11:00:00   1.5985e-01   4.3766e+01   3.7063e+00   0.0000e+00   0.0000e+00   2.5265e+02
20191122_12:00:00   1.6130e-01   4.4118e+01   3.7399e+00   0.0000e+00   0.0000e+00   2.5070e+02
20191122_13:00:00   1.6617e-01   4.5270e+01   3.8618e+00   0.0000e+00   0.0000e+00   2.5126e+02
20191122_14:00:00   1.7063e-01   4.6302e+01   3.9942e+00   0.0000e+00   0.0000e+00   2.5212e+02
20191122_15:00:00   1.8133e-01   4.8621e+01   4.3068e+00   0.0000e+00   0.0000e+00   2.5335e+02
20191122_16:00:00   2.0036e-01   5.2652e+01   4.8262e+00   1.4194e-05   8.7420e-04   2.5351e+02
20191122_17:00:00   2.1892e-01   5.6659e+01   5.2490e+00   4.9240e-04   4.9038e-03   2.5214e+02
20191122_18:00:00   2.3730e-01   6.0552e+01   5.6664e+00   0.0000e+00   4.3235e-02   2.5037e+02
20191122_19:00:00   2.5126e-01   6.3345e+01   5.9993e+00   3.3040e-06   3.7354e-02   2.4870e+02
20191122_20:00:00   2.4745e-01   6.2534e+01   5.9212e+00   0.0000e+00   1.2099e-02   2.4907e+02
20191122_21:00:00   2.2505e-01   5.7953e+01   5.3713e+00   0.0000e+00   5.5840e-04   2.4898e+02
20191122_22:00:00   1.9791e-01   5.2371e+01   4.6371e+00   0.0000e+00   0.0000e+00   2.4970e+02
20191122_23:00:00   2.0114e-01   5.3067e+01   4.6676e+00   0.0000e+00   0.0000e+00   2.5020e+02
20191123_00:00:00   1.8939e-01   5.0530e+01   4.3373e+00   0.0000e+00   0.0000e+00   2.5066e+02
20191123_01:00:00   1.7351e-01   4.7060e+01   3.9366e+00   0.0000e+00   0.0000e+00   2.5150e+02
20191123_02:00:00   1.6102e-01   4.4258e+01   3.6535e+00   0.0000e+00   3.9270e-06   2.5136e+02
20191123_03:00:00   1.4795e-01   4.1313e+01   3.3653e+00   0.0000e+00   1.3481e-05   2.5083e+02
20191123_04:00:00   1.4456e-01   4.0515e+01   3.2912e+00   0.0000e+00   9.5330e-06   2.5002e+02
20191123_05:00:00   1.4249e-01   4.0015e+01   3.2428e+00   0.0000e+00   2.2304e-05   2.5070e+02
20191123_06:00:00   1.3934e-01   3.9284e+01   3.1591e+00   0.0000e+00   2.0322e-05   2.5148e+02
20191123_07:00:00   1.3888e-01   3.9172e+01   3.1409e+00   0.0000e+00   1.2912e-05   2.5220e+02
20191123_08:00:00   1.3558e-01   3.8409e+01   3.0603e+00   0.0000e+00   6.3850e-06   2.5260e+02
20191123_09:00:00   1.3495e-01   3.8267e+01   3.0384e+00   0.0000e+00   7.3314e-06   2.5306e+02
20191123_10:00:00   1.3564e-01   3.8450e+01   3.0347e+00   0.0000e+00   5.3172e-06   2.5303e+02
20191123_11:00:00   1.3650e-01   3.8734e+01   3.0238e+00   0.0000e+00   2.7957e-06   2.5347e+02
20191123_12:00:00   1.3707e-01   3.8932e+01   3.0307e+00   0.0000e+00   2.4080e-05   2.5401e+02
20191123_13:00:00   1.4039e-01   3.9755e+01   3.1212e+00   0.0000e+00   4.8300e-05   2.5474e+02
20191123_14:00:00   1.5192e-01   4.2451e+01   3.4151e+00   0.0000e+00   2.1040e-04   2.5559e+02
20191123_15:00:00   1.8331e-01   4.9374e+01   4.2293e+00   0.0000e+00   4.4680e-04   2.5639e+02
20191123_16:00:00   1.9848e-01   5.2648e+01   4.6522e+00   0.0000e+00   2.1145e-03   2.5662e+02
20191123_17:00:00   2.2353e-01   5.7848e+01   5.1243e+00   3.7940e-03   8.3241e-03   2.5691e+02
20191123_18:00:00   2.2983e-01   5.9234e+01   5.4501e+00   0.0000e+00   3.1600e-02   2.5749e+02
20191123_19:00:00   2.2561e-01   5.8413e+01   5.3177e+00   1.8720e-05   4.1266e-02   2.5799e+02
20191123_20:00:00   2.1094e-01   5.5287e+01   4.9621e+00   0.0000e+00   1.7541e-02   2.5857e+02
20191123_21:00:00   1.8030e-01   4.8662e+01   4.2213e+00   0.0000e+00   1.4282e-03   2.5832e+02
20191123_22:00:00   1.4576e-01   4.0870e+01   3.3853e+00   0.0000e+00   3.3886e-03   2.5760e+02
20191123_23:00:00   1.2226e-01   3.5385e+01   2.8000e+00   0.0000e+00   2.4456e-03   2.5735e+02
20191124_00:00:00   1.1223e-01   3.2988e+01   2.5490e+00   0.0000e+00   8.3484e-05   2.5731e+02
20191124_01:00:00   1.0105e-01   3.0346e+01   2.2709e+00   0.0000e+00   1.2749e-04   2.5765e+02
20191124_02:00:00   9.3953e-02   2.8631e+01   2.1031e+00   0.0000e+00   3.8789e-05   2.5687e+02
20191124_03:00:00   9.5341e-02   2.8923e+01   2.1391e+00   0.0000e+00   8.9335e-05   2.5807e+02
20191124_04:00:00   9.5526e-02   2.8925e+01   2.1521e+00   0.0000e+00   1.0562e-05   2.5803e+02
20191124_05:00:00   1.0058e-01   3.0098e+01   2.2819e+00   0.0000e+00   4.8290e-06   2.5738e+02
20191124_06:00:00   9.9232e-02   2.9729e+01   2.2635e+00   0.0000e+00   1.4005e-05   2.5851e+02
20191124_07:00:00   9.4185e-02   2.8501e+01   2.1476e+00   0.0000e+00   2.2429e-05   2.5917e+02
20191124_08:00:00   8.8683e-02   2.7166e+01   2.0065e+00   0.0000e+00   1.6259e-05   2.5961e+02
20191124_09:00:00   8.7246e-02   2.6821e+01   1.9604e+00   0.0000e+00   8.4350e-06   2.5914e+02
20191124_10:00:00   8.6032e-02   2.6521e+01   1.9294e+00   0.0000e+00   6.5970e-06   2.5965e+02
20191124_11:00:00   8.5880e-02   2.6480e+01   1.9308e+00   0.0000e+00   3.3330e-06   2.6005e+02
20191124_12:00:00   8.8218e-02   2.7073e+01   1.9886e+00   0.0000e+00   1.2322e-06   2.5975e+02
20191124_13:00:00   8.5387e-02   2.6408e+01   1.9281e+00   0.0000e+00   0.0000e+00   2.5927e+02
20191124_14:00:00   8.4658e-02   2.6257e+01   1.9185e+00   0.0000e+00   3.2630e-06   2.5934e+02
20191124_15:00:00   9.1784e-02   2.8018e+01   2.1091e+00   0.0000e+00   0.0000e+00   2.5956e+02
20191124_16:00:00   1.0523e-01   3.1281e+01   2.4523e+00   0.0000e+00   0.0000e+00   2.5961e+02
20191124_17:00:00   1.1282e-01   3.3072e+01   2.6518e+00   0.0000e+00   9.1890e-07   2.5963e+02
20191124_18:00:00   1.1767e-01   3.4205e+01   2.7754e+00   0.0000e+00   0.0000e+00   2.5961e+02
20191124_19:00:00   1.2147e-01   3.5080e+01   2.8653e+00   0.0000e+00   0.0000e+00   2.5857e+02
20191124_20:00:00   1.2668e-01   3.6276e+01   2.9858e+00   0.0000e+00   0.0000e+00   2.5696e+02
20191124_21:00:00   1.3025e-01   3.7099e+01   3.0587e+00   0.0000e+00   0.0000e+00   2.5604e+02
20191124_22:00:00   1.2322e-01   3.5516e+01   2.8503e+00   0.0000e+00   0.0000e+00   2.5649e+02
20191124_23:00:00   1.1966e-01   3.4670e+01   2.7342e+00   0.0000e+00   0.0000e+00   2.5522e+02
20191125_00:00:00   1.1650e-01   3.3866e+01   2.6431e+00   0.0000e+00   0.0000e+00   2.5598e+02
20191125_01:00:00   1.1539e-01   3.3565e+01   2.6178e+00   0.0000e+00   0.0000e+00   2.5462e+02
20191125_02:00:00   1.1493e-01   3.3424e+01   2.6124e+00   0.0000e+00   0.0000e+00   2.5480e+02
20191125_03:00:00   1.1200e-01   3.2702e+01   2.5448e+00   0.0000e+00   0.0000e+00   2.5580e+02
20191125_04:00:00   1.1224e-01   3.2725e+01   2.5541e+00   0.0000e+00   0.0000e+00   2.5560e+02
20191125_05:00:00   1.1334e-01   3.2925e+01   2.6050e+00   0.0000e+00   0.0000e+00   2.5545e+02
20191125_06:00:00   1.0727e-01   3.1450e+01   2.4766e+00   0.0000e+00   1.1666e-06   2.5554e+02
20191125_09:00:00   6.2682e-02   2.0626e+01   1.3440e+00   0.0000e+00   7.0766e-05   2.5457e+02
20191125_12:00:00   4.7794e-02   1.6850e+01   9.6846e-01   0.0000e+00   0.0000e+00   2.5577e+02
20191125_15:00:00   5.7198e-02   1.9414e+01   1.1923e+00   0.0000e+00   1.8272e-05   2.5844e+02
20191125_18:00:00   7.1707e-02   2.3080e+01   1.5592e+00   0.0000e+00   3.7277e-03   2.5575e+02
20191125_21:00:00   1.2686e-01   3.6343e+01   2.8416e+00   0.0000e+00   2.9937e-04   2.5478e+02
20191126_00:00:00   1.1581e-01   3.3739e+01   2.4378e+00   0.0000e+00   9.8870e-07   2.5446e+02
20191126_03:00:00   8.7516e-02   2.6876e+01   1.8404e+00   0.0000e+00   1.1241e-04   2.5227e+02
20191126_06:00:00   6.8720e-02   2.2158e+01   1.4214e+00   0.0000e+00   7.3260e-06   2.5405e+02
20191126_09:00:00   5.4698e-02   1.8599e+01   1.1066e+00   0.0000e+00   0.0000e+00   2.5425e+02
20191126_12:00:00   4.6965e-02   1.6621e+01   9.2355e-01   0.0000e+00   2.9300e-05   2.5578e+02
20191126_15:00:00   5.1684e-02   1.7845e+01   1.0543e+00   0.0000e+00   6.2574e-04   2.5742e+02
20191126_18:00:00   8.8151e-02   2.6979e+01   1.9170e+00   0.0000e+00   1.1930e-03   2.5662e+02
20191126_21:00:00   8.7243e-02   2.6715e+01   1.8881e+00   0.0000e+00   5.4552e-05   2.5671e+02
20191127_00:00:00   7.0978e-02   2.2678e+01   1.4490e+00   0.0000e+00   1.3563e-04   2.5416e+02
20191127_03:00:00   4.3944e-02   1.5876e+01   8.1275e-01   0.0000e+00   1.7856e-04   2.5288e+02
20191127_06:00:00   2.5383e-02   1.0917e+01   3.7236e-01   0.0000e+00   1.9232e-04   2.5253e+02
20191127_09:00:00   2.2621e-02   1.0141e+01   3.0568e-01   0.0000e+00   5.5130e-05   2.5629e+02
20191127_12:00:00   2.4646e-02   1.0695e+01   3.6175e-01   0.0000e+00   2.7310e-05   2.5629e+02
20191127_15:00:00   3.2989e-02   1.2986e+01   5.8106e-01   0.0000e+00   8.4700e-05   2.5612e+02
20191127_18:00:00   3.8811e-02   1.4534e+01   7.3660e-01   0.0000e+00   5.3658e-05   2.5346e+02
20191127_21:00:00   6.3144e-02   2.0801e+01   1.3457e+00   0.0000e+00   3.5062e-05   2.5259e+02
20191128_00:00:00   5.6544e-02   1.9135e+01   1.1508e+00   0.0000e+00   9.7177e-05   2.5259e+02
20191128_03:00:00   3.9984e-02   1.4872e+01   7.5427e-01   0.0000e+00   2.2020e-07   2.5303e+02
20191128_06:00:00   3.4794e-02   1.3485e+01   6.2271e-01   0.0000e+00   4.6672e-06   2.5015e+02
20191128_09:00:00   2.9801e-02   1.2118e+01   5.0036e-01   0.0000e+00   6.0400e-06   2.4898e+02
20191128_12:00:00   2.8172e-02   1.1688e+01   4.5573e-01   0.0000e+00   0.0000e+00   2.4944e+02
20191128_15:00:00   3.4234e-02   1.3346e+01   6.1322e-01   0.0000e+00   0.0000e+00   2.5010e+02
20191128_18:00:00   3.8031e-02   1.4346e+01   7.2117e-01   0.0000e+00   8.6040e-05   2.5059e+02
20191128_21:00:00   7.2399e-02   2.3113e+01   1.5910e+00   0.0000e+00   1.3970e-03   2.5210e+02
20191129_00:00:00   6.5798e-02   2.1530e+01   1.3649e+00   0.0000e+00   0.0000e+00   2.5224e+02
20191129_03:00:00   4.8497e-02   1.7135e+01   9.6113e-01   0.0000e+00   4.4380e-07   2.5279e+02
20191129_06:00:00   4.4898e-02   1.6135e+01   8.9171e-01   0.0000e+00   1.1147e-06   2.5024e+02
20191129_09:00:00   3.8486e-02   1.4385e+01   7.5084e-01   0.0000e+00   2.7170e-06   2.5158e+02
20191129_12:00:00   3.7127e-02   1.4018e+01   7.2193e-01   0.0000e+00   4.7180e-04   2.5014e+02
20191129_15:00:00   4.9473e-02   1.7276e+01   1.0477e+00   0.0000e+00   1.4490e-03   2.5059e+02
20191129_18:00:00   6.8123e-02   2.2046e+01   1.5150e+00   0.0000e+00   4.4497e-03   2.5343e+02
20191129_21:00:00   1.0415e-01   3.0768e+01   2.3776e+00   0.0000e+00   9.7950e-04   2.5261e+02
20191130_00:00:00   8.3208e-02   2.5682e+01   1.8237e+00   0.0000e+00   8.9600e-04   2.5314e+02
20191130_03:00:00   6.2939e-02   2.0672e+01   1.3657e+00   0.0000e+00   3.4792e-05   2.5443e+02
20191130_06:00:00   5.1969e-02   1.7880e+01   1.0850e+00   0.0000e+00   7.3260e-06   2.5309e+02
20191130_09:00:00   3.6985e-02   1.3988e+01   7.0727e-01   0.0000e+00   0.0000e+00   2.5344e+02
20191130_12:00:00   3.3073e-02   1.2962e+01   6.0612e-01   0.0000e+00   0.0000e+00   2.5604e+02
20191130_15:00:00   4.5983e-02   1.6348e+01   9.5443e-01   0.0000e+00   4.8952e-05   2.5502e+02
20191130_18:00:00   6.3558e-02   2.0874e+01   1.3940e+00   0.0000e+00   2.4220e-06   2.5477e+02
20191130_21:00:00   9.2215e-02   2.7857e+01   2.0988e+00   0.0000e+00   3.9464e-04   2.5401e+02
20191201_00:00:00   5.9945e-02   1.9890e+01   1.2870e+00   0.0000e+00   2.9385e-03   2.5373e+02
20191201_03:00:00   5.1676e-02   1.7867e+01   1.0576e+00   0.0000e+00   7.5705e-04   2.5250e+02
20191201_06:00:00   4.1750e-02   1.5335e+01   7.8592e-01   0.0000e+00   2.2020e-07   2.5295e+02
20191201_09:00:00   3.7237e-02   1.4137e+01   6.7510e-01   0.0000e+00   0.0000e+00   2.5375e+02
20191201_12:00:00   3.6085e-02   1.3835e+01   6.4598e-01   0.0000e+00   0.0000e+00   2.5522e+02
20191201_15:00:00   3.9852e-02   1.4856e+01   7.4150e-01   0.0000e+00   0.0000e+00   2.5479e+02
20191201_18:00:00   4.1815e-02   1.5381e+01   7.9665e-01   0.0000e+00   0.0000e+00   2.5591e+02
20191201_21:00:00   6.8813e-02   2.2251e+01   1.4667e+00   0.0000e+00   0.0000e+00   2.5444e+02
20191202_00:00:00   7.0695e-02   2.2706e+01   1.4616e+00   0.0000e+00   0.0000e+00   2.5503e+02
20191202_03:00:00   5.8701e-02   1.9700e+01   1.1845e+00   0.0000e+00   1.6204e-05   2.5469e+02
20191202_06:00:00   5.1167e-02   1.7739e+01   1.0235e+00   0.0000e+00   0.0000e+00   2.5186e+02
20191202_09:00:00   4.8816e-02   1.7130e+01   9.7330e-01   0.0000e+00   0.0000e+00   2.5357e+02
20191202_12:00:00   4.9805e-02   1.7388e+01   1.0028e+00   0.0000e+00   5.7260e-06   2.5526e+02
20191202_15:00:00   5.5103e-02   1.8796e+01   1.1359e+00   0.0000e+00   9.7421e-06   2.5576e+02
20191202_18:00:00   5.3092e-02   1.8316e+01   1.0935e+00   0.0000e+00   0.0000e+00   2.5305e+02
20191202_21:00:00   6.8791e-02   2.2262e+01   1.4809e+00   0.0000e+00   4.3918e-04   2.5041e+02
20191203_00:00:00   6.7970e-02   2.2142e+01   1.3952e+00   0.0000e+00   3.0867e-05   2.4961e+02
20191203_03:00:00   5.2432e-02   1.8168e+01   1.0459e+00   0.0000e+00   0.0000e+00   2.5200e+02
20191203_06:00:00   4.8350e-02   1.7014e+01   9.7054e-01   0.0000e+00   1.0468e-05   2.5446e+02
20191203_09:00:00   4.6197e-02   1.6442e+01   9.1553e-01   0.0000e+00   4.5420e-04   2.5393e+02
20191203_12:00:00   4.7277e-02   1.6708e+01   9.4975e-01   0.0000e+00   3.8320e-05   2.5254e+02
20191203_15:00:00   5.3638e-02   1.8370e+01   1.1228e+00   0.0000e+00   0.0000e+00   2.5482e+02
20191203_18:00:00   5.6168e-02   1.9043e+01   1.1859e+00   0.0000e+00   0.0000e+00   2.5437e+02
20191203_21:00:00   8.9520e-02   2.7286e+01   1.9982e+00   0.0000e+00   2.5937e-04   2.5328e+02
20191204_00:00:00   7.6670e-02   2.4171e+01   1.6195e+00   0.0000e+00   8.3617e-06   2.5442e+02
20191204_03:00:00   5.9649e-02   1.9927e+01   1.2179e+00   0.0000e+00   1.0572e-05   2.5611e+02
20191204_06:00:00   4.7122e-02   1.6676e+01   9.2865e-01   0.0000e+00   1.3903e-05   2.5512e+02
20191204_09:00:00   4.0989e-02   1.5082e+01   7.8055e-01   0.0000e+00   3.1300e-05   2.5782e+02
20191204_12:00:00   3.7226e-02   1.4104e+01   6.8661e-01   0.0000e+00   0.0000e+00   2.5580e+02
20191204_15:00:00   4.1876e-02   1.5378e+01   7.9853e-01   0.0000e+00   0.0000e+00   2.5542e+02
20191204_18:00:00   4.8009e-02   1.6979e+01   9.6316e-01   0.0000e+00   0.0000e+00   2.5550e+02
20191204_21:00:00   8.9093e-02   2.7142e+01   1.9941e+00   0.0000e+00   0.0000e+00   2.5317e+02
20191205_00:00:00   7.6237e-02   2.4116e+01   1.5921e+00   0.0000e+00   0.0000e+00   2.5084e+02
20191205_03:00:00   5.7532e-02   1.9427e+01   1.1536e+00   0.0000e+00   0.0000e+00   2.5385e+02
20191205_06:00:00   3.4487e-02   1.3405e+01   6.1470e-01   0.0000e+00   0.0000e+00   2.5239e+02
20191205_09:00:00   3.1183e-02   1.2503e+01   5.3162e-01   0.0000e+00   1.5141e-06   2.5457e+02
20191205_12:00:00   3.1907e-02   1.2702e+01   5.5072e-01   0.0000e+00   6.6560e-07   2.5468e+02
20191205_15:00:00   4.5233e-02   1.6228e+01   9.1101e-01   0.0000e+00   0.0000e+00   2.5474e+02
20191205_18:00:00   6.0406e-02   2.0170e+01   1.3030e+00   0.0000e+00   0.0000e+00   2.5304e+02
20191205_21:00:00   6.4736e-02   2.1240e+01   1.4135e+00   0.0000e+00   0.0000e+00   2.4908e+02
20191206_00:00:00   7.3378e-02   2.3415e+01   1.5954e+00   0.0000e+00   0.0000e+00   2.4790e+02
20191206_03:00:00   5.5969e-02   1.9016e+01   1.1627e+00   0.0000e+00   0.0000e+00   2.4678e+02
20191206_06:00:00   4.4431e-02   1.6037e+01   8.7025e-01   0.0000e+00   0.0000e+00   2.4910e+02
