#            date       tau225        Tb[K]      pwv[mm] lwp[kg*m^-2] iwp[kg*m^-2]       o3[DU]
20191106_18:00:00   6.1954e-02   2.0368e+01   1.3526e+00   0.0000e+00   2.9608e-02   2.5442e+02
20191106_19:00:00   6.3877e-02   2.0838e+01   1.3991e+00   0.0000e+00   3.7674e-02   2.5375e+02
20191106_20:00:00   7.2868e-02   2.3101e+01   1.6188e+00   0.0000e+00   4.1231e-02   2.5400e+02
20191106_21:00:00   9.1343e-02   2.7669e+01   2.0741e+00   0.0000e+00   2.3656e-02   2.5422e+02
20191106_22:00:00   1.0333e-01   3.0567e+01   2.3592e+00   0.0000e+00   1.7167e-02   2.5429e+02
20191106_23:00:00   9.6417e-02   2.8921e+01   2.1711e+00   0.0000e+00   2.1626e-02   2.5363e+02
20191107_00:00:00   8.1484e-02   2.5325e+01   1.7978e+00   0.0000e+00   4.5040e-03   2.5349e+02
20191107_01:00:00   7.3632e-02   2.3395e+01   1.6069e+00   0.0000e+00   6.6700e-03   2.5283e+02
20191107_02:00:00   6.1096e-02   2.0259e+01   1.3179e+00   0.0000e+00   4.4980e-03   2.5227e+02
20191107_03:00:00   5.6114e-02   1.8999e+01   1.1956e+00   0.0000e+00   2.5945e-03   2.5308e+02
20191107_04:00:00   5.7101e-02   1.9255e+01   1.2121e+00   0.0000e+00   6.9781e-03   2.5185e+02
20191107_05:00:00   5.9683e-02   1.9933e+01   1.2678e+00   0.0000e+00   1.5296e-03   2.4965e+02
20191107_06:00:00   5.8016e-02   1.9500e+01   1.2349e+00   0.0000e+00   5.4423e-04   2.5067e+02
20191107_07:00:00   5.9127e-02   1.9799e+01   1.2588e+00   0.0000e+00   4.4040e-05   2.5358e+02
20191107_08:00:00   6.8486e-02   2.2170e+01   1.4891e+00   0.0000e+00   7.2280e-04   2.5310e+02
20191107_09:00:00   7.4157e-02   2.3624e+01   1.6213e+00   0.0000e+00   1.1738e-03   2.5227e+02
20191107_10:00:00   7.7280e-02   2.4408e+01   1.6916e+00   0.0000e+00   2.5060e-03   2.5198e+02
20191107_11:00:00   7.7238e-02   2.4418e+01   1.6827e+00   0.0000e+00   3.4000e-03   2.5236e+02
20191107_12:00:00   7.9817e-02   2.5080e+01   1.7372e+00   0.0000e+00   3.4862e-03   2.5252e+02
20191107_13:00:00   8.2060e-02   2.5673e+01   1.7951e+00   0.0000e+00   3.2540e-03   2.5295e+02
20191107_14:00:00   8.9578e-02   2.7540e+01   1.9919e+00   0.0000e+00   3.0280e-03   2.5350e+02
20191107_15:00:00   9.5074e-02   2.8837e+01   2.1598e+00   0.0000e+00   2.3320e-03   2.5327e+02
20191107_16:00:00   1.0514e-01   3.1192e+01   2.4459e+00   0.0000e+00   1.5806e-03   2.5263e+02
20191107_17:00:00   1.1635e-01   3.3798e+01   2.7433e+00   0.0000e+00   2.0040e-03   2.5161e+02
20191107_18:00:00   1.1593e-01   3.3711e+01   2.7347e+00   0.0000e+00   7.7494e-04   2.5057e+02
20191107_19:00:00   1.0025e-01   3.0061e+01   2.3180e+00   0.0000e+00   6.9420e-04   2.4869e+02
20191107_20:00:00   8.4939e-02   2.6327e+01   1.9294e+00   0.0000e+00   8.3060e-04   2.4712e+02
20191107_21:00:00   8.6934e-02   2.6841e+01   1.9625e+00   0.0000e+00   5.3482e-04   2.4583e+02
20191107_22:00:00   8.6482e-02   2.6711e+01   1.9431e+00   0.0000e+00   1.2758e-03   2.4473e+02
20191107_23:00:00   8.1705e-02   2.5588e+01   1.7892e+00   0.0000e+00   4.2565e-03   2.4479e+02
20191108_00:00:00   7.2974e-02   2.3397e+01   1.5644e+00   0.0000e+00   6.7740e-03   2.4561e+02
20191108_01:00:00   6.6580e-02   2.1773e+01   1.4172e+00   0.0000e+00   5.0910e-03   2.4598e+02
20191108_02:00:00   6.1670e-02   2.0558e+01   1.2997e+00   0.0000e+00   6.6279e-04   2.4617e+02
20191108_03:00:00   5.8341e-02   1.9700e+01   1.2250e+00   0.0000e+00   1.0363e-04   2.4737e+02
20191108_04:00:00   6.5801e-02   2.1539e+01   1.4140e+00   0.0000e+00   2.4506e-04   2.4943e+02
20191108_05:00:00   7.0108e-02   2.2601e+01   1.5209e+00   0.0000e+00   1.7999e-03   2.4905e+02
20191108_06:00:00   7.1711e-02   2.2981e+01   1.5622e+00   0.0000e+00   1.9778e-03   2.4950e+02
20191108_07:00:00   7.4521e-02   2.3676e+01   1.6311e+00   0.0000e+00   6.5300e-04   2.5083e+02
20191108_08:00:00   7.2371e-02   2.3229e+01   1.5435e+00   0.0000e+00   1.7944e-04   2.5077e+02
20191108_09:00:00   7.2356e-02   2.3238e+01   1.5349e+00   0.0000e+00   5.6400e-04   2.5158e+02
20191108_10:00:00   7.3101e-02   2.3432e+01   1.5448e+00   0.0000e+00   2.2240e-04   2.5152e+02
20191108_11:00:00   7.4303e-02   2.3751e+01   1.5631e+00   0.0000e+00   1.1430e-04   2.5195e+02
20191108_12:00:00   7.6130e-02   2.4247e+01   1.5972e+00   0.0000e+00   1.5466e-05   2.5208e+02
20191108_13:00:00   7.9565e-02   2.5104e+01   1.6984e+00   0.0000e+00   0.0000e+00   2.5203e+02
20191108_14:00:00   8.0923e-02   2.5458e+01   1.7485e+00   0.0000e+00   0.0000e+00   2.5122e+02
20191108_15:00:00   8.4667e-02   2.6350e+01   1.8659e+00   0.0000e+00   0.0000e+00   2.5133e+02
20191108_16:00:00   8.6653e-02   2.6834e+01   1.9301e+00   0.0000e+00   0.0000e+00   2.5079e+02
20191108_17:00:00   8.6991e-02   2.6940e+01   1.9368e+00   0.0000e+00   1.9382e-06   2.4963e+02
20191108_18:00:00   8.8158e-02   2.7254e+01   1.9608e+00   0.0000e+00   0.0000e+00   2.4865e+02
20191108_19:00:00   8.7485e-02   2.7065e+01   1.9400e+00   0.0000e+00   0.0000e+00   2.4923e+02
20191108_20:00:00   8.8090e-02   2.7192e+01   1.9556e+00   0.0000e+00   0.0000e+00   2.4953e+02
20191108_21:00:00   9.3273e-02   2.8410e+01   2.0766e+00   0.0000e+00   0.0000e+00   2.4916e+02
20191108_22:00:00   8.2483e-02   2.5774e+01   1.7858e+00   0.0000e+00   0.0000e+00   2.5044e+02
20191108_23:00:00   6.7160e-02   2.1983e+01   1.3949e+00   0.0000e+00   0.0000e+00   2.5106e+02
20191109_00:00:00   6.3800e-02   2.1130e+01   1.2939e+00   0.0000e+00   0.0000e+00   2.5184e+02
20191109_01:00:00   6.5991e-02   2.1677e+01   1.3338e+00   0.0000e+00   0.0000e+00   2.5208e+02
20191109_02:00:00   6.3519e-02   2.1056e+01   1.2766e+00   0.0000e+00   0.0000e+00   2.5135e+02
20191109_03:00:00   5.7077e-02   1.9419e+01   1.1377e+00   0.0000e+00   0.0000e+00   2.4972e+02
20191109_04:00:00   5.4906e-02   1.8855e+01   1.0902e+00   0.0000e+00   0.0000e+00   2.5001e+02
20191109_05:00:00   5.4787e-02   1.8804e+01   1.0895e+00   0.0000e+00   0.0000e+00   2.5060e+02
20191109_06:00:00   5.3002e-02   1.8330e+01   1.0509e+00   0.0000e+00   0.0000e+00   2.5137e+02
20191109_07:00:00   5.5512e-02   1.8939e+01   1.1176e+00   0.0000e+00   0.0000e+00   2.5310e+02
20191109_08:00:00   5.1264e-02   1.7839e+01   1.0174e+00   0.0000e+00   0.0000e+00   2.5456e+02
20191109_09:00:00   4.7458e-02   1.6849e+01   9.2719e-01   0.0000e+00   0.0000e+00   2.5539e+02
20191109_10:00:00   4.3657e-02   1.5864e+01   8.3171e-01   0.0000e+00   0.0000e+00   2.5551e+02
20191109_11:00:00   4.2712e-02   1.5617e+01   8.0908e-01   0.0000e+00   0.0000e+00   2.5633e+02
20191109_12:00:00   4.3173e-02   1.5753e+01   8.1954e-01   0.0000e+00   0.0000e+00   2.5604e+02
20191109_13:00:00   4.2202e-02   1.5504e+01   8.0138e-01   0.0000e+00   0.0000e+00   2.5501e+02
20191109_14:00:00   4.9606e-02   1.7434e+01   9.9809e-01   0.0000e+00   1.8926e-06   2.5540e+02
20191109_15:00:00   5.7314e-02   1.9433e+01   1.2020e+00   0.0000e+00   3.0860e-05   2.5434e+02
20191109_16:00:00   7.0424e-02   2.2752e+01   1.5428e+00   0.0000e+00   2.2020e-07   2.5379e+02
20191109_17:00:00   8.6207e-02   2.6593e+01   1.9659e+00   0.0000e+00   6.2380e-05   2.5348e+02
20191109_18:00:00   1.0192e-01   3.0333e+01   2.3846e+00   0.0000e+00   5.1000e-04   2.5308e+02
20191109_19:00:00   1.1051e-01   3.2322e+01   2.6151e+00   0.0000e+00   4.1135e-04   2.5291e+02
20191109_20:00:00   1.1790e-01   3.3953e+01   2.8118e+00   0.0000e+00   2.7620e-04   2.5345e+02
20191109_21:00:00   1.1085e-01   3.2275e+01   2.6325e+00   0.0000e+00   1.8606e-04   2.5345e+02
20191109_22:00:00   1.0645e-01   3.1382e+01   2.4713e+00   0.0000e+00   2.5100e-05   2.5376e+02
20191109_23:00:00   9.9591e-02   2.9814e+01   2.2820e+00   0.0000e+00   1.6924e-04   2.5431e+02
20191110_00:00:00   9.7723e-02   2.9338e+01   2.2405e+00   0.0000e+00   4.9880e-05   2.5394e+02
20191110_01:00:00   9.9545e-02   2.9737e+01   2.3011e+00   0.0000e+00   1.2720e-04   2.5267e+02
20191110_02:00:00   1.0885e-01   3.1853e+01   2.5651e+00   0.0000e+00   1.9164e-04   2.5296e+02
20191110_03:00:00   1.2844e-01   3.6333e+01   3.0802e+00   0.0000e+00   3.5820e-05   2.5440e+02
20191110_04:00:00   1.3911e-01   3.8788e+01   3.3350e+00   0.0000e+00   1.0812e-03   2.5589e+02
20191110_05:00:00   1.3154e-01   3.7134e+01   3.1289e+00   0.0000e+00   4.4482e-03   2.5705e+02
20191110_06:00:00   1.3597e-01   3.8130e+01   3.2280e+00   0.0000e+00   3.1632e-03   2.5678e+02
20191110_07:00:00   1.3961e-01   3.8936e+01   3.3176e+00   0.0000e+00   5.1061e-03   2.5621e+02
20191110_08:00:00   1.3879e-01   3.8791e+01   3.2869e+00   0.0000e+00   4.0381e-03   2.5704e+02
20191110_09:00:00   1.3604e-01   3.8214e+01   3.2100e+00   0.0000e+00   3.7009e-03   2.5638e+02
20191110_10:00:00   1.4142e-01   3.9457e+01   3.3405e+00   0.0000e+00   4.8637e-03   2.5601e+02
20191110_11:00:00   1.5355e-01   4.2151e+01   3.6478e+00   0.0000e+00   4.9295e-03   2.5651e+02
20191110_12:00:00   1.6762e-01   4.5315e+01   3.9732e+00   0.0000e+00   9.3180e-03   2.5733e+02
20191110_13:00:00   1.9718e-01   5.1864e+01   4.6496e+00   0.0000e+00   7.2056e-04   2.5548e+02
20191110_14:00:00   2.1309e-01   5.5402e+01   5.0031e+00   0.0000e+00   1.5061e-04   2.5488e+02
20191110_15:00:00   2.3586e-01   6.0226e+01   5.5538e+00   9.4640e-05   6.5899e-03   2.5431e+02
20191110_16:00:00   2.7124e-01   6.7179e+01   6.4199e+00   2.5320e-05   1.2202e-01   2.5424e+02
20191110_17:00:00   4.0861e-01   9.1551e+01   7.4416e+00   4.4950e-02   6.0388e-01   2.5382e+02
20191110_18:00:00   2.6626e-01   6.6225e+01   6.2941e+00   1.9822e-04   5.3068e-02   2.5152e+02
20191110_19:00:00   2.1281e-01   5.5218e+01   5.0911e+00   0.0000e+00   6.7725e-02   2.5144e+02
20191110_20:00:00   2.0046e-01   5.2473e+01   4.8019e+00   0.0000e+00   5.1360e-02   2.5192e+02
20191110_21:00:00   1.6628e-01   4.5125e+01   3.9599e+00   0.0000e+00   3.6719e-04   2.5198e+02
20191110_22:00:00   1.1712e-01   3.3853e+01   2.7444e+00   0.0000e+00   0.0000e+00   2.5258e+02
20191110_23:00:00   9.8191e-02   2.9254e+01   2.2974e+00   0.0000e+00   0.0000e+00   2.5258e+02
20191111_00:00:00   1.2207e-01   3.4794e+01   2.9179e+00   0.0000e+00   0.0000e+00   2.5087e+02
20191111_01:00:00   1.4703e-01   4.0477e+01   3.5418e+00   0.0000e+00   9.6120e-05   2.5042e+02
20191111_02:00:00   1.6702e-01   4.5086e+01   3.9811e+00   0.0000e+00   3.5240e-07   2.5000e+02
20191111_03:00:00   2.0908e-01   5.4285e+01   4.6398e+00   5.1240e-03   3.5154e-05   2.5056e+02
20191111_04:00:00   2.8304e-01   6.9662e+01   5.3496e+00   2.2474e-02   4.0402e-03   2.5056e+02
20191111_05:00:00   3.0819e-01   7.4384e+01   6.1571e+00   1.7838e-02   1.3239e-02   2.5105e+02
20191111_06:00:00   2.7199e-01   6.7012e+01   6.2997e+00   2.6382e-04   5.5708e-02   2.5075e+02
20191111_07:00:00   2.7605e-01   6.7824e+01   6.4181e+00   0.0000e+00   5.4151e-02   2.4985e+02
20191111_08:00:00   2.8604e-01   6.9742e+01   6.6174e+00   0.0000e+00   1.0473e-01   2.4933e+02
20191111_09:00:00   2.8814e-01   7.0145e+01   6.6778e+00   0.0000e+00   9.1557e-02   2.5035e+02
20191111_10:00:00   2.8180e-01   6.8954e+01   6.5809e+00   0.0000e+00   1.8604e-02   2.4900e+02
20191111_11:00:00   2.9112e-01   7.0670e+01   6.7971e+00   0.0000e+00   5.7002e-02   2.4741e+02
20191111_12:00:00   2.8172e-01   6.8844e+01   6.6603e+00   0.0000e+00   3.5603e-02   2.4646e+02
20191111_13:00:00   2.8456e-01   6.9440e+01   6.7398e+00   0.0000e+00   3.5712e-02   2.4563e+02
20191111_14:00:00   2.9923e-01   7.2362e+01   7.0823e+00   0.0000e+00   4.4688e-02   2.4578e+02
20191111_15:00:00   3.1678e-01   7.5643e+01   7.4028e+00   2.7540e-03   4.3889e-02   2.4559e+02
20191111_16:00:00   3.2220e-01   7.6560e+01   7.6077e+00   1.7334e-04   2.3876e-01   2.4473e+02
20191111_17:00:00   3.3594e-01   7.9043e+01   7.8590e+00   0.0000e+00   3.5949e-01   2.4455e+02
20191111_18:00:00   3.1226e-01   7.4708e+01   7.4145e+00   0.0000e+00   1.1663e-01   2.4478e+02
20191111_21:00:00   2.0832e-01   5.3802e+01   5.0678e+00   0.0000e+00   1.1655e-02   2.4428e+02
20191112_00:00:00   1.5633e-01   4.2449e+01   3.8178e+00   0.0000e+00   1.0184e-04   2.4448e+02
20191112_03:00:00   1.5472e-01   4.2179e+01   3.7371e+00   0.0000e+00   9.0820e-05   2.4153e+02
20191112_06:00:00   1.5641e-01   4.2465e+01   3.7714e+00   0.0000e+00   0.0000e+00   2.4232e+02
20191112_09:00:00   1.4039e-01   3.8891e+01   3.3745e+00   0.0000e+00   1.7646e-03   2.4450e+02
20191112_12:00:00   1.2422e-01   3.5186e+01   2.9748e+00   0.0000e+00   2.8731e-03   2.4400e+02
20191112_15:00:00   1.2306e-01   3.4916e+01   2.9814e+00   0.0000e+00   1.5306e-02   2.4290e+02
20191112_18:00:00   1.3358e-01   3.7208e+01   3.2860e+00   0.0000e+00   2.6210e-02   2.4354e+02
20191112_21:00:00   1.4595e-01   3.9858e+01   3.6191e+00   0.0000e+00   4.0028e-02   2.4402e+02
20191113_00:00:00   1.4629e-01   3.9946e+01   3.5511e+00   0.0000e+00   9.3847e-02   2.4455e+02
20191113_03:00:00   1.3397e-01   3.7154e+01   3.2828e+00   0.0000e+00   1.2086e-02   2.4221e+02
20191113_06:00:00   1.0116e-01   2.9724e+01   2.3812e+00   0.0000e+00   4.4002e-04   2.4424e+02
20191113_09:00:00   8.0345e-02   2.4798e+01   1.8308e+00   0.0000e+00   5.2821e-05   2.4664e+02
20191113_12:00:00   6.1018e-02   2.0115e+01   1.3202e+00   0.0000e+00   2.7382e-06   2.4762e+02
20191113_15:00:00   6.0910e-02   2.0177e+01   1.3044e+00   0.0000e+00   9.1644e-05   2.4414e+02
20191113_18:00:00   7.7791e-02   2.4296e+01   1.7418e+00   0.0000e+00   3.2508e-04   2.4494e+02
20191113_21:00:00   1.3035e-01   3.6692e+01   2.9782e+00   0.0000e+00   2.4765e-04   2.4861e+02
20191114_00:00:00   1.1031e-01   3.2033e+01   2.3703e+00   0.0000e+00   5.9840e-06   2.5051e+02
20191114_03:00:00   8.7992e-02   2.6749e+01   1.8700e+00   0.0000e+00   0.0000e+00   2.5052e+02
20191114_06:00:00   6.8606e-02   2.2118e+01   1.3687e+00   0.0000e+00   0.0000e+00   2.5312e+02
20191114_09:00:00   5.1614e-02   1.7864e+01   9.7350e-01   0.0000e+00   0.0000e+00   2.5634e+02
20191114_12:00:00   3.4850e-02   1.3524e+01   5.9307e-01   0.0000e+00   0.0000e+00   2.5486e+02
20191114_15:00:00   3.5769e-02   1.3768e+01   6.4151e-01   0.0000e+00   0.0000e+00   2.5697e+02
20191114_18:00:00   4.5359e-02   1.6255e+01   9.0238e-01   0.0000e+00   0.0000e+00   2.5934e+02
20191114_21:00:00   7.5132e-02   2.3801e+01   1.6422e+00   0.0000e+00   0.0000e+00   2.6074e+02
20191115_00:00:00   7.9889e-02   2.5012e+01   1.7220e+00   0.0000e+00   0.0000e+00   2.5863e+02
20191115_03:00:00   7.6241e-02   2.4157e+01   1.6414e+00   0.0000e+00   1.2992e-04   2.5957e+02
20191115_06:00:00   7.2294e-02   2.3148e+01   1.5572e+00   0.0000e+00   1.0051e-04   2.5984e+02
20191115_09:00:00   7.0389e-02   2.2628e+01   1.5232e+00   0.0000e+00   1.8511e-04   2.6197e+02
20191115_12:00:00   7.0974e-02   2.2756e+01   1.5529e+00   0.0000e+00   2.2253e-04   2.6107e+02
20191115_15:00:00   7.0018e-02   2.2599e+01   1.5404e+00   0.0000e+00   4.8639e-05   2.6186e+02
20191115_18:00:00   6.9785e-02   2.2580e+01   1.5404e+00   0.0000e+00   8.7219e-05   2.5898e+02
20191115_21:00:00   6.2534e-02   2.0743e+01   1.3455e+00   0.0000e+00   0.0000e+00   2.5963e+02
20191116_00:00:00   5.9993e-02   2.0092e+01   1.2701e+00   0.0000e+00   0.0000e+00   2.6151e+02
20191116_03:00:00   4.7691e-02   1.6973e+01   9.5469e-01   0.0000e+00   0.0000e+00   2.5913e+02
20191116_06:00:00   4.6289e-02   1.6572e+01   9.1111e-01   0.0000e+00   3.1250e-05   2.5790e+02
20191116_09:00:00   4.3322e-02   1.5778e+01   8.3433e-01   0.0000e+00   1.5472e-04   2.5940e+02
20191116_12:00:00   4.7212e-02   1.6782e+01   9.3812e-01   0.0000e+00   1.3541e-04   2.6006e+02
20191116_15:00:00   5.6679e-02   1.9243e+01   1.1945e+00   0.0000e+00   1.0283e-04   2.5978e+02
20191116_18:00:00   6.9797e-02   2.2566e+01   1.5452e+00   0.0000e+00   5.9460e-05   2.6132e+02
20191116_21:00:00   7.7498e-02   2.4413e+01   1.7398e+00   0.0000e+00   0.0000e+00   2.6157e+02
20191117_00:00:00   8.5550e-02   2.6451e+01   1.9126e+00   0.0000e+00   0.0000e+00   2.6043e+02
20191117_03:00:00   8.2127e-02   2.5610e+01   1.8308e+00   0.0000e+00   0.0000e+00   2.5775e+02
20191117_06:00:00   1.0575e-01   3.1324e+01   2.3926e+00   0.0000e+00   0.0000e+00   2.5705e+02
20191117_09:00:00   1.0250e-01   3.0539e+01   2.2859e+00   0.0000e+00   6.7610e-07   2.5648e+02
20191117_12:00:00   1.1957e-01   3.4652e+01   2.6515e+00   0.0000e+00   2.3441e-06   2.6028e+02
20191117_15:00:00   1.7330e-01   4.6971e+01   3.9905e+00   0.0000e+00   2.2720e-05   2.5773e+02
20191117_18:00:00   2.2021e-01   5.6822e+01   5.1796e+00   0.0000e+00   8.5346e-02   2.5567e+02
20191117_21:00:00   2.1401e-01   5.5336e+01   5.0781e+00   0.0000e+00   2.0460e-05   2.5683e+02
20191118_00:00:00   1.1722e-01   3.3890e+01   2.7185e+00   0.0000e+00   0.0000e+00   2.5589e+02
20191118_03:00:00   1.2429e-01   3.5491e+01   2.8877e+00   0.0000e+00   1.5764e-03   2.5467e+02
20191118_06:00:00   1.5244e-01   4.2074e+01   3.4752e+00   0.0000e+00   7.5510e-07   2.5468e+02
20191118_09:00:00   1.6305e-01   4.4447e+01   3.6868e+00   0.0000e+00   2.6900e-06   2.5521e+02
20191118_12:00:00   1.5753e-01   4.3193e+01   3.5927e+00   0.0000e+00   5.1710e-06   2.5676e+02
20191118_15:00:00   1.7073e-01   4.6050e+01   4.0290e+00   0.0000e+00   1.3360e-04   2.5501e+02
20191118_18:00:00   1.6344e-01   4.4471e+01   3.8655e+00   0.0000e+00   1.9440e-03   2.5240e+02
20191118_21:00:00   1.0588e-01   3.1187e+01   2.4588e+00   0.0000e+00   0.0000e+00   2.5345e+02
20191119_00:00:00   9.8507e-02   2.9419e+01   2.2199e+00   0.0000e+00   0.0000e+00   2.5521e+02
20191119_03:00:00   1.1121e-01   3.2316e+01   2.5923e+00   0.0000e+00   0.0000e+00   2.5209e+02
20191119_06:00:00   1.0837e-01   3.1654e+01   2.4990e+00   0.0000e+00   4.3140e-07   2.5274e+02
20191119_09:00:00   1.0449e-01   3.0684e+01   2.3977e+00   0.0000e+00   2.7280e-07   2.5310e+02
20191119_12:00:00   1.1268e-01   3.2582e+01   2.6052e+00   0.0000e+00   0.0000e+00   2.5520e+02
20191119_15:00:00   1.3555e-01   3.7949e+01   3.1903e+00   0.0000e+00   0.0000e+00   2.5441e+02
20191119_18:00:00   1.4575e-01   4.0335e+01   3.4582e+00   0.0000e+00   1.3842e-03   2.5661e+02
20191119_21:00:00   1.3985e-01   3.9132e+01   3.2331e+00   0.0000e+00   0.0000e+00   2.5695e+02
20191120_00:00:00   1.4514e-01   4.0268e+01   3.2937e+00   0.0000e+00   0.0000e+00   2.5550e+02
20191120_03:00:00   1.4110e-01   3.9423e+01   3.1804e+00   0.0000e+00   0.0000e+00   2.5579e+02
20191120_06:00:00   1.4237e-01   3.9620e+01   3.1978e+00   0.0000e+00   2.4959e-06   2.5487e+02
20191120_09:00:00   1.4485e-01   4.0145e+01   3.2428e+00   0.0000e+00   7.8670e-06   2.5384e+02
20191120_12:00:00   1.5922e-01   4.3402e+01   3.5331e+00   0.0000e+00   7.4660e-07   2.5408e+02
20191120_15:00:00   1.5120e-01   4.1777e+01   3.3880e+00   0.0000e+00   0.0000e+00   2.5271e+02
20191120_18:00:00   1.2585e-01   3.6134e+01   2.7988e+00   0.0000e+00   1.8474e-04   2.5484e+02
20191120_21:00:00   1.3242e-01   3.7586e+01   2.9307e+00   0.0000e+00   0.0000e+00   2.5488e+02
20191121_00:00:00   6.4357e-02   2.1135e+01   1.3206e+00   0.0000e+00   0.0000e+00   2.5434e+02
20191121_03:00:00   6.6688e-02   2.1719e+01   1.3803e+00   0.0000e+00   0.0000e+00   2.5398e+02
20191121_06:00:00   7.9470e-02   2.4869e+01   1.6832e+00   0.0000e+00   0.0000e+00   2.5418e+02
20191121_09:00:00   8.4501e-02   2.6091e+01   1.7931e+00   0.0000e+00   0.0000e+00   2.5355e+02
20191121_12:00:00   8.0718e-02   2.5180e+01   1.7061e+00   0.0000e+00   0.0000e+00   2.5520e+02
20191121_15:00:00   8.4259e-02   2.6053e+01   1.8305e+00   0.0000e+00   0.0000e+00   2.5470e+02
20191121_18:00:00   9.3808e-02   2.8347e+01   2.0842e+00   0.0000e+00   0.0000e+00   2.5335e+02
20191121_21:00:00   1.2306e-01   3.5188e+01   2.7614e+00   0.0000e+00   0.0000e+00   2.5371e+02
20191122_00:00:00   8.1585e-02   2.5355e+01   1.7149e+00   0.0000e+00   0.0000e+00   2.5050e+02
20191122_03:00:00   8.7804e-02   2.6876e+01   1.8736e+00   0.0000e+00   0.0000e+00   2.4996e+02
20191122_06:00:00   9.8163e-02   2.9336e+01   2.1260e+00   0.0000e+00   0.0000e+00   2.5288e+02
20191122_09:00:00   1.0535e-01   3.0997e+01   2.3085e+00   0.0000e+00   0.0000e+00   2.5095e+02
20191122_12:00:00   1.1325e-01   3.2841e+01   2.5157e+00   0.0000e+00   0.0000e+00   2.5158e+02
20191122_15:00:00   1.1807e-01   3.4098e+01   2.6508e+00   0.0000e+00   0.0000e+00   2.5085e+02
20191122_18:00:00   1.1621e-01   3.3663e+01   2.6341e+00   0.0000e+00   0.0000e+00   2.5090e+02
