#            date       tau225        Tb[K]      pwv[mm] lwp[kg*m^-2] iwp[kg*m^-2]       o3[DU]
20191106_06:00:00   5.4457e-02   1.8570e+01   1.1113e+00   0.0000e+00   1.2274e-03   2.5848e+02
20191106_07:00:00   5.0294e-02   1.7466e+01   1.0217e+00   0.0000e+00   2.9665e-03   2.5860e+02
20191106_08:00:00   4.6982e-02   1.6590e+01   9.4622e-01   0.0000e+00   3.2363e-03   2.6046e+02
20191106_09:00:00   4.3769e-02   1.5768e+01   8.6455e-01   0.0000e+00   9.9801e-04   2.6089e+02
20191106_10:00:00   4.1488e-02   1.5165e+01   8.0867e-01   0.0000e+00   2.8098e-04   2.5981e+02
20191106_11:00:00   3.8908e-02   1.4468e+01   7.5034e-01   0.0000e+00   2.1641e-04   2.5841e+02
20191106_12:00:00   4.2381e-02   1.5393e+01   8.3302e-01   0.0000e+00   4.4400e-04   2.5790e+02
20191106_13:00:00   4.3030e-02   1.5568e+01   8.5376e-01   0.0000e+00   1.6538e-03   2.5822e+02
20191106_14:00:00   4.4168e-02   1.5855e+01   8.9048e-01   0.0000e+00   5.7272e-03   2.5725e+02
20191106_15:00:00   5.0598e-02   1.7530e+01   1.0561e+00   0.0000e+00   7.8720e-03   2.5572e+02
20191106_16:00:00   5.9193e-02   1.9724e+01   1.2719e+00   0.0000e+00   2.3780e-02   2.5549e+02
20191106_17:00:00   6.5263e-02   2.1224e+01   1.4335e+00   0.0000e+00   2.7962e-02   2.5527e+02
20191106_18:00:00   6.8205e-02   2.1936e+01   1.5246e+00   0.0000e+00   1.3870e-02   2.5531e+02
20191106_19:00:00   7.0366e-02   2.2430e+01   1.5777e+00   0.0000e+00   3.4405e-02   2.5509e+02
20191106_20:00:00   7.6454e-02   2.3946e+01   1.7270e+00   0.0000e+00   3.5628e-02   2.5498e+02
20191106_21:00:00   9.2394e-02   2.7904e+01   2.1144e+00   0.0000e+00   1.5726e-02   2.5489e+02
20191106_22:00:00   1.0518e-01   3.0956e+01   2.4268e+00   0.0000e+00   6.4110e-03   2.5473e+02
20191106_23:00:00   9.5792e-02   2.8670e+01   2.1860e+00   0.0000e+00   3.5700e-02   2.5345e+02
20191107_00:00:00   8.1736e-02   2.5285e+01   1.8417e+00   0.0000e+00   5.7904e-03   2.5228e+02
20191107_01:00:00   7.2077e-02   2.2932e+01   1.5986e+00   0.0000e+00   5.3196e-03   2.5122e+02
20191107_02:00:00   6.1929e-02   2.0416e+01   1.3505e+00   0.0000e+00   6.5618e-03   2.5199e+02
20191107_03:00:00   5.6559e-02   1.9057e+01   1.2138e+00   0.0000e+00   1.1080e-02   2.5088e+02
20191107_04:00:00   5.6905e-02   1.9120e+01   1.2285e+00   0.0000e+00   1.1400e-02   2.5170e+02
20191107_05:00:00   5.6540e-02   1.9035e+01   1.2185e+00   0.0000e+00   8.1936e-03   2.5104e+02
20191107_06:00:00   5.7351e-02   1.9264e+01   1.2381e+00   0.0000e+00   1.1452e-03   2.5257e+02
20191107_07:00:00   6.0978e-02   2.0222e+01   1.3222e+00   0.0000e+00   7.4360e-04   2.5393e+02
20191107_08:00:00   6.3677e-02   2.0952e+01   1.3771e+00   0.0000e+00   5.4006e-04   2.5272e+02
20191107_09:00:00   6.8900e-02   2.2264e+01   1.5057e+00   0.0000e+00   8.3540e-04   2.5189e+02
20191107_10:00:00   7.5520e-02   2.3866e+01   1.6841e+00   0.0000e+00   3.3541e-03   2.5242e+02
20191107_11:00:00   7.7401e-02   2.4383e+01   1.7215e+00   0.0000e+00   3.2333e-03   2.5358e+02
20191107_12:00:00   8.0879e-02   2.5265e+01   1.8035e+00   0.0000e+00   4.4143e-03   2.5311e+02
20191107_13:00:00   7.9555e-02   2.4977e+01   1.7665e+00   0.0000e+00   1.0214e-02   2.5253e+02
20191107_14:00:00   8.6783e-02   2.6812e+01   1.9473e+00   0.0000e+00   6.2001e-03   2.5161e+02
20191107_15:00:00   1.0862e-01   3.2045e+01   2.5128e+00   0.0000e+00   5.0397e-03   2.5199e+02
20191107_16:00:00   1.2839e-01   3.6594e+01   3.0424e+00   0.0000e+00   4.8120e-03   2.5191e+02
20191107_17:00:00   1.3913e-01   3.9049e+01   3.3305e+00   0.0000e+00   7.7244e-03   2.5142e+02
20191107_18:00:00   1.4272e-01   3.9852e+01   3.4296e+00   0.0000e+00   6.3165e-03   2.5128e+02
20191107_19:00:00   1.3888e-01   3.8973e+01   3.3272e+00   0.0000e+00   8.2226e-03   2.5096e+02
20191107_20:00:00   1.1716e-01   3.3942e+01   2.7737e+00   0.0000e+00   6.4980e-03   2.5052e+02
20191107_21:00:00   9.8622e-02   2.9529e+01   2.2979e+00   0.0000e+00   7.9340e-03   2.4910e+02
20191107_22:00:00   9.7610e-02   2.9278e+01   2.2625e+00   0.0000e+00   1.3223e-02   2.4891e+02
20191107_23:00:00   1.0982e-01   3.2242e+01   2.5470e+00   0.0000e+00   7.9920e-03   2.4905e+02
20191108_00:00:00   9.8051e-02   2.9389e+01   2.2504e+00   0.0000e+00   1.3082e-02   2.4904e+02
20191108_01:00:00   8.2685e-02   2.5657e+01   1.8833e+00   0.0000e+00   1.2791e-02   2.4663e+02
20191108_02:00:00   8.2310e-02   2.5598e+01   1.8645e+00   0.0000e+00   5.5839e-03   2.4780e+02
20191108_03:00:00   9.5553e-02   2.8751e+01   2.1988e+00   0.0000e+00   5.2480e-03   2.4737e+02
20191108_04:00:00   1.0229e-01   3.0343e+01   2.3574e+00   0.0000e+00   9.0933e-04   2.4687e+02
20191108_05:00:00   1.0142e-01   3.0094e+01   2.3500e+00   0.0000e+00   6.6499e-04   2.4780e+02
20191108_06:00:00   1.0828e-01   3.1704e+01   2.5204e+00   0.0000e+00   1.8882e-03   2.4899e+02
20191108_07:00:00   1.1763e-01   3.3939e+01   2.7261e+00   0.0000e+00   1.0026e-02   2.5065e+02
20191108_08:00:00   1.1631e-01   3.3659e+01   2.6742e+00   0.0000e+00   1.3768e-02   2.5080e+02
20191108_09:00:00   1.0908e-01   3.1991e+01   2.4839e+00   0.0000e+00   1.4311e-02   2.5064e+02
20191108_10:00:00   1.0263e-01   3.0502e+01   2.3041e+00   0.0000e+00   1.6328e-02   2.5143e+02
20191108_11:00:00   1.0185e-01   3.0381e+01   2.2663e+00   0.0000e+00   8.1314e-03   2.5298e+02
20191108_12:00:00   1.0674e-01   3.1570e+01   2.3741e+00   0.0000e+00   1.2286e-02   2.5263e+02
20191108_13:00:00   1.0504e-01   3.1225e+01   2.3437e+00   0.0000e+00   8.0844e-03   2.5164e+02
20191108_14:00:00   1.1850e-01   3.4445e+01   2.6851e+00   0.0000e+00   1.8984e-03   2.5211e+02
20191108_15:00:00   1.3281e-01   3.7740e+01   3.0678e+00   0.0000e+00   2.4255e-04   2.5261e+02
20191108_16:00:00   1.4112e-01   3.9628e+01   3.2964e+00   4.7320e-05   2.6312e-04   2.5231e+02
20191108_17:00:00   1.4618e-01   4.0783e+01   3.4214e+00   0.0000e+00   3.2731e-03   2.5194e+02
20191108_18:00:00   1.3586e-01   3.8522e+01   3.1468e+00   0.0000e+00   3.6474e-03   2.5275e+02
20191108_19:00:00   1.1374e-01   3.3440e+01   2.5794e+00   0.0000e+00   1.7620e-07   2.5229e+02
20191108_20:00:00   9.3559e-02   2.8557e+01   2.0833e+00   0.0000e+00   0.0000e+00   2.5170e+02
20191108_21:00:00   9.8279e-02   2.9620e+01   2.2012e+00   0.0000e+00   2.8763e-05   2.5183e+02
20191108_22:00:00   8.0873e-02   2.5331e+01   1.7598e+00   0.0000e+00   0.0000e+00   2.5106e+02
20191108_23:00:00   6.6957e-02   2.1878e+01   1.3996e+00   0.0000e+00   0.0000e+00   2.5141e+02
20191109_00:00:00   6.5117e-02   2.1422e+01   1.3409e+00   0.0000e+00   2.4220e-06   2.5091e+02
20191109_01:00:00   6.8772e-02   2.2325e+01   1.4230e+00   0.0000e+00   3.0700e-04   2.5061e+02
20191109_02:00:00   7.0480e-02   2.2725e+01   1.4757e+00   0.0000e+00   1.5356e-03   2.4937e+02
20191109_03:00:00   6.5252e-02   2.1476e+01   1.3403e+00   0.0000e+00   0.0000e+00   2.4901e+02
20191109_04:00:00   6.1084e-02   2.0430e+01   1.2408e+00   0.0000e+00   0.0000e+00   2.4952e+02
20191109_05:00:00   5.9610e-02   2.0038e+01   1.2098e+00   0.0000e+00   0.0000e+00   2.5186e+02
20191109_06:00:00   5.8244e-02   1.9678e+01   1.1819e+00   0.0000e+00   0.0000e+00   2.5375e+02
20191109_07:00:00   5.8084e-02   1.9616e+01   1.1833e+00   0.0000e+00   0.0000e+00   2.5526e+02
20191109_08:00:00   5.6029e-02   1.9087e+01   1.1372e+00   0.0000e+00   0.0000e+00   2.5655e+02
20191109_09:00:00   5.3419e-02   1.8410e+01   1.0771e+00   0.0000e+00   0.0000e+00   2.5743e+02
20191109_10:00:00   5.2076e-02   1.8053e+01   1.0474e+00   0.0000e+00   0.0000e+00   2.5810e+02
20191109_11:00:00   5.3772e-02   1.8493e+01   1.0926e+00   0.0000e+00   0.0000e+00   2.5891e+02
20191109_12:00:00   5.9559e-02   1.9982e+01   1.2404e+00   0.0000e+00   1.5418e-06   2.5886e+02
20191109_13:00:00   6.3530e-02   2.1024e+01   1.3436e+00   0.0000e+00   6.5560e-05   2.5854e+02
20191109_14:00:00   6.8717e-02   2.2364e+01   1.4770e+00   0.0000e+00   1.7924e-04   2.5847e+02
20191109_15:00:00   8.1956e-02   2.5645e+01   1.8268e+00   0.0000e+00   6.3100e-05   2.5754e+02
20191109_16:00:00   9.8833e-02   2.9694e+01   2.2787e+00   0.0000e+00   4.7320e-06   2.5632e+02
20191109_17:00:00   1.2064e-01   3.4730e+01   2.8623e+00   0.0000e+00   1.2522e-04   2.5581e+02
20191109_18:00:00   1.3213e-01   3.7366e+01   3.1604e+00   0.0000e+00   4.6278e-04   2.5531e+02
20191109_19:00:00   1.3838e-01   3.8821e+01   3.3040e+00   0.0000e+00   8.6900e-05   2.5528e+02
20191109_20:00:00   1.3189e-01   3.7343e+01   3.1309e+00   0.0000e+00   7.9840e-05   2.5487e+02
20191109_21:00:00   1.2425e-01   3.5544e+01   2.9340e+00   0.0000e+00   3.3240e-04   2.5468e+02
20191109_22:00:00   1.1612e-01   3.3684e+01   2.7027e+00   0.0000e+00   3.2840e-04   2.5415e+02
20191109_23:00:00   1.2044e-01   3.4651e+01   2.8313e+00   0.0000e+00   1.3980e-04   2.5373e+02
20191110_00:00:00   1.3126e-01   3.7028e+01   3.1346e+00   0.0000e+00   7.7280e-05   2.5351e+02
20191110_01:00:00   1.4066e-01   3.9126e+01   3.3853e+00   0.0000e+00   1.5888e-04   2.5321e+02
20191110_02:00:00   1.4687e-01   4.0577e+01   3.5185e+00   0.0000e+00   3.2180e-04   2.5396e+02
20191110_03:00:00   1.4940e-01   4.1198e+01   3.5525e+00   0.0000e+00   3.0266e-05   2.5509e+02
20191110_04:00:00   1.5200e-01   4.1801e+01   3.6173e+00   0.0000e+00   8.5259e-04   2.5645e+02
20191110_05:00:00   1.5674e-01   4.2766e+01   3.7474e+00   0.0000e+00   1.7651e-03   2.5549e+02
20191110_06:00:00   1.5826e-01   4.3031e+01   3.7879e+00   0.0000e+00   1.5167e-03   2.5683e+02
20191110_07:00:00   1.5039e-01   4.1317e+01   3.5865e+00   0.0000e+00   2.8729e-03   2.5844e+02
20191110_08:00:00   1.4658e-01   4.0536e+01   3.4790e+00   0.0000e+00   4.8205e-03   2.5862e+02
20191110_09:00:00   1.5366e-01   4.2152e+01   3.6311e+00   0.0000e+00   3.2050e-03   2.5703e+02
20191110_10:00:00   1.5869e-01   4.3341e+01   3.7260e+00   0.0000e+00   2.8020e-03   2.5725e+02
20191110_11:00:00   1.7197e-01   4.6335e+01   4.0211e+00   0.0000e+00   2.9796e-03   2.5805e+02
20191110_12:00:00   1.9384e-01   5.1154e+01   4.5156e+00   0.0000e+00   3.1739e-03   2.5905e+02
20191110_13:00:00   2.0719e-01   5.4145e+01   4.8141e+00   0.0000e+00   2.3081e-03   2.5719e+02
20191110_14:00:00   2.2039e-01   5.7010e+01   5.1252e+00   0.0000e+00   2.4893e-03   2.5639e+02
20191110_15:00:00   2.2826e-01   5.8617e+01   5.3740e+00   1.4194e-05   4.5537e-03   2.5632e+02
20191110_16:00:00   2.3290e-01   5.9396e+01   5.4884e+00   1.5578e-03   3.5780e-02   2.5553e+02
20191110_17:00:00   2.4244e-01   6.1239e+01   5.8135e+00   0.0000e+00   7.7567e-02   2.5499e+02
20191110_18:00:00   2.4553e-01   6.1789e+01   5.9248e+00   0.0000e+00   5.0863e-02   2.5431e+02
20191110_19:00:00   2.0269e-01   5.2930e+01   4.8882e+00   0.0000e+00   6.8029e-02   2.5448e+02
20191110_20:00:00   1.8458e-01   4.8883e+01   4.4580e+00   0.0000e+00   8.2435e-02   2.5424e+02
20191110_21:00:00   1.6445e-01   4.4390e+01   3.9802e+00   0.0000e+00   5.3067e-02   2.5447e+02
20191110_22:00:00   1.4709e-01   4.0538e+01   3.5430e+00   0.0000e+00   9.0760e-03   2.5462e+02
20191110_23:00:00   1.1896e-01   3.4192e+01   2.8121e+00   0.0000e+00   5.4769e-03   2.5454e+02
20191111_00:00:00   1.2590e-01   3.5811e+01   2.9958e+00   0.0000e+00   0.0000e+00   2.5211e+02
20191111_01:00:00   1.4279e-01   3.9601e+01   3.4253e+00   0.0000e+00   0.0000e+00   2.5212e+02
20191111_02:00:00   1.6761e-01   4.5111e+01   4.0094e+00   0.0000e+00   0.0000e+00   2.5162e+02
20191111_03:00:00   1.7847e-01   4.7565e+01   4.2325e+00   0.0000e+00   0.0000e+00   2.5191e+02
20191111_04:00:00   2.0115e-01   5.2444e+01   4.7703e+00   0.0000e+00   3.9090e-04   2.5178e+02
20191111_05:00:00   2.3248e-01   5.8983e+01   5.4903e+00   0.0000e+00   1.2074e-03   2.5141e+02
20191111_06:00:00   2.5532e-01   6.3595e+01   5.9994e+00   1.0995e-04   1.1391e-02   2.4953e+02
20191111_09:00:00   2.6630e-01   6.5656e+01   6.2664e+00   0.0000e+00   1.1360e-01   2.4926e+02
20191111_12:00:00   2.5701e-01   6.3856e+01   6.1336e+00   0.0000e+00   7.0836e-02   2.4867e+02
20191111_15:00:00   3.0285e-01   7.2836e+01   6.9445e+00   5.8220e-03   1.0526e-01   2.4808e+02
20191111_18:00:00   2.6561e-01   6.5708e+01   6.4074e+00   0.0000e+00   1.5100e-02   2.4554e+02
20191111_21:00:00   2.0987e-01   5.3950e+01   5.1254e+00   0.0000e+00   5.5436e-02   2.4627e+02
20191112_00:00:00   1.7231e-01   4.5791e+01   4.2050e+00   0.0000e+00   9.6547e-02   2.4473e+02
20191112_03:00:00   1.5500e-01   4.2071e+01   3.7591e+00   0.0000e+00   5.1582e-02   2.4186e+02
20191112_06:00:00   1.5240e-01   4.1550e+01   3.7085e+00   0.0000e+00   3.1577e-04   2.4389e+02
20191112_09:00:00   1.4910e-01   4.0858e+01   3.5936e+00   0.0000e+00   0.0000e+00   2.4450e+02
20191112_12:00:00   1.4601e-01   4.0061e+01   3.5322e+00   0.0000e+00   4.5674e-03   2.4772e+02
20191112_15:00:00   1.4176e-01   3.9255e+01   3.4146e+00   0.0000e+00   4.6159e-03   2.4739e+02
20191112_18:00:00   1.5214e-01   4.1603e+01   3.7037e+00   0.0000e+00   1.4407e-02   2.4695e+02
20191112_21:00:00   1.4853e-01   4.0686e+01   3.6166e+00   0.0000e+00   2.8468e-02   2.4560e+02
20191113_00:00:00   1.2739e-01   3.5938e+01   3.0287e+00   0.0000e+00   3.0534e-02   2.4672e+02
20191113_03:00:00   1.1202e-01   3.2370e+01   2.6550e+00   0.0000e+00   3.5717e-03   2.4592e+02
20191113_06:00:00   1.0797e-01   3.1214e+01   2.6059e+00   0.0000e+00   9.0982e-03   2.4639e+02
20191113_09:00:00   1.0196e-01   2.9906e+01   2.3942e+00   0.0000e+00   1.7620e-07   2.4881e+02
20191113_12:00:00   9.0533e-02   2.7414e+01   2.0300e+00   0.0000e+00   0.0000e+00   2.5138e+02
20191113_15:00:00   7.9344e-02   2.4791e+01   1.7616e+00   0.0000e+00   0.0000e+00   2.4929e+02
20191113_18:00:00   7.5195e-02   2.3810e+01   1.6425e+00   0.0000e+00   1.3083e-03   2.4903e+02
20191113_21:00:00   8.0220e-02   2.4973e+01   1.7662e+00   0.0000e+00   0.0000e+00   2.4928e+02
20191114_00:00:00   7.6598e-02   2.3936e+01   1.6764e+00   0.0000e+00   8.2910e-04   2.4835e+02
20191114_03:00:00   5.0927e-02   1.7655e+01   1.0109e+00   0.0000e+00   0.0000e+00   2.4981e+02
20191114_06:00:00   3.8505e-02   1.4460e+01   6.9919e-01   0.0000e+00   0.0000e+00   2.5401e+02
20191114_09:00:00   3.2956e-02   1.3005e+01   5.5651e-01   0.0000e+00   1.5206e-06   2.5495e+02
20191114_12:00:00   3.0082e-02   1.2260e+01   4.8074e-01   0.0000e+00   2.9150e-06   2.5570e+02
20191114_15:00:00   3.4449e-02   1.3479e+01   5.9948e-01   0.0000e+00   6.7870e-06   2.5662e+02
20191114_18:00:00   6.6425e-02   2.1706e+01   1.4422e+00   0.0000e+00   0.0000e+00   2.5640e+02
20191114_21:00:00   8.0622e-02   2.5107e+01   1.8157e+00   0.0000e+00   0.0000e+00   2.5466e+02
20191115_00:00:00   7.1133e-02   2.2853e+01   1.5486e+00   0.0000e+00   0.0000e+00   2.5481e+02
20191115_03:00:00   6.9365e-02   2.2458e+01   1.5031e+00   0.0000e+00   0.0000e+00   2.5732e+02
20191115_06:00:00   8.2390e-02   2.5741e+01   1.7931e+00   0.0000e+00   0.0000e+00   2.5942e+02
20191115_09:00:00   8.2290e-02   2.5789e+01   1.7384e+00   0.0000e+00   9.1870e-05   2.5728e+02
20191115_12:00:00   7.9061e-02   2.5018e+01   1.6602e+00   0.0000e+00   5.6420e-05   2.5739e+02
20191115_15:00:00   9.3579e-02   2.8466e+01   2.1206e+00   0.0000e+00   4.0610e-05   2.5868e+02
20191115_18:00:00   1.0462e-01   3.0773e+01   2.5223e+00   0.0000e+00   2.1893e-04   2.6013e+02
20191115_21:00:00   1.3155e-01   3.7039e+01   3.1410e+00   0.0000e+00   7.9916e-05   2.6307e+02
20191116_00:00:00   1.4374e-01   3.9646e+01   3.4777e+00   0.0000e+00   7.0410e-03   2.6245e+02
20191116_03:00:00   1.2928e-01   3.6698e+01   3.0475e+00   0.0000e+00   1.2734e-05   2.6095e+02
20191116_06:00:00   1.2571e-01   3.5825e+01   2.9394e+00   0.0000e+00   6.7940e-05   2.6096e+02
20191116_09:00:00   1.2033e-01   3.4578e+01   2.7846e+00   0.0000e+00   9.0350e-05   2.6393e+02
20191116_12:00:00   1.2628e-01   3.6067e+01   2.9043e+00   0.0000e+00   1.1768e-04   2.6455e+02
20191116_15:00:00   1.4243e-01   3.9762e+01   3.3634e+00   0.0000e+00   3.8960e-05   2.6151e+02
20191116_18:00:00   2.0028e-01   5.2052e+01   4.8291e+00   1.1828e-04   1.2200e-01   2.5816e+02
20191116_21:00:00   2.4896e-01   6.1871e+01   5.9069e+00   0.0000e+00   1.8056e-01   2.6270e+02
20191117_00:00:00   3.0430e-01   7.2748e+01   7.0526e+00   0.0000e+00   2.2442e-01   2.6519e+02
20191117_03:00:00   2.9430e-01   7.1392e+01   6.8421e+00   0.0000e+00   4.7938e-03   2.6317e+02
20191117_06:00:00   2.9771e-01   7.2093e+01   6.6867e+00   1.5344e-03   1.0860e-03   2.6229e+02
20191117_09:00:00   2.6742e-01   6.6304e+01   5.9084e+00   1.2715e-03   5.6034e-05   2.6272e+02
20191117_12:00:00   2.4512e-01   6.2011e+01   5.3177e+00   2.2544e-03   5.2279e-05   2.6527e+02
20191117_15:00:00   2.4529e-01   6.1998e+01   5.3087e+00   5.9020e-03   1.0694e-02   2.6683e+02
20191117_18:00:00   1.5624e-01   4.3064e+01   3.5937e+00   0.0000e+00   4.7502e-03   2.6287e+02
20191117_21:00:00   1.3745e-01   3.8683e+01   3.1043e+00   0.0000e+00   3.5240e-07   2.6382e+02
20191118_00:00:00   1.0337e-01   3.0624e+01   2.2624e+00   0.0000e+00   0.0000e+00   2.6515e+02
20191118_03:00:00   1.2344e-01   3.5320e+01   2.7404e+00   0.0000e+00   0.0000e+00   2.6214e+02
20191118_06:00:00   1.0802e-01   3.1712e+01   2.3640e+00   0.0000e+00   0.0000e+00   2.6322e+02
20191118_09:00:00   9.3844e-02   2.8252e+01   2.0269e+00   0.0000e+00   0.0000e+00   2.6386e+02
20191118_12:00:00   8.1254e-02   2.5223e+01   1.7170e+00   0.0000e+00   0.0000e+00   2.6613e+02
20191118_15:00:00   7.5192e-02   2.3771e+01   1.5956e+00   0.0000e+00   0.0000e+00   2.6613e+02
20191118_18:00:00   7.5809e-02   2.3950e+01   1.6146e+00   0.0000e+00   0.0000e+00   2.6600e+02
20191118_21:00:00   1.2259e-01   3.4996e+01   2.7226e+00   0.0000e+00   0.0000e+00   2.6187e+02
20191119_00:00:00   1.0439e-01   3.0723e+01   2.2880e+00   0.0000e+00   0.0000e+00   2.6180e+02
20191119_03:00:00   8.5070e-02   2.6133e+01   1.8401e+00   0.0000e+00   0.0000e+00   2.6038e+02
20191119_06:00:00   7.6163e-02   2.3963e+01   1.6392e+00   0.0000e+00   0.0000e+00   2.6041e+02
20191119_09:00:00   7.7882e-02   2.4368e+01   1.6936e+00   0.0000e+00   0.0000e+00   2.5976e+02
20191119_12:00:00   8.1884e-02   2.5395e+01   1.7790e+00   0.0000e+00   0.0000e+00   2.6047e+02
20191119_15:00:00   8.7394e-02   2.6845e+01   1.9333e+00   0.0000e+00   0.0000e+00   2.6099e+02
20191119_18:00:00   1.1631e-01   3.3664e+01   2.7034e+00   0.0000e+00   0.0000e+00   2.5925e+02
20191119_21:00:00   1.2488e-01   3.5518e+01   2.9231e+00   0.0000e+00   0.0000e+00   2.5860e+02
20191120_00:00:00   1.2710e-01   3.6030e+01   2.9745e+00   0.0000e+00   0.0000e+00   2.5686e+02
20191120_03:00:00   1.2704e-01   3.6068e+01   2.9616e+00   0.0000e+00   0.0000e+00   2.5734e+02
20191120_06:00:00   1.2248e-01   3.5013e+01   2.8260e+00   0.0000e+00   0.0000e+00   2.5772e+02
20191120_09:00:00   1.0886e-01   3.1895e+01   2.4500e+00   0.0000e+00   0.0000e+00   2.5736e+02
20191120_12:00:00   8.3970e-02   2.6046e+01   1.8202e+00   0.0000e+00   0.0000e+00   2.5690e+02
20191120_15:00:00   8.1966e-02   2.5577e+01   1.8188e+00   0.0000e+00   0.0000e+00   2.5798e+02
20191120_18:00:00   9.1218e-02   2.7690e+01   2.1076e+00   1.1012e-06   1.1274e-04   2.5794e+02
20191120_21:00:00   6.9732e-02   2.2482e+01   1.5328e+00   0.0000e+00   0.0000e+00   2.5498e+02
20191121_00:00:00   7.6488e-02   2.4204e+01   1.6651e+00   0.0000e+00   0.0000e+00   2.5552e+02
20191121_03:00:00   7.4242e-02   2.3573e+01   1.6329e+00   0.0000e+00   0.0000e+00   2.5669e+02
20191121_06:00:00   7.2085e-02   2.2987e+01   1.5747e+00   0.0000e+00   0.0000e+00   2.5623e+02
20191121_09:00:00   5.8599e-02   1.9703e+01   1.2053e+00   0.0000e+00   0.0000e+00   2.5955e+02
20191121_12:00:00   5.9818e-02   2.0029e+01   1.2283e+00   0.0000e+00   0.0000e+00   2.5745e+02
20191121_15:00:00   7.5554e-02   2.4005e+01   1.6487e+00   0.0000e+00   0.0000e+00   2.5704e+02
20191121_18:00:00   1.2047e-01   3.4583e+01   2.8535e+00   0.0000e+00   1.6640e-04   2.5786e+02
20191121_21:00:00   1.1299e-01   3.2788e+01   2.6492e+00   0.0000e+00   0.0000e+00   2.6002e+02
20191122_00:00:00   1.1611e-01   3.3532e+01   2.7082e+00   0.0000e+00   1.4862e-05   2.5831e+02
20191122_03:00:00   1.2714e-01   3.6118e+01   2.9482e+00   0.0000e+00   9.9200e-05   2.5811e+02
20191122_06:00:00   1.7596e-01   4.7135e+01   4.0702e+00   0.0000e+00   0.0000e+00   2.5620e+02
