#            date       tau225        Tb[K]      pwv[mm] lwp[kg*m^-2] iwp[kg*m^-2]       o3[DU]
20191129_18:00:00   4.7486e-02   1.6838e+01   9.4712e-01   0.0000e+00   3.1740e-05   2.5684e+02
20191129_19:00:00   6.1678e-02   2.0469e+01   1.3029e+00   0.0000e+00   1.8434e-05   2.5579e+02
20191129_20:00:00   7.6859e-02   2.4256e+01   1.6703e+00   0.0000e+00   1.9790e-06   2.5505e+02
20191129_21:00:00   8.0867e-02   2.5214e+01   1.7686e+00   0.0000e+00   0.0000e+00   2.5461e+02
20191129_22:00:00   8.1793e-02   2.5480e+01   1.7607e+00   0.0000e+00   5.8610e-06   2.5641e+02
20191129_23:00:00   8.5097e-02   2.6314e+01   1.8054e+00   0.0000e+00   6.5260e-06   2.5782e+02
20191130_00:00:00   8.7712e-02   2.6974e+01   1.8365e+00   0.0000e+00   8.9150e-06   2.5620e+02
20191130_01:00:00   8.0726e-02   2.5297e+01   1.6610e+00   0.0000e+00   6.7940e-06   2.5466e+02
20191130_02:00:00   7.0691e-02   2.2830e+01   1.4373e+00   0.0000e+00   0.0000e+00   2.5338e+02
20191130_03:00:00   6.4386e-02   2.1251e+01   1.2968e+00   0.0000e+00   0.0000e+00   2.5261e+02
20191130_04:00:00   5.8913e-02   1.9843e+01   1.1734e+00   0.0000e+00   0.0000e+00   2.5175e+02
20191130_05:00:00   5.1624e-02   1.7967e+01   1.0062e+00   0.0000e+00   0.0000e+00   2.5214e+02
20191130_06:00:00   4.6721e-02   1.6685e+01   8.9587e-01   0.0000e+00   0.0000e+00   2.5248e+02
20191130_07:00:00   4.4319e-02   1.6047e+01   8.4082e-01   0.0000e+00   0.0000e+00   2.5197e+02
20191130_08:00:00   4.0988e-02   1.5158e+01   7.6415e-01   0.0000e+00   1.5402e-06   2.5306e+02
20191130_09:00:00   3.8143e-02   1.4402e+01   6.9704e-01   0.0000e+00   7.0110e-06   2.5379e+02
20191130_10:00:00   3.6856e-02   1.4058e+01   6.6574e-01   0.0000e+00   1.3679e-05   2.5511e+02
20191130_11:00:00   3.6073e-02   1.3849e+01   6.4728e-01   0.0000e+00   9.6980e-06   2.5565e+02
20191130_12:00:00   3.7065e-02   1.4121e+01   6.7310e-01   0.0000e+00   8.1580e-06   2.5510e+02
20191130_13:00:00   3.8926e-02   1.4622e+01   7.2347e-01   0.0000e+00   1.2322e-06   2.5469e+02
20191130_14:00:00   4.5299e-02   1.6293e+01   8.9069e-01   0.0000e+00   0.0000e+00   2.5417e+02
20191130_15:00:00   5.2276e-02   1.8118e+01   1.0746e+00   0.0000e+00   0.0000e+00   2.5452e+02
20191130_16:00:00   6.0770e-02   2.0291e+01   1.2987e+00   0.0000e+00   0.0000e+00   2.5356e+02
20191130_17:00:00   6.7660e-02   2.2019e+01   1.4832e+00   0.0000e+00   0.0000e+00   2.5299e+02
20191130_18:00:00   7.0518e-02   2.2745e+01   1.5585e+00   0.0000e+00   0.0000e+00   2.5132e+02
20191130_19:00:00   7.3442e-02   2.3470e+01   1.6316e+00   0.0000e+00   8.7820e-04   2.4967e+02
20191130_20:00:00   7.4041e-02   2.3615e+01   1.6463e+00   0.0000e+00   4.8480e-04   2.4879e+02
20191130_21:00:00   7.9261e-02   2.4902e+01   1.7714e+00   0.0000e+00   7.5680e-05   2.4843e+02
20191130_22:00:00   9.0287e-02   2.7568e+01   2.0373e+00   0.0000e+00   1.1322e-04   2.4867e+02
20191130_23:00:00   9.4120e-02   2.8538e+01   2.0907e+00   0.0000e+00   3.4360e-04   2.4977e+02
20191201_00:00:00   8.4639e-02   2.6281e+01   1.8352e+00   0.0000e+00   0.0000e+00   2.5061e+02
20191201_01:00:00   7.9825e-02   2.5090e+01   1.7168e+00   0.0000e+00   0.0000e+00   2.5088e+02
20191201_02:00:00   7.3043e-02   2.3402e+01   1.5637e+00   0.0000e+00   0.0000e+00   2.5085e+02
20191201_03:00:00   6.5663e-02   2.1565e+01   1.3940e+00   0.0000e+00   0.0000e+00   2.5100e+02
20191201_04:00:00   6.3361e-02   2.0939e+01   1.3455e+00   0.0000e+00   0.0000e+00   2.5141e+02
20191201_05:00:00   6.2340e-02   2.0634e+01   1.3320e+00   0.0000e+00   0.0000e+00   2.5167e+02
20191201_06:00:00   6.4305e-02   2.1105e+01   1.3811e+00   0.0000e+00   0.0000e+00   2.5214e+02
20191201_07:00:00   6.8030e-02   2.2040e+01   1.4656e+00   0.0000e+00   0.0000e+00   2.5251e+02
20191201_08:00:00   7.3863e-02   2.3449e+01   1.6289e+00   0.0000e+00   0.0000e+00   2.5230e+02
20191201_09:00:00   7.5064e-02   2.3730e+01   1.6660e+00   0.0000e+00   0.0000e+00   2.5214e+02
20191201_10:00:00   7.4953e-02   2.3689e+01   1.6695e+00   0.0000e+00   7.2840e-06   2.5234e+02
20191201_11:00:00   7.4564e-02   2.3558e+01   1.6731e+00   0.0000e+00   2.1698e-03   2.5270e+02
20191201_12:00:00   7.7743e-02   2.4317e+01   1.7583e+00   0.0000e+00   5.8760e-03   2.5252e+02
20191201_13:00:00   8.8676e-02   2.6998e+01   2.0430e+00   0.0000e+00   2.3875e-03   2.5076e+02
20191201_14:00:00   9.8599e-02   2.9408e+01   2.2980e+00   0.0000e+00   1.2372e-03   2.5076e+02
20191201_15:00:00   1.0584e-01   3.1145e+01   2.5028e+00   0.0000e+00   7.5022e-04   2.5066e+02
20191201_16:00:00   1.1095e-01   3.2372e+01   2.6537e+00   0.0000e+00   5.0461e-04   2.5057e+02
20191201_17:00:00   1.1572e-01   3.3487e+01   2.7839e+00   0.0000e+00   4.4478e-04   2.5054e+02
20191201_18:00:00   1.1845e-01   3.4061e+01   2.8759e+00   0.0000e+00   8.8081e-03   2.5022e+02
20191201_19:00:00   1.1529e-01   3.3277e+01   2.8050e+00   0.0000e+00   9.6236e-03   2.4915e+02
20191201_20:00:00   1.1282e-01   3.2646e+01   2.7560e+00   0.0000e+00   2.9217e-03   2.4912e+02
20191201_21:00:00   1.1838e-01   3.3835e+01   2.9133e+00   0.0000e+00   9.0740e-03   2.4936e+02
20191201_22:00:00   1.3469e-01   3.7451e+01   3.3567e+00   0.0000e+00   2.6407e-02   2.4880e+02
20191201_23:00:00   1.3754e-01   3.8130e+01   3.4155e+00   0.0000e+00   1.7320e-02   2.4883e+02
20191202_00:00:00   1.4385e-01   3.9656e+01   3.5382e+00   0.0000e+00   2.3572e-02   2.4933e+02
20191202_01:00:00   1.3162e-01   3.7097e+01   3.1464e+00   0.0000e+00   2.0937e-02   2.4957e+02
20191202_02:00:00   1.1584e-01   3.3580e+01   2.7060e+00   0.0000e+00   5.4713e-03   2.5016e+02
20191202_03:00:00   1.0244e-01   3.0505e+01   2.3210e+00   0.0000e+00   3.6339e-03   2.4932e+02
20191202_04:00:00   9.0353e-02   2.7646e+01   2.0037e+00   0.0000e+00   1.3138e-03   2.4984e+02
20191202_05:00:00   8.4882e-02   2.6328e+01   1.8630e+00   0.0000e+00   2.2080e-04   2.5126e+02
20191202_06:00:00   8.4347e-02   2.6172e+01   1.8511e+00   0.0000e+00   1.2781e-04   2.5186e+02
20191202_07:00:00   8.0738e-02   2.5279e+01   1.7626e+00   0.0000e+00   0.0000e+00   2.5167e+02
20191202_08:00:00   7.4543e-02   2.3745e+01   1.6157e+00   0.0000e+00   1.2334e-06   2.5243e+02
20191202_09:00:00   7.0688e-02   2.2785e+01   1.5249e+00   0.0000e+00   1.5858e-06   2.5276e+02
20191202_10:00:00   6.6091e-02   2.1636e+01   1.4154e+00   0.0000e+00   3.5235e-06   2.5278e+02
20191202_11:00:00   6.3759e-02   2.1002e+01   1.3778e+00   0.0000e+00   2.1115e-05   2.5302e+02
20191202_12:00:00   6.1044e-02   2.0337e+01   1.3062e+00   0.0000e+00   1.8347e-03   2.5339e+02
20191202_13:00:00   6.0089e-02   2.0115e+01   1.2869e+00   0.0000e+00   3.1785e-03   2.5294e+02
20191202_14:00:00   6.2844e-02   2.0831e+01   1.3632e+00   0.0000e+00   1.5330e-03   2.5261e+02
20191202_15:00:00   6.3817e-02   2.1065e+01   1.4010e+00   0.0000e+00   1.1091e-03   2.5233e+02
20191202_16:00:00   6.8986e-02   2.2384e+01   1.5308e+00   0.0000e+00   1.0366e-03   2.5203e+02
20191202_17:00:00   7.4585e-02   2.3790e+01   1.6691e+00   0.0000e+00   9.5043e-04   2.5159e+02
20191202_18:00:00   7.8510e-02   2.4738e+01   1.7684e+00   0.0000e+00   6.7449e-03   2.5136e+02
20191202_19:00:00   7.9820e-02   2.5098e+01   1.7815e+00   0.0000e+00   1.4605e-02   2.5114e+02
20191202_20:00:00   8.0545e-02   2.5269e+01   1.7959e+00   0.0000e+00   7.3355e-03   2.5161e+02
20191202_21:00:00   8.0212e-02   2.5147e+01   1.7867e+00   0.0000e+00   1.4688e-03   2.5169e+02
20191202_22:00:00   6.5725e-02   2.1543e+01   1.4156e+00   0.0000e+00   2.6102e-04   2.5179e+02
20191202_23:00:00   5.9054e-02   1.9844e+01   1.2409e+00   0.0000e+00   2.0617e-03   2.5139e+02
20191203_00:00:00   5.8875e-02   1.9815e+01   1.2194e+00   0.0000e+00   1.6914e-04   2.5106e+02
20191203_01:00:00   5.4831e-02   1.8805e+01   1.1129e+00   0.0000e+00   4.7560e-06   2.5114e+02
20191203_02:00:00   5.2419e-02   1.8181e+01   1.0580e+00   0.0000e+00   1.9504e-04   2.5132e+02
20191203_03:00:00   5.0281e-02   1.7621e+01   1.0083e+00   0.0000e+00   2.6300e-04   2.5154e+02
20191203_04:00:00   4.9429e-02   1.7402e+01   9.8885e-01   0.0000e+00   7.4940e-05   2.5113e+02
20191203_05:00:00   4.8959e-02   1.7281e+01   9.7292e-01   0.0000e+00   0.0000e+00   2.5051e+02
20191203_06:00:00   4.8115e-02   1.7046e+01   9.5050e-01   0.0000e+00   0.0000e+00   2.5059e+02
20191203_07:00:00   4.7191e-02   1.6791e+01   9.2823e-01   0.0000e+00   0.0000e+00   2.5091e+02
20191203_08:00:00   4.4748e-02   1.6146e+01   8.6880e-01   0.0000e+00   0.0000e+00   2.5257e+02
20191203_09:00:00   4.4442e-02   1.6056e+01   8.6283e-01   0.0000e+00   0.0000e+00   2.5284e+02
20191203_10:00:00   4.5079e-02   1.6211e+01   8.8256e-01   0.0000e+00   0.0000e+00   2.5312e+02
20191203_11:00:00   4.4678e-02   1.6114e+01   8.7245e-01   0.0000e+00   0.0000e+00   2.5252e+02
20191203_12:00:00   4.6118e-02   1.6490e+01   9.0824e-01   0.0000e+00   0.0000e+00   2.5104e+02
20191203_13:00:00   4.9109e-02   1.7270e+01   9.8705e-01   0.0000e+00   0.0000e+00   2.4997e+02
20191203_14:00:00   5.3308e-02   1.8349e+01   1.0963e+00   0.0000e+00   0.0000e+00   2.4998e+02
20191203_15:00:00   6.0610e-02   2.0200e+01   1.2840e+00   0.0000e+00   0.0000e+00   2.5023e+02
20191203_16:00:00   6.8131e-02   2.2090e+01   1.4742e+00   0.0000e+00   0.0000e+00   2.5087e+02
20191203_17:00:00   7.2058e-02   2.3064e+01   1.5756e+00   0.0000e+00   0.0000e+00   2.5202e+02
20191203_18:00:00   7.8510e-02   2.4674e+01   1.7286e+00   0.0000e+00   0.0000e+00   2.5254e+02
20191203_19:00:00   8.9133e-02   2.7280e+01   1.9814e+00   0.0000e+00   0.0000e+00   2.5254e+02
20191203_20:00:00   9.5856e-02   2.8889e+01   2.1388e+00   0.0000e+00   0.0000e+00   2.5411e+02
20191203_21:00:00   9.7748e-02   2.9308e+01   2.1718e+00   0.0000e+00   0.0000e+00   2.5436e+02
20191203_22:00:00   8.3586e-02   2.5864e+01   1.8216e+00   0.0000e+00   0.0000e+00   2.5382e+02
20191203_23:00:00   7.3967e-02   2.3485e+01   1.5808e+00   0.0000e+00   0.0000e+00   2.5369e+02
20191204_00:00:00   7.5198e-02   2.3781e+01   1.5987e+00   0.0000e+00   0.0000e+00   2.5302e+02
20191204_01:00:00   7.4788e-02   2.3702e+01   1.5892e+00   0.0000e+00   0.0000e+00   2.5264e+02
20191204_02:00:00   7.1301e-02   2.2861e+01   1.5114e+00   0.0000e+00   0.0000e+00   2.5167e+02
20191204_03:00:00   6.9126e-02   2.2327e+01   1.4579e+00   0.0000e+00   7.5260e-05   2.5085e+02
20191204_04:00:00   7.0143e-02   2.2554e+01   1.4839e+00   0.0000e+00   3.8324e-05   2.5144e+02
20191204_05:00:00   6.7600e-02   2.1899e+01   1.4264e+00   0.0000e+00   1.9252e-06   2.5291e+02
20191204_06:00:00   6.4464e-02   2.1103e+01   1.3532e+00   0.0000e+00   0.0000e+00   2.5429e+02
20191204_07:00:00   6.3107e-02   2.0739e+01   1.3257e+00   0.0000e+00   1.2941e-05   2.5491e+02
20191204_08:00:00   6.2427e-02   2.0555e+01   1.3106e+00   0.0000e+00   5.8680e-05   2.5429e+02
20191204_09:00:00   6.0952e-02   2.0175e+01   1.2761e+00   0.0000e+00   1.6120e-04   2.5416e+02
20191204_10:00:00   6.0536e-02   2.0071e+01   1.2652e+00   0.0000e+00   2.2020e-07   2.5531e+02
20191204_11:00:00   6.0749e-02   2.0115e+01   1.2723e+00   0.0000e+00   0.0000e+00   2.5623e+02
20191204_12:00:00   6.1583e-02   2.0329e+01   1.2914e+00   0.0000e+00   0.0000e+00   2.5549e+02
20191204_13:00:00   6.2390e-02   2.0549e+01   1.3106e+00   0.0000e+00   0.0000e+00   2.5390e+02
20191204_14:00:00   6.5003e-02   2.1201e+01   1.3802e+00   0.0000e+00   0.0000e+00   2.5208e+02
20191204_15:00:00   6.8655e-02   2.2118e+01   1.4720e+00   0.0000e+00   0.0000e+00   2.5148e+02
20191204_16:00:00   7.2879e-02   2.3170e+01   1.5771e+00   0.0000e+00   0.0000e+00   2.5190e+02
20191204_17:00:00   7.6293e-02   2.4052e+01   1.6583e+00   0.0000e+00   1.3868e-06   2.5314e+02
20191204_18:00:00   7.5805e-02   2.3939e+01   1.6450e+00   0.0000e+00   3.6620e-05   2.5396e+02
20191204_21:00:00   8.7846e-02   2.6816e+01   1.9101e+00   0.0000e+00   0.0000e+00   2.5092e+02
20191205_00:00:00   7.6768e-02   2.4088e+01   1.6141e+00   0.0000e+00   0.0000e+00   2.5198e+02
20191205_03:00:00   5.9670e-02   1.9857e+01   1.2174e+00   0.0000e+00   3.5240e-07   2.5298e+02
20191205_06:00:00   5.0447e-02   1.7480e+01   1.0048e+00   0.0000e+00   0.0000e+00   2.5117e+02
20191205_09:00:00   5.5295e-02   1.8627e+01   1.1482e+00   0.0000e+00   1.8470e-05   2.5400e+02
20191205_12:00:00   5.2835e-02   1.8003e+01   1.0860e+00   0.0000e+00   4.1513e-03   2.5360e+02
20191205_15:00:00   6.0114e-02   1.9943e+01   1.2499e+00   0.0000e+00   2.7080e-06   2.5089e+02
20191205_18:00:00   8.9344e-02   2.7116e+01   1.9706e+00   0.0000e+00   3.4560e-04   2.5141e+02
20191205_21:00:00   1.1726e-01   3.3584e+01   2.6141e+00   0.0000e+00   5.4160e-05   2.5032e+02
20191206_00:00:00   1.0771e-01   3.1404e+01   2.3143e+00   0.0000e+00   0.0000e+00   2.5192e+02
20191206_03:00:00   8.7062e-02   2.6548e+01   1.8544e+00   0.0000e+00   1.4286e-05   2.5340e+02
20191206_06:00:00   8.9686e-02   2.7071e+01   1.9176e+00   0.0000e+00   0.0000e+00   2.5310e+02
20191206_09:00:00   8.4499e-02   2.5820e+01   1.7531e+00   0.0000e+00   0.0000e+00   2.5823e+02
20191206_12:00:00   8.5179e-02   2.5957e+01   1.7534e+00   0.0000e+00   0.0000e+00   2.6527e+02
20191206_15:00:00   1.0584e-01   3.0818e+01   2.2526e+00   0.0000e+00   0.0000e+00   2.6972e+02
20191206_18:00:00   1.3826e-01   3.8155e+01   3.0320e+00   1.1148e-04   2.6239e-03   2.7141e+02
20191206_21:00:00   1.6798e-01   4.4694e+01   3.6859e+00   0.0000e+00   5.3534e-02   2.6632e+02
20191207_00:00:00   1.4947e-01   4.0715e+01   3.1822e+00   0.0000e+00   1.0013e-02   2.6597e+02
20191207_03:00:00   1.2649e-01   3.5671e+01   2.6722e+00   0.0000e+00   0.0000e+00   2.6286e+02
20191207_06:00:00   1.0921e-01   3.1773e+01   2.3154e+00   0.0000e+00   0.0000e+00   2.6253e+02
20191207_09:00:00   1.0760e-01   3.1399e+01   2.3304e+00   0.0000e+00   0.0000e+00   2.6248e+02
20191207_12:00:00   1.2106e-01   3.4529e+01   2.6775e+00   0.0000e+00   0.0000e+00   2.6621e+02
20191207_15:00:00   1.2537e-01   3.5617e+01   2.8453e+00   0.0000e+00   0.0000e+00   2.6566e+02
20191207_18:00:00   1.8622e-01   4.9327e+01   4.3134e+00   0.0000e+00   1.3814e-03   2.6479e+02
20191207_21:00:00   1.9493e-01   5.1068e+01   4.4911e+00   0.0000e+00   1.6070e-04   2.6278e+02
20191208_00:00:00   1.1492e-01   3.3293e+01   2.5227e+00   0.0000e+00   0.0000e+00   2.6219e+02
20191208_03:00:00   1.0435e-01   3.0901e+01   2.2286e+00   0.0000e+00   0.0000e+00   2.6023e+02
20191208_06:00:00   8.4525e-02   2.6153e+01   1.7664e+00   0.0000e+00   0.0000e+00   2.5970e+02
20191208_09:00:00   6.3086e-02   2.0850e+01   1.2742e+00   0.0000e+00   0.0000e+00   2.6051e+02
20191208_12:00:00   4.8326e-02   1.7087e+01   9.3292e-01   0.0000e+00   0.0000e+00   2.6045e+02
20191208_15:00:00   6.5084e-02   2.1422e+01   1.3660e+00   0.0000e+00   0.0000e+00   2.6408e+02
20191208_18:00:00   7.0168e-02   2.2691e+01   1.4966e+00   0.0000e+00   0.0000e+00   2.5861e+02
20191208_21:00:00   6.4946e-02   2.1322e+01   1.3679e+00   0.0000e+00   0.0000e+00   2.5786e+02
20191209_00:00:00   9.1831e-02   2.8013e+01   1.9353e+00   0.0000e+00   0.0000e+00   2.5534e+02
20191209_03:00:00   6.0957e-02   2.0359e+01   1.2316e+00   0.0000e+00   8.6060e-05   2.5868e+02
20191209_06:00:00   5.4166e-02   1.8572e+01   1.0898e+00   0.0000e+00   0.0000e+00   2.5824e+02
20191209_09:00:00   4.9945e-02   1.7483e+01   9.8873e-01   0.0000e+00   2.6700e-06   2.5771e+02
20191209_12:00:00   4.8142e-02   1.7026e+01   9.5036e-01   0.0000e+00   6.0720e-08   2.5878e+02
20191209_15:00:00   7.0588e-02   2.2746e+01   1.5439e+00   0.0000e+00   0.0000e+00   2.5617e+02
20191209_18:00:00   1.0562e-01   3.1258e+01   2.4575e+00   4.2940e-05   1.3497e-04   2.5566e+02
20191209_21:00:00   1.1048e-01   3.2232e+01   2.5880e+00   0.0000e+00   0.0000e+00   2.5413e+02
20191210_00:00:00   1.1140e-01   3.2664e+01   2.5050e+00   0.0000e+00   2.6799e-05   2.5235e+02
20191210_03:00:00   6.9167e-02   2.2367e+01   1.4893e+00   0.0000e+00   4.6933e-04   2.5372e+02
20191210_06:00:00   4.5315e-02   1.6268e+01   8.9263e-01   0.0000e+00   5.1938e-05   2.5401e+02
20191210_09:00:00   3.8138e-02   1.4360e+01   7.1597e-01   0.0000e+00   2.5792e-05   2.5344e+02
20191210_12:00:00   3.8317e-02   1.4407e+01   7.2743e-01   0.0000e+00   2.8824e-05   2.5287e+02
20191210_15:00:00   5.2930e-02   1.8282e+01   1.1083e+00   0.0000e+00   6.4560e-04   2.5270e+02
20191210_18:00:00   5.5666e-02   1.8989e+01   1.1821e+00   0.0000e+00   2.3780e-04   2.4973e+02
20191210_21:00:00   7.5015e-02   2.3846e+01   1.6562e+00   0.0000e+00   3.8260e-05   2.4941e+02
20191211_00:00:00   7.8113e-02   2.4652e+01   1.6680e+00   0.0000e+00   8.6422e-04   2.4955e+02
20191211_03:00:00   4.5758e-02   1.6417e+01   9.1284e-01   0.0000e+00   1.6476e-03   2.4966e+02
20191211_06:00:00   3.8074e-02   1.4327e+01   7.2650e-01   0.0000e+00   2.4839e-03   2.4936e+02
20191211_09:00:00   3.3070e-02   1.2987e+01   6.0065e-01   0.0000e+00   9.6044e-04   2.5102e+02
20191211_12:00:00   3.4827e-02   1.3501e+01   6.3412e-01   0.0000e+00   1.1882e-05   2.5051e+02
20191211_15:00:00   5.2148e-02   1.8169e+01   1.0673e+00   0.0000e+00   5.2120e-05   2.5036e+02
20191211_18:00:00   6.8547e-02   2.2356e+01   1.4798e+00   0.0000e+00   0.0000e+00   2.4823e+02
20191211_21:00:00   7.2929e-02   2.3347e+01   1.5885e+00   0.0000e+00   0.0000e+00   2.4821e+02
20191212_00:00:00   8.5891e-02   2.6587e+01   1.8262e+00   0.0000e+00   0.0000e+00   2.5129e+02
20191212_03:00:00   5.2545e-02   1.8239e+01   1.0669e+00   0.0000e+00   0.0000e+00   2.5397e+02
20191212_06:00:00   4.3774e-02   1.5935e+01   8.4299e-01   0.0000e+00   0.0000e+00   2.5595e+02
20191212_09:00:00   4.7293e-02   1.6808e+01   9.3340e-01   0.0000e+00   0.0000e+00   2.5902e+02
20191212_12:00:00   5.2965e-02   1.8301e+01   1.0707e+00   0.0000e+00   0.0000e+00   2.5585e+02
20191212_15:00:00   7.4114e-02   2.3716e+01   1.6293e+00   0.0000e+00   0.0000e+00   2.5511e+02
20191212_18:00:00   1.2152e-01   3.5192e+01   2.8471e+00   0.0000e+00   0.0000e+00   2.5405e+02
20191212_21:00:00   1.5708e-01   4.3008e+01   3.7484e+00   0.0000e+00   1.8550e-04   2.5372e+02
20191213_00:00:00   1.4967e-01   4.1492e+01   3.5214e+00   0.0000e+00   0.0000e+00   2.5343e+02
20191213_03:00:00   1.4462e-01   4.0454e+01   3.3436e+00   0.0000e+00   0.0000e+00   2.5331e+02
20191213_06:00:00   1.5385e-01   4.2560e+01   3.5432e+00   0.0000e+00   0.0000e+00   2.5439e+02
20191213_09:00:00   1.5416e-01   4.2675e+01   3.5345e+00   0.0000e+00   0.0000e+00   2.5318e+02
20191213_12:00:00   1.2881e-01   3.6989e+01   2.9104e+00   0.0000e+00   0.0000e+00   2.5643e+02
20191213_15:00:00   1.3419e-01   3.7984e+01   3.1924e+00   0.0000e+00   0.0000e+00   2.5689e+02
20191213_18:00:00   1.6875e-01   4.5723e+01   4.1008e+00   7.7080e-06   7.4446e-03   2.5656e+02
20191213_21:00:00   1.6116e-01   4.4128e+01   3.8447e+00   0.0000e+00   0.0000e+00   2.5654e+02
20191214_00:00:00   1.5462e-01   4.2552e+01   3.6755e+00   0.0000e+00   0.0000e+00   2.5684e+02
20191214_03:00:00   1.1900e-01   3.4384e+01   2.7867e+00   0.0000e+00   0.0000e+00   2.5606e+02
20191214_06:00:00   8.2234e-02   2.5718e+01   1.8006e+00   0.0000e+00   0.0000e+00   2.5626e+02
20191214_09:00:00   5.8621e-02   1.9782e+01   1.2219e+00   0.0000e+00   0.0000e+00   2.5806e+02
20191214_12:00:00   4.9630e-02   1.7433e+01   1.0135e+00   0.0000e+00   0.0000e+00   2.5820e+02
20191214_15:00:00   6.2018e-02   2.0633e+01   1.3507e+00   0.0000e+00   0.0000e+00   2.5585e+02
20191214_18:00:00   7.6573e-02   2.4257e+01   1.7356e+00   0.0000e+00   0.0000e+00   2.5582e+02
20191214_21:00:00   9.2300e-02   2.8139e+01   2.1053e+00   0.0000e+00   0.0000e+00   2.5528e+02
20191215_00:00:00   9.1079e-02   2.7838e+01   2.0113e+00   0.0000e+00   0.0000e+00   2.5411e+02
20191215_03:00:00   7.3100e-02   2.3320e+01   1.6229e+00   0.0000e+00   0.0000e+00   2.5389e+02
20191215_06:00:00   5.9833e-02   1.9924e+01   1.3084e+00   0.0000e+00   0.0000e+00   2.5437e+02
20191215_09:00:00   4.8606e-02   1.7045e+01   1.0179e+00   0.0000e+00   0.0000e+00   2.5538e+02
20191215_12:00:00   4.5638e-02   1.6313e+01   9.3590e-01   0.0000e+00   0.0000e+00   2.5466e+02
20191215_15:00:00   6.0700e-02   2.0259e+01   1.3308e+00   0.0000e+00   0.0000e+00   2.5354e+02
20191215_18:00:00   6.9984e-02   2.2634e+01   1.5664e+00   0.0000e+00   6.6080e-07   2.5173e+02
