#            date       tau225        Tb[K]      pwv[mm] lwp[kg*m^-2] iwp[kg*m^-2]       o3[DU]
20191121_12:00:00   5.1284e-01   1.1017e+02   8.5797e+00   1.0356e-02   4.3013e-03   3.1284e+02
20191121_13:00:00   4.6176e-01   1.0225e+02   7.6361e+00   6.6590e-03   7.9519e-02   3.1554e+02
20191121_14:00:00   2.9982e-01   7.3640e+01   4.4207e+00   1.2445e-02   2.9441e-05   3.1747e+02
20191121_15:00:00   2.4779e-01   6.2995e+01   3.8179e+00   4.7450e-03   0.0000e+00   3.2186e+02
20191121_16:00:00   2.4481e-01   6.2105e+01   4.0426e+00   5.9190e-04   0.0000e+00   3.2535e+02
20191121_17:00:00   3.6844e-01   8.6150e+01   5.8726e+00   8.7370e-03   0.0000e+00   3.2323e+02
20191121_18:00:00   6.3180e-01   1.2913e+02   7.8189e+00   6.7382e-02   4.6790e-05   3.2309e+02
20191121_19:00:00   5.2542e-01   1.1273e+02   8.2811e+00   1.1868e-02   2.1966e-03   3.2253e+02
20191121_20:00:00   4.9133e-01   1.0733e+02   7.9259e+00   7.4760e-03   1.6364e-03   3.2207e+02
20191121_21:00:00   5.2325e-01   1.1233e+02   8.4268e+00   9.1458e-03   7.4156e-03   3.1894e+02
20191121_22:00:00   4.9085e-01   1.0727e+02   8.2098e+00   8.9990e-04   1.7086e-03   3.1681e+02
20191121_23:00:00   4.6790e-01   1.0364e+02   7.6880e+00   4.2595e-03   6.5119e-04   3.0733e+02
20191122_00:00:00   5.2792e-01   1.1326e+02   8.6725e+00   3.6302e-03   4.7867e-03   3.0032e+02
20191122_01:00:00   5.3887e-01   1.1494e+02   8.9473e+00   1.4212e-03   1.6521e-02   2.9512e+02
20191122_02:00:00   5.0862e-01   1.1038e+02   8.4529e+00   8.8180e-05   1.6456e-04   2.9033e+02
20191122_03:00:00   4.9853e-01   1.0911e+02   7.8401e+00   9.2729e-03   1.9028e-04   2.8739e+02
20191122_04:00:00   4.4375e-01   1.0013e+02   7.2245e+00   1.8402e-03   1.1560e-05   2.8380e+02
20191122_05:00:00   4.2020e-01   9.6129e+01   6.9286e+00   0.0000e+00   4.1400e-07   2.8041e+02
20191122_06:00:00   4.1971e-01   9.5977e+01   6.9799e+00   0.0000e+00   0.0000e+00   2.7901e+02
20191122_07:00:00   4.2514e-01   9.6852e+01   7.1265e+00   0.0000e+00   3.5776e-06   2.7808e+02
20191122_08:00:00   4.2917e-01   9.7435e+01   7.2717e+00   4.4720e-04   1.6448e-05   2.7653e+02
20191122_09:00:00   4.2210e-01   9.6147e+01   7.2307e+00   2.2360e-04   1.3248e-05   2.7704e+02
20191122_10:00:00   4.1907e-01   9.5547e+01   7.2560e+00   0.0000e+00   0.0000e+00   2.7704e+02
20191122_11:00:00   4.1405e-01   9.4581e+01   7.2434e+00   6.6140e-04   1.7638e-06   2.7713e+02
20191122_12:00:00   4.2008e-01   9.5650e+01   7.2377e+00   3.7268e-03   4.4655e-05   2.7526e+02
20191122_13:00:00   4.1251e-01   9.4358e+01   7.1243e+00   2.8695e-03   1.6680e-05   2.7520e+02
20191122_14:00:00   3.7921e-01   8.8397e+01   6.7187e+00   4.4100e-05   4.8441e-05   2.7477e+02
20191122_15:00:00   3.5639e-01   8.4250e+01   6.3266e+00   0.0000e+00   2.3940e-05   2.7451e+02
20191122_16:00:00   3.4700e-01   8.2496e+01   6.1845e+00   0.0000e+00   2.8299e-05   2.7406e+02
20191122_17:00:00   3.3725e-01   8.0668e+01   6.0452e+00   0.0000e+00   3.6018e-05   2.7395e+02
20191122_18:00:00   3.5145e-01   8.3262e+01   6.3394e+00   0.0000e+00   1.3958e-04   2.7438e+02
20191122_19:00:00   3.7080e-01   8.6776e+01   6.7339e+00   0.0000e+00   1.7949e-03   2.7283e+02
20191122_20:00:00   3.7453e-01   8.7528e+01   6.8142e+00   0.0000e+00   3.5361e-04   2.7082e+02
20191122_21:00:00   3.7952e-01   8.8447e+01   6.9373e+00   0.0000e+00   1.2474e-04   2.6952e+02
20191122_22:00:00   3.8113e-01   8.8763e+01   6.9779e+00   0.0000e+00   4.2575e-04   2.6932e+02
20191122_23:00:00   3.7992e-01   8.8562e+01   6.9624e+00   0.0000e+00   4.7939e-04   2.6888e+02
20191123_00:00:00   3.7020e-01   8.6728e+01   6.8675e+00   0.0000e+00   2.6047e-03   2.6924e+02
20191123_01:00:00   3.5872e-01   8.4665e+01   6.6815e+00   0.0000e+00   8.0304e-05   2.6904e+02
20191123_02:00:00   3.4343e-01   8.1797e+01   6.4466e+00   0.0000e+00   8.1580e-06   2.6959e+02
20191123_03:00:00   3.1458e-01   7.6267e+01   5.9617e+00   0.0000e+00   8.1580e-06   2.6882e+02
20191123_04:00:00   2.7857e-01   6.9042e+01   5.3528e+00   0.0000e+00   7.4520e-06   2.6732e+02
20191123_05:00:00   2.4967e-01   6.2985e+01   4.8691e+00   0.0000e+00   6.6240e-06   2.6664e+02
20191123_06:00:00   2.2928e-01   5.8568e+01   4.5346e+00   0.0000e+00   0.0000e+00   2.6526e+02
20191123_07:00:00   2.1960e-01   5.6385e+01   4.3885e+00   0.0000e+00   0.0000e+00   2.6414e+02
20191123_08:00:00   2.1153e-01   5.4563e+01   4.2654e+00   0.0000e+00   0.0000e+00   2.6264e+02
20191123_09:00:00   2.0996e-01   5.4175e+01   4.2579e+00   0.0000e+00   2.1404e-05   2.6194e+02
20191123_10:00:00   2.1335e-01   5.4856e+01   4.3583e+00   0.0000e+00   2.0421e-04   2.6194e+02
20191123_11:00:00   2.1361e-01   5.4872e+01   4.3809e+00   0.0000e+00   1.4684e-04   2.6123e+02
20191123_12:00:00   2.1460e-01   5.5104e+01   4.4105e+00   0.0000e+00   8.4824e-05   2.6078e+02
20191123_13:00:00   2.1336e-01   5.4892e+01   4.3890e+00   0.0000e+00   4.4527e-04   2.6083e+02
20191123_14:00:00   2.1081e-01   5.4386e+01   4.3292e+00   0.0000e+00   1.6145e-03   2.6014e+02
20191123_15:00:00   2.0986e-01   5.4238e+01   4.3002e+00   0.0000e+00   1.2689e-03   2.6046e+02
20191123_16:00:00   2.1492e-01   5.5286e+01   4.4232e+00   0.0000e+00   2.8285e-03   2.5997e+02
20191123_17:00:00   2.1800e-01   5.5942e+01   4.4932e+00   0.0000e+00   5.1442e-03   2.5879e+02
20191123_18:00:00   2.2571e-01   5.7490e+01   4.6844e+00   0.0000e+00   3.6554e-03   2.5821e+02
20191123_19:00:00   2.3053e-01   5.8501e+01   4.7974e+00   0.0000e+00   4.6940e-03   2.5804e+02
20191123_20:00:00   2.3467e-01   5.9402e+01   4.8813e+00   0.0000e+00   3.4272e-03   2.5893e+02
20191123_21:00:00   2.3851e-01   6.0261e+01   4.9542e+00   0.0000e+00   3.4354e-03   2.5925e+02
20191123_22:00:00   2.3860e-01   6.0325e+01   4.9626e+00   0.0000e+00   6.9467e-03   2.6002e+02
20191123_23:00:00   2.3489e-01   5.9580e+01   4.8803e+00   0.0000e+00   1.6058e-03   2.6087e+02
20191124_00:00:00   2.3248e-01   5.9073e+01   4.8260e+00   0.0000e+00   1.8274e-03   2.6218e+02
20191124_01:00:00   2.3182e-01   5.8966e+01   4.8160e+00   0.0000e+00   2.4663e-03   2.6107e+02
20191124_02:00:00   2.2947e-01   5.8501e+01   4.7564e+00   0.0000e+00   4.2906e-03   2.6066e+02
20191124_03:00:00   2.2675e-01   5.7953e+01   4.7021e+00   0.0000e+00   1.8722e-03   2.6172e+02
20191124_04:00:00   2.2696e-01   5.7986e+01   4.6999e+00   0.0000e+00   1.0006e-02   2.6301e+02
20191124_05:00:00   2.2374e-01   5.7344e+01   4.6413e+00   0.0000e+00   9.2704e-03   2.6510e+02
20191124_06:00:00   2.1391e-01   5.5444e+01   4.3809e+00   0.0000e+00   2.8623e-05   2.6660e+02
20191124_07:00:00   2.1051e-01   5.4729e+01   4.2894e+00   0.0000e+00   0.0000e+00   2.6684e+02
20191124_08:00:00   2.0908e-01   5.4472e+01   4.2476e+00   0.0000e+00   0.0000e+00   2.6775e+02
20191124_09:00:00   2.0941e-01   5.4643e+01   4.2302e+00   0.0000e+00   8.2820e-07   2.6834e+02
20191124_10:00:00   2.0841e-01   5.4532e+01   4.1848e+00   0.0000e+00   3.2001e-05   2.6848e+02
20191124_11:00:00   2.0403e-01   5.3679e+01   4.0636e+00   0.0000e+00   0.0000e+00   2.6882e+02
20191124_12:00:00   1.9745e-01   5.2363e+01   3.9025e+00   0.0000e+00   0.0000e+00   2.6906e+02
20191124_13:00:00   1.9222e-01   5.1307e+01   3.7746e+00   0.0000e+00   1.9034e-04   2.6986e+02
20191124_14:00:00   1.8859e-01   5.0594e+01   3.6732e+00   0.0000e+00   6.4153e-04   2.6952e+02
20191124_15:00:00   1.8570e-01   4.9974e+01   3.5993e+00   0.0000e+00   1.4716e-03   2.6919e+02
20191124_16:00:00   1.8273e-01   4.9354e+01   3.5286e+00   0.0000e+00   1.7899e-03   2.6863e+02
20191124_17:00:00   1.7971e-01   4.8820e+01   3.4473e+00   0.0000e+00   9.0021e-04   2.6871e+02
20191124_18:00:00   1.7806e-01   4.8483e+01   3.4055e+00   0.0000e+00   2.6412e-03   2.6782e+02
20191124_19:00:00   1.7016e-01   4.6819e+01   3.2220e+00   0.0000e+00   3.0119e-03   2.6838e+02
20191124_20:00:00   1.5990e-01   4.4473e+01   3.0072e+00   0.0000e+00   9.8684e-03   2.6646e+02
20191124_21:00:00   1.5441e-01   4.3339e+01   2.8688e+00   0.0000e+00   7.0800e-03   2.6674e+02
20191124_22:00:00   1.5756e-01   4.4115e+01   2.9327e+00   0.0000e+00   2.4950e-03   2.6557e+02
20191124_23:00:00   1.5052e-01   4.2525e+01   2.7770e+00   0.0000e+00   1.2422e-05   2.6474e+02
20191125_00:00:00   1.4777e-01   4.1832e+01   2.7196e+00   0.0000e+00   1.3300e-03   2.6292e+02
20191125_01:00:00   1.4249e-01   4.0489e+01   2.6491e+00   0.0000e+00   6.4720e-03   2.6127e+02
20191125_02:00:00   1.3129e-01   3.7841e+01   2.4335e+00   0.0000e+00   8.9855e-03   2.5981e+02
20191125_03:00:00   1.2282e-01   3.5749e+01   2.2824e+00   0.0000e+00   1.1026e-02   2.5907e+02
20191125_04:00:00   1.0935e-01   3.2424e+01   2.0161e+00   0.0000e+00   1.4867e-02   2.5903e+02
20191125_05:00:00   9.8332e-02   2.9664e+01   1.7977e+00   0.0000e+00   1.6547e-02   2.5866e+02
20191125_06:00:00   9.8358e-02   2.9598e+01   1.8162e+00   0.0000e+00   1.4364e-02   2.5912e+02
20191125_07:00:00   1.0027e-01   3.0049e+01   1.8742e+00   0.0000e+00   5.0106e-03   2.5906e+02
20191125_08:00:00   1.0158e-01   3.0280e+01   1.9272e+00   0.0000e+00   1.1313e-02   2.5913e+02
20191125_09:00:00   1.0227e-01   3.0342e+01   1.9638e+00   0.0000e+00   1.7054e-02   2.5943e+02
20191125_10:00:00   1.0240e-01   3.0336e+01   1.9710e+00   0.0000e+00   2.7655e-02   2.6054e+02
20191125_11:00:00   1.0287e-01   3.0450e+01   1.9833e+00   0.0000e+00   1.5905e-02   2.6158e+02
20191125_12:00:00   1.0819e-01   3.1748e+01   2.1055e+00   0.0000e+00   1.9576e-02   2.6209e+02
20191125_13:00:00   1.1048e-01   3.2362e+01   2.1445e+00   0.0000e+00   1.4661e-02   2.6340e+02
20191125_14:00:00   1.1357e-01   3.3174e+01   2.2027e+00   0.0000e+00   7.3584e-03   2.6365e+02
20191125_15:00:00   1.1785e-01   3.4294e+01   2.2721e+00   0.0000e+00   1.0234e-02   2.6395e+02
20191125_16:00:00   1.2917e-01   3.7037e+01   2.5117e+00   0.0000e+00   9.6152e-03   2.6328e+02
20191125_17:00:00   1.3414e-01   3.8135e+01   2.6451e+00   0.0000e+00   4.6453e-03   2.6263e+02
20191125_18:00:00   1.4527e-01   4.0773e+01   2.8715e+00   0.0000e+00   6.1880e-03   2.6313e+02
20191125_19:00:00   1.5327e-01   4.2769e+01   3.0156e+00   0.0000e+00   7.2730e-03   2.6094e+02
20191125_20:00:00   1.4874e-01   4.1879e+01   2.8866e+00   0.0000e+00   1.4466e-02   2.6179e+02
20191125_21:00:00   1.4394e-01   4.0872e+01   2.7174e+00   0.0000e+00   1.3519e-02   2.6173e+02
20191125_22:00:00   1.3328e-01   3.8304e+01   2.5065e+00   0.0000e+00   1.3386e-02   2.6538e+02
20191125_23:00:00   1.3899e-01   3.9572e+01   2.6355e+00   0.0000e+00   1.1714e-02   2.6448e+02
20191126_00:00:00   1.4737e-01   4.1490e+01   2.8302e+00   0.0000e+00   3.8711e-03   2.6421e+02
20191126_01:00:00   1.5433e-01   4.2987e+01   3.0173e+00   0.0000e+00   7.9738e-03   2.6471e+02
20191126_02:00:00   1.5533e-01   4.3308e+01   3.0206e+00   0.0000e+00   8.3977e-03   2.6385e+02
20191126_03:00:00   1.6483e-01   4.5513e+01   3.2074e+00   0.0000e+00   3.8969e-03   2.6227e+02
20191126_04:00:00   1.7307e-01   4.7356e+01   3.3785e+00   0.0000e+00   1.2268e-03   2.6195e+02
20191126_05:00:00   1.7407e-01   4.7515e+01   3.4121e+00   0.0000e+00   2.2437e-03   2.6266e+02
20191126_06:00:00   1.7926e-01   4.8604e+01   3.5252e+00   0.0000e+00   2.1311e-03   2.6327e+02
20191126_07:00:00   1.8226e-01   4.9250e+01   3.5831e+00   0.0000e+00   1.3776e-03   2.6407e+02
20191126_08:00:00   1.8671e-01   5.0174e+01   3.6795e+00   0.0000e+00   1.3705e-03   2.6393e+02
20191126_09:00:00   1.8519e-01   4.9819e+01   3.6317e+00   0.0000e+00   1.6511e-03   2.6378e+02
20191126_10:00:00   2.0011e-01   5.3156e+01   3.9085e+00   0.0000e+00   1.3219e-03   2.6334e+02
20191126_11:00:00   2.1965e-01   5.7406e+01   4.2931e+00   0.0000e+00   8.6404e-04   2.6292e+02
20191126_12:00:00   2.2615e-01   5.8797e+01   4.4057e+00   0.0000e+00   5.2642e-04   2.6298e+02
20191126_15:00:00   2.6582e-01   6.7188e+01   5.1689e+00   0.0000e+00   3.4400e-05   2.6737e+02
20191126_18:00:00   2.8955e-01   7.2003e+01   5.5633e+00   0.0000e+00   1.7850e-04   2.7132e+02
20191126_21:00:00   3.0025e-01   7.4360e+01   5.6972e+00   0.0000e+00   4.3080e-04   2.7328e+02
20191127_00:00:00   3.0511e-01   7.5308e+01   5.7782e+00   0.0000e+00   3.8080e-06   2.6971e+02
20191127_03:00:00   3.1372e-01   7.6961e+01   5.9924e+00   0.0000e+00   0.0000e+00   2.6905e+02
20191127_06:00:00   3.0449e-01   7.4850e+01   5.8824e+00   0.0000e+00   6.2974e-03   2.6212e+02
20191127_09:00:00   2.7993e-01   6.9734e+01   5.4657e+00   0.0000e+00   1.5906e-02   2.6046e+02
20191127_12:00:00   2.8559e-01   7.0606e+01   5.6289e+00   0.0000e+00   5.4253e-02   2.6065e+02
20191127_15:00:00   3.1094e-01   7.5246e+01   6.2451e+00   0.0000e+00   1.6509e-01   2.6032e+02
20191127_18:00:00   4.1752e-01   9.4656e+01   8.2645e+00   0.0000e+00   2.5897e-01   2.6322e+02
20191127_21:00:00   5.2589e-01   1.1245e+02   1.0326e+01   0.0000e+00   3.0621e-01   2.6371e+02
20191128_00:00:00   8.0361e-01   1.5190e+02   1.4011e+01   1.9078e-02   3.8026e-01   2.6556e+02
20191128_03:00:00   1.7218e+00   2.2550e+02   1.6795e+01   3.1706e-01   6.8456e-01   2.6445e+02
20191128_06:00:00   6.4982e-01   1.3424e+02   8.1588e+00   7.2888e-02   1.2422e-06   2.6326e+02
20191128_09:00:00   4.5310e-01   1.0244e+02   8.1641e+00   3.2010e-05   3.3062e-05   2.5820e+02
20191128_12:00:00   7.3787e-01   1.4490e+02   1.0114e+01   6.8261e-02   2.8192e-02   2.5709e+02
20191128_15:00:00   7.0139e-01   1.4013e+02   8.9520e+00   7.3420e-02   5.3545e-04   2.5853e+02
20191128_18:00:00   6.1355e-01   1.2837e+02   8.9513e+00   2.7514e-02   4.4196e-05   2.6647e+02
20191128_21:00:00   1.4036e+00   2.0812e+02   8.6644e+00   3.5793e-01   1.5148e-04   2.6519e+02
20191129_00:00:00   4.7760e-01   1.0692e+02   6.9244e+00   2.4705e-02   0.0000e+00   2.6756e+02
20191129_03:00:00   3.7667e-01   8.8842e+01   6.3216e+00   7.5880e-05   0.0000e+00   2.7526e+02
20191129_06:00:00   3.9749e-01   9.2376e+01   6.7365e+00   0.0000e+00   2.5756e-03   2.7363e+02
20191129_09:00:00   6.7167e-01   1.3489e+02   1.0851e+01   2.0648e-02   1.8829e-02   2.7682e+02
20191129_12:00:00   2.0756e+00   2.3905e+02   1.2644e+01   5.5797e-01   3.1494e-01   2.8618e+02
20191129_15:00:00   1.9451e+00   2.3409e+02   1.1886e+01   5.1508e-01   5.1085e-01   2.9539e+02
20191129_18:00:00   1.1305e+00   1.8511e+02   1.0895e+01   2.0221e-01   1.2529e-01   3.0896e+02
20191129_21:00:00   1.3647e+00   2.0211e+02   8.9771e+00   3.5043e-01   1.1462e-01   3.2208e+02
20191130_00:00:00   1.1809e+00   1.8838e+02   7.6736e+00   3.0136e-01   7.3562e-02   3.2323e+02
20191130_03:00:00   8.1747e-01   1.5150e+02   6.6535e+00   1.7693e-01   2.6210e-02   3.2724e+02
20191130_06:00:00   3.2060e-01   7.5966e+01   5.1900e+00   0.0000e+00   3.9044e-05   3.2847e+02
20191130_09:00:00   2.1633e-01   5.5303e+01   3.4507e+00   0.0000e+00   6.0920e-07   3.1246e+02
20191130_12:00:00   1.8457e-01   4.8758e+01   2.8624e+00   0.0000e+00   0.0000e+00   3.0937e+02
20191130_15:00:00   3.3273e-01   7.8618e+01   5.5682e+00   0.0000e+00   6.2570e-06   3.0030e+02
20191130_18:00:00   3.1730e-01   7.6387e+01   5.2836e+00   0.0000e+00   0.0000e+00   2.9963e+02
20191130_21:00:00   2.6798e-01   6.7156e+01   4.3479e+00   0.0000e+00   0.0000e+00   2.8424e+02
20191201_00:00:00   1.9329e-01   5.1701e+01   3.0985e+00   0.0000e+00   0.0000e+00   2.7809e+02
20191201_03:00:00   1.4869e-01   4.1785e+01   2.3970e+00   0.0000e+00   0.0000e+00   2.7312e+02
20191201_06:00:00   1.3203e-01   3.7839e+01   2.2452e+00   0.0000e+00   0.0000e+00   2.7048e+02
20191201_09:00:00   1.3011e-01   3.7198e+01   2.3487e+00   0.0000e+00   0.0000e+00   2.6737e+02
20191201_12:00:00   1.2872e-01   3.6899e+01   2.4039e+00   0.0000e+00   0.0000e+00   2.6652e+02
20191201_15:00:00   1.3821e-01   3.9407e+01   2.5590e+00   0.0000e+00   0.0000e+00   2.6848e+02
20191201_18:00:00   1.3893e-01   3.9717e+01   2.5482e+00   0.0000e+00   0.0000e+00   2.7227e+02
20191201_21:00:00   1.3350e-01   3.8489e+01   2.4059e+00   0.0000e+00   0.0000e+00   2.7539e+02
20191202_00:00:00   1.3655e-01   3.9269e+01   2.4355e+00   0.0000e+00   0.0000e+00   2.7383e+02
20191202_03:00:00   1.4767e-01   4.1754e+01   2.6740e+00   0.0000e+00   0.0000e+00   2.7415e+02
20191202_06:00:00   1.6940e-01   4.6548e+01   3.1727e+00   0.0000e+00   3.2455e-03   2.7840e+02
20191202_09:00:00   1.9706e-01   5.2488e+01   3.7567e+00   0.0000e+00   1.1399e-02   2.8259e+02
20191202_12:00:00   2.2105e-01   5.7407e+01   4.2907e+00   0.0000e+00   2.2964e-02   2.8061e+02
20191202_15:00:00   2.6353e-01   6.6055e+01   5.1278e+00   0.0000e+00   6.9885e-02   2.8169e+02
20191202_18:00:00   3.1734e-01   7.6725e+01   6.1938e+00   0.0000e+00   8.9254e-03   2.8313e+02
20191202_21:00:00   2.5918e-01   6.5940e+01   4.6483e+00   0.0000e+00   0.0000e+00   2.8783e+02
20191203_00:00:00   2.2568e-01   5.9004e+01   3.9720e+00   0.0000e+00   0.0000e+00   2.8955e+02
20191203_03:00:00   2.4447e-01   6.2861e+01   4.4329e+00   0.0000e+00   0.0000e+00   2.9316e+02
20191203_06:00:00   2.4355e-01   6.2784e+01   4.4122e+00   0.0000e+00   0.0000e+00   2.9368e+02
20191203_09:00:00   2.3768e-01   6.1570e+01   4.2812e+00   0.0000e+00   0.0000e+00   2.9307e+02
20191203_12:00:00   2.2750e-01   5.9351e+01   4.1100e+00   0.0000e+00   0.0000e+00   2.8807e+02
20191203_15:00:00   1.8939e-01   5.1118e+01   3.3388e+00   0.0000e+00   0.0000e+00   2.8687e+02
20191203_18:00:00   1.6706e-01   4.5958e+01   2.9920e+00   0.0000e+00   0.0000e+00   2.8336e+02
20191203_21:00:00   1.6016e-01   4.4208e+01   2.9265e+00   0.0000e+00   0.0000e+00   2.8624e+02
20191204_00:00:00   1.5147e-01   4.2335e+01   2.7550e+00   0.0000e+00   0.0000e+00   2.8335e+02
20191204_03:00:00   1.5229e-01   4.2743e+01   2.7682e+00   0.0000e+00   0.0000e+00   2.7966e+02
20191204_06:00:00   1.7765e-01   4.8544e+01   3.3102e+00   0.0000e+00   0.0000e+00   2.7368e+02
20191204_09:00:00   2.1165e-01   5.5966e+01   4.0584e+00   0.0000e+00   1.6118e-05   2.7135e+02
20191204_12:00:00   2.5150e-01   6.4289e+01   4.9904e+00   0.0000e+00   1.7638e-06   2.7021e+02
20191204_15:00:00   2.7196e-01   6.8620e+01   5.4020e+00   0.0000e+00   3.3180e-05   2.6787e+02
20191204_18:00:00   3.0033e-01   7.4292e+01   6.0530e+00   0.0000e+00   0.0000e+00   2.6686e+02
20191204_21:00:00   2.8404e-01   7.1111e+01   5.6897e+00   0.0000e+00   0.0000e+00   2.6850e+02
20191205_00:00:00   2.2809e-01   5.9773e+01   4.4543e+00   0.0000e+00   0.0000e+00   2.6870e+02
20191205_03:00:00   2.0823e-01   5.5367e+01   4.0426e+00   0.0000e+00   0.0000e+00   2.6734e+02
20191205_06:00:00   2.0560e-01   5.4570e+01   4.0640e+00   0.0000e+00   1.2972e-03   2.7132e+02
20191205_09:00:00   2.2453e-01   5.8321e+01   4.5475e+00   0.0000e+00   4.2992e-03   2.7465e+02
20191205_12:00:00   2.7906e-01   6.9080e+01   5.8299e+00   0.0000e+00   2.5990e-02   2.8383e+02
20191205_15:00:00   3.4571e-01   8.1835e+01   7.2005e+00   0.0000e+00   3.9969e-03   2.8610e+02
20191205_18:00:00   4.2113e-01   9.5134e+01   8.6698e+00   0.0000e+00   1.8150e-02   2.8500e+02
20191205_21:00:00   5.0073e-01   1.0887e+02   9.8277e+00   0.0000e+00   4.0970e-02   2.8707e+02
20191206_00:00:00   5.3287e-01   1.1394e+02   1.0266e+01   0.0000e+00   2.4514e-02   2.8402e+02
20191206_03:00:00   4.2489e-01   9.6050e+01   8.3264e+00   0.0000e+00   7.5496e-03   2.8246e+02
20191206_06:00:00   3.9790e-01   9.1306e+01   7.7685e+00   0.0000e+00   5.0478e-03   2.8427e+02
20191206_09:00:00   3.3212e-01   7.8696e+01   6.6299e+00   0.0000e+00   4.4211e-02   2.8449e+02
20191206_12:00:00   8.6113e-01   1.5944e+02   6.7889e+00   2.0767e-01   1.1434e-02   2.8554e+02
20191206_15:00:00   4.4042e-01   9.8590e+01   6.5839e+00   4.0620e-02   9.9104e-02   2.8554e+02
20191206_18:00:00   4.4197e-01   9.9302e+01   4.9853e+00   7.3209e-02   1.6540e-02   2.8379e+02
20191206_21:00:00   3.7766e-01   8.7055e+01   6.2289e+00   1.9090e-02   2.0819e-02   2.8482e+02
20191207_00:00:00   2.5483e-01   6.3301e+01   4.8005e+00   0.0000e+00   1.7248e-03   2.8208e+02
20191207_03:00:00   2.4093e-01   6.0283e+01   4.4930e+00   0.0000e+00   1.4369e-02   2.8212e+02
20191207_06:00:00   2.6503e-01   6.5338e+01   4.5048e+00   0.0000e+00   1.4495e-02   2.8526e+02
20191207_09:00:00   3.3073e-01   7.7879e+01   5.2777e+00   0.0000e+00   4.3846e-02   2.8310e+02
20191207_12:00:00   2.9235e-01   7.0467e+01   4.6047e+00   0.0000e+00   1.8592e-02   2.9632e+02
