#            date       tau225        Tb[K]      pwv[mm] lwp[kg*m^-2] iwp[kg*m^-2]       o3[DU]
20191026_18:00:00   1.8387e-01   5.1001e+01   3.6096e+00   0.0000e+00   0.0000e+00   2.8077e+02
20191026_19:00:00   1.8673e-01   5.1640e+01   3.6488e+00   0.0000e+00   0.0000e+00   2.8258e+02
20191026_20:00:00   1.9214e-01   5.2924e+01   3.7359e+00   0.0000e+00   0.0000e+00   2.8358e+02
20191026_21:00:00   2.0049e-01   5.4869e+01   3.8908e+00   0.0000e+00   0.0000e+00   2.8317e+02
20191026_22:00:00   2.1196e-01   5.7526e+01   4.0981e+00   0.0000e+00   0.0000e+00   2.8346e+02
20191026_23:00:00   2.2184e-01   5.9783e+01   4.2593e+00   0.0000e+00   0.0000e+00   2.8416e+02
20191027_00:00:00   2.2035e-01   5.9510e+01   4.2181e+00   0.0000e+00   0.0000e+00   2.8323e+02
20191027_01:00:00   2.1890e-01   5.9255e+01   4.1774e+00   0.0000e+00   0.0000e+00   2.8201e+02
20191027_02:00:00   2.1823e-01   5.9125e+01   4.1556e+00   0.0000e+00   0.0000e+00   2.8220e+02
20191027_03:00:00   2.1812e-01   5.9046e+01   4.1525e+00   0.0000e+00   0.0000e+00   2.8203e+02
20191027_04:00:00   2.0972e-01   5.7154e+01   4.0002e+00   0.0000e+00   0.0000e+00   2.8205e+02
20191027_05:00:00   2.1204e-01   5.7667e+01   4.0368e+00   0.0000e+00   0.0000e+00   2.8314e+02
20191027_06:00:00   2.1821e-01   5.9059e+01   4.1388e+00   0.0000e+00   0.0000e+00   2.8384e+02
20191027_07:00:00   2.0786e-01   5.6726e+01   3.9422e+00   0.0000e+00   0.0000e+00   2.8174e+02
20191027_08:00:00   1.9266e-01   5.3222e+01   3.6577e+00   0.0000e+00   0.0000e+00   2.7940e+02
20191027_09:00:00   1.8854e-01   5.2241e+01   3.5854e+00   0.0000e+00   0.0000e+00   2.7963e+02
20191027_10:00:00   1.8767e-01   5.2023e+01   3.5737e+00   0.0000e+00   0.0000e+00   2.7902e+02
20191027_11:00:00   1.9332e-01   5.3263e+01   3.6958e+00   0.0000e+00   0.0000e+00   2.7693e+02
20191027_12:00:00   1.9809e-01   5.4258e+01   3.8061e+00   0.0000e+00   0.0000e+00   2.7730e+02
20191027_13:00:00   1.9531e-01   5.3534e+01   3.7662e+00   0.0000e+00   0.0000e+00   2.7814e+02
20191027_14:00:00   1.8690e-01   5.1539e+01   3.6140e+00   0.0000e+00   0.0000e+00   2.7888e+02
20191027_15:00:00   1.8075e-01   5.0062e+01   3.5078e+00   0.0000e+00   0.0000e+00   2.7973e+02
20191027_16:00:00   1.8746e-01   5.1575e+01   3.6525e+00   0.0000e+00   0.0000e+00   2.7934e+02
20191027_17:00:00   1.9462e-01   5.3162e+01   3.7955e+00   0.0000e+00   0.0000e+00   2.7904e+02
20191027_18:00:00   2.0121e-01   5.4631e+01   3.9255e+00   0.0000e+00   0.0000e+00   2.7780e+02
20191027_19:00:00   2.0269e-01   5.4997e+01   3.9392e+00   0.0000e+00   0.0000e+00   2.7878e+02
20191027_20:00:00   2.1592e-01   5.8039e+01   4.1610e+00   0.0000e+00   0.0000e+00   2.7927e+02
20191027_21:00:00   2.2327e-01   5.9656e+01   4.2985e+00   0.0000e+00   0.0000e+00   2.7898e+02
20191027_22:00:00   2.4171e-01   6.3746e+01   4.6119e+00   0.0000e+00   0.0000e+00   2.7797e+02
20191027_23:00:00   2.4428e-01   6.4223e+01   4.6651e+00   0.0000e+00   0.0000e+00   2.7687e+02
20191028_00:00:00   2.2813e-01   6.0561e+01   4.3892e+00   0.0000e+00   0.0000e+00   2.7746e+02
20191028_01:00:00   2.1271e-01   5.7067e+01   4.1030e+00   0.0000e+00   0.0000e+00   2.7718e+02
20191028_02:00:00   2.1182e-01   5.6821e+01   4.0761e+00   0.0000e+00   0.0000e+00   2.7587e+02
20191028_03:00:00   2.1405e-01   5.7305e+01   4.1155e+00   0.0000e+00   0.0000e+00   2.7522e+02
20191028_04:00:00   2.1737e-01   5.8004e+01   4.1777e+00   0.0000e+00   3.8080e-06   2.7469e+02
20191028_05:00:00   2.2480e-01   5.9480e+01   4.3541e+00   0.0000e+00   4.7035e-04   2.7429e+02
20191028_06:00:00   2.2132e-01   5.8543e+01   4.3455e+00   0.0000e+00   1.0599e-03   2.7405e+02
20191028_07:00:00   2.2193e-01   5.8701e+01   4.2891e+00   0.0000e+00   1.6052e-04   2.7504e+02
20191028_08:00:00   2.4688e-01   6.4088e+01   4.6465e+00   0.0000e+00   4.0346e-03   2.7503e+02
20191028_09:00:00   2.8865e-01   7.3024e+01   5.2177e+00   0.0000e+00   9.4985e-04   2.7638e+02
20191028_10:00:00   3.0634e-01   7.6606e+01   5.4217e+00   0.0000e+00   2.5391e-03   2.7645e+02
20191028_11:00:00   2.6275e-01   6.7698e+01   4.6741e+00   0.0000e+00   9.9931e-04   2.7542e+02
20191028_12:00:00   2.4007e-01   6.2811e+01   4.2821e+00   0.0000e+00   7.0352e-04   2.7487e+02
20191028_13:00:00   2.2137e-01   5.8736e+01   3.9377e+00   0.0000e+00   2.0730e-04   2.7494e+02
20191028_14:00:00   1.9833e-01   5.3644e+01   3.5111e+00   0.0000e+00   1.1089e-03   2.7432e+02
20191028_15:00:00   1.4840e-01   4.2141e+01   2.6047e+00   0.0000e+00   1.1061e-03   2.7573e+02
20191028_16:00:00   1.1277e-01   3.3479e+01   1.9595e+00   0.0000e+00   1.2042e-03   2.7807e+02
20191028_17:00:00   1.0332e-01   3.1084e+01   1.7988e+00   0.0000e+00   1.1654e-03   2.7893e+02
20191028_18:00:00   9.6946e-02   2.9484e+01   1.6782e+00   0.0000e+00   9.1492e-04   2.7860e+02
20191028_19:00:00   9.5354e-02   2.9109e+01   1.6441e+00   0.0000e+00   1.5858e-03   2.7851e+02
20191028_20:00:00   9.3644e-02   2.8693e+01   1.6185e+00   0.0000e+00   6.3539e-04   2.7976e+02
20191028_21:00:00   9.2483e-02   2.8388e+01   1.6068e+00   0.0000e+00   2.0647e-04   2.7997e+02
20191028_22:00:00   9.2031e-02   2.8245e+01   1.6144e+00   0.0000e+00   3.2820e-05   2.8060e+02
20191028_23:00:00   9.2870e-02   2.8414e+01   1.6475e+00   0.0000e+00   1.9401e-05   2.8076e+02
20191029_00:00:00   9.3394e-02   2.8498e+01   1.6746e+00   0.0000e+00   1.3252e-04   2.8080e+02
20191029_01:00:00   9.3541e-02   2.8490e+01   1.6927e+00   0.0000e+00   1.0304e-04   2.8149e+02
20191029_02:00:00   9.3206e-02   2.8395e+01   1.6896e+00   0.0000e+00   1.0352e-06   2.8224e+02
20191029_03:00:00   9.2131e-02   2.8139e+01   1.6646e+00   0.0000e+00   0.0000e+00   2.8219e+02
20191029_04:00:00   9.1747e-02   2.8049e+01   1.6520e+00   0.0000e+00   0.0000e+00   2.8290e+02
20191029_05:00:00   9.1488e-02   2.8018e+01   1.6369e+00   0.0000e+00   0.0000e+00   2.8408e+02
20191029_06:00:00   9.0379e-02   2.7780e+01   1.6051e+00   0.0000e+00   0.0000e+00   2.8425e+02
20191029_07:00:00   8.9034e-02   2.7474e+01   1.5663e+00   0.0000e+00   0.0000e+00   2.8500e+02
20191029_08:00:00   8.6659e-02   2.6914e+01   1.5048e+00   0.0000e+00   0.0000e+00   2.8551e+02
20191029_09:00:00   8.7790e-02   2.7193e+01   1.5271e+00   0.0000e+00   0.0000e+00   2.8623e+02
20191029_10:00:00   9.4588e-02   2.8821e+01   1.6866e+00   0.0000e+00   0.0000e+00   2.8762e+02
20191029_11:00:00   1.0620e-01   3.1604e+01   1.9569e+00   0.0000e+00   0.0000e+00   2.8750e+02
20191029_12:00:00   1.1764e-01   3.4360e+01   2.2056e+00   0.0000e+00   0.0000e+00   2.8847e+02
20191029_13:00:00   1.2637e-01   3.6492e+01   2.3783e+00   0.0000e+00   0.0000e+00   2.8955e+02
20191029_14:00:00   1.2943e-01   3.7265e+01   2.4207e+00   0.0000e+00   0.0000e+00   2.8969e+02
20191029_15:00:00   1.2962e-01   3.7295e+01   2.4280e+00   0.0000e+00   0.0000e+00   2.8981e+02
20191029_16:00:00   1.4059e-01   3.9959e+01   2.6389e+00   0.0000e+00   0.0000e+00   2.9125e+02
20191029_17:00:00   1.5241e-01   4.2836e+01   2.8444e+00   0.0000e+00   0.0000e+00   2.9086e+02
20191029_18:00:00   1.5783e-01   4.4156e+01   2.9356e+00   0.0000e+00   0.0000e+00   2.8983e+02
20191029_19:00:00   1.5462e-01   4.3456e+01   2.8654e+00   0.0000e+00   0.0000e+00   2.8815e+02
20191029_20:00:00   1.6150e-01   4.5107e+01   2.9958e+00   0.0000e+00   0.0000e+00   2.8618e+02
20191029_21:00:00   1.6986e-01   4.7076e+01   3.1487e+00   0.0000e+00   0.0000e+00   2.8514e+02
20191029_22:00:00   1.7016e-01   4.7207e+01   3.1361e+00   0.0000e+00   0.0000e+00   2.8420e+02
20191029_23:00:00   1.6889e-01   4.6928e+01   3.1011e+00   0.0000e+00   0.0000e+00   2.8325e+02
20191030_00:00:00   1.5905e-01   4.4677e+01   2.9110e+00   0.0000e+00   0.0000e+00   2.8308e+02
20191030_01:00:00   1.5970e-01   4.4814e+01   2.9301e+00   0.0000e+00   0.0000e+00   2.8397e+02
20191030_02:00:00   1.6821e-01   4.6761e+01   3.1090e+00   0.0000e+00   0.0000e+00   2.8473e+02
20191030_03:00:00   1.7197e-01   4.7573e+01   3.2068e+00   0.0000e+00   0.0000e+00   2.8464e+02
20191030_04:00:00   1.7938e-01   4.9224e+01   3.3572e+00   0.0000e+00   0.0000e+00   2.8366e+02
20191030_05:00:00   1.9284e-01   5.2264e+01   3.6054e+00   0.0000e+00   0.0000e+00   2.8280e+02
20191030_06:00:00   2.1222e-01   5.6548e+01   3.9736e+00   0.0000e+00   0.0000e+00   2.8253e+02
20191030_07:00:00   2.3630e-01   6.1745e+01   4.4010e+00   0.0000e+00   0.0000e+00   2.8166e+02
20191030_08:00:00   2.5891e-01   6.6540e+01   4.7858e+00   0.0000e+00   0.0000e+00   2.8137e+02
20191030_09:00:00   2.7385e-01   6.9628e+01   5.0361e+00   0.0000e+00   0.0000e+00   2.8239e+02
20191030_10:00:00   2.8630e-01   7.2098e+01   5.2603e+00   0.0000e+00   0.0000e+00   2.8204e+02
20191030_11:00:00   2.7999e-01   7.0778e+01   5.1252e+00   0.0000e+00   0.0000e+00   2.8321e+02
20191030_12:00:00   2.6734e-01   6.8134e+01   4.8915e+00   0.0000e+00   0.0000e+00   2.8276e+02
20191030_13:00:00   2.5083e-01   6.4635e+01   4.6055e+00   0.0000e+00   0.0000e+00   2.8155e+02
20191030_14:00:00   2.3525e-01   6.1258e+01   4.3512e+00   0.0000e+00   0.0000e+00   2.8035e+02
20191030_15:00:00   2.1991e-01   5.7887e+01   4.0934e+00   0.0000e+00   0.0000e+00   2.8008e+02
20191030_16:00:00   2.0327e-01   5.4177e+01   3.7925e+00   0.0000e+00   0.0000e+00   2.8003e+02
20191030_17:00:00   1.8029e-01   4.9054e+01   3.3378e+00   0.0000e+00   0.0000e+00   2.7965e+02
20191030_18:00:00   1.6457e-01   4.5502e+01   3.0093e+00   0.0000e+00   0.0000e+00   2.7870e+02
20191030_19:00:00   1.5204e-01   4.2666e+01   2.7271e+00   0.0000e+00   0.0000e+00   2.7915e+02
20191030_20:00:00   1.3739e-01   3.9270e+01   2.4188e+00   0.0000e+00   0.0000e+00   2.7835e+02
20191030_21:00:00   1.1435e-01   3.3779e+01   1.9584e+00   0.0000e+00   0.0000e+00   2.7826e+02
20191030_22:00:00   9.7263e-02   2.9619e+01   1.6125e+00   0.0000e+00   0.0000e+00   2.8019e+02
20191030_23:00:00   8.5594e-02   2.6727e+01   1.3791e+00   0.0000e+00   0.0000e+00   2.8164e+02
20191031_00:00:00   7.4834e-02   2.4008e+01   1.1735e+00   0.0000e+00   0.0000e+00   2.8330e+02
20191031_01:00:00   6.6224e-02   2.1799e+01   1.0091e+00   0.0000e+00   0.0000e+00   2.8463e+02
20191031_02:00:00   6.4653e-02   2.1402e+01   9.7761e-01   0.0000e+00   0.0000e+00   2.8534e+02
20191031_03:00:00   6.0072e-02   2.0202e+01   8.9689e-01   0.0000e+00   0.0000e+00   2.8513e+02
20191031_04:00:00   5.7581e-02   1.9543e+01   8.5366e-01   0.0000e+00   0.0000e+00   2.8475e+02
20191031_05:00:00   5.7892e-02   1.9618e+01   8.6523e-01   0.0000e+00   0.0000e+00   2.8496e+02
20191031_06:00:00   5.8878e-02   1.9887e+01   8.8601e-01   0.0000e+00   0.0000e+00   2.8547e+02
20191031_07:00:00   5.9747e-02   2.0131e+01   9.0209e-01   0.0000e+00   0.0000e+00   2.8594e+02
20191031_08:00:00   6.1464e-02   2.0587e+01   9.3970e-01   0.0000e+00   0.0000e+00   2.8584e+02
20191031_09:00:00   6.2412e-02   2.0837e+01   9.6083e-01   0.0000e+00   0.0000e+00   2.8622e+02
20191031_10:00:00   6.4273e-02   2.1325e+01   1.0020e+00   0.0000e+00   0.0000e+00   2.8515e+02
20191031_11:00:00   6.7023e-02   2.2052e+01   1.0585e+00   0.0000e+00   0.0000e+00   2.8413e+02
20191031_12:00:00   7.0236e-02   2.2890e+01   1.1274e+00   0.0000e+00   0.0000e+00   2.8473e+02
20191031_13:00:00   7.2945e-02   2.3603e+01   1.1817e+00   0.0000e+00   0.0000e+00   2.8571e+02
20191031_14:00:00   7.5968e-02   2.4388e+01   1.2430e+00   0.0000e+00   0.0000e+00   2.8649e+02
20191031_15:00:00   7.8745e-02   2.5104e+01   1.3031e+00   0.0000e+00   0.0000e+00   2.8670e+02
20191031_16:00:00   8.0492e-02   2.5541e+01   1.3448e+00   0.0000e+00   0.0000e+00   2.8681e+02
20191031_17:00:00   8.2412e-02   2.6021e+01   1.3908e+00   0.0000e+00   0.0000e+00   2.8600e+02
20191031_18:00:00   8.4687e-02   2.6575e+01   1.4478e+00   0.0000e+00   0.0000e+00   2.8470e+02
20191031_21:00:00   9.6018e-02   2.9479e+01   1.6768e+00   0.0000e+00   0.0000e+00   2.7951e+02
20191101_00:00:00   1.0021e-01   3.0566e+01   1.7599e+00   0.0000e+00   0.0000e+00   2.7910e+02
20191101_03:00:00   1.0089e-01   3.0707e+01   1.7842e+00   0.0000e+00   0.0000e+00   2.7882e+02
20191101_06:00:00   1.0377e-01   3.1443e+01   1.8312e+00   0.0000e+00   0.0000e+00   2.7769e+02
20191101_09:00:00   1.0281e-01   3.1076e+01   1.8277e+00   0.0000e+00   0.0000e+00   2.7721e+02
20191101_12:00:00   1.0172e-01   3.0661e+01   1.8277e+00   0.0000e+00   0.0000e+00   2.7997e+02
20191101_15:00:00   1.2457e-01   3.6021e+01   2.3428e+00   0.0000e+00   0.0000e+00   2.8389e+02
20191101_18:00:00   1.3135e-01   3.7638e+01   2.4886e+00   0.0000e+00   0.0000e+00   2.8278e+02
20191101_21:00:00   1.5290e-01   4.2947e+01   2.8876e+00   0.0000e+00   0.0000e+00   2.8157e+02
20191102_00:00:00   1.4787e-01   4.2084e+01   2.7319e+00   0.0000e+00   0.0000e+00   2.7784e+02
20191102_03:00:00   1.2391e-01   3.6506e+01   2.2145e+00   0.0000e+00   0.0000e+00   2.7907e+02
20191102_06:00:00   1.1816e-01   3.5216e+01   2.0671e+00   0.0000e+00   0.0000e+00   2.7545e+02
20191102_09:00:00   1.1514e-01   3.4489e+01   1.9868e+00   0.0000e+00   0.0000e+00   2.7397e+02
20191102_12:00:00   1.0710e-01   3.2477e+01   1.8250e+00   0.0000e+00   0.0000e+00   2.7114e+02
20191102_15:00:00   9.4736e-02   2.9373e+01   1.5766e+00   0.0000e+00   0.0000e+00   2.7347e+02
20191102_18:00:00   9.2136e-02   2.8694e+01   1.5308e+00   0.0000e+00   0.0000e+00   2.7300e+02
20191102_21:00:00   1.3068e-01   3.8323e+01   2.2743e+00   0.0000e+00   0.0000e+00   2.7309e+02
20191103_00:00:00   1.1505e-01   3.4601e+01   1.9696e+00   0.0000e+00   0.0000e+00   2.6676e+02
20191103_03:00:00   1.1462e-01   3.4559e+01   1.9489e+00   0.0000e+00   1.7638e-06   2.5897e+02
20191103_06:00:00   1.2137e-01   3.6241e+01   2.0800e+00   0.0000e+00   5.9600e-05   2.6098e+02
20191103_09:00:00   1.3838e-01   4.0256e+01   2.4471e+00   0.0000e+00   3.1440e-03   2.6265e+02
20191103_12:00:00   1.5430e-01   4.3733e+01   2.8480e+00   0.0000e+00   4.8962e-03   2.5956e+02
20191103_15:00:00   1.6240e-01   4.5284e+01   3.1032e+00   0.0000e+00   8.5708e-03   2.5641e+02
20191103_18:00:00   1.7237e-01   4.7377e+01   3.3680e+00   0.0000e+00   1.8947e-02   2.5012e+02
20191103_21:00:00   2.1232e-01   5.6445e+01   4.1601e+00   0.0000e+00   3.2975e-02   2.4965e+02
20191104_00:00:00   2.8653e-01   7.1838e+01   5.7605e+00   0.0000e+00   5.2153e-02   2.4874e+02
20191104_03:00:00   2.8115e-01   7.0774e+01   5.6288e+00   0.0000e+00   5.0444e-02   2.5267e+02
20191104_06:00:00   4.6530e-01   1.0594e+02   9.0009e+00   0.0000e+00   3.7243e-04   2.5277e+02
20191104_09:00:00   6.1516e-01   1.3056e+02   1.1280e+01   0.0000e+00   0.0000e+00   2.5163e+02
20191104_12:00:00   7.2843e-01   1.4650e+02   1.3005e+01   6.7060e-04   0.0000e+00   2.5453e+02
20191104_15:00:00   8.2540e-01   1.5852e+02   1.3692e+01   2.1812e-02   4.4300e-05   2.5621e+02
20191104_18:00:00   1.0593e+00   1.8338e+02   1.3974e+01   1.0792e-01   7.7240e-05   2.5687e+02
20191104_21:00:00   7.8454e-01   1.5413e+02   1.3673e+01   1.5650e-03   0.0000e+00   2.5677e+02
20191105_00:00:00   2.2707e+00   2.4866e+02   1.7351e+01   5.3825e-01   7.1569e-02   2.5402e+02
20191105_03:00:00   1.0219e+00   1.7986e+02   1.7156e+01   1.9346e-02   1.2597e-03   2.5596e+02
20191105_06:00:00   1.5055e+00   2.1659e+02   1.9304e+01   1.7018e-01   4.3852e-02   2.5504e+02
20191105_09:00:00   8.8642e-01   1.6572e+02   1.4869e+01   1.0628e-02   4.8505e-05   2.5754e+02
20191105_12:00:00   9.0176e-01   1.6704e+02   1.5178e+01   9.9360e-03   6.1758e-04   2.5627e+02
20191105_15:00:00   8.1657e-01   1.5723e+02   1.3832e+01   5.2810e-03   1.4110e-06   2.5594e+02
20191105_18:00:00   9.2198e-01   1.6889e+02   1.4943e+01   2.3668e-02   5.7968e-05   2.5527e+02
20191105_21:00:00   1.7633e+00   2.3007e+02   1.8108e+01   2.9750e-01   1.4334e-01   2.5629e+02
20191106_00:00:00   9.5038e-01   1.7213e+02   1.6206e+01   3.6844e-03   0.0000e+00   2.6097e+02
20191106_03:00:00   8.3420e-01   1.5939e+02   1.4092e+01   5.1756e-03   4.1400e-06   2.6206e+02
20191106_06:00:00   7.4839e-01   1.4912e+02   1.2471e+01   0.0000e+00   0.0000e+00   2.6223e+02
20191106_09:00:00   7.2237e-01   1.4564e+02   1.1686e+01   5.6740e-03   0.0000e+00   2.6252e+02
20191106_12:00:00   6.6579e-01   1.3772e+02   1.0704e+01   6.5440e-03   0.0000e+00   2.6693e+02
20191106_15:00:00   6.1817e-01   1.3055e+02   1.0422e+01   0.0000e+00   0.0000e+00   2.7000e+02
20191106_18:00:00   6.2553e-01   1.3127e+02   1.0742e+01   0.0000e+00   7.5600e-05   2.7090e+02
20191106_21:00:00   1.0688e+00   1.8364e+02   1.2261e+01   1.3859e-01   4.1400e-07   2.7111e+02
20191107_00:00:00   9.7798e-01   1.7500e+02   1.1329e+01   1.1898e-01   4.1400e-07   2.7285e+02
20191107_03:00:00   8.8018e-01   1.6427e+02   1.0451e+01   1.0300e-01   4.9180e-06   2.7163e+02
20191107_06:00:00   5.0311e-01   1.1272e+02   8.5076e+00   0.0000e+00   0.0000e+00   2.6931e+02
20191107_09:00:00   4.6631e-01   1.0660e+02   7.8261e+00   0.0000e+00   0.0000e+00   2.6759e+02
20191107_12:00:00   3.5085e-01   8.5735e+01   6.0540e+00   0.0000e+00   0.0000e+00   2.6078e+02
20191107_15:00:00   3.4637e-01   8.4923e+01   5.9755e+00   0.0000e+00   0.0000e+00   2.5682e+02
20191107_18:00:00   3.7200e-01   9.0053e+01   6.3307e+00   0.0000e+00   0.0000e+00   2.5500e+02
20191107_21:00:00   3.8765e-01   9.3212e+01   6.6385e+00   0.0000e+00   0.0000e+00   2.5258e+02
20191108_00:00:00   3.3658e-01   8.3455e+01   5.9160e+00   0.0000e+00   0.0000e+00   2.5285e+02
20191108_03:00:00   2.4698e-01   6.5046e+01   4.4083e+00   0.0000e+00   0.0000e+00   2.5205e+02
20191108_06:00:00   1.9713e-01   5.4072e+01   3.5458e+00   0.0000e+00   3.8080e-06   2.4999e+02
20191108_09:00:00   2.0680e-01   5.6239e+01   3.7175e+00   0.0000e+00   6.4120e-05   2.4994e+02
20191108_12:00:00   2.2114e-01   5.9428e+01   3.9935e+00   0.0000e+00   0.0000e+00   2.4962e+02
20191108_15:00:00   2.2773e-01   6.0862e+01   4.1000e+00   0.0000e+00   0.0000e+00   2.4729e+02
20191108_18:00:00   2.0643e-01   5.6133e+01   3.7324e+00   0.0000e+00   3.2460e-04   2.4293e+02
20191108_21:00:00   2.6671e-01   6.9493e+01   4.7954e+00   0.0000e+00   1.3512e-04   2.4067e+02
20191109_00:00:00   2.5920e-01   6.7909e+01   4.6694e+00   0.0000e+00   4.3680e-03   2.4299e+02
20191109_03:00:00   2.2121e-01   5.9491e+01   4.0279e+00   0.0000e+00   1.9900e-03   2.4615e+02
20191109_06:00:00   2.0661e-01   5.5910e+01   3.8895e+00   0.0000e+00   1.2710e-02   2.4900e+02
20191109_09:00:00   2.2066e-01   5.8831e+01   4.2165e+00   0.0000e+00   5.7971e-03   2.4905e+02
20191109_12:00:00   2.3459e-01   6.1758e+01   4.5261e+00   0.0000e+00   1.3173e-03   2.5041e+02
20191109_15:00:00   2.3584e-01   6.2132e+01   4.5219e+00   0.0000e+00   0.0000e+00   2.5120e+02
20191109_18:00:00   2.4100e-01   6.3264e+01   4.6170e+00   0.0000e+00   1.1209e-03   2.5081e+02
20191109_21:00:00   3.1114e-01   7.8177e+01   5.8421e+00   0.0000e+00   8.4135e-04   2.5300e+02
20191110_00:00:00   3.4974e-01   8.5787e+01   6.6074e+00   0.0000e+00   9.1614e-04   2.5547e+02
20191110_03:00:00   3.3069e-01   8.1823e+01   6.3415e+00   0.0000e+00   5.0927e-02   2.5593e+02
20191110_06:00:00   3.7514e-01   8.9927e+01   7.2945e+00   0.0000e+00   1.2950e-01   2.5611e+02
20191110_09:00:00   3.0854e-01   7.7291e+01   5.9626e+00   0.0000e+00   1.5190e-05   2.5926e+02
20191110_12:00:00   3.1023e-01   7.8045e+01   5.8190e+00   0.0000e+00   1.4392e-05   2.5995e+02
20191110_15:00:00   2.9946e-01   7.5836e+01   5.6038e+00   0.0000e+00   3.2425e-05   2.5888e+02
20191110_18:00:00   3.0528e-01   7.6879e+01   5.7635e+00   0.0000e+00   6.2201e-04   2.5709e+02
20191110_21:00:00   3.8130e-01   9.1995e+01   7.0715e+00   0.0000e+00   2.8179e-03   2.5607e+02
20191111_00:00:00   4.0825e-01   9.7151e+01   7.4961e+00   0.0000e+00   3.0240e-03   2.5556e+02
20191111_03:00:00   4.0839e-01   9.7266e+01   7.3994e+00   0.0000e+00   1.1054e-03   2.5621e+02
20191111_06:00:00   4.1858e-01   9.9232e+01   7.5479e+00   0.0000e+00   1.7674e-03   2.5568e+02
20191111_09:00:00   3.6370e-01   8.8857e+01   6.5532e+00   0.0000e+00   3.9606e-03   2.5836e+02
20191111_12:00:00   3.4642e-01   8.5356e+01   6.2289e+00   0.0000e+00   1.9642e-03   2.5713e+02
20191111_15:00:00   2.5076e-01   6.5571e+01   4.5537e+00   0.0000e+00   2.3145e-05   2.5774e+02
20191111_18:00:00   2.7797e-01   7.1162e+01   5.0712e+00   0.0000e+00   1.3731e-03   2.5866e+02
