#            date       tau225        Tb[K]      pwv[mm] lwp[kg*m^-2] iwp[kg*m^-2]       o3[DU]
20191024_12:00:00   3.1668e-01   7.9716e+01   5.9495e+00   0.0000e+00   0.0000e+00   2.8259e+02
20191024_13:00:00   3.2052e-01   8.0388e+01   5.9895e+00   0.0000e+00   0.0000e+00   2.8108e+02
20191024_14:00:00   2.8490e-01   7.3006e+01   5.3674e+00   0.0000e+00   0.0000e+00   2.8157e+02
20191024_15:00:00   2.5685e-01   6.7094e+01   4.8535e+00   0.0000e+00   0.0000e+00   2.8375e+02
20191024_16:00:00   2.3848e-01   6.3162e+01   4.5244e+00   0.0000e+00   0.0000e+00   2.8560e+02
20191024_17:00:00   2.2534e-01   6.0227e+01   4.2911e+00   0.0000e+00   0.0000e+00   2.8535e+02
20191024_18:00:00   2.0740e-01   5.6177e+01   3.9469e+00   0.0000e+00   0.0000e+00   2.8317e+02
20191024_19:00:00   1.9210e-01   5.2636e+01   3.6783e+00   0.0000e+00   0.0000e+00   2.8224e+02
20191024_20:00:00   1.8501e-01   5.0964e+01   3.5282e+00   0.0000e+00   0.0000e+00   2.8179e+02
20191024_21:00:00   1.7525e-01   4.8477e+01   3.3976e+00   0.0000e+00   1.0651e-04   2.8074e+02
20191024_22:00:00   1.5774e-01   4.4334e+01   3.0635e+00   0.0000e+00   2.6436e-04   2.8115e+02
20191024_23:00:00   1.4188e-01   4.0621e+01   2.7285e+00   0.0000e+00   6.0680e-05   2.8151e+02
20191025_00:00:00   1.4186e-01   4.0617e+01   2.7365e+00   0.0000e+00   4.9420e-05   2.8249e+02
20191025_01:00:00   1.4696e-01   4.1821e+01   2.8608e+00   0.0000e+00   4.4720e-06   2.8228e+02
20191025_02:00:00   1.5240e-01   4.3079e+01   3.0054e+00   0.0000e+00   0.0000e+00   2.8163e+02
20191025_03:00:00   1.5681e-01   4.4132e+01   3.1244e+00   0.0000e+00   0.0000e+00   2.8129e+02
20191025_04:00:00   1.6085e-01   4.5186e+01   3.2026e+00   0.0000e+00   0.0000e+00   2.8075e+02
20191025_05:00:00   1.5814e-01   4.4632e+01   3.1344e+00   0.0000e+00   3.5780e-06   2.7997e+02
20191025_06:00:00   1.5620e-01   4.4290e+01   3.0772e+00   0.0000e+00   5.5060e-06   2.8044e+02
20191025_07:00:00   1.6024e-01   4.5299e+01   3.1554e+00   0.0000e+00   3.5780e-06   2.8082e+02
20191025_08:00:00   1.7230e-01   4.8178e+01   3.3940e+00   0.0000e+00   0.0000e+00   2.8103e+02
20191025_09:00:00   1.7757e-01   4.9374e+01   3.5139e+00   0.0000e+00   0.0000e+00   2.8099e+02
20191025_10:00:00   1.8129e-01   5.0219e+01   3.5948e+00   0.0000e+00   0.0000e+00   2.8127e+02
20191025_11:00:00   1.8335e-01   5.0681e+01   3.6472e+00   0.0000e+00   2.2400e-06   2.8137e+02
20191025_12:00:00   1.8452e-01   5.0891e+01   3.6962e+00   0.0000e+00   5.3540e-05   2.8157e+02
20191025_13:00:00   1.8789e-01   5.1632e+01   3.7817e+00   0.0000e+00   1.8496e-04   2.8259e+02
20191025_14:00:00   1.8556e-01   5.1165e+01   3.7110e+00   0.0000e+00   4.0920e-04   2.8275e+02
20191025_15:00:00   1.8498e-01   5.0998e+01   3.7125e+00   0.0000e+00   3.6120e-04   2.8283e+02
20191025_16:00:00   1.8373e-01   5.0704e+01   3.6845e+00   0.0000e+00   2.4700e-04   2.8378e+02
20191025_17:00:00   1.8412e-01   5.0807e+01   3.6879e+00   0.0000e+00   9.9000e-05   2.8415e+02
20191025_18:00:00   1.8608e-01   5.1240e+01   3.7342e+00   0.0000e+00   3.4340e-05   2.8395e+02
20191025_19:00:00   1.8984e-01   5.2087e+01   3.8156e+00   0.0000e+00   2.8020e-05   2.8303e+02
20191025_20:00:00   1.9278e-01   5.2802e+01   3.8667e+00   0.0000e+00   2.4420e-05   2.8268e+02
20191025_21:00:00   1.9582e-01   5.3567e+01   3.9120e+00   0.0000e+00   1.4888e-05   2.8283e+02
20191025_22:00:00   1.9853e-01   5.4277e+01   3.9403e+00   0.0000e+00   1.4668e-05   2.8246e+02
20191025_23:00:00   1.9710e-01   5.4044e+01   3.8900e+00   0.0000e+00   0.0000e+00   2.8155e+02
20191026_00:00:00   1.9421e-01   5.3459e+01   3.8232e+00   0.0000e+00   0.0000e+00   2.8071e+02
20191026_01:00:00   1.8976e-01   5.2489e+01   3.7296e+00   0.0000e+00   0.0000e+00   2.7954e+02
20191026_02:00:00   1.8388e-01   5.1171e+01   3.6022e+00   0.0000e+00   0.0000e+00   2.7942e+02
20191026_03:00:00   1.8263e-01   5.0895e+01   3.5700e+00   0.0000e+00   0.0000e+00   2.7990e+02
20191026_04:00:00   1.8276e-01   5.0942e+01   3.5737e+00   0.0000e+00   0.0000e+00   2.8064e+02
20191026_05:00:00   1.8459e-01   5.1345e+01   3.6210e+00   0.0000e+00   0.0000e+00   2.8047e+02
20191026_06:00:00   1.8602e-01   5.1625e+01   3.6640e+00   0.0000e+00   0.0000e+00   2.8093e+02
20191026_07:00:00   1.8817e-01   5.2084e+01   3.7157e+00   0.0000e+00   0.0000e+00   2.8084e+02
20191026_08:00:00   1.9077e-01   5.2666e+01   3.7691e+00   0.0000e+00   0.0000e+00   2.8029e+02
20191026_09:00:00   1.9271e-01   5.3122e+01   3.8103e+00   0.0000e+00   0.0000e+00   2.7968e+02
20191026_10:00:00   1.9343e-01   5.3271e+01   3.8308e+00   0.0000e+00   0.0000e+00   2.8039e+02
20191026_11:00:00   1.9586e-01   5.3763e+01   3.8965e+00   0.0000e+00   0.0000e+00   2.8084e+02
20191026_12:00:00   1.9959e-01   5.4607e+01   3.9734e+00   0.0000e+00   0.0000e+00   2.8088e+02
20191026_13:00:00   2.0280e-01   5.5327e+01   4.0413e+00   0.0000e+00   0.0000e+00   2.8070e+02
20191026_14:00:00   2.0193e-01   5.5135e+01   4.0186e+00   0.0000e+00   0.0000e+00   2.8058e+02
20191026_15:00:00   1.9761e-01   5.4183e+01   3.9201e+00   0.0000e+00   0.0000e+00   2.8011e+02
20191026_16:00:00   1.9554e-01   5.3741e+01   3.8628e+00   0.0000e+00   0.0000e+00   2.7906e+02
20191026_17:00:00   1.9363e-01   5.3324e+01   3.8123e+00   0.0000e+00   0.0000e+00   2.7922e+02
20191026_18:00:00   1.9523e-01   5.3644e+01   3.8494e+00   0.0000e+00   0.0000e+00   2.8005e+02
20191026_19:00:00   2.0069e-01   5.4849e+01   3.9561e+00   0.0000e+00   0.0000e+00   2.8104e+02
20191026_20:00:00   2.0706e-01   5.6297e+01   4.0617e+00   0.0000e+00   0.0000e+00   2.8124e+02
20191026_21:00:00   2.1575e-01   5.8279e+01   4.2336e+00   0.0000e+00   0.0000e+00   2.8115e+02
20191026_22:00:00   2.2240e-01   5.9812e+01   4.3604e+00   0.0000e+00   0.0000e+00   2.8194e+02
20191026_23:00:00   2.2637e-01   6.0732e+01   4.4194e+00   0.0000e+00   0.0000e+00   2.8202e+02
20191027_00:00:00   2.2758e-01   6.1026e+01   4.4281e+00   0.0000e+00   0.0000e+00   2.8139e+02
20191027_01:00:00   2.2777e-01   6.1094e+01   4.4234e+00   0.0000e+00   0.0000e+00   2.8056e+02
20191027_02:00:00   2.2674e-01   6.0919e+01   4.3910e+00   0.0000e+00   0.0000e+00   2.7994e+02
20191027_03:00:00   2.2444e-01   6.0443e+01   4.3282e+00   0.0000e+00   0.0000e+00   2.8016e+02
20191027_04:00:00   2.1935e-01   5.9338e+01   4.2323e+00   0.0000e+00   0.0000e+00   2.7962e+02
20191027_05:00:00   2.1453e-01   5.8256e+01   4.1248e+00   0.0000e+00   0.0000e+00   2.7865e+02
20191027_06:00:00   2.1232e-01   5.7726e+01   4.0654e+00   0.0000e+00   0.0000e+00   2.7844e+02
20191027_07:00:00   2.1692e-01   5.8776e+01   4.1467e+00   0.0000e+00   0.0000e+00   2.7724e+02
20191027_08:00:00   2.1933e-01   5.9323e+01   4.1804e+00   0.0000e+00   0.0000e+00   2.7664e+02
20191027_09:00:00   2.1906e-01   5.9271e+01   4.1632e+00   0.0000e+00   0.0000e+00   2.7584e+02
20191027_10:00:00   2.1271e-01   5.7823e+01   4.0467e+00   0.0000e+00   0.0000e+00   2.7540e+02
20191027_11:00:00   2.0715e-01   5.6501e+01   3.9518e+00   0.0000e+00   0.0000e+00   2.7526e+02
20191027_12:00:00   2.0525e-01   5.6029e+01   3.9134e+00   0.0000e+00   0.0000e+00   2.7547e+02
20191027_13:00:00   2.0108e-01   5.5093e+01   3.8199e+00   0.0000e+00   0.0000e+00   2.7549e+02
20191027_14:00:00   1.9640e-01   5.4066e+01   3.6960e+00   0.0000e+00   0.0000e+00   2.7526e+02
20191027_15:00:00   1.9740e-01   5.4281e+01   3.7069e+00   0.0000e+00   0.0000e+00   2.7567e+02
20191027_16:00:00   2.0336e-01   5.5613e+01   3.8293e+00   0.0000e+00   0.0000e+00   2.7552e+02
20191027_17:00:00   2.1373e-01   5.7867e+01   4.0546e+00   0.0000e+00   0.0000e+00   2.7459e+02
20191027_18:00:00   2.3168e-01   6.1672e+01   4.4432e+00   0.0000e+00   0.0000e+00   2.7362e+02
20191027_19:00:00   2.3547e-01   6.2428e+01   4.5319e+00   0.0000e+00   0.0000e+00   2.7283e+02
20191027_20:00:00   2.4216e-01   6.3898e+01   4.6397e+00   0.0000e+00   0.0000e+00   2.7289e+02
20191027_21:00:00   2.5289e-01   6.6242e+01   4.8106e+00   0.0000e+00   0.0000e+00   2.7382e+02
20191027_22:00:00   2.6864e-01   6.9605e+01   5.0766e+00   0.0000e+00   0.0000e+00   2.7313e+02
20191027_23:00:00   2.8828e-01   7.3726e+01   5.4066e+00   0.0000e+00   0.0000e+00   2.7254e+02
20191028_00:00:00   2.9710e-01   7.5558e+01   5.5256e+00   0.0000e+00   0.0000e+00   2.7242e+02
20191028_01:00:00   2.8015e-01   7.1871e+01   5.2642e+00   0.0000e+00   0.0000e+00   2.7138e+02
20191028_02:00:00   2.2899e-01   6.0714e+01   4.3890e+00   0.0000e+00   0.0000e+00   2.7164e+02
20191028_03:00:00   2.3624e-01   6.2198e+01   4.5476e+00   0.0000e+00   1.8602e-03   2.7141e+02
20191028_04:00:00   2.5987e-01   6.7232e+01   4.9732e+00   0.0000e+00   4.2905e-03   2.7113e+02
20191028_05:00:00   2.7912e-01   7.1211e+01   5.3064e+00   0.0000e+00   3.5530e-03   2.7115e+02
20191028_06:00:00   3.0492e-01   7.6382e+01   5.7595e+00   0.0000e+00   2.9449e-03   2.7215e+02
20191028_07:00:00   3.3181e-01   8.1643e+01   6.1386e+00   0.0000e+00   4.3321e-04   2.7358e+02
20191028_08:00:00   3.2995e-01   8.1439e+01   6.0072e+00   0.0000e+00   1.8770e-03   2.7369e+02
20191028_09:00:00   3.0445e-01   7.6477e+01   5.5667e+00   0.0000e+00   1.3292e-03   2.7221e+02
20191028_10:00:00   2.9474e-01   7.4637e+01   5.2889e+00   0.0000e+00   1.1284e-03   2.7264e+02
20191028_11:00:00   2.8686e-01   7.3055e+01   5.0405e+00   0.0000e+00   1.9036e-03   2.7439e+02
20191028_12:00:00   2.2403e-01   5.9675e+01   3.8966e+00   0.0000e+00   2.0450e-03   2.7554e+02
20191028_13:00:00   1.5571e-01   4.4128e+01   2.6536e+00   0.0000e+00   1.1155e-03   2.7622e+02
20191028_14:00:00   1.2674e-01   3.7156e+01   2.1227e+00   0.0000e+00   1.0542e-03   2.7728e+02
20191028_15:00:00   1.1292e-01   3.3710e+01   1.8831e+00   0.0000e+00   1.1473e-03   2.7826e+02
20191028_16:00:00   9.9911e-02   3.0448e+01   1.6515e+00   0.0000e+00   7.7616e-04   2.7868e+02
20191028_17:00:00   9.7249e-02   2.9792e+01   1.5965e+00   0.0000e+00   2.8797e-04   2.7897e+02
20191028_18:00:00   9.8027e-02   3.0024e+01   1.6042e+00   0.0000e+00   0.0000e+00   2.7901e+02
20191028_19:00:00   1.0899e-01   3.2806e+01   1.8137e+00   0.0000e+00   0.0000e+00   2.7926e+02
20191028_20:00:00   1.1969e-01   3.5472e+01   2.0192e+00   0.0000e+00   0.0000e+00   2.7960e+02
20191028_21:00:00   1.2186e-01   3.6020e+01   2.0712e+00   0.0000e+00   0.0000e+00   2.7872e+02
20191028_22:00:00   1.2095e-01   3.5799e+01   2.0644e+00   0.0000e+00   0.0000e+00   2.7996e+02
20191028_23:00:00   1.1830e-01   3.5153e+01   2.0218e+00   0.0000e+00   0.0000e+00   2.8065e+02
20191029_00:00:00   1.1476e-01   3.4269e+01   1.9601e+00   0.0000e+00   0.0000e+00   2.8089e+02
20191029_01:00:00   1.0644e-01   3.2188e+01   1.8123e+00   0.0000e+00   0.0000e+00   2.8073e+02
20191029_02:00:00   9.7588e-02   2.9951e+01   1.6514e+00   0.0000e+00   0.0000e+00   2.8031e+02
20191029_03:00:00   9.3161e-02   2.8814e+01   1.5726e+00   0.0000e+00   0.0000e+00   2.7957e+02
20191029_04:00:00   9.6466e-02   2.9630e+01   1.6430e+00   0.0000e+00   0.0000e+00   2.7906e+02
20191029_05:00:00   1.0387e-01   3.1463e+01   1.7946e+00   0.0000e+00   0.0000e+00   2.7917e+02
20191029_06:00:00   1.1024e-01   3.2956e+01   1.9443e+00   0.0000e+00   0.0000e+00   2.7898e+02
20191029_07:00:00   1.0956e-01   3.2730e+01   1.9517e+00   0.0000e+00   0.0000e+00   2.7914e+02
20191029_08:00:00   1.0642e-01   3.2015e+01   1.8826e+00   0.0000e+00   0.0000e+00   2.7981e+02
20191029_09:00:00   1.0562e-01   3.1903e+01   1.8524e+00   0.0000e+00   0.0000e+00   2.8151e+02
20191029_10:00:00   1.0982e-01   3.2959e+01   1.9420e+00   0.0000e+00   0.0000e+00   2.8374e+02
20191029_11:00:00   1.1578e-01   3.4393e+01   2.0800e+00   0.0000e+00   0.0000e+00   2.8567e+02
20191029_12:00:00   1.2118e-01   3.5678e+01   2.2077e+00   0.0000e+00   0.0000e+00   2.8669e+02
20191029_15:00:00   1.2538e-01   3.6768e+01   2.2927e+00   0.0000e+00   0.0000e+00   2.8394e+02
20191029_18:00:00   1.3192e-01   3.8413e+01   2.4187e+00   0.0000e+00   0.0000e+00   2.8150e+02
20191029_21:00:00   1.5498e-01   4.4040e+01   2.8561e+00   0.0000e+00   0.0000e+00   2.8190e+02
20191030_00:00:00   1.5915e-01   4.5109e+01   2.9338e+00   0.0000e+00   0.0000e+00   2.7988e+02
20191030_03:00:00   1.4878e-01   4.2691e+01   2.7414e+00   0.0000e+00   0.0000e+00   2.7801e+02
20191030_06:00:00   1.4711e-01   4.2278e+01   2.7036e+00   0.0000e+00   0.0000e+00   2.8069e+02
20191030_09:00:00   1.5072e-01   4.3041e+01   2.7892e+00   0.0000e+00   4.4040e-05   2.8127e+02
20191030_12:00:00   1.5731e-01   4.4368e+01   2.9828e+00   0.0000e+00   1.3779e-03   2.7913e+02
20191030_15:00:00   1.6467e-01   4.5810e+01   3.2034e+00   0.0000e+00   3.9220e-03   2.7648e+02
20191030_18:00:00   1.7516e-01   4.8306e+01   3.4003e+00   0.0000e+00   6.5956e-03   2.7523e+02
20191030_21:00:00   2.1594e-01   5.7635e+01   4.1804e+00   0.0000e+00   5.5227e-03   2.7506e+02
20191031_00:00:00   2.5721e-01   6.6841e+01   4.9242e+00   0.0000e+00   1.6398e-03   2.7535e+02
20191031_03:00:00   2.7709e-01   7.0783e+01   5.3767e+00   0.0000e+00   5.5416e-03   2.7380e+02
20191031_06:00:00   2.9086e-01   7.3592e+01   5.6454e+00   0.0000e+00   8.8562e-04   2.7258e+02
20191031_09:00:00   2.5574e-01   6.6460e+01   4.8673e+00   0.0000e+00   0.0000e+00   2.7764e+02
20191031_12:00:00   2.4273e-01   6.3414e+01   4.6587e+00   0.0000e+00   0.0000e+00   2.8128e+02
20191031_15:00:00   2.7964e-01   7.0735e+01   5.5013e+00   0.0000e+00   0.0000e+00   2.8155e+02
20191031_18:00:00   2.7650e-01   7.0394e+01   5.3317e+00   0.0000e+00   0.0000e+00   2.8043e+02
20191031_21:00:00   3.5302e-01   8.5758e+01   6.7827e+00   0.0000e+00   0.0000e+00   2.7971e+02
20191101_00:00:00   3.7132e-01   8.9296e+01   7.0746e+00   0.0000e+00   0.0000e+00   2.7896e+02
20191101_03:00:00   3.5787e-01   8.7132e+01   6.6797e+00   0.0000e+00   0.0000e+00   2.8107e+02
20191101_06:00:00   3.3720e-01   8.3524e+01   6.0672e+00   0.0000e+00   0.0000e+00   2.8168e+02
20191101_09:00:00   2.9410e-01   7.4884e+01   5.2455e+00   0.0000e+00   0.0000e+00   2.8145e+02
20191101_12:00:00   2.6357e-01   6.8530e+01   4.6546e+00   0.0000e+00   0.0000e+00   2.7920e+02
20191101_15:00:00   2.6146e-01   6.8058e+01   4.5934e+00   0.0000e+00   0.0000e+00   2.7750e+02
20191101_18:00:00   2.6033e-01   6.7791e+01   4.5859e+00   0.0000e+00   0.0000e+00   2.8047e+02
20191101_21:00:00   3.0936e-01   7.7797e+01   5.5883e+00   0.0000e+00   0.0000e+00   2.7919e+02
20191102_00:00:00   3.2063e-01   8.0076e+01   5.8169e+00   0.0000e+00   0.0000e+00   2.7567e+02
20191102_03:00:00   2.9546e-01   7.4976e+01   5.3391e+00   0.0000e+00   0.0000e+00   2.7691e+02
20191102_06:00:00   2.5806e-01   6.7313e+01   4.6328e+00   0.0000e+00   0.0000e+00   2.7381e+02
20191102_09:00:00   2.6953e-01   6.9557e+01   4.9019e+00   0.0000e+00   0.0000e+00   2.7207e+02
20191102_12:00:00   2.8548e-01   7.2764e+01   5.2096e+00   0.0000e+00   7.9750e-06   2.7261e+02
20191102_15:00:00   2.9827e-01   7.5326e+01   5.4321e+00   0.0000e+00   2.2352e-05   2.7036e+02
20191102_18:00:00   3.0917e-01   7.7570e+01   5.6350e+00   0.0000e+00   2.7332e-04   2.7217e+02
20191102_21:00:00   3.6288e-01   8.8117e+01   6.6676e+00   0.0000e+00   7.4076e-03   2.6944e+02
20191103_00:00:00   3.8636e-01   9.2421e+01   7.1701e+00   0.0000e+00   3.0956e-02   2.6934e+02
20191103_03:00:00   3.6844e-01   8.8862e+01   6.9071e+00   0.0000e+00   1.3756e-02   2.6859e+02
20191103_06:00:00   3.5923e-01   8.6774e+01   6.9057e+00   0.0000e+00   1.3405e-02   2.6663e+02
20191103_09:00:00   4.2608e-01   9.8301e+01   8.4224e+00   0.0000e+00   2.9944e-02   2.6770e+02
20191103_12:00:00   3.9834e-01   9.3709e+01   7.6569e+00   0.0000e+00   2.8366e-03   2.6730e+02
20191103_15:00:00   3.6528e-01   8.7699e+01   6.9495e+00   0.0000e+00   2.4479e-03   2.6594e+02
20191103_18:00:00   3.4852e-01   8.4583e+01   6.5944e+00   0.0000e+00   0.0000e+00   2.6752e+02
20191103_21:00:00   3.0208e-01   7.5964e+01   5.5783e+00   0.0000e+00   0.0000e+00   2.6720e+02
20191104_00:00:00   2.4736e-01   6.4707e+01   4.5110e+00   0.0000e+00   0.0000e+00   2.7127e+02
20191104_03:00:00   2.0678e-01   5.5795e+01   3.7490e+00   0.0000e+00   0.0000e+00   2.7145e+02
20191104_06:00:00   2.1737e-01   5.8019e+01   3.9303e+00   0.0000e+00   0.0000e+00   2.7101e+02
20191104_09:00:00   2.3344e-01   6.1334e+01   4.2229e+00   0.0000e+00   6.9580e-05   2.7178e+02
20191104_12:00:00   2.5197e-01   6.5147e+01   4.5440e+00   0.0000e+00   5.8952e-04   2.7154e+02
20191104_15:00:00   2.8382e-01   7.1680e+01   5.0368e+00   0.0000e+00   0.0000e+00   2.7100e+02
20191104_18:00:00   2.8489e-01   7.1958e+01   5.0027e+00   0.0000e+00   0.0000e+00   2.6754e+02
20191104_21:00:00   3.3483e-01   8.2011e+01   5.8713e+00   0.0000e+00   0.0000e+00   2.7099e+02
20191105_00:00:00   3.3101e-01   8.1516e+01   5.7710e+00   0.0000e+00   0.0000e+00   2.7633e+02
20191105_03:00:00   2.8180e-01   7.1741e+01   4.8989e+00   0.0000e+00   0.0000e+00   2.7534e+02
20191105_06:00:00   2.6311e-01   6.7794e+01   4.6356e+00   0.0000e+00   0.0000e+00   2.6538e+02
20191105_09:00:00   2.7657e-01   7.0418e+01   4.9232e+00   0.0000e+00   0.0000e+00   2.6375e+02
20191105_12:00:00   2.4935e-01   6.4377e+01   4.6024e+00   0.0000e+00   1.5093e-03   2.6368e+02
20191105_15:00:00   2.4311e-01   6.2287e+01   4.7551e+00   0.0000e+00   7.7626e-03   2.6332e+02
20191105_18:00:00   2.9779e-01   7.3613e+01   5.7685e+00   0.0000e+00   1.5009e-03   2.6371e+02
20191105_21:00:00   3.5786e-01   8.5935e+01   6.7858e+00   0.0000e+00   0.0000e+00   2.6529e+02
20191106_00:00:00   3.8784e-01   9.1338e+01   7.4273e+00   0.0000e+00   0.0000e+00   2.6789e+02
20191106_03:00:00   3.4043e-01   8.3038e+01   6.3032e+00   0.0000e+00   0.0000e+00   2.6966e+02
20191106_06:00:00   3.0222e-01   7.5712e+01   5.5209e+00   0.0000e+00   0.0000e+00   2.6981e+02
20191106_09:00:00   2.9200e-01   7.3669e+01   5.3154e+00   0.0000e+00   0.0000e+00   2.6899e+02
20191106_12:00:00   2.5804e-01   6.6520e+01   4.7735e+00   0.0000e+00   0.0000e+00   2.7106e+02
20191106_15:00:00   2.5081e-01   6.4914e+01   4.6820e+00   0.0000e+00   0.0000e+00   2.6885e+02
20191106_18:00:00   2.4543e-01   6.3866e+01   4.5964e+00   0.0000e+00   1.9044e-05   2.6519e+02
20191106_21:00:00   2.8251e-01   7.1989e+01   5.2114e+00   0.0000e+00   1.4308e-03   2.6576e+02
20191107_00:00:00   2.6065e-01   6.7648e+01   4.7556e+00   0.0000e+00   0.0000e+00   2.7223e+02
20191107_03:00:00   2.4360e-01   6.3846e+01   4.5123e+00   0.0000e+00   1.2240e-04   2.7360e+02
20191107_06:00:00   2.5818e-01   6.6728e+01   4.8798e+00   0.0000e+00   1.4838e-05   2.6999e+02
20191107_09:00:00   2.1779e-01   5.8142e+01   4.0381e+00   0.0000e+00   8.1580e-06   2.6834e+02
20191107_12:00:00   2.2298e-01   5.9372e+01   4.0819e+00   0.0000e+00   1.6039e-03   2.7019e+02
20191107_15:00:00   2.4926e-01   6.4552e+01   4.7709e+00   0.0000e+00   4.0300e-03   2.6828e+02
20191107_18:00:00   2.9406e-01   7.3125e+01   5.9200e+00   0.0000e+00   1.2246e-02   2.6513e+02
20191107_21:00:00   3.7108e-01   8.8377e+01   7.4321e+00   0.0000e+00   6.9246e-02   2.6385e+02
20191108_00:00:00   4.0271e-01   9.4339e+01   8.1221e+00   0.0000e+00   3.5455e-02   2.6573e+02
20191108_03:00:00   3.9028e-01   9.1909e+01   7.9673e+00   0.0000e+00   8.0770e-02   2.6431e+02
20191108_06:00:00   3.7911e-01   8.9825e+01   7.7775e+00   0.0000e+00   1.2425e-02   2.6277e+02
20191108_09:00:00   3.2956e-01   8.0317e+01   6.7426e+00   0.0000e+00   1.0879e-01   2.5881e+02
20191108_12:00:00   2.9863e-01   7.4037e+01   6.1968e+00   0.0000e+00   4.2532e-02   2.5802e+02
20191108_15:00:00   4.6572e-01   1.0514e+02   9.4430e+00   0.0000e+00   1.7422e-02   2.6077e+02
20191108_18:00:00   9.9281e-01   1.7521e+02   1.7032e+01   2.9012e-02   7.4596e-02   2.6436e+02
20191108_21:00:00   3.2167e+00   2.6572e+02   1.8910e+01   8.9121e-01   2.4492e-01   2.7667e+02
20191109_00:00:00   2.4392e+00   2.5420e+02   1.2210e+01   6.7990e-01   1.4065e-05   2.8242e+02
20191109_03:00:00   3.4931e-01   8.4345e+01   5.8236e+00   2.0710e-03   0.0000e+00   2.7245e+02
20191109_06:00:00   3.2545e-01   7.9744e+01   5.4286e+00   2.2698e-03   0.0000e+00   2.6882e+02
20191109_09:00:00   2.8200e-01   7.1028e+01   4.9951e+00   0.0000e+00   0.0000e+00   2.6336e+02
20191109_12:00:00   2.6013e-01   6.6544e+01   4.7778e+00   0.0000e+00   6.2241e-03   2.6811e+02
