#            date       tau225        Tb[K]      pwv[mm] lwp[kg*m^-2] iwp[kg*m^-2]       o3[DU]
20191122_18:00:00   3.2587e-01   7.8321e+01   6.0209e+00   0.0000e+00   6.1740e-05   2.7330e+02
20191122_19:00:00   3.2538e-01   7.8337e+01   5.9667e+00   0.0000e+00   7.2721e-05   2.7300e+02
20191122_20:00:00   3.2315e-01   7.7944e+01   5.9505e+00   0.0000e+00   2.5517e-05   2.7153e+02
20191122_21:00:00   3.4223e-01   8.1682e+01   6.2768e+00   0.0000e+00   7.2462e-05   2.7183e+02
20191122_22:00:00   3.5393e-01   8.3900e+01   6.5384e+00   0.0000e+00   0.0000e+00   2.7042e+02
20191122_23:00:00   3.4039e-01   8.1343e+01   6.3719e+00   0.0000e+00   8.1580e-06   2.6918e+02
20191123_00:00:00   3.5373e-01   8.3819e+01   6.6570e+00   0.0000e+00   4.5800e-06   2.6845e+02
20191123_01:00:00   3.5245e-01   8.3509e+01   6.7069e+00   0.0000e+00   6.6240e-06   2.6701e+02
20191123_02:00:00   3.5691e-01   8.4226e+01   6.8767e+00   0.0000e+00   7.4520e-06   2.6567e+02
20191123_03:00:00   3.4817e-01   8.2582e+01   6.8000e+00   0.0000e+00   7.0540e-07   2.6442e+02
20191123_04:00:00   3.5280e-01   8.3462e+01   6.9411e+00   0.0000e+00   7.3300e-06   2.6302e+02
20191123_05:00:00   3.5424e-01   8.3871e+01   6.9448e+00   0.0000e+00   3.5780e-06   2.6343e+02
20191123_06:00:00   3.7071e-01   8.6973e+01   7.2514e+00   0.0000e+00   0.0000e+00   2.6434e+02
20191123_07:00:00   3.8329e-01   8.9286e+01   7.4992e+00   0.0000e+00   0.0000e+00   2.6378e+02
20191123_08:00:00   3.8716e-01   8.9989e+01   7.5729e+00   0.0000e+00   2.7614e-05   2.6242e+02
20191123_09:00:00   3.8241e-01   8.9168e+01   7.4930e+00   0.0000e+00   1.0228e-04   2.6096e+02
20191123_10:00:00   3.7394e-01   8.7689e+01   7.3312e+00   0.0000e+00   1.9092e-03   2.6009e+02
20191123_11:00:00   3.7161e-01   8.7236e+01   7.3324e+00   0.0000e+00   3.7427e-03   2.5979e+02
20191123_12:00:00   3.6460e-01   8.5895e+01   7.2470e+00   0.0000e+00   3.2884e-03   2.5947e+02
20191123_13:00:00   3.4533e-01   8.2335e+01   6.8817e+00   0.0000e+00   2.7613e-03   2.6010e+02
20191123_14:00:00   3.2462e-01   7.8406e+01   6.4843e+00   0.0000e+00   3.7623e-03   2.6055e+02
20191123_15:00:00   3.1265e-01   7.5929e+01   6.3184e+00   0.0000e+00   4.3863e-03   2.6081e+02
20191123_16:00:00   3.0738e-01   7.4807e+01   6.2674e+00   0.0000e+00   3.4075e-03   2.6287e+02
20191123_17:00:00   3.0110e-01   7.3575e+01   6.1465e+00   0.0000e+00   6.0224e-04   2.6455e+02
20191123_18:00:00   3.0026e-01   7.3421e+01   6.1274e+00   0.0000e+00   1.7738e-03   2.6590e+02
20191123_19:00:00   2.9220e-01   7.1754e+01   5.9831e+00   0.0000e+00   1.1955e-02   2.6546e+02
20191123_20:00:00   3.0865e-01   7.4911e+01   6.3100e+00   0.0000e+00   4.4492e-02   2.6656e+02
20191123_21:00:00   3.3440e-01   8.0034e+01   6.7869e+00   0.0000e+00   1.5918e-02   2.6611e+02
20191123_22:00:00   3.1335e-01   7.6265e+01   6.2968e+00   0.0000e+00   1.7290e-02   2.6514e+02
20191123_23:00:00   2.9784e-01   7.3291e+01   5.9586e+00   0.0000e+00   2.3023e-02   2.6563e+02
20191124_00:00:00   2.8832e-01   7.1210e+01   5.8333e+00   0.0000e+00   2.6433e-02   2.6611e+02
20191124_01:00:00   2.5910e-01   6.5280e+01   5.2573e+00   0.0000e+00   1.5908e-02   2.6617e+02
20191124_02:00:00   2.3901e-01   6.1065e+01   4.8482e+00   0.0000e+00   1.8776e-02   2.6701e+02
20191124_03:00:00   2.5420e-01   6.4042e+01   5.1922e+00   0.0000e+00   2.9139e-02   2.6855e+02
20191124_04:00:00   2.5297e-01   6.3800e+01   5.1359e+00   0.0000e+00   6.1541e-02   2.6873e+02
20191124_05:00:00   2.2902e-01   5.8829e+01   4.6499e+00   0.0000e+00   3.6498e-02   2.6932e+02
20191124_06:00:00   2.3634e-01   6.0319e+01   4.8068e+00   0.0000e+00   1.7806e-02   2.6904e+02
20191124_07:00:00   2.4270e-01   6.1557e+01   4.9628e+00   0.0000e+00   1.1446e-02   2.6856e+02
20191124_08:00:00   2.3184e-01   5.9385e+01   4.7134e+00   0.0000e+00   2.0048e-03   2.6900e+02
20191124_09:00:00   2.2289e-01   5.7662e+01   4.4825e+00   0.0000e+00   1.1032e-03   2.7002e+02
20191124_10:00:00   2.3369e-01   5.9942e+01   4.6831e+00   0.0000e+00   1.2340e-03   2.6963e+02
20191124_11:00:00   2.2505e-01   5.8300e+01   4.4546e+00   0.0000e+00   4.1054e-04   2.7051e+02
20191124_12:00:00   2.1899e-01   5.7115e+01   4.2939e+00   0.0000e+00   1.0861e-04   2.7128e+02
20191124_13:00:00   2.0416e-01   5.3998e+01   3.9786e+00   0.0000e+00   1.0334e-04   2.7067e+02
20191124_14:00:00   2.0296e-01   5.3712e+01   3.9596e+00   0.0000e+00   3.1056e-06   2.7015e+02
20191124_15:00:00   1.9190e-01   5.1297e+01   3.7415e+00   0.0000e+00   0.0000e+00   2.6926e+02
20191124_16:00:00   1.9102e-01   5.1207e+01   3.7118e+00   0.0000e+00   0.0000e+00   2.6776e+02
20191124_17:00:00   2.0414e-01   5.4142e+01   3.9714e+00   0.0000e+00   0.0000e+00   2.6489e+02
20191124_18:00:00   2.1313e-01   5.6095e+01   4.1689e+00   0.0000e+00   0.0000e+00   2.6487e+02
20191124_19:00:00   2.2148e-01   5.7830e+01   4.3652e+00   0.0000e+00   0.0000e+00   2.6480e+02
20191124_20:00:00   2.2717e-01   5.9240e+01   4.4241e+00   0.0000e+00   0.0000e+00   2.6349e+02
20191124_21:00:00   2.2810e-01   5.9597e+01   4.3887e+00   0.0000e+00   4.1400e-06   2.6297e+02
20191124_22:00:00   2.3601e-01   6.1352e+01   4.5191e+00   0.0000e+00   9.3159e-04   2.6283e+02
20191124_23:00:00   2.3820e-01   6.1818e+01   4.5449e+00   0.0000e+00   1.7200e-02   2.6158e+02
20191125_00:00:00   2.2746e-01   5.9456e+01   4.3710e+00   0.0000e+00   2.7708e-02   2.6095e+02
20191125_01:00:00   2.2390e-01   5.8654e+01   4.3121e+00   0.0000e+00   6.2409e-02   2.6043e+02
20191125_02:00:00   2.3633e-01   6.1215e+01   4.6009e+00   0.0000e+00   5.3970e-02   2.5830e+02
20191125_03:00:00   2.3870e-01   6.1635e+01   4.7039e+00   0.0000e+00   3.9099e-02   2.5695e+02
20191125_04:00:00   2.4133e-01   6.2110e+01   4.7701e+00   0.0000e+00   5.3382e-02   2.5650e+02
20191125_05:00:00   2.4187e-01   6.2129e+01   4.8241e+00   0.0000e+00   4.3642e-02   2.5741e+02
20191125_06:00:00   2.6316e-01   6.6451e+01   5.2915e+00   0.0000e+00   3.0203e-02   2.5759e+02
20191125_07:00:00   2.8773e-01   7.1410e+01   5.8162e+00   0.0000e+00   2.8495e-02   2.5828e+02
20191125_08:00:00   3.1121e-01   7.6136e+01   6.2411e+00   0.0000e+00   1.0755e-01   2.5942e+02
20191125_09:00:00   3.4960e-01   8.3546e+01   7.0006e+00   0.0000e+00   8.9521e-02   2.6025e+02
20191125_10:00:00   3.6288e-01   8.6050e+01   7.2418e+00   0.0000e+00   4.0053e-02   2.6125e+02
20191125_11:00:00   3.7031e-01   8.7370e+01   7.4061e+00   0.0000e+00   2.8854e-02   2.6077e+02
20191125_12:00:00   3.7263e-01   8.7739e+01   7.4323e+00   0.0000e+00   3.2392e-02   2.6045e+02
20191125_13:00:00   3.6843e-01   8.6919e+01   7.3612e+00   0.0000e+00   3.1839e-02   2.6066e+02
20191125_14:00:00   3.7217e-01   8.7564e+01   7.4130e+00   0.0000e+00   1.8637e-02   2.6052e+02
20191125_15:00:00   3.8025e-01   8.9053e+01   7.5463e+00   0.0000e+00   9.0329e-03   2.6092e+02
20191125_16:00:00   4.2364e-01   9.6992e+01   8.2755e+00   0.0000e+00   3.8306e-02   2.6286e+02
20191125_17:00:00   4.5070e-01   1.0213e+02   8.6139e+00   0.0000e+00   8.2036e-02   2.6330e+02
20191125_18:00:00   4.6177e-01   1.0384e+02   8.8198e+00   0.0000e+00   6.4315e-02   2.6393e+02
20191125_19:00:00   4.3547e-01   9.9285e+01   8.3362e+00   0.0000e+00   9.0388e-02   2.6584e+02
20191125_20:00:00   4.1352e-01   9.5316e+01   7.9422e+00   0.0000e+00   1.2873e-01   2.6570e+02
20191125_21:00:00   3.1778e-01   7.7654e+01   6.1182e+00   0.0000e+00   2.9596e-02   2.6744e+02
20191125_22:00:00   2.9756e-01   7.3955e+01   5.6246e+00   0.0000e+00   1.7108e-02   2.6953e+02
20191125_23:00:00   2.7592e-01   6.9864e+01   5.1049e+00   0.0000e+00   2.4398e-02   2.7169e+02
20191126_00:00:00   2.6077e-01   6.6874e+01   4.8014e+00   0.0000e+00   7.1600e-03   2.7427e+02
20191126_01:00:00   2.3828e-01   6.2151e+01   4.3717e+00   0.0000e+00   3.2090e-03   2.7405e+02
20191126_02:00:00   2.3673e-01   6.1869e+01   4.3085e+00   0.0000e+00   1.1500e-03   2.7601e+02
20191126_03:00:00   2.5687e-01   6.6188e+01   4.6092e+00   0.0000e+00   8.2248e-05   2.7703e+02
20191126_04:00:00   2.5384e-01   6.5576e+01   4.5463e+00   0.0000e+00   6.3661e-04   2.7433e+02
20191126_05:00:00   2.4216e-01   6.3050e+01   4.3195e+00   0.0000e+00   3.4158e-03   2.7407e+02
20191126_06:00:00   2.3396e-01   6.1262e+01   4.1334e+00   0.0000e+00   2.7919e-03   2.7482e+02
20191126_07:00:00   2.4483e-01   6.3533e+01   4.2855e+00   0.0000e+00   8.4386e-04   2.7456e+02
20191126_08:00:00   2.4979e-01   6.4484e+01   4.3801e+00   0.0000e+00   1.3354e-04   2.7334e+02
20191126_09:00:00   2.4855e-01   6.4242e+01   4.3421e+00   3.0560e-04   1.0352e-06   2.7532e+02
20191126_10:00:00   2.5567e-01   6.5697e+01   4.4891e+00   0.0000e+00   0.0000e+00   2.7468e+02
20191126_11:00:00   2.6321e-01   6.7178e+01   4.6421e+00   1.7690e-05   0.0000e+00   2.7430e+02
20191126_12:00:00   2.5740e-01   6.5946e+01   4.5488e+00   6.7800e-05   0.0000e+00   2.7419e+02
20191126_13:00:00   2.5046e-01   6.4460e+01   4.4772e+00   6.3300e-05   0.0000e+00   2.7261e+02
20191126_14:00:00   2.5495e-01   6.5330e+01   4.5751e+00   0.0000e+00   0.0000e+00   2.7151e+02
20191126_15:00:00   2.4508e-01   6.3207e+01   4.4565e+00   0.0000e+00   0.0000e+00   2.7087e+02
20191126_16:00:00   2.3561e-01   6.1167e+01   4.3313e+00   0.0000e+00   0.0000e+00   2.6931e+02
20191126_17:00:00   2.3517e-01   6.1072e+01   4.3239e+00   0.0000e+00   0.0000e+00   2.6777e+02
20191126_18:00:00   2.6453e-01   6.7389e+01   4.7521e+00   0.0000e+00   0.0000e+00   2.6645e+02
20191126_19:00:00   2.8027e-01   7.0694e+01   5.0221e+00   0.0000e+00   0.0000e+00   2.6466e+02
20191126_20:00:00   3.2498e-01   7.9627e+01   5.7121e+00   0.0000e+00   1.6240e-04   2.6464e+02
20191126_21:00:00   3.4266e-01   8.3078e+01   6.0045e+00   0.0000e+00   1.4266e-03   2.6514e+02
20191126_22:00:00   3.1321e-01   7.7435e+01   5.5637e+00   0.0000e+00   2.3009e-03   2.6528e+02
20191126_23:00:00   3.0248e-01   7.5220e+01   5.4332e+00   0.0000e+00   2.6692e-03   2.6444e+02
20191127_00:00:00   2.8542e-01   7.1605e+01   5.1775e+00   0.0000e+00   1.3110e-03   2.6433e+02
20191127_01:00:00   3.0901e-01   7.6273e+01   5.5860e+00   0.0000e+00   6.0554e-04   2.6551e+02
20191127_02:00:00   3.0486e-01   7.5397e+01   5.5755e+00   0.0000e+00   2.0700e-06   2.6571e+02
20191127_03:00:00   3.3057e-01   8.0256e+01   6.1195e+00   0.0000e+00   3.4498e-05   2.6481e+02
20191127_04:00:00   3.2005e-01   7.7984e+01   6.1181e+00   0.0000e+00   4.1400e-06   2.6475e+02
20191127_05:00:00   3.2582e-01   7.9055e+01   6.1912e+00   0.0000e+00   8.2210e-04   2.6657e+02
20191127_06:00:00   3.2196e-01   7.8184e+01   6.0848e+00   0.0000e+00   9.0579e-03   2.6712e+02
20191127_07:00:00   2.9103e-01   7.1958e+01   5.6048e+00   0.0000e+00   4.4492e-03   2.6769e+02
20191127_08:00:00   2.8040e-01   6.9676e+01   5.4366e+00   0.0000e+00   9.7741e-03   2.6697e+02
20191127_09:00:00   2.5938e-01   6.5348e+01   5.0796e+00   0.0000e+00   1.7290e-02   2.6764e+02
20191127_10:00:00   3.3349e-01   8.0353e+01   6.2785e+00   0.0000e+00   2.2226e-02   2.6639e+02
20191127_11:00:00   3.4662e-01   8.2777e+01   6.5808e+00   0.0000e+00   5.0140e-02   2.6809e+02
20191127_12:00:00   3.2836e-01   7.9080e+01   6.3651e+00   0.0000e+00   6.2825e-02   2.6816e+02
20191127_13:00:00   3.1128e-01   7.5575e+01   6.1424e+00   0.0000e+00   5.3905e-02   2.7089e+02
20191127_14:00:00   3.1439e-01   7.5961e+01   6.2342e+00   0.0000e+00   1.2659e-02   2.7065e+02
20191127_15:00:00   3.3401e-01   7.9502e+01   6.6221e+00   0.0000e+00   2.8291e-02   2.7084e+02
20191127_16:00:00   3.4499e-01   8.1891e+01   6.7481e+00   0.0000e+00   1.0098e-02   2.7192e+02
20191127_17:00:00   3.6413e-01   8.6205e+01   6.8285e+00   0.0000e+00   1.0600e-03   2.6789e+02
20191127_18:00:00   4.0236e-01   9.3194e+01   7.4279e+00   0.0000e+00   8.5280e-04   2.6572e+02
20191127_21:00:00   4.3669e-01   9.8732e+01   8.0151e+00   0.0000e+00   9.6207e-03   2.6417e+02
20191128_00:00:00   3.7256e-01   8.8399e+01   6.1672e+00   5.7130e-03   1.5427e-03   2.6826e+02
20191128_03:00:00   4.3754e-01   1.0047e+02   5.1468e+00   5.4748e-02   8.0327e-03   2.6876e+02
20191128_06:00:00   4.2636e-01   9.8335e+01   5.8587e+00   3.3810e-02   2.4767e-02   2.7312e+02
20191128_09:00:00   1.0046e+00   1.7714e+02   6.4582e+00   2.4816e-01   1.6933e-02   2.7389e+02
20191128_12:00:00   3.6068e-01   8.6026e+01   5.6865e+00   1.2389e-02   1.8676e-02   2.7532e+02
20191128_15:00:00   3.5395e-01   8.3986e+01   6.4899e+00   0.0000e+00   3.1772e-02   2.8400e+02
20191128_18:00:00   3.8270e-01   8.9599e+01   6.9752e+00   0.0000e+00   1.2556e-02   2.8270e+02
20191128_21:00:00   4.0250e-01   9.3523e+01   7.1425e+00   0.0000e+00   2.7145e-02   2.8173e+02
20191129_00:00:00   3.3550e-01   8.0756e+01   6.1548e+00   0.0000e+00   3.5145e-02   2.7844e+02
20191129_03:00:00   3.3578e-01   8.0912e+01   6.1188e+00   0.0000e+00   9.1100e-06   2.8216e+02
20191129_06:00:00   3.1367e-01   7.7137e+01   5.4608e+00   0.0000e+00   0.0000e+00   2.8696e+02
20191129_09:00:00   5.0751e-01   1.1128e+02   8.4345e+00   9.8660e-03   1.2616e-03   2.9463e+02
20191129_12:00:00   1.4072e+00   2.0658e+02   1.2371e+01   2.8677e-01   1.3672e-01   3.0599e+02
20191129_15:00:00   3.1599e+00   2.6223e+02   1.4153e+01   9.8701e-01   8.4609e-01   3.1261e+02
20191129_18:00:00   2.5623e+00   2.5130e+02   1.0500e+01   8.1293e-01   2.4034e-01   3.1083e+02
20191129_21:00:00   5.6071e-01   1.1744e+02   7.0932e+00   5.3072e-02   1.3773e-01   3.0626e+02
20191130_00:00:00   3.3059e-01   7.7967e+01   5.4521e+00   0.0000e+00   2.6978e-03   3.0459e+02
20191130_03:00:00   3.2921e-01   7.7366e+01   5.3793e+00   2.3060e-03   4.0396e-02   3.0622e+02
20191130_06:00:00   4.0816e-01   9.1680e+01   6.6301e+00   2.5629e-04   9.3673e-02   3.0220e+02
20191130_09:00:00   3.9270e-01   8.8925e+01   6.4491e+00   8.4999e-04   1.0608e-01   2.9664e+02
20191130_12:00:00   3.8824e-01   8.8114e+01   6.3026e+00   1.4530e-03   1.8672e-01   2.9572e+02
20191130_15:00:00   2.9528e-01   7.1000e+01   4.8281e+00   1.6449e-03   2.3839e-03   2.9148e+02
20191130_18:00:00   2.3447e-01   5.9094e+01   3.7618e+00   1.4985e-04   5.6110e-05   2.8986e+02
20191130_21:00:00   2.1047e-01   5.4379e+01   3.3250e+00   0.0000e+00   0.0000e+00   2.9020e+02
20191201_00:00:00   2.4334e-01   6.0945e+01   4.0035e+00   0.0000e+00   1.4844e-04   2.9135e+02
20191201_03:00:00   2.1185e-01   5.4375e+01   3.4967e+00   0.0000e+00   0.0000e+00   2.9394e+02
20191201_06:00:00   1.7027e-01   4.5480e+01   2.7125e+00   0.0000e+00   0.0000e+00   3.0171e+02
20191201_09:00:00   1.2637e-01   3.5643e+01   1.9724e+00   0.0000e+00   0.0000e+00   3.1041e+02
20191201_12:00:00   1.3072e-01   3.6681e+01   2.1407e+00   0.0000e+00   0.0000e+00   3.1159e+02
20191201_15:00:00   1.4589e-01   4.0330e+01   2.4582e+00   0.0000e+00   0.0000e+00   3.1289e+02
20191201_18:00:00   1.4578e-01   4.0422e+01   2.4877e+00   0.0000e+00   0.0000e+00   3.1203e+02
20191201_21:00:00   1.4405e-01   4.0303e+01   2.4191e+00   0.0000e+00   0.0000e+00   3.0482e+02
20191202_00:00:00   1.2280e-01   3.5604e+01   1.9999e+00   0.0000e+00   0.0000e+00   3.0375e+02
20191202_03:00:00   1.2457e-01   3.6150e+01   2.0589e+00   0.0000e+00   0.0000e+00   2.9811e+02
20191202_06:00:00   1.2236e-01   3.5748e+01   2.0413e+00   0.0000e+00   0.0000e+00   2.9153e+02
20191202_09:00:00   1.3677e-01   3.8989e+01   2.3809e+00   0.0000e+00   0.0000e+00   2.8647e+02
20191202_12:00:00   1.4612e-01   4.0991e+01   2.6532e+00   0.0000e+00   8.5220e-04   2.8524e+02
20191202_15:00:00   1.3218e-01   3.7562e+01   2.4385e+00   0.0000e+00   1.3076e-03   2.8446e+02
20191202_18:00:00   1.4339e-01   4.0250e+01   2.6941e+00   0.0000e+00   3.5100e-05   2.8336e+02
20191202_21:00:00   1.6738e-01   4.5857e+01   3.1699e+00   0.0000e+00   0.0000e+00   2.8521e+02
20191203_00:00:00   1.7679e-01   4.8113e+01   3.3386e+00   0.0000e+00   0.0000e+00   2.8263e+02
20191203_03:00:00   1.8248e-01   4.9500e+01   3.4047e+00   0.0000e+00   0.0000e+00   2.8544e+02
20191203_06:00:00   1.9090e-01   5.1384e+01   3.5799e+00   0.0000e+00   9.3156e-06   2.9361e+02
20191203_09:00:00   1.8963e-01   5.1124e+01   3.5401e+00   0.0000e+00   0.0000e+00   3.0021e+02
20191203_12:00:00   1.8097e-01   4.9246e+01   3.3274e+00   0.0000e+00   0.0000e+00   3.0503e+02
20191203_15:00:00   1.7442e-01   4.7821e+01   3.1777e+00   0.0000e+00   0.0000e+00   3.0552e+02
20191203_18:00:00   1.6593e-01   4.6041e+01   2.9567e+00   0.0000e+00   0.0000e+00   3.0201e+02
20191203_21:00:00   1.5867e-01   4.4193e+01   2.9040e+00   0.0000e+00   0.0000e+00   3.0032e+02
20191204_00:00:00   1.4815e-01   4.1786e+01   2.7034e+00   0.0000e+00   0.0000e+00   2.9752e+02
20191204_03:00:00   1.5804e-01   4.4037e+01   2.9286e+00   0.0000e+00   0.0000e+00   2.9482e+02
20191204_06:00:00   1.5161e-01   4.2615e+01   2.7878e+00   0.0000e+00   0.0000e+00   2.9217e+02
20191204_09:00:00   1.5241e-01   4.2797e+01   2.8160e+00   0.0000e+00   0.0000e+00   2.8812e+02
20191204_12:00:00   1.4727e-01   4.1667e+01   2.7121e+00   0.0000e+00   0.0000e+00   2.8617e+02
20191204_15:00:00   1.4298e-01   4.0732e+01   2.6105e+00   0.0000e+00   0.0000e+00   2.8762e+02
20191204_18:00:00   1.4192e-01   4.0547e+01   2.5817e+00   0.0000e+00   0.0000e+00   2.8449e+02
20191204_21:00:00   1.4268e-01   4.0756e+01   2.5943e+00   0.0000e+00   0.0000e+00   2.8851e+02
20191205_00:00:00   1.4564e-01   4.1409e+01   2.6755e+00   0.0000e+00   0.0000e+00   2.8763e+02
20191205_03:00:00   1.4811e-01   4.1847e+01   2.7634e+00   0.0000e+00   4.3982e-04   2.8599e+02
20191205_06:00:00   1.5049e-01   4.2206e+01   2.8577e+00   0.0000e+00   1.2946e-03   2.8844e+02
20191205_09:00:00   1.4570e-01   4.1013e+01   2.7536e+00   0.0000e+00   2.8073e-03   2.8584e+02
20191205_12:00:00   1.3939e-01   3.9439e+01   2.6354e+00   0.0000e+00   8.5234e-03   2.8852e+02
20191205_15:00:00   1.5610e-01   4.3024e+01   3.0367e+00   0.0000e+00   8.9067e-03   2.8794e+02
20191205_18:00:00   1.7689e-01   4.7392e+01   3.5278e+00   0.0000e+00   2.2325e-02   2.8804e+02
20191205_21:00:00   2.1303e-01   5.5121e+01   4.2836e+00   0.0000e+00   6.1787e-02   2.8848e+02
20191206_00:00:00   2.3894e-01   6.0507e+01   4.7812e+00   0.0000e+00   6.9778e-02   2.8991e+02
20191206_03:00:00   2.6035e-01   6.4689e+01   5.2284e+00   0.0000e+00   5.7418e-02   2.8960e+02
20191206_06:00:00   2.7309e-01   6.7254e+01   5.4742e+00   0.0000e+00   4.3204e-02   2.9636e+02
20191206_09:00:00   2.9197e-01   7.1010e+01   5.8250e+00   0.0000e+00   1.3319e-02   2.9742e+02
20191206_12:00:00   3.0381e-01   7.3330e+01   6.0467e+00   0.0000e+00   5.8629e-03   2.9701e+02
20191206_15:00:00   3.1960e-01   7.6446e+01   6.3287e+00   0.0000e+00   4.2385e-03   3.0272e+02
20191206_18:00:00   3.2066e-01   7.6845e+01   6.3158e+00   0.0000e+00   1.2287e-04   3.0844e+02
20191206_21:00:00   3.4266e-01   8.1271e+01   6.6646e+00   0.0000e+00   3.9437e-05   2.9905e+02
20191207_00:00:00   3.9149e-01   9.0516e+01   7.5103e+00   0.0000e+00   2.2112e-03   3.0002e+02
20191207_03:00:00   3.7714e-01   8.8037e+01   7.2265e+00   0.0000e+00   7.9230e-04   2.9559e+02
20191207_06:00:00   3.5501e-01   8.3884e+01   6.8121e+00   0.0000e+00   2.3646e-05   2.9141e+02
20191207_09:00:00   3.5332e-01   8.3538e+01   6.7869e+00   0.0000e+00   2.0720e-05   2.9250e+02
20191207_12:00:00   3.5666e-01   8.4056e+01   6.8479e+00   0.0000e+00   1.6335e-05   3.0005e+02
20191207_15:00:00   3.3528e-01   8.0195e+01   6.3827e+00   0.0000e+00   3.0480e-06   2.9340e+02
20191207_18:00:00   3.1315e-01   7.5950e+01   5.9651e+00   0.0000e+00   0.0000e+00   2.8844e+02
20191207_21:00:00   3.4794e-01   8.2673e+01   6.6262e+00   0.0000e+00   1.5714e-04   2.8982e+02
20191208_00:00:00   3.6743e-01   8.6222e+01   7.0456e+00   0.0000e+00   6.9064e-03   2.8769e+02
20191208_03:00:00   3.7675e-01   8.7821e+01   7.2483e+00   0.0000e+00   3.6431e-02   2.8376e+02
20191208_06:00:00   3.6687e-01   8.5938e+01   7.0827e+00   0.0000e+00   2.3743e-02   2.8654e+02
20191208_09:00:00   3.7873e-01   8.8074e+01   7.2904e+00   0.0000e+00   5.7341e-03   2.8928e+02
20191208_12:00:00   3.6466e-01   8.5549e+01   6.9893e+00   0.0000e+00   3.1760e-03   2.8865e+02
20191208_15:00:00   3.6647e-01   8.5739e+01   7.0497e+00   0.0000e+00   7.4792e-03   2.8730e+02
20191208_18:00:00   3.7874e-01   8.7836e+01   7.2929e+00   0.0000e+00   2.7294e-02   2.9125e+02
