#            date       tau225        Tb[K]      pwv[mm] lwp[kg*m^-2] iwp[kg*m^-2]       o3[DU]
20191025_18:00:00   1.6303e-01   4.5920e+01   3.2157e+00   0.0000e+00   1.9362e-05   2.8492e+02
20191025_19:00:00   1.7135e-01   4.7808e+01   3.4003e+00   0.0000e+00   1.0198e-05   2.8408e+02
20191025_20:00:00   1.7688e-01   4.9070e+01   3.5137e+00   0.0000e+00   8.8180e-07   2.8367e+02
20191025_21:00:00   1.8011e-01   4.9871e+01   3.5683e+00   0.0000e+00   0.0000e+00   2.8333e+02
20191025_22:00:00   1.8335e-01   5.0688e+01   3.6173e+00   0.0000e+00   0.0000e+00   2.8313e+02
20191025_23:00:00   1.8260e-01   5.0555e+01   3.6055e+00   0.0000e+00   0.0000e+00   2.8270e+02
20191026_00:00:00   1.8148e-01   5.0329e+01   3.5883e+00   0.0000e+00   0.0000e+00   2.8217e+02
20191026_01:00:00   1.8339e-01   5.0818e+01   3.6274e+00   0.0000e+00   0.0000e+00   2.8083e+02
20191026_02:00:00   1.8222e-01   5.0589e+01   3.6052e+00   0.0000e+00   0.0000e+00   2.8089e+02
20191026_03:00:00   1.8204e-01   5.0557e+01   3.5931e+00   0.0000e+00   0.0000e+00   2.8155e+02
20191026_04:00:00   1.7951e-01   4.9977e+01   3.5207e+00   0.0000e+00   0.0000e+00   2.8046e+02
20191026_05:00:00   1.8190e-01   5.0545e+01   3.5601e+00   0.0000e+00   0.0000e+00   2.8062e+02
20191026_06:00:00   1.8674e-01   5.1681e+01   3.6557e+00   0.0000e+00   0.0000e+00   2.8153e+02
20191026_07:00:00   1.8982e-01   5.2422e+01   3.7145e+00   0.0000e+00   0.0000e+00   2.8216e+02
20191026_08:00:00   1.9149e-01   5.2809e+01   3.7461e+00   0.0000e+00   0.0000e+00   2.8205e+02
20191026_09:00:00   1.9328e-01   5.3208e+01   3.7836e+00   0.0000e+00   0.0000e+00   2.8213e+02
20191026_10:00:00   1.9420e-01   5.3418e+01   3.8041e+00   0.0000e+00   0.0000e+00   2.8255e+02
20191026_11:00:00   1.9432e-01   5.3478e+01   3.8048e+00   0.0000e+00   0.0000e+00   2.8230e+02
20191026_12:00:00   1.9460e-01   5.3576e+01   3.8012e+00   0.0000e+00   0.0000e+00   2.8172e+02
20191026_13:00:00   1.9484e-01   5.3651e+01   3.7994e+00   0.0000e+00   0.0000e+00   2.8166e+02
20191026_14:00:00   1.9901e-01   5.4605e+01   3.8852e+00   0.0000e+00   0.0000e+00   2.8132e+02
20191026_15:00:00   2.0481e-01   5.5885e+01   4.0098e+00   0.0000e+00   0.0000e+00   2.8093e+02
20191026_16:00:00   2.1036e-01   5.7083e+01   4.1407e+00   0.0000e+00   0.0000e+00   2.7944e+02
20191026_17:00:00   2.1229e-01   5.7454e+01   4.1922e+00   0.0000e+00   0.0000e+00   2.7983e+02
20191026_18:00:00   2.1317e-01   5.7626e+01   4.2192e+00   0.0000e+00   0.0000e+00   2.8159e+02
20191026_19:00:00   2.1551e-01   5.8117e+01   4.2538e+00   0.0000e+00   0.0000e+00   2.8348e+02
20191026_20:00:00   2.2189e-01   5.9513e+01   4.3781e+00   0.0000e+00   0.0000e+00   2.8440e+02
20191026_21:00:00   2.2737e-01   6.0749e+01   4.4799e+00   0.0000e+00   0.0000e+00   2.8597e+02
20191026_22:00:00   2.2969e-01   6.1344e+01   4.4979e+00   0.0000e+00   0.0000e+00   2.8653e+02
20191026_23:00:00   2.3099e-01   6.1697e+01   4.4876e+00   0.0000e+00   0.0000e+00   2.8519e+02
20191027_00:00:00   2.3020e-01   6.1610e+01   4.4473e+00   0.0000e+00   0.0000e+00   2.8354e+02
20191027_01:00:00   2.3006e-01   6.1665e+01   4.4373e+00   0.0000e+00   0.0000e+00   2.8344e+02
20191027_02:00:00   2.3237e-01   6.2189e+01   4.4695e+00   0.0000e+00   0.0000e+00   2.8271e+02
20191027_03:00:00   2.3220e-01   6.2141e+01   4.4489e+00   0.0000e+00   0.0000e+00   2.8224e+02
20191027_04:00:00   2.2527e-01   6.0625e+01   4.3109e+00   0.0000e+00   0.0000e+00   2.8161e+02
20191027_05:00:00   2.1743e-01   5.8846e+01   4.1636e+00   0.0000e+00   0.0000e+00   2.8184e+02
20191027_06:00:00   2.2206e-01   5.9856e+01   4.2459e+00   0.0000e+00   0.0000e+00   2.8210e+02
20191027_07:00:00   2.2849e-01   6.1368e+01   4.3443e+00   0.0000e+00   0.0000e+00   2.8146e+02
20191027_08:00:00   2.1240e-01   5.7784e+01   4.0256e+00   0.0000e+00   0.0000e+00   2.7943e+02
20191027_09:00:00   1.9628e-01   5.4114e+01   3.7149e+00   0.0000e+00   0.0000e+00   2.7768e+02
20191027_10:00:00   1.8944e-01   5.2472e+01   3.5898e+00   0.0000e+00   0.0000e+00   2.7733e+02
20191027_11:00:00   1.8998e-01   5.2543e+01   3.6107e+00   0.0000e+00   0.0000e+00   2.7593e+02
20191027_12:00:00   1.9647e-01   5.3996e+01   3.7437e+00   0.0000e+00   0.0000e+00   2.7510e+02
20191027_13:00:00   2.0186e-01   5.5133e+01   3.8546e+00   0.0000e+00   0.0000e+00   2.7601e+02
20191027_14:00:00   2.0312e-01   5.5302e+01   3.9115e+00   0.0000e+00   0.0000e+00   2.7753e+02
20191027_15:00:00   2.0611e-01   5.5955e+01   3.9781e+00   0.0000e+00   0.0000e+00   2.7849e+02
20191027_16:00:00   2.0702e-01   5.6138e+01   4.0096e+00   0.0000e+00   0.0000e+00   2.7845e+02
20191027_17:00:00   2.0784e-01   5.6257e+01   4.0320e+00   0.0000e+00   0.0000e+00   2.7863e+02
20191027_18:00:00   2.1595e-01   5.8052e+01   4.1773e+00   0.0000e+00   0.0000e+00   2.7798e+02
20191027_19:00:00   2.2799e-01   6.0719e+01   4.4066e+00   0.0000e+00   0.0000e+00   2.7741e+02
20191027_20:00:00   2.3799e-01   6.2895e+01   4.5999e+00   0.0000e+00   0.0000e+00   2.7797e+02
20191027_21:00:00   2.3498e-01   6.2165e+01   4.5571e+00   0.0000e+00   0.0000e+00   2.7773e+02
20191027_22:00:00   2.2721e-01   6.0558e+01   4.3577e+00   0.0000e+00   0.0000e+00   2.7809e+02
20191027_23:00:00   2.2402e-01   5.9782e+01   4.2989e+00   0.0000e+00   0.0000e+00   2.7739e+02
20191028_00:00:00   2.1648e-01   5.8027e+01   4.1612e+00   0.0000e+00   0.0000e+00   2.7562e+02
20191028_01:00:00   2.2053e-01   5.8862e+01   4.2486e+00   0.0000e+00   0.0000e+00   2.7456e+02
20191028_02:00:00   2.1905e-01   5.8512e+01   4.2222e+00   0.0000e+00   0.0000e+00   2.7485e+02
20191028_03:00:00   2.2120e-01   5.8999e+01   4.2579e+00   0.0000e+00   1.9706e-05   2.7568e+02
20191028_04:00:00   2.4276e-01   6.3681e+01   4.6338e+00   0.0000e+00   3.0922e-04   2.7683e+02
20191028_05:00:00   2.6485e-01   6.8325e+01   5.0001e+00   0.0000e+00   2.0459e-03   2.7848e+02
20191028_06:00:00   2.9101e-01   7.3829e+01   5.3744e+00   0.0000e+00   1.4171e-03   2.7981e+02
20191028_07:00:00   3.2662e-01   8.1119e+01   5.8285e+00   0.0000e+00   4.2563e-04   2.7925e+02
20191028_08:00:00   3.5181e-01   8.6076e+01   6.0766e+00   0.0000e+00   2.0292e-04   2.7712e+02
20191028_09:00:00   3.1436e-01   7.8596e+01   5.4553e+00   0.0000e+00   7.3123e-05   2.7666e+02
20191028_10:00:00   2.4089e-01   6.3281e+01   4.2319e+00   0.0000e+00   4.6760e-05   2.7548e+02
20191028_11:00:00   2.0709e-01   5.5876e+01   3.6424e+00   0.0000e+00   3.8080e-06   2.7575e+02
20191028_12:00:00   1.7093e-01   4.7629e+01   3.0093e+00   0.0000e+00   5.6640e-05   2.7668e+02
20191028_13:00:00   1.3697e-01   3.9569e+01   2.4029e+00   0.0000e+00   8.2800e-06   2.7897e+02
20191028_14:00:00   1.1865e-01   3.5066e+01   2.0812e+00   0.0000e+00   1.9706e-05   2.8137e+02
20191028_15:00:00   9.6836e-02   2.9592e+01   1.6783e+00   0.0000e+00   4.0954e-05   2.8171e+02
20191028_16:00:00   8.3166e-02   2.6086e+01   1.4231e+00   0.0000e+00   1.6560e-05   2.8206e+02
20191028_17:00:00   7.7608e-02   2.4634e+01   1.3194e+00   0.0000e+00   1.4909e-04   2.8156e+02
20191028_18:00:00   8.1196e-02   2.5542e+01   1.3928e+00   0.0000e+00   5.9764e-04   2.7987e+02
20191028_19:00:00   8.5411e-02   2.6592e+01   1.4823e+00   0.0000e+00   1.5982e-03   2.7868e+02
20191028_20:00:00   8.8952e-02   2.7426e+01   1.5720e+00   0.0000e+00   1.8408e-03   2.7887e+02
20191028_21:00:00   9.3348e-02   2.8461e+01   1.6838e+00   0.0000e+00   2.1700e-03   2.7914e+02
20191028_22:00:00   9.5830e-02   2.9019e+01   1.7507e+00   0.0000e+00   2.3494e-03   2.7995e+02
20191028_23:00:00   9.7488e-02   2.9353e+01   1.8074e+00   0.0000e+00   4.9456e-03   2.8041e+02
20191029_00:00:00   9.9610e-02   2.9802e+01   1.8711e+00   0.0000e+00   8.8841e-03   2.8212e+02
20191029_01:00:00   1.0676e-01   3.1431e+01   2.0491e+00   0.0000e+00   1.9639e-02   2.8380e+02
20191029_02:00:00   1.1412e-01   3.3095e+01   2.2319e+00   0.0000e+00   2.3280e-02   2.8404e+02
20191029_03:00:00   1.1888e-01   3.4163e+01   2.3508e+00   0.0000e+00   1.9971e-02   2.8371e+02
20191029_04:00:00   1.1994e-01   3.4421e+01   2.3729e+00   0.0000e+00   1.4714e-02   2.8289e+02
20191029_05:00:00   1.2057e-01   3.4563e+01   2.3910e+00   0.0000e+00   7.0450e-03   2.8258e+02
20191029_06:00:00   1.1516e-01   3.3328e+01   2.2582e+00   0.0000e+00   4.5340e-03   2.8295e+02
20191029_07:00:00   1.0736e-01   3.1546e+01   2.0619e+00   0.0000e+00   4.3208e-03   2.8309e+02
20191029_08:00:00   1.0334e-01   3.0682e+01   1.9453e+00   0.0000e+00   2.6348e-03   2.8321e+02
20191029_09:00:00   1.0486e-01   3.1239e+01   1.9373e+00   0.0000e+00   2.0320e-04   2.8289e+02
20191029_10:00:00   1.0917e-01   3.2447e+01   1.9864e+00   0.0000e+00   0.0000e+00   2.8238e+02
20191029_11:00:00   1.0856e-01   3.2462e+01   1.9255e+00   0.0000e+00   2.7980e-06   2.8196e+02
20191029_12:00:00   1.0765e-01   3.2366e+01   1.8652e+00   0.0000e+00   0.0000e+00   2.8142e+02
20191029_13:00:00   1.1266e-01   3.3592e+01   1.9679e+00   0.0000e+00   0.0000e+00   2.8337e+02
20191029_14:00:00   1.1980e-01   3.5261e+01   2.1324e+00   0.0000e+00   0.0000e+00   2.8569e+02
20191029_15:00:00   1.2487e-01   3.6479e+01   2.2395e+00   0.0000e+00   0.0000e+00   2.8777e+02
20191029_16:00:00   1.2744e-01   3.7128e+01   2.2794e+00   0.0000e+00   0.0000e+00   2.8878e+02
20191029_17:00:00   1.2847e-01   3.7375e+01   2.2980e+00   0.0000e+00   0.0000e+00   2.8807e+02
20191029_18:00:00   1.3180e-01   3.8140e+01   2.3728e+00   0.0000e+00   0.0000e+00   2.8683e+02
20191029_19:00:00   1.3800e-01   3.9596e+01   2.5058e+00   0.0000e+00   0.0000e+00   2.8524e+02
20191029_20:00:00   1.4647e-01   4.1571e+01   2.6879e+00   0.0000e+00   0.0000e+00   2.8344e+02
20191029_21:00:00   1.5433e-01   4.3407e+01   2.8544e+00   0.0000e+00   0.0000e+00   2.8241e+02
20191029_22:00:00   1.6226e-01   4.5249e+01   3.0266e+00   0.0000e+00   0.0000e+00   2.8260e+02
20191029_23:00:00   1.6973e-01   4.6982e+01   3.1871e+00   0.0000e+00   0.0000e+00   2.8268e+02
20191030_00:00:00   1.7530e-01   4.8237e+01   3.3142e+00   0.0000e+00   0.0000e+00   2.8215e+02
20191030_01:00:00   1.7714e-01   4.8656e+01   3.3626e+00   0.0000e+00   0.0000e+00   2.8176e+02
20191030_02:00:00   1.7765e-01   4.8765e+01   3.3783e+00   0.0000e+00   0.0000e+00   2.8075e+02
20191030_03:00:00   1.7834e-01   4.8901e+01   3.3985e+00   0.0000e+00   0.0000e+00   2.8080e+02
20191030_04:00:00   1.8026e-01   4.9319e+01   3.4420e+00   0.0000e+00   0.0000e+00   2.7990e+02
20191030_05:00:00   1.7969e-01   4.9215e+01   3.4245e+00   0.0000e+00   0.0000e+00   2.7855e+02
20191030_06:00:00   1.7992e-01   4.9270e+01   3.4234e+00   0.0000e+00   0.0000e+00   2.7747e+02
20191030_07:00:00   1.7900e-01   4.9025e+01   3.4075e+00   0.0000e+00   0.0000e+00   2.7676e+02
20191030_08:00:00   1.7674e-01   4.8481e+01   3.3681e+00   0.0000e+00   0.0000e+00   2.7736e+02
20191030_09:00:00   1.7276e-01   4.7544e+01   3.2849e+00   0.0000e+00   0.0000e+00   2.7760e+02
20191030_10:00:00   1.6866e-01   4.6594e+01   3.2108e+00   0.0000e+00   0.0000e+00   2.7818e+02
20191030_11:00:00   1.6615e-01   4.5975e+01   3.1692e+00   0.0000e+00   0.0000e+00   2.7763e+02
20191030_12:00:00   1.6129e-01   4.4843e+01   3.0793e+00   0.0000e+00   0.0000e+00   2.7761e+02
20191030_13:00:00   1.6120e-01   4.4799e+01   3.0774e+00   0.0000e+00   0.0000e+00   2.7883e+02
20191030_14:00:00   1.6086e-01   4.4723e+01   3.0590e+00   0.0000e+00   1.6756e-05   2.8016e+02
20191030_15:00:00   1.5856e-01   4.4147e+01   3.0278e+00   0.0000e+00   1.0841e-03   2.8069e+02
20191030_16:00:00   1.5028e-01   4.2191e+01   2.8670e+00   0.0000e+00   1.6482e-03   2.8043e+02
20191030_17:00:00   1.4333e-01   4.0515e+01   2.7294e+00   0.0000e+00   1.0190e-03   2.8034e+02
20191030_18:00:00   1.4110e-01   3.9940e+01   2.6919e+00   0.0000e+00   4.0569e-04   2.8050e+02
20191030_21:00:00   1.3798e-01   3.9263e+01   2.6047e+00   0.0000e+00   9.5160e-04   2.8030e+02
20191031_00:00:00   1.0845e-01   3.2427e+01   1.9388e+00   0.0000e+00   1.0188e-03   2.8068e+02
20191031_03:00:00   1.1377e-01   3.3929e+01   1.9999e+00   0.0000e+00   5.4538e-04   2.8067e+02
20191031_06:00:00   1.3161e-01   3.8375e+01   2.3292e+00   0.0000e+00   3.0480e-06   2.7983e+02
20191031_09:00:00   1.2753e-01   3.7311e+01   2.2782e+00   0.0000e+00   0.0000e+00   2.8456e+02
20191031_12:00:00   1.4472e-01   4.1210e+01   2.7023e+00   0.0000e+00   0.0000e+00   2.8544e+02
20191031_15:00:00   1.7034e-01   4.6862e+01   3.3223e+00   0.0000e+00   0.0000e+00   2.8478e+02
20191031_18:00:00   2.1386e-01   5.6187e+01   4.3128e+00   0.0000e+00   0.0000e+00   2.8349e+02
20191031_21:00:00   2.2403e-01   5.8992e+01   4.3591e+00   0.0000e+00   0.0000e+00   2.8288e+02
20191101_00:00:00   1.9380e-01   5.2700e+01   3.6375e+00   0.0000e+00   0.0000e+00   2.8077e+02
20191101_03:00:00   1.7337e-01   4.7960e+01   3.2683e+00   0.0000e+00   0.0000e+00   2.8149e+02
20191101_06:00:00   1.5435e-01   4.3724e+01   2.8320e+00   0.0000e+00   0.0000e+00   2.7830e+02
20191101_09:00:00   1.5154e-01   4.3094e+01   2.7501e+00   0.0000e+00   0.0000e+00   2.7809e+02
20191101_12:00:00   1.5136e-01   4.3011e+01   2.7445e+00   0.0000e+00   0.0000e+00   2.7950e+02
20191101_15:00:00   1.4130e-01   4.0605e+01   2.5456e+00   0.0000e+00   0.0000e+00   2.8347e+02
20191101_18:00:00   1.4328e-01   4.1146e+01   2.5553e+00   0.0000e+00   0.0000e+00   2.8110e+02
20191101_21:00:00   1.8555e-01   5.1122e+01   3.3339e+00   0.0000e+00   0.0000e+00   2.8345e+02
20191102_00:00:00   1.9149e-01   5.2527e+01   3.4404e+00   0.0000e+00   0.0000e+00   2.8208e+02
20191102_03:00:00   1.7103e-01   4.7803e+01   3.0697e+00   0.0000e+00   0.0000e+00   2.7995e+02
20191102_06:00:00   1.5864e-01   4.4941e+01   2.8421e+00   0.0000e+00   0.0000e+00   2.7974e+02
20191102_09:00:00   1.7803e-01   4.9547e+01   3.1663e+00   0.0000e+00   0.0000e+00   2.7656e+02
20191102_12:00:00   1.7481e-01   4.8783e+01   3.0956e+00   0.0000e+00   0.0000e+00   2.7675e+02
20191102_15:00:00   1.7286e-01   4.8336e+01   3.0582e+00   0.0000e+00   0.0000e+00   2.7666e+02
20191102_18:00:00   1.8019e-01   4.9994e+01   3.2202e+00   0.0000e+00   0.0000e+00   2.7248e+02
20191102_21:00:00   2.5328e-01   6.6263e+01   4.6017e+00   0.0000e+00   6.3680e-05   2.6565e+02
20191103_00:00:00   2.5194e-01   6.5917e+01   4.6217e+00   0.0000e+00   5.8905e-04   2.6368e+02
20191103_03:00:00   2.2591e-01   6.0206e+01   4.1591e+00   0.0000e+00   2.0225e-03   2.6041e+02
20191103_06:00:00   2.5339e-01   6.5777e+01   4.7990e+00   0.0000e+00   1.3407e-02   2.5928e+02
20191103_09:00:00   2.7364e-01   6.9693e+01   5.2706e+00   0.0000e+00   2.3235e-02   2.5876e+02
20191103_12:00:00   2.8635e-01   7.1876e+01   5.6152e+00   0.0000e+00   4.4228e-02   2.6286e+02
20191103_15:00:00   2.7157e-01   6.8359e+01   5.4607e+00   0.0000e+00   6.2146e-02   2.6281e+02
20191103_18:00:00   2.3350e-01   6.0364e+01   4.6792e+00   0.0000e+00   4.7079e-02   2.5800e+02
20191103_21:00:00   2.6127e-01   6.6255e+01   5.2809e+00   0.0000e+00   3.0179e-02   2.5194e+02
20191104_00:00:00   2.4068e-01   6.1913e+01   4.8867e+00   0.0000e+00   1.2282e-03   2.4742e+02
20191104_03:00:00   2.6037e-01   6.5713e+01   5.4038e+00   0.0000e+00   7.1135e-04   2.4787e+02
20191104_06:00:00   2.5172e-01   6.4544e+01   5.0570e+00   0.0000e+00   3.1155e-04   2.4657e+02
20191104_09:00:00   2.5903e-01   6.6192e+01   5.1700e+00   0.0000e+00   7.1827e-04   2.4601e+02
20191104_12:00:00   2.7554e-01   6.9622e+01   5.4929e+00   0.0000e+00   5.5885e-04   2.4723e+02
20191104_15:00:00   3.1506e-01   7.8095e+01   6.1147e+00   0.0000e+00   1.7461e-04   2.4976e+02
20191104_18:00:00   4.6796e-01   1.0684e+02   8.7664e+00   0.0000e+00   2.1700e-04   2.5053e+02
20191104_21:00:00   6.9802e-01   1.4226e+02   1.2798e+01   0.0000e+00   6.4239e-03   2.4696e+02
20191105_00:00:00   7.0542e-01   1.4323e+02   1.3041e+01   0.0000e+00   1.6090e-02   2.4634e+02
20191105_03:00:00   7.2794e-01   1.4626e+02   1.3421e+01   0.0000e+00   6.4530e-03   2.4734e+02
20191105_06:00:00   7.3552e-01   1.4721e+02   1.3739e+01   0.0000e+00   5.2932e-03   2.4736e+02
20191105_09:00:00   7.7626e-01   1.5219e+02   1.4590e+01   0.0000e+00   3.2226e-02   2.4768e+02
20191105_12:00:00   7.9215e-01   1.5405e+02   1.4826e+01   0.0000e+00   8.4387e-02   2.4906e+02
20191105_15:00:00   8.3023e-01   1.5844e+02   1.5664e+01   0.0000e+00   4.0676e-02   2.4992e+02
20191105_18:00:00   8.3044e-01   1.5853e+02   1.5680e+01   0.0000e+00   9.8476e-02   2.4874e+02
20191105_21:00:00   7.5417e-01   1.4948e+02   1.4309e+01   0.0000e+00   1.3102e-04   2.4984e+02
20191106_00:00:00   7.3267e-01   1.4657e+02   1.4065e+01   0.0000e+00   4.7707e-02   2.5102e+02
20191106_03:00:00   6.7865e-01   1.3907e+02   1.3125e+01   0.0000e+00   2.0599e-02   2.4845e+02
20191106_06:00:00   5.8277e-01   1.2538e+02   1.1281e+01   0.0000e+00   2.4858e-05   2.4941e+02
20191106_09:00:00   5.1311e-01   1.1456e+02   9.8992e+00   0.0000e+00   0.0000e+00   2.4925e+02
20191106_12:00:00   4.3358e-01   1.0138e+02   8.2751e+00   0.0000e+00   0.0000e+00   2.4806e+02
20191106_15:00:00   4.0464e-01   9.6416e+01   7.5269e+00   0.0000e+00   0.0000e+00   2.4717e+02
20191106_18:00:00   3.4084e-01   8.4593e+01   6.3628e+00   0.0000e+00   0.0000e+00   2.4626e+02
20191106_21:00:00   3.4617e-01   8.5808e+01   6.4161e+00   0.0000e+00   2.2500e-05   2.4608e+02
20191107_00:00:00   3.4402e-01   8.5451e+01   6.3133e+00   0.0000e+00   2.0672e-03   2.4613e+02
20191107_03:00:00   3.0469e-01   7.7460e+01   5.6552e+00   0.0000e+00   2.8077e-02   2.4573e+02
20191107_06:00:00   2.6560e-01   6.8963e+01   5.1050e+00   0.0000e+00   5.3761e-02   2.4847e+02
20191107_09:00:00   3.6508e-01   8.8034e+01   7.4142e+00   0.0000e+00   4.9652e-02   2.4817e+02
20191107_12:00:00   5.1122e-01   1.1281e+02   1.0518e+01   0.0000e+00   7.7417e-02   2.4282e+02
20191107_15:00:00   6.2002e-01   1.2945e+02   1.2602e+01   4.4720e-04   2.6891e-02   2.4325e+02
20191107_18:00:00   6.6612e-01   1.3580e+02   1.3514e+01   2.2360e-04   2.8759e-02   2.4435e+02
20191107_21:00:00   1.0083e+00   1.7764e+02   1.9038e+01   1.4762e-04   1.5233e-01   2.4103e+02
20191108_00:00:00   1.1750e+00   1.9271e+02   2.1422e+01   1.1759e-03   5.8067e-01   2.4280e+02
20191108_03:00:00   1.2127e+00   1.9541e+02   1.9966e+01   6.2047e-02   3.7377e-01   2.4244e+02
20191108_06:00:00   1.5826e+00   2.2160e+02   2.1242e+01   1.5861e-01   3.2566e-01   2.4285e+02
20191108_09:00:00   2.1619e+00   2.4623e+02   2.2137e+01   3.7057e-01   4.8623e-01   2.4562e+02
20191108_12:00:00   2.2630e+00   2.4957e+02   2.1608e+01   4.1732e-01   6.0807e-02   2.4879e+02
20191108_15:00:00   2.6830e+00   2.6001e+02   2.0952e+01   5.9610e-01   1.1103e-01   2.5176e+02
20191108_18:00:00   3.2143e+00   2.6763e+02   2.1368e+01   8.1555e-01   2.7991e-01   2.4916e+02
20191108_21:00:00   2.4014e+00   2.5126e+02   2.0355e+01   5.1493e-01   6.4106e-01   2.5342e+02
20191109_00:00:00   1.1042e+00   1.8539e+02   1.8999e+01   1.6604e-02   2.9168e-01   2.5778e+02
20191109_03:00:00   9.9590e-01   1.7554e+02   1.7875e+01   0.0000e+00   1.7136e-02   2.5798e+02
20191109_06:00:00   8.3495e-01   1.5851e+02   1.5246e+01   0.0000e+00   0.0000e+00   2.5272e+02
20191109_09:00:00   7.0343e-01   1.4287e+02   1.2383e+01   0.0000e+00   1.7649e-05   2.5014e+02
20191109_12:00:00   6.8742e-01   1.4071e+02   1.2040e+01   0.0000e+00   4.0640e-03   2.4776e+02
20191109_15:00:00   6.9425e-01   1.4154e+02   1.2342e+01   0.0000e+00   6.1485e-03   2.4699e+02
20191109_18:00:00   7.1539e-01   1.4454e+02   1.2669e+01   0.0000e+00   4.2256e-03   2.4281e+02
20191109_21:00:00   8.3466e-01   1.5977e+02   1.3336e+01   2.3780e-02   1.2681e-02   2.4093e+02
20191110_00:00:00   8.3944e-01   1.6051e+02   1.3368e+01   2.3196e-02   8.9599e-03   2.4347e+02
20191110_03:00:00   8.0721e-01   1.5646e+02   1.3778e+01   0.0000e+00   8.6848e-03   2.4895e+02
20191110_06:00:00   8.5150e-01   1.6159e+02   1.4721e+01   0.0000e+00   1.7014e-02   2.4916e+02
20191110_09:00:00   7.9836e-01   1.5511e+02   1.3954e+01   0.0000e+00   2.0800e-02   2.5597e+02
20191110_12:00:00   7.9114e-01   1.5385e+02   1.3789e+01   0.0000e+00   1.2130e-02   2.5759e+02
20191110_15:00:00   8.1208e-01   1.5599e+02   1.4091e+01   1.5528e-04   2.5555e-02   2.5554e+02
20191110_18:00:00   8.1981e-01   1.5664e+02   1.4153e+01   9.3900e-03   3.2989e-02   2.5717e+02
