#            date       tau225        Tb[K]      pwv[mm] lwp[kg*m^-2] iwp[kg*m^-2]       o3[DU]
20191108_00:00:00   3.8805e-01   9.3126e+01   7.0760e+00   0.0000e+00   5.9609e-03   2.6844e+02
20191108_01:00:00   3.7511e-01   9.0565e+01   6.9245e+00   0.0000e+00   2.9947e-02   2.6767e+02
20191108_02:00:00   3.8087e-01   9.1543e+01   7.1155e+00   0.0000e+00   2.4674e-02   2.6796e+02
20191108_03:00:00   3.9368e-01   9.3841e+01   7.4311e+00   0.0000e+00   1.3712e-02   2.6802e+02
20191108_04:00:00   4.2771e-01   9.9977e+01   8.0687e+00   0.0000e+00   6.3406e-03   2.6667e+02
20191108_05:00:00   4.3694e-01   1.0169e+02   8.2152e+00   0.0000e+00   2.8993e-03   2.6490e+02
20191108_06:00:00   4.4101e-01   1.0227e+02   8.3526e+00   0.0000e+00   4.5590e-03   2.6337e+02
20191108_07:00:00   4.4574e-01   1.0309e+02   8.4137e+00   0.0000e+00   1.4340e-02   2.6340e+02
20191108_08:00:00   4.3051e-01   1.0035e+02   8.1279e+00   0.0000e+00   4.6707e-02   2.6221e+02
20191108_09:00:00   4.3543e-01   1.0120e+02   8.1884e+00   0.0000e+00   5.1176e-02   2.6061e+02
20191108_10:00:00   4.4977e-01   1.0362e+02   8.4673e+00   0.0000e+00   7.2157e-02   2.5861e+02
20191108_11:00:00   4.4366e-01   1.0253e+02   8.3995e+00   0.0000e+00   6.2762e-02   2.6033e+02
20191108_12:00:00   4.5550e-01   1.0455e+02   8.6134e+00   0.0000e+00   5.5078e-02   2.6166e+02
20191108_13:00:00   4.5886e-01   1.0511e+02   8.6571e+00   0.0000e+00   8.9064e-02   2.6279e+02
20191108_14:00:00   4.7120e-01   1.0713e+02   8.9272e+00   0.0000e+00   4.9275e-02   2.5905e+02
20191108_15:00:00   4.4571e-01   1.0269e+02   8.4824e+00   0.0000e+00   9.9340e-02   2.6003e+02
20191108_16:00:00   4.3431e-01   1.0072e+02   8.3048e+00   0.0000e+00   5.4960e-02   2.6066e+02
20191108_17:00:00   4.4863e-01   1.0342e+02   8.5129e+00   0.0000e+00   1.0198e-03   2.6095e+02
20191108_18:00:00   4.4581e-01   1.0296e+02   8.4210e+00   0.0000e+00   1.0790e-02   2.6049e+02
20191108_19:00:00   4.3250e-01   1.0100e+02   7.9763e+00   0.0000e+00   0.0000e+00   2.6107e+02
20191108_20:00:00   4.3985e-01   1.0241e+02   8.0843e+00   0.0000e+00   0.0000e+00   2.6307e+02
20191108_21:00:00   4.7034e-01   1.0786e+02   8.5903e+00   0.0000e+00   0.0000e+00   2.6422e+02
20191108_22:00:00   4.8331e-01   1.1022e+02   8.8030e+00   0.0000e+00   6.0940e-05   2.6476e+02
20191108_23:00:00   5.0947e-01   1.1473e+02   9.2066e+00   0.0000e+00   2.6640e-04   2.6481e+02
20191109_00:00:00   5.1705e-01   1.1604e+02   9.3042e+00   0.0000e+00   1.2188e-05   2.6547e+02
20191109_01:00:00   4.9111e-01   1.1167e+02   8.9081e+00   0.0000e+00   0.0000e+00   2.6341e+02
20191109_02:00:00   4.5794e-01   1.0596e+02   8.3580e+00   0.0000e+00   0.0000e+00   2.6395e+02
20191109_03:00:00   4.2684e-01   1.0048e+02   7.7953e+00   0.0000e+00   0.0000e+00   2.6398e+02
20191109_04:00:00   4.0118e-01   9.5807e+01   7.3741e+00   0.0000e+00   0.0000e+00   2.6344e+02
20191109_05:00:00   4.3417e-01   1.0192e+02   7.9043e+00   0.0000e+00   0.0000e+00   2.6292e+02
20191109_06:00:00   4.7829e-01   1.0969e+02   8.6041e+00   0.0000e+00   0.0000e+00   2.6180e+02
20191109_07:00:00   5.1510e-01   1.1587e+02   9.2183e+00   0.0000e+00   0.0000e+00   2.6168e+02
20191109_08:00:00   5.4600e-01   1.2087e+02   9.7501e+00   0.0000e+00   0.0000e+00   2.5972e+02
20191109_09:00:00   5.6801e-01   1.2431e+02   1.0170e+01   0.0000e+00   3.0536e-04   2.5809e+02
20191109_10:00:00   6.0331e-01   1.2966e+02   1.0765e+01   0.0000e+00   6.8188e-03   2.5713e+02
20191109_11:00:00   6.3226e-01   1.3402e+02   1.1207e+01   0.0000e+00   8.3470e-03   2.5611e+02
20191109_12:00:00   6.7457e-01   1.4007e+02   1.1866e+01   0.0000e+00   5.4016e-03   2.5596e+02
20191109_13:00:00   6.6919e-01   1.3938e+02   1.1771e+01   0.0000e+00   1.7812e-03   2.5634e+02
20191109_14:00:00   6.6061e-01   1.3819e+02   1.1638e+01   0.0000e+00   1.6570e-03   2.5334e+02
20191109_15:00:00   6.4767e-01   1.3638e+02   1.1385e+01   0.0000e+00   1.3054e-03   2.5305e+02
20191109_16:00:00   6.5395e-01   1.3725e+02   1.1446e+01   0.0000e+00   8.1811e-03   2.5538e+02
20191109_17:00:00   6.3751e-01   1.3487e+02   1.1176e+01   0.0000e+00   5.9195e-03   2.5860e+02
20191109_18:00:00   6.2628e-01   1.3318e+02   1.1037e+01   0.0000e+00   3.5338e-03   2.5903e+02
20191109_19:00:00   6.3674e-01   1.3457e+02   1.1240e+01   0.0000e+00   7.4229e-03   2.5952e+02
20191109_20:00:00   6.5752e-01   1.3746e+02   1.1615e+01   0.0000e+00   4.4389e-02   2.6021e+02
20191109_21:00:00   6.8256e-01   1.4083e+02   1.2136e+01   2.2360e-04   5.3407e-02   2.6065e+02
20191109_22:00:00   6.7333e-01   1.3946e+02   1.1801e+01   7.6020e-03   3.5637e-02   2.6041e+02
20191109_23:00:00   6.4582e-01   1.3558e+02   1.1379e+01   7.8240e-03   1.7861e-02   2.6272e+02
20191110_00:00:00   6.1472e-01   1.3095e+02   1.1201e+01   2.2360e-04   1.3084e-02   2.6303e+02
20191110_01:00:00   6.0462e-01   1.2948e+02   1.1049e+01   0.0000e+00   1.5540e-02   2.6399e+02
20191110_02:00:00   6.1384e-01   1.3085e+02   1.1195e+01   0.0000e+00   1.6526e-02   2.6402e+02
20191110_03:00:00   6.3173e-01   1.3330e+02   1.1603e+01   0.0000e+00   4.9818e-02   2.6563e+02
20191110_04:00:00   6.3506e-01   1.3376e+02   1.1681e+01   0.0000e+00   2.1088e-02   2.6407e+02
20191110_05:00:00   6.2983e-01   1.3300e+02   1.1593e+01   0.0000e+00   2.1874e-02   2.6520e+02
20191110_06:00:00   6.5746e-01   1.3693e+02   1.2062e+01   0.0000e+00   1.0970e-02   2.6517e+02
20191110_07:00:00   6.4983e-01   1.3595e+02   1.1825e+01   0.0000e+00   2.7562e-03   2.6637e+02
20191110_08:00:00   6.2330e-01   1.3218e+02   1.1259e+01   0.0000e+00   8.0615e-03   2.6735e+02
20191110_09:00:00   6.2580e-01   1.3247e+02   1.1283e+01   0.0000e+00   7.1989e-03   2.6839e+02
20191110_10:00:00   6.0442e-01   1.2912e+02   1.0979e+01   0.0000e+00   1.8672e-02   2.6791e+02
20191110_11:00:00   5.6825e-01   1.2340e+02   1.0482e+01   0.0000e+00   5.7268e-02   2.6914e+02
20191110_12:00:00   5.5461e-01   1.2109e+02   1.0337e+01   0.0000e+00   1.4061e-02   2.7061e+02
20191110_13:00:00   5.6485e-01   1.2260e+02   1.0464e+01   0.0000e+00   9.6804e-03   2.7050e+02
20191110_14:00:00   5.2690e-01   1.1643e+02   9.9157e+00   0.0000e+00   1.9538e-02   2.6768e+02
20191110_15:00:00   5.2010e-01   1.1533e+02   9.7858e+00   0.0000e+00   1.8381e-02   2.6790e+02
20191110_16:00:00   4.9952e-01   1.1218e+02   9.3121e+00   0.0000e+00   3.7377e-02   2.6930e+02
20191110_17:00:00   5.1448e-01   1.1483e+02   9.4701e+00   0.0000e+00   7.4652e-03   2.6944e+02
20191110_18:00:00   5.3549e-01   1.1826e+02   9.7547e+00   0.0000e+00   5.6512e-03   2.6644e+02
20191110_19:00:00   6.1712e-01   1.3068e+02   1.1136e+01   0.0000e+00   3.7182e-04   2.6408e+02
20191110_20:00:00   6.3338e-01   1.3300e+02   1.1523e+01   0.0000e+00   0.0000e+00   2.6167e+02
20191110_21:00:00   6.4276e-01   1.3420e+02   1.1802e+01   0.0000e+00   3.5240e-05   2.6052e+02
20191110_22:00:00   6.2800e-01   1.3198e+02   1.1632e+01   0.0000e+00   1.0102e-03   2.5856e+02
20191110_23:00:00   6.2209e-01   1.3106e+02   1.1538e+01   0.0000e+00   4.3221e-04   2.6154e+02
20191111_00:00:00   5.9239e-01   1.2665e+02   1.1019e+01   0.0000e+00   4.5793e-03   2.6257e+02
20191111_01:00:00   5.9145e-01   1.2645e+02   1.0955e+01   0.0000e+00   2.7578e-02   2.6383e+02
20191111_02:00:00   5.9632e-01   1.2714e+02   1.1007e+01   0.0000e+00   8.6066e-03   2.6564e+02
20191111_03:00:00   5.4743e-01   1.1974e+02   1.0152e+01   0.0000e+00   2.3002e-02   2.6750e+02
20191111_04:00:00   5.4700e-01   1.1953e+02   1.0154e+01   0.0000e+00   1.7800e-02   2.6801e+02
20191111_05:00:00   5.4388e-01   1.1896e+02   1.0073e+01   0.0000e+00   9.4222e-03   2.6756e+02
20191111_06:00:00   5.0912e-01   1.1344e+02   9.4238e+00   0.0000e+00   1.5425e-02   2.6751e+02
20191111_07:00:00   5.0655e-01   1.1295e+02   9.3620e+00   0.0000e+00   1.0260e-02   2.6850e+02
20191111_08:00:00   5.2880e-01   1.1653e+02   9.6903e+00   0.0000e+00   7.3698e-03   2.6676e+02
20191111_09:00:00   5.4529e-01   1.1911e+02   9.9149e+00   0.0000e+00   8.5076e-03   2.6362e+02
20191111_10:00:00   5.6195e-01   1.2163e+02   1.0159e+01   0.0000e+00   3.2839e-02   2.6344e+02
20191111_11:00:00   5.6793e-01   1.2249e+02   1.0281e+01   0.0000e+00   2.3512e-02   2.6457e+02
20191111_12:00:00   5.6190e-01   1.2151e+02   1.0208e+01   0.0000e+00   1.3107e-02   2.6556e+02
20191111_13:00:00   5.3870e-01   1.1786e+02   9.8452e+00   0.0000e+00   1.4282e-02   2.6438e+02
20191111_14:00:00   5.1862e-01   1.1458e+02   9.5299e+00   0.0000e+00   5.4935e-03   2.6403e+02
20191111_15:00:00   5.1722e-01   1.1444e+02   9.4293e+00   0.0000e+00   1.1742e-03   2.6312e+02
20191111_16:00:00   5.2557e-01   1.1596e+02   9.4334e+00   0.0000e+00   1.7005e-04   2.6332e+02
20191111_17:00:00   5.2406e-01   1.1579e+02   9.3693e+00   0.0000e+00   3.4661e-04   2.6491e+02
20191111_18:00:00   5.2076e-01   1.1538e+02   9.2645e+00   0.0000e+00   1.2998e-05   2.6608e+02
20191111_19:00:00   5.3901e-01   1.1842e+02   9.5119e+00   0.0000e+00   1.1046e-04   2.6686e+02
20191111_20:00:00   5.7153e-01   1.2335e+02   1.0161e+01   0.0000e+00   8.9158e-04   2.6866e+02
20191111_21:00:00   5.9598e-01   1.2679e+02   1.0806e+01   0.0000e+00   6.6871e-03   2.7011e+02
20191111_22:00:00   5.7732e-01   1.2426e+02   1.0379e+01   0.0000e+00   7.4772e-04   2.7260e+02
20191111_23:00:00   5.7204e-01   1.2373e+02   1.0116e+01   6.1720e-04   1.1640e-05   2.7362e+02
20191112_00:00:00   5.4581e-01   1.1985e+02   9.6040e+00   5.7320e-04   5.7060e-06   2.7385e+02
20191112_01:00:00   5.3325e-01   1.1798e+02   9.3867e+00   0.0000e+00   4.1400e-07   2.7242e+02
20191112_02:00:00   5.2690e-01   1.1710e+02   9.2498e+00   0.0000e+00   4.1400e-07   2.7152e+02
20191112_03:00:00   5.4112e-01   1.1938e+02   9.4665e+00   0.0000e+00   0.0000e+00   2.7231e+02
20191112_04:00:00   5.5700e-01   1.2189e+02   9.6715e+00   0.0000e+00   0.0000e+00   2.7155e+02
20191112_05:00:00   5.5210e-01   1.2121e+02   9.5109e+00   0.0000e+00   0.0000e+00   2.7203e+02
20191112_06:00:00   5.3796e-01   1.1897e+02   9.3209e+00   0.0000e+00   0.0000e+00   2.7174e+02
20191112_07:00:00   5.4327e-01   1.1978e+02   9.3922e+00   0.0000e+00   0.0000e+00   2.7231e+02
20191112_08:00:00   5.2199e-01   1.1644e+02   9.0073e+00   0.0000e+00   0.0000e+00   2.7242e+02
20191112_09:00:00   5.0818e-01   1.1422e+02   8.7252e+00   0.0000e+00   0.0000e+00   2.7244e+02
20191112_10:00:00   4.8766e-01   1.1082e+02   8.3531e+00   0.0000e+00   0.0000e+00   2.7171e+02
20191112_11:00:00   4.7348e-01   1.0836e+02   8.1123e+00   0.0000e+00   0.0000e+00   2.7070e+02
20191112_12:00:00   4.5326e-01   1.0486e+02   7.7809e+00   0.0000e+00   0.0000e+00   2.6969e+02
20191112_13:00:00   4.3477e-01   1.0161e+02   7.4669e+00   0.0000e+00   0.0000e+00   2.6935e+02
20191112_14:00:00   4.2467e-01   9.9750e+01   7.2957e+00   0.0000e+00   0.0000e+00   2.6980e+02
20191112_15:00:00   4.0083e-01   9.5418e+01   6.8879e+00   0.0000e+00   0.0000e+00   2.6929e+02
20191112_16:00:00   3.7722e-01   9.1061e+01   6.4827e+00   0.0000e+00   0.0000e+00   2.6793e+02
20191112_17:00:00   3.5944e-01   8.7685e+01   6.1873e+00   0.0000e+00   0.0000e+00   2.6848e+02
20191112_18:00:00   3.2666e-01   8.1342e+01   5.6247e+00   0.0000e+00   0.0000e+00   2.6971e+02
20191112_19:00:00   2.9902e-01   7.5784e+01   5.1543e+00   0.0000e+00   0.0000e+00   2.7057e+02
20191112_20:00:00   2.8543e-01   7.2924e+01   4.9288e+00   0.0000e+00   0.0000e+00   2.7051e+02
20191112_21:00:00   2.7290e-01   7.0244e+01   4.7493e+00   0.0000e+00   0.0000e+00   2.6829e+02
20191112_22:00:00   2.6036e-01   6.7547e+01   4.5674e+00   0.0000e+00   0.0000e+00   2.6579e+02
20191112_23:00:00   2.2877e-01   6.0712e+01   4.0518e+00   0.0000e+00   0.0000e+00   2.6462e+02
20191113_00:00:00   2.0172e-01   5.4664e+01   3.6132e+00   0.0000e+00   0.0000e+00   2.6516e+02
20191113_03:00:00   1.7089e-01   4.7452e+01   3.1426e+00   0.0000e+00   0.0000e+00   2.6572e+02
20191113_06:00:00   1.7305e-01   4.7893e+01   3.2423e+00   0.0000e+00   0.0000e+00   2.6576e+02
20191113_09:00:00   2.0824e-01   5.5994e+01   3.9153e+00   0.0000e+00   0.0000e+00   2.6656e+02
20191113_12:00:00   2.0977e-01   5.6336e+01   3.9517e+00   0.0000e+00   0.0000e+00   2.6534e+02
20191113_15:00:00   1.8682e-01   5.0992e+01   3.5696e+00   0.0000e+00   1.3144e-03   2.6494e+02
20191113_18:00:00   1.7153e-01   4.7274e+01   3.3252e+00   0.0000e+00   1.1498e-03   2.6460e+02
20191113_21:00:00   2.0008e-01   5.3579e+01   3.9246e+00   0.0000e+00   1.5735e-02   2.6589e+02
20191114_00:00:00   2.3032e-01   6.0181e+01   4.5901e+00   0.0000e+00   8.1217e-03   2.6666e+02
20191114_03:00:00   2.3972e-01   6.2215e+01   4.8584e+00   0.0000e+00   3.1060e-05   2.6532e+02
20191114_06:00:00   2.6031e-01   6.6800e+01   5.2012e+00   0.0000e+00   3.8080e-06   2.6849e+02
20191114_09:00:00   2.6276e-01   6.7324e+01   5.2328e+00   0.0000e+00   2.5299e-04   2.7158e+02
20191114_12:00:00   2.7450e-01   6.9470e+01   5.5369e+00   0.0000e+00   2.8839e-03   2.7159e+02
20191114_15:00:00   2.7059e-01   6.8558e+01   5.4969e+00   0.0000e+00   4.3414e-03   2.7235e+02
20191114_18:00:00   2.6811e-01   6.8139e+01   5.3765e+00   0.0000e+00   3.1025e-03   2.7271e+02
20191114_21:00:00   2.9305e-01   7.3434e+01   5.7402e+00   0.0000e+00   9.3100e-05   2.7086e+02
20191115_00:00:00   3.0127e-01   7.5168e+01   5.8595e+00   0.0000e+00   3.2756e-04   2.6834e+02
20191115_03:00:00   3.0168e-01   7.5040e+01   5.9219e+00   0.0000e+00   2.3504e-03   2.7262e+02
20191115_06:00:00   2.8800e-01   7.2421e+01   5.4841e+00   0.0000e+00   1.1582e-02   2.7427e+02
20191115_09:00:00   3.5621e-01   8.5524e+01   6.8647e+00   0.0000e+00   1.5744e-03   2.7351e+02
20191115_12:00:00   3.5339e-01   8.5017e+01   6.6950e+00   0.0000e+00   1.6478e-02   2.7181e+02
20191115_15:00:00   3.3848e-01   8.2293e+01   6.2789e+00   0.0000e+00   1.9444e-02   2.7182e+02
20191115_18:00:00   3.4335e-01   8.3214e+01   6.2943e+00   0.0000e+00   4.8471e-02   2.7264e+02
20191115_21:00:00   3.4827e-01   8.4839e+01   6.1625e+00   0.0000e+00   2.2357e-02   2.6978e+02
20191116_00:00:00   3.5232e-01   8.5386e+01   6.3195e+00   0.0000e+00   3.4973e-02   2.6936e+02
20191116_03:00:00   3.2480e-01   8.0230e+01   5.7444e+00   0.0000e+00   2.5516e-02   2.7143e+02
20191116_06:00:00   3.2635e-01   8.0245e+01   5.8614e+00   0.0000e+00   1.0034e-02   2.7326e+02
20191116_09:00:00   3.7048e-01   8.8370e+01   6.7287e+00   0.0000e+00   4.6845e-03   2.7533e+02
20191116_12:00:00   3.7103e-01   8.8204e+01   6.8301e+00   0.0000e+00   6.9655e-03   2.7365e+02
20191116_15:00:00   4.0984e-01   9.5003e+01   7.6006e+00   0.0000e+00   2.7460e-02   2.7306e+02
20191116_18:00:00   4.0188e-01   9.4013e+01   7.1950e+00   0.0000e+00   8.6355e-03   2.7727e+02
20191116_21:00:00   4.5943e-01   1.0409e+02   8.2307e+00   0.0000e+00   5.0964e-03   2.7785e+02
20191117_00:00:00   4.6798e-01   1.0569e+02   8.2842e+00   0.0000e+00   1.5937e-03   2.7687e+02
20191117_03:00:00   5.1161e-01   1.1283e+02   8.9684e+00   0.0000e+00   1.3062e-04   2.7644e+02
20191117_06:00:00   5.3817e-01   1.1685e+02   9.4476e+00   0.0000e+00   1.6099e-03   2.7863e+02
20191117_09:00:00   6.2535e-01   1.2981e+02   9.8831e+00   2.3616e-02   1.7506e-03   2.7902e+02
20191117_12:00:00   5.8811e-01   1.2433e+02   1.0142e+01   9.5220e-04   1.7570e-03   2.7897e+02
20191117_15:00:00   6.2668e-01   1.2987e+02   1.0702e+01   3.4780e-03   4.8062e-04   2.7992e+02
20191117_18:00:00   9.1786e-01   1.6569e+02   1.1601e+01   1.0543e-01   2.4444e-02   2.8026e+02
20191117_21:00:00   1.1399e+00   1.8724e+02   1.2314e+01   1.7862e-01   4.7235e-02   2.8335e+02
20191118_00:00:00   9.1466e-01   1.6510e+02   1.3733e+01   5.5142e-02   8.6784e-02   2.8246e+02
20191118_03:00:00   7.1370e-01   1.4127e+02   1.2755e+01   0.0000e+00   4.4602e-02   2.8108e+02
20191118_06:00:00   6.6004e-01   1.3414e+02   1.1933e+01   0.0000e+00   3.7183e-03   2.8009e+02
20191118_09:00:00   6.7709e-01   1.3659e+02   1.2059e+01   0.0000e+00   5.1054e-04   2.8189e+02
20191118_12:00:00   6.9797e-01   1.3915e+02   1.2468e+01   0.0000e+00   1.1727e-03   2.8377e+02
20191118_15:00:00   7.4482e-01   1.4514e+02   1.3201e+01   0.0000e+00   1.0205e-02   2.8010e+02
20191118_18:00:00   7.1122e-01   1.4085e+02   1.2697e+01   0.0000e+00   1.7229e-02   2.7818e+02
20191118_21:00:00   7.2898e-01   1.4322e+02   1.2827e+01   6.2500e-04   3.6787e-03   2.7679e+02
20191119_00:00:00   6.5485e-01   1.3406e+02   1.0498e+01   1.9406e-02   7.4210e-04   2.7613e+02
20191119_03:00:00   6.2426e-01   1.2911e+02   1.1316e+01   0.0000e+00   3.2152e-03   2.7534e+02
20191119_06:00:00   7.4654e-01   1.4561e+02   1.3413e+01   6.7060e-04   1.0650e-02   2.7411e+02
20191119_09:00:00   7.9403e-01   1.5156e+02   1.4174e+01   0.0000e+00   1.0776e-02   2.7290e+02
20191119_12:00:00   7.5827e-01   1.4730e+02   1.3562e+01   0.0000e+00   2.3214e-03   2.7225e+02
20191119_15:00:00   6.7268e-01   1.3646e+02   1.1985e+01   0.0000e+00   1.5236e-06   2.7087e+02
20191119_18:00:00   6.3872e-01   1.3191e+02   1.1391e+01   0.0000e+00   0.0000e+00   2.6903e+02
20191119_21:00:00   6.9137e-01   1.3948e+02   1.1787e+01   9.1186e-03   4.4060e-06   2.6898e+02
20191120_00:00:00   7.3101e-01   1.4490e+02   1.2181e+01   1.8190e-02   4.9440e-06   2.6647e+02
20191120_03:00:00   5.6796e-01   1.2228e+02   1.0186e+01   0.0000e+00   0.0000e+00   2.6401e+02
20191120_06:00:00   5.6289e-01   1.2168e+02   1.0002e+01   0.0000e+00   0.0000e+00   2.6323e+02
20191120_09:00:00   5.2053e-01   1.1521e+02   9.1431e+00   0.0000e+00   0.0000e+00   2.6464e+02
20191120_12:00:00   4.3449e-01   1.0076e+02   7.6285e+00   0.0000e+00   0.0000e+00   2.6639e+02
20191120_15:00:00   3.8669e-01   9.1963e+01   6.8903e+00   0.0000e+00   6.8160e-04   2.6345e+02
20191120_18:00:00   4.3632e-01   1.0066e+02   7.8554e+00   0.0000e+00   4.5418e-03   2.6257e+02
20191120_21:00:00   5.7309e-01   1.2296e+02   1.0253e+01   0.0000e+00   9.2996e-03   2.6276e+02
20191121_00:00:00   6.4680e-01   1.3368e+02   1.1451e+01   3.9260e-03   9.3486e-03   2.6158e+02
20191121_03:00:00   6.4109e-01   1.3282e+02   1.1639e+01   0.0000e+00   1.0395e-02   2.6220e+02
20191121_06:00:00   6.4122e-01   1.3284e+02   1.1529e+01   0.0000e+00   9.8659e-03   2.6113e+02
20191121_09:00:00   6.5414e-01   1.3461e+02   1.1542e+01   0.0000e+00   5.9374e-03   2.6364e+02
20191121_12:00:00   5.5583e-01   1.2060e+02   9.3819e+00   0.0000e+00   1.9068e-03   2.6220e+02
20191121_15:00:00   5.3043e-01   1.1659e+02   8.8633e+00   0.0000e+00   2.6793e-04   2.6114e+02
20191121_18:00:00   5.0235e-01   1.1208e+02   8.3981e+00   0.0000e+00   4.1400e-06   2.6063e+02
20191121_21:00:00   6.3748e-01   1.3285e+02   8.8801e+00   4.3920e-02   1.4324e-05   2.6377e+02
20191122_00:00:00   6.1755e-01   1.2989e+02   8.8954e+00   3.6301e-02   4.7476e-05   2.6299e+02
20191122_03:00:00   4.8108e-01   1.0848e+02   8.1533e+00   2.2360e-04   0.0000e+00   2.6172e+02
20191122_06:00:00   4.2018e-01   9.7771e+01   7.2114e+00   0.0000e+00   0.0000e+00   2.6369e+02
20191122_09:00:00   4.3230e-01   9.9452e+01   7.5072e+00   0.0000e+00   0.0000e+00   2.6337e+02
20191122_12:00:00   3.2264e-01   7.9418e+01   5.5145e+00   0.0000e+00   0.0000e+00   2.6762e+02
20191122_15:00:00   2.7510e-01   6.9596e+01   4.7858e+00   0.0000e+00   0.0000e+00   2.6570e+02
20191122_18:00:00   2.9298e-01   7.3333e+01   5.0608e+00   0.0000e+00   0.0000e+00   2.6407e+02
20191122_21:00:00   3.6819e-01   8.7824e+01   6.4214e+00   0.0000e+00   0.0000e+00   2.6263e+02
20191123_00:00:00   4.2344e-01   9.7688e+01   7.4733e+00   0.0000e+00   0.0000e+00   2.6015e+02
20191123_03:00:00   3.5603e-01   8.5459e+01   6.2550e+00   0.0000e+00   0.0000e+00   2.5930e+02
20191123_06:00:00   3.7760e-01   8.9367e+01   6.6384e+00   0.0000e+00   0.0000e+00   2.6346e+02
20191123_09:00:00   4.6444e-01   1.0401e+02   8.3281e+00   0.0000e+00   1.3677e-03   2.6875e+02
20191123_12:00:00   3.6283e-01   8.6682e+01   6.2883e+00   0.0000e+00   0.0000e+00   2.7687e+02
20191123_15:00:00   2.2956e-01   6.0303e+01   3.8304e+00   0.0000e+00   0.0000e+00   2.6784e+02
20191123_18:00:00   1.7486e-01   4.8077e+01   3.0222e+00   0.0000e+00   0.0000e+00   2.5990e+02
20191123_21:00:00   1.6955e-01   4.6927e+01   3.0151e+00   0.0000e+00   0.0000e+00   2.5630e+02
20191124_00:00:00   1.6253e-01   4.5553e+01   2.8970e+00   0.0000e+00   0.0000e+00   2.4935e+02
