#            date       tau225        Tb[K]      pwv[mm] lwp[kg*m^-2] iwp[kg*m^-2]       o3[DU]
20191111_18:00:00   1.0337e+00   1.7980e+02   1.8566e+01   8.5120e-04   2.2205e-03   2.6681e+02
20191111_19:00:00   1.0383e+00   1.8049e+02   1.8363e+01   4.3385e-03   2.9126e-04   2.6649e+02
20191111_20:00:00   1.0068e+00   1.7768e+02   1.7651e+01   5.5140e-03   3.7543e-04   2.6485e+02
20191111_21:00:00   1.0295e+00   1.8006e+02   1.7563e+01   1.6100e-02   2.1545e-04   2.6348e+02
20191111_22:00:00   1.2145e+00   1.9654e+02   1.7472e+01   9.1618e-02   8.2160e-04   2.6217e+02
20191111_23:00:00   9.4932e-01   1.7240e+02   1.5800e+01   2.0777e-02   1.1738e-05   2.6317e+02
20191112_00:00:00   8.4052e-01   1.6061e+02   1.4641e+01   7.4377e-04   0.0000e+00   2.6361e+02
20191112_01:00:00   8.3707e-01   1.6023e+02   1.4544e+01   0.0000e+00   0.0000e+00   2.6205e+02
20191112_02:00:00   8.2685e-01   1.5908e+02   1.4332e+01   0.0000e+00   0.0000e+00   2.6030e+02
20191112_03:00:00   8.1868e-01   1.5815e+02   1.4177e+01   1.0352e-04   4.1400e-07   2.6294e+02
20191112_04:00:00   8.2656e-01   1.5908e+02   1.4203e+01   1.7082e-03   1.2422e-06   2.6317e+02
20191112_05:00:00   8.4330e-01   1.6096e+02   1.4443e+01   2.7260e-03   5.6740e-06   2.6297e+02
20191112_06:00:00   8.4191e-01   1.6075e+02   1.4496e+01   1.8462e-03   3.6500e-06   2.6370e+02
20191112_07:00:00   8.1501e-01   1.5768e+02   1.4225e+01   0.0000e+00   1.7886e-06   2.6373e+02
20191112_08:00:00   8.0537e-01   1.5645e+02   1.4098e+01   0.0000e+00   0.0000e+00   2.6486e+02
20191112_09:00:00   8.0110e-01   1.5590e+02   1.3956e+01   0.0000e+00   0.0000e+00   2.6593e+02
20191112_10:00:00   8.0126e-01   1.5595e+02   1.3896e+01   0.0000e+00   0.0000e+00   2.6369e+02
20191112_11:00:00   7.8712e-01   1.5437e+02   1.3638e+01   0.0000e+00   0.0000e+00   2.6335e+02
20191112_12:00:00   7.7104e-01   1.5235e+02   1.3390e+01   0.0000e+00   0.0000e+00   2.6344e+02
20191112_13:00:00   7.5554e-01   1.5036e+02   1.3159e+01   0.0000e+00   0.0000e+00   2.6366e+02
20191112_14:00:00   7.4108e-01   1.4847e+02   1.2954e+01   0.0000e+00   0.0000e+00   2.6306e+02
20191112_15:00:00   7.2873e-01   1.4690e+02   1.2770e+01   0.0000e+00   0.0000e+00   2.6458e+02
20191112_16:00:00   7.0997e-01   1.4449e+02   1.2482e+01   0.0000e+00   0.0000e+00   2.6592e+02
20191112_17:00:00   6.8655e-01   1.4139e+02   1.2120e+01   0.0000e+00   0.0000e+00   2.6684e+02
20191112_18:00:00   6.6449e-01   1.3836e+02   1.1753e+01   0.0000e+00   0.0000e+00   2.6578e+02
20191112_19:00:00   6.5272e-01   1.3668e+02   1.1521e+01   0.0000e+00   0.0000e+00   2.6630e+02
20191112_20:00:00   6.4120e-01   1.3499e+02   1.1284e+01   0.0000e+00   0.0000e+00   2.6657e+02
20191112_21:00:00   6.2708e-01   1.3295e+02   1.1037e+01   0.0000e+00   0.0000e+00   2.6686e+02
20191112_22:00:00   5.9979e-01   1.2895e+02   1.0590e+01   0.0000e+00   0.0000e+00   2.6886e+02
20191112_23:00:00   5.7896e-01   1.2579e+02   1.0246e+01   0.0000e+00   0.0000e+00   2.7032e+02
20191113_00:00:00   5.8456e-01   1.2656e+02   1.0347e+01   0.0000e+00   0.0000e+00   2.7427e+02
20191113_01:00:00   5.5074e-01   1.2134e+02   9.8089e+00   0.0000e+00   0.0000e+00   2.7403e+02
20191113_02:00:00   5.0403e-01   1.1377e+02   9.0701e+00   0.0000e+00   0.0000e+00   2.7187e+02
20191113_03:00:00   4.5846e-01   1.0596e+02   8.3601e+00   0.0000e+00   0.0000e+00   2.6958e+02
20191113_04:00:00   4.3194e-01   1.0116e+02   7.9708e+00   0.0000e+00   0.0000e+00   2.6783e+02
20191113_05:00:00   3.8413e-01   9.2279e+01   7.2271e+00   0.0000e+00   0.0000e+00   2.6718e+02
20191113_06:00:00   3.5802e-01   8.7224e+01   6.8080e+00   0.0000e+00   0.0000e+00   2.6722e+02
20191113_07:00:00   3.5577e-01   8.6671e+01   6.8200e+00   0.0000e+00   0.0000e+00   2.6837e+02
20191113_08:00:00   3.6122e-01   8.7589e+01   6.9815e+00   0.0000e+00   0.0000e+00   2.6969e+02
20191113_09:00:00   3.7394e-01   8.9862e+01   7.2788e+00   0.0000e+00   0.0000e+00   2.7141e+02
20191113_10:00:00   3.8772e-01   9.2356e+01   7.5501e+00   0.0000e+00   0.0000e+00   2.7310e+02
20191113_11:00:00   3.9349e-01   9.3331e+01   7.6852e+00   0.0000e+00   0.0000e+00   2.7208e+02
20191113_12:00:00   3.9507e-01   9.3545e+01   7.7549e+00   0.0000e+00   0.0000e+00   2.7188e+02
20191113_13:00:00   3.9927e-01   9.4247e+01   7.8610e+00   0.0000e+00   0.0000e+00   2.7428e+02
20191113_14:00:00   3.9807e-01   9.3992e+01   7.8450e+00   0.0000e+00   0.0000e+00   2.7299e+02
20191113_15:00:00   3.9776e-01   9.3858e+01   7.8899e+00   0.0000e+00   0.0000e+00   2.7215e+02
20191113_16:00:00   4.0817e-01   9.5711e+01   8.1190e+00   0.0000e+00   0.0000e+00   2.7308e+02
20191113_17:00:00   4.1755e-01   9.7403e+01   8.2968e+00   0.0000e+00   0.0000e+00   2.7399e+02
20191113_18:00:00   4.2019e-01   9.7851e+01   8.3561e+00   0.0000e+00   0.0000e+00   2.7224e+02
20191113_19:00:00   4.2627e-01   9.8993e+01   8.4572e+00   0.0000e+00   0.0000e+00   2.7240e+02
20191113_20:00:00   4.4044e-01   1.0167e+02   8.6451e+00   0.0000e+00   0.0000e+00   2.7268e+02
20191113_21:00:00   4.5531e-01   1.0443e+02   8.8623e+00   0.0000e+00   0.0000e+00   2.7146e+02
20191113_22:00:00   4.3801e-01   1.0141e+02   8.5809e+00   0.0000e+00   0.0000e+00   2.7129e+02
20191113_23:00:00   4.1924e-01   9.8067e+01   8.2637e+00   0.0000e+00   0.0000e+00   2.7058e+02
20191114_00:00:00   4.0340e-01   9.5122e+01   8.0279e+00   0.0000e+00   0.0000e+00   2.7038e+02
20191114_01:00:00   3.9781e-01   9.4013e+01   7.9614e+00   0.0000e+00   0.0000e+00   2.7185e+02
20191114_02:00:00   3.8903e-01   9.2402e+01   7.8257e+00   0.0000e+00   3.7818e-04   2.7333e+02
20191114_03:00:00   3.8194e-01   9.1137e+01   7.7158e+00   0.0000e+00   7.9296e-04   2.7398e+02
20191114_04:00:00   3.7723e-01   9.0317e+01   7.5869e+00   0.0000e+00   0.0000e+00   2.7416e+02
20191114_05:00:00   3.7114e-01   8.9159e+01   7.4718e+00   0.0000e+00   0.0000e+00   2.7554e+02
20191114_06:00:00   3.6965e-01   8.8787e+01   7.4534e+00   0.0000e+00   0.0000e+00   2.7626e+02
20191114_07:00:00   3.6234e-01   8.7294e+01   7.3468e+00   0.0000e+00   1.8438e-04   2.7481e+02
20191114_08:00:00   3.5601e-01   8.6011e+01   7.2368e+00   0.0000e+00   2.8972e-03   2.7602e+02
20191114_09:00:00   3.5466e-01   8.5725e+01   7.2036e+00   0.0000e+00   1.8419e-03   2.7743e+02
20191114_10:00:00   3.5582e-01   8.5928e+01   7.2173e+00   0.0000e+00   4.5146e-04   2.7706e+02
20191114_11:00:00   3.5795e-01   8.6333e+01   7.2559e+00   0.0000e+00   1.0221e-03   2.7706e+02
20191114_12:00:00   3.6074e-01   8.6806e+01   7.3371e+00   0.0000e+00   7.2953e-04   2.7728e+02
20191114_13:00:00   3.6500e-01   8.7629e+01   7.4056e+00   0.0000e+00   1.9282e-04   2.7784e+02
20191114_14:00:00   3.6775e-01   8.8144e+01   7.4495e+00   0.0000e+00   4.4008e-04   2.7795e+02
20191114_15:00:00   3.7297e-01   8.9088e+01   7.5466e+00   0.0000e+00   1.0602e-03   2.7873e+02
20191114_16:00:00   3.7879e-01   9.0143e+01   7.6564e+00   0.0000e+00   7.8503e-05   2.7975e+02
20191114_17:00:00   3.8051e-01   9.0452e+01   7.6950e+00   0.0000e+00   3.1972e-04   2.8036e+02
20191114_18:00:00   3.8282e-01   9.0866e+01   7.7361e+00   0.0000e+00   3.4722e-03   2.7942e+02
20191114_19:00:00   4.0106e-01   9.4283e+01   8.0538e+00   0.0000e+00   8.4669e-03   2.7880e+02
20191114_20:00:00   4.1914e-01   9.7636e+01   8.3683e+00   0.0000e+00   4.9904e-03   2.7898e+02
20191114_21:00:00   4.2326e-01   9.8438e+01   8.4427e+00   0.0000e+00   4.7542e-03   2.7873e+02
20191114_22:00:00   4.1691e-01   9.7385e+01   8.3253e+00   0.0000e+00   4.9815e-03   2.7747e+02
20191114_23:00:00   4.2319e-01   9.8659e+01   8.3822e+00   0.0000e+00   6.2860e-04   2.7766e+02
20191115_00:00:00   4.3184e-01   1.0035e+02   8.4829e+00   0.0000e+00   0.0000e+00   2.7780e+02
20191115_01:00:00   4.1941e-01   9.8179e+01   8.2626e+00   0.0000e+00   0.0000e+00   2.7749e+02
20191115_02:00:00   4.0664e-01   9.5803e+01   8.0602e+00   0.0000e+00   0.0000e+00   2.7809e+02
20191115_03:00:00   3.8413e-01   9.1592e+01   7.6832e+00   0.0000e+00   1.1708e-03   2.7775e+02
20191115_04:00:00   3.7975e-01   9.0707e+01   7.6283e+00   0.0000e+00   1.0830e-02   2.7767e+02
20191115_05:00:00   3.7784e-01   9.0316e+01   7.6244e+00   0.0000e+00   3.2697e-03   2.7739e+02
20191115_06:00:00   3.7303e-01   8.9403e+01   7.5429e+00   0.0000e+00   2.2519e-03   2.7650e+02
20191115_07:00:00   3.6645e-01   8.8146e+01   7.4204e+00   0.0000e+00   2.5330e-03   2.7580e+02
20191115_08:00:00   3.6941e-01   8.8761e+01   7.4541e+00   0.0000e+00   2.8673e-03   2.7501e+02
20191115_09:00:00   3.7244e-01   8.9423e+01   7.4571e+00   0.0000e+00   8.5405e-04   2.7405e+02
20191115_10:00:00   3.7279e-01   8.9565e+01   7.4276e+00   0.0000e+00   5.0256e-04   2.7254e+02
20191115_11:00:00   3.7493e-01   9.0007e+01   7.4289e+00   0.0000e+00   1.7322e-03   2.7160e+02
20191115_12:00:00   3.6912e-01   8.8923e+01   7.3098e+00   0.0000e+00   1.6490e-03   2.7175e+02
20191115_13:00:00   3.6759e-01   8.8642e+01   7.2674e+00   0.0000e+00   1.4315e-03   2.7272e+02
20191115_14:00:00   3.6938e-01   8.8967e+01   7.2930e+00   0.0000e+00   3.3123e-03   2.7253e+02
20191115_15:00:00   3.7835e-01   9.0604e+01   7.4652e+00   0.0000e+00   4.2874e-03   2.7110e+02
20191115_16:00:00   3.8427e-01   9.1684e+01   7.5849e+00   0.0000e+00   6.8026e-03   2.7001e+02
20191115_17:00:00   3.8258e-01   9.1370e+01   7.5599e+00   0.0000e+00   7.5001e-03   2.6942e+02
20191115_18:00:00   3.9019e-01   9.2771e+01   7.6927e+00   0.0000e+00   6.5800e-03   2.6916e+02
20191115_19:00:00   3.8774e-01   9.2396e+01   7.6057e+00   0.0000e+00   1.9353e-03   2.6858e+02
20191115_20:00:00   3.9033e-01   9.2991e+01   7.6008e+00   0.0000e+00   1.0903e-03   2.6927e+02
20191115_21:00:00   4.0564e-01   9.5881e+01   7.8581e+00   0.0000e+00   6.5970e-04   2.7019e+02
20191115_22:00:00   4.1466e-01   9.7575e+01   8.0099e+00   0.0000e+00   9.0720e-04   2.7096e+02
20191115_23:00:00   4.1851e-01   9.8316e+01   8.0676e+00   0.0000e+00   6.1460e-04   2.7068e+02
20191116_00:00:00   4.2010e-01   9.8574e+01   8.0911e+00   0.0000e+00   1.4195e-03   2.7100e+02
20191116_01:00:00   4.1254e-01   9.7281e+01   7.9179e+00   0.0000e+00   3.7317e-03   2.7250e+02
20191116_02:00:00   4.1729e-01   9.7971e+01   8.0813e+00   0.0000e+00   6.2289e-03   2.7380e+02
20191116_03:00:00   4.1897e-01   9.8161e+01   8.1688e+00   0.0000e+00   5.4952e-03   2.7358e+02
20191116_04:00:00   4.1939e-01   9.8070e+01   8.2400e+00   0.0000e+00   1.0312e-02   2.7310e+02
20191116_05:00:00   4.2615e-01   9.9078e+01   8.4275e+00   0.0000e+00   2.7596e-02   2.7310e+02
20191116_06:00:00   4.2715e-01   9.9407e+01   8.3868e+00   0.0000e+00   3.4245e-03   2.7335e+02
20191116_07:00:00   4.2321e-01   9.8965e+01   8.1790e+00   0.0000e+00   2.6750e-03   2.7340e+02
20191116_08:00:00   4.1627e-01   9.7873e+01   7.9605e+00   0.0000e+00   3.6848e-03   2.7305e+02
20191116_09:00:00   4.3291e-01   1.0075e+02   8.2920e+00   0.0000e+00   6.3460e-03   2.7308e+02
20191116_10:00:00   4.6566e-01   1.0624e+02   8.9441e+00   0.0000e+00   7.2182e-03   2.7318e+02
20191116_11:00:00   4.5774e-01   1.0496e+02   8.7534e+00   0.0000e+00   4.9776e-03   2.7288e+02
20191116_12:00:00   4.6205e-01   1.0577e+02   8.7600e+00   0.0000e+00   4.2752e-03   2.7194e+02
20191116_13:00:00   4.6822e-01   1.0680e+02   8.8546e+00   0.0000e+00   5.2615e-03   2.7129e+02
20191116_14:00:00   4.7582e-01   1.0805e+02   8.9776e+00   0.0000e+00   9.2086e-03   2.7111e+02
20191116_15:00:00   4.9624e-01   1.1140e+02   9.3371e+00   0.0000e+00   5.6773e-03   2.7097e+02
20191116_16:00:00   5.0486e-01   1.1284e+02   9.4637e+00   0.0000e+00   6.9305e-03   2.7180e+02
20191116_17:00:00   5.1535e-01   1.1447e+02   9.6843e+00   0.0000e+00   7.6566e-03   2.7316e+02
20191116_18:00:00   5.2262e-01   1.1556e+02   9.8457e+00   0.0000e+00   7.2505e-03   2.7444e+02
20191116_21:00:00   5.1984e-01   1.1562e+02   9.5164e+00   0.0000e+00   0.0000e+00   2.7749e+02
20191117_00:00:00   4.9589e-01   1.1200e+02   8.9938e+00   0.0000e+00   0.0000e+00   2.7815e+02
20191117_03:00:00   4.3044e-01   1.0088e+02   7.8865e+00   0.0000e+00   0.0000e+00   2.7879e+02
20191117_06:00:00   4.2266e-01   9.9621e+01   7.6241e+00   0.0000e+00   0.0000e+00   2.7831e+02
20191117_09:00:00   3.6995e-01   9.0085e+01   6.5510e+00   0.0000e+00   0.0000e+00   2.7872e+02
20191117_12:00:00   2.3367e-01   6.2438e+01   4.1496e+00   0.0000e+00   0.0000e+00   2.7998e+02
20191117_15:00:00   1.9757e-01   5.4429e+01   3.4807e+00   0.0000e+00   0.0000e+00   2.8106e+02
20191117_18:00:00   2.0448e-01   5.6007e+01   3.6075e+00   0.0000e+00   0.0000e+00   2.7783e+02
20191117_21:00:00   2.4013e-01   6.4043e+01   4.2324e+00   0.0000e+00   0.0000e+00   2.7365e+02
20191118_00:00:00   2.3534e-01   6.3080e+01   4.1460e+00   0.0000e+00   0.0000e+00   2.6779e+02
20191118_03:00:00   1.8368e-01   5.1400e+01   3.2532e+00   0.0000e+00   1.8710e-04   2.6486e+02
20191118_06:00:00   1.6145e-01   4.6130e+01   2.8586e+00   0.0000e+00   1.7180e-04   2.6628e+02
20191118_09:00:00   1.5690e-01   4.4923e+01   2.8025e+00   0.0000e+00   3.5542e-05   2.6777e+02
20191118_12:00:00   1.3339e-01   3.9166e+01   2.3908e+00   0.0000e+00   0.0000e+00   2.6618e+02
20191118_15:00:00   1.3941e-01   4.0399e+01   2.5786e+00   0.0000e+00   0.0000e+00   2.6739e+02
20191118_18:00:00   1.6196e-01   4.5587e+01   3.0701e+00   0.0000e+00   5.3241e-04   2.6558e+02
20191118_21:00:00   2.1505e-01   5.7270e+01   4.2117e+00   0.0000e+00   3.2454e-02   2.6598e+02
20191119_00:00:00   2.2171e-01   5.8458e+01   4.4302e+00   0.0000e+00   2.0269e-02   2.6668e+02
20191119_03:00:00   2.5645e-01   6.5767e+01   5.1147e+00   0.0000e+00   3.3030e-02   2.7350e+02
20191119_06:00:00   3.0532e-01   7.6354e+01   5.9779e+00   0.0000e+00   0.0000e+00   2.7416e+02
20191119_09:00:00   3.6399e-01   8.8114e+01   6.9670e+00   0.0000e+00   0.0000e+00   2.7540e+02
20191119_12:00:00   5.2586e-01   1.1682e+02   9.6837e+00   0.0000e+00   0.0000e+00   2.7451e+02
20191119_15:00:00   6.1969e-01   1.3123e+02   1.1081e+01   0.0000e+00   0.0000e+00   2.7683e+02
20191119_18:00:00   7.2820e-01   1.4621e+02   1.2435e+01   8.4340e-03   2.2020e-04   2.7826e+02
20191119_21:00:00   8.4986e-01   1.6046e+02   1.5407e+01   2.5880e-04   1.2075e-02   2.8064e+02
20191120_00:00:00   1.0822e+00   1.8390e+02   1.8767e+01   1.3682e-02   1.8796e-01   2.7867e+02
20191120_03:00:00   1.0810e+00   1.8405e+02   1.8657e+01   1.1695e-02   2.7385e-01   2.7609e+02
20191120_06:00:00   8.1622e-01   1.5513e+02   1.5151e+01   0.0000e+00   1.6984e-01   2.7915e+02
20191120_09:00:00   9.3035e-01   1.6781e+02   1.6370e+01   1.3674e-02   1.4093e-02   2.8170e+02
20191120_12:00:00   1.7697e+00   2.2849e+02   1.7424e+01   3.2962e-01   1.8512e-01   2.8130e+02
20191120_15:00:00   9.3637e-01   1.7026e+02   1.2485e+01   8.7040e-02   0.0000e+00   2.8176e+02
20191120_18:00:00   2.9791e-01   7.4848e+01   5.1416e+00   0.0000e+00   9.1901e-05   2.7928e+02
20191120_21:00:00   2.9184e-01   7.3429e+01   4.9894e+00   0.0000e+00   1.4626e-03   2.7663e+02
20191121_00:00:00   1.7699e-01   4.8957e+01   2.9030e+00   0.0000e+00   0.0000e+00   2.7822e+02
20191121_03:00:00   2.8934e-01   7.3258e+01   3.3456e+00   3.1870e-02   0.0000e+00   2.7655e+02
20191121_06:00:00   6.4281e-01   1.3306e+02   4.5871e+00   1.4241e-01   7.1540e-06   2.7257e+02
20191121_09:00:00   7.7407e-01   1.4982e+02   5.1390e+00   1.8376e-01   3.9880e-05   2.7319e+02
20191121_12:00:00   3.2054e-01   7.7796e+01   4.7725e+00   9.5963e-03   8.5470e-06   2.7296e+02
20191121_15:00:00   1.6222e-01   4.4629e+01   2.3969e+00   3.6890e-03   3.7261e-06   2.7442e+02
20191121_18:00:00   1.8511e-01   4.9679e+01   2.8984e+00   0.0000e+00   0.0000e+00   2.7453e+02
20191121_21:00:00   2.0927e-01   5.5117e+01   3.2884e+00   0.0000e+00   0.0000e+00   2.7154e+02
20191122_00:00:00   1.8697e-01   5.0181e+01   3.0343e+00   0.0000e+00   0.0000e+00   2.6742e+02
20191122_03:00:00   1.5672e-01   4.3198e+01   2.6474e+00   0.0000e+00   0.0000e+00   2.6714e+02
20191122_06:00:00   1.5114e-01   4.1823e+01   2.6255e+00   0.0000e+00   0.0000e+00   2.6677e+02
20191122_09:00:00   1.4478e-01   4.0201e+01   2.5937e+00   0.0000e+00   1.6631e-04   2.6721e+02
20191122_12:00:00   1.4168e-01   3.9243e+01   2.6567e+00   0.0000e+00   2.4222e-04   2.6902e+02
20191122_15:00:00   1.6217e-01   4.3524e+01   3.1701e+00   0.0000e+00   1.6697e-04   2.6795e+02
20191122_18:00:00   1.5267e-01   4.1791e+01   2.8312e+00   0.0000e+00   3.3713e-04   2.6891e+02
20191122_21:00:00   1.3819e-01   3.9116e+01   2.3392e+00   0.0000e+00   2.0700e-06   2.7573e+02
20191123_00:00:00   1.3074e-01   3.7442e+01   2.2087e+00   0.0000e+00   0.0000e+00   2.7928e+02
20191123_03:00:00   1.3243e-01   3.7706e+01   2.3014e+00   0.0000e+00   0.0000e+00   2.8156e+02
20191123_06:00:00   1.3412e-01   3.8111e+01   2.3815e+00   0.0000e+00   0.0000e+00   2.8152e+02
20191123_09:00:00   1.4910e-01   4.1175e+01   2.8161e+00   0.0000e+00   0.0000e+00   2.8180e+02
20191123_12:00:00   1.9452e-01   5.1220e+01   3.8136e+00   0.0000e+00   0.0000e+00   2.8080e+02
20191123_15:00:00   2.6538e-01   6.5947e+01   5.3100e+00   0.0000e+00   0.0000e+00   2.7895e+02
20191123_18:00:00   3.1094e-01   7.4807e+01   6.2572e+00   0.0000e+00   0.0000e+00   2.7571e+02
20191123_21:00:00   3.5736e-01   8.3404e+01   7.1644e+00   0.0000e+00   2.3176e-02   2.7282e+02
20191124_00:00:00   4.7073e-01   1.0294e+02   9.1946e+00   0.0000e+00   3.6256e-01   2.7124e+02
20191124_03:00:00   4.8612e-01   1.0749e+02   8.9220e+00   0.0000e+00   1.2637e-02   2.7054e+02
20191124_06:00:00   3.5419e-01   8.5142e+01   6.2227e+00   0.0000e+00   0.0000e+00   2.7269e+02
20191124_09:00:00   3.2191e-01   7.8939e+01   5.7463e+00   0.0000e+00   0.0000e+00   2.7286e+02
20191124_12:00:00   3.0856e-01   7.6088e+01   5.6472e+00   0.0000e+00   0.0000e+00   2.7562e+02
20191124_15:00:00   3.4076e-01   8.1838e+01   6.5658e+00   0.0000e+00   1.9235e-04   2.7329e+02
20191124_18:00:00   3.2532e-01   7.8211e+01   6.4742e+00   0.0000e+00   7.0712e-04   2.6636e+02
20191124_21:00:00   4.3144e-01   9.7610e+01   8.4237e+00   0.0000e+00   7.8718e-02   2.6372e+02
20191125_00:00:00   6.4807e-01   1.3171e+02   1.2241e+01   0.0000e+00   1.8713e-01   2.6371e+02
20191125_03:00:00   3.8648e-01   9.0264e+01   7.2292e+00   0.0000e+00   3.3143e-02   2.6565e+02
20191125_06:00:00   4.4226e-01   9.9891e+01   8.1924e+00   0.0000e+00   1.0638e-02   2.7006e+02
20191125_09:00:00   5.1879e-01   1.1211e+02   9.3453e+00   0.0000e+00   8.5483e-02   2.7033e+02
20191125_12:00:00   5.7516e-01   1.2184e+02   7.7543e+00   5.2774e-02   0.0000e+00   2.7005e+02
20191125_15:00:00   1.0479e+00   1.8009e+02   7.0982e+00   2.5002e-01   8.9430e-06   2.6448e+02
20191125_18:00:00   3.8453e-01   9.0269e+01   4.9783e+00   3.8550e-02   0.0000e+00   2.5522e+02
20191125_21:00:00   2.6838e-01   6.7499e+01   4.7601e+00   0.0000e+00   0.0000e+00   2.5211e+02
20191126_00:00:00   2.3705e-01   6.0743e+01   4.4432e+00   0.0000e+00   0.0000e+00   2.5220e+02
20191126_03:00:00   2.3593e-01   6.0826e+01   4.4055e+00   0.0000e+00   0.0000e+00   2.5220e+02
20191126_06:00:00   2.0152e-01   5.3777e+01   3.6666e+00   0.0000e+00   0.0000e+00   2.5160e+02
20191126_09:00:00   2.0941e-01   5.5520e+01   3.8523e+00   0.0000e+00   0.0000e+00   2.5161e+02
20191126_12:00:00   2.3871e-01   6.1891e+01   4.4242e+00   0.0000e+00   0.0000e+00   2.5195e+02
20191126_15:00:00   2.5636e-01   6.5788e+01   4.7072e+00   0.0000e+00   0.0000e+00   2.4923e+02
20191126_18:00:00   2.8158e-01   7.0888e+01   5.2120e+00   0.0000e+00   0.0000e+00   2.5029e+02
20191126_21:00:00   2.8802e-01   7.2046e+01   5.3883e+00   0.0000e+00   0.0000e+00   2.4972e+02
20191127_00:00:00   2.8361e-01   7.1034e+01   5.4341e+00   0.0000e+00   0.0000e+00   2.4682e+02
20191127_03:00:00   2.7877e-01   7.0116e+01   5.3841e+00   0.0000e+00   0.0000e+00   2.4446e+02
20191127_06:00:00   2.6391e-01   6.7215e+01   5.0817e+00   0.0000e+00   0.0000e+00   2.4431e+02
20191127_09:00:00   2.5753e-01   6.5892e+01   4.9398e+00   0.0000e+00   0.0000e+00   2.4130e+02
20191127_12:00:00   2.1250e-01   5.6184e+01   4.0949e+00   0.0000e+00   0.0000e+00   2.3839e+02
20191127_15:00:00   1.6071e-01   4.4472e+01   3.1267e+00   0.0000e+00   0.0000e+00   2.3803e+02
20191127_18:00:00   1.6016e-01   4.4248e+01   3.1751e+00   0.0000e+00   0.0000e+00   2.3904e+02
