#            date       tau225        Tb[K]      pwv[mm] lwp[kg*m^-2] iwp[kg*m^-2]       o3[DU]
20191121_18:00:00   6.1694e-01   1.2734e+02   7.4138e+00   6.9437e-02   8.6623e-05   3.2228e+02
20191121_19:00:00   5.1244e-01   1.1088e+02   7.9026e+00   1.7156e-02   4.6452e-04   3.2218e+02
20191121_20:00:00   4.8572e-01   1.0637e+02   7.9202e+00   7.2450e-03   4.6699e-04   3.2223e+02
20191121_21:00:00   4.4661e-01   1.0002e+02   7.4391e+00   1.9077e-03   2.0244e-04   3.1715e+02
20191121_22:00:00   4.3531e-01   9.8326e+01   6.9693e+00   7.4820e-03   3.8612e-05   3.1021e+02
20191121_23:00:00   4.5584e-01   1.0168e+02   7.5663e+00   1.5432e-03   4.3189e-03   3.0436e+02
20191122_00:00:00   5.4859e-01   1.1641e+02   9.0812e+00   2.0837e-03   1.0868e-02   2.9944e+02
20191122_01:00:00   5.6783e-01   1.1931e+02   9.4156e+00   2.0901e-03   2.3555e-03   2.9582e+02
20191122_02:00:00   5.5646e-01   1.1769e+02   9.2424e+00   9.0665e-04   2.1461e-03   2.9100e+02
20191122_03:00:00   5.0055e-01   1.0930e+02   8.2641e+00   0.0000e+00   6.4874e-04   2.8881e+02
20191122_04:00:00   4.5207e-01   1.0153e+02   7.4570e+00   0.0000e+00   5.8673e-06   2.8468e+02
20191122_05:00:00   4.2555e-01   9.6994e+01   7.0806e+00   0.0000e+00   1.7886e-06   2.8143e+02
20191122_06:00:00   4.2715e-01   9.7159e+01   7.1808e+00   4.4100e-05   7.3620e-06   2.8048e+02
20191122_07:00:00   4.2386e-01   9.6515e+01   7.2015e+00   2.2040e-04   4.2940e-06   2.7975e+02
20191122_08:00:00   4.2224e-01   9.6147e+01   7.2666e+00   8.8180e-05   1.2921e-05   2.7847e+02
20191122_09:00:00   4.2061e-01   9.5887e+01   7.2339e+00   1.3228e-04   3.5602e-05   2.8035e+02
20191122_10:00:00   4.4022e-01   9.9181e+01   7.5359e+00   1.8984e-03   7.7078e-05   2.8022e+02
20191122_11:00:00   4.2033e-01   9.5745e+01   7.2992e+00   4.6578e-04   8.5716e-06   2.7895e+02
20191122_12:00:00   4.0618e-01   9.3263e+01   7.1063e+00   3.8320e-04   3.1621e-04   2.7794e+02
20191122_13:00:00   3.9256e-01   9.0856e+01   6.9113e+00   0.0000e+00   5.5767e-04   2.7600e+02
20191122_14:00:00   3.6670e-01   8.6133e+01   6.5595e+00   0.0000e+00   3.6036e-03   2.7549e+02
20191122_15:00:00   3.5235e-01   8.3476e+01   6.3504e+00   0.0000e+00   2.8504e-03   2.7539e+02
20191122_16:00:00   3.4126e-01   8.1423e+01   6.1892e+00   0.0000e+00   2.2878e-04   2.7460e+02
20191122_17:00:00   3.3660e-01   8.0566e+01   6.1170e+00   0.0000e+00   3.4319e-04   2.7490e+02
20191122_18:00:00   3.3952e-01   8.1146e+01   6.1775e+00   0.0000e+00   3.0399e-05   2.7521e+02
20191122_19:00:00   3.5827e-01   8.4614e+01   6.5422e+00   0.0000e+00   4.5800e-06   2.7499e+02
20191122_20:00:00   3.7882e-01   8.8353e+01   6.9500e+00   0.0000e+00   8.1580e-06   2.7353e+02
20191122_21:00:00   4.0432e-01   9.2954e+01   7.3883e+00   0.0000e+00   1.4771e-04   2.7206e+02
20191122_22:00:00   4.2164e-01   9.6041e+01   7.6691e+00   0.0000e+00   2.7467e-03   2.7288e+02
20191122_23:00:00   4.0458e-01   9.3049e+01   7.4428e+00   0.0000e+00   1.7218e-03   2.7299e+02
20191123_00:00:00   3.8015e-01   8.8576e+01   7.1195e+00   0.0000e+00   2.8847e-03   2.7281e+02
20191123_01:00:00   3.7328e-01   8.7245e+01   7.0716e+00   0.0000e+00   2.2338e-03   2.7226e+02
20191123_02:00:00   3.7052e-01   8.6802e+01   7.0464e+00   0.0000e+00   8.1580e-06   2.7063e+02
20191123_03:00:00   3.5842e-01   8.4590e+01   6.8937e+00   0.0000e+00   1.1030e-05   2.6773e+02
20191123_04:00:00   3.4986e-01   8.2934e+01   6.8330e+00   0.0000e+00   0.0000e+00   2.6504e+02
20191123_05:00:00   3.4716e-01   8.2449e+01   6.7972e+00   0.0000e+00   0.0000e+00   2.6405e+02
20191123_06:00:00   3.4847e-01   8.2752e+01   6.8278e+00   0.0000e+00   0.0000e+00   2.6346e+02
20191123_07:00:00   3.6007e-01   8.4876e+01   7.0700e+00   0.0000e+00   0.0000e+00   2.6275e+02
20191123_08:00:00   3.6395e-01   8.5659e+01   7.1464e+00   0.0000e+00   8.6920e-05   2.6063e+02
20191123_09:00:00   3.6942e-01   8.6715e+01   7.2450e+00   0.0000e+00   0.0000e+00   2.5952e+02
20191123_10:00:00   3.6732e-01   8.6343e+01   7.2172e+00   0.0000e+00   1.5572e-03   2.5903e+02
20191123_11:00:00   3.6627e-01   8.6102e+01   7.2385e+00   0.0000e+00   2.3877e-03   2.5917e+02
20191123_12:00:00   3.5491e-01   8.4038e+01   7.0455e+00   0.0000e+00   1.1438e-03   2.5922e+02
20191123_13:00:00   3.4312e-01   8.1877e+01   6.8148e+00   0.0000e+00   1.9361e-03   2.5865e+02
20191123_14:00:00   3.3614e-01   8.0526e+01   6.7011e+00   0.0000e+00   9.4780e-04   2.5794e+02
20191123_15:00:00   3.2605e-01   7.8537e+01   6.5461e+00   0.0000e+00   6.3686e-04   2.5872e+02
20191123_16:00:00   3.2688e-01   7.8592e+01   6.6301e+00   0.0000e+00   1.8317e-03   2.5972e+02
20191123_17:00:00   3.2437e-01   7.8110e+01   6.5988e+00   0.0000e+00   1.6767e-03   2.5989e+02
20191123_18:00:00   3.1939e-01   7.7214e+01   6.4967e+00   0.0000e+00   2.2121e-03   2.6028e+02
20191123_19:00:00   3.1260e-01   7.5939e+01   6.3364e+00   0.0000e+00   9.4625e-04   2.6018e+02
20191123_20:00:00   3.0558e-01   7.4733e+01   6.1273e+00   0.0000e+00   3.2210e-03   2.6096e+02
20191123_21:00:00   3.0387e-01   7.4610e+01   5.9934e+00   0.0000e+00   5.8534e-03   2.6243e+02
20191123_22:00:00   3.0104e-01   7.4079e+01   5.9131e+00   0.0000e+00   7.3041e-03   2.6262e+02
20191123_23:00:00   2.9590e-01   7.3036e+01   5.8298e+00   0.0000e+00   8.3257e-03   2.6273e+02
20191124_00:00:00   2.8789e-01   7.1379e+01   5.7118e+00   0.0000e+00   8.7994e-03   2.6330e+02
20191124_01:00:00   2.7022e-01   6.7652e+01   5.4348e+00   0.0000e+00   1.5848e-02   2.6371e+02
20191124_02:00:00   2.6586e-01   6.6688e+01   5.3682e+00   0.0000e+00   1.3199e-02   2.6403e+02
20191124_03:00:00   2.6949e-01   6.7514e+01   5.4144e+00   0.0000e+00   7.5246e-03   2.6542e+02
20191124_04:00:00   2.6805e-01   6.7232e+01   5.3791e+00   0.0000e+00   2.7274e-03   2.6735e+02
20191124_05:00:00   2.6485e-01   6.6546e+01   5.3254e+00   0.0000e+00   2.9731e-03   2.6884e+02
20191124_06:00:00   2.5681e-01   6.4847e+01   5.1571e+00   0.0000e+00   1.8988e-03   2.6931e+02
20191124_07:00:00   2.4852e-01   6.3142e+01   4.9758e+00   0.0000e+00   8.2824e-04   2.6839e+02
20191124_08:00:00   2.3930e-01   6.1144e+01   4.8039e+00   0.0000e+00   1.9265e-03   2.6742e+02
20191124_09:00:00   2.3815e-01   6.0916e+01   4.7518e+00   0.0000e+00   2.1565e-04   2.6905e+02
20191124_10:00:00   2.4482e-01   6.2360e+01   4.8590e+00   0.0000e+00   0.0000e+00   2.6982e+02
20191124_11:00:00   2.3839e-01   6.1083e+01   4.7127e+00   0.0000e+00   0.0000e+00   2.7046e+02
20191124_12:00:00   2.2662e-01   5.8746e+01   4.4258e+00   0.0000e+00   1.0352e-06   2.7087e+02
20191124_13:00:00   2.1886e-01   5.7070e+01   4.2836e+00   0.0000e+00   1.3450e-03   2.6928e+02
20191124_14:00:00   2.0711e-01   5.4577e+01   4.0466e+00   0.0000e+00   2.3715e-04   2.6969e+02
20191124_15:00:00   1.9887e-01   5.2739e+01   3.9033e+00   0.0000e+00   2.9238e-03   2.6872e+02
20191124_16:00:00   1.9293e-01   5.1507e+01   3.7812e+00   0.0000e+00   6.9380e-03   2.6910e+02
20191124_17:00:00   1.8719e-01   5.0254e+01   3.6686e+00   0.0000e+00   1.2182e-03   2.6840e+02
20191124_18:00:00   1.8391e-01   4.9366e+01   3.6453e+00   0.0000e+00   2.7494e-02   2.6580e+02
20191124_19:00:00   1.8246e-01   4.9131e+01   3.5954e+00   0.0000e+00   6.7490e-03   2.6489e+02
20191124_20:00:00   1.8191e-01   4.9114e+01   3.5668e+00   0.0000e+00   1.9400e-02   2.6435e+02
20191124_21:00:00   2.0008e-01   5.3079e+01   3.9336e+00   0.0000e+00   7.2395e-02   2.6255e+02
20191124_22:00:00   2.1304e-01   5.6098e+01   4.1567e+00   0.0000e+00   9.0765e-03   2.6104e+02
20191124_23:00:00   2.1602e-01   5.6715e+01   4.2103e+00   0.0000e+00   4.5057e-02   2.5786e+02
20191125_00:00:00   2.1373e-01   5.6261e+01   4.1712e+00   0.0000e+00   1.7560e-02   2.5712e+02
20191125_01:00:00   2.1006e-01   5.5362e+01   4.1394e+00   0.0000e+00   3.0800e-02   2.5634e+02
20191125_02:00:00   2.0803e-01   5.4791e+01   4.1591e+00   0.0000e+00   1.6750e-02   2.5465e+02
20191125_03:00:00   1.9869e-01   5.2749e+01   3.9738e+00   0.0000e+00   1.1408e-02   2.5435e+02
20191125_04:00:00   2.0294e-01   5.3509e+01   4.1173e+00   0.0000e+00   2.1877e-02   2.5604e+02
20191125_05:00:00   2.0578e-01   5.4020e+01   4.2179e+00   0.0000e+00   1.1437e-02   2.5669e+02
20191125_06:00:00   1.9395e-01   5.1450e+01   3.9538e+00   0.0000e+00   1.6260e-02   2.5658e+02
20191125_07:00:00   1.8584e-01   4.9678e+01   3.7793e+00   0.0000e+00   3.4325e-02   2.5576e+02
20191125_08:00:00   1.8747e-01   5.0019e+01   3.8185e+00   0.0000e+00   3.3914e-02   2.5493e+02
20191125_09:00:00   1.8858e-01   5.0357e+01   3.8189e+00   0.0000e+00   1.7570e-02   2.5618e+02
20191125_10:00:00   1.9508e-01   5.1778e+01   3.9335e+00   0.0000e+00   3.9441e-02   2.5637e+02
20191125_11:00:00   1.8016e-01   4.8618e+01   3.5683e+00   0.0000e+00   2.9971e-02   2.5749e+02
20191125_12:00:00   1.6770e-01   4.5771e+01   3.3337e+00   0.0000e+00   1.8146e-02   2.5856e+02
20191125_13:00:00   1.5901e-01   4.3810e+01   3.1588e+00   0.0000e+00   8.0852e-03   2.6005e+02
20191125_14:00:00   1.5699e-01   4.3341e+01   3.1077e+00   0.0000e+00   3.5008e-02   2.5947e+02
20191125_15:00:00   1.5181e-01   4.2203e+01   2.9868e+00   0.0000e+00   1.8159e-02   2.5913e+02
20191125_16:00:00   1.5554e-01   4.3040e+01   3.0659e+00   0.0000e+00   1.0943e-02   2.5863e+02
20191125_17:00:00   1.6308e-01   4.4842e+01   3.1916e+00   0.0000e+00   9.3467e-03   2.5897e+02
20191125_18:00:00   1.6400e-01   4.5135e+01   3.2010e+00   0.0000e+00   1.7504e-02   2.5943e+02
20191125_19:00:00   1.6673e-01   4.5739e+01   3.2679e+00   0.0000e+00   4.1978e-02   2.6053e+02
20191125_20:00:00   1.7108e-01   4.6839e+01   3.3159e+00   0.0000e+00   3.9301e-02   2.6150e+02
20191125_21:00:00   1.8527e-01   5.0136e+01   3.5555e+00   0.0000e+00   3.1370e-02   2.6158e+02
20191125_22:00:00   1.8351e-01   4.9865e+01   3.4896e+00   0.0000e+00   8.2877e-03   2.6211e+02
20191125_23:00:00   1.7694e-01   4.8387e+01   3.3630e+00   0.0000e+00   2.4797e-02   2.6205e+02
20191126_00:00:00   1.8262e-01   4.9832e+01   3.3735e+00   0.0000e+00   1.7382e-02   2.6506e+02
20191126_01:00:00   1.6533e-01   4.5943e+01   3.0541e+00   0.0000e+00   8.0863e-03   2.6694e+02
20191126_02:00:00   1.4776e-01   4.1846e+01   2.7447e+00   0.0000e+00   3.1490e-03   2.6761e+02
20191126_03:00:00   1.5103e-01   4.2527e+01   2.8193e+00   0.0000e+00   8.2136e-03   2.6729e+02
20191126_04:00:00   1.4830e-01   4.1908e+01   2.7591e+00   0.0000e+00   4.6622e-03   2.6680e+02
20191126_05:00:00   1.4637e-01   4.1464e+01   2.7220e+00   0.0000e+00   3.4645e-03   2.6982e+02
20191126_06:00:00   1.4541e-01   4.1290e+01   2.6858e+00   0.0000e+00   5.4303e-03   2.7157e+02
20191126_07:00:00   1.6736e-01   4.6321e+01   3.1103e+00   0.0000e+00   2.7826e-03   2.6920e+02
20191126_08:00:00   1.7714e-01   4.8483e+01   3.3016e+00   0.0000e+00   5.8162e-03   2.6658e+02
20191126_09:00:00   1.9499e-01   5.2421e+01   3.6283e+00   0.0000e+00   1.7312e-02   2.6806e+02
20191126_10:00:00   2.2694e-01   5.9357e+01   4.1849e+00   0.0000e+00   1.8986e-02   2.6835e+02
20191126_11:00:00   2.5361e-01   6.5051e+01   4.6573e+00   0.0000e+00   6.7489e-03   2.7043e+02
20191126_12:00:00   2.6300e-01   6.6946e+01   4.7946e+00   0.0000e+00   7.7280e-03   2.7364e+02
20191126_13:00:00   2.2735e-01   5.9494e+01   4.2036e+00   0.0000e+00   7.9494e-04   2.7508e+02
20191126_14:00:00   2.3883e-01   6.1993e+01   4.4200e+00   0.0000e+00   0.0000e+00   2.7382e+02
20191126_15:00:00   2.6342e-01   6.7328e+01   4.7919e+00   0.0000e+00   0.0000e+00   2.7194e+02
20191126_16:00:00   2.3137e-01   6.0419e+01   4.2783e+00   0.0000e+00   5.7316e-03   2.6989e+02
20191126_17:00:00   2.3967e-01   6.2177e+01   4.3904e+00   0.0000e+00   7.9963e-03   2.6912e+02
20191126_18:00:00   2.4972e-01   6.4367e+01   4.5243e+00   0.0000e+00   0.0000e+00   2.6777e+02
20191126_21:00:00   3.7447e-01   8.9024e+01   6.5403e+00   5.1760e-05   0.0000e+00   2.6653e+02
20191127_00:00:00   4.0418e-01   9.4401e+01   6.8816e+00   7.2090e-03   0.0000e+00   2.6492e+02
20191127_03:00:00   5.2932e-01   1.1601e+02   9.1730e+00   0.0000e+00   2.4840e-06   2.6425e+02
20191127_06:00:00   6.1985e-01   1.2953e+02   1.0204e+01   5.7061e-03   3.1060e-06   2.6495e+02
20191127_09:00:00   7.6802e-01   1.4956e+02   1.0745e+01   5.2328e-02   1.0185e-05   2.6910e+02
20191127_12:00:00   5.9409e-01   1.2556e+02   9.1539e+00   2.5119e-02   1.4078e-05   2.7324e+02
20191127_15:00:00   3.1574e-01   7.6915e+01   5.9979e+00   0.0000e+00   2.1017e-04   2.6588e+02
20191127_18:00:00   3.7572e-01   8.8136e+01   7.0497e+00   0.0000e+00   0.0000e+00   2.6388e+02
20191127_21:00:00   4.3572e-01   9.9060e+01   7.9985e+00   0.0000e+00   0.0000e+00   2.6799e+02
20191128_00:00:00   3.4450e-01   8.3329e+01   6.0068e+00   0.0000e+00   0.0000e+00   2.6316e+02
20191128_03:00:00   2.9979e-01   7.4674e+01   5.2186e+00   0.0000e+00   0.0000e+00   2.6441e+02
20191128_06:00:00   5.0031e-01   1.1140e+02   5.6141e+00   7.2350e-02   6.6763e-03   2.6558e+02
20191128_09:00:00   1.0623e+00   1.8248e+02   6.4661e+00   2.7862e-01   2.6328e-02   2.6543e+02
20191128_12:00:00   3.9256e-01   9.1400e+01   6.3715e+00   1.8465e-02   5.8490e-02   2.6706e+02
20191128_15:00:00   5.2110e-01   1.1379e+02   6.8368e+00   5.5856e-02   1.0421e-03   2.7785e+02
20191128_18:00:00   7.7159e-01   1.4981e+02   7.7142e+00   1.2777e-01   8.1974e-03   2.8752e+02
20191128_21:00:00   5.1502e-01   1.1230e+02   8.6477e+00   6.7093e-03   1.4163e-01   2.8959e+02
20191129_00:00:00   4.4787e-01   1.0108e+02   7.9509e+00   0.0000e+00   9.1454e-02   2.8781e+02
20191129_03:00:00   4.1240e-01   9.4718e+01   7.4858e+00   0.0000e+00   9.8494e-02   2.9023e+02
20191129_06:00:00   4.0230e-01   9.3565e+01   6.9588e+00   9.7130e-04   0.0000e+00   2.9599e+02
20191129_09:00:00   5.1084e-01   1.1210e+02   7.5061e+00   3.1839e-02   0.0000e+00   3.0161e+02
20191129_12:00:00   1.1364e+00   1.8577e+02   1.2451e+01   1.6931e-01   3.0356e-01   3.1183e+02
20191129_15:00:00   1.5688e+00   2.1623e+02   1.2268e+01   3.5684e-01   4.9168e-01   3.1933e+02
20191129_18:00:00   1.0489e+00   1.7606e+02   1.0643e+01   1.7469e-01   8.2877e-01   3.1009e+02
20191129_21:00:00   6.7372e-01   1.3320e+02   7.2288e+00   1.0229e-01   1.5752e-01   3.1876e+02
20191130_00:00:00   5.2905e-01   1.1147e+02   6.8096e+00   4.8450e-02   1.2320e-01   3.3286e+02
20191130_03:00:00   3.7724e-01   8.5995e+01   6.1677e+00   2.5520e-04   2.0048e-03   3.3723e+02
20191130_06:00:00   3.3852e-01   7.8960e+01   5.5556e+00   2.6460e-04   1.9250e-02   3.2019e+02
20191130_09:00:00   3.4002e-01   7.9442e+01   5.0751e+00   1.2514e-02   9.1396e-04   3.0646e+02
20191130_12:00:00   3.3764e-01   7.8592e+01   5.5308e+00   0.0000e+00   8.0153e-02   3.0580e+02
20191130_15:00:00   2.7848e-01   6.7849e+01   4.4180e+00   0.0000e+00   0.0000e+00   3.1112e+02
20191130_18:00:00   1.9218e-01   5.0431e+01   2.9973e+00   0.0000e+00   0.0000e+00   3.1797e+02
20191130_21:00:00   2.0996e-01   5.4351e+01   3.3581e+00   0.0000e+00   8.2820e-07   3.0051e+02
20191201_00:00:00   1.8398e-01   4.8895e+01   3.0226e+00   0.0000e+00   0.0000e+00   2.8817e+02
20191201_03:00:00   1.6104e-01   4.3951e+01   2.6755e+00   0.0000e+00   0.0000e+00   2.8798e+02
20191201_06:00:00   1.6905e-01   4.5919e+01   2.8485e+00   0.0000e+00   0.0000e+00   2.9039e+02
20191201_09:00:00   1.6726e-01   4.5771e+01   2.8165e+00   0.0000e+00   0.0000e+00   2.8841e+02
20191201_12:00:00   1.3412e-01   3.7953e+01   2.2598e+00   0.0000e+00   0.0000e+00   2.8772e+02
20191201_15:00:00   1.2665e-01   3.6019e+01   2.2269e+00   0.0000e+00   0.0000e+00   2.9310e+02
20191201_18:00:00   1.2405e-01   3.5572e+01   2.1846e+00   0.0000e+00   0.0000e+00   2.8963e+02
20191201_21:00:00   1.4075e-01   3.9593e+01   2.5791e+00   0.0000e+00   0.0000e+00   2.8298e+02
20191202_00:00:00   1.6262e-01   4.4532e+01   3.0702e+00   0.0000e+00   0.0000e+00   2.7938e+02
20191202_03:00:00   1.9116e-01   5.0642e+01   3.7996e+00   0.0000e+00   4.2326e-04   2.7771e+02
20191202_06:00:00   1.9313e-01   5.1080e+01   3.8647e+00   0.0000e+00   3.8039e-03   2.7739e+02
20191202_09:00:00   1.8648e-01   4.9651e+01   3.7116e+00   0.0000e+00   1.7907e-02   2.7496e+02
20191202_12:00:00   1.6741e-01   4.5567e+01   3.2803e+00   0.0000e+00   5.2931e-03   2.7179e+02
20191202_15:00:00   1.6535e-01   4.4956e+01   3.2285e+00   0.0000e+00   3.5214e-02   2.7340e+02
20191202_18:00:00   2.1157e-01   5.4735e+01   4.2932e+00   0.0000e+00   7.5254e-02   2.7743e+02
20191202_21:00:00   2.3598e-01   5.9939e+01   4.7556e+00   0.0000e+00   1.1119e-01   2.7547e+02
20191203_00:00:00   3.4838e-01   8.1656e+01   7.1721e+00   0.0000e+00   1.3506e-01   2.7333e+02
20191203_03:00:00   3.7366e-01   8.6766e+01   7.5965e+00   0.0000e+00   1.5417e-02   2.7449e+02
20191203_06:00:00   3.1909e-01   7.7381e+01   6.2105e+00   0.0000e+00   4.4720e-06   2.7479e+02
20191203_09:00:00   2.9896e-01   7.3995e+01   5.6656e+00   0.0000e+00   1.2970e-05   2.7673e+02
20191203_12:00:00   3.4727e-01   8.3593e+01   6.4911e+00   0.0000e+00   1.8478e-05   2.7832e+02
20191203_15:00:00   3.3907e-01   8.2059e+01   6.3572e+00   0.0000e+00   5.4699e-04   2.7792e+02
20191203_18:00:00   3.4273e-01   8.2746e+01   6.4128e+00   0.0000e+00   9.3560e-04   2.7856e+02
20191203_21:00:00   3.4119e-01   8.2319e+01   6.4429e+00   0.0000e+00   2.0399e-03   2.8035e+02
20191204_00:00:00   3.5486e-01   8.4690e+01   6.7959e+00   0.0000e+00   5.9040e-06   2.8101e+02
20191204_03:00:00   3.5548e-01   8.5119e+01   6.7106e+00   0.0000e+00   0.0000e+00   2.8129e+02
20191204_06:00:00   3.4112e-01   8.2471e+01   6.3656e+00   0.0000e+00   0.0000e+00   2.8302e+02
20191204_09:00:00   3.1014e-01   7.6370e+01   5.7507e+00   0.0000e+00   0.0000e+00   2.8442e+02
20191204_12:00:00   2.5910e-01   6.5943e+01   4.8152e+00   0.0000e+00   7.0540e-07   2.8529e+02
20191204_15:00:00   2.2207e-01   5.7933e+01   4.1577e+00   0.0000e+00   0.0000e+00   2.8754e+02
20191204_18:00:00   2.2681e-01   5.8642e+01   4.3907e+00   0.0000e+00   3.9887e-04   2.8856e+02
20191204_21:00:00   2.4092e-01   6.1354e+01   4.7570e+00   0.0000e+00   1.3552e-02   2.9575e+02
20191205_00:00:00   2.5188e-01   6.3530e+01   5.0076e+00   0.0000e+00   2.9235e-03   2.9851e+02
20191205_03:00:00   2.8034e-01   6.9527e+01   5.4711e+00   0.0000e+00   4.5607e-03   3.0341e+02
20191205_06:00:00   3.1412e-01   7.6389e+01   6.0017e+00   0.0000e+00   1.3746e-02   3.0633e+02
20191205_09:00:00   3.3969e-01   8.1374e+01   6.3542e+00   0.0000e+00   3.5007e-02   3.0883e+02
20191205_12:00:00   3.3792e-01   8.0966e+01   6.3136e+00   0.0000e+00   4.5374e-02   3.1114e+02
20191205_15:00:00   3.3590e-01   8.0512e+01   6.2905e+00   0.0000e+00   4.9494e-02   3.1278e+02
20191205_18:00:00   3.3148e-01   7.9654e+01   6.2387e+00   0.0000e+00   1.3432e-02   3.1043e+02
20191205_21:00:00   3.3868e-01   8.0987e+01   6.3529e+00   0.0000e+00   3.1936e-03   3.0979e+02
20191206_00:00:00   3.2655e-01   7.8591e+01   6.1636e+00   0.0000e+00   2.4772e-04   3.0579e+02
20191206_03:00:00   3.4553e-01   8.2003e+01   6.6200e+00   0.0000e+00   8.6957e-04   3.0214e+02
20191206_06:00:00   4.2326e-01   9.5900e+01   8.1364e+00   0.0000e+00   1.9860e-03   3.0053e+02
20191206_09:00:00   4.2340e-01   9.5818e+01   8.1501e+00   0.0000e+00   4.8033e-03   3.0188e+02
20191206_12:00:00   4.3939e-01   9.8890e+01   8.3487e+00   0.0000e+00   4.2727e-05   2.9604e+02
20191206_15:00:00   4.4465e-01   1.0042e+02   8.2333e+00   0.0000e+00   1.5336e-06   2.9464e+02
20191206_18:00:00   4.3516e-01   9.9203e+01   7.8953e+00   0.0000e+00   0.0000e+00   2.9534e+02
20191206_21:00:00   4.2587e-01   9.8009e+01   7.5316e+00   0.0000e+00   0.0000e+00   2.9546e+02
20191207_00:00:00   4.2045e-01   9.7351e+01   7.2385e+00   0.0000e+00   0.0000e+00   2.9171e+02
20191207_03:00:00   3.8603e-01   9.1279e+01   6.6034e+00   0.0000e+00   0.0000e+00   2.8733e+02
20191207_06:00:00   3.5552e-01   8.5612e+01   6.1092e+00   0.0000e+00   0.0000e+00   2.8666e+02
20191207_09:00:00   3.6633e-01   8.7515e+01   6.2314e+00   0.0000e+00   6.3588e-04   2.8819e+02
20191207_12:00:00   3.7797e-01   8.9169e+01   6.7073e+00   0.0000e+00   7.9772e-03   2.9047e+02
20191207_15:00:00   5.5404e-01   1.1843e+02   8.4331e+00   4.0060e-02   8.4194e-03   2.8937e+02
20191207_18:00:00   5.2119e-01   1.1243e+02   9.6228e+00   5.8548e-04   2.3925e-02   2.9130e+02
