#            date       tau225        Tb[K]      pwv[mm] lwp[kg*m^-2] iwp[kg*m^-2]       o3[DU]
20191113_18:00:00   3.5891e-01   8.6476e+01   7.2059e+00   0.0000e+00   0.0000e+00   2.7612e+02
20191113_19:00:00   3.6408e-01   8.7605e+01   7.2625e+00   0.0000e+00   0.0000e+00   2.7550e+02
20191113_20:00:00   3.8277e-01   9.1274e+01   7.5654e+00   0.0000e+00   0.0000e+00   2.7726e+02
20191113_21:00:00   3.8786e-01   9.2303e+01   7.6503e+00   0.0000e+00   0.0000e+00   2.7895e+02
20191113_22:00:00   3.9579e-01   9.3734e+01   7.8300e+00   0.0000e+00   0.0000e+00   2.7891e+02
20191113_23:00:00   3.8442e-01   9.1641e+01   7.6338e+00   0.0000e+00   0.0000e+00   2.7819e+02
20191114_00:00:00   3.5376e-01   8.5953e+01   7.0190e+00   0.0000e+00   0.0000e+00   2.7800e+02
20191114_01:00:00   3.3778e-01   8.2944e+01   6.6696e+00   0.0000e+00   0.0000e+00   2.7766e+02
20191114_02:00:00   3.3440e-01   8.2258e+01   6.6404e+00   0.0000e+00   0.0000e+00   2.7833e+02
20191114_03:00:00   3.3275e-01   8.1917e+01   6.6370e+00   0.0000e+00   6.8000e-06   2.7906e+02
20191114_04:00:00   3.3255e-01   8.1826e+01   6.6632e+00   0.0000e+00   1.3982e-03   2.8186e+02
20191114_05:00:00   3.3213e-01   8.1656e+01   6.7011e+00   0.0000e+00   3.3833e-03   2.8636e+02
20191114_06:00:00   3.3525e-01   8.2255e+01   6.7521e+00   0.0000e+00   2.6725e-03   2.8890e+02
20191114_07:00:00   3.4076e-01   8.3251e+01   6.8743e+00   0.0000e+00   1.2800e-03   2.9111e+02
20191114_08:00:00   3.4394e-01   8.3700e+01   6.9924e+00   0.0000e+00   6.2233e-04   2.9043e+02
20191114_09:00:00   3.4831e-01   8.4390e+01   7.1254e+00   0.0000e+00   2.9122e-05   2.8665e+02
20191114_10:00:00   3.4973e-01   8.4604e+01   7.1754e+00   0.0000e+00   4.4720e-06   2.8462e+02
20191114_11:00:00   3.5101e-01   8.4814e+01   7.2046e+00   0.0000e+00   0.0000e+00   2.8429e+02
20191114_12:00:00   3.5480e-01   8.5528e+01   7.2686e+00   0.0000e+00   0.0000e+00   2.8380e+02
20191114_13:00:00   3.4961e-01   8.4579e+01   7.1578e+00   0.0000e+00   0.0000e+00   2.8412e+02
20191114_14:00:00   3.4350e-01   8.3498e+01   6.9847e+00   0.0000e+00   0.0000e+00   2.8291e+02
20191114_15:00:00   3.3866e-01   8.2593e+01   6.8714e+00   0.0000e+00   0.0000e+00   2.8013e+02
20191114_16:00:00   3.3671e-01   8.2210e+01   6.8414e+00   0.0000e+00   2.4614e-05   2.7882e+02
20191114_17:00:00   3.3874e-01   8.2533e+01   6.9263e+00   0.0000e+00   2.2402e-04   2.7726e+02
20191114_18:00:00   3.4372e-01   8.3429e+01   7.0434e+00   0.0000e+00   0.0000e+00   2.7839e+02
20191114_19:00:00   3.5744e-01   8.5979e+01   7.3189e+00   0.0000e+00   4.4040e-05   2.7847e+02
20191114_20:00:00   3.6617e-01   8.7616e+01   7.5004e+00   0.0000e+00   1.0352e-06   2.7787e+02
20191114_21:00:00   3.7548e-01   8.9411e+01   7.6666e+00   0.0000e+00   9.1620e-06   2.7691e+02
20191114_22:00:00   3.8420e-01   9.1103e+01   7.8214e+00   0.0000e+00   0.0000e+00   2.7605e+02
20191114_23:00:00   3.8615e-01   9.1555e+01   7.8387e+00   0.0000e+00   0.0000e+00   2.7573e+02
20191115_00:00:00   3.8838e-01   9.2022e+01   7.8607e+00   0.0000e+00   8.8180e-07   2.7604e+02
20191115_01:00:00   3.7756e-01   9.0026e+01   7.6713e+00   0.0000e+00   5.7356e-05   2.7766e+02
20191115_02:00:00   3.6202e-01   8.7073e+01   7.3867e+00   0.0000e+00   3.1120e-04   2.7836e+02
20191115_03:00:00   3.5806e-01   8.6346e+01   7.3027e+00   0.0000e+00   4.5230e-05   2.7745e+02
20191115_04:00:00   3.6043e-01   8.6840e+01   7.3413e+00   0.0000e+00   7.5739e-05   2.7589e+02
20191115_05:00:00   3.6796e-01   8.8308e+01   7.4709e+00   0.0000e+00   7.1657e-04   2.7417e+02
20191115_06:00:00   3.7489e-01   8.9687e+01   7.5808e+00   0.0000e+00   9.9754e-04   2.7431e+02
20191115_07:00:00   3.7904e-01   9.0502e+01   7.6361e+00   0.0000e+00   1.3936e-03   2.7343e+02
20191115_08:00:00   3.7418e-01   8.9526e+01   7.5773e+00   0.0000e+00   1.3896e-03   2.7257e+02
20191115_09:00:00   3.7737e-01   9.0082e+01   7.6429e+00   0.0000e+00   2.7002e-03   2.7363e+02
20191115_10:00:00   3.7991e-01   9.0575e+01   7.6760e+00   0.0000e+00   6.4190e-03   2.7425e+02
20191115_11:00:00   3.7983e-01   9.0573e+01   7.6579e+00   0.0000e+00   7.3823e-03   2.7412e+02
20191115_12:00:00   3.8214e-01   9.1025e+01   7.6709e+00   0.0000e+00   6.1018e-03   2.7433e+02
20191115_13:00:00   3.8142e-01   9.0910e+01   7.6500e+00   0.0000e+00   6.5514e-03   2.7406e+02
20191115_14:00:00   3.8066e-01   9.0745e+01   7.6350e+00   0.0000e+00   5.2006e-03   2.7412e+02
20191115_15:00:00   3.7968e-01   9.0614e+01   7.5894e+00   0.0000e+00   3.6751e-03   2.7552e+02
20191115_16:00:00   3.7426e-01   8.9589e+01   7.4872e+00   0.0000e+00   9.7852e-03   2.7549e+02
20191115_17:00:00   3.7659e-01   8.9956e+01   7.5496e+00   0.0000e+00   1.7745e-02   2.7446e+02
20191115_18:00:00   3.7943e-01   9.0399e+01   7.6208e+00   0.0000e+00   1.7690e-02   2.7424e+02
20191115_19:00:00   3.8719e-01   9.1811e+01   7.7530e+00   0.0000e+00   1.9997e-02   2.7319e+02
20191115_20:00:00   4.1055e-01   9.6092e+01   8.1686e+00   0.0000e+00   4.2014e-02   2.7299e+02
20191115_21:00:00   4.1535e-01   9.7051e+01   8.2354e+00   0.0000e+00   2.8104e-02   2.7345e+02
20191115_22:00:00   4.3064e-01   9.9774e+01   8.5060e+00   0.0000e+00   2.2197e-02   2.7284e+02
20191115_23:00:00   4.3590e-01   1.0062e+02   8.6096e+00   0.0000e+00   5.6913e-02   2.7265e+02
20191116_00:00:00   4.3514e-01   1.0047e+02   8.5887e+00   0.0000e+00   6.9240e-02   2.7233e+02
20191116_01:00:00   4.2712e-01   9.9120e+01   8.4145e+00   0.0000e+00   5.5511e-02   2.7215e+02
20191116_02:00:00   4.1222e-01   9.6541e+01   8.1233e+00   0.0000e+00   2.8290e-02   2.7267e+02
20191116_03:00:00   4.1005e-01   9.6076e+01   8.1030e+00   0.0000e+00   3.4874e-02   2.7285e+02
20191116_04:00:00   4.1388e-01   9.6650e+01   8.2153e+00   0.0000e+00   1.7033e-02   2.7221e+02
20191116_05:00:00   4.2106e-01   9.8006e+01   8.3272e+00   0.0000e+00   8.3902e-03   2.7182e+02
20191116_06:00:00   4.2375e-01   9.8589e+01   8.3301e+00   0.0000e+00   1.0311e-02   2.7158e+02
20191116_07:00:00   4.4679e-01   1.0265e+02   8.7173e+00   0.0000e+00   2.4276e-02   2.7198e+02
20191116_08:00:00   4.8428e-01   1.0882e+02   9.4640e+00   0.0000e+00   3.1724e-02   2.7239e+02
20191116_09:00:00   4.9420e-01   1.1053e+02   9.6239e+00   0.0000e+00   8.5143e-03   2.7284e+02
20191116_10:00:00   4.8830e-01   1.0974e+02   9.4249e+00   0.0000e+00   2.7136e-03   2.7338e+02
20191116_11:00:00   4.8563e-01   1.0932e+02   9.3536e+00   0.0000e+00   3.4116e-03   2.7382e+02
20191116_12:00:00   4.9163e-01   1.1040e+02   9.3979e+00   0.0000e+00   1.9840e-03   2.7448e+02
20191116_13:00:00   4.8382e-01   1.0915e+02   9.2174e+00   0.0000e+00   1.6276e-03   2.7482e+02
20191116_14:00:00   4.7408e-01   1.0743e+02   9.0635e+00   0.0000e+00   2.4953e-03   2.7551e+02
20191116_15:00:00   4.5945e-01   1.0481e+02   8.8578e+00   0.0000e+00   3.7575e-03   2.7587e+02
20191116_16:00:00   4.5567e-01   1.0422e+02   8.7353e+00   0.0000e+00   5.9293e-04   2.7724e+02
20191116_17:00:00   4.4479e-01   1.0244e+02   8.4906e+00   0.0000e+00   0.0000e+00   2.7973e+02
20191116_18:00:00   4.4413e-01   1.0238e+02   8.4316e+00   0.0000e+00   0.0000e+00   2.8065e+02
20191116_19:00:00   4.5098e-01   1.0364e+02   8.5051e+00   0.0000e+00   6.0041e-06   2.8080e+02
20191116_20:00:00   4.6170e-01   1.0554e+02   8.6862e+00   0.0000e+00   4.5446e-05   2.8052e+02
20191116_21:00:00   4.5988e-01   1.0522e+02   8.6782e+00   0.0000e+00   1.0352e-06   2.8054e+02
20191116_22:00:00   4.5159e-01   1.0394e+02   8.4591e+00   0.0000e+00   0.0000e+00   2.8096e+02
20191116_23:00:00   4.1887e-01   9.8364e+01   7.7855e+00   0.0000e+00   0.0000e+00   2.8281e+02
20191117_00:00:00   3.8875e-01   9.3094e+01   7.1310e+00   0.0000e+00   0.0000e+00   2.8477e+02
20191117_01:00:00   3.6086e-01   8.8023e+01   6.5390e+00   0.0000e+00   0.0000e+00   2.8447e+02
20191117_02:00:00   3.4821e-01   8.5661e+01   6.2586e+00   0.0000e+00   0.0000e+00   2.8399e+02
20191117_03:00:00   3.2621e-01   8.1439e+01   5.8242e+00   0.0000e+00   0.0000e+00   2.8145e+02
20191117_04:00:00   2.9151e-01   7.4461e+01   5.2119e+00   0.0000e+00   0.0000e+00   2.8050e+02
20191117_05:00:00   2.7370e-01   7.0770e+01   4.8772e+00   0.0000e+00   0.0000e+00   2.8069e+02
20191117_06:00:00   2.7095e-01   7.0198e+01   4.8015e+00   0.0000e+00   0.0000e+00   2.8126e+02
20191117_07:00:00   2.6672e-01   6.9319e+01   4.7091e+00   0.0000e+00   0.0000e+00   2.8120e+02
20191117_08:00:00   2.3479e-01   6.2494e+01   4.1198e+00   0.0000e+00   0.0000e+00   2.8077e+02
20191117_09:00:00   2.1611e-01   5.8359e+01   3.7726e+00   0.0000e+00   0.0000e+00   2.8148e+02
20191117_10:00:00   2.0384e-01   5.5581e+01   3.5502e+00   0.0000e+00   0.0000e+00   2.8108e+02
20191117_11:00:00   1.9977e-01   5.4672e+01   3.4681e+00   0.0000e+00   0.0000e+00   2.8127e+02
20191117_12:00:00   2.0427e-01   5.5677e+01   3.5181e+00   0.0000e+00   0.0000e+00   2.8119e+02
20191117_13:00:00   1.9124e-01   5.2705e+01   3.2538e+00   0.0000e+00   0.0000e+00   2.8077e+02
20191117_14:00:00   1.6901e-01   4.7572e+01   2.8772e+00   0.0000e+00   0.0000e+00   2.8145e+02
20191117_15:00:00   1.6174e-01   4.5833e+01   2.7671e+00   0.0000e+00   0.0000e+00   2.8280e+02
20191117_16:00:00   1.5505e-01   4.4214e+01   2.6604e+00   0.0000e+00   1.8282e-05   2.8095e+02
20191117_17:00:00   1.3597e-01   3.9632e+01   2.3348e+00   0.0000e+00   0.0000e+00   2.7966e+02
20191117_18:00:00   1.2181e-01   3.6127e+01   2.1013e+00   0.0000e+00   0.0000e+00   2.7888e+02
20191117_19:00:00   1.1916e-01   3.5431e+01   2.0737e+00   0.0000e+00   0.0000e+00   2.7824e+02
20191117_20:00:00   1.2165e-01   3.5993e+01   2.1533e+00   0.0000e+00   0.0000e+00   2.7870e+02
20191117_21:00:00   1.2260e-01   3.6189e+01   2.1984e+00   0.0000e+00   0.0000e+00   2.7816e+02
20191117_22:00:00   1.2188e-01   3.5997e+01   2.2087e+00   0.0000e+00   0.0000e+00   2.7627e+02
20191117_23:00:00   1.2726e-01   3.7283e+01   2.3431e+00   0.0000e+00   0.0000e+00   2.7535e+02
20191118_00:00:00   1.3724e-01   3.9671e+01   2.5678e+00   0.0000e+00   1.6564e-06   2.7336e+02
20191118_01:00:00   1.5134e-01   4.2996e+01   2.8829e+00   0.0000e+00   0.0000e+00   2.7157e+02
20191118_02:00:00   1.6475e-01   4.6135e+01   3.1777e+00   0.0000e+00   0.0000e+00   2.6959e+02
20191118_03:00:00   1.7541e-01   4.8580e+01   3.4116e+00   0.0000e+00   0.0000e+00   2.6811e+02
20191118_04:00:00   1.8019e-01   4.9696e+01   3.5143e+00   0.0000e+00   0.0000e+00   2.6709e+02
20191118_05:00:00   1.8063e-01   4.9745e+01   3.5576e+00   0.0000e+00   0.0000e+00   2.6636e+02
20191118_06:00:00   1.8842e-01   5.1475e+01   3.7374e+00   0.0000e+00   8.9160e-06   2.6590e+02
20191118_07:00:00   1.9406e-01   5.2725e+01   3.8724e+00   0.0000e+00   7.0540e-07   2.6628e+02
20191118_08:00:00   1.9937e-01   5.3863e+01   4.0028e+00   0.0000e+00   1.1188e-04   2.6666e+02
20191118_09:00:00   2.0757e-01   5.5654e+01   4.1895e+00   0.0000e+00   1.3162e-04   2.6713e+02
20191118_10:00:00   2.1550e-01   5.7378e+01   4.3774e+00   0.0000e+00   1.9640e-04   2.6716e+02
20191118_11:00:00   2.2349e-01   5.9122e+01   4.5564e+00   0.0000e+00   1.0934e-04   2.6692e+02
20191118_12:00:00   2.3005e-01   6.0531e+01   4.7144e+00   0.0000e+00   1.3150e-05   2.6630e+02
20191118_13:00:00   2.3990e-01   6.2660e+01   4.9319e+00   0.0000e+00   3.4600e-05   2.6641e+02
20191118_14:00:00   2.4633e-01   6.4097e+01   5.0584e+00   0.0000e+00   5.2180e-05   2.6635e+02
20191118_15:00:00   2.5608e-01   6.6254e+01   5.2478e+00   0.0000e+00   1.3898e-04   2.6608e+02
20191118_16:00:00   2.6758e-01   6.8771e+01   5.4703e+00   0.0000e+00   9.9400e-05   2.6530e+02
20191118_17:00:00   2.7639e-01   7.0718e+01   5.6286e+00   0.0000e+00   1.2420e-05   2.6480e+02
20191118_18:00:00   2.8310e-01   7.2199e+01   5.7411e+00   0.0000e+00   0.0000e+00   2.6456e+02
20191118_21:00:00   3.1528e-01   7.9016e+01   6.2963e+00   0.0000e+00   0.0000e+00   2.6219e+02
20191119_00:00:00   3.2103e-01   8.0305e+01   6.4022e+00   0.0000e+00   0.0000e+00   2.5966e+02
20191119_03:00:00   3.0433e-01   7.6955e+01   6.0832e+00   0.0000e+00   0.0000e+00   2.5765e+02
20191119_06:00:00   2.8921e-01   7.3819e+01   5.8138e+00   0.0000e+00   0.0000e+00   2.6055e+02
20191119_09:00:00   2.8286e-01   7.2422e+01   5.6849e+00   0.0000e+00   0.0000e+00   2.6349e+02
20191119_12:00:00   2.8440e-01   7.2657e+01   5.7080e+00   0.0000e+00   0.0000e+00   2.6432e+02
20191119_15:00:00   2.9187e-01   7.4126e+01   5.8513e+00   0.0000e+00   0.0000e+00   2.6607e+02
20191119_18:00:00   3.0940e-01   7.7633e+01   6.1761e+00   0.0000e+00   0.0000e+00   2.6736e+02
20191119_21:00:00   3.3992e-01   8.3695e+01   6.7117e+00   0.0000e+00   0.0000e+00   2.6918e+02
20191120_00:00:00   3.2648e-01   8.1170e+01   6.3651e+00   0.0000e+00   0.0000e+00   2.6984e+02
20191120_03:00:00   3.0532e-01   7.6717e+01   5.9799e+00   0.0000e+00   0.0000e+00   2.7196e+02
20191120_06:00:00   3.0364e-01   7.6177e+01   5.9778e+00   0.0000e+00   6.8580e-04   2.7393e+02
20191120_09:00:00   3.0596e-01   7.6072e+01   6.0717e+00   0.0000e+00   1.6112e-02   2.7587e+02
20191120_12:00:00   2.4774e-01   6.3976e+01   4.8783e+00   0.0000e+00   5.5798e-03   2.7720e+02
20191120_15:00:00   2.1728e-01   5.7003e+01   4.3228e+00   0.0000e+00   1.0685e-02   2.7456e+02
20191120_18:00:00   2.2601e-01   5.8414e+01   4.5411e+00   2.2360e-05   6.1493e-03   2.7636e+02
20191120_21:00:00   2.2259e-01   5.8025e+01   4.3476e+00   0.0000e+00   1.9222e-03   2.8108e+02
20191121_00:00:00   4.2846e-01   9.8545e+01   7.9750e+00   0.0000e+00   5.3657e-05   2.8010e+02
20191121_03:00:00   4.8158e-01   1.0762e+02   8.5232e+00   0.0000e+00   0.0000e+00   2.8666e+02
20191121_06:00:00   3.6948e-01   8.8145e+01   6.1315e+00   0.0000e+00   0.0000e+00   2.8356e+02
20191121_09:00:00   1.9352e-01   5.1951e+01   3.2731e+00   0.0000e+00   0.0000e+00   2.7408e+02
20191121_12:00:00   2.2658e-01   5.9021e+01   3.8867e+00   0.0000e+00   0.0000e+00   2.6701e+02
20191121_15:00:00   1.5217e-01   4.2414e+01   2.6507e+00   0.0000e+00   0.0000e+00   2.6300e+02
20191121_18:00:00   1.5329e-01   4.2706e+01   2.6842e+00   0.0000e+00   0.0000e+00   2.6349e+02
20191121_21:00:00   1.5868e-01   4.4046e+01   2.7691e+00   0.0000e+00   0.0000e+00   2.6163e+02
20191122_00:00:00   1.4231e-01   4.0416e+01   2.4310e+00   0.0000e+00   0.0000e+00   2.6326e+02
20191122_03:00:00   1.4543e-01   4.1197e+01   2.4738e+00   0.0000e+00   0.0000e+00   2.6509e+02
20191122_06:00:00   1.4121e-01   4.0127e+01   2.4274e+00   0.0000e+00   0.0000e+00   2.6568e+02
20191122_09:00:00   1.4153e-01   4.0120e+01   2.4582e+00   0.0000e+00   0.0000e+00   2.6526e+02
20191122_12:00:00   1.6013e-01   4.4316e+01   2.8281e+00   0.0000e+00   0.0000e+00   2.6586e+02
20191122_15:00:00   1.6178e-01   4.4821e+01   2.8163e+00   0.0000e+00   0.0000e+00   2.6701e+02
20191122_18:00:00   1.6825e-01   4.6263e+01   2.9514e+00   0.0000e+00   0.0000e+00   2.6676e+02
20191122_21:00:00   2.1119e-01   5.5725e+01   3.7561e+00   0.0000e+00   0.0000e+00   2.7071e+02
20191123_00:00:00   1.9616e-01   5.2674e+01   3.4099e+00   0.0000e+00   0.0000e+00   2.7463e+02
20191123_03:00:00   1.9750e-01   5.2853e+01   3.4500e+00   0.0000e+00   0.0000e+00   2.7520e+02
20191123_06:00:00   1.9178e-01   5.1822e+01   3.2939e+00   0.0000e+00   0.0000e+00   2.7250e+02
20191123_09:00:00   1.6982e-01   4.6993e+01   2.8845e+00   0.0000e+00   0.0000e+00   2.7247e+02
20191123_12:00:00   1.5561e-01   4.3547e+01   2.7000e+00   0.0000e+00   0.0000e+00   2.7508e+02
20191123_15:00:00   1.6396e-01   4.4838e+01   3.0766e+00   0.0000e+00   0.0000e+00   2.6994e+02
20191123_18:00:00   1.6157e-01   4.4205e+01   3.0747e+00   0.0000e+00   0.0000e+00   2.6935e+02
20191123_21:00:00   1.7714e-01   4.7833e+01   3.3656e+00   0.0000e+00   3.6266e-05   2.6625e+02
20191124_00:00:00   1.9291e-01   5.1477e+01   3.6918e+00   0.0000e+00   0.0000e+00   2.6741e+02
20191124_03:00:00   2.2781e-01   5.9424e+01   4.3340e+00   0.0000e+00   0.0000e+00   2.6775e+02
20191124_06:00:00   2.5381e-01   6.5030e+01   4.8691e+00   0.0000e+00   0.0000e+00   2.6754e+02
20191124_09:00:00   2.8434e-01   7.1000e+01   5.6288e+00   0.0000e+00   6.4285e-03   2.6843e+02
20191124_12:00:00   3.3836e-01   8.1316e+01   6.8054e+00   0.0000e+00   1.4502e-02   2.6695e+02
20191124_15:00:00   3.7648e-01   8.9048e+01   7.3974e+00   0.0000e+00   0.0000e+00   2.6316e+02
20191124_18:00:00   3.8196e-01   9.0526e+01   7.3690e+00   0.0000e+00   1.1808e-04   2.6113e+02
20191124_21:00:00   4.4104e-01   1.0051e+02   8.7074e+00   0.0000e+00   1.9014e-02   2.6012e+02
20191125_00:00:00   4.7355e-01   1.0617e+02   9.3441e+00   0.0000e+00   6.1241e-05   2.6086e+02
20191125_03:00:00   4.4243e-01   1.0101e+02   8.7562e+00   0.0000e+00   1.3008e-02   2.5538e+02
20191125_06:00:00   4.3544e-01   9.9959e+01   8.5523e+00   0.0000e+00   1.0846e-03   2.5287e+02
20191125_09:00:00   4.1971e-01   9.7321e+01   8.1764e+00   0.0000e+00   1.2944e-03   2.5497e+02
20191125_12:00:00   3.6324e-01   8.7090e+01   7.0310e+00   0.0000e+00   3.6200e-03   2.5591e+02
20191125_15:00:00   3.3240e-01   8.1088e+01   6.4462e+00   0.0000e+00   1.3238e-02   2.5483e+02
20191125_18:00:00   4.0859e-01   9.5023e+01   7.8962e+00   0.0000e+00   2.3102e-02   2.5365e+02
20191125_21:00:00   3.1805e-01   7.8696e+01   5.8243e+00   0.0000e+00   3.7135e-02   2.5643e+02
20191126_00:00:00   2.0760e-01   5.5824e+01   3.6893e+00   0.0000e+00   2.0700e-06   2.6183e+02
20191126_03:00:00   2.7388e-01   6.9666e+01   4.9265e+00   0.0000e+00   8.1423e-04   2.5866e+02
20191126_06:00:00   2.6820e-01   6.8065e+01   4.9053e+00   0.0000e+00   0.0000e+00   2.6167e+02
20191126_09:00:00   2.5393e-01   6.4342e+01   4.8538e+00   0.0000e+00   1.4726e-02   2.6703e+02
20191126_12:00:00   3.5196e-01   8.3620e+01   6.6364e+00   0.0000e+00   6.0106e-03   2.7109e+02
20191126_15:00:00   5.4274e-01   1.1675e+02   7.8720e+00   4.4130e-02   2.0881e-02   2.7083e+02
20191126_18:00:00   3.6933e-01   8.6713e+01   6.6751e+00   5.6190e-04   2.1647e-03   2.7260e+02
20191126_21:00:00   4.6735e-01   1.0377e+02   8.1738e+00   4.3640e-03   2.1111e-02   2.6843e+02
20191127_00:00:00   4.0194e-01   9.1915e+01   7.5924e+00   0.0000e+00   1.2625e-01   2.6783e+02
20191127_03:00:00   4.3006e-01   9.6429e+01   8.2694e+00   0.0000e+00   9.7234e-02   2.6600e+02
20191127_06:00:00   5.0970e-01   1.0938e+02   9.6789e+00   0.0000e+00   2.4141e-01   2.6514e+02
20191127_09:00:00   6.4042e-01   1.2882e+02   1.1739e+01   0.0000e+00   4.3757e-01   2.6795e+02
20191127_12:00:00   6.6450e-01   1.3225e+02   1.1864e+01   0.0000e+00   2.7181e-01   2.7434e+02
20191127_15:00:00   5.5098e-01   1.1687e+02   9.5833e+00   0.0000e+00   1.3529e-02   2.8175e+02
20191127_18:00:00   4.4337e-01   1.0014e+02   7.5068e+00   0.0000e+00   5.8288e-03   2.8934e+02
20191127_21:00:00   5.2258e-01   1.1393e+02   6.7632e+00   4.7470e-02   2.1253e-03   2.9434e+02
20191128_00:00:00   3.4170e-01   8.2406e+01   5.3862e+00   9.6590e-03   0.0000e+00   3.0181e+02
20191128_03:00:00   1.4303e+00   2.0999e+02   6.4007e+00   4.2250e-01   2.4940e-05   3.1101e+02
20191128_06:00:00   2.5135e+00   2.5296e+02   7.9729e+00   8.3150e-01   4.1704e-04   3.0910e+02
20191128_09:00:00   2.0222e+00   2.3732e+02   7.7286e+00   6.4705e-01   7.6486e-03   3.1111e+02
20191128_12:00:00   9.6672e-01   1.6882e+02   5.6853e+00   2.6196e-01   4.1550e-03   3.1789e+02
20191128_15:00:00   3.6514e-01   8.4532e+01   5.8881e+00   7.0540e-04   8.3776e-02   3.2179e+02
20191128_18:00:00   3.3031e-01   7.7968e+01   5.1976e+00   2.3343e-03   3.2038e-02   3.2832e+02
20191128_21:00:00   2.9262e-01   7.0953e+01   4.2164e+00   8.4095e-03   1.8800e-02   3.2965e+02
20191129_00:00:00   2.3252e-01   5.8840e+01   3.6161e+00   0.0000e+00   1.8622e-03   3.3490e+02
20191129_03:00:00   2.1453e-01   5.5035e+01   3.2941e+00   0.0000e+00   2.7660e-06   3.3603e+02
20191129_06:00:00   1.8923e-01   4.9592e+01   2.8700e+00   0.0000e+00   0.0000e+00   3.4013e+02
20191129_09:00:00   1.8960e-01   4.9592e+01   2.8654e+00   0.0000e+00   0.0000e+00   3.4530e+02
20191129_12:00:00   1.5357e-01   4.1452e+01   2.3211e+00   0.0000e+00   0.0000e+00   3.4719e+02
20191129_15:00:00   1.3368e-01   3.6913e+01   1.9824e+00   0.0000e+00   0.0000e+00   3.4902e+02
20191129_18:00:00   1.2340e-01   3.4696e+01   1.7820e+00   0.0000e+00   0.0000e+00   3.4683e+02
