#            date       tau225        Tb[K]      pwv[mm] lwp[kg*m^-2] iwp[kg*m^-2]       o3[DU]
20191123_18:00:00   3.0991e-01   7.5549e+01   6.2977e+00   0.0000e+00   2.7789e-03   2.6487e+02
20191123_19:00:00   2.9783e-01   7.3138e+01   6.0806e+00   0.0000e+00   8.6844e-03   2.6555e+02
20191123_20:00:00   2.8257e-01   7.0124e+01   5.7478e+00   0.0000e+00   1.2020e-02   2.6632e+02
20191123_21:00:00   2.8242e-01   7.0361e+01   5.6465e+00   0.0000e+00   1.8150e-02   2.6597e+02
20191123_22:00:00   2.8613e-01   7.1165e+01   5.6920e+00   0.0000e+00   1.0765e-02   2.6555e+02
20191123_23:00:00   2.8298e-01   7.0452e+01   5.6635e+00   0.0000e+00   1.3601e-02   2.6613e+02
20191124_00:00:00   2.8811e-01   7.1317e+01   5.7921e+00   0.0000e+00   2.3808e-02   2.6596e+02
20191124_01:00:00   2.7100e-01   6.7812e+01   5.4897e+00   0.0000e+00   6.7077e-03   2.6613e+02
20191124_02:00:00   2.4564e-01   6.2603e+01   4.9954e+00   0.0000e+00   2.7338e-03   2.6659e+02
20191124_03:00:00   2.5798e-01   6.5154e+01   5.2286e+00   0.0000e+00   1.0717e-02   2.6581e+02
20191124_04:00:00   2.6026e-01   6.5622e+01   5.2601e+00   0.0000e+00   2.9206e-02   2.6444e+02
20191124_05:00:00   2.4209e-01   6.1788e+01   4.8937e+00   0.0000e+00   4.2914e-02   2.6315e+02
20191124_06:00:00   2.4366e-01   6.2114e+01   4.9109e+00   0.0000e+00   5.8892e-02   2.6257e+02
20191124_07:00:00   2.4686e-01   6.2656e+01   5.0142e+00   0.0000e+00   4.7130e-02   2.6183e+02
20191124_08:00:00   2.5624e-01   6.4567e+01   5.2229e+00   0.0000e+00   1.8218e-02   2.6029e+02
20191124_09:00:00   2.6528e-01   6.6389e+01   5.4150e+00   0.0000e+00   1.3270e-02   2.6069e+02
20191124_10:00:00   2.6915e-01   6.7189e+01   5.4753e+00   0.0000e+00   2.1675e-02   2.6329e+02
20191124_11:00:00   2.6132e-01   6.5578e+01   5.2938e+00   0.0000e+00   5.6521e-02   2.6500e+02
20191124_12:00:00   2.6775e-01   6.6749e+01   5.4368e+00   0.0000e+00   7.9484e-02   2.6540e+02
20191124_13:00:00   2.5683e-01   6.4795e+01   5.1228e+00   0.0000e+00   3.4805e-02   2.6457e+02
20191124_14:00:00   2.4544e-01   6.2591e+01   4.8590e+00   0.0000e+00   4.9122e-03   2.6492e+02
20191124_15:00:00   2.3343e-01   6.0359e+01   4.5325e+00   0.0000e+00   5.6259e-04   2.6501e+02
20191124_16:00:00   2.2029e-01   5.7743e+01   4.2336e+00   0.0000e+00   0.0000e+00   2.6511e+02
20191124_17:00:00   2.1314e-01   5.6217e+01   4.1017e+00   0.0000e+00   0.0000e+00   2.6430e+02
20191124_18:00:00   2.0661e-01   5.4835e+01   3.9789e+00   0.0000e+00   0.0000e+00   2.6429e+02
20191124_19:00:00   2.1320e-01   5.6347e+01   4.0906e+00   0.0000e+00   0.0000e+00   2.6320e+02
20191124_20:00:00   2.2919e-01   5.9971e+01   4.3557e+00   0.0000e+00   0.0000e+00   2.6205e+02
20191124_21:00:00   2.3941e-01   6.2243e+01   4.5242e+00   0.0000e+00   0.0000e+00   2.6271e+02
20191124_22:00:00   2.4077e-01   6.2458e+01   4.5961e+00   0.0000e+00   3.8840e-04   2.6331e+02
20191124_23:00:00   2.4104e-01   6.2473e+01   4.6236e+00   0.0000e+00   1.7644e-04   2.6273e+02
20191125_00:00:00   2.4823e-01   6.4006e+01   4.7407e+00   0.0000e+00   2.0099e-03   2.6220e+02
20191125_01:00:00   2.3130e-01   6.0539e+01   4.3772e+00   0.0000e+00   8.4880e-05   2.6124e+02
20191125_02:00:00   2.2683e-01   5.9486e+01   4.3127e+00   0.0000e+00   4.8764e-03   2.5962e+02
20191125_03:00:00   2.1940e-01   5.7687e+01   4.2236e+00   0.0000e+00   7.6033e-02   2.5723e+02
20191125_04:00:00   2.1511e-01   5.6565e+01   4.2062e+00   0.0000e+00   8.0699e-02   2.5655e+02
20191125_05:00:00   2.0930e-01   5.5274e+01   4.0982e+00   0.0000e+00   7.5409e-02   2.5593e+02
20191125_06:00:00   2.1576e-01   5.6643e+01   4.2181e+00   0.0000e+00   9.6620e-02   2.5722e+02
20191125_07:00:00   2.2139e-01   5.7935e+01   4.3469e+00   0.0000e+00   1.4644e-02   2.5720e+02
20191125_08:00:00   2.4000e-01   6.1666e+01   4.7971e+00   0.0000e+00   3.1580e-02   2.5669e+02
20191125_09:00:00   2.5162e-01   6.3998e+01   5.0384e+00   0.0000e+00   1.0939e-01   2.5794e+02
20191125_10:00:00   2.6551e-01   6.6693e+01   5.3922e+00   0.0000e+00   1.0165e-01   2.5919e+02
20191125_11:00:00   2.8184e-01   7.0099e+01   5.7167e+00   0.0000e+00   6.7795e-02   2.5947e+02
20191125_12:00:00   3.0427e-01   7.4584e+01   6.1870e+00   0.0000e+00   4.4763e-02   2.5970e+02
20191125_13:00:00   3.1516e-01   7.6701e+01   6.3609e+00   0.0000e+00   1.3901e-01   2.6071e+02
20191125_14:00:00   3.1135e-01   7.5956e+01   6.2846e+00   0.0000e+00   8.7069e-02   2.6058e+02
20191125_15:00:00   3.1433e-01   7.6347e+01   6.3475e+00   0.0000e+00   1.6887e-01   2.5955e+02
20191125_16:00:00   3.1299e-01   7.6044e+01   6.3727e+00   0.0000e+00   5.6769e-02   2.5891e+02
20191125_17:00:00   2.9060e-01   7.1752e+01   5.8408e+00   0.0000e+00   8.0434e-02   2.5909e+02
20191125_18:00:00   2.8050e-01   6.9724e+01   5.5950e+00   0.0000e+00   6.4115e-02   2.6012e+02
20191125_19:00:00   2.5314e-01   6.4281e+01   5.0045e+00   0.0000e+00   6.3203e-02   2.6143e+02
20191125_20:00:00   2.5564e-01   6.4804e+01   5.0386e+00   0.0000e+00   4.1917e-02   2.6181e+02
20191125_21:00:00   2.5801e-01   6.5528e+01   4.9861e+00   0.0000e+00   4.3045e-02   2.6410e+02
20191125_22:00:00   2.2479e-01   5.8774e+01   4.3474e+00   0.0000e+00   1.6644e-02   2.6473e+02
20191125_23:00:00   2.0033e-01   5.3737e+01   3.7508e+00   0.0000e+00   1.4312e-02   2.6520e+02
20191126_00:00:00   1.8151e-01   4.9472e+01   3.3717e+00   0.0000e+00   1.1506e-02   2.6586e+02
20191126_01:00:00   1.6937e-01   4.6659e+01   3.0837e+00   0.0000e+00   2.0178e-02   2.6717e+02
20191126_02:00:00   1.5201e-01   4.2683e+01   2.7940e+00   0.0000e+00   5.1289e-03   2.6789e+02
20191126_03:00:00   1.7065e-01   4.6962e+01   3.1207e+00   0.0000e+00   3.1377e-03   2.6939e+02
20191126_04:00:00   1.7899e-01   4.8939e+01   3.2388e+00   0.0000e+00   5.9935e-04   2.7122e+02
20191126_05:00:00   2.0084e-01   5.3812e+01   3.5772e+00   0.0000e+00   8.7442e-04   2.7095e+02
20191126_06:00:00   2.0672e-01   5.5007e+01   3.6489e+00   0.0000e+00   6.2920e-05   2.7161e+02
20191126_07:00:00   2.1232e-01   5.6134e+01   3.7632e+00   0.0000e+00   0.0000e+00   2.6826e+02
20191126_08:00:00   2.5734e-01   6.5571e+01   4.5196e+00   0.0000e+00   0.0000e+00   2.6674e+02
20191126_09:00:00   2.8549e-01   7.1216e+01   4.9863e+00   0.0000e+00   0.0000e+00   2.6553e+02
20191126_10:00:00   2.6632e-01   6.7169e+01   4.6965e+00   0.0000e+00   0.0000e+00   2.6733e+02
20191126_11:00:00   2.5171e-01   6.4059e+01   4.4540e+00   0.0000e+00   0.0000e+00   2.6903e+02
20191126_12:00:00   2.3869e-01   6.1236e+01   4.2218e+00   0.0000e+00   0.0000e+00   2.7143e+02
20191126_13:00:00   2.3710e-01   6.0639e+01   4.2839e+00   0.0000e+00   0.0000e+00   2.7023e+02
20191126_14:00:00   2.3232e-01   5.9472e+01   4.2515e+00   0.0000e+00   0.0000e+00   2.6956e+02
20191126_15:00:00   2.2876e-01   5.8660e+01   4.2175e+00   0.0000e+00   3.8080e-06   2.7147e+02
20191126_16:00:00   2.1286e-01   5.5310e+01   3.9387e+00   0.0000e+00   0.0000e+00   2.7320e+02
20191126_17:00:00   2.0318e-01   5.3217e+01   3.7725e+00   0.0000e+00   0.0000e+00   2.7408e+02
20191126_18:00:00   1.9993e-01   5.2622e+01   3.6619e+00   0.0000e+00   0.0000e+00   2.7468e+02
20191126_19:00:00   2.0053e-01   5.2805e+01   3.6451e+00   0.0000e+00   0.0000e+00   2.7436e+02
20191126_20:00:00   2.0163e-01   5.3070e+01   3.6681e+00   0.0000e+00   0.0000e+00   2.7270e+02
20191126_21:00:00   1.9477e-01   5.1613e+01   3.5491e+00   0.0000e+00   0.0000e+00   2.7035e+02
20191126_22:00:00   1.8575e-01   4.9648e+01   3.3891e+00   0.0000e+00   0.0000e+00   2.6949e+02
20191126_23:00:00   1.7881e-01   4.8204e+01   3.2536e+00   0.0000e+00   0.0000e+00   2.6460e+02
20191127_00:00:00   1.7803e-01   4.8065e+01   3.2380e+00   0.0000e+00   2.0700e-06   2.6247e+02
20191127_01:00:00   1.7098e-01   4.6569e+01   3.1170e+00   0.0000e+00   8.7480e-05   2.6156e+02
20191127_02:00:00   1.8216e-01   4.9135e+01   3.3221e+00   0.0000e+00   3.8760e-05   2.6253e+02
20191127_03:00:00   2.1859e-01   5.7187e+01   3.9485e+00   0.0000e+00   1.6878e-04   2.6168e+02
20191127_04:00:00   2.3614e-01   6.0986e+01   4.2430e+00   0.0000e+00   4.5739e-03   2.6055e+02
20191127_05:00:00   2.4394e-01   6.2624e+01   4.3943e+00   0.0000e+00   5.9768e-03   2.6093e+02
20191127_06:00:00   2.3246e-01   6.0160e+01   4.2442e+00   0.0000e+00   9.8077e-03   2.6171e+02
20191127_07:00:00   2.4647e-01   6.3082e+01   4.5063e+00   0.0000e+00   1.2796e-02   2.6218e+02
20191127_08:00:00   2.5656e-01   6.5181e+01   4.6885e+00   0.0000e+00   1.6064e-02   2.6268e+02
20191127_09:00:00   2.6496e-01   6.6893e+01   4.8388e+00   0.0000e+00   1.3029e-02   2.6165e+02
20191127_10:00:00   2.7448e-01   6.8791e+01   5.0420e+00   0.0000e+00   1.3187e-02   2.6259e+02
20191127_11:00:00   2.8885e-01   7.1625e+01   5.3647e+00   0.0000e+00   1.4047e-02   2.6144e+02
20191127_12:00:00   3.0364e-01   7.4586e+01   5.6358e+00   0.0000e+00   3.7136e-03   2.6129e+02
20191127_13:00:00   3.0881e-01   7.5456e+01   5.8146e+00   0.0000e+00   1.6079e-02   2.6062e+02
20191127_14:00:00   3.0130e-01   7.3954e+01   5.7604e+00   0.0000e+00   4.3681e-03   2.6027e+02
20191127_15:00:00   3.0650e-01   7.4902e+01   5.9015e+00   0.0000e+00   3.6640e-03   2.6037e+02
20191127_16:00:00   3.0493e-01   7.4602e+01   5.8686e+00   0.0000e+00   7.9665e-03   2.6085e+02
20191127_17:00:00   3.1366e-01   7.6366e+01   5.9887e+00   0.0000e+00   6.7444e-03   2.6265e+02
20191127_18:00:00   2.9730e-01   7.3463e+01   5.5497e+00   0.0000e+00   1.5374e-02   2.6412e+02
20191127_19:00:00   2.9111e-01   7.2388e+01   5.3724e+00   0.0000e+00   2.6824e-03   2.6398e+02
20191127_20:00:00   2.8410e-01   7.0892e+01   5.2872e+00   0.0000e+00   2.9287e-03   2.6230e+02
20191127_21:00:00   2.8276e-01   7.0568e+01   5.2941e+00   0.0000e+00   1.2845e-02   2.6253e+02
20191127_22:00:00   2.6917e-01   6.7725e+01   5.0961e+00   0.0000e+00   2.1303e-02   2.6334e+02
20191127_23:00:00   2.8553e-01   7.1141e+01   5.3433e+00   0.0000e+00   4.2695e-03   2.6319e+02
20191128_00:00:00   3.1064e-01   7.6027e+01   5.8332e+00   0.0000e+00   4.2054e-03   2.6206e+02
20191128_01:00:00   3.3782e-01   8.1249e+01   6.3700e+00   0.0000e+00   1.0434e-02   2.6129e+02
20191128_02:00:00   3.6499e-01   8.6305e+01   6.9015e+00   0.0000e+00   8.9008e-03   2.6264e+02
20191128_03:00:00   3.9097e-01   9.0885e+01   7.4217e+00   1.8234e-04   9.3891e-03   2.6147e+02
20191128_04:00:00   4.0878e-01   9.4220e+01   7.6565e+00   0.0000e+00   1.3877e-02   2.6333e+02
20191128_05:00:00   4.0682e-01   9.4005e+01   7.4624e+00   3.7440e-04   4.4841e-03   2.6486e+02
20191128_06:00:00   3.6946e-01   8.7243e+01   6.7743e+00   0.0000e+00   2.8120e-04   2.6698e+02
20191128_07:00:00   3.2728e-01   7.9233e+01   6.0362e+00   4.2920e-04   0.0000e+00   2.7059e+02
20191128_08:00:00   3.3378e-01   8.0413e+01   6.0381e+00   3.0630e-03   0.0000e+00   2.7211e+02
20191128_09:00:00   3.3435e-01   8.0193e+01   6.1386e+00   2.7710e-03   0.0000e+00   2.7465e+02
20191128_10:00:00   3.2961e-01   7.9294e+01   6.0414e+00   9.7030e-04   0.0000e+00   2.7541e+02
20191128_11:00:00   3.5735e-01   8.4593e+01   6.1525e+00   8.8050e-03   0.0000e+00   2.7881e+02
20191128_12:00:00   4.0416e-01   9.3534e+01   6.1552e+00   2.3874e-02   0.0000e+00   2.8322e+02
20191128_13:00:00   3.6683e-01   8.6748e+01   6.2435e+00   3.3110e-03   0.0000e+00   2.8379e+02
20191128_14:00:00   3.5253e-01   8.4166e+01   6.0778e+00   0.0000e+00   0.0000e+00   2.8685e+02
20191128_15:00:00   3.5053e-01   8.3857e+01   5.9902e+00   0.0000e+00   0.0000e+00   2.9026e+02
20191128_16:00:00   3.6384e-01   8.6258e+01   6.2440e+00   0.0000e+00   0.0000e+00   2.9423e+02
20191128_17:00:00   4.0014e-01   9.2741e+01   6.9120e+00   0.0000e+00   0.0000e+00   2.9548e+02
20191128_18:00:00   4.0792e-01   9.4069e+01   7.1379e+00   0.0000e+00   1.0352e-06   2.9666e+02
20191128_21:00:00   5.6506e-01   1.1958e+02   9.7139e+00   5.7572e-03   2.3425e-02   2.9958e+02
20191129_00:00:00   6.9372e-01   1.3784e+02   1.1034e+01   3.0596e-02   2.4393e-02   3.0784e+02
20191129_03:00:00   1.7546e+00   2.2613e+02   1.3890e+01   3.9208e-01   7.4397e-01   3.1821e+02
20191129_06:00:00   1.7324e+00   2.2334e+02   1.1483e+01   4.4637e-01   7.7922e-01   3.4135e+02
20191129_09:00:00   1.2880e+00   1.9525e+02   8.9484e+00   3.1766e-01   8.9443e-01   3.5244e+02
20191129_12:00:00   8.0869e-01   1.4898e+02   6.4054e+00   1.8211e-01   3.3769e-01   3.3152e+02
20191129_15:00:00   2.5991e-01   6.3920e+01   4.2270e+00   0.0000e+00   1.4294e-05   3.1908e+02
20191129_18:00:00   3.3871e-01   7.9187e+01   5.4539e+00   6.3528e-04   3.6602e-03   3.0828e+02
20191129_21:00:00   3.9623e-01   9.0196e+01   5.6684e+00   1.9590e-02   1.3074e-02   3.0097e+02
20191130_00:00:00   2.7382e-01   6.7609e+01   4.4962e+00   0.0000e+00   1.6204e-05   2.9492e+02
20191130_03:00:00   2.7213e-01   6.7250e+01   4.6510e+00   0.0000e+00   9.1210e-05   2.9521e+02
20191130_06:00:00   2.7593e-01   6.8100e+01   4.9013e+00   0.0000e+00   8.0780e-06   2.8936e+02
20191130_09:00:00   2.5693e-01   6.4571e+01   4.6755e+00   0.0000e+00   0.0000e+00   2.7698e+02
20191130_12:00:00   2.5424e-01   6.4201e+01   4.7822e+00   7.4380e-05   5.8175e-05   2.6980e+02
20191130_15:00:00   2.4681e-01   6.2694e+01   4.8835e+00   0.0000e+00   1.5852e-03   2.6376e+02
20191130_18:00:00   2.3671e-01   6.0588e+01   4.6998e+00   0.0000e+00   4.3839e-03   2.6240e+02
20191130_21:00:00   2.3825e-01   6.1368e+01   4.6151e+00   0.0000e+00   1.1214e-04   2.6500e+02
20191201_00:00:00   2.2764e-01   5.9372e+01   4.4353e+00   0.0000e+00   4.6899e-06   2.6262e+02
20191201_03:00:00   2.8439e-01   7.1224e+01   5.6202e+00   0.0000e+00   2.7499e-03   2.6182e+02
20191201_06:00:00   3.2551e-01   7.9287e+01   6.5360e+00   0.0000e+00   1.4275e-02   2.6471e+02
20191201_09:00:00   3.3223e-01   8.0708e+01   6.6641e+00   0.0000e+00   3.2128e-02   2.6645e+02
20191201_12:00:00   3.5353e-01   8.4875e+01   7.1658e+00   0.0000e+00   1.3285e-02   2.6775e+02
20191201_15:00:00   3.2723e-01   8.0052e+01   6.5567e+00   0.0000e+00   3.8363e-02   2.6705e+02
20191201_18:00:00   3.6234e-01   8.6168e+01   7.5361e+00   0.0000e+00   2.8289e-03   2.6933e+02
20191201_21:00:00   3.6368e-01   8.6386e+01   7.5991e+00   0.0000e+00   1.7526e-03   2.7145e+02
20191202_00:00:00   3.7527e-01   8.8458e+01   7.9000e+00   0.0000e+00   2.5545e-02   2.6669e+02
20191202_03:00:00   3.8349e-01   9.0103e+01   8.0857e+00   0.0000e+00   4.9323e-03   2.6726e+02
20191202_06:00:00   3.6899e-01   8.7717e+01   7.7497e+00   0.0000e+00   1.5436e-03   2.7175e+02
20191202_09:00:00   3.2202e-01   7.8757e+01   6.8048e+00   0.0000e+00   4.7477e-03   2.7154e+02
20191202_12:00:00   2.9482e-01   7.3005e+01   6.3121e+00   0.0000e+00   5.6978e-03   2.6964e+02
20191202_15:00:00   2.7778e-01   6.9385e+01   5.9957e+00   0.0000e+00   6.8914e-04   2.6521e+02
20191202_18:00:00   2.9832e-01   7.3282e+01   6.5277e+00   0.0000e+00   5.1173e-05   2.6367e+02
20191202_21:00:00   3.2316e-01   7.8095e+01   7.1014e+00   0.0000e+00   4.8364e-03   2.6747e+02
20191203_00:00:00   3.7146e-01   8.7269e+01   8.1333e+00   0.0000e+00   1.2365e-03   2.6408e+02
20191203_03:00:00   3.8729e-01   9.0301e+01   8.4745e+00   0.0000e+00   1.7212e-03   2.6418e+02
20191203_06:00:00   4.1613e-01   9.5537e+01   9.1017e+00   0.0000e+00   6.7908e-02   2.6115e+02
20191203_09:00:00   4.4291e-01   1.0014e+02   9.6920e+00   0.0000e+00   1.5001e-02   2.6362e+02
20191203_12:00:00   4.8901e-01   1.0781e+02   1.0622e+01   0.0000e+00   6.2347e-03   2.6252e+02
20191203_15:00:00   5.2864e-01   1.1482e+02   1.1345e+01   0.0000e+00   3.9418e-05   2.6227e+02
20191203_18:00:00   5.5129e-01   1.1877e+02   1.1721e+01   0.0000e+00   4.7236e-05   2.6060e+02
20191203_21:00:00   5.9547e-01   1.2575e+02   1.2511e+01   0.0000e+00   4.3794e-04   2.6395e+02
20191204_00:00:00   6.4227e-01   1.3295e+02   1.3152e+01   0.0000e+00   1.6787e-04   2.6823e+02
20191204_03:00:00   6.4706e-01   1.3365e+02   1.3218e+01   0.0000e+00   8.1580e-06   2.6718e+02
20191204_06:00:00   6.9270e-01   1.4120e+02   1.3739e+01   0.0000e+00   8.1580e-06   2.6735e+02
20191204_09:00:00   6.6243e-01   1.3758e+02   1.2903e+01   0.0000e+00   0.0000e+00   2.6928e+02
20191204_12:00:00   5.3200e-01   1.1793e+02   1.0540e+01   0.0000e+00   2.1185e-05   2.7132e+02
20191204_15:00:00   4.7713e-01   1.0907e+02   9.3739e+00   0.0000e+00   0.0000e+00   2.6663e+02
20191204_18:00:00   4.5246e-01   1.0493e+02   8.9120e+00   0.0000e+00   5.0620e-06   2.6645e+02
20191204_21:00:00   4.4243e-01   1.0311e+02   8.7586e+00   0.0000e+00   3.8340e-06   2.7094e+02
20191205_00:00:00   4.3817e-01   1.0236e+02   8.7194e+00   0.0000e+00   0.0000e+00   2.7173e+02
20191205_03:00:00   4.4338e-01   1.0336e+02   8.8366e+00   0.0000e+00   5.4145e-05   2.7095e+02
20191205_06:00:00   4.7683e-01   1.0873e+02   9.6332e+00   0.0000e+00   1.5292e-02   2.7093e+02
20191205_09:00:00   6.4009e-01   1.3353e+02   1.3140e+01   0.0000e+00   2.2165e-02   2.7274e+02
20191205_12:00:00   6.6691e-01   1.3714e+02   1.3624e+01   0.0000e+00   1.0201e-02   2.7642e+02
20191205_15:00:00   7.7047e-01   1.5068e+02   1.5552e+01   0.0000e+00   1.1345e-03   2.7418e+02
20191205_18:00:00   8.0296e-01   1.5488e+02   1.5829e+01   0.0000e+00   4.9116e-05   2.7339e+02
20191205_21:00:00   8.6419e-01   1.6243e+02   1.6474e+01   0.0000e+00   4.4123e-03   2.7797e+02
20191206_00:00:00   9.2903e-01   1.6908e+02   1.7828e+01   0.0000e+00   7.6521e-04   2.7861e+02
20191206_03:00:00   8.3025e-01   1.5843e+02   1.5373e+01   0.0000e+00   0.0000e+00   2.7868e+02
20191206_06:00:00   6.4200e-01   1.3367e+02   1.1863e+01   0.0000e+00   0.0000e+00   2.7700e+02
20191206_09:00:00   6.3417e-01   1.3227e+02   1.1652e+01   0.0000e+00   0.0000e+00   2.7768e+02
20191206_12:00:00   5.2552e-01   1.1554e+02   9.7042e+00   0.0000e+00   2.6285e-04   2.8062e+02
20191206_15:00:00   3.9759e-01   9.3616e+01   7.4386e+00   0.0000e+00   0.0000e+00   2.7706e+02
20191206_18:00:00   3.9644e-01   9.3469e+01   7.3407e+00   0.0000e+00   0.0000e+00   2.7585e+02
20191206_21:00:00   3.9662e-01   9.3521e+01   7.3695e+00   0.0000e+00   0.0000e+00   2.7914e+02
20191207_00:00:00   3.4662e-01   8.4130e+01   6.6053e+00   0.0000e+00   0.0000e+00   2.7821e+02
20191207_03:00:00   3.3161e-01   8.1216e+01   6.4242e+00   0.0000e+00   0.0000e+00   2.7670e+02
20191207_06:00:00   3.2220e-01   7.9167e+01   6.3534e+00   0.0000e+00   0.0000e+00   2.7379e+02
20191207_09:00:00   3.0465e-01   7.5551e+01   6.0354e+00   0.0000e+00   1.2061e-03   2.7643e+02
20191207_12:00:00   3.2140e-01   7.8782e+01   6.2888e+00   0.0000e+00   0.0000e+00   2.7707e+02
20191207_15:00:00   3.2760e-01   7.9824e+01   6.4729e+00   0.0000e+00   3.1032e-03   2.7727e+02
20191207_18:00:00   3.2003e-01   7.8336e+01   6.2976e+00   0.0000e+00   4.4492e-05   2.7656e+02
20191207_21:00:00   2.8862e-01   7.2110e+01   5.6104e+00   0.0000e+00   3.3120e-05   2.7381e+02
20191208_00:00:00   2.9398e-01   7.3216e+01   5.7252e+00   0.0000e+00   2.3487e-04   2.7242e+02
20191208_03:00:00   2.9062e-01   7.2500e+01   5.6610e+00   0.0000e+00   8.3716e-06   2.7395e+02
20191208_06:00:00   2.6982e-01   6.8239e+01   5.3205e+00   0.0000e+00   1.0069e-04   2.7296e+02
20191208_09:00:00   2.8484e-01   7.1240e+01   5.5353e+00   0.0000e+00   5.2969e-05   2.6884e+02
20191208_12:00:00   2.6455e-01   6.6963e+01   5.1493e+00   0.0000e+00   1.6968e-04   2.7038e+02
20191208_15:00:00   2.2786e-01   5.8879e+01   4.5827e+00   0.0000e+00   8.2425e-05   2.6886e+02
20191208_18:00:00   2.0730e-01   5.4453e+01   4.1354e+00   0.0000e+00   3.9535e-04   2.6736e+02
20191208_21:00:00   1.9088e-01   5.0870e+01   3.7861e+00   0.0000e+00   2.9336e-04   2.6734e+02
20191209_00:00:00   2.1138e-01   5.5620e+01   4.1176e+00   0.0000e+00   1.3216e-05   2.6743e+02
20191209_03:00:00   2.2143e-01   5.7968e+01   4.3104e+00   0.0000e+00   2.0105e-04   2.6526e+02
20191209_06:00:00   2.2214e-01   5.8210e+01   4.3597e+00   0.0000e+00   7.3810e-05   2.6797e+02
20191209_09:00:00   3.0125e-01   7.4262e+01   6.1460e+00   0.0000e+00   6.6240e-06   2.6819e+02
20191209_12:00:00   3.6252e-01   8.6059e+01   7.3587e+00   0.0000e+00   3.8923e-04   2.6882e+02
20191209_15:00:00   3.8408e-01   9.0370e+01   7.7884e+00   0.0000e+00   2.6300e-04   2.6612e+02
20191209_18:00:00   3.9449e-01   9.2518e+01   8.0025e+00   0.0000e+00   4.1340e-04   2.6537e+02
