#            date       tau225        Tb[K]      pwv[mm] lwp[kg*m^-2] iwp[kg*m^-2]       o3[DU]
20190831_18:00:00   2.5060e-01   6.3697e+01   5.6024e+00   0.0000e+00   1.0242e-03   2.6134e+02
20190831_19:00:00   2.3490e-01   6.0410e+01   5.2988e+00   0.0000e+00   8.0755e-04   2.5978e+02
20190831_20:00:00   2.2666e-01   5.8675e+01   5.1233e+00   0.0000e+00   4.9582e-04   2.5940e+02
20190831_21:00:00   2.3040e-01   5.9482e+01   5.1887e+00   0.0000e+00   2.3068e-04   2.5922e+02
20190831_22:00:00   2.4381e-01   6.2256e+01   5.5111e+00   0.0000e+00   2.1815e-03   2.5976e+02
20190831_23:00:00   2.7510e-01   6.8610e+01   6.2465e+00   1.8390e-04   3.4927e-03   2.6001e+02
20190901_00:00:00   3.2656e-01   7.8768e+01   7.0998e+00   5.1634e-03   6.4907e-03   2.6064e+02
20190901_01:00:00   3.8944e-01   9.0355e+01   8.1696e+00   1.1070e-02   5.6807e-03   2.6053e+02
20190901_02:00:00   4.4087e-01   9.9517e+01   8.8737e+00   1.8040e-02   3.3231e-03   2.5982e+02
20190901_03:00:00   4.8206e-01   1.0656e+02   9.3575e+00   2.5480e-02   3.1823e-03   2.5942e+02
20190901_04:00:00   7.5229e-01   1.4617e+02   1.0045e+01   1.2022e-01   2.8454e-02   2.5803e+02
20190901_05:00:00   8.6508e-01   1.5920e+02   1.0442e+01   1.6244e-01   1.2774e-01   2.5621e+02
20190901_06:00:00   5.7488e-01   1.2055e+02   1.0356e+01   4.7114e-02   2.8753e-02   2.5699e+02
20190901_07:00:00   5.5516e-01   1.1759e+02   9.6516e+00   5.1723e-02   5.4275e-03   2.5741e+02
20190901_08:00:00   4.2676e-01   9.6941e+01   8.9027e+00   9.8200e-03   1.4963e-03   2.5709e+02
20190901_09:00:00   3.7592e-01   8.8003e+01   8.1801e+00   2.2920e-03   1.0354e-03   2.5715e+02
20190901_10:00:00   3.5778e-01   8.4580e+01   7.8203e+00   2.2920e-03   3.5011e-03   2.5848e+02
20190901_11:00:00   3.4697e-01   8.2539e+01   7.6243e+00   1.9642e-03   4.4154e-03   2.5949e+02
20190901_12:00:00   3.3041e-01   7.9395e+01   7.3415e+00   0.0000e+00   3.8996e-03   2.5934e+02
20190901_13:00:00   3.2022e-01   7.7428e+01   7.1022e+00   0.0000e+00   3.5920e-03   2.5946e+02
20190901_14:00:00   3.0357e-01   7.4241e+01   6.7296e+00   0.0000e+00   3.0130e-03   2.5903e+02
20190901_15:00:00   2.9120e-01   7.1825e+01   6.4515e+00   0.0000e+00   3.1667e-03   2.5959e+02
20190901_16:00:00   2.7586e-01   6.8739e+01   6.1354e+00   0.0000e+00   3.2171e-03   2.6009e+02
20190901_17:00:00   2.6163e-01   6.5843e+01   5.8557e+00   0.0000e+00   3.2209e-03   2.6015e+02
20190901_18:00:00   2.5041e-01   6.3561e+01   5.6069e+00   0.0000e+00   3.8332e-03   2.6013e+02
20190901_19:00:00   2.4218e-01   6.1866e+01   5.4202e+00   0.0000e+00   6.3355e-03   2.6007e+02
20190901_20:00:00   2.3674e-01   6.0702e+01   5.3150e+00   0.0000e+00   5.8900e-03   2.5870e+02
20190901_21:00:00   2.3755e-01   6.0808e+01   5.3748e+00   0.0000e+00   1.0718e-02   2.5646e+02
20190901_22:00:00   2.4224e-01   6.1719e+01   5.5323e+00   0.0000e+00   1.3769e-02   2.5558e+02
20190901_23:00:00   2.7124e-01   6.7579e+01   6.2276e+00   0.0000e+00   2.4005e-02   2.5649e+02
20190902_00:00:00   2.8494e-01   7.0265e+01   6.5575e+00   0.0000e+00   1.7376e-02   2.5745e+02
20190902_01:00:00   2.9332e-01   7.2051e+01   6.3254e+00   7.6770e-03   1.7322e-02   2.5822e+02
20190902_02:00:00   2.7749e-01   6.8638e+01   6.4276e+00   0.0000e+00   4.3388e-02   2.5913e+02
20190902_03:00:00   2.7526e-01   6.8199e+01   6.3943e+00   0.0000e+00   4.0988e-02   2.6019e+02
20190902_04:00:00   2.7347e-01   6.7861e+01   6.3614e+00   0.0000e+00   1.6672e-02   2.6228e+02
20190902_05:00:00   2.6903e-01   6.6990e+01   6.2643e+00   0.0000e+00   8.9767e-03   2.6545e+02
20190902_06:00:00   2.6544e-01   6.6325e+01   6.1602e+00   0.0000e+00   7.3848e-04   2.6653e+02
20190902_07:00:00   2.6947e-01   6.7134e+01   6.2428e+00   0.0000e+00   9.8504e-04   2.6728e+02
20190902_08:00:00   2.7790e-01   6.8813e+01   6.4217e+00   0.0000e+00   2.8807e-03   2.6728e+02
20190902_09:00:00   2.8192e-01   6.9578e+01   6.5415e+00   0.0000e+00   5.4945e-03   2.6745e+02
20190902_10:00:00   2.8888e-01   7.0922e+01   6.7160e+00   0.0000e+00   6.8064e-03   2.6818e+02
20190902_11:00:00   2.9227e-01   7.1568e+01   6.7953e+00   0.0000e+00   6.8088e-03   2.6777e+02
20190902_12:00:00   3.0023e-01   7.3044e+01   6.9896e+00   0.0000e+00   1.2378e-02   2.6750e+02
20190902_13:00:00   3.1341e-01   7.5471e+01   7.3061e+00   0.0000e+00   1.7751e-02   2.6690e+02
20190902_14:00:00   3.2146e-01   7.6971e+01   7.5022e+00   0.0000e+00   4.7380e-03   2.6614e+02
20190902_15:00:00   3.1792e-01   7.6309e+01   7.4313e+00   0.0000e+00   1.1786e-03   2.6447e+02
20190902_16:00:00   3.1179e-01   7.5177e+01   7.2803e+00   0.0000e+00   7.1825e-05   2.6192e+02
20190902_17:00:00   2.9686e-01   7.2345e+01   6.9337e+00   0.0000e+00   3.8439e-04   2.6092e+02
20190902_18:00:00   2.8447e-01   6.9945e+01   6.6506e+00   0.0000e+00   5.8566e-04   2.6264e+02
20190902_19:00:00   2.7629e-01   6.8387e+01   6.4494e+00   0.0000e+00   1.2768e-04   2.6223e+02
20190902_20:00:00   2.7602e-01   6.8380e+01   6.4405e+00   0.0000e+00   1.5659e-03   2.6225e+02
20190902_21:00:00   2.8129e-01   6.9434e+01   6.5585e+00   0.0000e+00   3.6725e-03   2.6244e+02
20190902_22:00:00   2.9102e-01   7.1376e+01   6.7645e+00   8.6350e-05   4.7798e-03   2.6160e+02
20190902_23:00:00   3.0509e-01   7.4170e+01   7.0703e+00   0.0000e+00   2.6206e-03   2.6273e+02
20190903_00:00:00   3.0842e-01   7.4796e+01   7.1638e+00   0.0000e+00   2.7405e-03   2.6228e+02
20190903_01:00:00   3.0209e-01   7.3542e+01   7.0486e+00   0.0000e+00   2.9176e-03   2.6231e+02
20190903_02:00:00   2.9667e-01   7.2425e+01   6.9531e+00   0.0000e+00   2.4932e-03   2.6336e+02
20190903_03:00:00   2.9482e-01   7.2024e+01   6.9513e+00   0.0000e+00   2.3735e-03   2.6452e+02
20190903_04:00:00   2.8992e-01   7.1012e+01   6.8792e+00   0.0000e+00   5.8973e-03   2.6542e+02
20190903_05:00:00   2.8501e-01   6.9975e+01   6.8036e+00   0.0000e+00   4.3918e-03   2.6272e+02
20190903_06:00:00   2.8011e-01   6.8948e+01   6.7162e+00   0.0000e+00   2.8417e-03   2.6267e+02
20190903_07:00:00   2.7406e-01   6.7683e+01   6.5909e+00   0.0000e+00   1.4053e-03   2.6138e+02
20190903_08:00:00   2.6765e-01   6.6386e+01   6.4538e+00   0.0000e+00   1.4391e-03   2.6261e+02
20190903_09:00:00   2.5592e-01   6.4036e+01   6.1732e+00   0.0000e+00   3.1501e-04   2.6117e+02
20190903_10:00:00   2.4530e-01   6.1883e+01   5.9319e+00   0.0000e+00   2.0704e-04   2.6137e+02
20190903_11:00:00   2.3314e-01   5.9331e+01   5.6533e+00   0.0000e+00   1.5987e-04   2.6113e+02
20190903_12:00:00   2.2174e-01   5.6970e+01   5.3840e+00   0.0000e+00   8.4420e-07   2.6063e+02
20190903_13:00:00   2.1578e-01   5.5671e+01   5.2474e+00   0.0000e+00   1.7545e-03   2.6036e+02
20190903_14:00:00   2.1476e-01   5.5448e+01   5.2237e+00   0.0000e+00   2.7960e-04   2.5894e+02
20190903_15:00:00   2.1048e-01   5.4568e+01   5.1052e+00   0.0000e+00   1.6942e-06   2.5822e+02
20190903_16:00:00   2.0167e-01   5.2717e+01   4.8811e+00   0.0000e+00   5.5060e-06   2.5824e+02
20190903_17:00:00   1.9730e-01   5.1751e+01   4.7876e+00   0.0000e+00   1.2074e-05   2.5904e+02
20190903_18:00:00   1.9512e-01   5.1273e+01   4.7424e+00   0.0000e+00   0.0000e+00   2.5919e+02
20190903_19:00:00   1.9205e-01   5.0640e+01   4.6623e+00   0.0000e+00   5.5060e-06   2.6067e+02
20190903_20:00:00   1.9237e-01   5.0706e+01   4.6727e+00   0.0000e+00   4.7287e-05   2.6174e+02
20190903_21:00:00   1.9294e-01   5.0823e+01   4.6921e+00   0.0000e+00   1.9905e-03   2.6186e+02
20190903_22:00:00   1.9376e-01   5.1019e+01   4.7083e+00   0.0000e+00   2.4543e-03   2.6191e+02
20190903_23:00:00   1.9618e-01   5.1572e+01   4.7374e+00   3.3590e-04   1.5963e-03   2.6120e+02
20190904_00:00:00   2.0723e-01   5.4095e+01   4.7309e+00   4.7310e-03   1.8607e-03   2.5995e+02
20190904_01:00:00   2.1109e-01   5.4942e+01   4.7311e+00   6.3670e-03   1.0501e-03   2.5975e+02
20190904_02:00:00   2.1119e-01   5.4846e+01   4.8204e+00   5.3590e-03   2.0490e-03   2.5820e+02
20190904_03:00:00   2.1009e-01   5.4480e+01   4.9628e+00   2.8160e-03   1.4231e-03   2.5637e+02
20190904_04:00:00   2.0465e-01   5.3275e+01   4.9934e+00   0.0000e+00   4.1824e-04   2.5662e+02
20190904_05:00:00   2.0754e-01   5.3938e+01   5.0061e+00   7.6360e-04   3.1715e-05   2.5559e+02
20190904_06:00:00   2.1105e-01   5.4704e+01   5.0859e+00   7.7390e-04   1.1010e-05   2.5612e+02
20190904_07:00:00   2.1216e-01   5.4900e+01   5.1644e+00   0.0000e+00   2.2020e-05   2.5701e+02
20190904_08:00:00   2.1940e-01   5.6416e+01   5.3395e+00   0.0000e+00   2.2399e-04   2.5893e+02
20190904_09:00:00   2.2589e-01   5.7780e+01   5.4937e+00   0.0000e+00   0.0000e+00   2.6085e+02
20190904_10:00:00   2.2507e-01   5.7703e+01   5.4405e+00   0.0000e+00   0.0000e+00   2.6140e+02
20190904_11:00:00   2.2903e-01   5.8596e+01   5.5183e+00   0.0000e+00   0.0000e+00   2.5945e+02
20190904_12:00:00   2.3578e-01   5.9999e+01   5.6701e+00   0.0000e+00   0.0000e+00   2.5778e+02
20190904_13:00:00   2.4515e-01   6.1932e+01   5.8931e+00   0.0000e+00   0.0000e+00   2.5795e+02
20190904_14:00:00   2.5214e-01   6.3326e+01   6.0488e+00   0.0000e+00   0.0000e+00   2.5768e+02
20190904_15:00:00   2.5432e-01   6.3805e+01   6.0774e+00   0.0000e+00   0.0000e+00   2.5777e+02
20190904_16:00:00   2.5368e-01   6.3689e+01   6.0391e+00   0.0000e+00   6.8200e-06   2.5828e+02
20190904_17:00:00   2.5466e-01   6.3919e+01   6.0567e+00   0.0000e+00   0.0000e+00   2.5797e+02
20190904_18:00:00   2.5885e-01   6.4737e+01   6.1675e+00   0.0000e+00   0.0000e+00   2.5846e+02
20190904_19:00:00   2.6281e-01   6.5551e+01   6.2581e+00   0.0000e+00   0.0000e+00   2.5924e+02
20190904_20:00:00   2.6436e-01   6.5881e+01   6.2826e+00   0.0000e+00   3.6879e-05   2.5992e+02
20190904_21:00:00   2.6420e-01   6.5866e+01   6.2765e+00   0.0000e+00   1.8380e-05   2.5972e+02
20190904_22:00:00   2.6425e-01   6.5911e+01   6.2785e+00   0.0000e+00   0.0000e+00   2.5893e+02
20190904_23:00:00   2.6381e-01   6.5822e+01   6.2680e+00   0.0000e+00   0.0000e+00   2.5877e+02
20190905_00:00:00   2.6694e-01   6.6453e+01   6.3296e+00   0.0000e+00   0.0000e+00   2.5775e+02
20190905_01:00:00   2.7984e-01   6.9083e+01   6.5967e+00   0.0000e+00   4.3386e-05   2.5756e+02
20190905_02:00:00   2.9470e-01   7.2111e+01   6.8496e+00   9.2480e-04   1.2156e-04   2.5941e+02
20190905_03:00:00   3.1383e-01   7.5955e+01   7.1268e+00   3.2250e-03   3.0369e-04   2.5952e+02
20190905_04:00:00   3.0603e-01   7.4400e+01   7.1300e+00   0.0000e+00   7.5737e-04   2.6070e+02
20190905_05:00:00   3.0823e-01   7.4813e+01   7.1855e+00   0.0000e+00   1.8535e-03   2.5867e+02
20190905_06:00:00   3.1148e-01   7.5415e+01   7.2521e+00   3.5710e-06   9.7587e-04   2.5725e+02
20190905_07:00:00   3.2132e-01   7.7296e+01   7.4592e+00   0.0000e+00   2.9089e-03   2.5836e+02
20190905_08:00:00   3.2577e-01   7.8128e+01   7.5510e+00   0.0000e+00   6.4950e-03   2.5861e+02
20190905_09:00:00   3.2672e-01   7.8353e+01   7.5480e+00   0.0000e+00   4.0229e-03   2.6031e+02
20190905_10:00:00   3.2709e-01   7.8469e+01   7.5228e+00   1.4716e-04   1.4571e-03   2.5897e+02
20190905_11:00:00   3.2061e-01   7.7261e+01   7.3724e+00   4.9220e-05   5.3081e-05   2.5876e+02
20190905_12:00:00   3.1145e-01   7.5460e+01   7.1760e+00   0.0000e+00   4.9923e-05   2.5736e+02
20190905_13:00:00   2.9940e-01   7.3053e+01   6.9331e+00   0.0000e+00   6.5480e-06   2.5846e+02
20190905_14:00:00   2.8232e-01   6.9602e+01   6.5817e+00   0.0000e+00   1.8130e-05   2.5796e+02
20190905_15:00:00   2.6150e-01   6.5324e+01   6.1420e+00   0.0000e+00   3.4412e-04   2.6090e+02
20190905_16:00:00   2.4260e-01   6.1395e+01   5.7321e+00   0.0000e+00   1.1550e-03   2.6130e+02
20190905_17:00:00   2.2614e-01   5.7879e+01   5.3768e+00   0.0000e+00   1.7824e-03   2.5856e+02
20190905_18:00:00   2.1190e-01   5.4825e+01   5.0523e+00   0.0000e+00   2.1037e-03   2.5920e+02
20190905_21:00:00   1.9031e-01   5.0360e+01   4.4737e+00   0.0000e+00   6.3473e-04   2.6076e+02
20190906_00:00:00   1.9456e-01   5.1468e+01   4.5228e+00   0.0000e+00   1.3902e-03   2.6022e+02
20190906_03:00:00   1.8764e-01   4.9925e+01   4.3804e+00   0.0000e+00   1.1512e-02   2.6063e+02
20190906_06:00:00   2.0537e-01   5.3817e+01   4.7628e+00   0.0000e+00   1.5612e-02   2.5958e+02
20190906_09:00:00   2.0431e-01   5.3661e+01   4.7375e+00   0.0000e+00   2.3448e-03   2.6167e+02
20190906_12:00:00   2.0809e-01   5.4397e+01   4.8555e+00   0.0000e+00   8.9137e-03   2.5663e+02
20190906_15:00:00   2.6626e-01   6.6442e+01   6.2113e+00   0.0000e+00   1.8776e-02   2.5387e+02
20190906_18:00:00   3.6650e-01   8.5656e+01   8.4361e+00   0.0000e+00   4.9381e-02   2.5671e+02
20190906_21:00:00   3.5222e-01   8.3272e+01   8.0337e+00   0.0000e+00   4.9620e-03   2.5690e+02
20190907_00:00:00   2.9158e-01   7.2207e+01   6.3813e+00   0.0000e+00   6.3142e-03   2.5618e+02
20190907_03:00:00   3.1891e-01   7.7749e+01   6.1091e+00   1.2196e-02   1.6018e-02   2.5624e+02
20190907_06:00:00   1.8617e-01   5.0126e+01   4.0004e+00   0.0000e+00   9.7465e-04   2.5664e+02
20190907_09:00:00   1.2780e-01   3.6681e+01   2.8190e+00   0.0000e+00   5.5803e-04   2.5928e+02
20190907_12:00:00   1.1184e-01   3.2893e+01   2.4652e+00   0.0000e+00   2.1497e-03   2.5778e+02
20190907_15:00:00   9.6930e-02   2.9304e+01   2.1062e+00   0.0000e+00   2.0352e-03   2.5847e+02
20190907_18:00:00   9.1578e-02   2.8020e+01   1.9744e+00   0.0000e+00   1.8754e-03   2.5805e+02
20190907_21:00:00   7.9859e-02   2.5135e+01   1.6943e+00   0.0000e+00   9.8600e-04   2.5952e+02
20190908_00:00:00   7.8270e-02   2.4746e+01   1.6510e+00   0.0000e+00   1.4139e-04   2.5784e+02
20190908_03:00:00   7.6603e-02   2.4345e+01   1.6142e+00   0.0000e+00   4.2540e-04   2.5459e+02
20190908_06:00:00   7.4864e-02   2.3909e+01   1.5697e+00   0.0000e+00   1.8570e-05   2.5230e+02
20190908_09:00:00   8.1111e-02   2.5488e+01   1.7071e+00   0.0000e+00   7.4400e-06   2.5551e+02
20190908_12:00:00   6.9719e-02   2.2613e+01   1.4456e+00   0.0000e+00   0.0000e+00   2.5669e+02
20190908_15:00:00   1.0266e-01   3.0822e+01   2.2104e+00   0.0000e+00   0.0000e+00   2.5754e+02
20190908_18:00:00   1.4752e-01   4.1541e+01   3.1904e+00   0.0000e+00   0.0000e+00   2.5746e+02
20190908_21:00:00   2.4047e-01   6.2098e+01   5.1488e+00   0.0000e+00   0.0000e+00   2.5604e+02
20190909_00:00:00   2.5027e-01   6.4073e+01   5.3849e+00   0.0000e+00   0.0000e+00   2.5530e+02
20190909_03:00:00   2.6455e-01   6.6909e+01   5.7443e+00   0.0000e+00   0.0000e+00   2.5510e+02
20190909_06:00:00   2.7288e-01   6.8514e+01   5.9728e+00   0.0000e+00   0.0000e+00   2.5513e+02
20190909_09:00:00   2.6231e-01   6.6248e+01   5.7848e+00   0.0000e+00   0.0000e+00   2.5633e+02
20190909_12:00:00   1.9190e-01   5.1338e+01   4.2613e+00   0.0000e+00   0.0000e+00   2.5856e+02
20190909_15:00:00   1.5281e-01   4.2624e+01   3.3880e+00   0.0000e+00   0.0000e+00   2.5581e+02
20190909_18:00:00   1.1346e-01   3.3369e+01   2.4974e+00   0.0000e+00   0.0000e+00   2.5658e+02
20190909_21:00:00   9.2642e-02   2.8201e+01   2.0483e+00   0.0000e+00   2.4980e-05   2.5513e+02
20190910_00:00:00   8.2652e-02   2.5801e+01   1.7890e+00   0.0000e+00   8.4421e-05   2.5176e+02
20190910_03:00:00   7.4596e-02   2.3846e+01   1.5796e+00   0.0000e+00   0.0000e+00   2.5165e+02
20190910_06:00:00   8.9892e-02   2.7642e+01   1.9437e+00   0.0000e+00   2.6180e-05   2.5519e+02
20190910_09:00:00   8.9682e-02   2.7567e+01   1.9358e+00   0.0000e+00   1.9428e-03   2.5760e+02
20190910_12:00:00   9.4629e-02   2.8796e+01   2.0502e+00   0.0000e+00   2.0360e-04   2.5933e+02
20190910_15:00:00   8.1660e-02   2.5590e+01   1.7516e+00   0.0000e+00   0.0000e+00   2.6063e+02
20190910_18:00:00   7.7950e-02   2.4664e+01   1.6639e+00   0.0000e+00   4.4040e-06   2.5811e+02
20190910_21:00:00   7.8065e-02   2.4674e+01   1.6781e+00   0.0000e+00   0.0000e+00   2.5745e+02
20190911_00:00:00   7.5268e-02   2.3945e+01   1.6166e+00   0.0000e+00   0.0000e+00   2.5630e+02
20190911_03:00:00   7.3188e-02   2.3422e+01   1.5713e+00   0.0000e+00   0.0000e+00   2.5566e+02
20190911_06:00:00   7.6231e-02   2.4203e+01   1.6387e+00   0.0000e+00   0.0000e+00   2.5683e+02
20190911_09:00:00   7.3534e-02   2.3525e+01   1.5620e+00   0.0000e+00   0.0000e+00   2.5915e+02
20190911_12:00:00   6.9953e-02   2.2588e+01   1.4778e+00   0.0000e+00   0.0000e+00   2.5706e+02
20190911_15:00:00   8.2078e-02   2.5484e+01   1.8074e+00   0.0000e+00   2.1939e-05   2.5652e+02
20190911_18:00:00   7.8034e-02   2.4585e+01   1.6828e+00   0.0000e+00   0.0000e+00   2.5754e+02
20190911_21:00:00   7.5853e-02   2.4017e+01   1.6400e+00   0.0000e+00   0.0000e+00   2.5766e+02
20190912_00:00:00   7.7365e-02   2.4380e+01   1.6834e+00   0.0000e+00   0.0000e+00   2.5717e+02
20190912_03:00:00   8.0967e-02   2.5272e+01   1.7695e+00   0.0000e+00   0.0000e+00   2.5564e+02
20190912_06:00:00   8.0599e-02   2.5186e+01   1.7483e+00   4.0150e-05   8.1580e-06   2.5696e+02
20190912_09:00:00   8.3687e-02   2.5977e+01   1.8136e+00   0.0000e+00   0.0000e+00   2.5797e+02
20190912_12:00:00   7.9412e-02   2.4903e+01   1.7107e+00   3.1760e-06   0.0000e+00   2.5953e+02
20190912_15:00:00   7.5507e-02   2.3843e+01   1.6382e+00   0.0000e+00   0.0000e+00   2.5902e+02
20190912_18:00:00   7.2283e-02   2.3013e+01   1.5662e+00   0.0000e+00   5.7440e-06   2.6062e+02
20190912_21:00:00   7.0993e-02   2.2709e+01   1.5269e+00   0.0000e+00   9.1880e-05   2.6199e+02
20190913_00:00:00   7.1716e-02   2.2960e+01   1.5135e+00   2.3870e-04   1.7920e-04   2.6087e+02
20190913_03:00:00   1.1335e-01   3.3402e+01   1.7050e+00   1.3420e-02   7.5300e-05   2.6067e+02
20190913_06:00:00   7.7230e-02   2.4356e+01   1.6619e+00   0.0000e+00   8.1580e-06   2.6028e+02
20190913_09:00:00   7.3074e-02   2.3306e+01   1.5572e+00   0.0000e+00   5.6208e-05   2.6274e+02
20190913_12:00:00   6.6813e-02   2.1733e+01   1.4068e+00   0.0000e+00   1.6995e-04   2.6255e+02
20190913_15:00:00   6.9065e-02   2.2232e+01   1.4793e+00   0.0000e+00   3.9887e-05   2.6171e+02
20190913_18:00:00   7.5483e-02   2.3755e+01   1.6511e+00   0.0000e+00   4.4918e-04   2.6178e+02
20190913_21:00:00   8.0323e-02   2.4916e+01   1.7792e+00   0.0000e+00   1.1901e-04   2.6174e+02
20190914_00:00:00   8.5795e-02   2.6121e+01   1.9540e+00   0.0000e+00   4.6943e-03   2.6167e+02
20190914_03:00:00   9.5410e-02   2.8633e+01   2.1525e+00   0.0000e+00   2.3944e-04   2.5982e+02
20190914_06:00:00   8.1776e-02   2.5196e+01   1.8527e+00   0.0000e+00   3.6291e-03   2.6010e+02
20190914_09:00:00   8.0948e-02   2.4877e+01   1.8613e+00   0.0000e+00   6.5133e-03   2.6025e+02
20190914_12:00:00   7.7074e-02   2.3970e+01   1.7477e+00   0.0000e+00   2.4542e-03   2.5952e+02
20190914_15:00:00   8.6711e-02   2.6120e+01   2.0364e+00   0.0000e+00   7.2510e-03   2.5893e+02
20190914_18:00:00   9.7858e-02   2.8722e+01   2.3330e+00   0.0000e+00   6.1866e-03   2.5874e+02
20190914_21:00:00   1.0723e-01   3.0904e+01   2.5797e+00   0.0000e+00   3.1532e-03   2.5968e+02
20190915_00:00:00   1.2410e-01   3.4878e+01   3.0093e+00   0.0000e+00   5.4529e-04   2.5952e+02
20190915_03:00:00   1.5568e-01   4.2231e+01   3.7633e+00   0.0000e+00   2.9536e-04   2.5867e+02
20190915_06:00:00   1.6121e-01   4.3431e+01   3.9134e+00   0.0000e+00   1.5967e-03   2.5921e+02
20190915_09:00:00   1.7730e-01   4.6852e+01   4.3375e+00   0.0000e+00   1.4708e-02   2.5914e+02
20190915_12:00:00   1.9351e-01   5.0455e+01   4.6914e+00   0.0000e+00   3.5320e-02   2.5834e+02
20190915_15:00:00   1.9570e-01   5.0872e+01   4.7328e+00   0.0000e+00   9.2454e-02   2.5864e+02
20190915_18:00:00   1.9749e-01   5.1080e+01   4.7810e+00   0.0000e+00   1.5795e-01   2.5929e+02
20190915_21:00:00   1.8612e-01   4.8687e+01   4.5276e+00   0.0000e+00   1.1580e-01   2.5795e+02
20190916_00:00:00   1.8483e-01   4.8412e+01   4.4428e+00   3.1240e-04   2.1583e-01   2.5776e+02
20190916_03:00:00   1.9331e-01   5.0612e+01   4.6909e+00   0.0000e+00   4.7902e-02   2.5475e+02
20190916_06:00:00   1.8528e-01   4.8699e+01   4.5775e+00   0.0000e+00   1.2108e-02   2.5567e+02
20190916_09:00:00   1.8194e-01   4.8186e+01   4.4453e+00   0.0000e+00   1.0583e-03   2.5752e+02
20190916_12:00:00   1.6134e-01   4.3921e+01   3.8630e+00   0.0000e+00   7.8100e-06   2.5538e+02
20190916_15:00:00   1.6351e-01   4.4566e+01   3.8805e+00   0.0000e+00   9.1532e-04   2.5392e+02
20190916_18:00:00   1.6710e-01   4.5492e+01   3.9216e+00   0.0000e+00   9.2844e-04   2.5464e+02
