#            date       tau225        Tb[K]      pwv[mm] lwp[kg*m^-2] iwp[kg*m^-2]       o3[DU]
20190818_06:00:00   1.2472e-01   3.5954e+01   2.8331e+00   0.0000e+00   0.0000e+00   2.7803e+02
20190818_07:00:00   1.1779e-01   3.4339e+01   2.6587e+00   0.0000e+00   0.0000e+00   2.7582e+02
20190818_08:00:00   1.1586e-01   3.3895e+01   2.6087e+00   0.0000e+00   0.0000e+00   2.7401e+02
20190818_09:00:00   1.1464e-01   3.3620e+01   2.5747e+00   0.0000e+00   0.0000e+00   2.7235e+02
20190818_10:00:00   1.1275e-01   3.3130e+01   2.5349e+00   0.0000e+00   0.0000e+00   2.7347e+02
20190818_11:00:00   1.1202e-01   3.2880e+01   2.5355e+00   0.0000e+00   7.9680e-07   2.7523e+02
20190818_12:00:00   1.1225e-01   3.2821e+01   2.5684e+00   0.0000e+00   5.5496e-06   2.7489e+02
20190818_13:00:00   1.1384e-01   3.3087e+01   2.6353e+00   0.0000e+00   5.2292e-04   2.7586e+02
20190818_14:00:00   1.0873e-01   3.1875e+01   2.5040e+00   0.0000e+00   2.4857e-04   2.7618e+02
20190818_15:00:00   1.0315e-01   3.0585e+01   2.3478e+00   0.0000e+00   6.4667e-05   2.7598e+02
20190818_16:00:00   9.6561e-02   2.9029e+01   2.1723e+00   0.0000e+00   1.2634e-06   2.7760e+02
20190818_17:00:00   9.2933e-02   2.8175e+01   2.0726e+00   0.0000e+00   0.0000e+00   2.8020e+02
20190818_18:00:00   9.3076e-02   2.8196e+01   2.0793e+00   0.0000e+00   0.0000e+00   2.8154e+02
20190818_19:00:00   9.6365e-02   2.8942e+01   2.1731e+00   0.0000e+00   0.0000e+00   2.7970e+02
20190818_20:00:00   9.7278e-02   2.9146e+01   2.1981e+00   0.0000e+00   0.0000e+00   2.7892e+02
20190818_21:00:00   9.8366e-02   2.9372e+01   2.2300e+00   0.0000e+00   0.0000e+00   2.7946e+02
20190818_22:00:00   9.7976e-02   2.9298e+01   2.2151e+00   0.0000e+00   0.0000e+00   2.7966e+02
20190818_23:00:00   9.7548e-02   2.9249e+01   2.1906e+00   0.0000e+00   0.0000e+00   2.7900e+02
20190819_00:00:00   9.8129e-02   2.9472e+01   2.1871e+00   0.0000e+00   0.0000e+00   2.7873e+02
20190819_01:00:00   9.6313e-02   2.9072e+01   2.1373e+00   0.0000e+00   0.0000e+00   2.7735e+02
20190819_02:00:00   9.7270e-02   2.9239e+01   2.1763e+00   0.0000e+00   0.0000e+00   2.7622e+02
20190819_03:00:00   1.0321e-01   3.0543e+01   2.3489e+00   0.0000e+00   0.0000e+00   2.7457e+02
20190819_04:00:00   1.0792e-01   3.1576e+01   2.4903e+00   0.0000e+00   0.0000e+00   2.7419e+02
20190819_05:00:00   1.0741e-01   3.1435e+01   2.4898e+00   0.0000e+00   0.0000e+00   2.7361e+02
20190819_06:00:00   1.0320e-01   3.0494e+01   2.3761e+00   0.0000e+00   0.0000e+00   2.7304e+02
20190819_07:00:00   9.4361e-02   2.8482e+01   2.1240e+00   0.0000e+00   0.0000e+00   2.7206e+02
20190819_08:00:00   8.8374e-02   2.7096e+01   1.9561e+00   0.0000e+00   0.0000e+00   2.7254e+02
20190819_09:00:00   8.7531e-02   2.6900e+01   1.9279e+00   0.0000e+00   0.0000e+00   2.7374e+02
20190819_10:00:00   8.9369e-02   2.7341e+01   1.9697e+00   0.0000e+00   0.0000e+00   2.7268e+02
20190819_11:00:00   9.0881e-02   2.7707e+01   2.0043e+00   0.0000e+00   0.0000e+00   2.7208e+02
20190819_12:00:00   9.1593e-02   2.7879e+01   2.0184e+00   0.0000e+00   0.0000e+00   2.7261e+02
20190819_13:00:00   9.2869e-02   2.8179e+01   2.0521e+00   0.0000e+00   0.0000e+00   2.7219e+02
20190819_14:00:00   9.6497e-02   2.9001e+01   2.1565e+00   0.0000e+00   0.0000e+00   2.7399e+02
20190819_15:00:00   1.0115e-01   3.0050e+01   2.2920e+00   0.0000e+00   0.0000e+00   2.7432e+02
20190819_16:00:00   1.0194e-01   3.0217e+01   2.3171e+00   0.0000e+00   0.0000e+00   2.7426e+02
20190819_17:00:00   1.0153e-01   3.0119e+01   2.3068e+00   0.0000e+00   0.0000e+00   2.7592e+02
20190819_18:00:00   9.9764e-02   2.9721e+01   2.2566e+00   0.0000e+00   0.0000e+00   2.7597e+02
20190819_19:00:00   9.8374e-02   2.9409e+01   2.2187e+00   0.0000e+00   0.0000e+00   2.7854e+02
20190819_20:00:00   9.6349e-02   2.8954e+01   2.1650e+00   0.0000e+00   0.0000e+00   2.7712e+02
20190819_21:00:00   9.5247e-02   2.8708e+01   2.1333e+00   0.0000e+00   0.0000e+00   2.7618e+02
20190819_22:00:00   9.5570e-02   2.8802e+01   2.1387e+00   0.0000e+00   0.0000e+00   2.7632e+02
20190819_23:00:00   9.7454e-02   2.9258e+01   2.1862e+00   0.0000e+00   0.0000e+00   2.7757e+02
20190820_00:00:00   9.9423e-02   2.9732e+01   2.2369e+00   0.0000e+00   0.0000e+00   2.7600e+02
20190820_01:00:00   1.0070e-01   3.0040e+01   2.2700e+00   0.0000e+00   0.0000e+00   2.7434e+02
20190820_02:00:00   1.0004e-01   2.9890e+01   2.2559e+00   0.0000e+00   0.0000e+00   2.7482e+02
20190820_03:00:00   9.8087e-02   2.9438e+01   2.2041e+00   0.0000e+00   0.0000e+00   2.7575e+02
20190820_04:00:00   9.5977e-02   2.8970e+01   2.1446e+00   0.0000e+00   0.0000e+00   2.7682e+02
20190820_05:00:00   9.4511e-02   2.8639e+01   2.1004e+00   0.0000e+00   0.0000e+00   2.7636e+02
20190820_06:00:00   9.2929e-02   2.8290e+01   2.0467e+00   0.0000e+00   0.0000e+00   2.7461e+02
20190820_07:00:00   9.1534e-02   2.7967e+01   2.0052e+00   0.0000e+00   0.0000e+00   2.7505e+02
20190820_08:00:00   8.8685e-02   2.7280e+01   1.9302e+00   0.0000e+00   0.0000e+00   2.7639e+02
20190820_09:00:00   8.7471e-02   2.6951e+01   1.9089e+00   0.0000e+00   0.0000e+00   2.7560e+02
20190820_10:00:00   8.5746e-02   2.6545e+01   1.8604e+00   0.0000e+00   0.0000e+00   2.7521e+02
20190820_11:00:00   8.5310e-02   2.6445e+01   1.8481e+00   0.0000e+00   0.0000e+00   2.7471e+02
20190820_12:00:00   8.3884e-02   2.6099e+01   1.8132e+00   0.0000e+00   0.0000e+00   2.7383e+02
20190820_13:00:00   8.1832e-02   2.5616e+01   1.7595e+00   0.0000e+00   0.0000e+00   2.7452e+02
20190820_14:00:00   8.3568e-02   2.6032e+01   1.8073e+00   0.0000e+00   0.0000e+00   2.7550e+02
20190820_15:00:00   8.6387e-02   2.6729e+01   1.8746e+00   0.0000e+00   0.0000e+00   2.7152e+02
20190820_16:00:00   8.9571e-02   2.7529e+01   1.9482e+00   0.0000e+00   0.0000e+00   2.7062e+02
20190820_17:00:00   9.2319e-02   2.8213e+01   2.0092e+00   0.0000e+00   0.0000e+00   2.7003e+02
20190820_18:00:00   9.3122e-02   2.8420e+01   2.0271e+00   0.0000e+00   0.0000e+00   2.6934e+02
20190820_19:00:00   9.6964e-02   2.9361e+01   2.1231e+00   0.0000e+00   5.5060e-06   2.6939e+02
20190820_20:00:00   9.9746e-02   3.0016e+01   2.2002e+00   0.0000e+00   3.1700e-05   2.7001e+02
20190820_21:00:00   9.9736e-02   2.9992e+01   2.2098e+00   0.0000e+00   1.1528e-04   2.6993e+02
20190820_22:00:00   1.0060e-01   3.0189e+01   2.2380e+00   0.0000e+00   1.1010e-05   2.6976e+02
20190820_23:00:00   1.0507e-01   3.1223e+01   2.3615e+00   0.0000e+00   6.5480e-06   2.6972e+02
20190821_00:00:00   1.0849e-01   3.2017e+01   2.4543e+00   0.0000e+00   2.7520e-06   2.6969e+02
20190821_01:00:00   1.1213e-01   3.2880e+01   2.5431e+00   0.0000e+00   0.0000e+00   2.6748e+02
20190821_02:00:00   1.1670e-01   3.3942e+01   2.6677e+00   0.0000e+00   0.0000e+00   2.6706e+02
20190821_03:00:00   1.1985e-01   3.4720e+01   2.7381e+00   0.0000e+00   0.0000e+00   2.6823e+02
20190821_04:00:00   1.2886e-01   3.6851e+01   2.9575e+00   0.0000e+00   0.0000e+00   2.6852e+02
20190821_05:00:00   1.3697e-01   3.8728e+01   3.1533e+00   0.0000e+00   0.0000e+00   2.6867e+02
20190821_06:00:00   1.3853e-01   3.9098e+01   3.1867e+00   0.0000e+00   0.0000e+00   2.6885e+02
20190821_07:00:00   1.3950e-01   3.9343e+01   3.2011e+00   0.0000e+00   0.0000e+00   2.6919e+02
20190821_08:00:00   1.4136e-01   3.9829e+01   3.2292e+00   0.0000e+00   0.0000e+00   2.6893e+02
20190821_09:00:00   1.4555e-01   4.0826e+01   3.3161e+00   0.0000e+00   0.0000e+00   2.6780e+02
20190821_10:00:00   1.5262e-01   4.2446e+01   3.4751e+00   0.0000e+00   0.0000e+00   2.6599e+02
20190821_11:00:00   1.6082e-01   4.4313e+01   3.6558e+00   0.0000e+00   0.0000e+00   2.6591e+02
20190821_12:00:00   1.6666e-01   4.5621e+01   3.7895e+00   0.0000e+00   0.0000e+00   2.6527e+02
20190821_13:00:00   1.6680e-01   4.5646e+01   3.7924e+00   0.0000e+00   0.0000e+00   2.6460e+02
20190821_14:00:00   1.6424e-01   4.5100e+01   3.7254e+00   0.0000e+00   0.0000e+00   2.6418e+02
20190821_15:00:00   1.6081e-01   4.4353e+01   3.6373e+00   0.0000e+00   0.0000e+00   2.6515e+02
20190821_16:00:00   1.5495e-01   4.3039e+01   3.4944e+00   0.0000e+00   0.0000e+00   2.6464e+02
20190821_17:00:00   1.4879e-01   4.1643e+01   3.3500e+00   0.0000e+00   0.0000e+00   2.6412e+02
20190821_18:00:00   1.4130e-01   3.9933e+01   3.1797e+00   0.0000e+00   0.0000e+00   2.6362e+02
20190821_19:00:00   1.3376e-01   3.8176e+01   3.0075e+00   0.0000e+00   0.0000e+00   2.6435e+02
20190821_20:00:00   1.3073e-01   3.7481e+01   2.9368e+00   0.0000e+00   0.0000e+00   2.6527e+02
20190821_21:00:00   1.2563e-01   3.6284e+01   2.8187e+00   0.0000e+00   0.0000e+00   2.6491e+02
20190821_22:00:00   1.2287e-01   3.5640e+01   2.7498e+00   0.0000e+00   0.0000e+00   2.6480e+02
20190821_23:00:00   1.2557e-01   3.6294e+01   2.8038e+00   0.0000e+00   0.0000e+00   2.6372e+02
20190822_00:00:00   1.2500e-01   3.6159e+01   2.7932e+00   0.0000e+00   0.0000e+00   2.6280e+02
20190822_01:00:00   1.2650e-01   3.6523e+01   2.7532e+00   1.3700e-03   0.0000e+00   2.6197e+02
20190822_02:00:00   1.1895e-01   3.4707e+01   2.6499e+00   0.0000e+00   0.0000e+00   2.6160e+02
20190822_03:00:00   1.1053e-01   3.2692e+01   2.4532e+00   0.0000e+00   0.0000e+00   2.6414e+02
20190822_04:00:00   1.1966e-01   3.4984e+01   2.3424e+00   5.3190e-03   0.0000e+00   2.6432e+02
20190822_05:00:00   9.9068e-02   2.9955e+01   2.0917e+00   1.3880e-03   0.0000e+00   2.6423e+02
20190822_06:00:00   8.9637e-02   2.7611e+01   1.9540e+00   0.0000e+00   0.0000e+00   2.6341e+02
20190822_07:00:00   8.4596e-02   2.6336e+01   1.8434e+00   0.0000e+00   0.0000e+00   2.6259e+02
20190822_08:00:00   8.3749e-02   2.6102e+01   1.8274e+00   0.0000e+00   0.0000e+00   2.6117e+02
20190822_09:00:00   8.2919e-02   2.5887e+01   1.8093e+00   0.0000e+00   0.0000e+00   2.6185e+02
20190822_10:00:00   8.1134e-02   2.5434e+01   1.7652e+00   0.0000e+00   0.0000e+00   2.6123e+02
20190822_11:00:00   7.9329e-02   2.4977e+01   1.7209e+00   0.0000e+00   0.0000e+00   2.6142e+02
20190822_12:00:00   7.7762e-02   2.4593e+01   1.6779e+00   0.0000e+00   0.0000e+00   2.6270e+02
20190822_13:00:00   7.7427e-02   2.4511e+01   1.6678e+00   0.0000e+00   0.0000e+00   2.6291e+02
20190822_14:00:00   7.6233e-02   2.4224e+01   1.6366e+00   0.0000e+00   0.0000e+00   2.6250e+02
20190822_15:00:00   7.4280e-02   2.3753e+01   1.5821e+00   0.0000e+00   0.0000e+00   2.6365e+02
20190822_16:00:00   7.0530e-02   2.2838e+01   1.4804e+00   0.0000e+00   0.0000e+00   2.6483e+02
20190822_17:00:00   6.6777e-02   2.1939e+01   1.3709e+00   0.0000e+00   0.0000e+00   2.6514e+02
20190822_18:00:00   6.4477e-02   2.1397e+01   1.3020e+00   0.0000e+00   0.0000e+00   2.6694e+02
20190822_19:00:00   6.4666e-02   2.1416e+01   1.3154e+00   0.0000e+00   0.0000e+00   2.6552e+02
20190822_20:00:00   6.8190e-02   2.2209e+01   1.4340e+00   0.0000e+00   1.3040e-05   2.6533e+02
20190822_21:00:00   7.1930e-02   2.3045e+01   1.5594e+00   0.0000e+00   1.4772e-04   2.6571e+02
20190822_22:00:00   7.6212e-02   2.4089e+01   1.6734e+00   0.0000e+00   1.1096e-04   2.6512e+02
20190822_23:00:00   7.7229e-02   2.4316e+01   1.7066e+00   0.0000e+00   8.9740e-07   2.6435e+02
20190823_00:00:00   8.6371e-02   2.6624e+01   1.8557e+00   1.0450e-03   3.0997e-06   2.6425e+02
20190823_01:00:00   9.3359e-02   2.8371e+01   1.9788e+00   1.7180e-03   0.0000e+00   2.6465e+02
20190823_02:00:00   1.5983e-01   4.4489e+01   2.0809e+00   2.6320e-02   2.2020e-06   2.6649e+02
20190823_03:00:00   2.4101e-01   6.2735e+01   2.1285e+00   5.7694e-02   0.0000e+00   2.6588e+02
20190823_04:00:00   1.2428e-01   3.6025e+01   1.9726e+00   1.4234e-02   0.0000e+00   2.6575e+02
20190823_05:00:00   8.5755e-02   2.6427e+01   1.8949e+00   4.3660e-04   0.0000e+00   2.6626e+02
20190823_06:00:00   8.7654e-02   2.6898e+01   1.9609e+00   0.0000e+00   0.0000e+00   2.6845e+02
20190823_09:00:00   8.6216e-02   2.6545e+01   1.9237e+00   0.0000e+00   0.0000e+00   2.6929e+02
20190823_12:00:00   1.0850e-01   3.2061e+01   2.4367e+00   0.0000e+00   0.0000e+00   2.7204e+02
20190823_15:00:00   9.5731e-02   2.8932e+01   2.1341e+00   0.0000e+00   0.0000e+00   2.7051e+02
20190823_18:00:00   1.0402e-01   3.0991e+01   2.3171e+00   0.0000e+00   0.0000e+00   2.7159e+02
20190823_21:00:00   1.1806e-01   3.4599e+01   2.5681e+00   0.0000e+00   0.0000e+00   2.7074e+02
20190824_00:00:00   1.4399e-01   4.0808e+01   3.1165e+00   0.0000e+00   0.0000e+00   2.6651e+02
20190824_03:00:00   1.1494e-01   3.3924e+01   2.4514e+00   0.0000e+00   0.0000e+00   2.6509e+02
20190824_06:00:00   9.8656e-02   2.9956e+01   2.0814e+00   0.0000e+00   0.0000e+00   2.6821e+02
20190824_09:00:00   1.2643e-01   3.6591e+01   2.7357e+00   0.0000e+00   0.0000e+00   2.6803e+02
20190824_12:00:00   1.4716e-01   4.1486e+01   3.1688e+00   0.0000e+00   0.0000e+00   2.6557e+02
20190824_15:00:00   1.4889e-01   4.1796e+01   3.2653e+00   0.0000e+00   7.7360e-04   2.6399e+02
20190824_18:00:00   1.5927e-01   4.4038e+01   3.5850e+00   0.0000e+00   4.8293e-04   2.6418e+02
20190824_21:00:00   1.6687e-01   4.5719e+01   3.7738e+00   0.0000e+00   2.7280e-04   2.6622e+02
20190825_00:00:00   1.7094e-01   4.6589e+01   3.8828e+00   0.0000e+00   1.8594e-06   2.6494e+02
20190825_03:00:00   1.6988e-01   4.6376e+01   3.8735e+00   0.0000e+00   6.5480e-06   2.6735e+02
20190825_06:00:00   1.4765e-01   4.1270e+01   3.3764e+00   0.0000e+00   0.0000e+00   2.6895e+02
20190825_09:00:00   1.2212e-01   3.5295e+01   2.7622e+00   0.0000e+00   0.0000e+00   2.6988e+02
20190825_12:00:00   9.9536e-02   2.9848e+01   2.2234e+00   0.0000e+00   0.0000e+00   2.6766e+02
20190825_15:00:00   8.5419e-02   2.6418e+01   1.8724e+00   0.0000e+00   4.8290e-07   2.6620e+02
20190825_18:00:00   8.0121e-02   2.5178e+01   1.7300e+00   0.0000e+00   2.0145e-05   2.6245e+02
20190825_21:00:00   7.5102e-02   2.3915e+01   1.6226e+00   0.0000e+00   6.5260e-06   2.6295e+02
20190826_00:00:00   6.8526e-02   2.2219e+01   1.4755e+00   0.0000e+00   1.7327e-06   2.6124e+02
20190826_03:00:00   6.9119e-02   2.2388e+01   1.4921e+00   0.0000e+00   0.0000e+00   2.6293e+02
20190826_06:00:00   6.4284e-02   2.1110e+01   1.3854e+00   0.0000e+00   0.0000e+00   2.6199e+02
20190826_09:00:00   5.8510e-02   1.9658e+01   1.2273e+00   0.0000e+00   0.0000e+00   2.6252e+02
20190826_12:00:00   5.3388e-02   1.8412e+01   1.0736e+00   0.0000e+00   0.0000e+00   2.6309e+02
20190826_15:00:00   5.5610e-02   1.9006e+01   1.1250e+00   0.0000e+00   2.6770e-06   2.6257e+02
20190826_18:00:00   5.5081e-02   1.8884e+01   1.1091e+00   0.0000e+00   1.6318e-06   2.6415e+02
20190826_21:00:00   5.9579e-02   2.0011e+01   1.2325e+00   0.0000e+00   2.2975e-06   2.6316e+02
20190827_00:00:00   2.0518e-01   5.5147e+01   1.5661e+00   5.1930e-02   1.5891e-06   2.6417e+02
20190827_03:00:00   1.0457e-01   3.1448e+01   2.1566e+00   1.3912e-03   0.0000e+00   2.6319e+02
20190827_06:00:00   1.3864e-01   3.9636e+01   2.7947e+00   4.0510e-03   1.4165e-05   2.6637e+02
20190827_09:00:00   1.1070e-01   3.2858e+01   2.3569e+00   7.7960e-04   7.7340e-05   2.6684e+02
20190827_12:00:00   9.2714e-02   2.8306e+01   2.0330e+00   0.0000e+00   4.1960e-03   2.6598e+02
20190827_15:00:00   9.1576e-02   2.7931e+01   2.0431e+00   0.0000e+00   1.6705e-03   2.6661e+02
20190827_18:00:00   1.0229e-01   3.0519e+01   2.3204e+00   0.0000e+00   2.1796e-04   2.6682e+02
20190827_21:00:00   1.0194e-01   3.0460e+01   2.3009e+00   0.0000e+00   1.2003e-05   2.6856e+02
20190828_00:00:00   1.1405e-01   3.3497e+01   2.4682e+00   1.4300e-03   1.6318e-06   2.6515e+02
20190828_03:00:00   1.1892e-01   3.4670e+01   2.6686e+00   0.0000e+00   1.4907e-05   2.6350e+02
20190828_06:00:00   1.3632e-01   3.8823e+01   3.0259e+00   0.0000e+00   7.3360e-06   2.6423e+02
20190828_09:00:00   1.6553e-01   4.5708e+01   3.6171e+00   0.0000e+00   1.0451e-05   2.6621e+02
20190828_12:00:00   2.2351e-01   5.8504e+01   4.7361e+00   0.0000e+00   8.9740e-07   2.6853e+02
20190828_15:00:00   2.0184e-01   5.3817e+01   4.3320e+00   0.0000e+00   0.0000e+00   2.6844e+02
20190828_18:00:00   3.0139e-01   7.4578e+01   6.2925e+00   0.0000e+00   0.0000e+00   2.6855e+02
20190828_21:00:00   2.9295e-01   7.2931e+01   6.2056e+00   0.0000e+00   0.0000e+00   2.6616e+02
20190829_00:00:00   4.0820e-01   9.4621e+01   8.1836e+00   6.0575e-03   2.6207e-06   2.6536e+02
20190829_03:00:00   4.4435e-01   1.0115e+02   8.1735e+00   2.1056e-02   1.3248e-05   2.6357e+02
20190829_06:00:00   4.5430e-01   1.0256e+02   9.4910e+00   3.5157e-04   2.1420e-05   2.6403e+02
20190829_09:00:00   4.7908e-01   1.0662e+02   1.0008e+01   2.0950e-03   2.2954e-05   2.6757e+02
20190829_12:00:00   4.4020e-01   1.0000e+02   9.4422e+00   0.0000e+00   5.7738e-05   2.6716e+02
20190829_15:00:00   4.1528e-01   9.5435e+01   9.0212e+00   0.0000e+00   5.3580e-05   2.6620e+02
20190829_18:00:00   3.9969e-01   9.2862e+01   8.6385e+00   0.0000e+00   1.7882e-04   2.6647e+02
20190829_21:00:00   3.0411e-01   7.4624e+01   6.8572e+00   0.0000e+00   1.8880e-04   2.6598e+02
20190830_00:00:00   2.1027e-01   5.5189e+01   4.8461e+00   0.0000e+00   2.3858e-03   2.6473e+02
20190830_03:00:00   2.6295e-01   6.6377e+01   5.9056e+00   1.6150e-04   1.1943e-02   2.6382e+02
20190830_06:00:00   2.4540e-01   6.2646e+01   5.6493e+00   0.0000e+00   9.1656e-03   2.6328e+02
20190830_09:00:00   3.2110e-01   7.7531e+01   7.5014e+00   0.0000e+00   1.0630e-02   2.6739e+02
20190830_12:00:00   4.6156e-01   1.0248e+02   1.0407e+01   2.8210e-03   1.5403e-01   2.6723e+02
20190830_15:00:00   4.0699e-01   9.2755e+01   9.4385e+00   0.0000e+00   2.0554e-01   2.6416e+02
20190830_18:00:00   4.2909e-01   9.6599e+01   9.8148e+00   0.0000e+00   3.7391e-01   2.6482e+02
20190830_21:00:00   4.4962e-01   1.0002e+02   1.0148e+01   2.0680e-03   4.4970e-01   2.6436e+02
20190831_00:00:00   5.3639e-01   1.1421e+02   1.1256e+01   1.5063e-02   4.5819e-01   2.6301e+02
20190831_03:00:00   1.2758e+00   1.9765e+02   1.3103e+01   2.7496e-01   3.1550e-01   2.6318e+02
20190831_06:00:00   7.8880e-01   1.4887e+02   1.3082e+01   8.0083e-02   5.1480e-01   2.6420e+02
20190831_09:00:00   9.9985e-01   1.7313e+02   1.3484e+01   1.5507e-01   2.6657e-01   2.6692e+02
20190831_12:00:00   1.2290e+00   1.9367e+02   1.3211e+01   2.5457e-01   1.7285e-01   2.6612e+02
20190831_15:00:00   1.5529e+00   2.1558e+02   1.3345e+01   3.8179e-01   6.4310e-01   2.6476e+02
20190831_18:00:00   1.4243e+00   2.0750e+02   1.3550e+01   3.2561e-01   5.9700e-01   2.6422e+02
20190831_21:00:00   1.3461e+00   2.0264e+02   1.3454e+01   2.9281e-01   5.9382e-01   2.6596e+02
20190901_00:00:00   6.3237e-01   1.2848e+02   1.3264e+01   6.9837e-03   4.3339e-01   2.6131e+02
20190901_03:00:00   6.1751e-01   1.2660e+02   1.2287e+01   2.6116e-02   7.3781e-02   2.6137e+02
20190901_06:00:00   5.3101e-01   1.1354e+02   1.1800e+01   0.0000e+00   1.6480e-02   2.6193e+02
20190901_09:00:00   5.3350e-01   1.1400e+02   1.1649e+01   1.1040e-03   3.7016e-03   2.6390e+02
20190901_12:00:00   4.8998e-01   1.0701e+02   1.0756e+01   0.0000e+00   2.3384e-03   2.6362e+02
20190901_15:00:00   7.6238e-01   1.4677e+02   1.0918e+01   1.0085e-01   2.5084e-02   2.6536e+02
20190901_18:00:00   4.1591e-01   9.4729e+01   9.1283e+00   0.0000e+00   6.5480e-06   2.6763e+02
20190901_21:00:00   4.3308e-01   9.7553e+01   9.5608e+00   0.0000e+00   3.0833e-06   2.6504e+02
20190902_00:00:00   4.6605e-01   1.0309e+02   1.0263e+01   7.7296e-04   1.4461e-04   2.6430e+02
20190902_03:00:00   4.5264e-01   1.0086e+02   1.0059e+01   0.0000e+00   1.0098e-04   2.6374e+02
20190902_06:00:00   4.4120e-01   9.8692e+01   9.9346e+00   0.0000e+00   3.1930e-03   2.6315e+02
20190902_09:00:00   3.7020e-01   8.6263e+01   8.3105e+00   0.0000e+00   4.2724e-03   2.6514e+02
20190902_12:00:00   2.9904e-01   7.2785e+01   6.8296e+00   0.0000e+00   1.3026e-04   2.6544e+02
20190902_15:00:00   2.7168e-01   6.7095e+01   6.3741e+00   0.0000e+00   5.3120e-07   2.6446e+02
20190902_18:00:00   2.3766e-01   6.0442e+01   5.4887e+00   0.0000e+00   0.0000e+00   2.6474e+02
20190902_21:00:00   2.4944e-01   6.2772e+01   5.7953e+00   0.0000e+00   6.5480e-06   2.6437e+02
20190903_00:00:00   3.0520e-01   7.3811e+01   6.9798e+00   1.5010e-03   9.6305e-05   2.6230e+02
20190903_03:00:00   2.8009e-01   6.8811e+01   6.5259e+00   0.0000e+00   8.5314e-06   2.6168e+02
20190903_06:00:00   2.8761e-01   7.0363e+01   6.6679e+00   0.0000e+00   2.7612e-04   2.6362e+02
