#            date       tau225        Tb[K]      pwv[mm] lwp[kg*m^-2] iwp[kg*m^-2]       o3[DU]
20191012_18:00:00   5.4153e-02   1.8364e+01   1.1676e+00   0.0000e+00   4.9856e-05   2.3999e+02
20191012_19:00:00   5.5278e-02   1.8646e+01   1.1972e+00   0.0000e+00   4.5406e-05   2.4078e+02
20191012_20:00:00   5.6226e-02   1.8880e+01   1.2261e+00   0.0000e+00   5.1970e-04   2.4209e+02
20191012_21:00:00   5.7683e-02   1.9225e+01   1.2741e+00   0.0000e+00   4.7117e-03   2.4253e+02
20191012_22:00:00   6.2079e-02   2.0354e+01   1.3841e+00   0.0000e+00   1.1960e-02   2.4271e+02
20191012_23:00:00   6.9589e-02   2.2320e+01   1.5642e+00   0.0000e+00   1.0874e-02   2.4163e+02
20191013_00:00:00   7.5253e-02   2.3850e+01   1.6861e+00   0.0000e+00   4.0982e-03   2.4291e+02
20191013_01:00:00   7.7997e-02   2.4588e+01   1.7415e+00   0.0000e+00   3.2060e-03   2.4307e+02
20191013_02:00:00   8.1361e-02   2.5451e+01   1.8196e+00   0.0000e+00   2.0978e-03   2.4197e+02
20191013_03:00:00   8.5204e-02   2.6421e+01   1.9136e+00   0.0000e+00   2.5785e-03   2.4185e+02
20191013_04:00:00   8.8529e-02   2.7231e+01   2.0016e+00   0.0000e+00   2.5770e-03   2.4161e+02
20191013_05:00:00   9.1271e-02   2.7871e+01   2.0805e+00   0.0000e+00   3.6646e-03   2.4120e+02
20191013_06:00:00   9.2678e-02   2.8224e+01   2.1184e+00   0.0000e+00   3.7018e-04   2.3990e+02
20191013_07:00:00   9.4632e-02   2.8687e+01   2.1744e+00   0.0000e+00   1.4128e-04   2.4038e+02
20191013_08:00:00   9.6537e-02   2.9142e+01   2.2268e+00   0.0000e+00   1.6318e-06   2.4230e+02
20191013_09:00:00   9.7679e-02   2.9413e+01   2.2566e+00   0.0000e+00   0.0000e+00   2.4436e+02
20191013_10:00:00   9.7996e-02   2.9467e+01   2.2692e+00   0.0000e+00   1.6318e-06   2.4467e+02
20191013_11:00:00   9.6129e-02   2.9023e+01   2.2152e+00   0.0000e+00   4.1680e-06   2.4420e+02
20191013_12:00:00   9.5993e-02   2.9003e+01   2.2040e+00   0.0000e+00   1.4942e-05   2.4560e+02
20191013_13:00:00   9.6735e-02   2.9193e+01   2.2188e+00   0.0000e+00   1.9842e-05   2.4545e+02
20191013_14:00:00   9.6700e-02   2.9185e+01   2.2153e+00   0.0000e+00   6.2408e-05   2.4521e+02
20191013_15:00:00   9.6016e-02   2.9022e+01   2.1948e+00   0.0000e+00   4.0453e-05   2.4668e+02
20191013_16:00:00   9.6683e-02   2.9162e+01   2.2149e+00   0.0000e+00   3.5980e-05   2.4611e+02
20191013_17:00:00   9.7476e-02   2.9323e+01   2.2405e+00   0.0000e+00   7.8992e-05   2.4805e+02
20191013_18:00:00   9.7805e-02   2.9404e+01   2.2490e+00   0.0000e+00   4.9940e-05   2.4927e+02
20191013_19:00:00   9.5686e-02   2.8925e+01   2.1900e+00   0.0000e+00   2.7912e-05   2.4882e+02
20191013_20:00:00   9.4617e-02   2.8687e+01   2.1544e+00   0.0000e+00   5.7360e-05   2.4982e+02
20191013_21:00:00   9.5084e-02   2.8803e+01   2.1632e+00   0.0000e+00   1.4999e-04   2.5062e+02
20191013_22:00:00   9.2465e-02   2.8174e+01   2.0978e+00   0.0000e+00   2.3429e-04   2.5066e+02
20191013_23:00:00   8.9195e-02   2.7376e+01   2.0198e+00   0.0000e+00   3.1920e-05   2.4951e+02
20191014_00:00:00   8.3770e-02   2.6014e+01   1.8861e+00   0.0000e+00   1.0004e-05   2.5009e+02
20191014_01:00:00   7.5784e-02   2.4023e+01   1.6848e+00   0.0000e+00   1.0971e-05   2.5099e+02
20191014_02:00:00   7.1353e-02   2.2923e+01   1.5671e+00   0.0000e+00   6.8698e-06   2.5186e+02
20191014_03:00:00   7.1075e-02   2.2838e+01   1.5627e+00   0.0000e+00   1.6318e-06   2.5196e+02
20191014_04:00:00   6.9657e-02   2.2447e+01   1.5395e+00   0.0000e+00   1.3053e-06   2.5196e+02
20191014_05:00:00   6.7059e-02   2.1763e+01   1.4793e+00   0.0000e+00   1.6318e-06   2.5134e+02
20191014_06:00:00   6.4227e-02   2.1038e+01   1.4068e+00   0.0000e+00   3.2630e-06   2.5091e+02
20191014_07:00:00   6.1694e-02   2.0368e+01   1.3464e+00   0.0000e+00   2.2062e-06   2.5011e+02
20191014_08:00:00   6.1781e-02   2.0361e+01   1.3526e+00   0.0000e+00   1.6318e-06   2.5018e+02
20191014_09:00:00   6.3719e-02   2.0853e+01   1.3985e+00   0.0000e+00   8.8080e-07   2.5066e+02
20191014_10:00:00   6.6598e-02   2.1605e+01   1.4657e+00   0.0000e+00   3.3490e-06   2.5022e+02
20191014_11:00:00   7.5852e-02   2.3862e+01   1.7162e+00   0.0000e+00   2.0333e-05   2.4986e+02
20191014_12:00:00   8.7737e-02   2.6749e+01   2.0291e+00   0.0000e+00   1.3047e-04   2.4842e+02
20191014_13:00:00   1.0233e-01   3.0320e+01   2.3862e+00   0.0000e+00   5.5112e-05   2.4816e+02
20191014_14:00:00   1.1153e-01   3.2632e+01   2.5837e+00   0.0000e+00   4.1900e-06   2.4908e+02
20191014_15:00:00   1.1957e-01   3.4630e+01   2.7596e+00   0.0000e+00   2.2719e-06   2.5178e+02
20191014_16:00:00   1.2854e-01   3.6802e+01   2.9645e+00   0.0000e+00   1.8725e-05   2.5324e+02
20191014_17:00:00   1.4746e-01   4.1216e+01   3.4299e+00   0.0000e+00   2.2162e-05   2.5445e+02
20191014_18:00:00   1.8291e-01   4.9240e+01   4.2809e+00   0.0000e+00   1.7484e-05   2.5467e+02
20191014_19:00:00   1.9709e-01   5.2371e+01   4.6213e+00   0.0000e+00   2.4952e-05   2.5352e+02
20191014_20:00:00   2.0144e-01   5.3428e+01   4.6844e+00   0.0000e+00   1.8166e-05   2.5338e+02
20191014_21:00:00   2.1285e-01   5.5938e+01   4.9298e+00   0.0000e+00   7.8680e-05   2.5439e+02
20191014_22:00:00   2.2709e-01   5.8990e+01   5.2514e+00   0.0000e+00   5.9115e-05   2.5401e+02
20191014_23:00:00   2.2844e-01   5.9209e+01   5.3098e+00   0.0000e+00   8.7140e-06   2.5361e+02
20191015_00:00:00   2.2901e-01   5.9305e+01   5.3299e+00   0.0000e+00   7.4757e-06   2.5257e+02
20191015_01:00:00   2.4884e-01   6.3424e+01   5.7951e+00   0.0000e+00   1.6318e-06   2.5190e+02
20191015_02:00:00   2.5117e-01   6.3819e+01   5.8591e+00   0.0000e+00   1.0867e-05   2.5285e+02
20191015_03:00:00   2.3653e-01   6.0756e+01   5.5294e+00   0.0000e+00   1.1384e-05   2.5275e+02
20191015_04:00:00   2.2224e-01   5.7784e+01   5.1863e+00   0.0000e+00   1.6318e-06   2.5282e+02
20191015_05:00:00   2.1789e-01   5.6870e+01   5.0779e+00   0.0000e+00   1.7327e-06   2.5302e+02
20191015_06:00:00   2.1662e-01   5.6574e+01   5.0561e+00   0.0000e+00   2.7410e-06   2.5341e+02
20191015_07:00:00   2.1366e-01   5.5961e+01   4.9815e+00   0.0000e+00   5.4430e-06   2.5537e+02
20191015_08:00:00   2.1150e-01   5.5502e+01   4.9337e+00   0.0000e+00   1.9791e-05   2.5530e+02
20191015_09:00:00   2.1270e-01   5.5779e+01   4.9499e+00   0.0000e+00   4.7250e-05   2.5494e+02
20191015_10:00:00   2.2312e-01   5.8057e+01   5.1567e+00   0.0000e+00   3.3430e-05   2.5421e+02
20191015_11:00:00   2.3640e-01   6.0885e+01   5.4421e+00   0.0000e+00   2.3378e-05   2.5268e+02
20191015_12:00:00   2.3840e-01   6.1362e+01   5.4577e+00   0.0000e+00   1.8095e-05   2.5277e+02
20191015_13:00:00   2.3696e-01   6.1115e+01   5.3947e+00   0.0000e+00   1.4658e-05   2.5225e+02
20191015_14:00:00   2.3426e-01   6.0611e+01   5.3097e+00   0.0000e+00   8.1440e-06   2.5200e+02
20191015_15:00:00   2.2900e-01   5.9530e+01   5.1808e+00   0.0000e+00   1.4354e-05   2.5242e+02
20191015_16:00:00   2.2365e-01   5.8393e+01   5.0586e+00   0.0000e+00   7.5700e-06   2.5334e+02
20191015_17:00:00   2.1701e-01   5.6962e+01   4.9120e+00   0.0000e+00   0.0000e+00   2.5412e+02
20191015_18:00:00   2.2283e-01   5.8229e+01   5.0324e+00   0.0000e+00   0.0000e+00   2.5412e+02
20191015_19:00:00   2.2888e-01   5.9552e+01   5.1526e+00   0.0000e+00   2.7520e-06   2.5327e+02
20191015_20:00:00   2.3682e-01   6.1266e+01   5.3143e+00   0.0000e+00   2.2801e-05   2.5275e+02
20191015_21:00:00   2.4856e-01   6.3710e+01   5.5723e+00   0.0000e+00   1.8560e-05   2.5282e+02
20191015_22:00:00   2.5512e-01   6.5040e+01   5.7349e+00   0.0000e+00   1.5090e-03   2.5259e+02
20191015_23:00:00   2.9552e-01   7.3394e+01   5.9523e+00   1.2520e-02   2.5285e-04   2.5211e+02
20191016_00:00:00   3.2146e-01   7.8482e+01   6.1736e+00   1.9430e-02   4.7920e-04   2.5253e+02
20191016_01:00:00   3.1199e-01   7.6439e+01   6.4055e+00   1.1770e-02   2.3678e-03   2.5364e+02
20191016_02:00:00   3.0713e-01   7.5299e+01   6.7177e+00   4.7250e-03   1.3410e-02   2.5470e+02
20191016_03:00:00   3.0423e-01   7.4677e+01   6.9403e+00   0.0000e+00   1.0348e-02   2.5540e+02
20191016_04:00:00   3.2163e-01   7.8064e+01   7.3319e+00   0.0000e+00   6.0976e-03   2.5569e+02
20191016_05:00:00   3.4000e-01   8.1533e+01   7.7388e+00   0.0000e+00   3.9713e-03   2.5596e+02
20191016_06:00:00   3.4363e-01   8.2231e+01   7.7940e+00   0.0000e+00   5.3254e-03   2.5753e+02
20191016_07:00:00   3.4248e-01   8.2063e+01   7.7140e+00   0.0000e+00   4.9189e-03   2.5848e+02
20191016_08:00:00   3.3385e-01   8.0475e+01   7.4559e+00   0.0000e+00   3.6182e-03   2.5582e+02
20191016_09:00:00   3.2502e-01   7.8818e+01   7.2046e+00   0.0000e+00   3.6745e-03   2.5549e+02
20191016_10:00:00   3.1682e-01   7.7199e+01   7.0128e+00   0.0000e+00   1.8296e-03   2.5640e+02
20191016_11:00:00   3.0635e-01   7.5130e+01   6.7551e+00   0.0000e+00   1.0013e-03   2.5614e+02
20191016_12:00:00   3.0353e-01   7.4478e+01   6.6886e+00   0.0000e+00   1.0698e-03   2.5607e+02
20191016_13:00:00   3.0923e-01   7.5504e+01   6.8367e+00   0.0000e+00   1.5938e-04   2.5721e+02
20191016_14:00:00   3.1682e-01   7.6878e+01   7.0230e+00   0.0000e+00   1.9500e-03   2.5838e+02
20191016_15:00:00   3.2062e-01   7.7526e+01   7.0939e+00   0.0000e+00   2.6968e-03   2.5992e+02
20191016_16:00:00   3.2810e-01   7.8843e+01   7.2556e+00   0.0000e+00   3.2335e-03   2.6088e+02
20191016_17:00:00   3.4133e-01   8.1245e+01   7.5259e+00   0.0000e+00   1.1835e-03   2.6173e+02
20191016_18:00:00   3.5078e-01   8.3006e+01   7.6824e+00   0.0000e+00   6.5480e-06   2.6255e+02
20191016_19:00:00   3.5613e-01   8.3998e+01   7.7586e+00   0.0000e+00   0.0000e+00   2.6385e+02
20191016_20:00:00   3.6260e-01   8.5184e+01   7.8514e+00   0.0000e+00   0.0000e+00   2.6521e+02
20191016_21:00:00   3.6738e-01   8.6034e+01   7.9255e+00   0.0000e+00   0.0000e+00   2.6557e+02
20191016_22:00:00   3.7051e-01   8.6579e+01   7.9662e+00   4.1440e-04   0.0000e+00   2.6567e+02
20191016_23:00:00   3.7819e-01   8.7922e+01   8.1247e+00   5.7180e-04   1.3094e-05   2.6574e+02
20191017_00:00:00   4.6829e-01   1.0392e+02   8.2644e+00   3.4530e-02   9.3076e-05   2.6595e+02
20191017_01:00:00   1.3305e+00   2.0210e+02   8.8081e+00   3.7600e-01   4.7620e-04   2.6664e+02
20191017_02:00:00   2.1435e+00   2.4187e+02   9.6640e+00   6.9967e-01   2.9876e-03   2.6693e+02
20191017_03:00:00   2.7960e+00   2.5646e+02   1.0718e+01   9.6801e-01   1.1656e-01   2.6639e+02
20191017_04:00:00   1.8450e+00   2.2934e+02   1.0911e+01   5.6030e-01   2.6398e-01   2.6599e+02
20191017_05:00:00   1.6616e+00   2.2040e+02   1.0705e+01   4.8836e-01   2.4465e-01   2.6633e+02
20191017_06:00:00   8.5751e-01   1.5717e+02   1.0360e+01   1.5518e-01   1.7189e-01   2.6822e+02
20191017_07:00:00   4.6299e-01   1.0242e+02   9.6689e+00   4.9100e-03   2.3799e-02   2.6886e+02
20191017_08:00:00   4.3319e-01   9.7470e+01   9.2918e+00   0.0000e+00   3.6545e-03   2.6850e+02
20191017_09:00:00   4.2124e-01   9.5503e+01   8.9379e+00   1.8870e-03   3.4405e-05   2.6827e+02
20191017_10:00:00   4.0218e-01   9.2183e+01   8.6425e+00   0.0000e+00   6.7132e-05   2.6859e+02
20191017_11:00:00   3.9241e-01   9.0448e+01   8.4728e+00   0.0000e+00   1.6516e-05   2.6692e+02
20191017_12:00:00   3.9035e-01   9.0029e+01   8.4563e+00   0.0000e+00   5.5060e-06   2.6553e+02
20191017_13:00:00   3.8983e-01   8.9913e+01   8.4665e+00   0.0000e+00   0.0000e+00   2.6601e+02
20191017_14:00:00   3.8755e-01   8.9558e+01   8.3822e+00   0.0000e+00   0.0000e+00   2.6632e+02
20191017_15:00:00   3.7483e-01   8.7355e+01   8.0721e+00   0.0000e+00   0.0000e+00   2.6632e+02
20191017_16:00:00   3.5080e-01   8.3036e+01   7.5718e+00   0.0000e+00   0.0000e+00   2.6636e+02
20191017_17:00:00   3.2210e-01   7.7643e+01   6.9918e+00   0.0000e+00   0.0000e+00   2.6671e+02
20191017_18:00:00   3.0100e-01   7.3593e+01   6.5516e+00   0.0000e+00   0.0000e+00   2.6740e+02
20191017_21:00:00   2.9124e-01   7.1654e+01   6.3741e+00   0.0000e+00   0.0000e+00   2.6504e+02
20191018_00:00:00   3.7143e-01   8.7362e+01   6.6215e+00   2.7402e-02   3.1039e-04   2.6543e+02
20191018_03:00:00   3.9425e-01   9.1634e+01   6.2642e+00   4.1713e-02   1.5008e-04   2.6548e+02
20191018_06:00:00   2.3046e-01   5.9510e+01   4.9386e+00   0.0000e+00   0.0000e+00   2.6404e+02
20191018_09:00:00   1.9323e-01   5.1490e+01   4.1747e+00   0.0000e+00   0.0000e+00   2.6447e+02
20191018_12:00:00   1.6169e-01   4.4330e+01   3.5380e+00   0.0000e+00   0.0000e+00   2.6369e+02
20191018_15:00:00   1.3646e-01   3.8544e+01   2.9892e+00   0.0000e+00   0.0000e+00   2.6226e+02
20191018_18:00:00   1.1174e-01   3.2645e+01   2.4585e+00   0.0000e+00   0.0000e+00   2.6209e+02
20191018_21:00:00   1.1892e-01   3.4362e+01   2.6276e+00   0.0000e+00   0.0000e+00   2.6382e+02
20191019_00:00:00   1.3784e-01   3.8794e+01   3.0401e+00   4.1590e-04   9.5309e-05   2.6256e+02
20191019_03:00:00   1.3045e-01   3.7025e+01   2.9282e+00   0.0000e+00   2.4920e-05   2.6086e+02
20191019_06:00:00   1.5255e-01   4.2166e+01   3.4233e+00   0.0000e+00   2.8420e-05   2.6087e+02
20191019_09:00:00   1.6216e-01   4.4240e+01   3.7022e+00   0.0000e+00   0.0000e+00   2.5996e+02
20191019_12:00:00   1.5562e-01   4.2638e+01   3.5987e+00   0.0000e+00   1.0108e-06   2.5692e+02
20191019_15:00:00   1.4343e-01   3.9834e+01   3.3258e+00   0.0000e+00   1.0970e-05   2.5727e+02
20191019_18:00:00   1.3252e-01   3.7297e+01   3.0730e+00   0.0000e+00   2.5727e-05   2.5815e+02
20191019_21:00:00   1.3072e-01   3.6870e+01   3.0425e+00   0.0000e+00   2.3745e-04   2.5935e+02
20191020_00:00:00   1.3260e-01   3.7318e+01   3.0945e+00   0.0000e+00   1.0577e-04   2.5702e+02
20191020_03:00:00   1.4540e-01   4.0296e+01   3.3896e+00   0.0000e+00   6.5362e-04   2.5473e+02
20191020_06:00:00   1.5617e-01   4.2653e+01   3.6640e+00   0.0000e+00   1.5326e-02   2.5447e+02
20191020_09:00:00   1.6114e-01   4.3773e+01   3.7682e+00   0.0000e+00   4.2079e-02   2.5256e+02
20191020_12:00:00   1.6540e-01   4.4674e+01   3.8915e+00   0.0000e+00   1.8920e-02   2.5200e+02
20191020_15:00:00   1.6163e-01   4.3759e+01   3.8067e+00   0.0000e+00   2.4552e-02   2.5083e+02
20191020_18:00:00   1.7014e-01   4.5508e+01   4.0226e+00   0.0000e+00   4.1317e-02   2.5226e+02
20191020_21:00:00   1.7052e-01   4.5640e+01   4.0571e+00   0.0000e+00   1.2472e-02   2.5317e+02
20191021_00:00:00   1.7030e-01   4.5528e+01   4.0665e+00   8.1100e-05   2.6390e-03   2.5196e+02
20191021_03:00:00   1.9959e-01   5.2213e+01   3.7718e+00   1.7020e-02   3.5574e-03   2.5313e+02
20191021_06:00:00   1.5467e-01   4.1751e+01   3.7473e+00   0.0000e+00   6.5844e-03   2.5291e+02
20191021_09:00:00   1.8897e-01   4.9201e+01   4.5934e+00   0.0000e+00   1.3709e-02   2.5272e+02
20191021_12:00:00   2.1626e-01   5.5112e+01   5.2178e+00   0.0000e+00   4.3871e-03   2.5045e+02
20191021_15:00:00   2.3174e-01   5.8475e+01   5.5476e+00   0.0000e+00   2.9647e-03   2.4862e+02
20191021_18:00:00   2.5027e-01   6.2358e+01   5.9556e+00   0.0000e+00   1.3115e-03   2.4872e+02
20191021_21:00:00   2.6212e-01   6.4850e+01   6.2222e+00   0.0000e+00   6.4284e-04   2.5184e+02
20191022_00:00:00   2.9242e-01   7.1098e+01   6.8275e+00   3.2060e-04   8.5100e-04   2.4976e+02
20191022_03:00:00   3.4246e-01   8.1153e+01   6.7097e+00   2.2820e-02   2.5797e-03   2.5158e+02
20191022_06:00:00   2.8140e-01   6.8965e+01   6.5765e+00   0.0000e+00   5.0171e-03   2.5115e+02
20191022_09:00:00   2.5399e-01   6.3409e+01   5.9661e+00   0.0000e+00   0.0000e+00   2.5369e+02
20191022_12:00:00   2.5006e-01   6.2597e+01   5.8707e+00   0.0000e+00   0.0000e+00   2.5142e+02
20191022_15:00:00   2.3296e-01   5.9047e+01   5.4739e+00   0.0000e+00   0.0000e+00   2.5099e+02
20191022_18:00:00   2.1757e-01   5.5792e+01   5.1251e+00   0.0000e+00   0.0000e+00   2.5145e+02
20191022_21:00:00   2.0276e-01   5.2703e+01   4.7590e+00   0.0000e+00   0.0000e+00   2.5295e+02
20191023_00:00:00   1.9142e-01   5.0367e+01   4.4811e+00   0.0000e+00   0.0000e+00   2.5416e+02
20191023_03:00:00   1.8304e-01   4.8595e+01   4.2708e+00   0.0000e+00   0.0000e+00   2.5292e+02
20191023_06:00:00   1.7586e-01   4.7055e+01   4.0874e+00   0.0000e+00   0.0000e+00   2.5303e+02
20191023_09:00:00   1.7669e-01   4.7258e+01   4.0972e+00   0.0000e+00   0.0000e+00   2.5309e+02
20191023_12:00:00   1.7768e-01   4.7481e+01   4.1176e+00   0.0000e+00   0.0000e+00   2.4940e+02
20191023_15:00:00   1.7715e-01   4.7324e+01   4.1181e+00   0.0000e+00   0.0000e+00   2.4941e+02
20191023_18:00:00   1.7155e-01   4.6045e+01   4.0004e+00   0.0000e+00   0.0000e+00   2.4946e+02
20191023_21:00:00   1.6836e-01   4.5294e+01   3.9536e+00   0.0000e+00   0.0000e+00   2.4975e+02
20191024_00:00:00   1.6911e-01   4.5492e+01   3.9082e+00   1.4580e-03   0.0000e+00   2.4719e+02
20191024_03:00:00   1.7085e-01   4.5886e+01   4.0285e+00   0.0000e+00   0.0000e+00   2.4677e+02
20191024_06:00:00   1.7928e-01   4.7726e+01   4.2260e+00   0.0000e+00   5.0540e-07   2.4586e+02
20191024_09:00:00   1.9103e-01   5.0372e+01   4.4839e+00   0.0000e+00   2.1195e-05   2.4430e+02
20191024_12:00:00   1.9420e-01   5.1139e+01   4.5391e+00   0.0000e+00   0.0000e+00   2.4332e+02
20191024_15:00:00   1.9481e-01   5.1262e+01   4.5371e+00   0.0000e+00   6.7541e-06   2.4400e+02
20191024_18:00:00   1.9257e-01   5.0832e+01   4.4876e+00   0.0000e+00   0.0000e+00   2.4504e+02
20191024_21:00:00   1.9254e-01   5.0909e+01   4.4850e+00   0.0000e+00   7.4440e-06   2.4568e+02
20191025_00:00:00   1.9660e-01   5.1837e+01   4.5154e+00   1.1560e-03   0.0000e+00   2.4593e+02
20191025_03:00:00   1.9903e-01   5.2310e+01   4.6544e+00   0.0000e+00   2.2020e-06   2.4332e+02
20191025_06:00:00   2.0093e-01   5.2710e+01   4.6847e+00   0.0000e+00   0.0000e+00   2.4346e+02
20191025_09:00:00   2.0286e-01   5.3098e+01   4.7292e+00   0.0000e+00   0.0000e+00   2.4360e+02
20191025_12:00:00   2.0576e-01   5.3755e+01   4.7707e+00   0.0000e+00   5.0540e-07   2.4323e+02
20191025_15:00:00   2.0993e-01   5.4622e+01   4.8662e+00   0.0000e+00   9.7913e-05   2.4297e+02
20191025_18:00:00   2.1213e-01   5.5140e+01   4.9167e+00   0.0000e+00   3.1737e-05   2.4259e+02
20191025_21:00:00   2.1119e-01   5.4976e+01   4.8902e+00   0.0000e+00   2.1340e-05   2.4362e+02
20191026_00:00:00   2.0096e-01   5.2822e+01   4.6770e+00   0.0000e+00   1.7938e-04   2.4411e+02
20191026_03:00:00   1.9353e-01   5.1206e+01   4.4867e+00   0.0000e+00   5.6205e-04   2.4416e+02
20191026_06:00:00   1.9225e-01   5.0836e+01   4.4705e+00   2.3730e-05   2.4305e-03   2.4441e+02
20191026_09:00:00   1.9027e-01   5.0415e+01   4.4168e+00   0.0000e+00   3.9407e-03   2.4472e+02
20191026_12:00:00   1.9111e-01   5.0526e+01   4.4260e+00   0.0000e+00   4.7633e-04   2.4408e+02
20191026_15:00:00   1.8091e-01   4.8195e+01   4.2285e+00   0.0000e+00   1.0901e-03   2.4496e+02
20191026_18:00:00   1.7692e-01   4.7280e+01   4.1602e+00   0.0000e+00   7.8030e-04   2.4564e+02
20191026_21:00:00   1.7839e-01   4.7553e+01   4.2181e+00   0.0000e+00   1.2986e-04   2.4712e+02
20191027_00:00:00   1.8223e-01   4.8312e+01   4.3303e+00   0.0000e+00   1.3923e-04   2.4686e+02
20191027_03:00:00   1.8893e-01   4.9825e+01   4.4026e+00   1.5620e-03   2.4559e-04   2.4488e+02
20191027_06:00:00   1.9141e-01   5.0279e+01   4.5552e+00   0.0000e+00   3.0694e-04   2.4454e+02
20191027_09:00:00   2.0111e-01   5.2192e+01   4.8228e+00   0.0000e+00   5.3275e-04   2.4482e+02
20191027_12:00:00   1.9414e-01   5.0744e+01   4.6393e+00   0.0000e+00   3.6711e-04   2.4541e+02
20191027_15:00:00   2.0953e-01   5.3963e+01   5.0234e+00   0.0000e+00   6.9656e-05   2.4506e+02
20191027_18:00:00   2.2244e-01   5.6706e+01   5.3247e+00   0.0000e+00   1.9348e-04   2.4394e+02
20191027_21:00:00   2.2926e-01   5.8187e+01   5.4889e+00   0.0000e+00   7.0125e-07   2.4525e+02
20191028_00:00:00   2.4882e-01   6.2238e+01   5.9090e+00   3.0860e-04   3.6431e-05   2.4685e+02
20191028_03:00:00   2.7492e-01   6.7582e+01   6.4407e+00   1.3900e-03   3.2473e-05   2.4526e+02
20191028_06:00:00   2.7777e-01   6.8094e+01   6.5718e+00   0.0000e+00   1.2987e-04   2.4633e+02
20191028_09:00:00   2.7111e-01   6.6663e+01   6.4569e+00   0.0000e+00   1.8728e-03   2.4727e+02
20191028_12:00:00   2.7586e-01   6.7667e+01   6.5391e+00   0.0000e+00   4.9478e-05   2.4670e+02
20191028_15:00:00   2.6317e-01   6.5204e+01   6.2187e+00   0.0000e+00   5.0441e-05   2.4561e+02
20191028_18:00:00   3.1126e-01   7.4555e+01   7.2711e+00   0.0000e+00   3.9035e-02   2.4725e+02
