#            date       tau225        Tb[K]      pwv[mm] lwp[kg*m^-2] iwp[kg*m^-2]       o3[DU]
20190711_18:00:00   7.7003e-02   2.4243e+01   1.6613e+00   0.0000e+00   4.1681e-04   2.7056e+02
20190711_19:00:00   7.2456e-02   2.3083e+01   1.5675e+00   0.0000e+00   1.7682e-04   2.7198e+02
20190711_20:00:00   7.5322e-02   2.3786e+01   1.6439e+00   0.0000e+00   1.3988e-05   2.7332e+02
20190711_21:00:00   7.8406e-02   2.4541e+01   1.7257e+00   0.0000e+00   6.3180e-07   2.7539e+02
20190711_22:00:00   8.4740e-02   2.6108e+01   1.8768e+00   0.0000e+00   0.0000e+00   2.7639e+02
20190711_23:00:00   9.4665e-02   2.8580e+01   2.1023e+00   0.0000e+00   7.8100e-06   2.7572e+02
20190712_00:00:00   1.0162e-01   3.0291e+01   2.2637e+00   0.0000e+00   1.0578e-04   2.7702e+02
20190712_01:00:00   1.0698e-01   3.1592e+01   2.3896e+00   0.0000e+00   1.4540e-04   2.7538e+02
20190712_02:00:00   1.1004e-01   3.2355e+01   2.4540e+00   0.0000e+00   1.4293e-05   2.7185e+02
20190712_03:00:00   1.1288e-01   3.3070e+01   2.5114e+00   0.0000e+00   0.0000e+00   2.7196e+02
20190712_04:00:00   1.1006e-01   3.2367e+01   2.4544e+00   0.0000e+00   5.2380e-06   2.7180e+02
20190712_05:00:00   1.0923e-01   3.2144e+01   2.4345e+00   0.0000e+00   0.0000e+00   2.6847e+02
20190712_06:00:00   1.0974e-01   3.2250e+01   2.4479e+00   0.0000e+00   0.0000e+00   2.6770e+02
20190712_07:00:00   1.0993e-01   3.2298e+01   2.4554e+00   0.0000e+00   2.9100e-05   2.6788e+02
20190712_08:00:00   1.1260e-01   3.2938e+01   2.5156e+00   0.0000e+00   2.4140e-06   2.6792e+02
20190712_09:00:00   1.1358e-01   3.3138e+01   2.5430e+00   0.0000e+00   5.1160e-04   2.6668e+02
20190712_10:00:00   1.1401e-01   3.3201e+01   2.5636e+00   0.0000e+00   4.4521e-03   2.6614e+02
20190712_11:00:00   1.1488e-01   3.3394e+01   2.5929e+00   0.0000e+00   5.0602e-03   2.6670e+02
20190712_12:00:00   1.1703e-01   3.3898e+01   2.6468e+00   0.0000e+00   2.1234e-03   2.6406e+02
20190712_13:00:00   1.1622e-01   3.3728e+01   2.6235e+00   0.0000e+00   1.0581e-03   2.6125e+02
20190712_14:00:00   1.1436e-01   3.3295e+01   2.5783e+00   0.0000e+00   8.1430e-05   2.6007e+02
20190712_15:00:00   1.1329e-01   3.3050e+01   2.5540e+00   0.0000e+00   0.0000e+00   2.6245e+02
20190712_16:00:00   1.1164e-01   3.2654e+01   2.5198e+00   0.0000e+00   0.0000e+00   2.6306e+02
20190712_17:00:00   1.0948e-01   3.2140e+01   2.4751e+00   0.0000e+00   0.0000e+00   2.6303e+02
20190712_18:00:00   1.0796e-01   3.1776e+01   2.4439e+00   0.0000e+00   0.0000e+00   2.6255e+02
20190712_19:00:00   1.0743e-01   3.1634e+01   2.4387e+00   0.0000e+00   0.0000e+00   2.6239e+02
20190712_20:00:00   1.0719e-01   3.1560e+01   2.4397e+00   0.0000e+00   0.0000e+00   2.6224e+02
20190712_21:00:00   1.0595e-01   3.1269e+01   2.4119e+00   0.0000e+00   6.6340e-05   2.6328e+02
20190712_22:00:00   1.0471e-01   3.0993e+01   2.3780e+00   0.0000e+00   1.3296e-04   2.6133e+02
20190712_23:00:00   1.0398e-01   3.0801e+01   2.3654e+00   0.0000e+00   3.7703e-04   2.5990e+02
20190713_00:00:00   1.0393e-01   3.0764e+01   2.3571e+00   2.4370e-04   1.0572e-05   2.6082e+02
20190713_01:00:00   1.0118e-01   3.0084e+01   2.3069e+00   8.0430e-05   2.6272e-06   2.6100e+02
20190713_02:00:00   9.7131e-02   2.9098e+01   2.2151e+00   0.0000e+00   8.4420e-06   2.6087e+02
20190713_03:00:00   9.3302e-02   2.8170e+01   2.1198e+00   7.9690e-05   8.1443e-05   2.6140e+02
20190713_04:00:00   8.8957e-02   2.7092e+01   2.0229e+00   0.0000e+00   0.0000e+00   2.5808e+02
20190713_05:00:00   8.4498e-02   2.5979e+01   1.9152e+00   0.0000e+00   1.7688e-06   2.5863e+02
20190713_06:00:00   8.3369e-02   2.5701e+01   1.8839e+00   0.0000e+00   2.1240e-07   2.5893e+02
20190713_07:00:00   8.3240e-02   2.5668e+01   1.8784e+00   0.0000e+00   0.0000e+00   2.5734e+02
20190713_08:00:00   8.3883e-02   2.5832e+01   1.8927e+00   0.0000e+00   1.1408e-04   2.5719e+02
20190713_09:00:00   8.5275e-02   2.6183e+01   1.9278e+00   0.0000e+00   4.6179e-05   2.5727e+02
20190713_10:00:00   8.7248e-02   2.6666e+01   1.9803e+00   0.0000e+00   4.4463e-04   2.5817e+02
20190713_11:00:00   8.8788e-02   2.7045e+01   2.0151e+00   0.0000e+00   1.0663e-03   2.5921e+02
20190713_12:00:00   8.9820e-02   2.7298e+01   2.0381e+00   0.0000e+00   2.2920e-03   2.5871e+02
20190713_13:00:00   9.0982e-02   2.7585e+01   2.0674e+00   0.0000e+00   2.3487e-04   2.5834e+02
20190713_14:00:00   9.2365e-02   2.7928e+01   2.1017e+00   0.0000e+00   5.7479e-05   2.5836e+02
20190713_15:00:00   9.4332e-02   2.8390e+01   2.1534e+00   0.0000e+00   1.3486e-04   2.5817e+02
20190713_16:00:00   9.6208e-02   2.8843e+01   2.2043e+00   0.0000e+00   8.3510e-04   2.5624e+02
20190713_17:00:00   9.7515e-02   2.9159e+01   2.2361e+00   0.0000e+00   4.4203e-03   2.5535e+02
20190713_18:00:00   9.8651e-02   2.9445e+01   2.2616e+00   0.0000e+00   4.0757e-03   2.5647e+02
20190713_19:00:00   9.9727e-02   2.9718e+01   2.2856e+00   0.0000e+00   2.2681e-03   2.5787e+02
20190713_20:00:00   1.0032e-01   2.9857e+01   2.2975e+00   0.0000e+00   7.2726e-03   2.5773e+02
20190713_21:00:00   9.7686e-02   2.9207e+01   2.2410e+00   0.0000e+00   6.0985e-03   2.5692e+02
20190713_22:00:00   9.2568e-02   2.7979e+01   2.1177e+00   0.0000e+00   3.6307e-03   2.5653e+02
20190713_23:00:00   8.7056e-02   2.6614e+01   1.9894e+00   0.0000e+00   7.1720e-03   2.5794e+02
20190714_00:00:00   8.1276e-02   2.5186e+01   1.8435e+00   8.2470e-05   7.0963e-03   2.5758e+02
20190714_01:00:00   7.5729e-02   2.3807e+01   1.7116e+00   0.0000e+00   5.4700e-03   2.5758e+02
20190714_02:00:00   7.1208e-02   2.2652e+01   1.6032e+00   0.0000e+00   4.7338e-03   2.5766e+02
20190714_03:00:00   6.9737e-02   2.2261e+01   1.5696e+00   0.0000e+00   2.9792e-03   2.5875e+02
20190714_04:00:00   7.0457e-02   2.2429e+01   1.5919e+00   0.0000e+00   1.7484e-03   2.5984e+02
20190714_05:00:00   7.3635e-02   2.3216e+01   1.6736e+00   0.0000e+00   4.6950e-03   2.6052e+02
20190714_06:00:00   8.0308e-02   2.4900e+01   1.8303e+00   0.0000e+00   1.0191e-02   2.6088e+02
20190714_07:00:00   8.9896e-02   2.7295e+01   2.0568e+00   0.0000e+00   1.2876e-02   2.6218e+02
20190714_08:00:00   1.0192e-01   3.0259e+01   2.3340e+00   0.0000e+00   1.1082e-02   2.6327e+02
20190714_09:00:00   1.0944e-01   3.2115e+01   2.5081e+00   0.0000e+00   6.1277e-03   2.6289e+02
20190714_10:00:00   1.1192e-01   3.2702e+01   2.5673e+00   0.0000e+00   4.7635e-03   2.6130e+02
20190714_11:00:00   1.1098e-01   3.2435e+01   2.5509e+00   0.0000e+00   8.3093e-03   2.6234e+02
20190714_12:00:00   1.0784e-01   3.1649e+01   2.4871e+00   0.0000e+00   5.5724e-03   2.6202e+02
20190714_13:00:00   1.0635e-01   3.1281e+01   2.4513e+00   0.0000e+00   5.0037e-03   2.6169e+02
20190714_14:00:00   1.0580e-01   3.1152e+01   2.4353e+00   0.0000e+00   5.0776e-03   2.6228e+02
20190714_15:00:00   1.0594e-01   3.1198e+01   2.4294e+00   0.0000e+00   8.0161e-03   2.6206e+02
20190714_16:00:00   1.0747e-01   3.1589e+01   2.4477e+00   0.0000e+00   1.2467e-02   2.6407e+02
20190714_17:00:00   1.0693e-01   3.1513e+01   2.4154e+00   0.0000e+00   8.5641e-03   2.6827e+02
20190714_18:00:00   1.0604e-01   3.1380e+01   2.3689e+00   0.0000e+00   7.2159e-03   2.6836e+02
20190714_19:00:00   1.0611e-01   3.1466e+01   2.3447e+00   0.0000e+00   8.6016e-03   2.6914e+02
20190714_20:00:00   1.0738e-01   3.1837e+01   2.3527e+00   0.0000e+00   5.8000e-03   2.6901e+02
20190714_21:00:00   1.1030e-01   3.2550e+01   2.4192e+00   0.0000e+00   4.7845e-03   2.7074e+02
20190714_22:00:00   1.1645e-01   3.4043e+01   2.5608e+00   0.0000e+00   2.3034e-04   2.7271e+02
20190714_23:00:00   1.2592e-01   3.6282e+01   2.7856e+00   0.0000e+00   0.0000e+00   2.7343e+02
20190715_00:00:00   1.3794e-01   3.9066e+01   3.0776e+00   0.0000e+00   0.0000e+00   2.7507e+02
20190715_01:00:00   1.5371e-01   4.2687e+01   3.4508e+00   0.0000e+00   0.0000e+00   2.7711e+02
20190715_02:00:00   1.7663e-01   4.7893e+01   3.9682e+00   0.0000e+00   0.0000e+00   2.7796e+02
20190715_03:00:00   1.9737e-01   5.2524e+01   4.3991e+00   1.6900e-04   0.0000e+00   2.7929e+02
20190715_04:00:00   2.0349e-01   5.3898e+01   4.5199e+00   8.5160e-05   0.0000e+00   2.8061e+02
20190715_05:00:00   1.9793e-01   5.2694e+01   4.4067e+00   0.0000e+00   2.1240e-07   2.8077e+02
20190715_06:00:00   1.9302e-01   5.1606e+01   4.3048e+00   0.0000e+00   2.1240e-07   2.8066e+02
20190715_07:00:00   1.9163e-01   5.1293e+01   4.2689e+00   0.0000e+00   0.0000e+00   2.8266e+02
20190715_08:00:00   1.9168e-01   5.1318e+01   4.2561e+00   0.0000e+00   0.0000e+00   2.8377e+02
20190715_09:00:00   1.9325e-01   5.1665e+01   4.2719e+00   0.0000e+00   0.0000e+00   2.8391e+02
20190715_10:00:00   1.9770e-01   5.2665e+01   4.3333e+00   0.0000e+00   0.0000e+00   2.8425e+02
20190715_11:00:00   2.0064e-01   5.3335e+01   4.3574e+00   0.0000e+00   0.0000e+00   2.8299e+02
20190715_12:00:00   1.9898e-01   5.2997e+01   4.2891e+00   0.0000e+00   0.0000e+00   2.8158e+02
20190715_13:00:00   1.9389e-01   5.1892e+01   4.1629e+00   0.0000e+00   0.0000e+00   2.8072e+02
20190715_14:00:00   1.9021e-01   5.1076e+01   4.0755e+00   0.0000e+00   0.0000e+00   2.7949e+02
20190715_15:00:00   1.8634e-01   5.0211e+01   3.9905e+00   0.0000e+00   0.0000e+00   2.7841e+02
20190715_16:00:00   1.8338e-01   4.9526e+01   3.9323e+00   0.0000e+00   0.0000e+00   2.7719e+02
20190715_17:00:00   1.7927e-01   4.8596e+01   3.8437e+00   0.0000e+00   0.0000e+00   2.7770e+02
20190715_18:00:00   1.7647e-01   4.7965e+01   3.7889e+00   0.0000e+00   0.0000e+00   2.7725e+02
20190715_19:00:00   1.7523e-01   4.7672e+01   3.7679e+00   0.0000e+00   0.0000e+00   2.7677e+02
20190715_20:00:00   1.7418e-01   4.7435e+01   3.7490e+00   0.0000e+00   0.0000e+00   2.7760e+02
20190715_21:00:00   1.7341e-01   4.7262e+01   3.7333e+00   0.0000e+00   0.0000e+00   2.7836e+02
20190715_22:00:00   1.7969e-01   4.8658e+01   3.8746e+00   0.0000e+00   0.0000e+00   2.7816e+02
20190715_23:00:00   1.9809e-01   5.2670e+01   4.2885e+00   0.0000e+00   0.0000e+00   2.7829e+02
20190716_00:00:00   2.1098e-01   5.5411e+01   4.5928e+00   0.0000e+00   0.0000e+00   2.7808e+02
20190716_01:00:00   2.2443e-01   5.8239e+01   4.9307e+00   8.3450e-05   0.0000e+00   2.7593e+02
20190716_02:00:00   2.8141e-01   6.9941e+01   5.8456e+00   4.9150e-03   0.0000e+00   2.7507e+02
20190716_03:00:00   3.2862e-01   7.9409e+01   5.9481e+00   2.2370e-02   0.0000e+00   2.7508e+02
20190716_04:00:00   2.5676e-01   6.5023e+01   5.4842e+00   1.8500e-03   0.0000e+00   2.7511e+02
20190716_05:00:00   2.2948e-01   5.9323e+01   4.9927e+00   0.0000e+00   0.0000e+00   2.7539e+02
20190716_06:00:00   2.1119e-01   5.5404e+01   4.6106e+00   0.0000e+00   0.0000e+00   2.7614e+02
20190716_07:00:00   1.9981e-01   5.2932e+01   4.3532e+00   1.7370e-04   0.0000e+00   2.7607e+02
20190716_08:00:00   1.9144e-01   5.1080e+01   4.1746e+00   0.0000e+00   0.0000e+00   2.7657e+02
20190716_09:00:00   1.8727e-01   5.0133e+01   4.0804e+00   0.0000e+00   0.0000e+00   2.7596e+02
20190716_10:00:00   1.7641e-01   4.7717e+01   3.8375e+00   0.0000e+00   0.0000e+00   2.7992e+02
20190716_11:00:00   1.6687e-01   4.5569e+01   3.6315e+00   0.0000e+00   0.0000e+00   2.7977e+02
20190716_12:00:00   1.5878e-01   4.3721e+01   3.4582e+00   0.0000e+00   0.0000e+00   2.8051e+02
20190716_13:00:00   1.5421e-01   4.2646e+01   3.3692e+00   0.0000e+00   0.0000e+00   2.8173e+02
20190716_14:00:00   1.5395e-01   4.2580e+01   3.3654e+00   0.0000e+00   0.0000e+00   2.8127e+02
20190716_15:00:00   1.5687e-01   4.3246e+01   3.4265e+00   0.0000e+00   0.0000e+00   2.8195e+02
20190716_16:00:00   1.6004e-01   4.3960e+01   3.4911e+00   0.0000e+00   0.0000e+00   2.8061e+02
20190716_17:00:00   1.6132e-01   4.4276e+01   3.5120e+00   0.0000e+00   0.0000e+00   2.8136e+02
20190716_18:00:00   1.6301e-01   4.4682e+01   3.5472e+00   0.0000e+00   0.0000e+00   2.8162e+02
20190716_21:00:00   2.0272e-01   5.3530e+01   4.3995e+00   0.0000e+00   0.0000e+00   2.7888e+02
20190717_00:00:00   2.4998e-01   6.3533e+01   5.4273e+00   8.4360e-05   0.0000e+00   2.7672e+02
20190717_03:00:00   3.1873e-01   7.7155e+01   6.8986e+00   0.0000e+00   2.6180e-05   2.7821e+02
20190717_06:00:00   3.4268e-01   8.1660e+01   7.4426e+00   0.0000e+00   2.1678e-03   2.7488e+02
20190717_09:00:00   3.1666e-01   7.6701e+01   6.9166e+00   0.0000e+00   3.5814e-03   2.7460e+02
20190717_12:00:00   2.7910e-01   6.9336e+01   6.1131e+00   0.0000e+00   4.1577e-03   2.7447e+02
20190717_15:00:00   2.2793e-01   5.8797e+01   5.0363e+00   0.0000e+00   3.8712e-03   2.7089e+02
20190717_18:00:00   1.9821e-01   5.2327e+01   4.4481e+00   0.0000e+00   1.9891e-03   2.6984e+02
20190717_21:00:00   2.2848e-01   5.8726e+01   5.1720e+00   0.0000e+00   7.6382e-04   2.6808e+02
20190718_00:00:00   3.2529e-01   7.8188e+01   7.2797e+00   0.0000e+00   9.0982e-04   2.6635e+02
20190718_03:00:00   3.5583e-01   8.3705e+01   8.0913e+00   0.0000e+00   5.2349e-03   2.6394e+02
20190718_06:00:00   3.3240e-01   7.9224e+01   7.6602e+00   0.0000e+00   3.5358e-03   2.6297e+02
20190718_09:00:00   2.3947e-01   6.0318e+01   5.7498e+00   0.0000e+00   6.5822e-04   2.6428e+02
20190718_12:00:00   2.2615e-01   5.7169e+01   5.5135e+00   0.0000e+00   5.7401e-03   2.6769e+02
20190718_15:00:00   2.3999e-01   6.0054e+01   5.8416e+00   0.0000e+00   1.1628e-02   2.6724e+02
20190718_18:00:00   2.5653e-01   6.3702e+01   6.1708e+00   0.0000e+00   3.9492e-03   2.6952e+02
20190718_21:00:00   2.7202e-01   6.6929e+01   6.5408e+00   0.0000e+00   6.1040e-03   2.7231e+02
20190719_00:00:00   2.6884e-01   6.6229e+01   6.4733e+00   0.0000e+00   7.6559e-02   2.7217e+02
20190719_03:00:00   2.4855e-01   6.2108e+01   5.9943e+00   0.0000e+00   9.1732e-02   2.6826e+02
20190719_06:00:00   2.1937e-01   5.6330e+01   5.2737e+00   0.0000e+00   5.4457e-03   2.6827e+02
20190719_09:00:00   2.2786e-01   5.8377e+01   5.3745e+00   0.0000e+00   6.7820e-04   2.6931e+02
20190719_12:00:00   2.0481e-01   5.3531e+01   4.7991e+00   0.0000e+00   1.3676e-03   2.6930e+02
20190719_15:00:00   1.6652e-01   4.5248e+01   3.8526e+00   0.0000e+00   1.7048e-05   2.6987e+02
20190719_18:00:00   1.4436e-01   4.0359e+01   3.2842e+00   0.0000e+00   0.0000e+00   2.7235e+02
20190719_21:00:00   1.3641e-01   3.8617e+01   3.0866e+00   0.0000e+00   0.0000e+00   2.7176e+02
20190720_00:00:00   1.2921e-01   3.7008e+01   2.9037e+00   0.0000e+00   1.2634e-06   2.6914e+02
20190720_03:00:00   1.2023e-01   3.4942e+01   2.6815e+00   0.0000e+00   0.0000e+00   2.6788e+02
20190720_06:00:00   1.1213e-01   3.3044e+01   2.4692e+00   0.0000e+00   0.0000e+00   2.6987e+02
20190720_09:00:00   1.0327e-01   3.0941e+01   2.2421e+00   0.0000e+00   0.0000e+00   2.6918e+02
20190720_12:00:00   1.0090e-01   3.0368e+01   2.1717e+00   0.0000e+00   0.0000e+00   2.6858e+02
20190720_15:00:00   9.5762e-02   2.9107e+01   2.0594e+00   0.0000e+00   0.0000e+00   2.6737e+02
20190720_18:00:00   9.5240e-02   2.8981e+01   2.0585e+00   0.0000e+00   0.0000e+00   2.6805e+02
20190720_21:00:00   9.2986e-02   2.8420e+01   2.0150e+00   0.0000e+00   0.0000e+00   2.6880e+02
20190721_00:00:00   9.2852e-02   2.8392e+01   2.0144e+00   0.0000e+00   0.0000e+00   2.6732e+02
20190721_03:00:00   9.2882e-02   2.8437e+01   2.0117e+00   0.0000e+00   0.0000e+00   2.6721e+02
20190721_06:00:00   9.4203e-02   2.8790e+01   2.0385e+00   0.0000e+00   0.0000e+00   2.6624e+02
20190721_09:00:00   9.0752e-02   2.7910e+01   1.9706e+00   0.0000e+00   0.0000e+00   2.6797e+02
20190721_12:00:00   9.2756e-02   2.8390e+01   2.0304e+00   0.0000e+00   0.0000e+00   2.6964e+02
20190721_15:00:00   1.1165e-01   3.3016e+01   2.4913e+00   0.0000e+00   0.0000e+00   2.6872e+02
20190721_18:00:00   1.3437e-01   3.8395e+01   3.0386e+00   0.0000e+00   0.0000e+00   2.6962e+02
20190721_21:00:00   1.5020e-01   4.2054e+01   3.4260e+00   0.0000e+00   0.0000e+00   2.7123e+02
20190722_00:00:00   1.5740e-01   4.3714e+01   3.5994e+00   0.0000e+00   0.0000e+00   2.6841e+02
20190722_03:00:00   1.5398e-01   4.2961e+01   3.5182e+00   0.0000e+00   0.0000e+00   2.6848e+02
20190722_06:00:00   1.4916e-01   4.1911e+01   3.3986e+00   0.0000e+00   0.0000e+00   2.7021e+02
20190722_09:00:00   1.4431e-01   4.0788e+01   3.2742e+00   0.0000e+00   0.0000e+00   2.6848e+02
20190722_12:00:00   1.3562e-01   3.8726e+01   3.0854e+00   0.0000e+00   0.0000e+00   2.7166e+02
20190722_15:00:00   1.4017e-01   3.9653e+01   3.2330e+00   0.0000e+00   0.0000e+00   2.7098e+02
20190722_18:00:00   1.5061e-01   4.2050e+01   3.4806e+00   0.0000e+00   0.0000e+00   2.7198e+02
20190722_21:00:00   1.5755e-01   4.3604e+01   3.6601e+00   0.0000e+00   0.0000e+00   2.7154e+02
20190723_00:00:00   1.6309e-01   4.4805e+01   3.8127e+00   0.0000e+00   0.0000e+00   2.6975e+02
20190723_03:00:00   1.7113e-01   4.6596e+01   4.0276e+00   0.0000e+00   0.0000e+00   2.7004e+02
20190723_06:00:00   1.7354e-01   4.7210e+01   4.0557e+00   0.0000e+00   0.0000e+00   2.7073e+02
20190723_09:00:00   1.7412e-01   4.7407e+01   4.0307e+00   0.0000e+00   0.0000e+00   2.7040e+02
20190723_12:00:00   1.8495e-01   4.9729e+01   4.2874e+00   0.0000e+00   0.0000e+00   2.7244e+02
20190723_15:00:00   2.2268e-01   5.7646e+01   5.2211e+00   0.0000e+00   0.0000e+00   2.6976e+02
20190723_18:00:00   2.3328e-01   5.9775e+01   5.4861e+00   0.0000e+00   0.0000e+00   2.7202e+02
20190723_21:00:00   2.3406e-01   5.9823e+01   5.5310e+00   0.0000e+00   0.0000e+00   2.7300e+02
20190724_00:00:00   2.4033e-01   6.1038e+01   5.6993e+00   1.6700e-04   0.0000e+00   2.7109e+02
20190724_03:00:00   2.5735e-01   6.4740e+01   5.7057e+00   6.7440e-03   0.0000e+00   2.7127e+02
20190724_06:00:00   2.3216e-01   5.9241e+01   5.5547e+00   0.0000e+00   9.4519e-04   2.7221e+02
20190724_09:00:00   2.3926e-01   6.0783e+01   5.6717e+00   0.0000e+00   0.0000e+00   2.7171e+02
20190724_12:00:00   2.7018e-01   6.7237e+01   6.2459e+00   8.6520e-04   0.0000e+00   2.7233e+02
20190724_15:00:00   3.0373e-01   7.4024e+01   6.8284e+00   1.4300e-03   0.0000e+00   2.7032e+02
20190724_18:00:00   3.3525e-01   8.0074e+01   7.5330e+00   0.0000e+00   0.0000e+00   2.7103e+02
20190724_21:00:00   3.4926e-01   8.2718e+01   7.7797e+00   0.0000e+00   0.0000e+00   2.7159e+02
20190725_00:00:00   3.8041e-01   8.8676e+01   7.7787e+00   1.2590e-02   0.0000e+00   2.7030e+02
20190725_03:00:00   3.4506e-01   8.1948e+01   7.7213e+00   0.0000e+00   7.4340e-05   2.7075e+02
20190725_06:00:00   3.4126e-01   8.1125e+01   7.7223e+00   0.0000e+00   5.7720e-06   2.7086e+02
20190725_09:00:00   3.5218e-01   8.3168e+01   7.9066e+00   0.0000e+00   0.0000e+00   2.6977e+02
20190725_12:00:00   3.7081e-01   8.6631e+01   8.2235e+00   0.0000e+00   0.0000e+00   2.7022e+02
20190725_15:00:00   3.7376e-01   8.7037e+01   8.3370e+00   0.0000e+00   0.0000e+00   2.7110e+02
20190725_18:00:00   3.3894e-01   8.0397e+01   7.7365e+00   0.0000e+00   0.0000e+00   2.7074e+02
20190725_21:00:00   3.3414e-01   7.9282e+01   7.7310e+00   0.0000e+00   7.2861e-03   2.7131e+02
20190726_00:00:00   3.9281e-01   9.0309e+01   8.7321e+00   2.9194e-03   1.4019e-02   2.7264e+02
20190726_03:00:00   4.4032e-01   9.8513e+01   9.2785e+00   1.3108e-02   2.2141e-02   2.7148e+02
20190726_06:00:00   3.4999e-01   8.2158e+01   8.0844e+00   0.0000e+00   5.6390e-02   2.7361e+02
20190726_09:00:00   3.6204e-01   8.4322e+01   8.3813e+00   0.0000e+00   8.7421e-02   2.7256e+02
20190726_12:00:00   3.2804e-01   7.8037e+01   7.6664e+00   0.0000e+00   2.0104e-03   2.7349e+02
20190726_15:00:00   3.2207e-01   7.6985e+01   7.5127e+00   0.0000e+00   9.2974e-03   2.7535e+02
20190726_18:00:00   3.3865e-01   7.9942e+01   7.8982e+00   0.0000e+00   2.9163e-02   2.7469e+02
20190726_21:00:00   3.5442e-01   8.2713e+01   8.2453e+00   0.0000e+00   6.4643e-02   2.7630e+02
20190727_00:00:00   3.5611e-01   8.3099e+01   8.2896e+00   0.0000e+00   2.8263e-02   2.7634e+02
20190727_03:00:00   3.6801e-01   8.5371e+01   8.4184e+00   8.7430e-04   7.7166e-02   2.7480e+02
20190727_06:00:00   3.3486e-01   7.9569e+01   7.6763e+00   0.0000e+00   1.2574e-03   2.7525e+02
20190727_09:00:00   3.0828e-01   7.4711e+01   7.0264e+00   0.0000e+00   3.6282e-03   2.7660e+02
20190727_12:00:00   2.8811e-01   7.0829e+01   6.5698e+00   0.0000e+00   7.3313e-04   2.7677e+02
20190727_15:00:00   2.6932e-01   6.7119e+01   6.1425e+00   0.0000e+00   0.0000e+00   2.7551e+02
20190727_18:00:00   2.6726e-01   6.6692e+01   6.1114e+00   0.0000e+00   0.0000e+00   2.7224e+02
