#            date       tau225        Tb[K]      pwv[mm] lwp[kg*m^-2] iwp[kg*m^-2]       o3[DU]
20190920_12:00:00   2.6908e-01   6.6996e+01   6.3031e+00   0.0000e+00   4.5826e-02   2.5275e+02
20190920_13:00:00   2.9495e-01   7.1959e+01   6.9318e+00   0.0000e+00   7.5982e-02   2.5090e+02
20190920_14:00:00   3.3674e-01   7.9767e+01   7.9346e+00   0.0000e+00   6.3407e-02   2.4950e+02
20190920_15:00:00   3.8760e-01   8.9154e+01   9.0535e+00   0.0000e+00   4.7777e-02   2.5154e+02
20190920_16:00:00   4.4085e-01   9.8441e+01   1.0099e+01   0.0000e+00   3.0849e-02   2.5298e+02
20190920_17:00:00   4.9331e-01   1.0725e+02   1.1026e+01   3.2740e-04   3.6639e-02   2.5444e+02
20190920_18:00:00   5.3655e-01   1.1407e+02   1.1841e+01   0.0000e+00   7.1915e-02   2.5486e+02
20190920_19:00:00   5.3967e-01   1.1444e+02   1.1777e+01   2.9460e-03   6.2785e-02   2.5550e+02
20190920_20:00:00   5.2008e-01   1.1128e+02   1.1531e+01   1.5418e-04   8.0506e-02   2.5700e+02
20190920_21:00:00   5.3158e-01   1.1290e+02   1.1692e+01   3.2740e-04   1.9393e-01   2.5721e+02
20190920_22:00:00   5.3029e-01   1.1262e+02   1.1615e+01   0.0000e+00   2.1512e-01   2.5854e+02
20190920_23:00:00   4.9050e-01   1.0626e+02   1.0808e+01   1.7768e-04   2.3634e-01   2.5972e+02
20190921_00:00:00   4.8314e-01   1.0506e+02   1.0451e+01   3.2738e-03   2.2570e-01   2.5896e+02
20190921_01:00:00   4.7255e-01   1.0359e+02   9.8051e+00   8.7817e-03   2.5810e-01   2.5673e+02
20190921_02:00:00   4.9301e-01   1.0733e+02   8.7653e+00   3.6853e-02   1.4605e-01   2.5672e+02
20190921_03:00:00   4.9660e-01   1.0858e+02   7.9954e+00   4.8680e-02   8.9238e-02   2.5834e+02
20190921_04:00:00   4.0562e-01   9.3231e+01   7.5273e+00   1.8824e-02   4.4332e-02   2.5757e+02
20190921_05:00:00   3.7891e-01   8.8502e+01   7.2227e+00   1.3573e-02   2.4137e-02   2.5860e+02
20190921_06:00:00   3.5686e-01   8.4253e+01   7.3761e+00   3.2820e-03   2.2554e-02   2.5886e+02
20190921_07:00:00   3.6134e-01   8.5061e+01   7.3796e+00   4.9040e-03   2.6068e-02   2.5787e+02
20190921_08:00:00   3.4621e-01   8.2252e+01   7.3120e+00   0.0000e+00   7.7974e-03   2.5807e+02
20190921_09:00:00   3.4111e-01   8.1264e+01   7.2501e+00   0.0000e+00   4.4931e-03   2.5874e+02
20190921_10:00:00   3.2595e-01   7.8368e+01   6.9642e+00   0.0000e+00   1.6839e-03   2.6111e+02
20190921_11:00:00   3.1315e-01   7.5848e+01   6.7664e+00   0.0000e+00   2.9274e-03   2.5871e+02
20190921_12:00:00   3.2119e-01   7.7235e+01   6.9737e+00   0.0000e+00   1.6441e-03   2.5844e+02
20190921_13:00:00   3.0694e-01   7.4587e+01   6.6556e+00   0.0000e+00   1.4007e-04   2.5888e+02
20190921_14:00:00   2.8928e-01   7.1187e+01   6.2953e+00   0.0000e+00   6.3180e-07   2.6015e+02
20190921_15:00:00   2.8433e-01   7.0098e+01   6.2525e+00   0.0000e+00   2.2172e-04   2.6047e+02
20190921_16:00:00   2.9031e-01   7.1156e+01   6.4202e+00   0.0000e+00   1.3998e-03   2.5909e+02
20190921_17:00:00   2.9167e-01   7.1401e+01   6.4477e+00   0.0000e+00   1.7762e-04   2.5925e+02
20190921_18:00:00   2.8218e-01   6.9589e+01   6.2334e+00   0.0000e+00   2.2020e-06   2.5963e+02
20190921_19:00:00   2.8397e-01   6.9946e+01   6.3094e+00   0.0000e+00   0.0000e+00   2.5875e+02
20190921_20:00:00   2.8772e-01   7.0630e+01   6.4367e+00   0.0000e+00   6.0184e-05   2.5987e+02
20190921_21:00:00   2.8540e-01   7.0078e+01   6.4765e+00   1.6500e-04   3.5723e-05   2.6076e+02
20190921_22:00:00   3.0048e-01   7.3017e+01   6.8135e+00   1.6430e-04   1.0974e-03   2.6059e+02
20190921_23:00:00   3.3021e-01   7.8651e+01   7.5061e+00   1.6250e-04   6.0459e-04   2.5971e+02
20190922_00:00:00   3.8088e-01   8.8065e+01   8.4085e+00   3.4120e-03   4.2918e-04   2.5946e+02
20190922_01:00:00   4.2162e-01   9.5386e+01   9.0880e+00   5.9097e-03   4.2952e-04   2.5756e+02
20190922_02:00:00   4.4509e-01   9.9535e+01   9.3815e+00   9.0240e-03   1.5150e-04   2.5771e+02
20190922_03:00:00   4.3782e-01   9.8082e+01   9.7115e+00   8.8870e-04   1.2763e-03   2.5749e+02
20190922_04:00:00   4.1589e-01   9.4515e+01   9.1529e+00   1.1306e-03   5.4284e-05   2.5648e+02
20190922_05:00:00   4.0377e-01   9.2328e+01   9.0115e+00   1.6536e-05   1.2671e-04   2.5586e+02
20190922_06:00:00   3.9742e-01   9.1178e+01   8.8750e+00   3.4280e-04   0.0000e+00   2.5510e+02
20190922_07:00:00   3.9164e-01   9.0060e+01   8.8398e+00   0.0000e+00   1.2634e-06   2.5315e+02
20190922_08:00:00   3.7423e-01   8.6916e+01   8.5114e+00   0.0000e+00   1.3080e-03   2.5598e+02
20190922_09:00:00   3.6989e-01   8.6078e+01   8.4648e+00   0.0000e+00   2.8379e-03   2.5410e+02
20190922_10:00:00   3.6223e-01   8.4636e+01   8.3428e+00   0.0000e+00   7.5010e-03   2.5469e+02
20190922_11:00:00   3.6635e-01   8.5361e+01   8.4537e+00   0.0000e+00   1.0592e-02   2.5413e+02
20190922_12:00:00   3.7760e-01   8.7435e+01   8.7039e+00   0.0000e+00   2.0574e-03   2.5226e+02
20190922_13:00:00   3.8769e-01   8.9208e+01   8.9429e+00   0.0000e+00   2.5826e-03   2.5341e+02
20190922_14:00:00   3.9382e-01   9.0293e+01   9.0916e+00   0.0000e+00   1.0763e-03   2.5413e+02
20190922_15:00:00   3.9359e-01   9.0245e+01   9.1029e+00   0.0000e+00   4.9157e-03   2.5333e+02
20190922_16:00:00   4.0121e-01   9.1656e+01   9.2464e+00   0.0000e+00   2.4037e-03   2.5307e+02
20190922_17:00:00   4.5172e-01   1.0039e+02   1.0275e+01   0.0000e+00   3.5723e-02   2.5289e+02
20190922_18:00:00   4.9949e-01   1.0843e+02   1.1222e+01   0.0000e+00   1.6340e-02   2.5196e+02
20190922_19:00:00   5.1022e-01   1.1020e+02   1.1442e+01   0.0000e+00   1.2282e-02   2.5117e+02
20190922_20:00:00   5.2863e-01   1.1317e+02   1.1792e+01   0.0000e+00   1.2462e-02   2.5127e+02
20190922_21:00:00   5.6956e-01   1.1964e+02   1.2396e+01   2.2353e-03   8.7898e-03   2.5088e+02
20190922_22:00:00   5.7072e-01   1.1991e+02   1.2453e+01   1.8609e-03   1.6695e-02   2.5120e+02
20190922_23:00:00   5.9632e-01   1.2372e+02   1.2963e+01   9.2720e-04   2.6460e-02   2.5162e+02
20190923_00:00:00   6.6935e-01   1.3405e+02   1.3634e+01   1.4372e-02   2.7675e-01   2.4996e+02
20190923_01:00:00   1.0210e+00   1.7501e+02   1.4099e+01   1.4864e-01   5.1431e-01   2.4850e+02
20190923_02:00:00   1.0757e+00   1.8057e+02   1.4278e+01   1.6270e-01   7.5554e-01   2.4931e+02
20190923_03:00:00   1.5241e+00   2.1439e+02   1.4339e+01   3.5113e-01   2.8050e-01   2.4933e+02
20190923_04:00:00   7.7665e-01   1.4850e+02   1.3523e+01   6.1886e-02   1.4394e-02   2.4812e+02
20190923_05:00:00   5.9959e-01   1.2456e+02   1.2868e+01   3.4015e-03   2.5203e-03   2.4726e+02
20190923_06:00:00   5.8421e-01   1.2227e+02   1.2742e+01   0.0000e+00   2.3385e-03   2.4869e+02
20190923_07:00:00   5.8891e-01   1.2299e+02   1.2830e+01   0.0000e+00   2.5982e-03   2.4857e+02
20190923_08:00:00   5.7363e-01   1.2082e+02   1.2532e+01   0.0000e+00   1.5072e-03   2.4923e+02
20190923_09:00:00   5.6264e-01   1.1919e+02   1.2307e+01   0.0000e+00   3.8897e-04   2.4846e+02
20190923_10:00:00   5.4990e-01   1.1724e+02   1.2066e+01   0.0000e+00   6.0061e-04   2.4913e+02
20190923_11:00:00   5.3971e-01   1.1564e+02   1.1856e+01   0.0000e+00   2.4843e-04   2.5019e+02
20190923_12:00:00   5.3267e-01   1.1451e+02   1.1729e+01   0.0000e+00   3.3559e-04   2.5044e+02
20190923_13:00:00   5.3164e-01   1.1434e+02   1.1699e+01   0.0000e+00   1.0340e-04   2.4844e+02
20190923_14:00:00   5.3852e-01   1.1541e+02   1.1850e+01   0.0000e+00   3.0532e-04   2.4592e+02
20190923_15:00:00   5.4194e-01   1.1597e+02   1.1941e+01   0.0000e+00   1.7280e-03   2.4612e+02
20190923_16:00:00   5.5110e-01   1.1737e+02   1.2161e+01   0.0000e+00   5.2207e-03   2.4690e+02
20190923_17:00:00   5.6311e-01   1.1916e+02   1.2417e+01   0.0000e+00   1.9324e-02   2.4767e+02
20190923_18:00:00   5.6832e-01   1.2008e+02   1.2477e+01   0.0000e+00   1.1806e-02   2.4903e+02
20190923_19:00:00   5.6263e-01   1.1939e+02   1.2276e+01   0.0000e+00   5.3884e-03   2.4767e+02
20190923_20:00:00   5.5944e-01   1.1909e+02   1.2137e+01   0.0000e+00   1.7274e-03   2.4580e+02
20190923_21:00:00   5.5093e-01   1.1789e+02   1.1914e+01   0.0000e+00   2.0952e-03   2.4540e+02
20190923_22:00:00   5.3123e-01   1.1493e+02   1.1509e+01   0.0000e+00   3.6291e-03   2.4533e+02
20190923_23:00:00   5.3543e-01   1.1569e+02   1.1152e+01   8.3590e-03   4.0723e-03   2.4604e+02
20190924_00:00:00   5.5673e-01   1.1923e+02   1.0912e+01   2.1450e-02   3.8945e-03   2.4541e+02
20190924_01:00:00   5.0385e-01   1.1071e+02   1.0707e+01   5.0370e-03   2.7238e-03   2.4583e+02
20190924_02:00:00   4.8677e-01   1.0786e+02   1.0577e+01   0.0000e+00   1.5210e-03   2.4544e+02
20190924_03:00:00   4.7590e-01   1.0613e+02   1.0280e+01   0.0000e+00   3.8560e-04   2.4635e+02
20190924_04:00:00   4.6059e-01   1.0359e+02   9.9485e+00   0.0000e+00   6.6880e-05   2.4856e+02
20190924_05:00:00   4.2921e-01   9.8182e+01   9.3330e+00   0.0000e+00   2.3060e-05   2.4851e+02
20190924_06:00:00   3.6439e-01   8.6543e+01   8.0099e+00   0.0000e+00   5.5060e-06   2.4955e+02
20190924_07:00:00   2.9253e-01   7.2907e+01   6.3966e+00   0.0000e+00   0.0000e+00   2.5321e+02
20190924_08:00:00   2.5701e-01   6.5761e+01   5.5850e+00   0.0000e+00   0.0000e+00   2.5249e+02
20190924_09:00:00   2.2518e-01   5.9105e+01   4.8658e+00   0.0000e+00   0.0000e+00   2.5337e+02
20190924_10:00:00   2.0645e-01   5.5049e+01   4.4605e+00   0.0000e+00   0.0000e+00   2.5361e+02
20190924_11:00:00   1.9145e-01   5.1766e+01   4.1169e+00   0.0000e+00   0.0000e+00   2.5533e+02
20190924_12:00:00   1.6276e-01   4.5329e+01   3.4863e+00   0.0000e+00   0.0000e+00   2.5648e+02
20190924_13:00:00   1.3850e-01   3.9691e+01   2.9691e+00   0.0000e+00   0.0000e+00   2.5643e+02
20190924_14:00:00   1.2215e-01   3.5765e+01   2.6292e+00   0.0000e+00   0.0000e+00   2.5662e+02
20190924_15:00:00   1.1525e-01   3.4050e+01   2.4988e+00   0.0000e+00   0.0000e+00   2.5471e+02
20190924_16:00:00   1.0936e-01   3.2583e+01   2.3822e+00   0.0000e+00   0.0000e+00   2.5636e+02
20190924_17:00:00   9.8801e-02   2.9942e+01   2.1576e+00   0.0000e+00   0.0000e+00   2.5578e+02
20190924_18:00:00   9.4222e-02   2.8747e+01   2.0741e+00   0.0000e+00   0.0000e+00   2.5642e+02
20190924_19:00:00   9.1896e-02   2.8119e+01   2.0369e+00   0.0000e+00   0.0000e+00   2.5641e+02
20190924_20:00:00   8.7894e-02   2.7112e+01   1.9500e+00   0.0000e+00   0.0000e+00   2.5775e+02
20190924_21:00:00   8.6711e-02   2.6800e+01   1.9213e+00   0.0000e+00   0.0000e+00   2.5891e+02
20190924_22:00:00   8.7283e-02   2.6943e+01   1.9286e+00   0.0000e+00   0.0000e+00   2.5754e+02
20190924_23:00:00   9.2101e-02   2.8172e+01   2.0315e+00   0.0000e+00   0.0000e+00   2.5752e+02
20190925_00:00:00   9.8507e-02   2.9792e+01   2.1366e+00   5.9790e-04   0.0000e+00   2.5697e+02
20190925_01:00:00   1.5849e-01   4.4280e+01   2.5189e+00   1.7560e-02   0.0000e+00   2.5659e+02
20190925_02:00:00   2.9154e-01   7.3374e+01   2.8272e+00   6.4760e-02   0.0000e+00   2.5635e+02
20190925_03:00:00   2.8973e-01   7.3022e+01   2.8208e+00   6.4140e-02   0.0000e+00   2.5737e+02
20190925_04:00:00   2.7161e-01   6.9349e+01   2.5605e+00   6.1730e-02   0.0000e+00   2.5706e+02
20190925_05:00:00   1.7408e-01   4.7930e+01   2.4982e+00   2.4440e-02   7.4400e-06   2.5705e+02
20190925_06:00:00   1.0650e-01   3.1685e+01   2.3878e+00   0.0000e+00   9.8220e-04   2.5585e+02
20190925_07:00:00   1.0548e-01   3.1432e+01   2.3618e+00   0.0000e+00   6.7740e-05   2.5455e+02
20190925_08:00:00   1.0501e-01   3.1314e+01   2.3538e+00   0.0000e+00   9.0292e-04   2.5592e+02
20190925_09:00:00   1.0368e-01   3.0972e+01   2.3253e+00   0.0000e+00   3.0723e-03   2.5557e+02
20190925_10:00:00   1.0222e-01   3.0580e+01   2.2929e+00   0.0000e+00   3.8442e-03   2.5503e+02
20190925_11:00:00   1.0113e-01   3.0280e+01   2.2708e+00   0.0000e+00   5.6762e-03   2.5568e+02
20190925_12:00:00   1.0135e-01   3.0287e+01   2.2807e+00   0.0000e+00   6.5336e-03   2.5588e+02
20190925_15:00:00   1.0274e-01   3.0577e+01   2.3291e+00   0.0000e+00   7.7497e-04   2.5526e+02
20190925_18:00:00   1.0371e-01   3.0735e+01   2.3800e+00   0.0000e+00   1.3448e-03   2.5257e+02
20190925_21:00:00   1.1607e-01   3.3427e+01   2.7526e+00   0.0000e+00   1.8777e-03   2.5279e+02
20190926_00:00:00   1.1753e-01   3.3812e+01   2.7720e+00   0.0000e+00   9.2830e-04   2.5197e+02
20190926_03:00:00   1.1435e-01   3.3070e+01   2.6966e+00   0.0000e+00   1.5732e-03   2.5319e+02
20190926_06:00:00   2.5346e-01   6.3187e+01   6.1639e+00   0.0000e+00   6.0952e-03   2.5049e+02
20190926_09:00:00   3.3332e-01   7.9212e+01   7.8278e+00   0.0000e+00   3.5068e-05   2.4979e+02
20190926_12:00:00   3.6572e-01   8.5855e+01   8.2562e+00   0.0000e+00   7.6520e-06   2.5055e+02
20190926_15:00:00   4.2846e-01   9.7031e+01   9.4885e+00   0.0000e+00   1.6508e-03   2.5358e+02
20190926_18:00:00   4.2026e-01   9.5505e+01   9.4104e+00   0.0000e+00   1.0595e-03   2.5498e+02
20190926_21:00:00   4.4064e-01   9.8897e+01   9.8783e+00   0.0000e+00   1.0060e-03   2.5380e+02
20190927_00:00:00   4.4445e-01   9.9526e+01   9.9607e+00   2.4220e-04   7.4641e-04   2.5551e+02
20190927_03:00:00   4.3556e-01   9.7926e+01   9.8252e+00   1.5600e-05   3.4614e-04   2.5603e+02
20190927_06:00:00   3.6391e-01   8.5171e+01   8.3323e+00   0.0000e+00   2.4140e-06   2.5649e+02
20190927_09:00:00   3.3747e-01   8.0227e+01   7.7199e+00   0.0000e+00   5.9560e-06   2.5765e+02
20190927_12:00:00   3.5784e-01   8.4073e+01   8.1034e+00   0.0000e+00   8.1580e-06   2.5736e+02
20190927_15:00:00   3.0907e-01   7.5144e+01   6.9071e+00   0.0000e+00   0.0000e+00   2.5941e+02
20190927_18:00:00   2.5578e-01   6.4703e+01   5.6910e+00   0.0000e+00   0.0000e+00   2.5850e+02
20190927_21:00:00   2.3751e-01   6.1017e+01   5.2690e+00   0.0000e+00   0.0000e+00   2.5958e+02
20190928_00:00:00   2.4326e-01   6.2281e+01   5.3652e+00   0.0000e+00   0.0000e+00   2.5749e+02
20190928_03:00:00   2.4019e-01   6.1656e+01   5.2914e+00   3.2160e-04   0.0000e+00   2.5821e+02
20190928_06:00:00   2.3589e-01   6.0702e+01   5.2332e+00   0.0000e+00   0.0000e+00   2.5790e+02
20190928_09:00:00   2.2591e-01   5.8485e+01   5.0452e+00   0.0000e+00   0.0000e+00   2.5929e+02
20190928_12:00:00   2.1811e-01   5.6771e+01   4.8906e+00   0.0000e+00   0.0000e+00   2.5746e+02
20190928_15:00:00   1.9582e-01   5.1900e+01   4.4207e+00   0.0000e+00   0.0000e+00   2.5570e+02
20190928_18:00:00   1.6404e-01   4.4787e+01   3.7325e+00   0.0000e+00   0.0000e+00   2.5489e+02
20190928_21:00:00   1.5236e-01   4.2149e+01   3.4753e+00   0.0000e+00   0.0000e+00   2.5561e+02
20190929_00:00:00   1.5018e-01   4.1642e+01   3.4271e+00   0.0000e+00   5.3619e-05   2.5232e+02
20190929_03:00:00   1.8258e-01   4.9224e+01   3.5134e+00   1.1190e-02   0.0000e+00   2.5187e+02
20190929_06:00:00   1.6033e-01   4.3998e+01   3.6508e+00   0.0000e+00   0.0000e+00   2.5302e+02
20190929_09:00:00   1.5834e-01   4.3487e+01   3.6107e+00   0.0000e+00   0.0000e+00   2.5457e+02
20190929_12:00:00   1.6609e-01   4.5163e+01   3.8057e+00   0.0000e+00   0.0000e+00   2.5654e+02
20190929_15:00:00   1.7379e-01   4.6910e+01   3.9645e+00   0.0000e+00   0.0000e+00   2.5501e+02
20190929_18:00:00   1.6652e-01   4.5342e+01   3.7814e+00   0.0000e+00   0.0000e+00   2.5567e+02
20190929_21:00:00   1.6825e-01   4.5802e+01   3.7991e+00   0.0000e+00   0.0000e+00   2.5492e+02
20190930_00:00:00   1.7253e-01   4.6755e+01   3.8957e+00   0.0000e+00   0.0000e+00   2.5397e+02
20190930_03:00:00   1.7434e-01   4.7145e+01   3.9469e+00   0.0000e+00   0.0000e+00   2.5487e+02
20190930_06:00:00   1.7853e-01   4.8065e+01   4.0299e+00   0.0000e+00   0.0000e+00   2.5657e+02
20190930_09:00:00   1.7889e-01   4.8067e+01   4.0592e+00   0.0000e+00   0.0000e+00   2.5619e+02
20190930_12:00:00   1.8564e-01   4.9503e+01   4.2140e+00   0.0000e+00   0.0000e+00   2.5325e+02
20190930_15:00:00   1.7496e-01   4.7104e+01   3.9847e+00   0.0000e+00   0.0000e+00   2.5249e+02
20190930_18:00:00   1.5759e-01   4.3144e+01   3.6069e+00   0.0000e+00   0.0000e+00   2.5338e+02
20190930_21:00:00   1.5963e-01   4.3585e+01   3.6639e+00   0.0000e+00   0.0000e+00   2.5476e+02
20191001_00:00:00   1.5913e-01   4.3392e+01   3.6717e+00   0.0000e+00   0.0000e+00   2.5239e+02
20191001_03:00:00   1.4640e-01   4.0504e+01   3.3691e+00   0.0000e+00   0.0000e+00   2.5267e+02
20191001_06:00:00   1.3171e-01   3.7107e+01   3.0124e+00   0.0000e+00   0.0000e+00   2.5369e+02
20191001_09:00:00   1.3298e-01   3.7432e+01   3.0376e+00   0.0000e+00   6.5480e-06   2.5556e+02
20191001_12:00:00   1.2946e-01   3.6624e+01   2.9402e+00   0.0000e+00   1.2634e-06   2.5491e+02
20191001_15:00:00   1.2343e-01   3.5159e+01   2.8000e+00   0.0000e+00   0.0000e+00   2.5457e+02
20191001_18:00:00   1.1712e-01   3.3738e+01   2.6389e+00   0.0000e+00   0.0000e+00   2.5758e+02
20191001_21:00:00   1.1368e-01   3.2999e+01   2.5375e+00   0.0000e+00   0.0000e+00   2.5676e+02
20191002_00:00:00   1.6152e-01   4.4474e+01   2.4841e+00   1.9930e-02   0.0000e+00   2.5477e+02
20191002_03:00:00   1.0192e-01   3.0201e+01   2.2565e+00   0.0000e+00   0.0000e+00   2.5531e+02
20191002_06:00:00   9.2886e-02   2.7987e+01   2.0452e+00   0.0000e+00   0.0000e+00   2.5710e+02
20191002_09:00:00   9.3023e-02   2.8072e+01   2.0308e+00   0.0000e+00   0.0000e+00   2.5717e+02
20191002_12:00:00   1.0384e-01   3.0742e+01   2.2590e+00   4.3920e-05   0.0000e+00   2.5677e+02
20191002_15:00:00   1.1405e-01   3.3299e+01   2.4575e+00   3.4390e-05   0.0000e+00   2.5448e+02
20191002_18:00:00   1.2493e-01   3.5968e+01   2.6762e+00   3.2660e-06   0.0000e+00   2.5453e+02
20191002_21:00:00   1.3125e-01   3.7562e+01   2.6101e+00   3.8170e-03   0.0000e+00   2.5384e+02
20191003_00:00:00   2.2791e-01   5.9579e+01   2.7539e+00   3.9753e-02   0.0000e+00   2.5172e+02
20191003_03:00:00   9.8404e-02   2.9597e+01   2.1045e+00   0.0000e+00   0.0000e+00   2.5060e+02
20191003_06:00:00   7.9641e-02   2.4935e+01   1.6829e+00   0.0000e+00   0.0000e+00   2.5135e+02
20191003_09:00:00   7.6889e-02   2.4221e+01   1.6220e+00   0.0000e+00   0.0000e+00   2.4999e+02
20191003_12:00:00   7.5541e-02   2.3896e+01   1.5884e+00   0.0000e+00   0.0000e+00   2.4874e+02
20191003_15:00:00   7.5406e-02   2.3867e+01   1.5852e+00   0.0000e+00   0.0000e+00   2.4830e+02
20191003_18:00:00   7.4744e-02   2.3691e+01   1.5775e+00   0.0000e+00   0.0000e+00   2.4886e+02
20191003_21:00:00   7.7375e-02   2.4346e+01   1.6453e+00   0.0000e+00   0.0000e+00   2.4907e+02
20191004_00:00:00   2.4540e-01   6.3555e+01   1.8174e+00   6.3920e-02   0.0000e+00   2.4751e+02
20191004_03:00:00   9.4016e-02   2.8605e+01   1.6969e+00   5.5147e-03   0.0000e+00   2.4822e+02
20191004_06:00:00   8.5025e-02   2.6378e+01   1.7875e+00   0.0000e+00   0.0000e+00   2.4842e+02
20191004_09:00:00   8.4937e-02   2.6325e+01   1.7955e+00   3.3440e-06   0.0000e+00   2.4969e+02
20191004_12:00:00   7.7190e-02   2.4350e+01   1.6265e+00   0.0000e+00   0.0000e+00   2.5017e+02
20191004_15:00:00   6.6628e-02   2.1630e+01   1.3967e+00   0.0000e+00   0.0000e+00   2.4893e+02
20191004_18:00:00   6.3675e-02   2.0857e+01   1.3334e+00   0.0000e+00   0.0000e+00   2.4598e+02
20191004_21:00:00   7.0307e-02   2.2572e+01   1.4807e+00   0.0000e+00   0.0000e+00   2.4863e+02
20191005_00:00:00   9.8622e-02   2.9728e+01   1.5581e+00   9.9330e-03   0.0000e+00   2.4867e+02
20191005_03:00:00   6.7300e-02   2.1766e+01   1.4244e+00   0.0000e+00   0.0000e+00   2.4737e+02
20191005_06:00:00   6.4493e-02   2.1001e+01   1.3740e+00   0.0000e+00   0.0000e+00   2.4902e+02
20191005_09:00:00   7.0081e-02   2.2397e+01   1.5102e+00   3.2090e-05   0.0000e+00   2.4800e+02
20191005_12:00:00   7.9808e-02   2.4759e+01   1.7656e+00   0.0000e+00   7.8323e-04   2.4854e+02
20191005_15:00:00   7.3093e-02   2.3016e+01   1.6236e+00   0.0000e+00   0.0000e+00   2.4864e+02
20191005_18:00:00   6.6330e-02   2.1255e+01   1.4704e+00   0.0000e+00   0.0000e+00   2.4882e+02
20191005_21:00:00   7.4197e-02   2.3257e+01   1.6552e+00   0.0000e+00   0.0000e+00   2.5124e+02
20191006_00:00:00   1.3554e-01   3.8415e+01   2.0325e+00   1.7980e-02   0.0000e+00   2.5075e+02
20191006_03:00:00   8.9620e-02   2.7067e+01   2.0305e+00   0.0000e+00   0.0000e+00   2.5088e+02
20191006_06:00:00   8.8714e-02   2.6738e+01   2.0332e+00   0.0000e+00   0.0000e+00   2.5352e+02
20191006_09:00:00   1.0751e-01   3.1298e+01   2.4740e+00   0.0000e+00   0.0000e+00   2.5310e+02
20191006_12:00:00   1.1369e-01   3.2616e+01   2.6553e+00   0.0000e+00   1.7286e-06   2.5200e+02
