#            date       tau225        Tb[K]      pwv[mm] lwp[kg*m^-2] iwp[kg*m^-2]       o3[DU]
20190811_12:00:00   1.9935e-01   5.2941e+01   4.4906e+00   0.0000e+00   1.2935e-02   2.6800e+02
20190811_13:00:00   1.8797e-01   5.0403e+01   4.2574e+00   0.0000e+00   6.0862e-03   2.6604e+02
20190811_14:00:00   1.8066e-01   4.8723e+01   4.1175e+00   0.0000e+00   6.0169e-03   2.6562e+02
20190811_15:00:00   1.7383e-01   4.7172e+01   3.9729e+00   0.0000e+00   3.3463e-03   2.6538e+02
20190811_16:00:00   1.6726e-01   4.5649e+01   3.8358e+00   0.0000e+00   8.0105e-03   2.6430e+02
20190811_17:00:00   1.6645e-01   4.5358e+01   3.8442e+00   0.0000e+00   1.4049e-02   2.6457e+02
20190811_18:00:00   1.6223e-01   4.4425e+01   3.7447e+00   0.0000e+00   1.5823e-03   2.6512e+02
20190811_19:00:00   1.5218e-01   4.2175e+01   3.5042e+00   0.0000e+00   7.5142e-04   2.6412e+02
20190811_20:00:00   1.4968e-01   4.1629e+01   3.4374e+00   0.0000e+00   2.6478e-04   2.6546e+02
20190811_21:00:00   1.4759e-01   4.1127e+01   3.3970e+00   0.0000e+00   2.6496e-04   2.6498e+02
20190811_22:00:00   1.4581e-01   4.0742e+01   3.3486e+00   0.0000e+00   2.2181e-04   2.6396e+02
20190811_23:00:00   1.4917e-01   4.1525e+01   3.4184e+00   0.0000e+00   2.3391e-03   2.6320e+02
20190812_00:00:00   1.5313e-01   4.2431e+01   3.5094e+00   0.0000e+00   2.2136e-03   2.6392e+02
20190812_01:00:00   1.5495e-01   4.2872e+01   3.5442e+00   0.0000e+00   6.6195e-04   2.6512e+02
20190812_02:00:00   1.5199e-01   4.2224e+01   3.4620e+00   2.6790e-04   7.4491e-04   2.6362e+02
20190812_03:00:00   1.5240e-01   4.2329e+01   3.4881e+00   0.0000e+00   9.3666e-04   2.6306e+02
20190812_04:00:00   1.5207e-01   4.2298e+01   3.4684e+00   0.0000e+00   2.6030e-04   2.6208e+02
20190812_05:00:00   1.5202e-01   4.2314e+01   3.4566e+00   0.0000e+00   0.0000e+00   2.6057e+02
20190812_06:00:00   1.5085e-01   4.2067e+01   3.4208e+00   0.0000e+00   0.0000e+00   2.6027e+02
20190812_07:00:00   1.5010e-01   4.1897e+01   3.3943e+00   0.0000e+00   1.1011e-05   2.6207e+02
20190812_08:00:00   1.4490e-01   4.0711e+01   3.2694e+00   0.0000e+00   1.0954e-04   2.6352e+02
20190812_09:00:00   1.3728e-01   3.8940e+01   3.1013e+00   0.0000e+00   4.9338e-04   2.6434e+02
20190812_10:00:00   1.3532e-01   3.8468e+01   3.0544e+00   0.0000e+00   1.0188e-03   2.6624e+02
20190812_11:00:00   1.3107e-01   3.7451e+01   2.9648e+00   0.0000e+00   1.4230e-03   2.6698e+02
20190812_12:00:00   1.2704e-01   3.6473e+01   2.8786e+00   0.0000e+00   7.4328e-04   2.6649e+02
20190812_13:00:00   1.2821e-01   3.6729e+01   2.9081e+00   0.0000e+00   3.1358e-04   2.6505e+02
20190812_14:00:00   1.2544e-01   3.6073e+01   2.8466e+00   0.0000e+00   8.4237e-05   2.6487e+02
20190812_15:00:00   1.2741e-01   3.6499e+01   2.9009e+00   0.0000e+00   1.6600e-04   2.6486e+02
20190812_16:00:00   1.2811e-01   3.6634e+01   2.9219e+00   0.0000e+00   3.3162e-04   2.6413e+02
20190812_17:00:00   1.2426e-01   3.5708e+01   2.8392e+00   0.0000e+00   8.6583e-04   2.6227e+02
20190812_18:00:00   1.1911e-01   3.4478e+01   2.7278e+00   0.0000e+00   1.0458e-03   2.6225e+02
20190812_19:00:00   1.1494e-01   3.3457e+01   2.6434e+00   0.0000e+00   1.0039e-03   2.6317e+02
20190812_20:00:00   1.1326e-01   3.3012e+01   2.6148e+00   0.0000e+00   7.5383e-04   2.6689e+02
20190812_21:00:00   1.1022e-01   3.2243e+01   2.5527e+00   0.0000e+00   4.1856e-06   2.6858e+02
20190812_22:00:00   1.0379e-01   3.0656e+01   2.4097e+00   0.0000e+00   0.0000e+00   2.6685e+02
20190812_23:00:00   1.0083e-01   2.9899e+01   2.3484e+00   0.0000e+00   0.0000e+00   2.6346e+02
20190813_00:00:00   9.9549e-02   2.9547e+01   2.3257e+00   0.0000e+00   1.5846e-05   2.6368e+02
20190813_01:00:00   9.9902e-02   2.9615e+01   2.3410e+00   0.0000e+00   7.0305e-04   2.6296e+02
20190813_02:00:00   1.0161e-01   2.9990e+01   2.3945e+00   0.0000e+00   1.9025e-03   2.6240e+02
20190813_03:00:00   1.0222e-01   3.0116e+01   2.4160e+00   0.0000e+00   2.5499e-03   2.6337e+02
20190813_04:00:00   1.0299e-01   3.0301e+01   2.4355e+00   0.0000e+00   4.3685e-03   2.6579e+02
20190813_05:00:00   1.0402e-01   3.0502e+01   2.4768e+00   0.0000e+00   4.5833e-03   2.6553e+02
20190813_06:00:00   1.0312e-01   3.0281e+01   2.4572e+00   0.0000e+00   7.1132e-03   2.6592e+02
20190813_07:00:00   1.0237e-01   3.0081e+01   2.4426e+00   0.0000e+00   7.4124e-03   2.6799e+02
20190813_08:00:00   1.0106e-01   2.9766e+01   2.4105e+00   0.0000e+00   4.0117e-03   2.6749e+02
20190813_09:00:00   1.0127e-01   2.9788e+01   2.4163e+00   0.0000e+00   4.8622e-03   2.6652e+02
20190813_10:00:00   1.0142e-01   2.9813e+01   2.4204e+00   0.0000e+00   3.2960e-03   2.6535e+02
20190813_11:00:00   1.0202e-01   2.9960e+01   2.4338e+00   0.0000e+00   2.0812e-03   2.6529e+02
20190813_12:00:00   1.0245e-01   3.0074e+01   2.4439e+00   0.0000e+00   9.0662e-04   2.6349e+02
20190813_13:00:00   1.0398e-01   3.0412e+01   2.4904e+00   0.0000e+00   7.2703e-04   2.6430e+02
20190813_14:00:00   1.0724e-01   3.1156e+01   2.5838e+00   0.0000e+00   4.5491e-04   2.6248e+02
20190813_15:00:00   1.1035e-01   3.1865e+01   2.6697e+00   0.0000e+00   1.1804e-03   2.6058e+02
20190813_16:00:00   1.1279e-01   3.2431e+01   2.7302e+00   0.0000e+00   2.0585e-03   2.6100e+02
20190813_17:00:00   1.1449e-01   3.2844e+01   2.7672e+00   0.0000e+00   1.5593e-03   2.6188e+02
20190813_18:00:00   1.1550e-01   3.3066e+01   2.7961e+00   0.0000e+00   4.2101e-03   2.6333e+02
20190813_19:00:00   1.1634e-01   3.3250e+01   2.8209e+00   0.0000e+00   1.2823e-02   2.6265e+02
20190813_20:00:00   1.1505e-01   3.2952e+01   2.7946e+00   0.0000e+00   6.9038e-03   2.6380e+02
20190813_21:00:00   1.1628e-01   3.3251e+01   2.8238e+00   0.0000e+00   9.1699e-03   2.6400e+02
20190813_22:00:00   1.1868e-01   3.3803e+01   2.8877e+00   0.0000e+00   1.6010e-02   2.6258e+02
20190813_23:00:00   1.2112e-01   3.4358e+01   2.9584e+00   0.0000e+00   1.3921e-02   2.6101e+02
20190814_00:00:00   1.2557e-01   3.5352e+01   3.0765e+00   0.0000e+00   2.9052e-02   2.6235e+02
20190814_01:00:00   1.2938e-01   3.6222e+01   3.1743e+00   0.0000e+00   3.6777e-02   2.6173e+02
20190814_02:00:00   1.2753e-01   3.5850e+01   3.1219e+00   0.0000e+00   2.4893e-02   2.6286e+02
20190814_03:00:00   1.2549e-01   3.5446e+01   3.0584e+00   0.0000e+00   1.0136e-02   2.6194e+02
20190814_04:00:00   1.2391e-01   3.5167e+01   3.0001e+00   0.0000e+00   5.8576e-03   2.6155e+02
20190814_05:00:00   1.2440e-01   3.5309e+01   3.0064e+00   0.0000e+00   3.6577e-03   2.6237e+02
20190814_06:00:00   1.2488e-01   3.5420e+01   3.0197e+00   0.0000e+00   3.4286e-03   2.6288e+02
20190814_07:00:00   1.2328e-01   3.5085e+01   2.9695e+00   0.0000e+00   1.2484e-03   2.6161e+02
20190814_08:00:00   1.2247e-01   3.4890e+01   2.9436e+00   0.0000e+00   2.2602e-03   2.6093e+02
20190814_09:00:00   1.2147e-01   3.4630e+01   2.9236e+00   0.0000e+00   1.9541e-03   2.6092e+02
20190814_10:00:00   1.1880e-01   3.3981e+01   2.8564e+00   0.0000e+00   2.2829e-03   2.6218e+02
20190814_11:00:00   1.1780e-01   3.3731e+01   2.8352e+00   0.0000e+00   1.3162e-03   2.6359e+02
20190814_12:00:00   1.1554e-01   3.3214e+01   2.7774e+00   0.0000e+00   1.0776e-03   2.6443e+02
20190814_13:00:00   1.1036e-01   3.1966e+01   2.6586e+00   0.0000e+00   3.6345e-05   2.6372e+02
20190814_14:00:00   1.0458e-01   3.0551e+01   2.5217e+00   0.0000e+00   3.8277e-04   2.6251e+02
20190814_15:00:00   1.0039e-01   2.9534e+01   2.4174e+00   0.0000e+00   3.0102e-03   2.6249e+02
20190814_16:00:00   9.7491e-02   2.8825e+01   2.3488e+00   0.0000e+00   2.2410e-03   2.6280e+02
20190814_17:00:00   9.4739e-02   2.8137e+01   2.2850e+00   0.0000e+00   3.4948e-03   2.6303e+02
20190814_18:00:00   8.9599e-02   2.6860e+01   2.1606e+00   0.0000e+00   3.1910e-03   2.6302e+02
20190814_19:00:00   8.6376e-02   2.6052e+01   2.0825e+00   0.0000e+00   3.4204e-03   2.6297e+02
20190814_20:00:00   8.5482e-02   2.5849e+01   2.0614e+00   0.0000e+00   3.7911e-03   2.6344e+02
20190814_21:00:00   8.5021e-02   2.5782e+01   2.0377e+00   0.0000e+00   4.5984e-03   2.6411e+02
20190814_22:00:00   8.4161e-02   2.5605e+01   2.0097e+00   0.0000e+00   4.4372e-03   2.6453e+02
20190814_23:00:00   8.3215e-02   2.5407e+01   1.9790e+00   0.0000e+00   5.4103e-03   2.6475e+02
20190815_00:00:00   8.1676e-02   2.5019e+01   1.9409e+00   0.0000e+00   6.1493e-03   2.6524e+02
20190815_01:00:00   8.2815e-02   2.5280e+01   1.9778e+00   0.0000e+00   6.1743e-03   2.6513e+02
20190815_02:00:00   8.1441e-02   2.4961e+01   1.9371e+00   0.0000e+00   5.2914e-03   2.6564e+02
20190815_03:00:00   8.1592e-02   2.5013e+01   1.9369e+00   0.0000e+00   4.6139e-03   2.6573e+02
20190815_04:00:00   7.7552e-02   2.4023e+01   1.8323e+00   0.0000e+00   2.5944e-03   2.6525e+02
20190815_05:00:00   7.2276e-02   2.2727e+01   1.6930e+00   0.0000e+00   3.3280e-03   2.6505e+02
20190815_06:00:00   6.7340e-02   2.1529e+01   1.5570e+00   0.0000e+00   4.7693e-04   2.6331e+02
20190815_07:00:00   6.3863e-02   2.0690e+01   1.4562e+00   0.0000e+00   3.1800e-05   2.6337e+02
20190815_08:00:00   6.2960e-02   2.0469e+01   1.4294e+00   0.0000e+00   3.7018e-04   2.6408e+02
20190815_09:00:00   6.3059e-02   2.0507e+01   1.4259e+00   0.0000e+00   1.1819e-03   2.6390e+02
20190815_10:00:00   6.2848e-02   2.0459e+01   1.4186e+00   0.0000e+00   3.4089e-04   2.6239e+02
20190815_11:00:00   6.1641e-02   2.0166e+01   1.3834e+00   0.0000e+00   9.1505e-05   2.6329e+02
20190815_12:00:00   5.8903e-02   1.9504e+01   1.3015e+00   0.0000e+00   4.5140e-05   2.6510e+02
20190815_13:00:00   5.6703e-02   1.8976e+01   1.2347e+00   0.0000e+00   3.7900e-06   2.6577e+02
20190815_14:00:00   5.5616e-02   1.8711e+01   1.2036e+00   0.0000e+00   1.2634e-06   2.6395e+02
20190815_15:00:00   5.4973e-02   1.8564e+01   1.1831e+00   0.0000e+00   0.0000e+00   2.6175e+02
20190815_16:00:00   5.3923e-02   1.8298e+01   1.1557e+00   0.0000e+00   2.1240e-07   2.6113e+02
20190815_17:00:00   5.3401e-02   1.8176e+01   1.1390e+00   0.0000e+00   0.0000e+00   2.6091e+02
20190815_18:00:00   5.3639e-02   1.8259e+01   1.1404e+00   0.0000e+00   5.0540e-07   2.6137e+02
20190815_19:00:00   5.4270e-02   1.8437e+01   1.1538e+00   0.0000e+00   0.0000e+00   2.6211e+02
20190815_20:00:00   5.6664e-02   1.9050e+01   1.2167e+00   0.0000e+00   0.0000e+00   2.6009e+02
20190815_21:00:00   6.0239e-02   1.9945e+01   1.3146e+00   0.0000e+00   2.6700e-05   2.5995e+02
20190815_22:00:00   6.4075e-02   2.0914e+01   1.4171e+00   0.0000e+00   3.4860e-05   2.5953e+02
20190815_23:00:00   6.9170e-02   2.2218e+01   1.5432e+00   0.0000e+00   1.3396e-05   2.5991e+02
20190816_00:00:00   7.4453e-02   2.3579e+01   1.6487e+00   3.6500e-04   5.7440e-06   2.6160e+02
20190816_01:00:00   7.5065e-02   2.3741e+01   1.6860e+00   0.0000e+00   2.8080e-05   2.6034e+02
20190816_02:00:00   7.3875e-02   2.3455e+01   1.6557e+00   0.0000e+00   6.9760e-05   2.6149e+02
20190816_03:00:00   7.2454e-02   2.3119e+01   1.6157e+00   0.0000e+00   1.9922e-04   2.6154e+02
20190816_04:00:00   7.2455e-02   2.3139e+01   1.6118e+00   0.0000e+00   2.9007e-04   2.5987e+02
20190816_05:00:00   7.3064e-02   2.3311e+01   1.6239e+00   0.0000e+00   3.9403e-04   2.6052e+02
20190816_06:00:00   7.3830e-02   2.3523e+01   1.6389e+00   0.0000e+00   4.7837e-04   2.6141e+02
20190816_07:00:00   7.5190e-02   2.3864e+01   1.6738e+00   0.0000e+00   1.2354e-03   2.6172e+02
20190816_08:00:00   7.7179e-02   2.4346e+01   1.7278e+00   0.0000e+00   2.3964e-03   2.6196e+02
20190816_09:00:00   7.8273e-02   2.4614e+01   1.7550e+00   0.0000e+00   2.2982e-03   2.6287e+02
20190816_10:00:00   7.8888e-02   2.4763e+01   1.7716e+00   0.0000e+00   2.7567e-03   2.6335e+02
20190816_11:00:00   8.0900e-02   2.5267e+01   1.8205e+00   0.0000e+00   3.7931e-03   2.6446e+02
20190816_12:00:00   8.3066e-02   2.5802e+01   1.8751e+00   0.0000e+00   4.3476e-03   2.6465e+02
20190816_15:00:00   8.5809e-02   2.6494e+01   1.9438e+00   0.0000e+00   1.3525e-03   2.6478e+02
20190816_18:00:00   8.5119e-02   2.6364e+01   1.9077e+00   0.0000e+00   6.3180e-07   2.6219e+02
20190816_21:00:00   8.1276e-02   2.5447e+01   1.8059e+00   0.0000e+00   0.0000e+00   2.6436e+02
20190817_00:00:00   8.1183e-02   2.5425e+01   1.8007e+00   0.0000e+00   0.0000e+00   2.6412e+02
20190817_03:00:00   8.0290e-02   2.5181e+01   1.7846e+00   0.0000e+00   0.0000e+00   2.6089e+02
20190817_06:00:00   7.7999e-02   2.4558e+01   1.7382e+00   0.0000e+00   5.2380e-06   2.6340e+02
20190817_09:00:00   7.2072e-02   2.3064e+01   1.5854e+00   0.0000e+00   0.0000e+00   2.6300e+02
20190817_12:00:00   6.9923e-02   2.2484e+01   1.5339e+00   0.0000e+00   0.0000e+00   2.6288e+02
20190817_15:00:00   9.3237e-02   2.8095e+01   2.1726e+00   0.0000e+00   1.5809e-04   2.6158e+02
20190817_18:00:00   1.5418e-01   4.2189e+01   3.7583e+00   0.0000e+00   1.5947e-03   2.6093e+02
20190817_21:00:00   1.4266e-01   3.9592e+01   3.4467e+00   0.0000e+00   0.0000e+00   2.6367e+02
20190818_00:00:00   1.0823e-01   3.1938e+01   2.4568e+00   0.0000e+00   6.5480e-06   2.7018e+02
20190818_03:00:00   9.1286e-02   2.8071e+01   1.9669e+00   8.4770e-05   0.0000e+00   2.7189e+02
20190818_06:00:00   1.0291e-01   3.0943e+01   2.2217e+00   0.0000e+00   0.0000e+00   2.7383e+02
20190818_09:00:00   1.0730e-01   3.2024e+01   2.2962e+00   0.0000e+00   0.0000e+00   2.7555e+02
20190818_12:00:00   1.2278e-01   3.5666e+01   2.6417e+00   0.0000e+00   0.0000e+00   2.7699e+02
20190818_15:00:00   1.1826e-01   3.4466e+01   2.5952e+00   0.0000e+00   0.0000e+00   2.7697e+02
20190818_18:00:00   1.1561e-01   3.3759e+01   2.5679e+00   0.0000e+00   0.0000e+00   2.7839e+02
20190818_21:00:00   1.1655e-01   3.3779e+01   2.6680e+00   0.0000e+00   0.0000e+00   2.7785e+02
20190819_00:00:00   2.7655e-01   6.9143e+01   4.4028e+00   3.4000e-02   2.0660e-04   2.7648e+02
20190819_03:00:00   3.5924e-01   8.5070e+01   5.9821e+00   3.9551e-02   4.0264e-04   2.7403e+02
20190819_06:00:00   3.8317e-01   8.9422e+01   6.5779e+00   3.8320e-02   1.8272e-03   2.7451e+02
20190819_09:00:00   3.0604e-01   7.4430e+01   5.9957e+00   1.9605e-02   9.5540e-03   2.7632e+02
20190819_12:00:00   2.3910e-01   6.0238e+01   5.7546e+00   1.1870e-04   6.6759e-03   2.7863e+02
20190819_15:00:00   2.2534e-01   5.7077e+01   5.5057e+00   0.0000e+00   6.2585e-03   2.7652e+02
20190819_18:00:00   2.3299e-01   5.8531e+01   5.6776e+00   0.0000e+00   4.3390e-02   2.7914e+02
20190819_21:00:00   2.6726e-01   6.5463e+01   6.4622e+00   0.0000e+00   2.0979e-02   2.8018e+02
20190820_00:00:00   2.9785e-01   7.1497e+01   7.1022e+00   0.0000e+00   5.7373e-02   2.7877e+02
20190820_03:00:00   3.1495e-01   7.4903e+01   7.4382e+00   8.3880e-05   1.2364e-01   2.7893e+02
20190820_06:00:00   3.2123e-01   7.6202e+01   7.5142e+00   6.4730e-04   1.3323e-01   2.7922e+02
20190820_09:00:00   3.5219e-01   8.1859e+01   8.1378e+00   0.0000e+00   1.6607e-01   2.7936e+02
20190820_12:00:00   4.1608e-01   9.3556e+01   9.3759e+00   0.0000e+00   8.5503e-02   2.7951e+02
20190820_15:00:00   4.3393e-01   9.6682e+01   9.6904e+00   0.0000e+00   1.1311e-01   2.8165e+02
20190820_18:00:00   4.5827e-01   1.0078e+02   1.0105e+01   0.0000e+00   2.0568e-01   2.7828e+02
20190820_21:00:00   4.6282e-01   1.0166e+02   1.0180e+01   3.1580e-05   1.1018e-01   2.7984e+02
20190821_00:00:00   6.2962e-01   1.2751e+02   1.0522e+01   6.4475e-02   5.3117e-02   2.7746e+02
20190821_03:00:00   5.8451e-01   1.2110e+02   1.0269e+01   4.9815e-02   1.6537e-01   2.7528e+02
20190821_06:00:00   3.4522e-01   8.1185e+01   7.9829e+00   0.0000e+00   2.7343e-03   2.7581e+02
20190821_09:00:00   3.0116e-01   7.2554e+01   7.1011e+00   0.0000e+00   2.3583e-03   2.7211e+02
20190821_12:00:00   2.7947e-01   6.8153e+01   6.6685e+00   0.0000e+00   1.4294e-02   2.7141e+02
20190821_15:00:00   2.5026e-01   6.2362e+01   6.0087e+00   0.0000e+00   4.9957e-03   2.6959e+02
20190821_18:00:00   2.8034e-01   6.8855e+01   6.6369e+00   0.0000e+00   8.1580e-06   2.6865e+02
20190821_21:00:00   3.0426e-01   7.3841e+01   7.1294e+00   0.0000e+00   0.0000e+00   2.6849e+02
20190822_00:00:00   3.8515e-01   8.9506e+01   8.6917e+00   0.0000e+00   1.3094e-05   2.6958e+02
20190822_03:00:00   8.0962e-01   1.5428e+02   9.5475e+00   1.4873e-01   2.5935e-04   2.6853e+02
20190822_06:00:00   1.3909e+00   2.0770e+02   9.9531e+00   3.7413e-01   4.1900e-05   2.6844e+02
20190822_09:00:00   3.5986e-01   8.5715e+01   7.5840e+00   5.7494e-03   0.0000e+00   2.6824e+02
20190822_12:00:00   3.1440e-01   7.6858e+01   7.0140e+00   9.1180e-05   0.0000e+00   2.7015e+02
20190822_15:00:00   2.8794e-01   7.1703e+01   6.4046e+00   0.0000e+00   1.3094e-05   2.7045e+02
20190822_18:00:00   2.5861e-01   6.5879e+01   5.7449e+00   0.0000e+00   0.0000e+00   2.6919e+02
20190822_21:00:00   2.4534e-01   6.3211e+01   5.4454e+00   0.0000e+00   0.0000e+00   2.6906e+02
20190823_00:00:00   2.5232e-01   6.4888e+01   5.1866e+00   7.3730e-03   0.0000e+00   2.6917e+02
20190823_03:00:00   2.1754e-01   5.7383e+01   4.8456e+00   4.3170e-04   0.0000e+00   2.6984e+02
20190823_06:00:00   2.0980e-01   5.5653e+01   4.7251e+00   0.0000e+00   0.0000e+00   2.7049e+02
20190823_09:00:00   2.0503e-01   5.4571e+01   4.6133e+00   0.0000e+00   0.0000e+00   2.7153e+02
20190823_12:00:00   2.1116e-01   5.5765e+01   4.7963e+00   0.0000e+00   0.0000e+00   2.7296e+02
20190823_15:00:00   2.1329e-01   5.6066e+01   4.8892e+00   0.0000e+00   0.0000e+00   2.7090e+02
20190823_18:00:00   2.1484e-01   5.6402e+01   4.9251e+00   0.0000e+00   1.8474e-04   2.7267e+02
20190823_21:00:00   2.1213e-01   5.5866e+01   4.8597e+00   0.0000e+00   5.2560e-04   2.7397e+02
20190824_00:00:00   3.8707e-01   9.1559e+01   5.1461e+00   6.3770e-02   2.7359e-03   2.7213e+02
20190824_03:00:00   2.2774e-01   5.9342e+01   4.9226e+00   4.0440e-03   1.6105e-03   2.7188e+02
20190824_06:00:00   1.9464e-01   5.2024e+01   4.4535e+00   0.0000e+00   6.8158e-04   2.7239e+02
20190824_09:00:00   1.9477e-01   5.1966e+01   4.4682e+00   0.0000e+00   3.5403e-04   2.7337e+02
20190824_12:00:00   2.0141e-01   5.3294e+01   4.6347e+00   0.0000e+00   4.9540e-05   2.7402e+02
20190824_15:00:00   2.0539e-01   5.4132e+01   4.7073e+00   0.0000e+00   1.5480e-04   2.7330e+02
20190824_18:00:00   2.0099e-01   5.3229e+01   4.5763e+00   0.0000e+00   0.0000e+00   2.7508e+02
20190824_21:00:00   2.0357e-01   5.3859e+01   4.5804e+00   0.0000e+00   6.3179e-06   2.7531e+02
20190825_00:00:00   2.6445e-01   6.6932e+01   5.3030e+00   9.9070e-03   6.9906e-04   2.7393e+02
20190825_03:00:00   3.8525e-01   9.0783e+01   5.5179e+00   5.4012e-02   1.6088e-03   2.7331e+02
20190825_06:00:00   2.2096e-01   5.7703e+01   4.9502e+00   0.0000e+00   8.1580e-06   2.7487e+02
20190825_09:00:00   2.1035e-01   5.5392e+01   4.7177e+00   0.0000e+00   5.7440e-06   2.7746e+02
20190825_12:00:00   2.0253e-01   5.3648e+01   4.5563e+00   0.0000e+00   8.1580e-06   2.7699e+02
20190825_15:00:00   1.9373e-01   5.1708e+01   4.3535e+00   0.0000e+00   2.4140e-06   2.7455e+02
20190825_18:00:00   1.7927e-01   4.8527e+01   4.0166e+00   0.0000e+00   0.0000e+00   2.7440e+02
20190825_21:00:00   1.7237e-01   4.7013e+01   3.8333e+00   0.0000e+00   0.0000e+00   2.7367e+02
20190826_00:00:00   2.5631e-01   6.5344e+01   4.6372e+00   1.8322e-02   0.0000e+00   2.7093e+02
20190826_03:00:00   3.3171e-01   8.0482e+01   5.6251e+00   2.8622e-02   0.0000e+00   2.6835e+02
20190826_06:00:00   3.3907e-01   8.1917e+01   5.0832e+00   4.2650e-02   1.5712e-05   2.6893e+02
20190826_09:00:00   2.1622e-01   5.6844e+01   4.6782e+00   0.0000e+00   0.0000e+00   2.7035e+02
20190826_12:00:00   2.3573e-01   6.0992e+01   5.0241e+00   1.1974e-04   0.0000e+00   2.7172e+02
20190826_15:00:00   2.6864e-01   6.7746e+01   5.6982e+00   5.3910e-04   0.0000e+00   2.7178e+02
20190826_18:00:00   3.0303e-01   7.4584e+01   6.3938e+00   6.3460e-04   0.0000e+00   2.7309e+02
20190826_21:00:00   3.4692e-01   8.3087e+01   6.8417e+00   7.9068e-03   5.9201e-06   2.7122e+02
20190827_00:00:00   1.8571e+00   2.3190e+02   8.2198e+00   5.9817e-01   3.3275e-03   2.7118e+02
20190827_03:00:00   1.8503e+00   2.3084e+02   9.2351e+00   5.8040e-01   4.1110e-02   2.6999e+02
20190827_06:00:00   1.0572e+00   1.7972e+02   8.3567e+00   2.6895e-01   1.7409e-03   2.7074e+02
20190827_09:00:00   4.9496e-01   1.0887e+02   7.5251e+00   5.7689e-02   1.1522e-04   2.6935e+02
20190827_12:00:00   3.2048e-01   7.7734e+01   6.8632e+00   0.0000e+00   0.0000e+00   2.6812e+02
