#            date       tau225        Tb[K]      pwv[mm] lwp[kg*m^-2] iwp[kg*m^-2]       o3[DU]
20190917_06:00:00   3.5684e-01   8.4418e+01   8.1853e+00   0.0000e+00   5.6998e-05   2.4528e+02
20190917_07:00:00   3.3638e-01   8.0558e+01   7.7202e+00   0.0000e+00   1.1178e-04   2.4490e+02
20190917_08:00:00   3.2980e-01   7.9359e+01   7.5334e+00   0.0000e+00   5.3492e-04   2.4261e+02
20190917_09:00:00   3.2549e-01   7.8651e+01   7.3927e+00   0.0000e+00   0.0000e+00   2.4263e+02
20190917_10:00:00   3.2690e-01   7.8995e+01   7.3704e+00   0.0000e+00   0.0000e+00   2.4425e+02
20190917_11:00:00   3.2394e-01   7.8487e+01   7.3005e+00   0.0000e+00   0.0000e+00   2.4451e+02
20190917_12:00:00   3.1711e-01   7.7223e+01   7.1551e+00   0.0000e+00   0.0000e+00   2.4354e+02
20190917_13:00:00   3.1001e-01   7.5851e+01   7.0176e+00   0.0000e+00   0.0000e+00   2.4319e+02
20190917_14:00:00   2.9798e-01   7.3511e+01   6.7681e+00   0.0000e+00   0.0000e+00   2.4256e+02
20190917_15:00:00   2.9079e-01   7.2110e+01   6.6123e+00   0.0000e+00   0.0000e+00   2.4286e+02
20190917_16:00:00   2.8549e-01   7.1073e+01   6.4920e+00   0.0000e+00   0.0000e+00   2.4385e+02
20190917_17:00:00   2.8448e-01   7.0852e+01   6.4656e+00   0.0000e+00   0.0000e+00   2.4381e+02
20190917_18:00:00   2.7855e-01   6.9664e+01   6.3398e+00   0.0000e+00   0.0000e+00   2.4569e+02
20190917_19:00:00   2.7249e-01   6.8486e+01   6.2021e+00   0.0000e+00   0.0000e+00   2.4775e+02
20190917_20:00:00   2.6604e-01   6.7216e+01   6.0269e+00   0.0000e+00   5.7720e-06   2.4993e+02
20190917_21:00:00   2.4761e-01   6.3497e+01   5.5824e+00   0.0000e+00   3.2440e-05   2.5036e+02
20190917_22:00:00   2.3105e-01   6.0081e+01   5.1841e+00   0.0000e+00   6.5480e-06   2.4845e+02
20190917_23:00:00   2.1729e-01   5.7226e+01   4.8299e+00   0.0000e+00   0.0000e+00   2.4955e+02
20190918_00:00:00   2.0883e-01   5.5477e+01   4.5930e+00   0.0000e+00   0.0000e+00   2.4904e+02
20190918_01:00:00   2.3040e-01   6.0324e+01   4.4608e+00   1.0240e-02   0.0000e+00   2.4824e+02
20190918_02:00:00   2.2528e-01   5.9224e+01   4.4222e+00   8.6590e-03   0.0000e+00   2.4645e+02
20190918_03:00:00   1.9537e-01   5.2600e+01   4.2705e+00   0.0000e+00   0.0000e+00   2.4570e+02
20190918_04:00:00   1.9321e-01   5.2085e+01   4.2613e+00   0.0000e+00   0.0000e+00   2.4533e+02
20190918_05:00:00   1.9424e-01   5.2264e+01   4.3173e+00   0.0000e+00   6.5480e-06   2.4512e+02
20190918_06:00:00   2.0360e-01   5.4313e+01   4.5232e+00   0.0000e+00   1.7558e-05   2.4463e+02
20190918_07:00:00   2.0847e-01   5.5381e+01   4.6340e+00   0.0000e+00   2.8940e-05   2.4744e+02
20190918_08:00:00   2.1059e-01   5.5812e+01   4.6856e+00   0.0000e+00   5.5403e-04   2.4769e+02
20190918_09:00:00   2.1111e-01   5.5884e+01   4.7029e+00   0.0000e+00   2.3167e-03   2.4807e+02
20190918_10:00:00   2.1399e-01   5.6482e+01   4.7601e+00   0.0000e+00   3.0842e-03   2.4804e+02
20190918_11:00:00   2.1393e-01   5.6466e+01   4.7480e+00   0.0000e+00   1.9238e-03   2.4967e+02
20190918_12:00:00   2.1132e-01   5.5899e+01   4.6877e+00   0.0000e+00   7.6404e-05   2.4827e+02
20190918_13:00:00   2.0291e-01   5.4096e+01   4.4921e+00   0.0000e+00   5.8479e-05   2.4814e+02
20190918_14:00:00   1.9538e-01   5.2442e+01   4.3277e+00   0.0000e+00   5.0026e-04   2.4847e+02
20190918_15:00:00   1.9512e-01   5.2371e+01   4.3242e+00   0.0000e+00   1.1146e-04   2.4986e+02
20190918_16:00:00   1.8318e-01   4.9713e+01   4.0798e+00   0.0000e+00   7.9934e-05   2.5011e+02
20190918_17:00:00   1.7226e-01   4.7258e+01   3.8529e+00   0.0000e+00   7.0581e-05   2.4973e+02
20190918_18:00:00   1.6536e-01   4.5704e+01   3.7091e+00   0.0000e+00   9.3720e-05   2.5134e+02
20190918_19:00:00   1.6378e-01   4.5381e+01   3.6667e+00   0.0000e+00   2.8840e-04   2.5120e+02
20190918_20:00:00   1.6598e-01   4.5841e+01   3.7376e+00   0.0000e+00   5.0839e-04   2.4959e+02
20190918_21:00:00   1.6237e-01   4.5001e+01   3.6836e+00   0.0000e+00   1.9118e-04   2.4915e+02
20190918_22:00:00   1.6042e-01   4.4568e+01   3.6483e+00   0.0000e+00   3.2826e-04   2.5004e+02
20190918_23:00:00   1.6558e-01   4.5697e+01   3.7925e+00   0.0000e+00   1.5986e-04   2.4933e+02
20190919_00:00:00   1.6746e-01   4.6122e+01   3.8452e+00   0.0000e+00   9.7612e-05   2.4835e+02
20190919_01:00:00   1.6739e-01   4.6140e+01   3.8367e+00   0.0000e+00   5.7236e-05   2.4821e+02
20190919_02:00:00   1.6976e-01   4.6725e+01   3.8786e+00   0.0000e+00   1.5494e-04   2.4873e+02
20190919_03:00:00   1.7831e-01   4.8653e+01   4.0745e+00   0.0000e+00   1.1167e-04   2.4878e+02
20190919_04:00:00   1.8594e-01   5.0392e+01   4.2303e+00   0.0000e+00   2.0560e-04   2.4727e+02
20190919_05:00:00   1.8535e-01   5.0264e+01   4.2178e+00   0.0000e+00   2.5999e-04   2.4624e+02
20190919_06:00:00   1.9009e-01   5.1301e+01   4.3257e+00   0.0000e+00   2.3489e-04   2.4724e+02
20190919_07:00:00   1.9459e-01   5.2258e+01   4.4278e+00   0.0000e+00   2.5152e-04   2.4771e+02
20190919_08:00:00   1.9337e-01   5.1982e+01   4.4031e+00   0.0000e+00   2.1136e-04   2.4754e+02
20190919_09:00:00   1.8946e-01   5.1076e+01   4.3272e+00   0.0000e+00   3.7935e-04   2.4851e+02
20190919_10:00:00   1.8408e-01   4.9893e+01   4.1959e+00   0.0000e+00   6.9355e-04   2.4950e+02
20190919_11:00:00   1.7663e-01   4.8227e+01   4.0367e+00   0.0000e+00   6.7088e-04   2.4999e+02
20190919_12:00:00   1.7683e-01   4.8225e+01   4.0559e+00   0.0000e+00   9.8443e-04   2.5019e+02
20190919_13:00:00   1.7396e-01   4.7609e+01   3.9722e+00   0.0000e+00   2.2620e-03   2.4806e+02
20190919_14:00:00   1.7870e-01   4.8640e+01   4.0722e+00   0.0000e+00   2.3911e-03   2.4745e+02
20190919_15:00:00   1.8359e-01   4.9728e+01   4.1647e+00   0.0000e+00   5.6134e-04   2.4853e+02
20190919_16:00:00   1.7695e-01   4.8241e+01   4.0346e+00   0.0000e+00   1.8381e-03   2.4730e+02
20190919_17:00:00   1.8229e-01   4.9373e+01   4.1693e+00   0.0000e+00   5.9315e-03   2.4710e+02
20190919_18:00:00   1.8660e-01   5.0344e+01   4.2638e+00   0.0000e+00   3.3280e-03   2.4791e+02
20190919_19:00:00   1.9105e-01   5.1325e+01   4.3593e+00   0.0000e+00   2.0161e-03   2.4830e+02
20190919_20:00:00   1.9616e-01   5.2404e+01   4.5047e+00   0.0000e+00   5.7024e-04   2.4859e+02
20190919_21:00:00   1.8897e-01   5.0890e+01   4.3197e+00   0.0000e+00   8.0600e-03   2.4969e+02
20190919_22:00:00   1.8666e-01   5.0377e+01   4.2664e+00   0.0000e+00   9.3401e-03   2.5057e+02
20190919_23:00:00   1.9724e-01   5.2487e+01   4.6032e+00   0.0000e+00   7.3904e-03   2.5023e+02
20190920_00:00:00   2.0030e-01   5.3123e+01   4.6948e+00   0.0000e+00   2.9380e-03   2.4984e+02
20190920_01:00:00   2.0547e-01   5.4213e+01   4.8182e+00   0.0000e+00   1.1351e-03   2.4881e+02
20190920_02:00:00   2.1537e-01   5.6293e+01   5.0543e+00   4.1130e-04   3.1655e-03   2.4958e+02
20190920_03:00:00   3.2761e-01   7.9528e+01   5.5816e+00   3.5980e-02   9.6130e-02   2.4939e+02
20190920_04:00:00   3.6021e-01   8.5963e+01   5.6995e+00   4.7010e-02   3.2750e-03   2.5023e+02
20190920_05:00:00   2.9807e-01   7.3594e+01   5.7040e+00   2.2110e-02   2.3988e-03   2.4984e+02
20190920_06:00:00   2.4083e-01   6.1393e+01   5.7291e+00   0.0000e+00   9.8064e-03   2.5064e+02
20190920_07:00:00   2.6690e-01   6.6398e+01   6.4258e+00   0.0000e+00   7.5512e-02   2.5140e+02
20190920_08:00:00   3.2025e-01   7.6602e+01   7.6984e+00   0.0000e+00   1.9180e-01   2.5130e+02
20190920_09:00:00   3.5722e-01   8.3676e+01   8.6093e+00   0.0000e+00   1.9232e-02   2.5218e+02
20190920_10:00:00   3.5802e-01   8.3714e+01   8.6069e+00   0.0000e+00   7.2126e-02   2.5403e+02
20190920_11:00:00   3.6317e-01   8.4506e+01   8.6881e+00   0.0000e+00   1.1379e-01   2.5549e+02
20190920_12:00:00   3.5550e-01   8.3096e+01   8.5380e+00   0.0000e+00   4.1786e-02   2.5733e+02
20190920_13:00:00   3.2974e-01   7.8263e+01   7.9338e+00   0.0000e+00   2.8906e-02   2.5707e+02
20190920_14:00:00   3.8487e-01   8.8306e+01   9.1232e+00   0.0000e+00   6.0370e-02   2.5603e+02
20190920_15:00:00   3.8169e-01   8.7735e+01   9.0231e+00   0.0000e+00   5.1870e-02   2.5650e+02
20190920_16:00:00   3.7962e-01   8.7344e+01   8.9339e+00   0.0000e+00   1.3345e-01   2.5539e+02
20190920_17:00:00   3.8070e-01   8.7504e+01   8.9683e+00   0.0000e+00   8.0842e-02   2.5600e+02
20190920_18:00:00   4.4168e-01   9.7991e+01   1.0020e+01   2.4780e-04   5.0962e-01   2.5590e+02
20190920_19:00:00   5.4902e-01   1.1553e+02   1.1681e+01   7.4361e-03   4.9594e-01   2.5731e+02
20190920_20:00:00   6.4117e-01   1.2921e+02   1.2442e+01   2.6153e-02   6.6235e-01   2.5887e+02
20190920_21:00:00   7.7283e-01   1.4675e+02   1.2486e+01   7.7247e-02   8.6746e-01   2.6158e+02
20190920_22:00:00   9.1893e-01   1.6402e+02   1.2634e+01   1.3523e-01   6.1591e-01   2.6235e+02
20190920_23:00:00   8.6077e-01   1.5746e+02   1.2324e+01   1.1858e-01   5.0521e-01   2.6262e+02
20190921_00:00:00   1.0377e+00   1.7583e+02   1.2108e+01   1.9764e-01   4.0374e-01   2.6367e+02
20190921_01:00:00   1.9474e+00   2.3302e+02   1.1943e+01   5.8346e-01   3.0072e-01   2.6289e+02
20190921_02:00:00   1.8481e+00   2.2917e+02   1.1737e+01   5.4391e-01   3.1434e-01   2.6105e+02
20190921_03:00:00   1.5549e+00   2.1478e+02   1.0898e+01   4.3876e-01   1.4283e-01   2.6304e+02
20190921_04:00:00   1.0663e+00   1.7915e+02   1.0294e+01   2.4570e-01   5.0227e-02   2.6459e+02
20190921_05:00:00   8.2273e-01   1.5354e+02   9.6506e+00   1.5643e-01   5.8869e-03   2.6777e+02
20190921_06:00:00   6.8257e-01   1.3575e+02   9.5413e+00   9.9522e-02   1.4446e-02   2.6807e+02
20190921_07:00:00   7.1954e-01   1.4074e+02   9.1769e+00   1.2125e-01   8.9625e-03   2.6651e+02
20190921_08:00:00   5.7244e-01   1.2019e+02   8.8244e+00   6.5866e-02   1.9874e-03   2.6671e+02
20190921_09:00:00   6.9146e-01   1.3718e+02   8.7591e+00   1.1613e-01   5.5801e-03   2.6827e+02
20190921_10:00:00   1.0135e+00   1.7398e+02   8.6718e+00   2.5327e-01   9.4757e-03   2.6776e+02
20190921_11:00:00   1.0926e+00   1.8139e+02   8.3743e+00   2.9213e-01   1.3985e-02   2.6469e+02
20190921_12:00:00   7.8293e-01   1.4871e+02   8.1472e+00   1.6826e-01   6.7937e-03   2.6482e+02
20190921_13:00:00   6.1777e-01   1.2663e+02   7.9565e+00   1.0386e-01   2.6644e-03   2.6537e+02
20190921_14:00:00   4.4615e-01   9.9944e+01   7.5412e+00   3.8960e-02   1.4212e-03   2.6444e+02
20190921_15:00:00   3.5336e-01   8.3463e+01   7.1252e+00   7.9447e-03   5.2974e-04   2.6427e+02
20190921_16:00:00   3.1847e-01   7.6909e+01   6.7958e+00   0.0000e+00   4.4648e-05   2.6593e+02
20190921_17:00:00   3.2007e-01   7.7156e+01   6.9057e+00   0.0000e+00   1.2634e-06   2.6612e+02
20190921_18:00:00   3.2200e-01   7.7432e+01   7.0268e+00   0.0000e+00   6.3180e-07   2.6548e+02
20190921_19:00:00   3.2438e-01   7.7828e+01   7.1607e+00   0.0000e+00   1.2684e-05   2.6370e+02
20190921_20:00:00   3.0638e-01   7.4457e+01   6.7787e+00   0.0000e+00   1.0501e-04   2.6702e+02
20190921_21:00:00   3.0916e-01   7.4949e+01   6.9042e+00   8.1130e-05   1.8058e-03   2.6606e+02
20190921_22:00:00   3.3245e-01   7.9310e+01   7.4649e+00   7.2880e-04   1.3833e-03   2.6409e+02
20190921_23:00:00   3.7702e-01   8.7513e+01   8.3416e+00   2.3750e-03   6.9936e-04   2.6161e+02
20190922_00:00:00   4.3591e-01   9.7993e+01   9.0674e+00   1.3223e-02   1.0010e-03   2.5928e+02
20190922_01:00:00   6.9018e-01   1.3743e+02   9.7440e+00   1.0244e-01   2.8116e-04   2.5748e+02
20190922_02:00:00   8.1349e-01   1.5285e+02   1.0817e+01   1.3268e-01   2.6784e-03   2.5768e+02
20190922_03:00:00   9.7954e-01   1.7073e+02   1.1625e+01   1.8668e-01   2.6484e-02   2.5828e+02
20190922_04:00:00   1.0771e+00   1.8032e+02   1.1721e+01   2.2452e-01   1.5792e-02   2.5750e+02
20190922_05:00:00   1.2195e+00   1.9246e+02   1.1758e+01   2.8317e-01   1.3998e-02   2.5834e+02
20190922_06:00:00   8.1412e-01   1.5250e+02   1.1709e+01   1.1677e-01   6.5224e-03   2.5746e+02
20190922_09:00:00   5.6277e-01   1.1820e+02   1.1778e+01   1.1348e-02   8.2402e-03   2.5739e+02
20190922_12:00:00   6.4141e-01   1.2998e+02   1.2002e+01   3.7473e-02   5.1609e-03   2.5567e+02
20190922_15:00:00   5.2351e-01   1.1251e+02   1.1386e+01   0.0000e+00   5.8801e-05   2.5569e+02
20190922_18:00:00   5.1047e-01   1.1055e+02   1.1196e+01   0.0000e+00   0.0000e+00   2.5523e+02
20190922_21:00:00   5.1608e-01   1.1175e+02   1.1241e+01   0.0000e+00   0.0000e+00   2.5493e+02
20190923_00:00:00   1.2449e+00   1.9635e+02   1.2044e+01   2.7763e-01   1.0278e-04   2.5023e+02
20190923_03:00:00   1.8794e+00   2.3281e+02   1.3346e+01   5.1732e-01   6.7472e-02   2.4933e+02
20190923_06:00:00   6.7712e-01   1.3617e+02   1.1933e+01   5.1047e-02   1.2622e-04   2.5000e+02
20190923_09:00:00   5.4983e-01   1.1722e+02   1.1794e+01   2.5252e-03   2.0804e-05   2.4966e+02
20190923_12:00:00   5.2288e-01   1.1309e+02   1.1280e+01   4.5395e-04   1.7503e-06   2.4985e+02
20190923_15:00:00   5.0815e-01   1.1092e+02   1.0990e+01   0.0000e+00   0.0000e+00   2.4742e+02
20190923_18:00:00   4.5499e-01   1.0242e+02   9.8969e+00   0.0000e+00   0.0000e+00   2.4809e+02
20190923_21:00:00   4.4707e-01   1.0123e+02   9.7246e+00   0.0000e+00   0.0000e+00   2.4921e+02
20190924_00:00:00   4.7038e-01   1.0525e+02   1.0064e+01   1.2988e-03   8.5440e-21   2.4677e+02
20190924_03:00:00   6.0865e-01   1.2742e+02   1.0419e+01   4.9750e-02   4.7160e-05   2.4455e+02
20190924_06:00:00   7.0574e-01   1.4157e+02   9.8303e+00   9.8593e-02   0.0000e+00   2.4822e+02
20190924_09:00:00   4.3889e-01   1.0022e+02   9.0672e+00   8.0110e-03   0.0000e+00   2.4716e+02
20190924_12:00:00   3.9444e-01   9.2118e+01   8.6137e+00   0.0000e+00   0.0000e+00   2.4842e+02
20190924_15:00:00   3.7390e-01   8.8489e+01   8.1155e+00   0.0000e+00   0.0000e+00   2.4902e+02
20190924_18:00:00   3.4845e-01   8.3860e+01   7.5975e+00   0.0000e+00   0.0000e+00   2.4824e+02
20190924_21:00:00   3.3431e-01   8.1284e+01   7.2688e+00   0.0000e+00   0.0000e+00   2.4759e+02
20190925_00:00:00   6.9971e-01   1.4131e+02   8.1142e+00   1.2604e-01   3.6800e-04   2.4900e+02
20190925_03:00:00   5.9464e-01   1.2628e+02   7.8639e+00   8.8780e-02   0.0000e+00   2.4909e+02
20190925_06:00:00   3.3584e-01   8.1756e+01   7.2277e+00   0.0000e+00   0.0000e+00   2.5111e+02
20190925_09:00:00   3.2143e-01   7.8912e+01   6.9021e+00   0.0000e+00   0.0000e+00   2.5011e+02
20190925_12:00:00   3.0115e-01   7.4762e+01   6.5533e+00   0.0000e+00   0.0000e+00   2.5300e+02
20190925_15:00:00   2.7262e-01   6.9076e+01   5.9554e+00   0.0000e+00   0.0000e+00   2.5147e+02
20190925_18:00:00   2.4645e-01   6.3748e+01   5.3661e+00   0.0000e+00   0.0000e+00   2.5051e+02
20190925_21:00:00   2.2010e-01   5.8211e+01   4.7959e+00   0.0000e+00   6.3750e-08   2.5000e+02
20190926_00:00:00   2.0897e-01   5.5732e+01   4.5703e+00   0.0000e+00   1.7155e-05   2.5082e+02
20190926_03:00:00   2.0655e-01   5.5101e+01   4.5938e+00   0.0000e+00   7.1327e-06   2.5185e+02
20190926_06:00:00   2.1709e-01   5.7328e+01   4.9114e+00   0.0000e+00   2.6790e-06   2.5337e+02
20190926_09:00:00   2.0267e-01   5.4198e+01   4.5645e+00   0.0000e+00   0.0000e+00   2.5518e+02
20190926_12:00:00   1.8980e-01   5.1337e+01   4.2522e+00   0.0000e+00   0.0000e+00   2.5305e+02
20190926_15:00:00   1.9587e-01   5.2593e+01   4.3938e+00   0.0000e+00   0.0000e+00   2.5377e+02
20190926_18:00:00   2.1525e-01   5.6792e+01   4.8104e+00   0.0000e+00   0.0000e+00   2.5416e+02
20190926_21:00:00   2.0439e-01   5.4260e+01   4.6312e+00   0.0000e+00   0.0000e+00   2.5496e+02
20190927_00:00:00   1.7443e-01   4.7755e+01   3.8217e+00   0.0000e+00   0.0000e+00   2.5695e+02
20190927_03:00:00   1.1548e-01   3.3869e+01   2.5700e+00   0.0000e+00   0.0000e+00   2.5820e+02
20190927_06:00:00   1.5041e-01   4.2088e+01   3.3763e+00   0.0000e+00   0.0000e+00   2.5929e+02
20190927_09:00:00   1.5887e-01   4.3945e+01   3.5755e+00   0.0000e+00   0.0000e+00   2.5941e+02
20190927_12:00:00   1.5919e-01   4.3943e+01   3.5763e+00   0.0000e+00   0.0000e+00   2.5904e+02
20190927_15:00:00   1.5648e-01   4.3347e+01   3.4820e+00   0.0000e+00   0.0000e+00   2.5628e+02
20190927_18:00:00   1.5867e-01   4.3883e+01   3.5217e+00   0.0000e+00   0.0000e+00   2.5665e+02
20190927_21:00:00   1.6108e-01   4.4412e+01   3.5732e+00   0.0000e+00   0.0000e+00   2.5705e+02
20190928_00:00:00   1.6598e-01   4.5580e+01   3.6456e+00   0.0000e+00   0.0000e+00   2.5633e+02
20190928_03:00:00   2.0301e-01   5.4045e+01   3.7444e+00   1.2360e-02   0.0000e+00   2.5743e+02
20190928_06:00:00   1.9137e-01   5.1393e+01   4.1077e+00   2.4600e-04   0.0000e+00   2.5802e+02
20190928_09:00:00   2.0253e-01   5.3837e+01   4.3394e+00   0.0000e+00   0.0000e+00   2.5592e+02
20190928_12:00:00   1.4733e-01   4.1299e+01   3.2098e+00   0.0000e+00   0.0000e+00   2.5438e+02
20190928_15:00:00   1.1712e-01   3.4142e+01   2.5570e+00   0.0000e+00   0.0000e+00   2.5317e+02
20190928_18:00:00   1.2458e-01   3.5886e+01   2.7454e+00   0.0000e+00   0.0000e+00   2.5350e+02
20190928_21:00:00   1.3852e-01   3.9180e+01   3.0538e+00   0.0000e+00   0.0000e+00   2.5562e+02
20190929_00:00:00   1.5355e-01   4.2663e+01   3.2584e+00   2.8400e-03   0.0000e+00   2.5422e+02
20190929_03:00:00   1.5102e-01   4.2085e+01   3.3318e+00   0.0000e+00   0.0000e+00   2.5418e+02
20190929_06:00:00   1.4284e-01   4.0268e+01   3.1200e+00   0.0000e+00   0.0000e+00   2.5707e+02
20190929_09:00:00   1.1582e-01   3.3945e+01   2.4619e+00   0.0000e+00   0.0000e+00   2.5890e+02
20190929_12:00:00   1.4344e-01   4.0601e+01   2.9771e+00   0.0000e+00   0.0000e+00   2.5733e+02
20190929_15:00:00   1.4026e-01   3.9903e+01   2.8782e+00   0.0000e+00   0.0000e+00   2.5405e+02
20190929_18:00:00   1.1548e-01   3.4018e+01   2.3797e+00   0.0000e+00   0.0000e+00   2.5551e+02
20190929_21:00:00   9.0592e-02   2.7845e+01   1.8858e+00   0.0000e+00   2.4700e-05   2.5387e+02
20190930_00:00:00   8.9956e-02   2.7666e+01   1.8888e+00   0.0000e+00   1.6478e-05   2.5354e+02
20190930_03:00:00   1.0377e-01   3.1115e+01   2.1955e+00   0.0000e+00   2.6740e-05   2.5531e+02
20190930_06:00:00   1.2199e-01   3.5549e+01   2.5817e+00   0.0000e+00   2.7460e-04   2.5659e+02
20190930_09:00:00   1.3769e-01   3.9259e+01   2.9105e+00   0.0000e+00   0.0000e+00   2.5590e+02
20190930_12:00:00   1.6198e-01   4.4885e+01   3.4181e+00   0.0000e+00   0.0000e+00   2.5426e+02
20190930_15:00:00   9.2430e-02   2.8234e+01   1.9806e+00   0.0000e+00   0.0000e+00   2.5247e+02
20190930_18:00:00   8.1368e-02   2.5435e+01   1.7461e+00   0.0000e+00   2.7460e-05   2.5289e+02
20190930_21:00:00   8.0418e-02   2.5157e+01   1.7352e+00   0.0000e+00   1.4990e-05   2.5204e+02
20191001_00:00:00   8.4854e-02   2.6189e+01   1.8641e+00   0.0000e+00   4.9737e-03   2.5126e+02
20191001_03:00:00   1.0930e-01   3.2216e+01   2.3036e+00   2.2330e-03   7.5444e-03   2.5064e+02
20191001_06:00:00   1.1865e-01   3.4343e+01   2.6831e+00   0.0000e+00   2.0665e-03   2.5004e+02
20191001_09:00:00   1.3465e-01   3.8207e+01   2.9981e+00   0.0000e+00   0.0000e+00   2.5373e+02
20191001_12:00:00   1.2393e-01   3.5663e+01   2.7582e+00   0.0000e+00   0.0000e+00   2.5454e+02
20191001_15:00:00   1.0961e-01   3.2203e+01   2.4424e+00   0.0000e+00   0.0000e+00   2.5164e+02
20191001_18:00:00   9.3945e-02   2.8399e+01   2.0843e+00   0.0000e+00   0.0000e+00   2.5219e+02
20191001_21:00:00   9.3220e-02   2.8159e+01   2.0824e+00   0.0000e+00   0.0000e+00   2.5318e+02
20191002_00:00:00   1.2095e-01   3.4996e+01   2.2402e+00   8.1740e-03   0.0000e+00   2.5159e+02
20191002_03:00:00   1.4300e-01   4.0206e+01   2.5324e+00   1.2190e-02   1.9270e-05   2.5141e+02
20191002_06:00:00   1.1482e-01   3.3226e+01   2.6369e+00   0.0000e+00   5.9438e-03   2.5077e+02
20191002_09:00:00   1.1861e-01   3.3906e+01   2.7831e+00   0.0000e+00   7.0969e-03   2.5249e+02
20191002_12:00:00   1.2074e-01   3.4318e+01   2.8423e+00   0.0000e+00   1.0334e-02   2.5291e+02
20191002_15:00:00   1.2233e-01   3.4793e+01   2.8448e+00   0.0000e+00   4.2429e-03   2.5193e+02
20191002_18:00:00   1.4939e-01   4.1150e+01   3.4434e+00   0.0000e+00   8.1580e-06   2.5198e+02
20191002_21:00:00   1.7671e-01   4.7437e+01   4.0113e+00   0.0000e+00   5.9560e-06   2.5025e+02
20191003_00:00:00   2.1405e-01   5.5527e+01   4.8277e+00   1.0600e-03   4.1180e-05   2.4716e+02
20191003_03:00:00   2.3382e-01   5.9731e+01   5.3300e+00   0.0000e+00   6.8650e-05   2.4749e+02
20191003_06:00:00   2.2988e-01   5.8810e+01   5.3124e+00   0.0000e+00   4.5519e-03   2.4754e+02
