#            date       tau225        Tb[K]      pwv[mm] lwp[kg*m^-2] iwp[kg*m^-2]       o3[DU]
20191118_06:00:00   1.9636e-01   5.1487e+01   4.6273e+00   0.0000e+00   8.3878e-03   2.6015e+02
20191118_07:00:00   1.7559e-01   4.7111e+01   4.0866e+00   0.0000e+00   1.5080e-03   2.5888e+02
20191118_08:00:00   1.7062e-01   4.6101e+01   3.9163e+00   0.0000e+00   3.4080e-04   2.5846e+02
20191118_09:00:00   1.5682e-01   4.3044e+01   3.5633e+00   0.0000e+00   3.6181e-04   2.6045e+02
20191118_10:00:00   1.3319e-01   3.7646e+01   3.0051e+00   0.0000e+00   4.8418e-04   2.6102e+02
20191118_11:00:00   1.2826e-01   3.6454e+01   2.8933e+00   0.0000e+00   9.2420e-04   2.5995e+02
20191118_12:00:00   1.3163e-01   3.7181e+01   3.0104e+00   0.0000e+00   8.7000e-05   2.5955e+02
20191118_13:00:00   1.4845e-01   4.1019e+01   3.4418e+00   0.0000e+00   0.0000e+00   2.5871e+02
20191118_14:00:00   1.8746e-01   4.9518e+01   4.4196e+00   0.0000e+00   9.1570e-05   2.5810e+02
20191118_15:00:00   2.2696e-01   5.7489e+01   4.9434e+00   1.0754e-02   1.1733e-02   2.5801e+02
20191118_16:00:00   2.3493e-01   5.9256e+01   5.2349e+00   7.8780e-03   1.2437e-01   2.5802e+02
20191118_17:00:00   2.5161e-01   6.2896e+01   5.9379e+00   4.7320e-06   2.2188e-01   2.5814e+02
20191118_18:00:00   3.0317e-01   7.3142e+01   7.0899e+00   1.0650e-04   2.0593e-01   2.5673e+02
20191118_19:00:00   3.6273e-01   8.4185e+01   8.2893e+00   0.0000e+00   4.2189e-01   2.5579e+02
20191118_20:00:00   3.6839e-01   8.5398e+01   8.2921e+00   1.3889e-03   2.4412e-01   2.5551e+02
20191118_21:00:00   3.2545e-01   7.7544e+01   7.4345e+00   4.8552e-04   1.1570e-01   2.5496e+02
20191118_22:00:00   2.5784e-01   6.4438e+01   5.9511e+00   1.3667e-04   1.3303e-02   2.5523e+02
20191118_23:00:00   2.7476e-01   6.7438e+01   6.3840e+00   2.7480e-03   1.8138e-02   2.5654e+02
20191119_00:00:00   2.9114e-01   7.0589e+01   6.8811e+00   4.7320e-06   1.1588e-01   2.5755e+02
20191119_01:00:00   2.8177e-01   6.8934e+01   6.6338e+00   6.9780e-05   2.4120e-02   2.5779e+02
20191119_02:00:00   2.6001e-01   6.4767e+01   6.0818e+00   2.9260e-04   9.4011e-03   2.5748e+02
20191119_03:00:00   2.6924e-01   6.6700e+01   6.2195e+00   1.9499e-04   1.7191e-02   2.5653e+02
20191119_04:00:00   2.8833e-01   7.0602e+01   6.4548e+00   1.8972e-03   5.9510e-03   2.5578e+02
20191119_05:00:00   2.9444e-01   7.1848e+01   6.3706e+00   4.1720e-03   2.6855e-03   2.5709e+02
20191119_06:00:00   2.8246e-01   6.9473e+01   6.1507e+00   2.9295e-03   6.5276e-04   2.5729e+02
20191119_07:00:00   2.7162e-01   6.7287e+01   5.9576e+00   2.0287e-03   1.4467e-04   2.5819e+02
20191119_08:00:00   2.5807e-01   6.4613e+01   5.6077e+00   2.7820e-03   1.0173e-04   2.5795e+02
20191119_09:00:00   2.3875e-01   6.0763e+01   5.1444e+00   2.7650e-03   4.8810e-05   2.5697e+02
20191119_10:00:00   2.2052e-01   5.7005e+01   4.7925e+00   1.4190e-03   3.3770e-05   2.5576e+02
20191119_11:00:00   2.0018e-01   5.2720e+01   4.4238e+00   0.0000e+00   1.9181e-05   2.5495e+02
20191119_12:00:00   1.9588e-01   5.1838e+01   4.3176e+00   0.0000e+00   2.4611e-06   2.5309e+02
20191119_13:00:00   1.9679e-01   5.2112e+01   4.3656e+00   0.0000e+00   0.0000e+00   2.5226e+02
20191119_14:00:00   2.1496e-01   5.5950e+01   4.8434e+00   0.0000e+00   8.2040e-05   2.5287e+02
20191119_15:00:00   2.3700e-01   6.0453e+01   5.2527e+00   3.3964e-03   1.2163e-02   2.5356e+02
20191119_16:00:00   2.6165e-01   6.5428e+01   5.9762e+00   8.3540e-04   7.1509e-02   2.5453e+02
20191119_17:00:00   2.8360e-01   6.9919e+01   6.4891e+00   5.1060e-04   9.4225e-02   2.5427e+02
20191119_18:00:00   3.1081e-01   7.5308e+01   7.0570e+00   1.1120e-03   8.2795e-02   2.5312e+02
20191119_19:00:00   3.3086e-01   7.9022e+01   6.9031e+00   1.3976e-02   6.6491e-02   2.5284e+02
20191119_20:00:00   2.4370e-01   6.1879e+01   5.6747e+00   0.0000e+00   3.2934e-02   2.5212e+02
20191119_21:00:00   2.0162e-01   5.3081e+01   4.6408e+00   0.0000e+00   1.3999e-03   2.5245e+02
20191119_22:00:00   1.7687e-01   4.7711e+01   3.9921e+00   0.0000e+00   1.2828e-04   2.5293e+02
20191119_23:00:00   1.7182e-01   4.6512e+01   3.8874e+00   0.0000e+00   8.8100e-07   2.5220e+02
20191120_00:00:00   1.7546e-01   4.7269e+01   4.0008e+00   0.0000e+00   0.0000e+00   2.4981e+02
20191120_01:00:00   1.8627e-01   4.9570e+01   4.2709e+00   0.0000e+00   0.0000e+00   2.4884e+02
20191120_02:00:00   1.9403e-01   5.1190e+01   4.4795e+00   0.0000e+00   5.3000e-06   2.4887e+02
20191120_03:00:00   1.9476e-01   5.1326e+01   4.5041e+00   0.0000e+00   7.5700e-07   2.4869e+02
20191120_04:00:00   1.8778e-01   4.9827e+01   4.3333e+00   0.0000e+00   0.0000e+00   2.4848e+02
20191120_05:00:00   1.7405e-01   4.6886e+01   3.9875e+00   0.0000e+00   0.0000e+00   2.4829e+02
20191120_06:00:00   1.5901e-01   4.3590e+01   3.6119e+00   0.0000e+00   0.0000e+00   2.4821e+02
20191120_07:00:00   1.4113e-01   3.9573e+01   3.1900e+00   0.0000e+00   0.0000e+00   2.4876e+02
20191120_08:00:00   1.2887e-01   3.6760e+01   2.9013e+00   0.0000e+00   0.0000e+00   2.4976e+02
20191120_09:00:00   1.2061e-01   3.4848e+01   2.6955e+00   0.0000e+00   0.0000e+00   2.4906e+02
20191120_10:00:00   1.1511e-01   3.3566e+01   2.5531e+00   0.0000e+00   0.0000e+00   2.4932e+02
20191120_11:00:00   1.0927e-01   3.2189e+01   2.4098e+00   0.0000e+00   0.0000e+00   2.5099e+02
20191120_12:00:00   1.1442e-01   3.3445e+01   2.5215e+00   0.0000e+00   0.0000e+00   2.5251e+02
20191120_13:00:00   1.1729e-01   3.4108e+01   2.6225e+00   0.0000e+00   0.0000e+00   2.5348e+02
20191120_14:00:00   1.2171e-01   3.5133e+01   2.7657e+00   0.0000e+00   0.0000e+00   2.5333e+02
20191120_15:00:00   1.4110e-01   3.9567e+01   3.2731e+00   0.0000e+00   0.0000e+00   2.5255e+02
20191120_16:00:00   1.5575e-01   4.2863e+01   3.6719e+00   0.0000e+00   1.9684e-05   2.5255e+02
20191120_17:00:00   1.6466e-01   4.4862e+01   3.9123e+00   4.4780e-05   9.3460e-04   2.5271e+02
20191120_18:00:00   1.6425e-01   4.4742e+01   3.8046e+00   2.5580e-03   6.2285e-03   2.5266e+02
20191120_19:00:00   1.4690e-01   4.0917e+01   3.4956e+00   0.0000e+00   4.4988e-03   2.5193e+02
20191120_20:00:00   1.3063e-01   3.7167e+01   3.0874e+00   0.0000e+00   3.1718e-06   2.5145e+02
20191120_21:00:00   1.2060e-01   3.4859e+01   2.8172e+00   0.0000e+00   5.8140e-06   2.5092e+02
20191120_22:00:00   1.3648e-01   3.8698e+01   3.1008e+00   0.0000e+00   0.0000e+00   2.5162e+02
20191120_23:00:00   1.2428e-01   3.5868e+01   2.7910e+00   0.0000e+00   0.0000e+00   2.5211e+02
20191121_00:00:00   1.1972e-01   3.4776e+01   2.6656e+00   0.0000e+00   0.0000e+00   2.5153e+02
20191121_01:00:00   1.1620e-01   3.3932e+01   2.5749e+00   0.0000e+00   0.0000e+00   2.4953e+02
20191121_02:00:00   1.1278e-01   3.3101e+01   2.4921e+00   0.0000e+00   0.0000e+00   2.4979e+02
20191121_03:00:00   1.1126e-01   3.2690e+01   2.4695e+00   0.0000e+00   0.0000e+00   2.5017e+02
20191121_04:00:00   1.0768e-01   3.1782e+01   2.4119e+00   0.0000e+00   0.0000e+00   2.5009e+02
20191121_05:00:00   1.0088e-01   3.0121e+01   2.2781e+00   0.0000e+00   0.0000e+00   2.4972e+02
20191121_06:00:00   9.9422e-02   2.9757e+01   2.2534e+00   0.0000e+00   0.0000e+00   2.4972e+02
20191121_07:00:00   1.0044e-01   2.9994e+01   2.2796e+00   0.0000e+00   0.0000e+00   2.5061e+02
20191121_08:00:00   1.0136e-01   3.0214e+01   2.3029e+00   0.0000e+00   0.0000e+00   2.5258e+02
20191121_09:00:00   1.0199e-01   3.0344e+01   2.3225e+00   0.0000e+00   0.0000e+00   2.5284e+02
20191121_10:00:00   1.0222e-01   3.0378e+01   2.3322e+00   0.0000e+00   0.0000e+00   2.5342e+02
20191121_11:00:00   1.0115e-01   3.0121e+01   2.3095e+00   0.0000e+00   0.0000e+00   2.5352e+02
20191121_12:00:00   1.0452e-01   3.0936e+01   2.3905e+00   0.0000e+00   0.0000e+00   2.5209e+02
20191121_13:00:00   1.0683e-01   3.1498e+01   2.4559e+00   0.0000e+00   0.0000e+00   2.5304e+02
20191121_14:00:00   1.1314e-01   3.3028e+01   2.6222e+00   0.0000e+00   0.0000e+00   2.5296e+02
20191121_15:00:00   1.2886e-01   3.6701e+01   3.0256e+00   0.0000e+00   0.0000e+00   2.5067e+02
20191121_16:00:00   1.4388e-01   4.0203e+01   3.4192e+00   0.0000e+00   0.0000e+00   2.5045e+02
20191121_17:00:00   1.6356e-01   4.4623e+01   3.9264e+00   0.0000e+00   0.0000e+00   2.5149e+02
20191121_18:00:00   1.7590e-01   4.7351e+01   4.2438e+00   0.0000e+00   2.9556e-04   2.5223e+02
20191121_19:00:00   1.7997e-01   4.8226e+01   4.3327e+00   1.8236e-04   9.5200e-03   2.5228e+02
20191121_20:00:00   1.7520e-01   4.7141e+01   4.2181e+00   0.0000e+00   9.5800e-04   2.5168e+02
20191121_21:00:00   1.6177e-01   4.4177e+01   3.8669e+00   0.0000e+00   1.7620e-07   2.5224e+02
20191121_22:00:00   1.7133e-01   4.6506e+01   4.0071e+00   0.0000e+00   0.0000e+00   2.5203e+02
20191121_23:00:00   1.7516e-01   4.7411e+01   4.0595e+00   0.0000e+00   0.0000e+00   2.5088e+02
20191122_00:00:00   1.6681e-01   4.5585e+01   3.8255e+00   0.0000e+00   0.0000e+00   2.5114e+02
20191122_01:00:00   1.4833e-01   4.1447e+01   3.3757e+00   0.0000e+00   0.0000e+00   2.5064e+02
20191122_02:00:00   1.3999e-01   3.9534e+01   3.1787e+00   0.0000e+00   0.0000e+00   2.5224e+02
20191122_03:00:00   1.3520e-01   3.8359e+01   3.0784e+00   0.0000e+00   0.0000e+00   2.5201e+02
20191122_04:00:00   1.3692e-01   3.8713e+01   3.1144e+00   0.0000e+00   0.0000e+00   2.5083e+02
20191122_05:00:00   1.3753e-01   3.8801e+01   3.1327e+00   0.0000e+00   0.0000e+00   2.5102e+02
20191122_06:00:00   1.3912e-01   3.9140e+01   3.1689e+00   0.0000e+00   0.0000e+00   2.5161e+02
20191122_07:00:00   1.3716e-01   3.8657e+01   3.1266e+00   0.0000e+00   0.0000e+00   2.5228e+02
20191122_08:00:00   1.3411e-01   3.7962e+01   3.0490e+00   0.0000e+00   0.0000e+00   2.5253e+02
20191122_09:00:00   1.2816e-01   3.6631e+01   2.8899e+00   0.0000e+00   0.0000e+00   2.5298e+02
20191122_10:00:00   1.2284e-01   3.5404e+01   2.7576e+00   0.0000e+00   0.0000e+00   2.5331e+02
20191122_11:00:00   1.2238e-01   3.5303e+01   2.7478e+00   0.0000e+00   0.0000e+00   2.5344e+02
20191122_12:00:00   1.2734e-01   3.6490e+01   2.8624e+00   0.0000e+00   5.1060e-06   2.5278e+02
20191122_13:00:00   1.3437e-01   3.8154e+01   3.0408e+00   0.0000e+00   0.0000e+00   2.5342e+02
20191122_14:00:00   1.4801e-01   4.1278e+01   3.3960e+00   0.0000e+00   0.0000e+00   2.5316e+02
20191122_15:00:00   1.5996e-01   4.4029e+01   3.7090e+00   0.0000e+00   0.0000e+00   2.5294e+02
20191122_16:00:00   1.8018e-01   4.8464e+01   4.2486e+00   1.8926e-05   2.6443e-04   2.5216e+02
20191122_17:00:00   1.9023e-01   5.0694e+01   4.4833e+00   2.8880e-04   4.1156e-03   2.5213e+02
20191122_18:00:00   1.9360e-01   5.1473e+01   4.5616e+00   0.0000e+00   2.2495e-02   2.5252e+02
20191122_19:00:00   1.8878e-01   5.0466e+01   4.4279e+00   2.2020e-05   3.2303e-03   2.5182e+02
20191122_20:00:00   1.6008e-01   4.4134e+01   3.7250e+00   0.0000e+00   3.5240e-07   2.5173e+02
20191122_21:00:00   1.3882e-01   3.9274e+01   3.1984e+00   0.0000e+00   0.0000e+00   2.5186e+02
20191122_22:00:00   1.4081e-01   3.9725e+01   3.1972e+00   0.0000e+00   0.0000e+00   2.5169e+02
20191122_23:00:00   1.2625e-01   3.6345e+01   2.8205e+00   0.0000e+00   1.7330e-06   2.5237e+02
20191123_00:00:00   1.1493e-01   3.3661e+01   2.5453e+00   0.0000e+00   3.1280e-06   2.5229e+02
20191123_01:00:00   1.1163e-01   3.2875e+01   2.4691e+00   0.0000e+00   7.4660e-07   2.5185e+02
20191123_02:00:00   1.0998e-01   3.2456e+01   2.4497e+00   0.0000e+00   2.6466e-06   2.5241e+02
20191123_03:00:00   1.0967e-01   3.2364e+01   2.4509e+00   0.0000e+00   0.0000e+00   2.5344e+02
20191123_04:00:00   1.0699e-01   3.1714e+01   2.3887e+00   0.0000e+00   1.3026e-06   2.5356e+02
20191123_05:00:00   1.0095e-01   3.0250e+01   2.2556e+00   0.0000e+00   1.8846e-05   2.5519e+02
20191123_06:00:00   9.6125e-02   2.9079e+01   2.1384e+00   0.0000e+00   1.6130e-05   2.5624e+02
20191123_09:00:00   9.4214e-02   2.8577e+01   2.1055e+00   0.0000e+00   1.2314e-05   2.5522e+02
20191123_12:00:00   9.5997e-02   2.9102e+01   2.1259e+00   0.0000e+00   8.2421e-04   2.5606e+02
20191123_15:00:00   1.3382e-01   3.8089e+01   3.1006e+00   0.0000e+00   1.7528e-03   2.5490e+02
20191123_18:00:00   1.6701e-01   4.5640e+01   3.9909e+00   0.0000e+00   7.7275e-04   2.5675e+02
20191123_21:00:00   1.5956e-01   4.3897e+01   3.7629e+00   0.0000e+00   1.6002e-03   2.5715e+02
20191124_00:00:00   1.1344e-01   3.3254e+01   2.6015e+00   0.0000e+00   0.0000e+00   2.5705e+02
20191124_03:00:00   1.0730e-01   3.1704e+01   2.4748e+00   0.0000e+00   0.0000e+00   2.5482e+02
20191124_06:00:00   1.0032e-01   2.9933e+01   2.3004e+00   0.0000e+00   3.7330e-07   2.5614e+02
20191124_09:00:00   1.0463e-01   3.0946e+01   2.3976e+00   0.0000e+00   5.3121e-04   2.5830e+02
20191124_12:00:00   8.5845e-02   2.6465e+01   1.9132e+00   0.0000e+00   4.6720e-04   2.5951e+02
20191124_15:00:00   6.8994e-02   2.2309e+01   1.5311e+00   0.0000e+00   9.0300e-06   2.5743e+02
20191124_18:00:00   8.1615e-02   2.5381e+01   1.8772e+00   0.0000e+00   4.8331e-03   2.5573e+02
20191124_21:00:00   9.5513e-02   2.8681e+01   2.2233e+00   0.0000e+00   7.1015e-03   2.5727e+02
20191125_00:00:00   1.0747e-01   3.1574e+01   2.4315e+00   0.0000e+00   3.8445e-03   2.5685e+02
20191125_03:00:00   8.6766e-02   2.6519e+01   1.9205e+00   0.0000e+00   1.4490e-02   2.5592e+02
20191125_06:00:00   6.5328e-02   2.1102e+01   1.4642e+00   0.0000e+00   1.9087e-03   2.5700e+02
20191125_09:00:00   5.3946e-02   1.8262e+01   1.1528e+00   0.0000e+00   8.6147e-04   2.5939e+02
20191125_12:00:00   4.8467e-02   1.6966e+01   9.8221e-01   0.0000e+00   2.8053e-04   2.6004e+02
20191125_15:00:00   5.6943e-02   1.9209e+01   1.1751e+00   0.0000e+00   3.7002e-06   2.5953e+02
20191125_18:00:00   9.8127e-02   2.9324e+01   2.1542e+00   0.0000e+00   5.0661e-06   2.5980e+02
20191125_21:00:00   1.1231e-01   3.2559e+01   2.4593e+00   0.0000e+00   8.7844e-04   2.5938e+02
20191126_00:00:00   1.4395e-01   3.9757e+01   2.6569e+00   7.0753e-03   1.2443e-03   2.6046e+02
20191126_03:00:00   9.1793e-02   2.7701e+01   1.8281e+00   0.0000e+00   5.0540e-04   2.6156e+02
20191126_06:00:00   4.6556e-02   1.6510e+01   8.4537e-01   0.0000e+00   7.3950e-05   2.6173e+02
20191126_09:00:00   3.4223e-02   1.3276e+01   5.7432e-01   0.0000e+00   1.0595e-04   2.6144e+02
20191126_12:00:00   3.4207e-02   1.3262e+01   5.8681e-01   0.0000e+00   1.8942e-04   2.6283e+02
20191126_15:00:00   4.1856e-02   1.5279e+01   7.8544e-01   0.0000e+00   1.1410e-04   2.6329e+02
20191126_18:00:00   5.8012e-02   1.9433e+01   1.1815e+00   0.0000e+00   2.8190e-07   2.6585e+02
20191126_21:00:00   8.1967e-02   2.5314e+01   1.7591e+00   0.0000e+00   6.4521e-05   2.6502e+02
20191127_00:00:00   6.8534e-02   2.2041e+01   1.3898e+00   0.0000e+00   8.4398e-05   2.6358e+02
20191127_03:00:00   4.2392e-02   1.5480e+01   7.7103e-01   0.0000e+00   3.2740e-06   2.6224e+02
20191127_06:00:00   3.0001e-02   1.2187e+01   4.7659e-01   0.0000e+00   5.3620e-06   2.6344e+02
20191127_09:00:00   2.7053e-02   1.1369e+01   4.0706e-01   0.0000e+00   0.0000e+00   2.6639e+02
20191127_12:00:00   2.8265e-02   1.1686e+01   4.4490e-01   0.0000e+00   1.4618e-06   2.6743e+02
20191127_15:00:00   3.3392e-02   1.3086e+01   5.8078e-01   0.0000e+00   1.6070e-06   2.6671e+02
20191127_18:00:00   3.8189e-02   1.4364e+01   7.0611e-01   0.0000e+00   0.0000e+00   2.6680e+02
20191127_21:00:00   6.1671e-02   2.0407e+01   1.2862e+00   0.0000e+00   0.0000e+00   2.6281e+02
20191128_00:00:00   5.1643e-02   1.7900e+01   1.0048e+00   0.0000e+00   0.0000e+00   2.6260e+02
20191128_03:00:00   4.2166e-02   1.5475e+01   7.7675e-01   0.0000e+00   0.0000e+00   2.6023e+02
20191128_06:00:00   3.4983e-02   1.3563e+01   6.0857e-01   0.0000e+00   0.0000e+00   2.6098e+02
20191128_09:00:00   3.4034e-02   1.3277e+01   5.9274e-01   0.0000e+00   0.0000e+00   2.6121e+02
20191128_12:00:00   3.3970e-02   1.3260e+01   5.8817e-01   0.0000e+00   0.0000e+00   2.6154e+02
20191128_15:00:00   4.1220e-02   1.5189e+01   7.8275e-01   0.0000e+00   0.0000e+00   2.6120e+02
20191128_18:00:00   4.6792e-02   1.6651e+01   9.3137e-01   0.0000e+00   1.0754e-04   2.5867e+02
20191128_21:00:00   8.5162e-02   2.6192e+01   1.8842e+00   0.0000e+00   0.0000e+00   2.5475e+02
20191129_00:00:00   4.6416e-02   1.6486e+01   9.0897e-01   0.0000e+00   7.5020e-05   2.5477e+02
20191129_03:00:00   4.0771e-02   1.5010e+01   7.8441e-01   0.0000e+00   2.0980e-03   2.5585e+02
20191129_06:00:00   3.6619e-02   1.3920e+01   6.7942e-01   0.0000e+00   1.2959e-04   2.5734e+02
20191129_09:00:00   3.6988e-02   1.3966e+01   7.0204e-01   0.0000e+00   3.3175e-04   2.5612e+02
20191129_12:00:00   3.6562e-02   1.3837e+01   7.0009e-01   0.0000e+00   0.0000e+00   2.5668e+02
20191129_15:00:00   4.6910e-02   1.6589e+01   9.7278e-01   0.0000e+00   3.8964e-04   2.5893e+02
20191129_18:00:00   7.3694e-02   2.3305e+01   1.6709e+00   0.0000e+00   1.1040e-02   2.5535e+02
20191129_21:00:00   7.4207e-02   2.3340e+01   1.6959e+00   0.0000e+00   2.5876e-03   2.5620e+02
20191130_00:00:00   9.9396e-02   2.9343e+01   2.3466e+00   0.0000e+00   2.4345e-05   2.5606e+02
20191130_03:00:00   1.0973e-01   3.1891e+01   2.6264e+00   0.0000e+00   0.0000e+00   2.5339e+02
20191130_06:00:00   1.1166e-01   3.2208e+01   2.7033e+00   0.0000e+00   6.5580e-06   2.5385e+02
20191130_09:00:00   1.0873e-01   3.1476e+01   2.6496e+00   0.0000e+00   1.7832e-06   2.5348e+02
20191130_12:00:00   9.5533e-02   2.8281e+01   2.3170e+00   0.0000e+00   1.9512e-02   2.5848e+02
20191130_15:00:00   1.2265e-01   3.4521e+01   3.0688e+00   0.0000e+00   3.2973e-02   2.5657e+02
20191130_18:00:00   1.7184e-01   4.5520e+01   4.3247e+00   0.0000e+00   7.3128e-02   2.5386e+02
20191130_21:00:00   2.0430e-01   5.2299e+01   5.0932e+00   0.0000e+00   1.7736e-01   2.5239e+02
20191201_00:00:00   2.2843e-01   5.7677e+01   5.7037e+00   0.0000e+00   2.5674e-02   2.5076e+02
20191201_03:00:00   2.0974e-01   5.4112e+01   5.1518e+00   0.0000e+00   5.2239e-03   2.4871e+02
20191201_06:00:00   1.9640e-01   5.1153e+01   4.8153e+00   0.0000e+00   1.4617e-03   2.4982e+02
20191201_09:00:00   1.9791e-01   5.1807e+01   4.7918e+00   0.0000e+00   1.1238e-03   2.5074e+02
20191201_12:00:00   2.0562e-01   5.3612e+01   4.9602e+00   0.0000e+00   9.0236e-05   2.5069e+02
20191201_15:00:00   2.6378e-01   6.5820e+01   6.3284e+00   8.5160e-04   1.6373e-02   2.4853e+02
20191201_18:00:00   3.1740e-01   7.5910e+01   7.6528e+00   7.2460e-05   1.4010e-01   2.4956e+02
20191201_21:00:00   2.1107e-01   5.4422e+01   5.2522e+00   0.0000e+00   1.2472e-04   2.4887e+02
20191202_00:00:00   1.4884e-01   4.1003e+01   3.5970e+00   0.0000e+00   1.1934e-05   2.4888e+02
20191202_03:00:00   1.2172e-01   3.4787e+01   2.9165e+00   0.0000e+00   2.2903e-06   2.4829e+02
20191202_06:00:00   1.1016e-01   3.2033e+01   2.5706e+00   0.0000e+00   9.5884e-04   2.4666e+02
20191202_09:00:00   7.9248e-02   2.4486e+01   1.8531e+00   0.0000e+00   9.2980e-03   2.4862e+02
20191202_12:00:00   7.7907e-02   2.4275e+01   1.7762e+00   0.0000e+00   1.0142e-03   2.4778e+02
20191202_15:00:00   7.8182e-02   2.4433e+01   1.7863e+00   0.0000e+00   2.5342e-03   2.4718e+02
20191202_18:00:00   8.0354e-02   2.4987e+01   1.8416e+00   0.0000e+00   2.0383e-04   2.4686e+02
20191202_21:00:00   1.0040e-01   2.9759e+01   2.3264e+00   0.0000e+00   2.8544e-03   2.4772e+02
20191203_00:00:00   8.9115e-02   2.7046e+01   1.9979e+00   0.0000e+00   0.0000e+00   2.4861e+02
20191203_03:00:00   5.9276e-02   1.9779e+01   1.2673e+00   0.0000e+00   3.8500e-06   2.4795e+02
20191203_06:00:00   4.8449e-02   1.6985e+01   1.0033e+00   0.0000e+00   1.7090e-03   2.4804e+02
20191203_09:00:00   3.9835e-02   1.4716e+01   7.9540e-01   0.0000e+00   3.8055e-03   2.4966e+02
20191203_12:00:00   3.7175e-02   1.3981e+01   7.4034e-01   0.0000e+00   1.0198e-02   2.4838e+02
20191203_15:00:00   5.1313e-02   1.7708e+01   1.1207e+00   0.0000e+00   1.3000e-02   2.4850e+02
20191203_18:00:00   7.0358e-02   2.2589e+01   1.6109e+00   0.0000e+00   9.5926e-03   2.4762e+02
20191203_21:00:00   7.3423e-02   2.3315e+01   1.6826e+00   0.0000e+00   1.7729e-02   2.4624e+02
20191204_00:00:00   9.1795e-02   2.7986e+01   2.0668e+00   0.0000e+00   4.9981e-04   2.4750e+02
20191204_03:00:00   8.1884e-02   2.5526e+01   1.8263e+00   0.0000e+00   9.5257e-05   2.4658e+02
20191204_06:00:00   1.1666e-01   3.3818e+01   2.7405e+00   0.0000e+00   2.0243e-04   2.4822e+02
