#            date       tau225        Tb[K]      pwv[mm] lwp[kg*m^-2] iwp[kg*m^-2]       o3[DU]
20191012_12:00:00   0.0000e+00   2.7000e+00   0.0000e+00   0.0000e+00   0.0000e+00   0.0000e+00
20191012_13:00:00   1.1338e-01   3.3034e+01   2.6000e+00   0.0000e+00   0.0000e+00   2.6265e+02
20191012_14:00:00   0.0000e+00   0.0000e+00   0.0000e+00   0.0000e+00   0.0000e+00   0.0000e+00
20191012_15:00:00   1.2282e-01   3.5192e+01   2.8650e+00   0.0000e+00   0.0000e+00   2.5988e+02
20191012_16:00:00   5.5809e-01   1.2146e+02   9.5210e+00   0.0000e+00   0.0000e+00   2.5703e+02
20191012_17:00:00   0.0000e+00   0.0000e+00   0.0000e+00   0.0000e+00   0.0000e+00   0.0000e+00
20191012_18:00:00   0.0000e+00   2.7000e+00   0.0000e+00   0.0000e+00   0.0000e+00   0.0000e+00
20191012_19:00:00   0.0000e+00   2.7000e+00   0.0000e+00   0.0000e+00   0.0000e+00   0.0000e+00
20191012_20:00:00   0.0000e+00   0.0000e+00   0.0000e+00   0.0000e+00   0.0000e+00   0.0000e+00
20191012_21:00:00   1.0427e-01   3.0700e+01   2.4288e+00   0.0000e+00   0.0000e+00   2.5850e+02
20191012_22:00:00   1.1376e-01   3.3048e+01   2.6411e+00   0.0000e+00   0.0000e+00   2.5858e+02
20191012_23:00:00   0.0000e+00   0.0000e+00   0.0000e+00   0.0000e+00   0.0000e+00   0.0000e+00
20191013_00:00:00   0.0000e+00   2.7000e+00   0.0000e+00   0.0000e+00   0.0000e+00   0.0000e+00
20191013_01:00:00   1.4888e-01   4.0944e+01   3.5311e+00   0.0000e+00   0.0000e+00   2.6054e+02
20191013_02:00:00   0.0000e+00   2.7000e+00   0.0000e+00   0.0000e+00   0.0000e+00   0.0000e+00
20191013_03:00:00   0.0000e+00   0.0000e+00   0.0000e+00   0.0000e+00   0.0000e+00   0.0000e+00
20191013_04:00:00   1.2556e-01   3.5722e+01   2.9080e+00   0.0000e+00   1.7796e-05   2.5954e+02
20191013_05:00:00   0.0000e+00   0.0000e+00   0.0000e+00   0.0000e+00   0.0000e+00   0.0000e+00
20191013_06:00:00   0.0000e+00   0.0000e+00   0.0000e+00   0.0000e+00   0.0000e+00   0.0000e+00
20191013_07:00:00   0.0000e+00   2.7000e+00   0.0000e+00   0.0000e+00   0.0000e+00   0.0000e+00
20191013_08:00:00   0.0000e+00   2.7000e+00   0.0000e+00   0.0000e+00   0.0000e+00   0.0000e+00
20191013_09:00:00   1.2633e-01   3.5783e+01   2.9353e+00   0.0000e+00   0.0000e+00   2.6020e+02
20191013_10:00:00   0.0000e+00   2.7000e+00   0.0000e+00   0.0000e+00   0.0000e+00   0.0000e+00
20191013_11:00:00   4.4709e-02   1.4656e+01   4.2643e-01   0.0000e+00   1.8159e-02   1.9925e+02
20191013_12:00:00   0.0000e+00   0.0000e+00   0.0000e+00   0.0000e+00   0.0000e+00   0.0000e+00
20191013_13:00:00   5.3736e-01   1.2091e+02   1.1168e+01   0.0000e+00   0.0000e+00   2.5868e+02
20191013_14:00:00   1.4870e-01   4.0940e+01   3.4722e+00   0.0000e+00   0.0000e+00   2.5491e+02
20191013_15:00:00   0.0000e+00   0.0000e+00   0.0000e+00   0.0000e+00   0.0000e+00   0.0000e+00
20191013_16:00:00   1.6965e-01   4.5610e+01   3.9907e+00   0.0000e+00   1.5778e-04   2.5628e+02
20191013_17:00:00   1.7596e-01   4.6975e+01   4.1169e+00   5.2135e-04   6.5447e-04   2.5657e+02
20191013_18:00:00   1.6292e-01   4.4228e+01   3.7883e+00   0.0000e+00   1.9122e-04   2.5683e+02
20191013_19:00:00   1.0127e+04   2.6800e+02   2.8431e+00   0.0000e+00   3.1990e+05   2.5680e+02
20191013_20:00:00   0.0000e+00   2.7000e+00   0.0000e+00   0.0000e+00   0.0000e+00   0.0000e+00
20191013_21:00:00   0.0000e+00   2.7000e+00   0.0000e+00   0.0000e+00   0.0000e+00   0.0000e+00
20191013_22:00:00   0.0000e+00   0.0000e+00   0.0000e+00   0.0000e+00   0.0000e+00   0.0000e+00
20191013_23:00:00   0.0000e+00   0.0000e+00   0.0000e+00   0.0000e+00   0.0000e+00   0.0000e+00
20191014_00:00:00   4.0908e-02   1.3765e+01   3.6586e-01   0.0000e+00   4.4154e-03   1.9662e+02
20191014_01:00:00   0.0000e+00   0.0000e+00   0.0000e+00   0.0000e+00   0.0000e+00   0.0000e+00
20191014_02:00:00   1.8270e-01   4.9620e+01   3.4888e+00   0.0000e+00   0.0000e+00   2.7148e+02
20191014_03:00:00   1.2487e-01   3.5627e+01   2.7595e+00   0.0000e+00   0.0000e+00   2.6065e+02
20191014_04:00:00   1.4130e-01   3.9036e+01   3.0828e+00   0.0000e+00   0.0000e+00   2.6263e+02
20191014_05:00:00   0.0000e+00   0.0000e+00   0.0000e+00   0.0000e+00   0.0000e+00   0.0000e+00
20191014_06:00:00   1.4508e-01   4.0188e+01   3.1617e+00   0.0000e+00   0.0000e+00   2.6088e+02
20191014_07:00:00   1.0534e-01   3.1075e+01   2.4836e+00   0.0000e+00   1.6318e-06   2.5464e+02
20191014_08:00:00   1.7574e-01   4.6828e+01   3.8009e+00   0.0000e+00   5.9103e-04   2.6069e+02
20191014_09:00:00   1.6182e-01   4.3834e+01   3.4874e+00   0.0000e+00   0.0000e+00   2.6028e+02
20191014_10:00:00   0.0000e+00   0.0000e+00   0.0000e+00   0.0000e+00   0.0000e+00   0.0000e+00
20191014_11:00:00   0.0000e+00   2.7000e+00   0.0000e+00   0.0000e+00   0.0000e+00   0.0000e+00
20191014_12:00:00   0.0000e+00   0.0000e+00   0.0000e+00   0.0000e+00   0.0000e+00   0.0000e+00
20191014_13:00:00   0.0000e+00   0.0000e+00   0.0000e+00   0.0000e+00   0.0000e+00   0.0000e+00
20191014_14:00:00   0.0000e+00   0.0000e+00   0.0000e+00   0.0000e+00   0.0000e+00   0.0000e+00
20191014_15:00:00   0.0000e+00   2.7000e+00   0.0000e+00   0.0000e+00   0.0000e+00   0.0000e+00
20191014_16:00:00   1.6102e-01   4.3679e+01   3.5588e+00   0.0000e+00   0.0000e+00   2.6266e+02
20191014_17:00:00   1.7026e-01   4.5702e+01   3.7642e+00   1.4194e-04   1.8926e-05   2.6121e+02
20191014_18:00:00   1.8368e-01   4.8548e+01   4.0578e+00   4.1020e-04   9.6060e-04   2.6083e+02
20191014_19:00:00   1.9259e-01   5.0408e+01   4.3052e+00   0.0000e+00   1.2970e-03   2.6132e+02
20191014_20:00:00   0.0000e+00   0.0000e+00   0.0000e+00   0.0000e+00   0.0000e+00   0.0000e+00
20191014_21:00:00   7.5064e+03   1.6591e+02   2.0905e-01   0.0000e+00   5.3500e+05   2.6039e+02
20191014_22:00:00   1.4854e-01   4.0774e+01   3.2771e+00   0.0000e+00   0.0000e+00   2.6280e+02
20191014_23:00:00   1.4069e-01   3.8965e+01   3.0947e+00   0.0000e+00   0.0000e+00   2.6116e+02
20191015_00:00:00   0.0000e+00   2.7000e+00   0.0000e+00   0.0000e+00   0.0000e+00   0.0000e+00
20191015_01:00:00   0.0000e+00   2.7000e+00   0.0000e+00   0.0000e+00   0.0000e+00   0.0000e+00
20191015_02:00:00   0.0000e+00   0.0000e+00   0.0000e+00   0.0000e+00   0.0000e+00   0.0000e+00
20191015_03:00:00   1.3656e-06   2.7008e+00   0.0000e+00   0.0000e+00   0.0000e+00   5.4964e+00
20191015_04:00:00   0.0000e+00   0.0000e+00   0.0000e+00   0.0000e+00   0.0000e+00   0.0000e+00
20191015_05:00:00   8.2466e-02   2.5429e+01   1.7708e+00   0.0000e+00   0.0000e+00   2.6056e+02
20191015_06:00:00   8.0500e-02   2.4926e+01   1.7275e+00   0.0000e+00   0.0000e+00   2.6116e+02
20191015_07:00:00   0.0000e+00   0.0000e+00   0.0000e+00   0.0000e+00   0.0000e+00   0.0000e+00
20191015_08:00:00   7.7077e-02   2.4082e+01   1.6495e+00   0.0000e+00   0.0000e+00   2.6114e+02
20191015_09:00:00   0.0000e+00   0.0000e+00   0.0000e+00   0.0000e+00   0.0000e+00   0.0000e+00
20191015_10:00:00   0.0000e+00   0.0000e+00   0.0000e+00   0.0000e+00   0.0000e+00   0.0000e+00
20191015_11:00:00   0.0000e+00   2.7000e+00   0.0000e+00   0.0000e+00   0.0000e+00   0.0000e+00
20191015_12:00:00   6.5008e-02   2.1136e+01   1.3644e+00   0.0000e+00   0.0000e+00   2.6131e+02
20191015_13:00:00   6.3859e-02   2.0873e+01   1.3364e+00   0.0000e+00   0.0000e+00   2.6215e+02
20191015_14:00:00   6.4312e-02   2.1006e+01   1.3499e+00   0.0000e+00   0.0000e+00   2.6151e+02
20191015_15:00:00   0.0000e+00   0.0000e+00   0.0000e+00   0.0000e+00   0.0000e+00   0.0000e+00
20191015_16:00:00   7.1753e-02   2.2906e+01   1.5382e+00   0.0000e+00   0.0000e+00   2.5828e+02
20191015_17:00:00   0.0000e+00   0.0000e+00   0.0000e+00   0.0000e+00   0.0000e+00   0.0000e+00
20191015_18:00:00   8.9252e-02   2.7224e+01   1.9612e+00   0.0000e+00   0.0000e+00   2.5778e+02
20191015_19:00:00   0.0000e+00   0.0000e+00   0.0000e+00   0.0000e+00   0.0000e+00   0.0000e+00
20191015_20:00:00   1.0191e-01   3.0218e+01   2.2662e+00   0.0000e+00   0.0000e+00   2.5938e+02
20191015_21:00:00   1.0536e-01   3.1006e+01   2.3498e+00   0.0000e+00   0.0000e+00   2.5957e+02
20191015_22:00:00   1.1021e-01   3.1887e+01   2.4737e+00   0.0000e+00   0.0000e+00   2.5867e+02
20191015_23:00:00   0.0000e+00   0.0000e+00   0.0000e+00   0.0000e+00   0.0000e+00   0.0000e+00
20191016_00:00:00   1.1129e-01   3.2260e+01   2.5355e+00   0.0000e+00   0.0000e+00   2.5800e+02
20191016_01:00:00   0.0000e+00   0.0000e+00   0.0000e+00   0.0000e+00   0.0000e+00   0.0000e+00
20191016_02:00:00   0.0000e+00   0.0000e+00   0.0000e+00   0.0000e+00   0.0000e+00   0.0000e+00
20191016_03:00:00   1.1147e-01   3.2278e+01   2.5802e+00   0.0000e+00   0.0000e+00   2.5818e+02
20191016_04:00:00   0.0000e+00   2.7000e+00   0.0000e+00   0.0000e+00   0.0000e+00   0.0000e+00
20191016_05:00:00   0.0000e+00   2.7000e+00   0.0000e+00   0.0000e+00   0.0000e+00   0.0000e+00
20191016_06:00:00   0.0000e+00   2.7000e+00   0.0000e+00   0.0000e+00   0.0000e+00   0.0000e+00
20191016_07:00:00   0.0000e+00   0.0000e+00   0.0000e+00   0.0000e+00   0.0000e+00   0.0000e+00
20191016_08:00:00   0.0000e+00   0.0000e+00   0.0000e+00   0.0000e+00   0.0000e+00   0.0000e+00
20191016_09:00:00   0.0000e+00   0.0000e+00   0.0000e+00   0.0000e+00   0.0000e+00   0.0000e+00
20191016_10:00:00   0.0000e+00   0.0000e+00   0.0000e+00   0.0000e+00   0.0000e+00   0.0000e+00
20191016_11:00:00   0.0000e+00   0.0000e+00   0.0000e+00   0.0000e+00   0.0000e+00   0.0000e+00
20191016_12:00:00   1.7420e-01   4.6178e+01   4.1232e+00   0.0000e+00   8.3081e-06   2.5896e+02
20191016_13:00:00   1.7499e-01   4.6373e+01   4.1386e+00   0.0000e+00   2.9367e-04   2.5796e+02
20191016_14:00:00   3.3699e-01   7.9975e+01   7.8994e+00   0.0000e+00   4.8809e-02   2.5495e+02
20191016_15:00:00   1.7171e-01   4.5807e+01   4.0238e+00   0.0000e+00   4.3359e-05   2.5756e+02
20191016_16:00:00   1.6529e-01   4.4566e+01   3.8394e+00   0.0000e+00   2.8200e-06   2.5630e+02
20191016_17:00:00   1.1124e-01   3.2136e+01   2.5139e+00   0.0000e+00   0.0000e+00   2.5849e+02
20191016_18:00:00   1.5841e-01   4.3016e+01   3.6603e+00   0.0000e+00   7.5700e-07   2.5391e+02
20191016_19:00:00   1.4747e-01   4.0588e+01   3.3839e+00   0.0000e+00   7.5700e-07   2.5420e+02
20191016_20:00:00   1.9352e-01   5.1255e+01   4.3745e+00   0.0000e+00   0.0000e+00   2.5453e+02
20191016_21:00:00   0.0000e+00   2.7000e+00   0.0000e+00   0.0000e+00   0.0000e+00   0.0000e+00
20191016_22:00:00   4.0032e-01   9.2202e+01   8.5851e+00   0.0000e+00   0.0000e+00   2.6469e+02
20191016_23:00:00   1.2622e-01   3.5617e+01   2.8649e+00   0.0000e+00   0.0000e+00   2.5924e+02
20191017_00:00:00   0.0000e+00   0.0000e+00   0.0000e+00   0.0000e+00   0.0000e+00   0.0000e+00
20191017_01:00:00   3.5172e-01   8.3592e+01   7.2795e+00   6.5470e-04   8.7930e-05   2.5726e+02
20191017_02:00:00   1.2048e-01   3.4286e+01   2.7093e+00   0.0000e+00   0.0000e+00   2.5504e+02
20191017_03:00:00   0.0000e+00   0.0000e+00   0.0000e+00   0.0000e+00   0.0000e+00   0.0000e+00
20191017_04:00:00   1.2827e-01   3.5979e+01   2.8715e+00   0.0000e+00   0.0000e+00   2.5547e+02
20191017_05:00:00   0.0000e+00   0.0000e+00   0.0000e+00   0.0000e+00   0.0000e+00   0.0000e+00
20191017_06:00:00   7.1829e-02   2.2703e+01   1.5044e+00   0.0000e+00   0.0000e+00   2.5564e+02
20191017_07:00:00   0.0000e+00   0.0000e+00   0.0000e+00   0.0000e+00   0.0000e+00   0.0000e+00
20191017_08:00:00   1.1189e-01   3.2150e+01   2.4454e+00   0.0000e+00   0.0000e+00   2.5417e+02
20191017_09:00:00   0.0000e+00   0.0000e+00   0.0000e+00   0.0000e+00   0.0000e+00   0.0000e+00
20191017_10:00:00   9.7710e-02   2.8872e+01   2.1010e+00   0.0000e+00   0.0000e+00   2.5440e+02
20191017_11:00:00   0.0000e+00   0.0000e+00   0.0000e+00   0.0000e+00   0.0000e+00   0.0000e+00
20191017_12:00:00   9.4689e-02   2.8163e+01   2.0359e+00   0.0000e+00   0.0000e+00   2.5517e+02
20191017_15:00:00   0.0000e+00   0.0000e+00   0.0000e+00   0.0000e+00   0.0000e+00   0.0000e+00
20191017_18:00:00   0.0000e+00   0.0000e+00   0.0000e+00   0.0000e+00   0.0000e+00   0.0000e+00
20191017_21:00:00   9.1756e-02   2.7606e+01   1.9902e+00   0.0000e+00   0.0000e+00   2.5713e+02
20191018_00:00:00   0.0000e+00   2.7000e+00   0.0000e+00   0.0000e+00   0.0000e+00   0.0000e+00
20191018_03:00:00   0.0000e+00   0.0000e+00   0.0000e+00   0.0000e+00   0.0000e+00   0.0000e+00
20191018_06:00:00   0.0000e+00   0.0000e+00   0.0000e+00   0.0000e+00   0.0000e+00   0.0000e+00
20191018_09:00:00   0.0000e+00   2.7000e+00   0.0000e+00   0.0000e+00   0.0000e+00   0.0000e+00
20191018_12:00:00   0.0000e+00   2.7000e+00   0.0000e+00   0.0000e+00   0.0000e+00   0.0000e+00
20191018_15:00:00   0.0000e+00   0.0000e+00   0.0000e+00   0.0000e+00   0.0000e+00   0.0000e+00
20191018_18:00:00   1.2007e-01   3.4220e+01   2.6706e+00   0.0000e+00   0.0000e+00   2.5288e+02
20191018_21:00:00   0.0000e+00   0.0000e+00   0.0000e+00   0.0000e+00   0.0000e+00   0.0000e+00
20191019_00:00:00   0.0000e+00   0.0000e+00   0.0000e+00   0.0000e+00   0.0000e+00   0.0000e+00
20191019_03:00:00   3.3227e-01   8.0126e+01   6.4875e+00   0.0000e+00   1.7305e-03   2.6939e+02
20191019_06:00:00   0.0000e+00   0.0000e+00   0.0000e+00   0.0000e+00   0.0000e+00   0.0000e+00
20191019_09:00:00   0.0000e+00   2.7000e+00   0.0000e+00   0.0000e+00   0.0000e+00   0.0000e+00
20191019_12:00:00   0.0000e+00   0.0000e+00   0.0000e+00   0.0000e+00   0.0000e+00   0.0000e+00
20191019_15:00:00   1.3763e-01   3.7921e+01   3.0302e+00   0.0000e+00   6.1787e-05   2.5639e+02
20191019_18:00:00   3.0283e-01   7.3565e+01   6.4590e+00   0.0000e+00   8.6878e-04   2.5887e+02
20191019_21:00:00   3.2227e+03   2.1781e+02   9.4729e-01   0.0000e+00   1.6300e+05   2.6082e+02
20191020_00:00:00   4.7544e-01   1.0980e+02   8.6537e+00   0.0000e+00   0.0000e+00   2.6299e+02
20191020_03:00:00   0.0000e+00   0.0000e+00   0.0000e+00   0.0000e+00   0.0000e+00   0.0000e+00
20191020_06:00:00   3.4364e-02   1.3237e+01   5.5323e-01   0.0000e+00   0.0000e+00   2.6246e+02
20191020_09:00:00   1.8947e-01   5.2145e+01   3.5238e+00   0.0000e+00   0.0000e+00   2.6578e+02
20191020_12:00:00   3.3485e-02   1.2935e+01   5.5373e-01   0.0000e+00   0.0000e+00   2.6531e+02
20191020_15:00:00   3.8734e-02   1.4284e+01   6.9482e-01   0.0000e+00   0.0000e+00   2.6650e+02
20191020_18:00:00   0.0000e+00   0.0000e+00   0.0000e+00   0.0000e+00   0.0000e+00   0.0000e+00
20191020_21:00:00   9.9212e-02   2.9151e+01   2.1470e+00   0.0000e+00   0.0000e+00   2.6844e+02
20191021_00:00:00   0.0000e+00   0.0000e+00   0.0000e+00   0.0000e+00   0.0000e+00   0.0000e+00
20191021_03:00:00   0.0000e+00   0.0000e+00   0.0000e+00   0.0000e+00   0.0000e+00   0.0000e+00
20191021_06:00:00   0.0000e+00   0.0000e+00   0.0000e+00   0.0000e+00   0.0000e+00   0.0000e+00
20191021_09:00:00   0.0000e+00   0.0000e+00   0.0000e+00   0.0000e+00   0.0000e+00   0.0000e+00
20191021_12:00:00   6.3810e-02   2.0640e+01   1.3481e+00   0.0000e+00   0.0000e+00   2.6295e+02
20191021_15:00:00   6.0899e-02   1.9981e+01   1.2758e+00   0.0000e+00   0.0000e+00   2.6469e+02
20191021_18:00:00   5.8120e-02   1.9281e+01   1.2227e+00   0.0000e+00   0.0000e+00   2.6314e+02
20191021_21:00:00   6.4135e-02   2.0706e+01   1.3916e+00   0.0000e+00   0.0000e+00   2.6556e+02
20191022_00:00:00   3.4086e-02   1.3099e+01   5.9226e-01   0.0000e+00   0.0000e+00   2.6836e+02
20191022_03:00:00   0.0000e+00   2.7000e+00   0.0000e+00   0.0000e+00   0.0000e+00   0.0000e+00
20191022_06:00:00   0.0000e+00   2.7000e+00   0.0000e+00   0.0000e+00   0.0000e+00   0.0000e+00
20191022_09:00:00   5.2788e-02   1.7824e+01   1.1052e+00   0.0000e+00   5.4560e-06   2.6443e+02
20191022_12:00:00   0.0000e+00   2.7000e+00   0.0000e+00   0.0000e+00   0.0000e+00   0.0000e+00
20191022_15:00:00   4.6756e-02   1.6297e+01   9.6805e-01   0.0000e+00   0.0000e+00   2.6381e+02
20191022_18:00:00   0.0000e+00   0.0000e+00   0.0000e+00   0.0000e+00   0.0000e+00   0.0000e+00
20191022_21:00:00   6.1774e-02   2.0165e+01   1.3423e+00   0.0000e+00   7.7540e-06   2.6272e+02
20191023_00:00:00   0.0000e+00   0.0000e+00   0.0000e+00   0.0000e+00   0.0000e+00   0.0000e+00
20191023_03:00:00   3.8339e+03   2.3011e+02   5.1871e-01   0.0000e+00   1.6870e+05   2.6228e+02
20191023_06:00:00   5.8048e-02   1.7870e+01   6.7767e-01   0.0000e+00   6.5675e-03   2.6944e+02
20191023_09:00:00   0.0000e+00   0.0000e+00   0.0000e+00   0.0000e+00   0.0000e+00   0.0000e+00
20191023_12:00:00   4.0406e-01   9.2037e+01   9.0478e+00   1.3580e-03   2.6518e-03   2.5049e+02
20191023_15:00:00   0.0000e+00   0.0000e+00   0.0000e+00   0.0000e+00   0.0000e+00   0.0000e+00
20191023_18:00:00   4.6103e-02   1.6253e+01   9.3524e-01   0.0000e+00   1.0651e-03   2.6233e+02
20191023_21:00:00   4.4903e-02   1.5985e+01   8.9389e-01   0.0000e+00   1.2122e-05   2.6265e+02
20191024_00:00:00   0.0000e+00   0.0000e+00   0.0000e+00   0.0000e+00   0.0000e+00   0.0000e+00
20191024_03:00:00   3.4190e-01   8.1142e+01   7.6118e+00   0.0000e+00   1.1886e-02   2.4810e+02
20191024_06:00:00   0.0000e+00   0.0000e+00   0.0000e+00   0.0000e+00   0.0000e+00   0.0000e+00
20191024_09:00:00   6.9624e-02   2.2006e+01   1.5414e+00   0.0000e+00   3.2479e-03   2.6199e+02
20191024_12:00:00   0.0000e+00   0.0000e+00   0.0000e+00   0.0000e+00   0.0000e+00   0.0000e+00
20191024_15:00:00   0.0000e+00   2.7000e+00   0.0000e+00   0.0000e+00   0.0000e+00   0.0000e+00
20191024_18:00:00   7.2457e-02   2.2863e+01   1.5872e+00   0.0000e+00   1.3425e-03   2.6230e+02
20191024_21:00:00   6.8097e-02   2.1708e+01   1.4879e+00   0.0000e+00   2.3319e-03   2.6245e+02
20191025_00:00:00   0.0000e+00   0.0000e+00   0.0000e+00   0.0000e+00   0.0000e+00   0.0000e+00
20191025_03:00:00   1.0331e-01   3.0487e+01   2.2030e+00   0.0000e+00   1.2198e-02   2.6185e+02
20191025_06:00:00   6.2842e-02   2.0324e+01   1.3604e+00   0.0000e+00   7.5391e-03   2.6132e+02
20191025_09:00:00   0.0000e+00   0.0000e+00   0.0000e+00   0.0000e+00   0.0000e+00   0.0000e+00
20191025_12:00:00   1.7419e-01   4.7289e+01   3.4669e+00   0.0000e+00   0.0000e+00   2.7478e+02
20191025_15:00:00   0.0000e+00   2.7000e+00   0.0000e+00   0.0000e+00   0.0000e+00   0.0000e+00
20191025_18:00:00   8.8778e-02   2.6679e+01   1.9695e+00   0.0000e+00   0.0000e+00   2.6387e+02
20191025_21:00:00   9.0864e-02   2.7140e+01   2.0070e+00   0.0000e+00   0.0000e+00   2.6549e+02
20191026_00:00:00   7.8907e-02   2.4286e+01   1.6729e+00   0.0000e+00   0.0000e+00   2.6535e+02
20191026_03:00:00   0.0000e+00   2.7000e+00   0.0000e+00   0.0000e+00   0.0000e+00   0.0000e+00
20191026_06:00:00   0.0000e+00   2.7000e+00   0.0000e+00   0.0000e+00   0.0000e+00   0.0000e+00
20191026_09:00:00   0.0000e+00   0.0000e+00   0.0000e+00   0.0000e+00   0.0000e+00   0.0000e+00
20191026_12:00:00   5.9793e-02   1.9543e+01   1.2326e+00   0.0000e+00   0.0000e+00   2.6384e+02
20191026_15:00:00   7.3852e-02   2.2994e+01   1.5953e+00   0.0000e+00   0.0000e+00   2.6478e+02
20191026_18:00:00   0.0000e+00   0.0000e+00   0.0000e+00   0.0000e+00   0.0000e+00   0.0000e+00
20191026_21:00:00   0.0000e+00   0.0000e+00   0.0000e+00   0.0000e+00   0.0000e+00   0.0000e+00
20191027_00:00:00   8.5825e-02   2.6059e+01   1.8696e+00   0.0000e+00   2.4560e-05   2.6156e+02
20191027_03:00:00   9.7270e-02   2.8430e+01   2.1289e+00   0.0000e+00   0.0000e+00   2.6187e+02
20191027_06:00:00   0.0000e+00   2.7000e+00   0.0000e+00   0.0000e+00   0.0000e+00   0.0000e+00
20191027_09:00:00   0.0000e+00   0.0000e+00   0.0000e+00   0.0000e+00   0.0000e+00   0.0000e+00
20191027_12:00:00   7.4342e-02   2.2996e+01   1.5687e+00   0.0000e+00   0.0000e+00   2.6895e+02
20191027_15:00:00   6.9357e-02   2.1898e+01   1.4384e+00   0.0000e+00   0.0000e+00   2.7050e+02
20191027_18:00:00   9.9219e-02   2.9828e+01   2.0778e+00   0.0000e+00   0.0000e+00   2.5281e+02
20191027_21:00:00   0.0000e+00   0.0000e+00   0.0000e+00   0.0000e+00   0.0000e+00   0.0000e+00
20191028_00:00:00   6.2680e-02   2.0295e+01   1.2616e+00   0.0000e+00   0.0000e+00   2.7192e+02
20191028_03:00:00   1.0288e+04   2.6780e+02   9.6222e-01   0.0000e+00   3.2850e+05   2.7019e+02
20191028_06:00:00   3.9654e-02   1.4614e+01   6.8814e-01   0.0000e+00   0.0000e+00   2.7011e+02
20191028_09:00:00   3.1245e-02   1.2415e+01   4.8630e-01   0.0000e+00   0.0000e+00   2.7128e+02
20191028_12:00:00   2.7815e-02   1.1500e+01   4.0734e-01   0.0000e+00   0.0000e+00   2.7524e+02
