#            date       tau225        Tb[K]      pwv[mm] lwp[kg*m^-2] iwp[kg*m^-2]       o3[DU]
20191010_12:00:00   2.7885e-02   1.1449e+01   4.5895e-01   0.0000e+00   0.0000e+00   2.6131e+02
20191010_13:00:00   0.0000e+00   2.7000e+00   0.0000e+00   0.0000e+00   0.0000e+00   0.0000e+00
20191010_14:00:00   0.0000e+00   0.0000e+00   0.0000e+00   0.0000e+00   0.0000e+00   0.0000e+00
20191010_15:00:00   3.8681e-02   1.4424e+01   7.3765e-01   0.0000e+00   0.0000e+00   2.6206e+02
20191010_16:00:00   4.5747e-02   1.6290e+01   9.2211e-01   0.0000e+00   0.0000e+00   2.6280e+02
20191010_17:00:00   0.0000e+00   2.7000e+00   0.0000e+00   0.0000e+00   0.0000e+00   0.0000e+00
20191010_18:00:00   5.9420e-02   1.9774e+01   1.2860e+00   0.0000e+00   0.0000e+00   2.6027e+02
20191010_19:00:00   0.0000e+00   0.0000e+00   0.0000e+00   0.0000e+00   0.0000e+00   0.0000e+00
20191010_20:00:00   0.0000e+00   0.0000e+00   0.0000e+00   0.0000e+00   0.0000e+00   0.0000e+00
20191010_21:00:00   0.0000e+00   0.0000e+00   0.0000e+00   0.0000e+00   0.0000e+00   0.0000e+00
20191010_22:00:00   6.3236e-02   2.0844e+01   1.3579e+00   0.0000e+00   0.0000e+00   2.5983e+02
20191010_23:00:00   6.0478e-02   2.0163e+01   1.2760e+00   0.0000e+00   0.0000e+00   2.5919e+02
20191011_00:00:00   5.6207e-02   1.9020e+01   1.1795e+00   0.0000e+00   0.0000e+00   2.5963e+02
20191011_01:00:00   0.0000e+00   0.0000e+00   0.0000e+00   0.0000e+00   0.0000e+00   0.0000e+00
20191011_02:00:00   0.0000e+00   0.0000e+00   0.0000e+00   0.0000e+00   0.0000e+00   0.0000e+00
20191011_03:00:00   0.0000e+00   0.0000e+00   0.0000e+00   0.0000e+00   0.0000e+00   0.0000e+00
20191011_04:00:00   8.2663e-02   2.5362e+01   1.8860e+00   0.0000e+00   0.0000e+00   2.5841e+02
20191011_05:00:00   7.1322e-02   2.2743e+01   1.5723e+00   0.0000e+00   0.0000e+00   2.5846e+02
20191011_06:00:00   2.4170e-01   6.3639e+01   5.1951e+00   0.0000e+00   0.0000e+00   2.6254e+02
20191011_07:00:00   6.5772e-02   2.1394e+01   1.4183e+00   0.0000e+00   5.1170e-05   2.6246e+02
20191011_08:00:00   6.1647e-02   2.0343e+01   1.3146e+00   0.0000e+00   3.4800e-05   2.6195e+02
20191011_09:00:00   6.1159e-02   2.0152e+01   1.3171e+00   0.0000e+00   2.3232e-07   2.6134e+02
20191011_10:00:00   6.4485e-02   2.0956e+01   1.4073e+00   0.0000e+00   0.0000e+00   2.6160e+02
20191011_11:00:00   6.7024e-02   2.1580e+01   1.4733e+00   0.0000e+00   0.0000e+00   2.6301e+02
20191011_12:00:00   6.8851e-02   2.2024e+01   1.5220e+00   0.0000e+00   0.0000e+00   2.6224e+02
20191011_13:00:00   7.4686e-02   2.3523e+01   1.6633e+00   0.0000e+00   0.0000e+00   2.6133e+02
20191011_14:00:00   7.9337e-02   2.4694e+01   1.7824e+00   0.0000e+00   0.0000e+00   2.5986e+02
20191011_15:00:00   0.0000e+00   0.0000e+00   0.0000e+00   0.0000e+00   0.0000e+00   0.0000e+00
20191011_16:00:00   0.0000e+00   0.0000e+00   0.0000e+00   0.0000e+00   0.0000e+00   0.0000e+00
20191011_17:00:00   1.1978e-01   3.4249e+01   2.8490e+00   0.0000e+00   9.1407e-05   2.5851e+02
20191011_18:00:00   1.3531e-01   3.7660e+01   3.1824e+00   1.8962e-03   8.1937e-03   2.5886e+02
20191011_19:00:00   1.3441e-01   3.7429e+01   3.2454e+00   0.0000e+00   9.2842e-03   2.5883e+02
20191011_20:00:00   0.0000e+00   0.0000e+00   0.0000e+00   0.0000e+00   0.0000e+00   0.0000e+00
20191011_21:00:00   0.0000e+00   0.0000e+00   0.0000e+00   0.0000e+00   0.0000e+00   0.0000e+00
20191011_22:00:00   8.9439e-02   2.7257e+01   2.0393e+00   0.0000e+00   0.0000e+00   2.5801e+02
20191011_23:00:00   0.0000e+00   0.0000e+00   0.0000e+00   0.0000e+00   0.0000e+00   0.0000e+00
20191012_00:00:00   1.4861e-01   4.0543e+01   3.5295e+00   1.1206e-03   2.5044e-02   2.5847e+02
20191012_01:00:00   2.0969e-01   5.4543e+01   4.9061e+00   0.0000e+00   4.7601e-02   2.5950e+02
20191012_02:00:00   1.4714e-01   4.0251e+01   3.5196e+00   0.0000e+00   4.0396e-03   2.6041e+02
20191012_03:00:00   1.4721e-01   4.0437e+01   3.4884e+00   0.0000e+00   5.3341e-05   2.6006e+02
20191012_04:00:00   1.5251e-01   4.1737e+01   3.5985e+00   0.0000e+00   7.5700e-07   2.5937e+02
20191012_05:00:00   1.5713e-01   4.2717e+01   3.7270e+00   0.0000e+00   1.8748e-04   2.5921e+02
20191012_06:00:00   1.6787e-01   4.5043e+01   3.9907e+00   0.0000e+00   1.6194e-03   2.5953e+02
20191012_07:00:00   1.6100e-01   4.3722e+01   3.7782e+00   0.0000e+00   0.0000e+00   2.5900e+02
20191012_08:00:00   1.5705e-01   4.2931e+01   3.6582e+00   0.0000e+00   0.0000e+00   2.5735e+02
20191012_09:00:00   0.0000e+00   0.0000e+00   0.0000e+00   0.0000e+00   0.0000e+00   0.0000e+00
20191012_10:00:00   1.3681e-01   3.8180e+01   3.1942e+00   0.0000e+00   0.0000e+00   2.6077e+02
20191012_12:00:00   1.4672e-01   4.0665e+01   3.3935e+00   0.0000e+00   0.0000e+00   2.5849e+02
20191012_13:00:00   1.4829e-01   4.1079e+01   3.4285e+00   0.0000e+00   0.0000e+00   2.5823e+02
20191012_14:00:00   1.4872e-01   4.1193e+01   3.4482e+00   0.0000e+00   0.0000e+00   2.5854e+02
20191012_15:00:00   1.5037e-01   4.1523e+01   3.5176e+00   0.0000e+00   0.0000e+00   2.5867e+02
20191012_16:00:00   1.6238e-01   4.4116e+01   3.8482e+00   0.0000e+00   3.0640e-04   2.5883e+02
20191012_17:00:00   1.8468e-01   4.8863e+01   4.3101e+00   2.1800e-03   2.6750e-02   2.5820e+02
20191012_18:00:00   1.8978e-01   5.0075e+01   4.5030e+00   0.0000e+00   3.3899e-02   2.5835e+02
20191012_19:00:00   1.7829e-01   4.7648e+01   4.2237e+00   0.0000e+00   2.1368e-03   2.5953e+02
20191012_20:00:00   1.6109e-01   4.3793e+01   3.8167e+00   0.0000e+00   2.0656e-04   2.6053e+02
20191012_21:00:00   1.6015e-01   4.3451e+01   3.8303e+00   0.0000e+00   1.3391e-04   2.6152e+02
20191013_00:00:00   0.0000e+00   2.7000e+00   0.0000e+00   0.0000e+00   0.0000e+00   0.0000e+00
20191013_01:00:00   0.0000e+00   0.0000e+00   0.0000e+00   0.0000e+00   0.0000e+00   0.0000e+00
20191013_02:00:00   1.6194e-01   4.3679e+01   3.8543e+00   0.0000e+00   6.0736e-03   2.6065e+02
20191013_03:00:00   1.3896e-01   3.8714e+01   3.2522e+00   0.0000e+00   5.7014e-04   2.6028e+02
20191013_04:00:00   1.2467e-01   3.5575e+01   2.8678e+00   0.0000e+00   0.0000e+00   2.6008e+02
20191013_05:00:00   0.0000e+00   0.0000e+00   0.0000e+00   0.0000e+00   0.0000e+00   0.0000e+00
20191013_06:00:00   1.4519e-01   4.0210e+01   3.3687e+00   0.0000e+00   0.0000e+00   2.6039e+02
20191013_07:00:00   1.2498e-01   3.5486e+01   2.8932e+00   0.0000e+00   0.0000e+00   2.6017e+02
20191013_08:00:00   0.0000e+00   2.7000e+00   0.0000e+00   0.0000e+00   0.0000e+00   0.0000e+00
20191013_09:00:00   1.4026e-01   3.9110e+01   3.2245e+00   0.0000e+00   0.0000e+00   2.5830e+02
20191013_10:00:00   0.0000e+00   0.0000e+00   0.0000e+00   0.0000e+00   0.0000e+00   0.0000e+00
20191013_11:00:00   1.4593e-01   4.0349e+01   3.3578e+00   0.0000e+00   0.0000e+00   2.5861e+02
20191013_12:00:00   1.5024e-01   4.1312e+01   3.4602e+00   0.0000e+00   0.0000e+00   2.5813e+02
20191013_13:00:00   1.5391e-01   4.2144e+01   3.5570e+00   0.0000e+00   0.0000e+00   2.5629e+02
20191013_15:00:00   0.0000e+00   0.0000e+00   0.0000e+00   0.0000e+00   0.0000e+00   0.0000e+00
20191013_16:00:00   1.7995e-01   4.7864e+01   4.2125e+00   4.6700e-04   1.2513e-03   2.5506e+02
20191013_17:00:00   1.8176e-01   4.8274e+01   4.2783e+00   0.0000e+00   1.4580e-02   2.5542e+02
20191013_18:00:00   4.9414e-01   1.1159e+02   1.0771e+01   0.0000e+00   8.1017e-03   2.5733e+02
20191013_19:00:00   1.5604e-01   4.2717e+01   3.6316e+00   0.0000e+00   1.1027e-03   2.5457e+02
20191013_20:00:00   1.4808e-01   4.0897e+01   3.4307e+00   0.0000e+00   0.0000e+00   2.5553e+02
20191013_21:00:00   1.3290e-01   3.7483e+01   3.0461e+00   0.0000e+00   0.0000e+00   2.5668e+02
20191013_22:00:00   0.0000e+00   0.0000e+00   0.0000e+00   0.0000e+00   0.0000e+00   0.0000e+00
20191013_23:00:00   0.0000e+00   0.0000e+00   0.0000e+00   0.0000e+00   0.0000e+00   0.0000e+00
20191014_00:00:00   1.4814e-01   4.0762e+01   3.3834e+00   0.0000e+00   0.0000e+00   2.5948e+02
20191014_01:00:00   1.4517e-01   4.0146e+01   3.2950e+00   0.0000e+00   0.0000e+00   2.6138e+02
20191014_02:00:00   0.0000e+00   0.0000e+00   0.0000e+00   0.0000e+00   0.0000e+00   0.0000e+00
20191014_03:00:00   1.5356e-01   4.2056e+01   3.4837e+00   0.0000e+00   0.0000e+00   2.6143e+02
20191014_04:00:00   0.0000e+00   0.0000e+00   0.0000e+00   0.0000e+00   0.0000e+00   0.0000e+00
20191014_05:00:00   1.2262e-01   3.5037e+01   2.7034e+00   0.0000e+00   0.0000e+00   2.6291e+02
20191014_06:00:00   1.2442e-01   3.5414e+01   2.7336e+00   0.0000e+00   0.0000e+00   2.6256e+02
20191014_07:00:00   1.1925e-01   3.4230e+01   2.6060e+00   0.0000e+00   0.0000e+00   2.6367e+02
20191014_08:00:00   0.0000e+00   0.0000e+00   0.0000e+00   0.0000e+00   0.0000e+00   0.0000e+00
20191014_09:00:00   1.1658e-01   3.3586e+01   2.5305e+00   0.0000e+00   0.0000e+00   2.6436e+02
20191014_10:00:00   1.1914e-01   3.4145e+01   2.5936e+00   0.0000e+00   0.0000e+00   2.6460e+02
20191014_11:00:00   1.2974e-01   3.6499e+01   2.8566e+00   0.0000e+00   0.0000e+00   2.6396e+02
20191014_12:00:00   1.3579e-01   3.7852e+01   3.0095e+00   0.0000e+00   0.0000e+00   2.6418e+02
20191014_13:00:00   1.4127e-01   3.9138e+01   3.1411e+00   0.0000e+00   0.0000e+00   2.6357e+02
20191014_14:00:00   0.0000e+00   2.7000e+00   0.0000e+00   0.0000e+00   0.0000e+00   0.0000e+00
20191014_15:00:00   0.0000e+00   2.7000e+00   0.0000e+00   0.0000e+00   0.0000e+00   0.0000e+00
20191014_16:00:00   1.4728e-01   4.0511e+01   3.3364e+00   0.0000e+00   3.0280e-06   2.6365e+02
20191014_17:00:00   0.0000e+00   0.0000e+00   0.0000e+00   0.0000e+00   0.0000e+00   0.0000e+00
20191014_18:00:00   1.4823e-01   4.0774e+01   3.3559e+00   0.0000e+00   3.0280e-06   2.6267e+02
20191014_19:00:00   1.5556e-01   4.2395e+01   3.5255e+00   0.0000e+00   8.3280e-06   2.6268e+02
20191014_20:00:00   0.0000e+00   0.0000e+00   0.0000e+00   0.0000e+00   0.0000e+00   0.0000e+00
20191014_21:00:00   1.4166e-01   3.9269e+01   3.1919e+00   0.0000e+00   0.0000e+00   2.6389e+02
20191014_22:00:00   0.0000e+00   0.0000e+00   0.0000e+00   0.0000e+00   0.0000e+00   0.0000e+00
20191014_23:00:00   0.0000e+00   0.0000e+00   0.0000e+00   0.0000e+00   0.0000e+00   0.0000e+00
20191015_00:00:00   0.0000e+00   0.0000e+00   0.0000e+00   0.0000e+00   0.0000e+00   0.0000e+00
20191015_01:00:00   0.0000e+00   0.0000e+00   0.0000e+00   0.0000e+00   0.0000e+00   0.0000e+00
20191015_02:00:00   1.0204e-01   3.0150e+01   2.2129e+00   0.0000e+00   0.0000e+00   2.6324e+02
20191015_03:00:00   9.9436e-02   2.9536e+01   2.1451e+00   0.0000e+00   0.0000e+00   2.6233e+02
20191015_04:00:00   9.3898e-02   2.8219e+01   2.0141e+00   0.0000e+00   0.0000e+00   2.6280e+02
20191015_05:00:00   0.0000e+00   2.7000e+00   0.0000e+00   0.0000e+00   0.0000e+00   0.0000e+00
20191015_08:00:00   7.8695e-02   2.4494e+01   1.6685e+00   0.0000e+00   0.0000e+00   2.6305e+02
20191015_09:00:00   0.0000e+00   2.7000e+00   0.0000e+00   0.0000e+00   0.0000e+00   0.0000e+00
20191015_10:00:00   0.0000e+00   0.0000e+00   0.0000e+00   0.0000e+00   0.0000e+00   0.0000e+00
20191015_11:00:00   0.0000e+00   0.0000e+00   0.0000e+00   0.0000e+00   0.0000e+00   0.0000e+00
20191015_12:00:00   6.6341e-02   2.1469e+01   1.3799e+00   0.0000e+00   0.0000e+00   2.6358e+02
20191015_15:00:00   7.0921e-02   2.2637e+01   1.5247e+00   0.0000e+00   0.0000e+00   2.6193e+02
20191015_18:00:00   0.0000e+00   2.7000e+00   0.0000e+00   0.0000e+00   0.0000e+00   0.0000e+00
20191015_21:00:00   1.0656e-01   3.1171e+01   2.3974e+00   0.0000e+00   0.0000e+00   2.6385e+02
20191016_00:00:00   9.0026e-02   2.7208e+01   1.9600e+00   0.0000e+00   0.0000e+00   2.6250e+02
20191016_03:00:00   0.0000e+00   0.0000e+00   0.0000e+00   0.0000e+00   0.0000e+00   0.0000e+00
20191016_06:00:00   6.8065e-02   2.1791e+01   1.4663e+00   0.0000e+00   0.0000e+00   2.6127e+02
20191016_09:00:00   0.0000e+00   0.0000e+00   0.0000e+00   0.0000e+00   0.0000e+00   0.0000e+00
20191016_15:00:00   0.0000e+00   0.0000e+00   0.0000e+00   0.0000e+00   0.0000e+00   0.0000e+00
20191016_18:00:00   0.0000e+00   0.0000e+00   0.0000e+00   0.0000e+00   0.0000e+00   0.0000e+00
20191016_21:00:00   7.8980e-02   2.4585e+01   1.7146e+00   0.0000e+00   0.0000e+00   2.5617e+02
20191017_00:00:00   7.0049e-02   2.2370e+01   1.4658e+00   0.0000e+00   0.0000e+00   2.5573e+02
20191017_03:00:00   5.4726e-02   1.8560e+01   1.1085e+00   0.0000e+00   0.0000e+00   2.5467e+02
20191017_09:00:00   0.0000e+00   0.0000e+00   0.0000e+00   0.0000e+00   0.0000e+00   0.0000e+00
20191017_12:00:00   4.9008e-02   1.7049e+01   9.7441e-01   0.0000e+00   0.0000e+00   2.5446e+02
20191017_15:00:00   0.0000e+00   0.0000e+00   0.0000e+00   0.0000e+00   0.0000e+00   0.0000e+00
20191017_18:00:00   7.7047e-02   2.4074e+01   1.6727e+00   0.0000e+00   0.0000e+00   2.5287e+02
20191017_21:00:00   7.5644e-02   2.3728e+01   1.6287e+00   0.0000e+00   0.0000e+00   2.5393e+02
20191018_00:00:00   0.0000e+00   0.0000e+00   0.0000e+00   0.0000e+00   0.0000e+00   0.0000e+00
20191018_03:00:00   0.0000e+00   0.0000e+00   0.0000e+00   0.0000e+00   0.0000e+00   0.0000e+00
20191018_06:00:00   5.2272e-02   1.7791e+01   1.0579e+00   0.0000e+00   7.3020e-04   2.5123e+02
20191018_09:00:00   0.0000e+00   0.0000e+00   0.0000e+00   0.0000e+00   0.0000e+00   0.0000e+00
20191018_12:00:00   5.7669e-02   1.9134e+01   1.1822e+00   0.0000e+00   7.5022e-06   2.5799e+02
20191018_15:00:00   7.7742e-02   2.4097e+01   1.6522e+00   0.0000e+00   2.5583e-04   2.5588e+02
20191018_18:00:00   1.0357e-01   3.0193e+01   2.2736e+00   0.0000e+00   2.0240e-04   2.6005e+02
20191019_00:00:00   6.7166e-02   2.1527e+01   1.3194e+00   0.0000e+00   0.0000e+00   2.5816e+02
20191019_03:00:00   0.0000e+00   0.0000e+00   0.0000e+00   0.0000e+00   0.0000e+00   0.0000e+00
20191019_06:00:00   3.4678e-02   1.3333e+01   5.7473e-01   0.0000e+00   0.0000e+00   2.6204e+02
20191019_09:00:00   0.0000e+00   0.0000e+00   0.0000e+00   0.0000e+00   0.0000e+00   0.0000e+00
20191019_12:00:00   0.0000e+00   0.0000e+00   0.0000e+00   0.0000e+00   0.0000e+00   0.0000e+00
20191019_15:00:00   0.0000e+00   0.0000e+00   0.0000e+00   0.0000e+00   0.0000e+00   0.0000e+00
20191019_21:00:00   5.2951e-02   1.8061e+01   1.0251e+00   0.0000e+00   0.0000e+00   2.7157e+02
20191020_00:00:00   4.3863e-02   1.5682e+01   8.1342e-01   0.0000e+00   0.0000e+00   2.7156e+02
20191020_03:00:00   0.0000e+00   0.0000e+00   0.0000e+00   0.0000e+00   0.0000e+00   0.0000e+00
20191020_06:00:00   2.9181e-02   1.1733e+01   4.8298e-01   0.0000e+00   0.0000e+00   2.6948e+02
20191020_09:00:00   3.0892e-02   1.2127e+01   5.3207e-01   0.0000e+00   0.0000e+00   2.6920e+02
20191020_12:00:00   3.4052e-02   1.2952e+01   6.0976e-01   0.0000e+00   0.0000e+00   2.7017e+02
20191020_15:00:00   0.0000e+00   0.0000e+00   0.0000e+00   0.0000e+00   0.0000e+00   0.0000e+00
20191020_18:00:00   0.0000e+00   0.0000e+00   0.0000e+00   0.0000e+00   0.0000e+00   0.0000e+00
20191020_21:00:00   4.9366e-02   1.7016e+01   9.9419e-01   0.0000e+00   0.0000e+00   2.6622e+02
20191021_00:00:00   5.2521e-02   1.7868e+01   1.0658e+00   0.0000e+00   0.0000e+00   2.6240e+02
20191021_03:00:00   0.0000e+00   0.0000e+00   0.0000e+00   0.0000e+00   0.0000e+00   0.0000e+00
20191021_06:00:00   5.6437e-02   1.8777e+01   1.2017e+00   0.0000e+00   0.0000e+00   2.5657e+02
20191021_12:00:00   5.9250e-02   1.9514e+01   1.2715e+00   0.0000e+00   0.0000e+00   2.5799e+02
20191021_15:00:00   5.5085e-02   1.8587e+01   1.1454e+00   0.0000e+00   0.0000e+00   2.5658e+02
20191021_18:00:00   0.0000e+00   0.0000e+00   0.0000e+00   0.0000e+00   0.0000e+00   0.0000e+00
20191021_21:00:00   4.8219e-02   1.6880e+01   9.6824e-01   0.0000e+00   0.0000e+00   2.5652e+02
20191022_00:00:00   5.2752e-02   1.7989e+01   1.0809e+00   0.0000e+00   0.0000e+00   2.5585e+02
20191022_03:00:00   4.6543e-02   1.6397e+01   9.3242e-01   0.0000e+00   0.0000e+00   2.5339e+02
20191022_06:00:00   4.4071e-02   1.5751e+01   8.6486e-01   0.0000e+00   0.0000e+00   2.5433e+02
20191022_09:00:00   0.0000e+00   0.0000e+00   0.0000e+00   0.0000e+00   0.0000e+00   0.0000e+00
20191022_12:00:00   0.0000e+00   2.7000e+00   0.0000e+00   0.0000e+00   0.0000e+00   0.0000e+00
20191022_15:00:00   0.0000e+00   2.7000e+00   0.0000e+00   0.0000e+00   0.0000e+00   0.0000e+00
20191022_18:00:00   6.1510e-02   2.0130e+01   1.3299e+00   0.0000e+00   1.4652e-04   2.5970e+02
20191022_21:00:00   0.0000e+00   2.7000e+00   0.0000e+00   0.0000e+00   0.0000e+00   0.0000e+00
20191023_00:00:00   6.9172e-02   2.1789e+01   1.5482e+00   0.0000e+00   2.5534e-04   2.5978e+02
20191023_03:00:00   7.2104e-02   2.2492e+01   1.6263e+00   0.0000e+00   0.0000e+00   2.5820e+02
20191023_06:00:00   8.4100e-02   2.5208e+01   1.9491e+00   0.0000e+00   2.2263e-04   2.5845e+02
20191023_09:00:00   9.3614e-02   2.7332e+01   2.1889e+00   0.0000e+00   4.0169e-04   2.6147e+02
20191023_12:00:00   0.0000e+00   2.7000e+00   0.0000e+00   0.0000e+00   0.0000e+00   0.0000e+00
20191023_18:00:00   9.9116e-02   2.8998e+01   2.2958e+00   0.0000e+00   3.0820e-04   2.6961e+02
20191023_21:00:00   9.8222e-02   2.8821e+01   2.2715e+00   0.0000e+00   0.0000e+00   2.6827e+02
20191024_00:00:00   9.4177e-02   2.7897e+01   2.1604e+00   0.0000e+00   0.0000e+00   2.6721e+02
20191024_03:00:00   2.4184e-01   6.2282e+01   5.1995e+00   0.0000e+00   0.0000e+00   2.6875e+02
20191024_06:00:00   9.9237e-02   2.9072e+01   2.2855e+00   0.0000e+00   0.0000e+00   2.6640e+02
20191024_09:00:00   1.0346e-01   2.9944e+01   2.3896e+00   0.0000e+00   0.0000e+00   2.6603e+02
20191024_12:00:00   1.0755e-01   3.0863e+01   2.4898e+00   0.0000e+00   0.0000e+00   2.6811e+02
20191024_15:00:00   1.1351e-01   3.2377e+01   2.6356e+00   0.0000e+00   0.0000e+00   2.6847e+02
20191024_18:00:00   0.0000e+00   0.0000e+00   0.0000e+00   0.0000e+00   0.0000e+00   0.0000e+00
20191024_21:00:00   0.0000e+00   0.0000e+00   0.0000e+00   0.0000e+00   0.0000e+00   0.0000e+00
20191025_00:00:00   6.4844e-02   2.0998e+01   1.3706e+00   0.0000e+00   2.5986e-06   2.6455e+02
20191025_03:00:00   5.7107e-02   1.9120e+01   1.1867e+00   0.0000e+00   6.4080e-07   2.6237e+02
20191025_06:00:00   5.7319e-02   1.9187e+01   1.1893e+00   0.0000e+00   3.1690e-05   2.6168e+02
20191025_09:00:00   5.3527e-02   1.8250e+01   1.0965e+00   0.0000e+00   3.1710e-05   2.6058e+02
20191025_12:00:00   5.0055e-02   1.7386e+01   1.0085e+00   0.0000e+00   3.6037e-05   2.6253e+02
20191025_15:00:00   0.0000e+00   2.7000e+00   0.0000e+00   0.0000e+00   0.0000e+00   0.0000e+00
20191025_18:00:00   5.8049e-02   1.9433e+01   1.2368e+00   0.0000e+00   3.8504e-05   2.6286e+02
20191026_00:00:00   0.0000e+00   0.0000e+00   0.0000e+00   0.0000e+00   0.0000e+00   0.0000e+00
20191026_03:00:00   5.7396e-02   1.9208e+01   1.2093e+00   0.0000e+00   3.0697e-03   2.5903e+02
20191026_09:00:00   0.0000e+00   0.0000e+00   0.0000e+00   0.0000e+00   0.0000e+00   0.0000e+00
20191026_12:00:00   0.0000e+00   0.0000e+00   0.0000e+00   0.0000e+00   0.0000e+00   0.0000e+00
