#            date       tau225        Tb[K]      pwv[mm] lwp[kg*m^-2] iwp[kg*m^-2]       o3[DU]
20191123_00:00:00   1.8398e-01   4.9461e+01   4.2017e+00   0.0000e+00   9.1290e-05   2.5356e+02
20191123_01:00:00   1.7678e-01   4.7864e+01   4.0219e+00   0.0000e+00   9.1440e-05   2.5321e+02
20191123_02:00:00   1.6760e-01   4.5829e+01   3.8164e+00   0.0000e+00   4.8177e-05   2.5330e+02
20191123_03:00:00   1.7061e-01   4.6405e+01   3.9006e+00   0.0000e+00   2.4205e-05   2.5589e+02
20191123_04:00:00   1.7757e-01   4.7828e+01   4.0892e+00   0.0000e+00   7.7558e-04   2.5685e+02
20191123_05:00:00   1.8507e-01   4.9435e+01   4.2561e+00   0.0000e+00   1.3580e-05   2.5720e+02
20191123_06:00:00   1.9265e-01   5.1096e+01   4.4057e+00   0.0000e+00   1.7940e-05   2.5566e+02
20191123_07:00:00   1.9375e-01   5.1411e+01   4.3919e+00   0.0000e+00   1.6652e-05   2.5452e+02
20191123_08:00:00   1.9678e-01   5.2120e+01   4.4185e+00   0.0000e+00   1.4409e-05   2.5576e+02
20191123_09:00:00   1.9664e-01   5.2159e+01   4.3723e+00   6.0750e-05   1.4669e-05   2.5512e+02
20191123_10:00:00   1.9090e-01   5.0964e+01   4.2083e+00   1.2142e-04   1.2235e-05   2.5444e+02
20191123_11:00:00   1.8866e-01   5.0504e+01   4.1463e+00   0.0000e+00   6.0560e-07   2.5613e+02
20191123_12:00:00   1.8543e-01   4.9860e+01   4.0740e+00   0.0000e+00   0.0000e+00   2.5831e+02
20191123_13:00:00   1.7829e-01   4.8332e+01   3.9653e+00   0.0000e+00   0.0000e+00   2.5940e+02
20191123_14:00:00   1.8723e-01   5.0340e+01   4.2171e+00   0.0000e+00   0.0000e+00   2.5849e+02
20191123_15:00:00   2.1088e-01   5.5365e+01   4.8683e+00   0.0000e+00   1.5140e-06   2.5899e+02
20191123_16:00:00   2.2019e-01   5.7330e+01   5.1571e+00   4.7320e-06   4.0945e-04   2.5982e+02
20191123_17:00:00   2.7437e-01   6.8130e+01   5.8981e+00   1.2466e-02   3.4934e-02   2.5992e+02
20191123_18:00:00   2.8209e-01   6.9803e+01   6.6350e+00   7.8180e-05   9.1567e-02   2.5963e+02
20191123_19:00:00   2.9180e-01   7.1754e+01   6.8504e+00   0.0000e+00   7.8685e-02   2.6020e+02
20191123_20:00:00   2.8971e-01   7.1249e+01   6.7649e+00   1.2172e-03   4.9703e-02   2.6008e+02
20191123_21:00:00   2.6382e-01   6.5893e+01   6.2470e+00   0.0000e+00   2.4966e-02   2.5993e+02
20191123_22:00:00   2.0751e-01   5.4171e+01   4.8996e+00   0.0000e+00   2.4070e-02   2.6029e+02
20191123_23:00:00   1.9218e-01   5.0873e+01   4.5530e+00   0.0000e+00   5.9207e-02   2.5977e+02
20191124_00:00:00   1.9521e-01   5.1438e+01   4.6053e+00   0.0000e+00   3.3591e-02   2.6035e+02
20191124_01:00:00   1.8665e-01   4.9643e+01   4.3872e+00   0.0000e+00   8.2318e-03   2.5999e+02
20191124_02:00:00   1.7269e-01   4.6641e+01   4.0390e+00   0.0000e+00   8.8621e-04   2.6041e+02
20191124_03:00:00   1.5391e-01   4.2515e+01   3.5778e+00   0.0000e+00   1.3648e-04   2.6051e+02
20191124_04:00:00   1.3786e-01   3.8895e+01   3.1869e+00   0.0000e+00   2.1914e-05   2.6042e+02
20191124_05:00:00   1.2646e-01   3.6236e+01   2.9223e+00   0.0000e+00   3.5630e-05   2.5962e+02
20191124_06:00:00   1.2344e-01   3.5510e+01   2.8495e+00   0.0000e+00   3.3681e-05   2.5923e+02
20191124_07:00:00   1.2374e-01   3.5599e+01   2.8445e+00   0.0000e+00   7.2720e-06   2.5991e+02
20191124_08:00:00   1.2218e-01   3.5212e+01   2.8128e+00   0.0000e+00   6.5970e-06   2.6027e+02
20191124_09:00:00   1.2246e-01   3.5240e+01   2.8273e+00   0.0000e+00   3.0700e-06   2.5954e+02
20191124_10:00:00   1.2545e-01   3.5937e+01   2.8960e+00   0.0000e+00   0.0000e+00   2.5897e+02
20191124_11:00:00   1.2480e-01   3.5783e+01   2.8765e+00   0.0000e+00   0.0000e+00   2.5965e+02
20191124_12:00:00   1.2642e-01   3.6169e+01   2.9132e+00   0.0000e+00   0.0000e+00   2.6085e+02
20191124_13:00:00   1.2068e-01   3.4836e+01   2.7930e+00   0.0000e+00   0.0000e+00   2.6112e+02
20191124_14:00:00   1.2294e-01   3.5407e+01   2.8625e+00   0.0000e+00   0.0000e+00   2.6003e+02
20191124_15:00:00   1.3903e-01   3.9192e+01   3.2674e+00   0.0000e+00   0.0000e+00   2.5896e+02
20191124_16:00:00   1.6179e-01   4.4392e+01   3.8239e+00   0.0000e+00   0.0000e+00   2.5847e+02
20191124_17:00:00   1.7366e-01   4.7037e+01   4.1231e+00   0.0000e+00   1.1100e-05   2.5822e+02
20191124_18:00:00   1.7991e-01   4.8373e+01   4.2878e+00   2.2020e-06   1.1974e-03   2.5754e+02
20191124_19:00:00   1.6792e-01   4.5711e+01   4.0027e+00   0.0000e+00   0.0000e+00   2.5686e+02
20191124_20:00:00   1.5499e-01   4.2807e+01   3.6875e+00   0.0000e+00   0.0000e+00   2.5684e+02
20191124_21:00:00   1.7913e-01   4.8070e+01   4.2553e+00   0.0000e+00   4.8420e-06   2.5672e+02
20191124_22:00:00   1.9661e-01   5.2004e+01   4.5214e+00   0.0000e+00   3.1219e-04   2.5667e+02
20191124_23:00:00   2.0161e-01   5.3023e+01   4.5942e+00   0.0000e+00   2.2817e-04   2.5740e+02
20191125_00:00:00   2.0700e-01   5.4099e+01   4.7136e+00   0.0000e+00   2.5105e-03   2.5746e+02
20191125_01:00:00   1.9750e-01   5.1992e+01   4.5530e+00   0.0000e+00   5.7850e-03   2.5732e+02
20191125_02:00:00   1.8315e-01   4.8854e+01   4.2503e+00   0.0000e+00   3.4455e-03   2.5659e+02
20191125_03:00:00   1.7956e-01   4.8010e+01   4.1750e+00   0.0000e+00   4.9554e-03   2.5627e+02
20191125_04:00:00   1.7698e-01   4.7335e+01   4.1397e+00   0.0000e+00   7.4691e-03   2.5580e+02
20191125_05:00:00   1.6692e-01   4.5042e+01   3.9247e+00   0.0000e+00   8.5796e-03   2.5594e+02
20191125_06:00:00   1.5928e-01   4.3266e+01   3.7444e+00   0.0000e+00   7.2972e-03   2.5642e+02
20191125_07:00:00   1.4817e-01   4.0766e+01   3.4718e+00   0.0000e+00   1.1247e-03   2.5662e+02
20191125_08:00:00   1.3774e-01   3.8430e+01   3.2045e+00   0.0000e+00   3.0665e-04   2.5681e+02
20191125_09:00:00   1.1827e-01   3.3986e+01   2.7192e+00   0.0000e+00   4.8338e-04   2.5875e+02
20191125_10:00:00   9.8435e-02   2.9307e+01   2.2384e+00   0.0000e+00   1.1336e-03   2.5938e+02
20191125_11:00:00   8.3682e-02   2.5762e+01   1.8792e+00   0.0000e+00   1.8454e-03   2.5933e+02
20191125_12:00:00   8.0630e-02   2.5044e+01   1.8033e+00   0.0000e+00   1.7675e-04   2.5859e+02
20191125_13:00:00   7.5830e-02   2.3860e+01   1.7021e+00   0.0000e+00   4.0761e-05   2.5836e+02
20191125_14:00:00   8.0837e-02   2.5165e+01   1.8172e+00   0.0000e+00   6.2882e-05   2.5763e+02
20191125_15:00:00   8.8473e-02   2.7115e+01   1.9878e+00   0.0000e+00   1.4634e-05   2.5695e+02
20191125_16:00:00   9.1486e-02   2.7892e+01   2.0509e+00   0.0000e+00   2.7076e-04   2.5625e+02
20191125_17:00:00   8.9899e-02   2.7545e+01   2.0034e+00   0.0000e+00   1.7400e-04   2.5551e+02
20191125_18:00:00   8.8126e-02   2.7136e+01   1.9523e+00   0.0000e+00   2.1979e-05   2.5518e+02
20191125_19:00:00   1.0795e-01   3.1923e+01   2.4201e+00   0.0000e+00   7.3260e-06   2.5506e+02
20191125_20:00:00   1.5540e-01   4.2904e+01   3.5082e+00   0.0000e+00   8.9600e-06   2.5547e+02
20191125_21:00:00   1.8651e-01   4.9783e+01   4.1319e+00   8.3940e-04   1.6036e-04   2.5583e+02
20191125_22:00:00   1.7646e-01   4.7597e+01   3.8439e+00   0.0000e+00   1.2547e-05   2.5584e+02
20191125_23:00:00   1.4429e-01   4.0356e+01   3.1152e+00   0.0000e+00   3.0280e-06   2.5532e+02
20191126_00:00:00   1.1956e-01   3.4606e+01   2.5514e+00   0.0000e+00   0.0000e+00   2.5384e+02
20191126_01:00:00   1.0429e-01   3.0994e+01   2.2061e+00   0.0000e+00   0.0000e+00   2.5368e+02
20191126_02:00:00   9.6848e-02   2.9202e+01   2.0520e+00   0.0000e+00   0.0000e+00   2.5443e+02
20191126_03:00:00   8.8527e-02   2.7172e+01   1.8660e+00   0.0000e+00   6.9520e-05   2.5442e+02
20191126_04:00:00   7.9054e-02   2.4846e+01   1.6531e+00   0.0000e+00   5.4260e-05   2.5583e+02
20191126_05:00:00   7.0900e-02   2.2823e+01   1.4680e+00   0.0000e+00   4.2340e-05   2.5674e+02
20191126_06:00:00   6.2720e-02   2.0762e+01   1.2759e+00   0.0000e+00   0.0000e+00   2.5592e+02
20191126_07:00:00   5.7908e-02   1.9528e+01   1.1619e+00   0.0000e+00   0.0000e+00   2.5689e+02
20191126_08:00:00   5.4422e-02   1.8625e+01   1.0822e+00   0.0000e+00   0.0000e+00   2.5736e+02
20191126_09:00:00   4.9466e-02   1.7345e+01   9.6739e-01   0.0000e+00   0.0000e+00   2.5731e+02
20191126_10:00:00   4.5500e-02   1.6313e+01   8.7153e-01   0.0000e+00   0.0000e+00   2.5749e+02
20191126_11:00:00   4.0870e-02   1.5085e+01   7.6778e-01   0.0000e+00   1.6544e-05   2.5887e+02
20191126_12:00:00   4.1053e-02   1.5136e+01   7.7471e-01   0.0000e+00   6.8940e-05   2.6043e+02
20191126_13:00:00   3.8181e-02   1.4381e+01   7.0757e-01   0.0000e+00   6.8384e-04   2.6044e+02
20191126_14:00:00   3.9746e-02   1.4785e+01   7.5394e-01   0.0000e+00   3.2082e-03   2.5951e+02
20191126_15:00:00   4.4344e-02   1.6000e+01   8.6979e-01   0.0000e+00   1.9894e-03   2.5873e+02
20191126_16:00:00   4.7380e-02   1.6800e+01   9.4544e-01   0.0000e+00   9.6425e-04   2.5788e+02
20191126_17:00:00   5.5176e-02   1.8814e+01   1.1399e+00   0.0000e+00   1.3858e-03   2.5800e+02
20191126_18:00:00   6.9613e-02   2.2465e+01   1.4960e+00   0.0000e+00   1.7260e-03   2.5769e+02
20191126_19:00:00   8.3400e-02   2.5830e+01   1.8408e+00   0.0000e+00   1.1321e-03   2.5675e+02
20191126_20:00:00   9.1241e-02   2.7664e+01   2.0379e+00   0.0000e+00   1.5241e-03   2.5552e+02
20191126_21:00:00   9.8850e-02   2.9456e+01   2.2154e+00   0.0000e+00   2.2454e-03   2.5484e+02
20191126_22:00:00   1.1534e-01   3.3410e+01   2.5568e+00   0.0000e+00   1.1350e-03   2.5493e+02
20191126_23:00:00   1.1854e-01   3.4184e+01   2.5887e+00   0.0000e+00   5.7802e-04   2.5450e+02
20191127_00:00:00   9.9638e-02   2.9733e+01   2.1470e+00   0.0000e+00   3.0090e-05   2.5459e+02
20191127_01:00:00   8.7357e-02   2.6783e+01   1.8595e+00   0.0000e+00   1.6831e-04   2.5530e+02
20191127_02:00:00   8.0439e-02   2.5128e+01   1.6921e+00   0.0000e+00   2.2573e-04   2.5615e+02
20191127_03:00:00   7.2090e-02   2.3041e+01   1.5154e+00   0.0000e+00   2.7635e-04   2.5521e+02
20191127_04:00:00   6.3538e-02   2.0892e+01   1.3238e+00   0.0000e+00   2.7380e-04   2.5393e+02
20191127_05:00:00   5.7007e-02   1.9230e+01   1.1742e+00   0.0000e+00   2.2655e-04   2.5431e+02
20191127_06:00:00   5.1112e-02   1.7718e+01   1.0345e+00   0.0000e+00   1.4941e-04   2.5493e+02
20191127_07:00:00   4.8734e-02   1.7110e+01   9.7269e-01   0.0000e+00   1.1051e-04   2.5701e+02
20191127_08:00:00   4.6982e-02   1.6664e+01   9.2838e-01   0.0000e+00   1.2240e-04   2.5745e+02
20191127_09:00:00   4.5561e-02   1.6299e+01   8.9298e-01   0.0000e+00   1.8880e-04   2.5626e+02
20191127_10:00:00   4.2638e-02   1.5531e+01   8.2252e-01   0.0000e+00   3.9547e-04   2.5474e+02
20191127_11:00:00   3.8740e-02   1.4510e+01   7.2436e-01   0.0000e+00   6.2078e-04   2.5329e+02
20191127_12:00:00   3.7844e-02   1.4268e+01   7.0599e-01   0.0000e+00   2.3920e-04   2.5258e+02
20191127_13:00:00   3.6395e-02   1.3906e+01   6.6868e-01   0.0000e+00   1.3536e-04   2.5227e+02
20191127_14:00:00   3.8080e-02   1.4361e+01   7.1528e-01   0.0000e+00   9.8252e-05   2.5238e+02
20191127_15:00:00   4.3854e-02   1.5864e+01   8.7099e-01   0.0000e+00   8.8650e-04   2.5310e+02
20191127_16:00:00   4.6662e-02   1.6596e+01   9.4535e-01   0.0000e+00   8.8629e-04   2.5357e+02
20191127_17:00:00   5.0363e-02   1.7571e+01   1.0394e+00   0.0000e+00   4.7190e-04   2.5428e+02
20191127_18:00:00   5.6615e-02   1.9168e+01   1.2013e+00   0.0000e+00   1.5046e-03   2.5563e+02
20191127_19:00:00   5.9483e-02   1.9921e+01   1.2698e+00   0.0000e+00   5.9937e-04   2.5620e+02
20191127_20:00:00   6.8935e-02   2.2343e+01   1.4950e+00   0.0000e+00   1.2478e-05   2.5669e+02
20191127_21:00:00   9.2212e-02   2.8068e+01   2.0597e+00   0.0000e+00   6.1660e-06   2.5680e+02
20191127_22:00:00   1.1092e-01   3.2488e+01   2.5132e+00   0.0000e+00   5.1280e-05   2.5495e+02
20191127_23:00:00   1.0124e-01   3.0206e+01   2.2336e+00   0.0000e+00   1.1784e-03   2.5358e+02
20191128_00:00:00   8.3081e-02   2.5872e+01   1.7617e+00   0.0000e+00   7.4420e-05   2.5222e+02
20191128_03:00:00   5.7949e-02   1.9579e+01   1.1783e+00   0.0000e+00   1.4764e-04   2.4761e+02
20191128_06:00:00   4.6404e-02   1.6618e+01   8.9573e-01   0.0000e+00   6.0560e-07   2.4833e+02
20191128_09:00:00   3.9786e-02   1.4826e+01   7.4767e-01   0.0000e+00   3.2630e-06   2.4875e+02
20191128_12:00:00   3.8229e-02   1.4473e+01   6.8875e-01   0.0000e+00   1.4096e-07   2.4851e+02
20191128_15:00:00   5.1728e-02   1.8023e+01   1.0418e+00   0.0000e+00   3.7620e-05   2.4834e+02
20191128_18:00:00   6.8884e-02   2.2382e+01   1.4791e+00   0.0000e+00   5.3811e-04   2.5025e+02
20191128_21:00:00   1.1777e-01   3.4067e+01   2.6598e+00   0.0000e+00   0.0000e+00   2.4731e+02
20191129_00:00:00   6.0514e-02   2.0172e+01   1.2260e+00   0.0000e+00   0.0000e+00   2.4836e+02
20191129_03:00:00   4.5885e-02   1.6467e+01   8.7673e-01   0.0000e+00   0.0000e+00   2.4875e+02
20191129_06:00:00   3.6423e-02   1.3944e+01   6.5044e-01   0.0000e+00   3.2530e-06   2.4932e+02
20191129_09:00:00   2.5833e-02   1.1054e+01   3.9288e-01   0.0000e+00   0.0000e+00   2.5191e+02
20191129_12:00:00   2.4322e-02   1.0608e+01   3.6243e-01   0.0000e+00   0.0000e+00   2.5554e+02
20191129_15:00:00   3.6654e-02   1.4021e+01   6.7891e-01   0.0000e+00   0.0000e+00   2.5875e+02
20191129_18:00:00   5.4909e-02   1.8805e+01   1.1489e+00   0.0000e+00   1.1044e-04   2.5820e+02
20191129_21:00:00   6.5109e-02   2.1343e+01   1.4030e+00   0.0000e+00   2.4622e-03   2.5579e+02
20191130_00:00:00   6.1202e-02   2.0374e+01   1.2629e+00   0.0000e+00   1.5598e-05   2.5527e+02
20191130_03:00:00   4.7962e-02   1.7033e+01   9.4312e-01   0.0000e+00   0.0000e+00   2.5468e+02
20191130_06:00:00   4.6863e-02   1.6728e+01   9.1644e-01   0.0000e+00   0.0000e+00   2.5571e+02
20191130_09:00:00   3.9186e-02   1.4708e+01   7.2677e-01   0.0000e+00   3.2110e-06   2.5919e+02
20191130_12:00:00   3.9133e-02   1.4706e+01   7.2466e-01   0.0000e+00   7.0480e-08   2.6162e+02
20191130_15:00:00   5.1925e-02   1.8097e+01   1.0584e+00   0.0000e+00   0.0000e+00   2.6159e+02
20191130_18:00:00   7.1777e-02   2.3178e+01   1.5594e+00   0.0000e+00   0.0000e+00   2.5515e+02
20191130_21:00:00   7.7455e-02   2.4559e+01   1.6914e+00   0.0000e+00   0.0000e+00   2.5372e+02
20191201_00:00:00   5.6916e-02   1.9373e+01   1.1528e+00   0.0000e+00   0.0000e+00   2.5194e+02
20191201_03:00:00   4.4137e-02   1.6073e+01   8.5781e-01   0.0000e+00   0.0000e+00   2.5318e+02
20191201_06:00:00   4.1157e-02   1.5270e+01   7.8305e-01   0.0000e+00   0.0000e+00   2.5174e+02
20191201_09:00:00   4.0848e-02   1.5169e+01   7.7775e-01   0.0000e+00   0.0000e+00   2.5203e+02
20191201_12:00:00   3.9591e-02   1.4860e+01   7.4353e-01   0.0000e+00   0.0000e+00   2.5065e+02
20191201_15:00:00   4.9003e-02   1.7389e+01   9.9432e-01   0.0000e+00   0.0000e+00   2.4946e+02
20191201_18:00:00   6.4955e-02   2.1538e+01   1.3953e+00   0.0000e+00   0.0000e+00   2.4660e+02
20191201_21:00:00   8.0438e-02   2.5412e+01   1.7651e+00   0.0000e+00   0.0000e+00   2.4807e+02
20191202_00:00:00   5.7827e-02   1.9718e+01   1.1810e+00   0.0000e+00   0.0000e+00   2.4721e+02
20191202_03:00:00   3.7017e-02   1.4226e+01   6.8383e-01   0.0000e+00   0.0000e+00   2.4787e+02
20191202_06:00:00   3.1611e-02   1.2736e+01   5.4840e-01   0.0000e+00   0.0000e+00   2.4671e+02
20191202_09:00:00   2.8154e-02   1.1749e+01   4.6781e-01   0.0000e+00   8.8750e-07   2.4813e+02
20191202_12:00:00   2.6118e-02   1.1144e+01   4.2593e-01   0.0000e+00   1.1600e-04   2.4990e+02
20191202_15:00:00   3.5259e-02   1.3679e+01   6.6741e-01   0.0000e+00   4.0380e-04   2.4985e+02
20191202_18:00:00   4.3129e-02   1.5788e+01   8.7410e-01   0.0000e+00   4.5020e-05   2.4682e+02
20191202_21:00:00   5.2910e-02   1.8325e+01   1.1230e+00   0.0000e+00   4.4040e-07   2.4527e+02
20191203_00:00:00   4.6277e-02   1.6563e+01   9.4818e-01   0.0000e+00   0.0000e+00   2.4786e+02
20191203_03:00:00   3.6037e-02   1.3835e+01   6.9614e-01   0.0000e+00   0.0000e+00   2.4796e+02
20191203_06:00:00   3.2252e-02   1.2761e+01   6.0346e-01   0.0000e+00   3.8370e-06   2.4868e+02
20191203_09:00:00   3.3811e-02   1.3150e+01   6.4887e-01   0.0000e+00   0.0000e+00   2.5091e+02
20191203_12:00:00   3.6159e-02   1.3761e+01   7.1576e-01   0.0000e+00   1.6185e-04   2.5018e+02
20191203_15:00:00   4.4750e-02   1.6062e+01   9.4232e-01   0.0000e+00   4.2959e-04   2.4471e+02
20191203_18:00:00   5.2781e-02   1.8181e+01   1.1483e+00   0.0000e+00   0.0000e+00   2.4442e+02
20191203_21:00:00   6.4858e-02   2.1240e+01   1.4586e+00   0.0000e+00   1.7477e-03   2.4524e+02
20191204_00:00:00   8.6076e-02   2.6514e+01   1.9463e+00   0.0000e+00   6.6433e-03   2.4742e+02
20191204_03:00:00   6.7284e-02   2.1954e+01   1.4993e+00   0.0000e+00   8.2900e-04   2.4574e+02
20191204_06:00:00   7.1141e-02   2.2885e+01   1.6051e+00   0.0000e+00   9.4640e-07   2.4758e+02
20191204_09:00:00   7.3647e-02   2.3435e+01   1.7057e+00   0.0000e+00   4.8231e-03   2.5040e+02
20191204_12:00:00   7.0335e-02   2.2642e+01   1.6145e+00   0.0000e+00   4.8808e-03   2.4870e+02
20191204_15:00:00   9.9108e-02   2.9887e+01   2.3326e+00   0.0000e+00   6.0657e-04   2.5051e+02
20191204_18:00:00   1.6442e-01   4.4943e+01   4.0206e+00   0.0000e+00   5.3060e-03   2.4641e+02
20191204_21:00:00   1.3778e-01   3.8807e+01   3.2907e+00   0.0000e+00   0.0000e+00   2.4377e+02
20191205_00:00:00   1.0830e-01   3.1859e+01   2.4635e+00   0.0000e+00   1.7617e-07   2.4898e+02
20191205_03:00:00   1.0091e-01   3.0047e+01   2.3560e+00   0.0000e+00   4.2802e-03   2.5004e+02
20191205_06:00:00   1.1896e-01   3.4036e+01   2.8818e+00   0.0000e+00   1.4213e-03   2.4810e+02
20191205_09:00:00   1.2578e-01   3.5522e+01   3.1131e+00   0.0000e+00   6.6421e-04   2.4975e+02
20191205_12:00:00   1.3379e-01   3.7387e+01   3.2982e+00   0.0000e+00   1.5585e-04   2.5075e+02
20191205_15:00:00   1.3920e-01   3.8661e+01   3.4590e+00   0.0000e+00   2.9324e-05   2.5122e+02
20191205_18:00:00   1.6394e-01   4.4270e+01   4.0553e+00   0.0000e+00   0.0000e+00   2.4926e+02
20191205_21:00:00   1.8358e-01   4.8549e+01   4.4803e+00   0.0000e+00   6.8478e-04   2.4689e+02
20191206_00:00:00   1.4833e-01   4.0748e+01   3.5966e+00   0.0000e+00   2.1901e-03   2.4690e+02
20191206_03:00:00   1.3467e-01   3.7658e+01   3.2919e+00   0.0000e+00   5.3900e-04   2.4630e+02
20191206_06:00:00   1.3634e-01   3.8009e+01   3.3144e+00   0.0000e+00   1.1982e-06   2.4747e+02
20191206_09:00:00   1.4041e-01   3.8867e+01   3.4037e+00   0.0000e+00   2.2400e-04   2.5038e+02
20191206_12:00:00   1.3128e-01   3.6903e+01   3.1422e+00   0.0000e+00   0.0000e+00   2.5106e+02
20191206_15:00:00   1.4505e-01   4.0172e+01   3.4861e+00   0.0000e+00   0.0000e+00   2.4975e+02
20191206_18:00:00   1.6642e-01   4.5030e+01   4.0114e+00   0.0000e+00   0.0000e+00   2.5020e+02
20191206_21:00:00   1.6065e-01   4.3719e+01   3.8366e+00   0.0000e+00   0.0000e+00   2.4961e+02
20191207_00:00:00   1.9181e-01   5.0613e+01   4.4826e+00   0.0000e+00   0.0000e+00   2.5155e+02
20191207_03:00:00   1.9171e-01   5.0702e+01   4.4440e+00   0.0000e+00   2.1140e-06   2.5179e+02
20191207_06:00:00   1.9558e-01   5.1438e+01   4.5035e+00   0.0000e+00   1.6302e-05   2.5036e+02
20191207_09:00:00   1.7200e-01   4.6405e+01   3.8928e+00   0.0000e+00   0.0000e+00   2.5067e+02
20191207_12:00:00   1.5834e-01   4.3451e+01   3.5446e+00   0.0000e+00   0.0000e+00   2.5175e+02
20191207_15:00:00   1.5316e-01   4.2416e+01   3.4750e+00   0.0000e+00   5.2860e-06   2.5239e+02
20191207_18:00:00   1.4924e-01   4.1617e+01   3.3643e+00   0.0000e+00   0.0000e+00   2.5171e+02
20191207_21:00:00   1.5716e-01   4.3280e+01   3.5189e+00   0.0000e+00   9.8415e-06   2.5168e+02
20191208_00:00:00   1.2302e-01   3.5364e+01   2.6404e+00   0.0000e+00   0.0000e+00   2.5391e+02
20191208_03:00:00   1.1485e-01   3.3436e+01   2.4383e+00   0.0000e+00   0.0000e+00   2.5373e+02
20191208_06:00:00   8.5757e-02   2.6424e+01   1.7942e+00   0.0000e+00   0.0000e+00   2.5486e+02
20191208_09:00:00   6.4183e-02   2.1082e+01   1.3108e+00   0.0000e+00   0.0000e+00   2.5621e+02
20191208_12:00:00   5.5524e-02   1.8886e+01   1.1183e+00   0.0000e+00   0.0000e+00   2.5582e+02
20191208_15:00:00   6.2132e-02   2.0660e+01   1.2861e+00   0.0000e+00   1.1695e-06   2.5644e+02
20191208_18:00:00   8.4204e-02   2.6140e+01   1.8320e+00   0.0000e+00   0.0000e+00   2.5417e+02
20191208_21:00:00   1.4163e-01   3.9587e+01   3.1818e+00   0.0000e+00   1.1722e-05   2.5361e+02
20191209_00:00:00   2.1951e-01   5.6643e+01   3.3440e+00   2.6331e-02   1.2402e-02   2.5094e+02
