#            date       tau225        Tb[K]      pwv[mm] lwp[kg*m^-2] iwp[kg*m^-2]       o3[DU]
20191011_12:00:00   6.2107e-02   2.0315e+01   1.3549e+00   0.0000e+00   0.0000e+00   2.6368e+02
20191011_13:00:00   0.0000e+00   0.0000e+00   0.0000e+00   0.0000e+00   0.0000e+00   0.0000e+00
20191011_14:00:00   0.0000e+00   2.7000e+00   0.0000e+00   0.0000e+00   0.0000e+00   0.0000e+00
20191011_15:00:00   7.4425e-02   2.3546e+01   1.6577e+00   0.0000e+00   0.0000e+00   2.6096e+02
20191011_16:00:00   8.8527e-02   2.6934e+01   2.0334e+00   0.0000e+00   0.0000e+00   2.6037e+02
20191011_18:00:00   0.0000e+00   0.0000e+00   0.0000e+00   0.0000e+00   0.0000e+00   0.0000e+00
20191011_19:00:00   0.0000e+00   2.7000e+00   0.0000e+00   0.0000e+00   0.0000e+00   0.0000e+00
20191011_20:00:00   0.0000e+00   0.0000e+00   0.0000e+00   0.0000e+00   0.0000e+00   0.0000e+00
20191011_21:00:00   8.1245e-02   2.5073e+01   1.8690e+00   0.0000e+00   0.0000e+00   2.5947e+02
20191011_22:00:00   8.6445e-02   2.6473e+01   1.9821e+00   0.0000e+00   0.0000e+00   2.5979e+02
20191011_23:00:00   1.2126e-01   3.4552e+01   2.8836e+00   0.0000e+00   1.6490e-05   2.5979e+02
20191012_00:00:00   1.4463e-01   3.9613e+01   3.4071e+00   1.6218e-03   3.0605e-02   2.6102e+02
20191012_01:00:00   1.4604e-01   3.9916e+01   3.5033e+00   0.0000e+00   3.2488e-02   2.6165e+02
20191012_02:00:00   0.0000e+00   0.0000e+00   0.0000e+00   0.0000e+00   0.0000e+00   0.0000e+00
20191012_03:00:00   1.4937e-01   4.0724e+01   3.5831e+00   0.0000e+00   2.4477e-03   2.6161e+02
20191012_04:00:00   1.5646e-01   4.2326e+01   3.7509e+00   0.0000e+00   7.5599e-03   2.6059e+02
20191012_05:00:00   1.5106e-01   4.1252e+01   3.6042e+00   0.0000e+00   1.0801e-03   2.6131e+02
20191012_06:00:00   1.6176e-01   4.3696e+01   3.8430e+00   0.0000e+00   6.9857e-05   2.6175e+02
20191012_07:00:00   1.6917e-01   4.5289e+01   4.0246e+00   0.0000e+00   6.1581e-04   2.6230e+02
20191012_08:00:00   1.6430e-01   4.4299e+01   3.8908e+00   0.0000e+00   1.9047e-05   2.6221e+02
20191012_10:00:00   0.0000e+00   0.0000e+00   0.0000e+00   0.0000e+00   0.0000e+00   0.0000e+00
20191012_11:00:00   1.5681e-01   4.2776e+01   3.6706e+00   0.0000e+00   0.0000e+00   2.5991e+02
20191012_12:00:00   0.0000e+00   0.0000e+00   0.0000e+00   0.0000e+00   0.0000e+00   0.0000e+00
20191012_13:00:00   0.0000e+00   0.0000e+00   0.0000e+00   0.0000e+00   0.0000e+00   0.0000e+00
20191012_14:00:00   1.5554e-01   4.2632e+01   3.6344e+00   0.0000e+00   0.0000e+00   2.6111e+02
20191012_15:00:00   1.5723e-01   4.3010e+01   3.6912e+00   0.0000e+00   0.0000e+00   2.6084e+02
20191012_16:00:00   0.0000e+00   0.0000e+00   0.0000e+00   0.0000e+00   0.0000e+00   0.0000e+00
20191012_17:00:00   0.0000e+00   0.0000e+00   0.0000e+00   0.0000e+00   0.0000e+00   0.0000e+00
20191012_18:00:00   0.0000e+00   0.0000e+00   0.0000e+00   0.0000e+00   0.0000e+00   0.0000e+00
20191012_19:00:00   1.4239e-01   3.9729e+01   3.3543e+00   0.0000e+00   3.7283e-03   2.5957e+02
20191012_20:00:00   1.3577e-01   3.8194e+01   3.1843e+00   0.0000e+00   1.0664e-04   2.6021e+02
20191012_21:00:00   1.3052e-01   3.6937e+01   3.0545e+00   0.0000e+00   0.0000e+00   2.6040e+02
20191012_22:00:00   0.0000e+00   0.0000e+00   0.0000e+00   0.0000e+00   0.0000e+00   0.0000e+00
20191012_23:00:00   1.2188e-01   3.5048e+01   2.7918e+00   0.0000e+00   0.0000e+00   2.6060e+02
20191013_00:00:00   0.0000e+00   2.7000e+00   0.0000e+00   0.0000e+00   0.0000e+00   0.0000e+00
20191013_01:00:00   1.2996e-01   3.6808e+01   2.9922e+00   0.0000e+00   1.1838e-04   2.6043e+02
20191013_02:00:00   0.0000e+00   0.0000e+00   0.0000e+00   0.0000e+00   0.0000e+00   0.0000e+00
20191013_04:00:00   0.0000e+00   0.0000e+00   0.0000e+00   0.0000e+00   0.0000e+00   0.0000e+00
20191013_05:00:00   0.0000e+00   0.0000e+00   0.0000e+00   0.0000e+00   0.0000e+00   0.0000e+00
20191013_07:00:00   1.0163e-01   3.0069e+01   2.3102e+00   0.0000e+00   0.0000e+00   2.5807e+02
20191013_08:00:00   0.0000e+00   0.0000e+00   0.0000e+00   0.0000e+00   0.0000e+00   0.0000e+00
20191013_09:00:00   1.1790e-01   3.4024e+01   2.6814e+00   0.0000e+00   0.0000e+00   2.5703e+02
20191013_10:00:00   1.1826e-01   3.4096e+01   2.6838e+00   0.0000e+00   0.0000e+00   2.5729e+02
20191013_11:00:00   0.0000e+00   2.7000e+00   0.0000e+00   0.0000e+00   0.0000e+00   0.0000e+00
20191013_12:00:00   1.1747e-01   3.3905e+01   2.6563e+00   0.0000e+00   0.0000e+00   2.5872e+02
20191013_13:00:00   0.0000e+00   2.7000e+00   0.0000e+00   0.0000e+00   0.0000e+00   0.0000e+00
20191013_14:00:00   0.0000e+00   0.0000e+00   0.0000e+00   0.0000e+00   0.0000e+00   0.0000e+00
20191013_15:00:00   1.5818e-01   4.3115e+01   3.6838e+00   0.0000e+00   2.4220e-05   2.5718e+02
20191013_16:00:00   0.0000e+00   2.7000e+00   0.0000e+00   0.0000e+00   0.0000e+00   0.0000e+00
20191013_17:00:00   1.8123e-01   4.8191e+01   4.2263e+00   2.2020e-05   9.8985e-04   2.5530e+02
20191013_18:00:00   1.7591e-01   4.7083e+01   4.0826e+00   0.0000e+00   3.3253e-04   2.5396e+02
20191013_19:00:00   1.6494e-01   4.4682e+01   3.8141e+00   0.0000e+00   0.0000e+00   2.5417e+02
20191013_20:00:00   0.0000e+00   0.0000e+00   0.0000e+00   0.0000e+00   0.0000e+00   0.0000e+00
20191013_22:00:00   1.4770e-01   4.0679e+01   3.4126e+00   0.0000e+00   0.0000e+00   2.5677e+02
20191013_23:00:00   2.4637e-01   6.3044e+01   4.7251e+00   0.0000e+00   0.0000e+00   2.7347e+02
20191014_00:00:00   1.5323e-01   4.1877e+01   3.5015e+00   0.0000e+00   0.0000e+00   2.5763e+02
20191014_01:00:00   1.5103e-01   4.1421e+01   3.4164e+00   0.0000e+00   0.0000e+00   2.5802e+02
20191014_02:00:00   0.0000e+00   0.0000e+00   0.0000e+00   0.0000e+00   0.0000e+00   0.0000e+00
20191014_04:00:00   1.4621e-01   4.0580e+01   3.1818e+00   0.0000e+00   0.0000e+00   2.6054e+02
20191014_05:00:00   2.2068e-01   5.7524e+01   4.7050e+00   0.0000e+00   0.0000e+00   2.6119e+02
20191014_06:00:00   1.1760e-01   3.3985e+01   2.5303e+00   0.0000e+00   0.0000e+00   2.6035e+02
20191014_07:00:00   1.3599e-01   3.8094e+01   2.9382e+00   0.0000e+00   0.0000e+00   2.6013e+02
20191014_08:00:00   1.4254e-01   3.9522e+01   3.0882e+00   0.0000e+00   0.0000e+00   2.6117e+02
20191014_09:00:00   0.0000e+00   2.7000e+00   0.0000e+00   0.0000e+00   0.0000e+00   0.0000e+00
20191014_10:00:00   1.3900e-01   3.8713e+01   2.9929e+00   0.0000e+00   0.0000e+00   2.6171e+02
20191014_11:00:00   0.0000e+00   0.0000e+00   0.0000e+00   0.0000e+00   0.0000e+00   0.0000e+00
20191014_13:00:00   0.0000e+00   0.0000e+00   0.0000e+00   0.0000e+00   0.0000e+00   0.0000e+00
20191014_14:00:00   1.4902e-01   4.0961e+01   3.2402e+00   0.0000e+00   7.5700e-07   2.6184e+02
20191014_15:00:00   1.4713e-01   4.0577e+01   3.2134e+00   0.0000e+00   0.0000e+00   2.6360e+02
20191014_16:00:00   1.4550e-01   4.0215e+01   3.2063e+00   0.0000e+00   0.0000e+00   2.6457e+02
20191014_17:00:00   1.4637e-01   4.0407e+01   3.2515e+00   0.0000e+00   0.0000e+00   2.6472e+02
20191014_18:00:00   1.4890e-01   4.0955e+01   3.3284e+00   0.0000e+00   0.0000e+00   2.6419e+02
20191014_19:00:00   0.0000e+00   0.0000e+00   0.0000e+00   0.0000e+00   0.0000e+00   0.0000e+00
20191014_20:00:00   1.4488e-01   3.9994e+01   3.2565e+00   0.0000e+00   0.0000e+00   2.6191e+02
20191014_21:00:00   0.0000e+00   0.0000e+00   0.0000e+00   0.0000e+00   0.0000e+00   0.0000e+00
20191014_22:00:00   1.1568e-01   3.3341e+01   2.5262e+00   0.0000e+00   0.0000e+00   2.6386e+02
20191014_23:00:00   1.0476e-01   3.0778e+01   2.2611e+00   0.0000e+00   0.0000e+00   2.6468e+02
20191015_00:00:00   9.6535e-02   2.8821e+01   2.0646e+00   0.0000e+00   0.0000e+00   2.6415e+02
20191015_01:00:00   8.8802e-02   2.6989e+01   1.8872e+00   0.0000e+00   0.0000e+00   2.6366e+02
20191015_02:00:00   8.6235e-02   2.6390e+01   1.8228e+00   0.0000e+00   0.0000e+00   2.6362e+02
20191015_03:00:00   0.0000e+00   0.0000e+00   0.0000e+00   0.0000e+00   0.0000e+00   0.0000e+00
20191015_04:00:00   0.0000e+00   0.0000e+00   0.0000e+00   0.0000e+00   0.0000e+00   0.0000e+00
20191015_05:00:00   0.0000e+00   0.0000e+00   0.0000e+00   0.0000e+00   0.0000e+00   0.0000e+00
20191015_06:00:00   0.0000e+00   0.0000e+00   0.0000e+00   0.0000e+00   0.0000e+00   0.0000e+00
20191015_07:00:00   0.0000e+00   0.0000e+00   0.0000e+00   0.0000e+00   0.0000e+00   0.0000e+00
20191015_08:00:00   0.0000e+00   0.0000e+00   0.0000e+00   0.0000e+00   0.0000e+00   0.0000e+00
20191015_09:00:00   0.0000e+00   2.7000e+00   0.0000e+00   0.0000e+00   0.0000e+00   0.0000e+00
20191015_10:00:00   6.1575e-02   2.0279e+01   1.2688e+00   0.0000e+00   0.0000e+00   2.6156e+02
20191015_11:00:00   0.0000e+00   0.0000e+00   0.0000e+00   0.0000e+00   0.0000e+00   0.0000e+00
20191015_12:00:00   0.0000e+00   2.7000e+00   0.0000e+00   0.0000e+00   0.0000e+00   0.0000e+00
20191015_13:00:00   0.0000e+00   2.7000e+00   0.0000e+00   0.0000e+00   0.0000e+00   0.0000e+00
20191015_15:00:00   6.1775e-02   2.0347e+01   1.2989e+00   0.0000e+00   0.0000e+00   2.6109e+02
20191015_16:00:00   6.9156e-02   2.2209e+01   1.4849e+00   0.0000e+00   0.0000e+00   2.6053e+02
20191015_17:00:00   7.8035e-02   2.4409e+01   1.7021e+00   0.0000e+00   0.0000e+00   2.6038e+02
20191015_18:00:00   8.4993e-02   2.6117e+01   1.8710e+00   0.0000e+00   0.0000e+00   2.6020e+02
20191015_20:00:00   0.0000e+00   2.7000e+00   0.0000e+00   0.0000e+00   0.0000e+00   0.0000e+00
20191015_21:00:00   9.8393e-02   2.9209e+01   2.1982e+00   0.0000e+00   0.0000e+00   2.6198e+02
20191015_22:00:00   9.7894e-02   2.9087e+01   2.1804e+00   0.0000e+00   0.0000e+00   2.6114e+02
20191015_23:00:00   1.0051e-01   2.9672e+01   2.2421e+00   0.0000e+00   0.0000e+00   2.6036e+02
20191016_01:00:00   0.0000e+00   0.0000e+00   0.0000e+00   0.0000e+00   0.0000e+00   0.0000e+00
20191016_02:00:00   1.0018e-01   2.9660e+01   2.2139e+00   0.0000e+00   0.0000e+00   2.5938e+02
20191016_03:00:00   0.0000e+00   0.0000e+00   0.0000e+00   0.0000e+00   0.0000e+00   0.0000e+00
20191016_04:00:00   0.0000e+00   0.0000e+00   0.0000e+00   0.0000e+00   0.0000e+00   0.0000e+00
20191016_05:00:00   0.0000e+00   0.0000e+00   0.0000e+00   0.0000e+00   0.0000e+00   0.0000e+00
20191016_06:00:00   8.9040e-02   2.6920e+01   1.9570e+00   0.0000e+00   0.0000e+00   2.5779e+02
20191016_07:00:00   8.8923e-02   2.6874e+01   1.9520e+00   0.0000e+00   0.0000e+00   2.5598e+02
20191016_08:00:00   0.0000e+00   0.0000e+00   0.0000e+00   0.0000e+00   0.0000e+00   0.0000e+00
20191016_09:00:00   0.0000e+00   0.0000e+00   0.0000e+00   0.0000e+00   0.0000e+00   0.0000e+00
20191016_10:00:00   0.0000e+00   0.0000e+00   0.0000e+00   0.0000e+00   0.0000e+00   0.0000e+00
20191016_11:00:00   0.0000e+00   0.0000e+00   0.0000e+00   0.0000e+00   0.0000e+00   0.0000e+00
20191016_12:00:00   9.8167e-02   2.9087e+01   2.1602e+00   0.0000e+00   0.0000e+00   2.5843e+02
20191016_15:00:00   0.0000e+00   0.0000e+00   0.0000e+00   0.0000e+00   0.0000e+00   0.0000e+00
20191016_18:00:00   1.1619e-01   3.3335e+01   2.6144e+00   0.0000e+00   0.0000e+00   2.5650e+02
20191016_21:00:00   1.2198e-01   3.4615e+01   2.7256e+00   0.0000e+00   0.0000e+00   2.5907e+02
20191017_00:00:00   1.3520e-01   3.7502e+01   2.9667e+00   0.0000e+00   0.0000e+00   2.5963e+02
20191017_03:00:00   1.3642e-01   3.7851e+01   2.9654e+00   0.0000e+00   0.0000e+00   2.5845e+02
20191017_06:00:00   1.2842e-01   3.6018e+01   2.7754e+00   0.0000e+00   0.0000e+00   2.5624e+02
20191017_09:00:00   1.1699e-01   3.3375e+01   2.5210e+00   0.0000e+00   0.0000e+00   2.5900e+02
20191017_12:00:00   0.0000e+00   0.0000e+00   0.0000e+00   0.0000e+00   0.0000e+00   0.0000e+00
20191017_15:00:00   0.0000e+00   0.0000e+00   0.0000e+00   0.0000e+00   0.0000e+00   0.0000e+00
20191017_18:00:00   1.3503e-01   3.7510e+01   3.0148e+00   0.0000e+00   6.0560e-06   2.5888e+02
20191017_21:00:00   1.1778e-01   3.3576e+01   2.5861e+00   0.0000e+00   0.0000e+00   2.5935e+02
20191018_00:00:00   0.0000e+00   2.7000e+00   0.0000e+00   0.0000e+00   0.0000e+00   0.0000e+00
20191018_03:00:00   7.3295e-02   2.3090e+01   1.5191e+00   0.0000e+00   0.0000e+00   2.5653e+02
20191018_06:00:00   0.0000e+00   0.0000e+00   0.0000e+00   0.0000e+00   0.0000e+00   0.0000e+00
20191018_09:00:00   0.0000e+00   2.7000e+00   0.0000e+00   0.0000e+00   0.0000e+00   0.0000e+00
20191018_12:00:00   0.0000e+00   0.0000e+00   0.0000e+00   0.0000e+00   0.0000e+00   0.0000e+00
20191018_15:00:00   0.0000e+00   0.0000e+00   0.0000e+00   0.0000e+00   0.0000e+00   0.0000e+00
20191018_18:00:00   0.0000e+00   0.0000e+00   0.0000e+00   0.0000e+00   0.0000e+00   0.0000e+00
20191018_21:00:00   1.1976e-01   3.4084e+01   2.5897e+00   0.0000e+00   0.0000e+00   2.5940e+02
20191019_00:00:00   1.0480e-01   3.0570e+01   2.1806e+00   0.0000e+00   0.0000e+00   2.5737e+02
20191019_03:00:00   0.0000e+00   0.0000e+00   0.0000e+00   0.0000e+00   0.0000e+00   0.0000e+00
20191019_06:00:00   6.4668e-02   2.0901e+01   1.2782e+00   0.0000e+00   0.0000e+00   2.5792e+02
20191019_09:00:00   0.0000e+00   2.7000e+00   0.0000e+00   0.0000e+00   0.0000e+00   0.0000e+00
20191019_12:00:00   5.3435e-02   1.8068e+01   1.0235e+00   0.0000e+00   0.0000e+00   2.6365e+02
20191019_15:00:00   6.5940e-02   2.1248e+01   1.3124e+00   0.0000e+00   0.0000e+00   2.6560e+02
20191019_18:00:00   9.0294e-02   2.7112e+01   1.9090e+00   0.0000e+00   0.0000e+00   2.6425e+02
20191019_21:00:00   8.4269e-02   2.5665e+01   1.7555e+00   0.0000e+00   0.0000e+00   2.6718e+02
20191020_00:00:00   7.5661e-02   2.3597e+01   1.5201e+00   0.0000e+00   0.0000e+00   2.7052e+02
20191020_03:00:00   4.4329e-02   1.5813e+01   8.0789e-01   0.0000e+00   0.0000e+00   2.7132e+02
20191020_06:00:00   3.2901e-02   1.2776e+01   5.5585e-01   0.0000e+00   0.0000e+00   2.6757e+02
20191020_09:00:00   3.0703e-02   1.2168e+01   5.0854e-01   0.0000e+00   0.0000e+00   2.6790e+02
20191020_12:00:00   3.2481e-02   1.2605e+01   5.6137e-01   0.0000e+00   0.0000e+00   2.6871e+02
20191020_15:00:00   4.3843e-02   1.5497e+01   8.7428e-01   0.0000e+00   0.0000e+00   2.6845e+02
20191020_18:00:00   5.2388e-02   1.7695e+01   1.0979e+00   0.0000e+00   0.0000e+00   2.6629e+02
20191020_21:00:00   6.5814e-02   2.1141e+01   1.4142e+00   0.0000e+00   0.0000e+00   2.6466e+02
20191021_00:00:00   5.0345e-02   1.7295e+01   1.0284e+00   0.0000e+00   0.0000e+00   2.6120e+02
20191021_03:00:00   4.5386e-02   1.6019e+01   9.1441e-01   0.0000e+00   0.0000e+00   2.5802e+02
20191021_06:00:00   4.9355e-02   1.6966e+01   1.0190e+00   0.0000e+00   3.8400e-05   2.5867e+02
20191021_12:00:00   4.0409e-02   1.4776e+01   7.7824e-01   0.0000e+00   7.8650e-05   2.6073e+02
20191021_15:00:00   4.1950e-02   1.5233e+01   8.1579e-01   0.0000e+00   3.9793e-05   2.5871e+02
20191021_18:00:00   2.0367e-01   5.2742e+01   3.8038e+00   0.0000e+00   4.2457e-03   2.5891e+02
20191021_21:00:00   0.0000e+00   0.0000e+00   0.0000e+00   0.0000e+00   0.0000e+00   0.0000e+00
20191022_00:00:00   4.7737e-02   1.6758e+01   9.3335e-01   0.0000e+00   3.4321e-06   2.5822e+02
20191022_03:00:00   3.9765e-02   1.4697e+01   7.4146e-01   0.0000e+00   0.0000e+00   2.5626e+02
20191022_06:00:00   4.0321e-02   1.4809e+01   7.5599e-01   0.0000e+00   6.5000e-06   2.5487e+02
20191022_09:00:00   4.0875e-02   1.4904e+01   7.7245e-01   0.0000e+00   7.5700e-07   2.5636e+02
20191022_12:00:00   0.0000e+00   0.0000e+00   0.0000e+00   0.0000e+00   0.0000e+00   0.0000e+00
20191022_15:00:00   5.3739e-02   1.8142e+01   1.1015e+00   0.0000e+00   0.0000e+00   2.5897e+02
20191022_18:00:00   6.3538e-02   2.0641e+01   1.3231e+00   0.0000e+00   0.0000e+00   2.6163e+02
20191022_21:00:00   6.6465e-02   2.1221e+01   1.4032e+00   0.0000e+00   0.0000e+00   2.6513e+02
20191023_00:00:00   6.6197e-02   2.1101e+01   1.3842e+00   0.0000e+00   0.0000e+00   2.6528e+02
20191023_03:00:00   5.3554e-02   1.8016e+01   1.0761e+00   0.0000e+00   0.0000e+00   2.6655e+02
20191023_06:00:00   4.4434e-02   1.5758e+01   8.3045e-01   0.0000e+00   0.0000e+00   2.7126e+02
20191023_12:00:00   4.2928e-02   1.5347e+01   8.0007e-01   0.0000e+00   0.0000e+00   2.7472e+02
20191023_15:00:00   4.6909e-02   1.6395e+01   9.0295e-01   0.0000e+00   0.0000e+00   2.7506e+02
20191023_18:00:00   5.7647e-02   1.9124e+01   1.1668e+00   0.0000e+00   0.0000e+00   2.7249e+02
20191023_21:00:00   0.0000e+00   2.7000e+00   0.0000e+00   0.0000e+00   0.0000e+00   0.0000e+00
20191024_00:00:00   5.1242e-02   1.7482e+01   1.0212e+00   0.0000e+00   0.0000e+00   2.7848e+02
20191024_03:00:00   0.0000e+00   0.0000e+00   0.0000e+00   0.0000e+00   0.0000e+00   0.0000e+00
20191024_06:00:00   4.9119e-02   1.6902e+01   9.8672e-01   0.0000e+00   7.7540e-06   2.7692e+02
20191024_09:00:00   5.7501e-02   1.8893e+01   1.2246e+00   0.0000e+00   8.5360e-06   2.7731e+02
20191024_12:00:00   6.3285e-02   2.0312e+01   1.3723e+00   0.0000e+00   0.0000e+00   2.7682e+02
20191024_15:00:00   7.2538e-02   2.2601e+01   1.6139e+00   0.0000e+00   0.0000e+00   2.7650e+02
20191024_18:00:00   7.7745e-02   2.3952e+01   1.7378e+00   0.0000e+00   0.0000e+00   2.7484e+02
20191024_21:00:00   8.8506e-02   2.6552e+01   1.9990e+00   0.0000e+00   0.0000e+00   2.7501e+02
20191025_00:00:00   8.2459e-02   2.5192e+01   1.8149e+00   0.0000e+00   0.0000e+00   2.7394e+02
20191025_03:00:00   8.7279e-02   2.6281e+01   1.9699e+00   0.0000e+00   0.0000e+00   2.7136e+02
20191025_06:00:00   9.5968e-02   2.8285e+01   2.2247e+00   0.0000e+00   0.0000e+00   2.6624e+02
20191025_09:00:00   1.0773e-01   3.1044e+01   2.5362e+00   0.0000e+00   0.0000e+00   2.6672e+02
20191025_12:00:00   0.0000e+00   2.7000e+00   0.0000e+00   0.0000e+00   0.0000e+00   0.0000e+00
20191025_15:00:00   0.0000e+00   2.7000e+00   0.0000e+00   0.0000e+00   0.0000e+00   0.0000e+00
20191025_18:00:00   7.1418e-02   2.2717e+01   1.5640e+00   0.0000e+00   0.0000e+00   2.6855e+02
20191025_21:00:00   0.0000e+00   0.0000e+00   0.0000e+00   0.0000e+00   0.0000e+00   0.0000e+00
20191026_00:00:00   0.0000e+00   2.7000e+00   0.0000e+00   0.0000e+00   0.0000e+00   0.0000e+00
20191026_03:00:00   0.0000e+00   0.0000e+00   0.0000e+00   0.0000e+00   0.0000e+00   0.0000e+00
20191026_06:00:00   0.0000e+00   0.0000e+00   0.0000e+00   0.0000e+00   0.0000e+00   0.0000e+00
20191026_09:00:00   0.0000e+00   0.0000e+00   0.0000e+00   0.0000e+00   0.0000e+00   0.0000e+00
20191026_15:00:00   2.9084e-01   7.3263e+01   6.1063e+00   0.0000e+00   2.5026e-07   2.6542e+02
20191026_18:00:00   0.0000e+00   0.0000e+00   0.0000e+00   0.0000e+00   0.0000e+00   0.0000e+00
20191026_21:00:00   8.0599e-02   2.4863e+01   1.8455e+00   0.0000e+00   7.7433e-05   2.6176e+02
20191027_00:00:00   0.0000e+00   0.0000e+00   0.0000e+00   0.0000e+00   0.0000e+00   0.0000e+00
20191027_03:00:00   5.8049e-02   1.9353e+01   1.2150e+00   0.0000e+00   2.0194e-05   2.6178e+02
20191027_06:00:00   0.0000e+00   0.0000e+00   0.0000e+00   0.0000e+00   0.0000e+00   0.0000e+00
20191027_09:00:00   0.0000e+00   0.0000e+00   0.0000e+00   0.0000e+00   0.0000e+00   0.0000e+00
20191027_12:00:00   5.8597e-02   1.9335e+01   1.2529e+00   0.0000e+00   2.0000e-05   2.6173e+02
