#            date       tau225        Tb[K]      pwv[mm] lwp[kg*m^-2] iwp[kg*m^-2]       o3[DU]
20191112_00:00:00   2.2595e-01   5.7331e+01   5.4136e+00   2.6600e-04   9.4649e-02   2.3902e+02
20191112_01:00:00   2.3679e-01   5.9544e+01   5.7248e+00   0.0000e+00   6.8810e-02   2.4034e+02
20191112_02:00:00   2.2956e-01   5.8125e+01   5.5535e+00   0.0000e+00   1.9241e-02   2.4199e+02
20191112_03:00:00   2.3746e-01   5.9751e+01   5.7508e+00   0.0000e+00   2.7454e-03   2.4211e+02
20191112_04:00:00   2.4643e-01   6.1498e+01   5.9499e+00   0.0000e+00   2.5133e-03   2.4080e+02
20191112_05:00:00   2.4454e-01   6.1105e+01   5.9260e+00   0.0000e+00   5.5884e-03   2.4092e+02
20191112_06:00:00   2.4744e-01   6.1692e+01   5.9868e+00   0.0000e+00   4.0623e-02   2.4198e+02
20191112_07:00:00   2.4864e-01   6.1924e+01   6.0239e+00   0.0000e+00   1.7255e-02   2.4231e+02
20191112_08:00:00   2.4284e-01   6.0773e+01   5.8949e+00   0.0000e+00   3.1927e-02   2.4196e+02
20191112_09:00:00   2.4828e-01   6.1812e+01   5.9875e+00   0.0000e+00   1.0787e-01   2.4177e+02
20191112_10:00:00   2.4901e-01   6.1940e+01   5.9984e+00   0.0000e+00   1.0714e-01   2.4159e+02
20191112_11:00:00   2.4993e-01   6.2153e+01   6.0441e+00   0.0000e+00   5.0148e-02   2.4118e+02
20191112_12:00:00   2.4656e-01   6.1530e+01   5.9524e+00   0.0000e+00   2.2145e-02   2.4069e+02
20191112_13:00:00   2.4776e-01   6.1799e+01   5.9743e+00   0.0000e+00   4.5213e-02   2.4142e+02
20191112_14:00:00   2.4273e-01   6.0841e+01   5.8528e+00   0.0000e+00   4.9078e-02   2.4221e+02
20191112_15:00:00   2.4804e-01   6.1935e+01   6.0038e+00   4.7320e-05   5.5300e-02   2.4278e+02
20191112_16:00:00   2.5000e-01   6.2392e+01   6.0815e+00   4.4040e-06   1.3040e-02   2.4341e+02
20191112_17:00:00   2.4946e-01   6.2337e+01   6.0526e+00   0.0000e+00   6.7144e-03   2.4356e+02
20191112_18:00:00   2.4527e-01   6.1463e+01   5.9588e+00   0.0000e+00   2.5216e-02   2.4489e+02
20191112_19:00:00   2.2733e-01   5.7835e+01   5.5214e+00   0.0000e+00   3.3981e-03   2.4560e+02
20191112_20:00:00   2.1192e-01   5.4469e+01   5.1775e+00   0.0000e+00   3.5429e-02   2.4467e+02
20191112_21:00:00   2.0095e-01   5.2064e+01   4.9137e+00   4.3950e-04   1.0588e-02   2.4389e+02
20191112_22:00:00   1.9640e-01   5.1028e+01   4.7978e+00   0.0000e+00   6.3336e-03   2.4410e+02
20191112_23:00:00   2.1228e-01   5.4288e+01   5.1516e+00   0.0000e+00   2.1600e-02   2.4428e+02
20191113_00:00:00   2.1688e-01   5.5330e+01   5.2198e+00   0.0000e+00   6.6221e-04   2.4405e+02
20191113_01:00:00   2.1442e-01   5.4841e+01   5.1182e+00   0.0000e+00   1.7050e-06   2.4210e+02
20191113_02:00:00   1.9783e-01   5.1435e+01   4.6654e+00   0.0000e+00   0.0000e+00   2.4179e+02
20191113_03:00:00   1.8993e-01   4.9722e+01   4.4599e+00   0.0000e+00   0.0000e+00   2.4191e+02
20191113_04:00:00   1.8703e-01   4.9106e+01   4.3773e+00   0.0000e+00   0.0000e+00   2.4343e+02
20191113_05:00:00   1.8588e-01   4.8803e+01   4.3659e+00   0.0000e+00   0.0000e+00   2.4500e+02
20191113_06:00:00   1.7712e-01   4.6895e+01   4.1672e+00   0.0000e+00   0.0000e+00   2.4660e+02
20191113_07:00:00   1.5839e-01   4.2834e+01   3.7026e+00   0.0000e+00   0.0000e+00   2.4778e+02
20191113_08:00:00   1.3437e-01   3.7534e+01   3.0814e+00   0.0000e+00   0.0000e+00   2.4894e+02
20191113_09:00:00   1.1735e-01   3.3706e+01   2.6162e+00   0.0000e+00   0.0000e+00   2.4889e+02
20191113_10:00:00   9.8056e-02   2.9246e+01   2.1145e+00   0.0000e+00   0.0000e+00   2.4839e+02
20191113_11:00:00   8.3458e-02   2.5708e+01   1.7898e+00   0.0000e+00   0.0000e+00   2.4851e+02
20191113_12:00:00   7.6053e-02   2.3924e+01   1.6180e+00   0.0000e+00   0.0000e+00   2.4837e+02
20191113_13:00:00   6.5127e-02   2.1286e+01   1.3526e+00   0.0000e+00   0.0000e+00   2.4879e+02
20191113_14:00:00   6.9159e-02   2.2297e+01   1.4668e+00   0.0000e+00   0.0000e+00   2.4926e+02
20191113_15:00:00   7.5331e-02   2.3833e+01   1.6268e+00   0.0000e+00   0.0000e+00   2.4942e+02
20191113_16:00:00   8.0748e-02   2.5198e+01   1.7556e+00   0.0000e+00   0.0000e+00   2.4958e+02
20191113_17:00:00   8.4598e-02   2.6200e+01   1.8311e+00   0.0000e+00   0.0000e+00   2.5015e+02
20191113_18:00:00   8.6531e-02   2.6697e+01   1.8692e+00   0.0000e+00   0.0000e+00   2.5082e+02
20191113_19:00:00   1.0322e-01   3.0712e+01   2.2643e+00   0.0000e+00   0.0000e+00   2.5112e+02
20191113_20:00:00   1.3305e-01   3.7646e+01   2.9668e+00   0.0000e+00   1.6656e-05   2.5064e+02
20191113_21:00:00   1.5122e-01   4.1663e+01   3.3966e+00   0.0000e+00   4.9659e-04   2.5017e+02
20191113_22:00:00   1.5725e-01   4.2974e+01   3.4561e+00   7.4480e-04   3.4881e-04   2.4990e+02
20191113_23:00:00   1.5013e-01   4.1365e+01   3.2580e+00   0.0000e+00   8.1680e-05   2.4933e+02
20191114_00:00:00   1.3312e-01   3.7519e+01   2.8360e+00   0.0000e+00   3.7860e-06   2.4821e+02
20191114_01:00:00   1.1234e-01   3.2729e+01   2.3546e+00   0.0000e+00   0.0000e+00   2.4821e+02
20191114_02:00:00   1.0023e-01   2.9905e+01   2.0781e+00   0.0000e+00   0.0000e+00   2.4884e+02
20191114_03:00:00   8.7128e-02   2.6767e+01   1.7937e+00   0.0000e+00   0.0000e+00   2.4883e+02
20191114_04:00:00   6.9892e-02   2.2556e+01   1.4084e+00   0.0000e+00   0.0000e+00   2.5012e+02
20191114_05:00:00   5.9193e-02   1.9885e+01   1.1617e+00   0.0000e+00   0.0000e+00   2.5125e+02
20191114_06:00:00   5.5235e-02   1.8872e+01   1.0673e+00   0.0000e+00   0.0000e+00   2.5087e+02
20191114_07:00:00   4.9097e-02   1.7292e+01   9.2741e-01   0.0000e+00   2.1139e-07   2.5116e+02
20191114_08:00:00   4.7076e-02   1.6761e+01   8.7997e-01   0.0000e+00   1.4096e-07   2.5065e+02
20191114_09:00:00   4.4762e-02   1.6148e+01   8.2591e-01   0.0000e+00   0.0000e+00   2.5077e+02
20191114_10:00:00   4.1187e-02   1.5205e+01   7.4279e-01   0.0000e+00   0.0000e+00   2.5107e+02
20191114_11:00:00   3.8427e-02   1.4480e+01   6.7777e-01   0.0000e+00   0.0000e+00   2.5276e+02
20191114_12:00:00   4.1556e-02   1.5318e+01   7.5215e-01   0.0000e+00   0.0000e+00   2.5545e+02
20191114_13:00:00   4.2825e-02   1.5664e+01   7.9066e-01   0.0000e+00   0.0000e+00   2.5661e+02
20191114_14:00:00   5.2614e-02   1.8198e+01   1.0397e+00   0.0000e+00   0.0000e+00   2.5709e+02
20191114_15:00:00   6.7474e-02   2.1933e+01   1.4284e+00   0.0000e+00   0.0000e+00   2.5845e+02
20191114_16:00:00   8.1458e-02   2.5418e+01   1.7946e+00   0.0000e+00   0.0000e+00   2.5821e+02
20191114_17:00:00   9.8646e-02   2.9626e+01   2.2293e+00   0.0000e+00   0.0000e+00   2.5630e+02
20191114_18:00:00   1.1530e-01   3.3596e+01   2.6358e+00   0.0000e+00   0.0000e+00   2.5591e+02
20191114_19:00:00   1.2696e-01   3.6279e+01   2.9338e+00   0.0000e+00   0.0000e+00   2.5534e+02
20191114_20:00:00   1.2900e-01   3.6717e+01   2.9920e+00   0.0000e+00   0.0000e+00   2.5492e+02
20191114_21:00:00   1.2145e-01   3.4906e+01   2.8150e+00   0.0000e+00   0.0000e+00   2.5530e+02
20191114_22:00:00   1.2338e-01   3.5326e+01   2.8496e+00   0.0000e+00   0.0000e+00   2.5477e+02
20191114_23:00:00   1.3536e-01   3.8203e+01   3.0766e+00   0.0000e+00   0.0000e+00   2.5331e+02
20191115_00:00:00   1.3185e-01   3.7432e+01   2.9983e+00   0.0000e+00   0.0000e+00   2.5421e+02
20191115_01:00:00   1.1971e-01   3.4631e+01   2.7361e+00   0.0000e+00   0.0000e+00   2.5520e+02
20191115_02:00:00   1.1324e-01   3.3120e+01   2.5882e+00   0.0000e+00   0.0000e+00   2.5536e+02
20191115_03:00:00   1.0758e-01   3.1797e+01   2.4486e+00   0.0000e+00   4.8290e-06   2.5507e+02
20191115_04:00:00   1.0251e-01   3.0576e+01   2.3372e+00   0.0000e+00   5.6560e-05   2.5410e+02
20191115_05:00:00   1.0246e-01   3.0549e+01   2.3378e+00   0.0000e+00   6.4780e-05   2.5383e+02
20191115_06:00:00   1.0954e-01   3.2192e+01   2.5020e+00   0.0000e+00   5.5740e-05   2.5305e+02
20191115_07:00:00   1.1620e-01   3.3740e+01   2.6516e+00   0.0000e+00   6.9760e-05   2.5304e+02
20191115_08:00:00   1.1886e-01   3.4368e+01   2.7079e+00   0.0000e+00   1.1755e-04   2.5319e+02
20191115_09:00:00   1.1716e-01   3.3987e+01   2.6599e+00   0.0000e+00   1.7502e-04   2.5328e+02
20191115_10:00:00   1.1742e-01   3.4073e+01   2.6551e+00   0.0000e+00   2.0899e-04   2.5347e+02
20191115_11:00:00   1.2087e-01   3.4922e+01   2.7263e+00   0.0000e+00   1.6690e-04   2.5459e+02
20191115_12:00:00   1.2291e-01   3.5436e+01   2.7701e+00   0.0000e+00   1.3967e-04   2.5523e+02
20191115_13:00:00   1.2510e-01   3.6036e+01   2.8319e+00   0.0000e+00   1.4480e-04   2.5389e+02
20191115_14:00:00   1.3871e-01   3.9233e+01   3.1718e+00   0.0000e+00   1.1475e-04   2.5378e+02
20191115_15:00:00   1.5506e-01   4.2958e+01   3.6041e+00   0.0000e+00   6.2030e-05   2.5443e+02
20191115_16:00:00   1.7840e-01   4.8055e+01   4.2368e+00   0.0000e+00   5.2618e-05   2.5479e+02
20191115_17:00:00   2.1051e-01   5.4792e+01   4.9646e+00   2.2077e-03   8.3252e-03   2.5532e+02
20191115_18:00:00   2.4323e-01   6.1430e+01   5.8126e+00   2.2000e-04   1.3436e-01   2.5641e+02
20191115_19:00:00   2.9006e-01   7.0489e+01   6.7607e+00   1.4152e-03   3.6545e-01   2.5712e+02
20191115_20:00:00   3.2506e-01   7.7057e+01   7.5550e+00   2.1320e-04   3.9069e-01   2.5721e+02
20191115_21:00:00   3.2324e-01   7.6785e+01   7.6013e+00   0.0000e+00   1.6912e-01   2.5744e+02
20191115_22:00:00   3.0684e-01   7.3598e+01   7.2874e+00   0.0000e+00   1.2768e-01   2.5796e+02
20191115_23:00:00   3.0663e-01   7.3599e+01   7.2897e+00   4.2660e-05   1.2884e-01   2.5892e+02
20191116_00:00:00   3.3250e-01   7.8452e+01   7.7782e+00   0.0000e+00   2.0867e-01   2.5889e+02
20191116_01:00:00   3.7629e-01   8.6504e+01   8.5615e+00   9.8760e-05   3.3233e-01   2.5807e+02
20191116_02:00:00   4.0360e-01   9.1461e+01   9.0688e+00   0.0000e+00   3.2020e-01   2.5574e+02
20191116_03:00:00   3.9271e-01   8.9543e+01   8.8961e+00   0.0000e+00   2.4487e-01   2.5347e+02
20191116_04:00:00   3.9410e-01   8.9718e+01   8.8595e+00   0.0000e+00   3.3735e-01   2.5391e+02
20191116_05:00:00   3.8018e-01   8.7236e+01   8.5747e+00   3.9610e-05   2.7179e-01   2.5427e+02
20191116_06:00:00   3.7374e-01   8.6060e+01   8.4317e+00   0.0000e+00   2.8318e-01   2.5476e+02
20191116_07:00:00   3.6497e-01   8.4424e+01   8.2505e+00   4.6100e-05   2.5366e-01   2.5786e+02
20191116_08:00:00   3.7093e-01   8.5463e+01   8.2109e+00   2.8210e-03   2.8451e-01   2.5964e+02
20191116_09:00:00   3.5479e-01   8.2479e+01   8.0290e+00   0.0000e+00   2.4831e-01   2.6037e+02
20191116_10:00:00   3.2969e-01   7.7880e+01   7.5603e+00   0.0000e+00   2.0005e-01   2.6107e+02
20191116_11:00:00   3.0735e-01   7.3719e+01   7.1465e+00   0.0000e+00   9.9503e-02   2.6229e+02
20191116_12:00:00   2.9140e-01   7.0743e+01   6.8456e+00   0.0000e+00   3.2184e-02   2.6283e+02
20191116_13:00:00   2.7793e-01   6.8157e+01   6.5862e+00   0.0000e+00   2.2993e-02   2.6175e+02
20191116_14:00:00   2.7218e-01   6.7007e+01   6.4987e+00   0.0000e+00   2.7070e-02   2.6072e+02
20191116_15:00:00   2.8308e-01   6.9108e+01   6.7697e+00   1.0410e-04   3.9273e-02   2.6001e+02
20191116_16:00:00   2.9478e-01   7.1444e+01   7.0046e+00   0.0000e+00   1.0930e-01   2.5890e+02
20191116_17:00:00   3.1700e-01   7.5692e+01   7.4098e+00   2.6183e-04   2.2621e-01   2.5957e+02
20191116_18:00:00   3.4085e-01   7.9952e+01   7.8243e+00   4.6680e-04   4.2069e-01   2.5991e+02
20191116_19:00:00   3.4287e-01   8.0263e+01   7.9398e+00   2.0460e-04   2.8542e-01   2.6025e+02
20191116_20:00:00   3.0803e-01   7.3877e+01   7.2170e+00   1.7175e-04   1.1492e-01   2.6153e+02
20191116_21:00:00   2.8328e-01   6.9042e+01   6.5864e+00   6.6684e-04   3.9251e-02   2.6285e+02
20191116_22:00:00   2.5403e-01   6.3182e+01   6.0039e+00   0.0000e+00   2.0043e-02   2.6291e+02
20191116_23:00:00   2.4896e-01   6.2013e+01   5.9327e+00   0.0000e+00   3.9768e-02   2.6359e+02
20191117_00:00:00   2.4701e-01   6.1499e+01   5.8354e+00   0.0000e+00   1.1492e-01   2.6358e+02
20191117_03:00:00   2.0874e-01   5.3828e+01   4.9487e+00   0.0000e+00   1.4859e-02   2.6364e+02
20191117_06:00:00   2.0681e-01   5.3439e+01   4.8688e+00   0.0000e+00   1.5517e-03   2.6871e+02
20191117_09:00:00   1.6384e-01   4.4224e+01   3.7958e+00   0.0000e+00   5.9540e-05   2.6819e+02
20191117_12:00:00   1.5062e-01   4.1463e+01   3.4211e+00   0.0000e+00   1.8500e-04   2.6706e+02
20191117_15:00:00   1.7373e-01   4.6710e+01   4.0282e+00   0.0000e+00   9.3320e-06   2.6446e+02
20191117_18:00:00   2.0543e-01   5.3323e+01   4.7129e+00   1.7220e-03   7.7887e-02   2.6563e+02
20191117_21:00:00   1.8910e-01   4.9747e+01   4.4229e+00   0.0000e+00   1.2758e-04   2.6630e+02
20191118_00:00:00   1.8471e-01   4.8654e+01   4.3597e+00   0.0000e+00   0.0000e+00   2.6327e+02
20191118_03:00:00   2.2897e-01   5.7792e+01   5.3737e+00   0.0000e+00   4.9730e-02   2.5954e+02
20191118_06:00:00   2.2138e-01   5.6314e+01   5.2116e+00   0.0000e+00   8.7501e-03   2.5866e+02
20191118_09:00:00   2.1471e-01   5.4929e+01   5.0180e+00   0.0000e+00   1.1186e-03   2.5878e+02
20191118_12:00:00   2.0270e-01   5.2669e+01   4.6816e+00   0.0000e+00   1.2602e-05   2.6148e+02
20191118_15:00:00   2.3461e-01   5.9117e+01   5.0789e+00   9.7060e-03   6.3998e-03   2.6012e+02
20191118_18:00:00   2.4069e-01   6.0574e+01   5.5318e+00   2.4620e-03   7.5265e-02   2.6040e+02
20191118_21:00:00   2.2253e-01   5.6651e+01   5.2674e+00   0.0000e+00   7.3555e-03   2.6243e+02
20191119_00:00:00   1.9928e-01   5.1679e+01   4.7374e+00   0.0000e+00   1.1012e-06   2.5914e+02
20191119_03:00:00   1.9443e-01   5.0877e+01   4.4816e+00   0.0000e+00   1.3640e-06   2.5986e+02
20191119_06:00:00   2.7045e-01   6.6592e+01   6.0382e+00   0.0000e+00   9.1975e-03   2.6332e+02
20191119_09:00:00   3.1473e-01   7.5587e+01   5.5984e+00   2.6905e-02   4.2505e-04   2.6262e+02
20191119_12:00:00   2.3117e-01   5.8797e+01   5.1657e+00   0.0000e+00   7.0350e-04   2.6248e+02
20191119_15:00:00   2.2529e-01   5.7668e+01   5.0880e+00   1.0566e-03   2.3337e-03   2.5989e+02
20191119_18:00:00   2.6719e-01   6.6003e+01   6.0955e+00   0.0000e+00   1.3822e-01   2.5939e+02
20191119_21:00:00   2.3308e-01   5.9042e+01   5.1569e+00   4.1020e-03   1.1460e-02   2.6172e+02
20191120_00:00:00   1.7956e-01   4.7740e+01   4.0869e+00   0.0000e+00   0.0000e+00   2.6199e+02
20191120_03:00:00   1.3136e-01   3.7128e+01   2.8979e+00   0.0000e+00   0.0000e+00   2.5956e+02
20191120_06:00:00   1.4385e-01   3.9942e+01   3.1867e+00   0.0000e+00   0.0000e+00   2.6204e+02
20191120_09:00:00   1.7242e-01   4.6240e+01   3.8279e+00   0.0000e+00   7.6180e-05   2.5970e+02
20191120_12:00:00   1.7065e-01   4.5957e+01   3.7735e+00   0.0000e+00   0.0000e+00   2.6016e+02
20191120_15:00:00   1.7650e-01   4.7340e+01   3.9855e+00   0.0000e+00   1.0476e-03   2.6017e+02
20191120_18:00:00   2.1988e-01   5.6562e+01   5.0326e+00   0.0000e+00   3.4163e-02   2.5708e+02
20191120_21:00:00   1.9615e-01   5.1495e+01   4.4776e+00   1.4546e-04   4.6202e-04   2.5525e+02
20191121_00:00:00   1.2439e-01   3.5608e+01   2.7220e+00   0.0000e+00   0.0000e+00   2.5591e+02
20191121_03:00:00   1.2321e-01   3.5350e+01   2.6583e+00   0.0000e+00   0.0000e+00   2.5618e+02
20191121_06:00:00   7.7402e-02   2.4441e+01   1.5783e+00   0.0000e+00   0.0000e+00   2.5781e+02
20191121_09:00:00   5.9310e-02   1.9904e+01   1.1625e+00   0.0000e+00   0.0000e+00   2.6048e+02
20191121_12:00:00   6.1478e-02   2.0450e+01   1.2365e+00   0.0000e+00   0.0000e+00   2.5910e+02
20191121_15:00:00   8.8710e-02   2.7216e+01   1.9412e+00   0.0000e+00   0.0000e+00   2.5621e+02
20191121_18:00:00   1.2726e-01   3.6399e+01   2.9031e+00   0.0000e+00   0.0000e+00   2.5656e+02
20191121_21:00:00   1.3206e-01   3.7336e+01   3.0513e+00   0.0000e+00   0.0000e+00   2.5489e+02
20191122_00:00:00   1.1720e-01   3.3963e+01   2.6395e+00   0.0000e+00   0.0000e+00   2.5224e+02
20191122_03:00:00   1.3399e-01   3.7872e+01   3.0611e+00   0.0000e+00   0.0000e+00   2.5198e+02
20191122_06:00:00   1.3567e-01   3.8310e+01   3.0748e+00   0.0000e+00   0.0000e+00   2.5529e+02
20191122_09:00:00   1.4050e-01   3.9357e+01   3.2164e+00   0.0000e+00   0.0000e+00   2.5316e+02
20191122_12:00:00   1.7187e-01   4.6316e+01   3.9694e+00   0.0000e+00   6.1600e-08   2.5450e+02
20191122_15:00:00   2.0589e-01   5.4026e+01   4.7665e+00   0.0000e+00   4.4780e-04   2.5382e+02
20191122_18:00:00   2.0882e-01   5.4531e+01   4.9002e+00   2.6740e-04   1.7085e-02   2.5475e+02
20191122_21:00:00   1.6495e-01   4.4818e+01   3.8534e+00   0.0000e+00   2.9136e-05   2.5407e+02
20191123_00:00:00   1.3095e-01   3.7190e+01   3.0355e+00   0.0000e+00   0.0000e+00   2.5406e+02
20191123_03:00:00   1.3902e-01   3.9070e+01   3.2167e+00   0.0000e+00   9.6900e-06   2.5445e+02
20191123_06:00:00   1.3144e-01   3.7345e+01   3.0237e+00   0.0000e+00   0.0000e+00   2.5620e+02
20191123_09:00:00   1.2281e-01   3.5408e+01   2.7980e+00   0.0000e+00   0.0000e+00   2.5657e+02
20191123_12:00:00   1.0363e-01   3.0954e+01   2.3221e+00   0.0000e+00   0.0000e+00   2.5845e+02
20191123_15:00:00   1.2318e-01   3.5670e+01   2.8559e+00   0.0000e+00   0.0000e+00   2.5957e+02
20191123_18:00:00   1.4895e-01   4.1389e+01   3.5909e+00   0.0000e+00   2.0660e-05   2.5852e+02
20191123_21:00:00   1.2576e-01   3.6071e+01   2.9765e+00   0.0000e+00   0.0000e+00   2.5458e+02
20191124_00:00:00   1.2283e-01   3.5237e+01   2.9450e+00   0.0000e+00   0.0000e+00   2.5688e+02
20191124_03:00:00   1.3968e-01   3.9134e+01   3.3198e+00   0.0000e+00   1.6338e-07   2.5555e+02
20191124_06:00:00   1.9856e-01   5.2347e+01   4.6269e+00   0.0000e+00   6.0560e-08   2.5644e+02
20191124_09:00:00   1.9126e-01   5.0844e+01   4.4355e+00   0.0000e+00   2.7040e-06   2.5764e+02
20191124_12:00:00   1.7125e-01   4.6667e+01   3.9038e+00   0.0000e+00   2.0911e-06   2.5739e+02
20191124_15:00:00   1.9141e-01   5.1172e+01   4.4664e+00   0.0000e+00   4.2663e-05   2.5672e+02
20191124_18:00:00   1.7646e-01   4.7690e+01   4.1918e+00   8.3150e-05   2.0778e-02   2.5625e+02
20191124_21:00:00   1.1125e-01   3.2748e+01   2.5319e+00   0.0000e+00   0.0000e+00   2.5499e+02
20191125_00:00:00   8.6368e-02   2.6696e+01   1.9118e+00   0.0000e+00   3.2746e-05   2.5552e+02
20191125_03:00:00   8.4895e-02   2.6373e+01   1.8731e+00   0.0000e+00   8.0450e-07   2.5382e+02
20191125_06:00:00   7.1727e-02   2.3049e+01   1.5502e+00   0.0000e+00   1.7617e-08   2.5567e+02
20191125_09:00:00   6.2315e-02   2.0694e+01   1.3074e+00   0.0000e+00   0.0000e+00   2.5564e+02
20191125_12:00:00   4.8429e-02   1.7153e+01   9.5032e-01   0.0000e+00   0.0000e+00   2.5567e+02
20191125_15:00:00   4.7729e-02   1.6996e+01   9.4490e-01   0.0000e+00   0.0000e+00   2.5296e+02
20191125_18:00:00   5.5122e-02   1.8927e+01   1.1308e+00   0.0000e+00   0.0000e+00   2.5258e+02
20191125_21:00:00   5.6385e-02   1.9187e+01   1.1605e+00   0.0000e+00   0.0000e+00   2.5097e+02
20191126_00:00:00   4.8021e-02   1.7038e+01   9.2701e-01   0.0000e+00   0.0000e+00   2.5181e+02
20191126_03:00:00   3.5676e-02   1.3800e+01   6.3624e-01   0.0000e+00   0.0000e+00   2.5240e+02
20191126_06:00:00   3.3480e-02   1.3191e+01   5.8076e-01   0.0000e+00   0.0000e+00   2.5195e+02
20191126_09:00:00   3.2889e-02   1.3011e+01   5.6963e-01   0.0000e+00   0.0000e+00   2.5495e+02
20191126_12:00:00   3.2675e-02   1.2949e+01   5.6644e-01   0.0000e+00   1.1988e-04   2.5463e+02
20191126_15:00:00   4.9015e-02   1.7334e+01   9.8598e-01   0.0000e+00   6.0020e-04   2.5294e+02
20191126_18:00:00   7.1685e-02   2.3128e+01   1.5572e+00   0.0000e+00   5.5760e-04   2.5260e+02
20191126_21:00:00   6.2131e-02   2.0689e+01   1.3070e+00   0.0000e+00   0.0000e+00   2.5306e+02
20191127_00:00:00   6.1599e-02   2.0574e+01   1.2521e+00   0.0000e+00   0.0000e+00   2.5252e+02
20191127_03:00:00   4.3327e-02   1.5868e+01   8.1925e-01   0.0000e+00   7.5700e-07   2.5332e+02
20191127_06:00:00   3.5281e-02   1.3700e+01   6.2307e-01   0.0000e+00   7.5700e-07   2.5470e+02
20191127_09:00:00   3.0790e-02   1.2462e+01   5.1726e-01   0.0000e+00   0.0000e+00   2.5694e+02
20191127_12:00:00   2.9549e-02   1.2121e+01   4.8623e-01   0.0000e+00   1.1428e-05   2.5722e+02
20191127_15:00:00   4.1011e-02   1.5217e+01   7.8899e-01   0.0000e+00   6.0240e-06   2.5565e+02
20191127_18:00:00   4.8243e-02   1.7132e+01   9.7916e-01   0.0000e+00   0.0000e+00   2.5507e+02
20191127_21:00:00   4.5258e-02   1.6356e+01   8.9043e-01   0.0000e+00   0.0000e+00   2.5349e+02
20191128_00:00:00   6.0556e-02   2.0353e+01   1.2429e+00   0.0000e+00   0.0000e+00   2.5318e+02
