#            date       tau225        Tb[K]      pwv[mm] lwp[kg*m^-2] iwp[kg*m^-2]       o3[DU]
20191108_12:00:00   6.7435e-02   2.1954e+01   1.4270e+00   0.0000e+00   0.0000e+00   2.5735e+02
20191108_13:00:00   6.9239e-02   2.2413e+01   1.4764e+00   0.0000e+00   0.0000e+00   2.5749e+02
20191108_14:00:00   7.0025e-02   2.2639e+01   1.5009e+00   0.0000e+00   0.0000e+00   2.5773e+02
20191108_15:00:00   7.6539e-02   2.4262e+01   1.6738e+00   0.0000e+00   0.0000e+00   2.5751e+02
20191108_16:00:00   7.9572e-02   2.5027e+01   1.7545e+00   0.0000e+00   0.0000e+00   2.5809e+02
20191108_17:00:00   7.6436e-02   2.4290e+01   1.6769e+00   0.0000e+00   0.0000e+00   2.5799e+02
20191108_18:00:00   7.6634e-02   2.4359e+01   1.6807e+00   0.0000e+00   0.0000e+00   2.5758e+02
20191108_19:00:00   8.4830e-02   2.6376e+01   1.8779e+00   0.0000e+00   0.0000e+00   2.5624e+02
20191108_20:00:00   1.0457e-01   3.1080e+01   2.3666e+00   0.0000e+00   0.0000e+00   2.5348e+02
20191108_21:00:00   1.1920e-01   3.4565e+01   2.6927e+00   0.0000e+00   0.0000e+00   2.5153e+02
20191108_22:00:00   8.8986e-02   2.7363e+01   1.9312e+00   0.0000e+00   0.0000e+00   2.5044e+02
20191108_23:00:00   6.2648e-02   2.0819e+01   1.2877e+00   0.0000e+00   0.0000e+00   2.5091e+02
20191109_00:00:00   5.5314e-02   1.8942e+01   1.0989e+00   0.0000e+00   0.0000e+00   2.5097e+02
20191109_01:00:00   5.3394e-02   1.8457e+01   1.0515e+00   0.0000e+00   0.0000e+00   2.5056e+02
20191109_02:00:00   5.0607e-02   1.7758e+01   9.8961e-01   0.0000e+00   0.0000e+00   2.5121e+02
20191109_03:00:00   4.9853e-02   1.7568e+01   9.7551e-01   0.0000e+00   0.0000e+00   2.5145e+02
20191109_04:00:00   5.1418e-02   1.7966e+01   1.0128e+00   0.0000e+00   0.0000e+00   2.5287e+02
20191109_05:00:00   5.4379e-02   1.8714e+01   1.0844e+00   0.0000e+00   0.0000e+00   2.5323e+02
20191109_06:00:00   5.3076e-02   1.8368e+01   1.0542e+00   0.0000e+00   0.0000e+00   2.5353e+02
20191109_07:00:00   5.4718e-02   1.8758e+01   1.0967e+00   0.0000e+00   0.0000e+00   2.5476e+02
20191109_08:00:00   5.1782e-02   1.7987e+01   1.0289e+00   0.0000e+00   0.0000e+00   2.5485e+02
20191109_09:00:00   4.9143e-02   1.7293e+01   9.6578e-01   0.0000e+00   0.0000e+00   2.5521e+02
20191109_10:00:00   4.6143e-02   1.6485e+01   8.9946e-01   0.0000e+00   0.0000e+00   2.5477e+02
20191109_11:00:00   4.2480e-02   1.5538e+01   8.0901e-01   0.0000e+00   0.0000e+00   2.5507e+02
20191109_12:00:00   4.3274e-02   1.5744e+01   8.3058e-01   0.0000e+00   0.0000e+00   2.5578e+02
20191109_13:00:00   4.1866e-02   1.5386e+01   8.0028e-01   0.0000e+00   0.0000e+00   2.5716e+02
20191109_14:00:00   4.9107e-02   1.7291e+01   9.8976e-01   0.0000e+00   0.0000e+00   2.5720e+02
20191109_15:00:00   5.8802e-02   1.9771e+01   1.2505e+00   0.0000e+00   0.0000e+00   2.5698e+02
20191109_16:00:00   7.8273e-02   2.4609e+01   1.7646e+00   0.0000e+00   0.0000e+00   2.5610e+02
20191109_17:00:00   9.7597e-02   2.9279e+01   2.2700e+00   0.0000e+00   1.2898e-05   2.5240e+02
20191109_18:00:00   1.1382e-01   3.3106e+01   2.6834e+00   0.0000e+00   1.2806e-04   2.5004e+02
20191109_19:00:00   1.2225e-01   3.5022e+01   2.9090e+00   0.0000e+00   3.5093e-04   2.5006e+02
20191109_20:00:00   1.0517e-01   3.1020e+01   2.4766e+00   0.0000e+00   1.4840e-03   2.4958e+02
20191109_21:00:00   8.5059e-02   2.6207e+01   1.9588e+00   0.0000e+00   2.1460e-03   2.4886e+02
20191109_22:00:00   1.1305e-01   3.2896e+01   2.6389e+00   0.0000e+00   0.0000e+00   2.4887e+02
20191109_23:00:00   1.1292e-01   3.2836e+01   2.6551e+00   0.0000e+00   9.2180e-06   2.4911e+02
20191110_00:00:00   1.1417e-01   3.3002e+01   2.7284e+00   0.0000e+00   9.5987e-04   2.4911e+02
20191110_01:00:00   1.0440e-01   3.0614e+01   2.5056e+00   4.5160e-05   4.9080e-03   2.4963e+02
20191110_02:00:00   9.5838e-02   2.8522e+01   2.2924e+00   0.0000e+00   7.8084e-03   2.5102e+02
20191110_03:00:00   8.5896e-02   2.6106e+01   2.0429e+00   0.0000e+00   2.6198e-03   2.5239e+02
20191110_04:00:00   8.9015e-02   2.6784e+01   2.1295e+00   0.0000e+00   5.0981e-03   2.5325e+02
20191110_05:00:00   1.0009e-01   2.9473e+01   2.3944e+00   0.0000e+00   1.9537e-03   2.5475e+02
20191110_06:00:00   1.1008e-01   3.1889e+01   2.6352e+00   0.0000e+00   3.2678e-03   2.5463e+02
20191110_07:00:00   1.1437e-01   3.2961e+01   2.7258e+00   0.0000e+00   4.3397e-03   2.5359e+02
20191110_08:00:00   1.1526e-01   3.3255e+01   2.7296e+00   0.0000e+00   7.2376e-03   2.5340e+02
20191110_09:00:00   1.2341e-01   3.5190e+01   2.9155e+00   0.0000e+00   1.2506e-02   2.5426e+02
20191110_10:00:00   1.2347e-01   3.5265e+01   2.9049e+00   0.0000e+00   1.3640e-02   2.5440e+02
20191110_11:00:00   1.2107e-01   3.4738e+01   2.8413e+00   0.0000e+00   1.4386e-02   2.5311e+02
20191110_12:00:00   1.2240e-01   3.5060e+01   2.8705e+00   0.0000e+00   2.2004e-02   2.5216e+02
20191110_13:00:00   1.3613e-01   3.8295e+01   3.2053e+00   0.0000e+00   1.5277e-02   2.5232e+02
20191110_14:00:00   1.6056e-01   4.3834e+01   3.7987e+00   0.0000e+00   3.5794e-02   2.5158e+02
20191110_15:00:00   1.8619e-01   4.9504e+01   4.4322e+00   0.0000e+00   3.1980e-02   2.5004e+02
20191110_16:00:00   2.1218e-01   5.4980e+01   5.0205e+00   1.8012e-03   2.1024e-02   2.4926e+02
20191110_17:00:00   2.1225e-01   5.5035e+01   5.1241e+00   0.0000e+00   3.4024e-02   2.4898e+02
20191110_18:00:00   2.1676e-01   5.5913e+01   5.2484e+00   0.0000e+00   5.5794e-02   2.4868e+02
20191110_19:00:00   2.0249e-01   5.2940e+01   4.9015e+00   0.0000e+00   1.4552e-02   2.5010e+02
20191110_20:00:00   1.9374e-01   5.1020e+01   4.7071e+00   0.0000e+00   8.8086e-03   2.5109e+02
20191110_21:00:00   1.9168e-01   5.0446e+01   4.6787e+00   0.0000e+00   8.7280e-03   2.5107e+02
20191110_22:00:00   1.7936e-01   4.7685e+01   4.3866e+00   0.0000e+00   9.4308e-03   2.5015e+02
20191110_23:00:00   1.8150e-01   4.8084e+01   4.4790e+00   0.0000e+00   1.2525e-03   2.4891e+02
20191111_00:00:00   1.8422e-01   4.8608e+01   4.5356e+00   0.0000e+00   4.2728e-03   2.4704e+02
20191111_01:00:00   1.8941e-01   4.9712e+01   4.6431e+00   0.0000e+00   3.5285e-04   2.4552e+02
20191111_02:00:00   1.9884e-01   5.1723e+01   4.8660e+00   0.0000e+00   1.5522e-03   2.4492e+02
20191111_03:00:00   2.2162e-01   5.6618e+01   5.3556e+00   0.0000e+00   1.2535e-03   2.4552e+02
20191111_04:00:00   2.9472e-01   7.1717e+01   6.3053e+00   1.1102e-02   4.3613e-03   2.4734e+02
20191111_05:00:00   3.4255e-01   8.1134e+01   6.7142e+00   2.0842e-02   1.0148e-02   2.4816e+02
20191111_06:00:00   3.4028e-01   8.0501e+01   7.0999e+00   1.1556e-02   6.9145e-02   2.4904e+02
20191111_07:00:00   3.1976e-01   7.6505e+01   7.2008e+00   6.9895e-04   6.2924e-02   2.4890e+02
20191111_08:00:00   3.0134e-01   7.2981e+01   6.8499e+00   2.9810e-04   6.1434e-02   2.4901e+02
20191111_09:00:00   2.8918e-01   7.0542e+01   6.6219e+00   1.2767e-04   9.2039e-02   2.4819e+02
20191111_10:00:00   2.8854e-01   7.0342e+01   6.6811e+00   0.0000e+00   5.3408e-02   2.4767e+02
20191111_11:00:00   2.8449e-01   6.9501e+01   6.6142e+00   0.0000e+00   8.6187e-02   2.4737e+02
20191111_12:00:00   2.6186e-01   6.5135e+01   6.1411e+00   0.0000e+00   5.5885e-02   2.4651e+02
20191111_13:00:00   2.5092e-01   6.2955e+01   5.9685e+00   0.0000e+00   2.4366e-02   2.4578e+02
20191111_14:00:00   2.5243e-01   6.3281e+01   6.0439e+00   0.0000e+00   1.7238e-02   2.4477e+02
20191111_15:00:00   2.6203e-01   6.5112e+01   6.3102e+00   0.0000e+00   6.5163e-02   2.4590e+02
20191111_16:00:00   2.6764e-01   6.6103e+01   6.5110e+00   0.0000e+00   6.6421e-02   2.4655e+02
20191111_17:00:00   2.8071e-01   6.8569e+01   6.6696e+00   2.5140e-03   1.4809e-01   2.4580e+02
20191111_18:00:00   2.8460e-01   6.9380e+01   6.8873e+00   0.0000e+00   1.0446e-01   2.4519e+02
20191111_19:00:00   2.9214e-01   7.0867e+01   7.0441e+00   0.0000e+00   1.2458e-01   2.4472e+02
20191111_20:00:00   2.7562e-01   6.7563e+01   6.5730e+00   0.0000e+00   2.3236e-01   2.4396e+02
20191111_21:00:00   2.5641e-01   6.3595e+01   6.1232e+00   0.0000e+00   2.4169e-01   2.4221e+02
20191111_22:00:00   2.2925e-01   5.7962e+01   5.5061e+00   0.0000e+00   2.2473e-01   2.4215e+02
20191111_23:00:00   1.8327e-01   4.8174e+01   4.5099e+00   0.0000e+00   9.3518e-02   2.4246e+02
20191112_00:00:00   1.7675e-01   4.6830e+01   4.3996e+00   0.0000e+00   4.8771e-02   2.4418e+02
20191112_01:00:00   1.8075e-01   4.7740e+01   4.4771e+00   0.0000e+00   7.0569e-03   2.4474e+02
20191112_02:00:00   1.8378e-01   4.8449e+01   4.5413e+00   0.0000e+00   1.8138e-03   2.4372e+02
20191112_03:00:00   1.9262e-01   5.0366e+01   4.7470e+00   0.0000e+00   1.8307e-03   2.4360e+02
20191112_04:00:00   2.0046e-01   5.2019e+01   4.9258e+00   0.0000e+00   2.9118e-03   2.4328e+02
20191112_05:00:00   2.0328e-01   5.2601e+01   4.9820e+00   0.0000e+00   4.2421e-03   2.4258e+02
20191112_06:00:00   2.0106e-01   5.2079e+01   4.9460e+00   0.0000e+00   1.3138e-02   2.4337e+02
20191112_07:00:00   2.0050e-01   5.1999e+01   4.9226e+00   0.0000e+00   3.9020e-02   2.4356e+02
20191112_08:00:00   2.0467e-01   5.2926e+01   5.0240e+00   0.0000e+00   3.0103e-02   2.4261e+02
20191112_09:00:00   2.1003e-01   5.4065e+01   5.1524e+00   0.0000e+00   2.2728e-02   2.4071e+02
20191112_10:00:00   2.1675e-01   5.5489e+01   5.3113e+00   0.0000e+00   9.7164e-03   2.3986e+02
20191112_11:00:00   2.2727e-01   5.7636e+01   5.5536e+00   0.0000e+00   2.5597e-02   2.4004e+02
20191112_12:00:00   2.2910e-01   5.7992e+01   5.5916e+00   0.0000e+00   2.1878e-02   2.4114e+02
20191112_13:00:00   2.3222e-01   5.8634e+01   5.6686e+00   0.0000e+00   2.0076e-02   2.4178e+02
20191112_14:00:00   2.3157e-01   5.8474e+01   5.6794e+00   0.0000e+00   2.1771e-02   2.4258e+02
20191112_15:00:00   2.3765e-01   5.9677e+01   5.8115e+00   0.0000e+00   1.0928e-01   2.4370e+02
20191112_16:00:00   2.4820e-01   6.1763e+01   6.0694e+00   0.0000e+00   1.7602e-01   2.4452e+02
20191112_17:00:00   2.4860e-01   6.1825e+01   6.1120e+00   0.0000e+00   1.5180e-01   2.4461e+02
20191112_18:00:00   2.4000e-01   6.0197e+01   5.9400e+00   0.0000e+00   5.0920e-02   2.4459e+02
20191112_19:00:00   2.3274e-01   5.8759e+01   5.7700e+00   0.0000e+00   3.1911e-02   2.4477e+02
20191112_20:00:00   2.2280e-01   5.6630e+01   5.5481e+00   0.0000e+00   2.9690e-02   2.4551e+02
20191112_21:00:00   2.1146e-01   5.4144e+01   5.2939e+00   0.0000e+00   2.1029e-02   2.4534e+02
20191112_22:00:00   2.0908e-01   5.3549e+01   5.2058e+00   0.0000e+00   9.6862e-02   2.4516e+02
20191112_23:00:00   2.0648e-01   5.3067e+01   5.1539e+00   0.0000e+00   2.1888e-02   2.4437e+02
20191113_00:00:00   2.1118e-01   5.4104e+01   5.2327e+00   0.0000e+00   2.6394e-02   2.4401e+02
20191113_01:00:00   2.0307e-01   5.2511e+01   4.9974e+00   0.0000e+00   6.2981e-04   2.4306e+02
20191113_02:00:00   1.8976e-01   4.9757e+01   4.6279e+00   0.0000e+00   1.2440e-05   2.4217e+02
20191113_03:00:00   1.7806e-01   4.7187e+01   4.3519e+00   0.0000e+00   0.0000e+00   2.4393e+02
20191113_04:00:00   1.7541e-01   4.6534e+01   4.3172e+00   0.0000e+00   0.0000e+00   2.4598e+02
20191113_05:00:00   1.5684e-01   4.2502e+01   3.8341e+00   0.0000e+00   0.0000e+00   2.4814e+02
20191113_06:00:00   1.3546e-01   3.7716e+01   3.2822e+00   0.0000e+00   0.0000e+00   2.4881e+02
20191113_07:00:00   1.1999e-01   3.4152e+01   2.8921e+00   0.0000e+00   0.0000e+00   2.4912e+02
20191113_08:00:00   1.1362e-01   3.2644e+01   2.7312e+00   0.0000e+00   0.0000e+00   2.4854e+02
20191113_09:00:00   1.0327e-01   3.0230e+01   2.4605e+00   0.0000e+00   0.0000e+00   2.4757e+02
20191113_10:00:00   9.1888e-02   2.7493e+01   2.1888e+00   0.0000e+00   0.0000e+00   2.4692e+02
20191113_11:00:00   8.1331e-02   2.4977e+01   1.9095e+00   0.0000e+00   0.0000e+00   2.4710e+02
20191113_12:00:00   8.0177e-02   2.4716e+01   1.8684e+00   0.0000e+00   0.0000e+00   2.4839e+02
20191113_15:00:00   7.5153e-02   2.3634e+01   1.7200e+00   0.0000e+00   0.0000e+00   2.4817e+02
20191113_18:00:00   9.0260e-02   2.7353e+01   2.0811e+00   0.0000e+00   9.4640e-07   2.4838e+02
20191113_21:00:00   1.2052e-01   3.4444e+01   2.8252e+00   0.0000e+00   0.0000e+00   2.4960e+02
20191114_00:00:00   9.1160e-02   2.7582e+01   1.9868e+00   0.0000e+00   0.0000e+00   2.4942e+02
20191114_03:00:00   7.8300e-02   2.4476e+01   1.6720e+00   0.0000e+00   0.0000e+00   2.4918e+02
20191114_06:00:00   7.0428e-02   2.2535e+01   1.4625e+00   0.0000e+00   0.0000e+00   2.5193e+02
20191114_09:00:00   5.4636e-02   1.8551e+01   1.1018e+00   0.0000e+00   5.2860e-07   2.5420e+02
20191114_12:00:00   3.7238e-02   1.4134e+01   6.7234e-01   0.0000e+00   0.0000e+00   2.5550e+02
20191114_15:00:00   3.8460e-02   1.4517e+01   7.1079e-01   0.0000e+00   0.0000e+00   2.5542e+02
20191114_18:00:00   4.9415e-02   1.7373e+01   1.0014e+00   0.0000e+00   0.0000e+00   2.5296e+02
20191114_21:00:00   8.7454e-02   2.6896e+01   1.9382e+00   0.0000e+00   0.0000e+00   2.5550e+02
20191115_00:00:00   8.9604e-02   2.7425e+01   1.9578e+00   0.0000e+00   4.8780e-05   2.5526e+02
20191115_03:00:00   7.7378e-02   2.4481e+01   1.6668e+00   0.0000e+00   3.5890e-05   2.5643e+02
20191115_06:00:00   6.8307e-02   2.2201e+01   1.4543e+00   0.0000e+00   1.2656e-04   2.5984e+02
20191115_09:00:00   5.7735e-02   1.9483e+01   1.1880e+00   0.0000e+00   6.9100e-05   2.6019e+02
20191115_12:00:00   5.2568e-02   1.8176e+01   1.0609e+00   0.0000e+00   1.1296e-04   2.6314e+02
20191115_15:00:00   6.1082e-02   2.0445e+01   1.2842e+00   0.0000e+00   7.4660e-07   2.6445e+02
20191115_18:00:00   7.7164e-02   2.4485e+01   1.7074e+00   0.0000e+00   2.9860e-06   2.6753e+02
20191115_21:00:00   7.0645e-02   2.2792e+01   1.5387e+00   0.0000e+00   0.0000e+00   2.6786e+02
20191116_00:00:00   7.8554e-02   2.4780e+01   1.7060e+00   0.0000e+00   0.0000e+00   2.6310e+02
20191116_03:00:00   6.1075e-02   2.0408e+01   1.2965e+00   0.0000e+00   0.0000e+00   2.6182e+02
20191116_06:00:00   6.5929e-02   2.1555e+01   1.4295e+00   0.0000e+00   0.0000e+00   2.6230e+02
20191116_09:00:00   6.7582e-02   2.1939e+01   1.4728e+00   0.0000e+00   0.0000e+00   2.6318e+02
20191116_12:00:00   7.0966e-02   2.2786e+01   1.5627e+00   0.0000e+00   0.0000e+00   2.6113e+02
20191116_15:00:00   8.4093e-02   2.6127e+01   1.8961e+00   0.0000e+00   0.0000e+00   2.5924e+02
20191116_18:00:00   1.1528e-01   3.3572e+01   2.7177e+00   0.0000e+00   0.0000e+00   2.6197e+02
20191116_21:00:00   1.0995e-01   3.2199e+01   2.5805e+00   0.0000e+00   0.0000e+00   2.6241e+02
20191117_00:00:00   1.1556e-01   3.3459e+01   2.7245e+00   0.0000e+00   0.0000e+00   2.6260e+02
20191117_03:00:00   1.0072e-01   2.9662e+01   2.4042e+00   0.0000e+00   1.6641e-03   2.6332e+02
20191117_06:00:00   9.3898e-02   2.8347e+01   2.1382e+00   0.0000e+00   1.3187e-04   2.6319e+02
20191117_09:00:00   1.1237e-01   3.2865e+01   2.5150e+00   0.0000e+00   3.9680e-05   2.6204e+02
20191117_12:00:00   1.2745e-01   3.6570e+01   2.7882e+00   0.0000e+00   6.6630e-05   2.6195e+02
20191117_15:00:00   1.3840e-01   3.9163e+01   3.1332e+00   0.0000e+00   1.3264e-05   2.6251e+02
20191117_18:00:00   9.5346e-02   2.8926e+01   2.1434e+00   0.0000e+00   5.7247e-03   2.6042e+02
20191117_21:00:00   7.2402e-02   2.3290e+01   1.5291e+00   0.0000e+00   0.0000e+00   2.6227e+02
20191118_00:00:00   6.4375e-02   2.1221e+01   1.3010e+00   0.0000e+00   1.6992e-04   2.6116e+02
20191118_03:00:00   4.9124e-02   1.7318e+01   9.5752e-01   0.0000e+00   2.8220e-05   2.5923e+02
20191118_06:00:00   4.7195e-02   1.6774e+01   9.1645e-01   0.0000e+00   3.8110e-05   2.5727e+02
20191118_09:00:00   4.7627e-02   1.6863e+01   9.3263e-01   0.0000e+00   4.0910e-05   2.5895e+02
20191118_12:00:00   5.1548e-02   1.7879e+01   1.0323e+00   0.0000e+00   3.5553e-05   2.5955e+02
20191118_15:00:00   6.1641e-02   2.0456e+01   1.3193e+00   0.0000e+00   2.1722e-05   2.6044e+02
20191118_18:00:00   1.0509e-01   3.1041e+01   2.4342e+00   0.0000e+00   2.0600e-05   2.5802e+02
20191118_21:00:00   1.0772e-01   3.1577e+01   2.4849e+00   0.0000e+00   0.0000e+00   2.5813e+02
20191119_00:00:00   1.3247e-01   3.7339e+01   3.0406e+00   0.0000e+00   1.5140e-06   2.5793e+02
20191119_03:00:00   1.4633e-01   4.0428e+01   3.4218e+00   0.0000e+00   0.0000e+00   2.5691e+02
20191119_06:00:00   1.6322e-01   4.4071e+01   3.8292e+00   0.0000e+00   7.0480e-07   2.5704e+02
20191119_09:00:00   1.7035e-01   4.5752e+01   3.9439e+00   0.0000e+00   4.5818e-04   2.5965e+02
20191119_12:00:00   1.7280e-01   4.6573e+01   3.8914e+00   0.0000e+00   0.0000e+00   2.5849e+02
20191119_15:00:00   2.1046e-01   5.4794e+01   4.7885e+00   7.4600e-04   1.0364e-02   2.5635e+02
20191119_18:00:00   2.6306e-01   6.5368e+01   6.1448e+00   0.0000e+00   9.1696e-02   2.5620e+02
20191119_21:00:00   2.2338e-01   5.7234e+01   5.2877e+00   0.0000e+00   1.5480e-02   2.5417e+02
20191120_00:00:00   1.7078e-01   4.6199e+01   3.8753e+00   0.0000e+00   0.0000e+00   2.5594e+02
20191120_03:00:00   1.9352e-01   5.1098e+01   4.4634e+00   0.0000e+00   0.0000e+00   2.5305e+02
20191120_06:00:00   1.8774e-01   4.9763e+01   4.3416e+00   0.0000e+00   0.0000e+00   2.5312e+02
20191120_09:00:00   1.8757e-01   4.9830e+01   4.2700e+00   0.0000e+00   0.0000e+00   2.5452e+02
20191120_12:00:00   1.8265e-01   4.8896e+01   4.1299e+00   0.0000e+00   0.0000e+00   2.5530e+02
20191120_15:00:00   2.0245e-01   5.3131e+01   4.7619e+00   0.0000e+00   5.5977e-04   2.5429e+02
20191120_18:00:00   2.5816e-01   6.4652e+01   6.0482e+00   3.2920e-04   3.8072e-02   2.5335e+02
20191120_21:00:00   2.2471e-01   5.7697e+01   5.2616e+00   0.0000e+00   6.6440e-04   2.5108e+02
20191121_00:00:00   1.5031e-01   4.1551e+01   3.4588e+00   0.0000e+00   0.0000e+00   2.5106e+02
20191121_03:00:00   1.4120e-01   3.9538e+01   3.1886e+00   0.0000e+00   0.0000e+00   2.4967e+02
20191121_06:00:00   1.0837e-01   3.1919e+01   2.3785e+00   0.0000e+00   0.0000e+00   2.5000e+02
20191121_09:00:00   9.0259e-02   2.7560e+01   1.9331e+00   0.0000e+00   0.0000e+00   2.5038e+02
20191121_12:00:00   7.6770e-02   2.4277e+01   1.6082e+00   0.0000e+00   0.0000e+00   2.4924e+02
20191121_15:00:00   7.3127e-02   2.3404e+01   1.5571e+00   0.0000e+00   0.0000e+00   2.4872e+02
20191121_18:00:00   7.4562e-02   2.3777e+01   1.5983e+00   0.0000e+00   0.0000e+00   2.4826e+02
20191121_21:00:00   6.8162e-02   2.2125e+01   1.4518e+00   0.0000e+00   0.0000e+00   2.4812e+02
20191122_00:00:00   7.6591e-02   2.4236e+01   1.6085e+00   0.0000e+00   0.0000e+00   2.4796e+02
20191122_03:00:00   6.6546e-02   2.1755e+01   1.3701e+00   0.0000e+00   0.0000e+00   2.4739e+02
20191122_06:00:00   6.6873e-02   2.1800e+01   1.3933e+00   0.0000e+00   0.0000e+00   2.4888e+02
20191122_09:00:00   7.9305e-02   2.4779e+01   1.7444e+00   0.0000e+00   0.0000e+00   2.5090e+02
20191122_12:00:00   1.3564e-01   3.8123e+01   3.0913e+00   0.0000e+00   0.0000e+00   2.4979e+02
20191122_15:00:00   1.4518e-01   4.0497e+01   3.3559e+00   0.0000e+00   0.0000e+00   2.4993e+02
20191122_18:00:00   1.5581e-01   4.2867e+01   3.6451e+00   0.0000e+00   5.3217e-04   2.4830e+02
20191122_21:00:00   1.1305e-01   3.2963e+01   2.5682e+00   0.0000e+00   0.0000e+00   2.4796e+02
20191123_00:00:00   7.9161e-02   2.4801e+01   1.6692e+00   0.0000e+00   0.0000e+00   2.4875e+02
20191123_03:00:00   7.9867e-02   2.4952e+01   1.6500e+00   0.0000e+00   0.0000e+00   2.4922e+02
20191123_06:00:00   5.7612e-02   1.9430e+01   1.1355e+00   0.0000e+00   0.0000e+00   2.5146e+02
20191123_09:00:00   5.0054e-02   1.7493e+01   9.7385e-01   0.0000e+00   0.0000e+00   2.5160e+02
20191123_12:00:00   4.5618e-02   1.6353e+01   8.8479e-01   0.0000e+00   7.0480e-08   2.5231e+02
20191123_15:00:00   5.5106e-02   1.8859e+01   1.1395e+00   0.0000e+00   9.5500e-05   2.5668e+02
20191123_18:00:00   6.7502e-02   2.2011e+01   1.4623e+00   0.0000e+00   7.9142e-04   2.5461e+02
20191123_21:00:00   7.4104e-02   2.3524e+01   1.6441e+00   0.0000e+00   1.5183e-03   2.5464e+02
20191124_00:00:00   1.0006e-01   2.9882e+01   2.2551e+00   0.0000e+00   3.0417e-04   2.5536e+02
20191124_03:00:00   1.3913e-01   3.8853e+01   3.2613e+00   0.0000e+00   2.5021e-04   2.5462e+02
20191124_06:00:00   1.6839e-01   4.5579e+01   3.9020e+00   0.0000e+00   2.6160e-05   2.5649e+02
20191124_09:00:00   1.5078e-01   4.1748e+01   3.4455e+00   0.0000e+00   0.0000e+00   2.5603e+02
20191124_12:00:00   1.4122e-01   3.9564e+01   3.2524e+00   0.0000e+00   0.0000e+00   2.5545e+02
