#            date       tau225        Tb[K]      pwv[mm] lwp[kg*m^-2] iwp[kg*m^-2]       o3[DU]
20191120_00:00:00   1.9831e-01   5.2402e+01   4.2787e+00   2.2816e-03   3.3522e-04   2.5389e+02
20191120_01:00:00   1.8849e-01   5.0237e+01   4.1725e+00   2.3640e-04   1.3320e-05   2.5412e+02
20191120_02:00:00   1.9051e-01   5.0664e+01   4.2026e+00   6.5430e-04   1.1137e-06   2.5383e+02
20191120_03:00:00   1.9247e-01   5.1120e+01   4.1890e+00   1.6592e-03   4.5290e-06   2.5353e+02
20191120_04:00:00   1.8726e-01   4.9987e+01   4.1037e+00   7.1230e-04   6.9930e-06   2.5295e+02
20191120_05:00:00   1.7735e-01   4.7819e+01   3.9054e+00   2.7980e-05   6.4000e-06   2.5344e+02
20191120_06:00:00   1.6383e-01   4.4791e+01   3.6157e+00   0.0000e+00   5.4290e-06   2.5288e+02
20191120_07:00:00   1.6053e-01   4.4022e+01   3.5505e+00   0.0000e+00   6.9830e-06   2.5228e+02
20191120_08:00:00   1.6454e-01   4.4890e+01   3.6458e+00   0.0000e+00   5.8020e-06   2.5344e+02
20191120_09:00:00   1.6132e-01   4.4185e+01   3.5624e+00   0.0000e+00   0.0000e+00   2.5297e+02
20191120_10:00:00   1.5481e-01   4.2736e+01   3.4067e+00   0.0000e+00   0.0000e+00   2.5301e+02
20191120_11:00:00   1.4902e-01   4.1442e+01   3.2745e+00   0.0000e+00   0.0000e+00   2.5409e+02
20191120_12:00:00   1.4974e-01   4.1633e+01   3.2847e+00   0.0000e+00   0.0000e+00   2.5463e+02
20191120_13:00:00   1.5027e-01   4.1771e+01   3.3258e+00   0.0000e+00   0.0000e+00   2.5388e+02
20191120_14:00:00   1.4167e-01   3.9801e+01   3.1827e+00   0.0000e+00   0.0000e+00   2.5374e+02
20191120_15:00:00   1.4390e-01   4.0281e+01   3.2894e+00   0.0000e+00   0.0000e+00   2.5423e+02
20191120_16:00:00   1.4119e-01   3.9686e+01   3.2565e+00   0.0000e+00   2.8720e-06   2.5332e+02
20191120_17:00:00   1.4097e-01   3.9617e+01   3.2771e+00   5.5060e-06   1.7294e-04   2.5192e+02
20191120_18:00:00   1.3067e-01   3.7273e+01   3.0362e+00   5.2860e-05   6.7689e-04   2.5091e+02
20191120_19:00:00   1.1953e-01   3.4725e+01   2.7514e+00   0.0000e+00   1.0649e-03   2.5042e+02
20191120_20:00:00   1.0923e-01   3.2306e+01   2.4906e+00   0.0000e+00   5.9557e-05   2.5007e+02
20191120_21:00:00   1.2260e-01   3.5471e+01   2.8021e+00   0.0000e+00   0.0000e+00   2.4969e+02
20191120_22:00:00   1.6964e-01   4.6311e+01   3.7983e+00   0.0000e+00   5.8600e-06   2.5106e+02
20191120_23:00:00   1.4458e-01   4.0679e+01   3.1851e+00   0.0000e+00   0.0000e+00   2.5212e+02
20191121_00:00:00   1.3434e-01   3.8299e+01   2.9320e+00   0.0000e+00   0.0000e+00   2.5268e+02
20191121_01:00:00   1.2824e-01   3.6858e+01   2.7924e+00   0.0000e+00   0.0000e+00   2.5146e+02
20191121_02:00:00   1.2506e-01   3.6095e+01   2.7188e+00   0.0000e+00   0.0000e+00   2.5197e+02
20191121_03:00:00   1.1381e-01   3.3423e+01   2.4628e+00   0.0000e+00   0.0000e+00   2.5054e+02
20191121_04:00:00   9.8801e-02   2.9791e+01   2.1302e+00   0.0000e+00   0.0000e+00   2.5133e+02
20191121_05:00:00   9.3509e-02   2.8486e+01   2.0124e+00   0.0000e+00   0.0000e+00   2.5207e+02
20191121_06:00:00   9.1154e-02   2.7884e+01   1.9635e+00   0.0000e+00   0.0000e+00   2.5197e+02
20191121_07:00:00   8.3535e-02   2.6007e+01   1.7844e+00   0.0000e+00   0.0000e+00   2.5234e+02
20191121_08:00:00   7.9500e-02   2.5014e+01   1.6869e+00   0.0000e+00   0.0000e+00   2.5307e+02
20191121_09:00:00   7.6281e-02   2.4223e+01   1.6074e+00   0.0000e+00   0.0000e+00   2.5324e+02
20191121_10:00:00   7.2757e-02   2.3340e+01   1.5242e+00   0.0000e+00   0.0000e+00   2.5456e+02
20191121_11:00:00   6.9108e-02   2.2419e+01   1.4395e+00   0.0000e+00   0.0000e+00   2.5582e+02
20191121_12:00:00   7.0694e-02   2.2824e+01   1.4774e+00   0.0000e+00   0.0000e+00   2.5539e+02
20191121_13:00:00   7.5291e-02   2.3975e+01   1.6016e+00   0.0000e+00   0.0000e+00   2.5548e+02
20191121_14:00:00   8.0937e-02   2.5396e+01   1.7506e+00   0.0000e+00   0.0000e+00   2.5319e+02
20191121_15:00:00   9.8281e-02   2.9603e+01   2.2044e+00   0.0000e+00   0.0000e+00   2.5228e+02
20191121_16:00:00   1.1175e-01   3.2862e+01   2.5493e+00   0.0000e+00   0.0000e+00   2.5252e+02
20191121_17:00:00   1.3078e-01   3.7305e+01   3.0414e+00   0.0000e+00   0.0000e+00   2.5263e+02
20191121_18:00:00   1.4343e-01   4.0228e+01   3.3601e+00   0.0000e+00   2.6386e-05   2.5216e+02
20191121_19:00:00   1.4259e-01   3.9984e+01   3.3611e+00   0.0000e+00   1.2667e-03   2.5126e+02
20191121_20:00:00   1.3111e-01   3.7218e+01   3.1062e+00   0.0000e+00   5.9295e-03   2.5131e+02
20191121_21:00:00   1.1927e-01   3.4343e+01   2.8425e+00   0.0000e+00   4.3563e-03   2.5075e+02
20191121_22:00:00   1.3157e-01   3.7229e+01   3.1173e+00   0.0000e+00   2.9316e-03   2.4909e+02
20191121_23:00:00   1.5303e-01   4.2296e+01   3.5551e+00   0.0000e+00   1.7419e-03   2.4835e+02
20191122_00:00:00   1.5720e-01   4.3215e+01   3.6616e+00   0.0000e+00   1.4378e-03   2.4921e+02
20191122_01:00:00   1.5662e-01   4.3088e+01   3.6605e+00   0.0000e+00   1.5904e-03   2.4865e+02
20191122_02:00:00   1.5154e-01   4.1958e+01   3.5432e+00   0.0000e+00   3.8560e-04   2.4882e+02
20191122_03:00:00   1.4609e-01   4.0732e+01   3.4144e+00   0.0000e+00   1.5402e-06   2.4859e+02
20191122_04:00:00   1.4403e-01   4.0262e+01   3.3590e+00   0.0000e+00   0.0000e+00   2.4951e+02
20191122_05:00:00   1.4762e-01   4.1053e+01   3.4382e+00   0.0000e+00   0.0000e+00   2.5027e+02
20191122_06:00:00   1.5141e-01   4.1858e+01   3.5300e+00   0.0000e+00   0.0000e+00   2.5074e+02
20191122_07:00:00   1.5410e-01   4.2436e+01   3.5934e+00   0.0000e+00   0.0000e+00   2.5145e+02
20191122_08:00:00   1.5618e-01   4.2888e+01   3.6364e+00   0.0000e+00   0.0000e+00   2.5036e+02
20191122_09:00:00   1.5320e-01   4.2213e+01   3.5738e+00   0.0000e+00   0.0000e+00   2.5049e+02
20191122_10:00:00   1.5266e-01   4.2079e+01   3.5724e+00   0.0000e+00   0.0000e+00   2.5234e+02
20191122_11:00:00   1.5433e-01   4.2435e+01   3.6228e+00   0.0000e+00   3.2520e-05   2.5317e+02
20191122_12:00:00   1.5956e-01   4.3640e+01   3.7443e+00   0.0000e+00   2.5720e-06   2.5340e+02
20191122_13:00:00   1.6550e-01   4.5026e+01   3.8913e+00   0.0000e+00   0.0000e+00   2.5379e+02
20191122_14:00:00   1.7226e-01   4.6574e+01   4.0689e+00   0.0000e+00   0.0000e+00   2.5400e+02
20191122_15:00:00   1.9167e-01   5.0802e+01   4.5667e+00   0.0000e+00   3.5746e-04   2.5381e+02
20191122_16:00:00   2.1103e-01   5.4919e+01   5.0467e+00   2.6420e-04   4.2815e-03   2.5265e+02
20191122_17:00:00   2.3071e-01   5.9135e+01   5.4930e+00   1.6706e-04   4.0836e-02   2.5034e+02
20191122_18:00:00   2.4946e-01   6.3029e+01   5.9251e+00   1.8926e-05   5.8635e-02   2.4895e+02
20191122_19:00:00   2.5053e-01   6.3278e+01   5.9440e+00   0.0000e+00   2.4838e-02   2.4938e+02
20191122_20:00:00   2.2803e-01   5.8746e+01   5.4012e+00   0.0000e+00   3.5396e-04   2.4956e+02
20191122_21:00:00   2.0785e-01   5.4429e+01   4.9193e+00   0.0000e+00   3.1340e-04   2.5004e+02
20191122_22:00:00   1.7079e-01   4.6515e+01   3.9443e+00   0.0000e+00   0.0000e+00   2.5031e+02
20191122_23:00:00   1.7305e-01   4.6922e+01   3.9815e+00   0.0000e+00   1.4902e-04   2.5078e+02
20191123_00:00:00   1.6801e-01   4.5794e+01   3.8356e+00   0.0000e+00   1.3093e-04   2.5048e+02
20191123_01:00:00   1.5368e-01   4.2620e+01   3.4823e+00   0.0000e+00   7.1720e-06   2.5097e+02
20191123_02:00:00   1.4615e-01   4.0946e+01   3.3045e+00   0.0000e+00   0.0000e+00   2.5111e+02
20191123_03:00:00   1.3573e-01   3.8559e+01   3.0712e+00   0.0000e+00   8.3280e-06   2.5113e+02
20191123_04:00:00   1.3241e-01   3.7769e+01   2.9884e+00   0.0000e+00   7.5700e-07   2.5178e+02
20191123_05:00:00   1.3026e-01   3.7242e+01   2.9364e+00   0.0000e+00   0.0000e+00   2.5209e+02
20191123_06:00:00   1.3010e-01   3.7172e+01   2.9325e+00   0.0000e+00   0.0000e+00   2.5129e+02
20191123_07:00:00   1.2838e-01   3.6760e+01   2.8888e+00   0.0000e+00   0.0000e+00   2.5162e+02
20191123_08:00:00   1.2440e-01   3.5848e+01   2.7903e+00   0.0000e+00   0.0000e+00   2.5309e+02
20191123_09:00:00   1.2336e-01   3.5608e+01   2.7585e+00   0.0000e+00   0.0000e+00   2.5298e+02
20191123_10:00:00   1.2526e-01   3.6061e+01   2.7878e+00   0.0000e+00   1.5140e-06   2.5339e+02
20191123_11:00:00   1.2880e-01   3.6899e+01   2.8589e+00   0.0000e+00   1.0187e-03   2.5368e+02
20191123_12:00:00   1.3124e-01   3.7507e+01   2.9094e+00   0.0000e+00   1.5190e-03   2.5509e+02
20191123_13:00:00   1.3235e-01   3.7814e+01   2.9483e+00   0.0000e+00   2.1541e-03   2.5636e+02
20191123_14:00:00   1.4162e-01   4.0003e+01   3.1898e+00   0.0000e+00   2.2056e-03   2.5685e+02
20191123_15:00:00   1.6460e-01   4.5151e+01   3.7970e+00   0.0000e+00   5.2979e-04   2.5671e+02
20191123_16:00:00   1.7361e-01   4.7193e+01   4.0537e+00   0.0000e+00   5.9777e-05   2.5547e+02
20191123_17:00:00   1.8460e-01   4.9597e+01   4.3683e+00   0.0000e+00   3.7041e-04   2.5505e+02
20191123_18:00:00   1.8455e-01   4.9614e+01   4.3353e+00   5.3420e-04   6.3111e-03   2.5626e+02
20191123_19:00:00   1.7237e-01   4.6934e+01   4.0599e+00   0.0000e+00   1.2918e-02   2.5756e+02
20191123_20:00:00   1.4231e-01   4.0150e+01   3.3269e+00   0.0000e+00   5.9632e-04   2.5882e+02
20191123_21:00:00   1.1751e-01   3.4345e+01   2.7100e+00   0.0000e+00   4.5820e-06   2.5768e+02
20191123_22:00:00   1.1455e-01   3.3646e+01   2.6101e+00   0.0000e+00   0.0000e+00   2.5669e+02
20191123_23:00:00   1.0722e-01   3.1889e+01   2.4059e+00   0.0000e+00   0.0000e+00   2.5687e+02
20191124_00:00:00   9.4412e-02   2.8786e+01   2.0810e+00   0.0000e+00   0.0000e+00   2.5687e+02
20191124_01:00:00   8.9860e-02   2.7651e+01   1.9704e+00   0.0000e+00   0.0000e+00   2.5551e+02
20191124_02:00:00   8.5700e-02   2.6605e+01   1.8803e+00   0.0000e+00   0.0000e+00   2.5577e+02
20191124_03:00:00   8.0083e-02   2.5191e+01   1.7467e+00   0.0000e+00   0.0000e+00   2.5584e+02
20191124_04:00:00   7.7463e-02   2.4519e+01   1.6908e+00   0.0000e+00   0.0000e+00   2.5586e+02
20191124_05:00:00   7.8990e-02   2.4853e+01   1.7382e+00   0.0000e+00   7.4660e-07   2.5587e+02
20191124_06:00:00   7.9691e-02   2.4975e+01   1.7634e+00   0.0000e+00   4.6960e-06   2.5619e+02
20191124_07:00:00   7.7235e-02   2.4359e+01   1.7032e+00   0.0000e+00   2.5841e-06   2.5659e+02
20191124_08:00:00   7.5107e-02   2.3814e+01   1.6496e+00   0.0000e+00   3.2630e-06   2.5755e+02
20191124_09:00:00   7.3709e-02   2.3442e+01   1.6212e+00   0.0000e+00   0.0000e+00   2.5836e+02
20191124_10:00:00   6.9628e-02   2.2417e+01   1.5220e+00   0.0000e+00   8.4850e-07   2.5813e+02
20191124_11:00:00   6.4507e-02   2.1172e+01   1.3856e+00   0.0000e+00   2.6466e-06   2.5850e+02
20191124_12:00:00   6.3619e-02   2.0970e+01   1.3633e+00   0.0000e+00   1.6318e-06   2.5900e+02
20191124_13:00:00   6.1567e-02   2.0450e+01   1.3260e+00   0.0000e+00   0.0000e+00   2.5909e+02
20191124_14:00:00   6.5039e-02   2.1361e+01   1.4188e+00   0.0000e+00   0.0000e+00   2.5917e+02
20191124_15:00:00   7.6386e-02   2.4253e+01   1.7042e+00   0.0000e+00   0.0000e+00   2.5845e+02
20191124_16:00:00   8.5187e-02   2.6457e+01   1.9277e+00   0.0000e+00   0.0000e+00   2.5721e+02
20191124_17:00:00   9.0151e-02   2.7667e+01   2.0586e+00   0.0000e+00   0.0000e+00   2.5666e+02
20191124_18:00:00   9.2016e-02   2.8111e+01   2.1094e+00   0.0000e+00   0.0000e+00   2.5620e+02
20191124_19:00:00   9.2118e-02   2.8113e+01   2.1151e+00   0.0000e+00   0.0000e+00   2.5574e+02
20191124_20:00:00   1.0521e-01   3.1284e+01   2.4265e+00   0.0000e+00   0.0000e+00   2.5582e+02
20191124_21:00:00   1.1284e-01   3.3073e+01   2.6105e+00   0.0000e+00   0.0000e+00   2.5632e+02
20191124_22:00:00   1.1376e-01   3.3307e+01   2.6025e+00   0.0000e+00   0.0000e+00   2.5682e+02
20191124_23:00:00   1.0710e-01   3.1741e+01   2.4102e+00   0.0000e+00   0.0000e+00   2.5667e+02
20191125_00:00:00   9.9730e-02   2.9948e+01   2.2208e+00   0.0000e+00   0.0000e+00   2.5594e+02
20191125_03:00:00   8.4531e-02   2.6212e+01   1.8713e+00   0.0000e+00   0.0000e+00   2.5396e+02
20191125_06:00:00   8.4640e-02   2.6231e+01   1.8479e+00   0.0000e+00   0.0000e+00   2.5731e+02
20191125_09:00:00   6.9944e-02   2.2589e+01   1.4762e+00   0.0000e+00   2.2020e-07   2.5488e+02
20191125_12:00:00   4.8756e-02   1.7270e+01   9.4628e-01   0.0000e+00   0.0000e+00   2.5635e+02
20191125_15:00:00   6.2181e-02   2.0739e+01   1.3077e+00   0.0000e+00   0.0000e+00   2.5650e+02
20191125_18:00:00   7.4450e-02   2.3806e+01   1.6201e+00   0.0000e+00   0.0000e+00   2.5576e+02
20191125_21:00:00   1.2408e-01   3.5686e+01   2.7800e+00   0.0000e+00   0.0000e+00   2.5290e+02
20191126_00:00:00   9.6870e-02   2.9182e+01   2.0420e+00   0.0000e+00   2.2623e-04   2.5515e+02
20191126_03:00:00   8.0068e-02   2.5021e+01   1.6831e+00   0.0000e+00   1.4266e-03   2.5381e+02
20191126_06:00:00   5.4730e-02   1.8653e+01   1.0893e+00   0.0000e+00   2.3436e-04   2.5419e+02
20191126_09:00:00   4.1106e-02   1.5131e+01   7.6418e-01   0.0000e+00   0.0000e+00   2.5603e+02
20191126_12:00:00   3.7881e-02   1.4290e+01   6.8598e-01   0.0000e+00   0.0000e+00   2.5832e+02
20191126_15:00:00   4.0428e-02   1.4967e+01   7.6410e-01   0.0000e+00   1.0374e-04   2.5650e+02
20191126_18:00:00   6.6036e-02   2.1550e+01   1.3893e+00   0.0000e+00   3.4536e-03   2.5656e+02
20191126_21:00:00   9.8310e-02   2.9333e+01   2.1676e+00   0.0000e+00   1.0111e-04   2.5625e+02
20191127_00:00:00   7.0368e-02   2.2559e+01   1.4433e+00   0.0000e+00   1.2235e-05   2.5420e+02
20191127_03:00:00   4.7116e-02   1.6702e+01   8.9610e-01   0.0000e+00   5.7945e-05   2.5397e+02
20191127_06:00:00   2.9688e-02   1.2082e+01   4.8128e-01   0.0000e+00   6.9990e-05   2.5225e+02
20191127_09:00:00   2.3318e-02   1.0313e+01   3.2901e-01   0.0000e+00   1.4259e-05   2.5604e+02
20191127_12:00:00   2.3024e-02   1.0228e+01   3.2345e-01   0.0000e+00   7.1388e-05   2.5805e+02
20191127_15:00:00   3.3593e-02   1.3155e+01   5.9438e-01   0.0000e+00   3.8189e-04   2.5664e+02
20191127_18:00:00   4.2878e-02   1.5607e+01   8.4108e-01   0.0000e+00   1.5369e-04   2.5612e+02
20191127_21:00:00   7.1201e-02   2.2810e+01   1.5456e+00   0.0000e+00   4.5780e-05   2.5409e+02
20191128_00:00:00   5.6583e-02   1.9057e+01   1.1771e+00   0.0000e+00   5.0587e-03   2.5190e+02
20191128_03:00:00   4.8144e-02   1.6972e+01   9.5818e-01   0.0000e+00   0.0000e+00   2.5120e+02
20191128_06:00:00   4.1446e-02   1.5218e+01   7.9709e-01   0.0000e+00   4.3086e-05   2.5206e+02
20191128_09:00:00   4.0503e-02   1.4918e+01   7.8419e-01   0.0000e+00   7.0400e-05   2.5225e+02
20191128_12:00:00   3.9008e-02   1.4529e+01   7.4564e-01   0.0000e+00   8.5065e-06   2.5384e+02
20191128_15:00:00   4.4850e-02   1.6108e+01   8.9506e-01   0.0000e+00   4.9861e-05   2.5246e+02
20191128_18:00:00   4.6261e-02   1.6477e+01   9.3931e-01   0.0000e+00   1.1520e-04   2.5356e+02
20191128_21:00:00   8.1211e-02   2.5240e+01   1.8121e+00   0.0000e+00   4.7199e-04   2.5055e+02
20191129_00:00:00   5.0946e-02   1.7639e+01   1.0316e+00   0.0000e+00   4.2900e-06   2.5042e+02
20191129_03:00:00   5.4904e-02   1.8711e+01   1.1132e+00   0.0000e+00   0.0000e+00   2.5177e+02
20191129_06:00:00   5.0001e-02   1.7405e+01   1.0014e+00   0.0000e+00   0.0000e+00   2.5503e+02
20191129_09:00:00   3.6846e-02   1.3965e+01   6.8668e-01   0.0000e+00   2.2020e-07   2.5337e+02
20191129_12:00:00   3.3810e-02   1.3136e+01   6.1954e-01   0.0000e+00   3.5313e-05   2.5451e+02
20191129_15:00:00   3.9674e-02   1.4716e+01   7.7734e-01   0.0000e+00   1.2525e-04   2.5508e+02
20191129_18:00:00   6.4692e-02   2.1148e+01   1.4062e+00   0.0000e+00   1.1665e-02   2.5287e+02
20191129_21:00:00   6.9764e-02   2.2362e+01   1.5352e+00   0.0000e+00   7.7706e-05   2.5223e+02
20191130_00:00:00   5.6886e-02   1.9111e+01   1.1913e+00   0.0000e+00   0.0000e+00   2.5186e+02
20191130_03:00:00   4.8155e-02   1.6890e+01   9.8179e-01   0.0000e+00   5.0852e-04   2.5427e+02
20191130_06:00:00   3.4423e-02   1.3275e+01   6.4500e-01   0.0000e+00   8.3630e-06   2.5334e+02
20191130_09:00:00   3.1183e-02   1.2415e+01   5.6055e-01   0.0000e+00   3.2630e-06   2.5476e+02
20191130_12:00:00   3.0430e-02   1.2228e+01   5.4157e-01   0.0000e+00   1.8669e-07   2.5392e+02
20191130_15:00:00   3.2150e-02   1.2722e+01   5.8646e-01   0.0000e+00   0.0000e+00   2.5390e+02
20191130_18:00:00   4.8570e-02   1.7060e+01   1.0054e+00   0.0000e+00   0.0000e+00   2.5512e+02
20191130_21:00:00   5.6514e-02   1.9074e+01   1.2023e+00   0.0000e+00   0.0000e+00   2.5230e+02
20191201_00:00:00   6.3298e-02   2.0775e+01   1.3293e+00   0.0000e+00   0.0000e+00   2.5188e+02
20191201_03:00:00   4.6798e-02   1.6575e+01   9.4267e-01   0.0000e+00   0.0000e+00   2.5285e+02
20191201_06:00:00   3.8383e-02   1.4372e+01   7.3467e-01   0.0000e+00   0.0000e+00   2.5188e+02
20191201_09:00:00   3.5284e-02   1.3558e+01   6.5298e-01   0.0000e+00   0.0000e+00   2.5147e+02
20191201_12:00:00   3.4282e-02   1.3298e+01   6.2883e-01   0.0000e+00   0.0000e+00   2.5194e+02
20191201_15:00:00   3.6722e-02   1.4006e+01   6.7874e-01   0.0000e+00   0.0000e+00   2.5031e+02
20191201_18:00:00   4.7082e-02   1.6767e+01   9.3299e-01   0.0000e+00   0.0000e+00   2.4920e+02
20191201_21:00:00   5.6494e-02   1.9155e+01   1.1629e+00   0.0000e+00   0.0000e+00   2.4864e+02
20191202_00:00:00   5.5533e-02   1.8935e+01   1.0970e+00   0.0000e+00   0.0000e+00   2.4882e+02
20191202_03:00:00   4.5975e-02   1.6491e+01   8.6720e-01   0.0000e+00   0.0000e+00   2.5088e+02
20191202_06:00:00   3.7522e-02   1.4250e+01   6.7190e-01   0.0000e+00   0.0000e+00   2.5107e+02
20191202_09:00:00   3.4392e-02   1.3398e+01   6.0476e-01   0.0000e+00   0.0000e+00   2.4751e+02
20191202_12:00:00   3.8358e-02   1.4439e+01   7.0750e-01   0.0000e+00   0.0000e+00   2.5102e+02
20191202_15:00:00   4.1281e-02   1.5235e+01   7.8769e-01   0.0000e+00   0.0000e+00   2.5207e+02
20191202_18:00:00   5.3551e-02   1.8458e+01   1.0906e+00   0.0000e+00   0.0000e+00   2.4929e+02
20191202_21:00:00   6.6639e-02   2.1693e+01   1.4210e+00   0.0000e+00   1.5344e-05   2.4970e+02
20191203_00:00:00   5.8825e-02   1.9705e+01   1.1958e+00   0.0000e+00   0.0000e+00   2.4892e+02
20191203_03:00:00   5.1003e-02   1.7678e+01   1.0274e+00   0.0000e+00   0.0000e+00   2.4933e+02
20191203_06:00:00   3.8161e-02   1.4310e+01   7.2826e-01   0.0000e+00   3.7330e-07   2.5184e+02
20191203_09:00:00   3.3586e-02   1.3116e+01   6.0691e-01   0.0000e+00   0.0000e+00   2.5219e+02
20191203_12:00:00   3.1680e-02   1.2614e+01   5.6331e-01   0.0000e+00   6.5220e-05   2.5078e+02
20191203_15:00:00   3.6749e-02   1.3968e+01   7.0427e-01   0.0000e+00   4.6520e-04   2.4627e+02
20191203_18:00:00   4.0648e-02   1.5028e+01   8.0073e-01   0.0000e+00   0.0000e+00   2.4555e+02
20191203_21:00:00   6.0058e-02   2.0060e+01   1.2837e+00   0.0000e+00   0.0000e+00   2.4636e+02
20191204_00:00:00   5.9739e-02   1.9960e+01   1.2511e+00   0.0000e+00   7.9700e-06   2.4669e+02
20191204_03:00:00   4.4876e-02   1.6084e+01   9.1870e-01   0.0000e+00   5.2381e-06   2.4449e+02
20191204_06:00:00   3.5621e-02   1.3625e+01   6.8501e-01   0.0000e+00   1.1892e-04   2.4749e+02
20191204_09:00:00   3.2439e-02   1.2763e+01   6.0406e-01   0.0000e+00   2.7200e-05   2.4828e+02
20191204_12:00:00   3.4362e-02   1.3241e+01   6.5884e-01   0.0000e+00   2.2087e-03   2.4907e+02
20191204_15:00:00   3.9246e-02   1.4588e+01   7.7970e-01   0.0000e+00   1.3176e-03   2.4679e+02
20191204_18:00:00   4.3294e-02   1.5663e+01   8.8368e-01   0.0000e+00   4.0047e-05   2.4578e+02
20191204_21:00:00   7.1683e-02   2.2859e+01   1.6048e+00   0.0000e+00   0.0000e+00   2.4647e+02
20191205_00:00:00   6.6282e-02   2.1504e+01   1.4468e+00   0.0000e+00   2.6960e-04   2.4616e+02
20191205_03:00:00   4.9148e-02   1.7216e+01   1.0005e+00   0.0000e+00   1.2367e-06   2.4769e+02
20191205_06:00:00   3.2486e-02   1.2855e+01   5.7564e-01   0.0000e+00   0.0000e+00   2.4729e+02
20191205_09:00:00   3.0601e-02   1.2343e+01   5.2497e-01   0.0000e+00   0.0000e+00   2.5102e+02
20191205_12:00:00   2.8752e-02   1.1859e+01   4.6900e-01   0.0000e+00   1.8669e-07   2.5178e+02
20191205_15:00:00   3.3170e-02   1.3096e+01   5.7455e-01   0.0000e+00   0.0000e+00   2.5162e+02
20191205_18:00:00   3.8851e-02   1.4615e+01   7.2100e-01   0.0000e+00   0.0000e+00   2.5004e+02
20191205_21:00:00   7.1077e-02   2.2803e+01   1.5275e+00   0.0000e+00   0.0000e+00   2.4775e+02
20191206_00:00:00   8.4905e-02   2.6232e+01   1.7753e+00   0.0000e+00   3.7790e-05   2.4842e+02
