#            date       tau225        Tb[K]      pwv[mm] lwp[kg*m^-2] iwp[kg*m^-2]       o3[DU]
20191124_12:00:00   1.2898e-01   3.6775e+01   2.9810e+00   0.0000e+00   6.1220e-06   2.6679e+02
20191124_13:00:00   1.2508e-01   3.5890e+01   2.9068e+00   0.0000e+00   7.0270e-06   2.6776e+02
20191124_14:00:00   1.3314e-01   3.7792e+01   3.1110e+00   0.0000e+00   6.8080e-06   2.6815e+02
20191124_15:00:00   1.4440e-01   4.0440e+01   3.3917e+00   0.0000e+00   6.5260e-06   2.6679e+02
20191124_16:00:00   1.5362e-01   4.2546e+01   3.6326e+00   0.0000e+00   6.3850e-06   2.6587e+02
20191124_17:00:00   1.6029e-01   4.4010e+01   3.8201e+00   0.0000e+00   4.2820e-05   2.6531e+02
20191124_18:00:00   1.6451e-01   4.4941e+01   3.9280e+00   0.0000e+00   1.0661e-03   2.6457e+02
20191124_19:00:00   1.5155e-01   4.2057e+01   3.5965e+00   0.0000e+00   0.0000e+00   2.6356e+02
20191124_20:00:00   1.3909e-01   3.9199e+01   3.2812e+00   0.0000e+00   0.0000e+00   2.6219e+02
20191124_21:00:00   1.6413e-01   4.4802e+01   3.8541e+00   0.0000e+00   1.7620e-06   2.6147e+02
20191124_22:00:00   1.8545e-01   4.9580e+01   4.2608e+00   0.0000e+00   1.4306e-05   2.6196e+02
20191124_23:00:00   1.9373e-01   5.1340e+01   4.4169e+00   0.0000e+00   1.4096e-07   2.6141e+02
20191125_00:00:00   1.9700e-01   5.1953e+01   4.4637e+00   0.0000e+00   0.0000e+00   2.6200e+02
20191125_01:00:00   1.8646e-01   4.9630e+01   4.2574e+00   0.0000e+00   0.0000e+00   2.6331e+02
20191125_02:00:00   1.8820e-01   4.9933e+01   4.3161e+00   0.0000e+00   0.0000e+00   2.6258e+02
20191125_03:00:00   1.9027e-01   5.0370e+01   4.3543e+00   0.0000e+00   0.0000e+00   2.6076e+02
20191125_04:00:00   1.9050e-01   5.0383e+01   4.3526e+00   0.0000e+00   0.0000e+00   2.6095e+02
20191125_05:00:00   1.7353e-01   4.6673e+01   3.9506e+00   0.0000e+00   2.9724e-06   2.6188e+02
20191125_06:00:00   1.4400e-01   4.0065e+01   3.2688e+00   0.0000e+00   2.2508e-04   2.6094e+02
20191125_07:00:00   1.1647e-01   3.3677e+01   2.6393e+00   0.0000e+00   1.2106e-03   2.6138e+02
20191125_08:00:00   1.0448e-01   3.0818e+01   2.3683e+00   0.0000e+00   1.2931e-03   2.6188e+02
20191125_09:00:00   9.8445e-02   2.9365e+01   2.2284e+00   0.0000e+00   3.9772e-04   2.6256e+02
20191125_10:00:00   9.3277e-02   2.8145e+01   2.1022e+00   0.0000e+00   1.0307e-04   2.6306e+02
20191125_11:00:00   8.2428e-02   2.5552e+01   1.8294e+00   0.0000e+00   1.8608e-04   2.6248e+02
20191125_12:00:00   7.4513e-02   2.3660e+01   1.6173e+00   0.0000e+00   2.8578e-04   2.6214e+02
20191125_13:00:00   6.6509e-02   2.1688e+01   1.4273e+00   0.0000e+00   3.1004e-04   2.6301e+02
20191125_14:00:00   7.0553e-02   2.2716e+01   1.5360e+00   0.0000e+00   2.4541e-04   2.6385e+02
20191125_15:00:00   7.4060e-02   2.3603e+01   1.6301e+00   0.0000e+00   1.8838e-04   2.6356e+02
20191125_16:00:00   7.8814e-02   2.4790e+01   1.7503e+00   0.0000e+00   6.6159e-05   2.6228e+02
20191125_17:00:00   7.7196e-02   2.4405e+01   1.7101e+00   0.0000e+00   1.9680e-04   2.6116e+02
20191125_18:00:00   8.0449e-02   2.5217e+01   1.7889e+00   0.0000e+00   9.0716e-04   2.6081e+02
20191125_19:00:00   8.8967e-02   2.7306e+01   1.9896e+00   0.0000e+00   6.7827e-03   2.6010e+02
20191125_20:00:00   1.2254e-01   3.5323e+01   2.7795e+00   0.0000e+00   4.5216e-03   2.5934e+02
20191125_21:00:00   1.6535e-01   4.5061e+01   3.7249e+00   5.0820e-04   3.4801e-03   2.5860e+02
20191125_22:00:00   1.8378e-01   4.9184e+01   4.0289e+00   0.0000e+00   2.7480e-03   2.5795e+02
20191125_23:00:00   1.4904e-01   4.1424e+01   3.2437e+00   0.0000e+00   3.9312e-03   2.5745e+02
20191126_00:00:00   1.3312e-01   3.7704e+01   2.8924e+00   0.0000e+00   7.4413e-03   2.5696e+02
20191126_01:00:00   1.2394e-01   3.5514e+01   2.6901e+00   0.0000e+00   8.5294e-03   2.5710e+02
20191126_02:00:00   1.0947e-01   3.2139e+01   2.3560e+00   0.0000e+00   4.7761e-03   2.5548e+02
20191126_03:00:00   9.6382e-02   2.9020e+01   2.0712e+00   0.0000e+00   2.2438e-03   2.5507e+02
20191126_04:00:00   7.7907e-02   2.4511e+01   1.6606e+00   0.0000e+00   2.9382e-03   2.5363e+02
20191126_05:00:00   7.0359e-02   2.2635e+01   1.4909e+00   0.0000e+00   1.7434e-03   2.5363e+02
20191126_06:00:00   6.8496e-02   2.2147e+01   1.4471e+00   0.0000e+00   8.0382e-04   2.5388e+02
20191126_07:00:00   6.7081e-02   2.1778e+01   1.4159e+00   0.0000e+00   4.6120e-05   2.5313e+02
20191126_08:00:00   6.3932e-02   2.0992e+01   1.3407e+00   0.0000e+00   2.8258e-06   2.5418e+02
20191126_09:00:00   6.0010e-02   1.9998e+01   1.2516e+00   0.0000e+00   0.0000e+00   2.5564e+02
20191126_10:00:00   5.6769e-02   1.9164e+01   1.1788e+00   0.0000e+00   4.5180e-05   2.5618e+02
20191126_11:00:00   5.1874e-02   1.7925e+01   1.0557e+00   0.0000e+00   5.9260e-04   2.5707e+02
20191126_12:00:00   5.1467e-02   1.7820e+01   1.0485e+00   0.0000e+00   9.7301e-04   2.5797e+02
20191126_13:00:00   4.8632e-02   1.7088e+01   9.8423e-01   0.0000e+00   1.2321e-03   2.5861e+02
20191126_14:00:00   4.9614e-02   1.7368e+01   1.0054e+00   0.0000e+00   2.0121e-03   2.5880e+02
20191126_15:00:00   5.3019e-02   1.8272e+01   1.0849e+00   0.0000e+00   2.2718e-03   2.5746e+02
20191126_16:00:00   5.5259e-02   1.8845e+01   1.1417e+00   0.0000e+00   2.9761e-03   2.5496e+02
20191126_17:00:00   5.7446e-02   1.9410e+01   1.1975e+00   0.0000e+00   2.8339e-03   2.5384e+02
20191126_18:00:00   6.4974e-02   2.1334e+01   1.3812e+00   0.0000e+00   2.5783e-03   2.5429e+02
20191126_19:00:00   8.5372e-02   2.6385e+01   1.8800e+00   0.0000e+00   1.6601e-03   2.5464e+02
20191126_20:00:00   9.5301e-02   2.8807e+01   2.1150e+00   0.0000e+00   9.0600e-04   2.5376e+02
20191126_21:00:00   9.3205e-02   2.8261e+01   2.0647e+00   0.0000e+00   4.9693e-04   2.5245e+02
20191126_22:00:00   8.5963e-02   2.6475e+01   1.8794e+00   0.0000e+00   8.3926e-04   2.5124e+02
20191126_23:00:00   8.4517e-02   2.6147e+01   1.8156e+00   0.0000e+00   7.0794e-04   2.5036e+02
20191127_00:00:00   7.4851e-02   2.3811e+01   1.5680e+00   0.0000e+00   1.6498e-04   2.5038e+02
20191127_01:00:00   6.3776e-02   2.1056e+01   1.2938e+00   0.0000e+00   2.1336e-05   2.5128e+02
20191127_02:00:00   5.8596e-02   1.9743e+01   1.1820e+00   0.0000e+00   1.6226e-04   2.5260e+02
20191127_03:00:00   4.8283e-02   1.7078e+01   9.4330e-01   0.0000e+00   2.2185e-04   2.5311e+02
20191127_04:00:00   4.1688e-02   1.5340e+01   7.8935e-01   0.0000e+00   1.7286e-04   2.5332e+02
20191127_05:00:00   3.6321e-02   1.3916e+01   6.5816e-01   0.0000e+00   1.5760e-04   2.5369e+02
20191127_06:00:00   3.2524e-02   1.2897e+01   5.6118e-01   0.0000e+00   1.2445e-04   2.5501e+02
20191127_07:00:00   2.8969e-02   1.1926e+01   4.7290e-01   0.0000e+00   7.0010e-05   2.5427e+02
20191127_08:00:00   2.8419e-02   1.1762e+01   4.6174e-01   0.0000e+00   2.0055e-05   2.5237e+02
20191127_09:00:00   2.8710e-02   1.1836e+01   4.7025e-01   0.0000e+00   6.5260e-06   2.5345e+02
20191127_10:00:00   2.7535e-02   1.1499e+01   4.4443e-01   0.0000e+00   5.4350e-06   2.5535e+02
20191127_11:00:00   2.6222e-02   1.1141e+01   4.1012e-01   0.0000e+00   5.4350e-06   2.5565e+02
20191127_12:00:00   2.7039e-02   1.1383e+01   4.2657e-01   0.0000e+00   3.7710e-05   2.5442e+02
20191127_13:00:00   2.7712e-02   1.1565e+01   4.4824e-01   0.0000e+00   7.3760e-05   2.5204e+02
20191127_14:00:00   3.0254e-02   1.2273e+01   5.1333e-01   0.0000e+00   9.3490e-05   2.4979e+02
20191127_15:00:00   3.4285e-02   1.3372e+01   6.1785e-01   0.0000e+00   6.8624e-05   2.4877e+02
20191127_16:00:00   3.6802e-02   1.4058e+01   6.8151e-01   0.0000e+00   3.1941e-04   2.4761e+02
20191127_17:00:00   3.7754e-02   1.4317e+01   7.0716e-01   0.0000e+00   2.6115e-04   2.4830e+02
20191127_18:00:00   3.7374e-02   1.4220e+01   6.9799e-01   0.0000e+00   2.7290e-05   2.4877e+02
20191127_19:00:00   3.7097e-02   1.4148e+01   6.9264e-01   0.0000e+00   5.8337e-05   2.4869e+02
20191127_20:00:00   4.5627e-02   1.6383e+01   9.1682e-01   0.0000e+00   7.7563e-06   2.4896e+02
20191127_21:00:00   6.8385e-02   2.2174e+01   1.4967e+00   0.0000e+00   2.9007e-03   2.5063e+02
20191127_22:00:00   8.7201e-02   2.6796e+01   1.9517e+00   0.0000e+00   1.1737e-03   2.5153e+02
20191127_23:00:00   9.2326e-02   2.8044e+01   2.0302e+00   0.0000e+00   5.5018e-05   2.5082e+02
20191128_00:00:00   7.9559e-02   2.4976e+01   1.6944e+00   0.0000e+00   7.3260e-05   2.4951e+02
20191128_01:00:00   7.0627e-02   2.2785e+01   1.4652e+00   0.0000e+00   1.5174e-04   2.4862e+02
20191128_02:00:00   5.8818e-02   1.9811e+01   1.1971e+00   0.0000e+00   2.4968e-04   2.4831e+02
20191128_03:00:00   4.6929e-02   1.6748e+01   9.1951e-01   0.0000e+00   0.0000e+00   2.4871e+02
20191128_04:00:00   4.1149e-02   1.5230e+01   7.7985e-01   0.0000e+00   0.0000e+00   2.4970e+02
20191128_05:00:00   3.3725e-02   1.3243e+01   5.9786e-01   0.0000e+00   0.0000e+00   2.4984e+02
20191128_06:00:00   3.2063e-02   1.2762e+01   5.6477e-01   0.0000e+00   0.0000e+00   2.4969e+02
20191128_07:00:00   3.2183e-02   1.2791e+01   5.6532e-01   0.0000e+00   0.0000e+00   2.5027e+02
20191128_08:00:00   3.1175e-02   1.2515e+01   5.4019e-01   0.0000e+00   0.0000e+00   2.5082e+02
20191128_09:00:00   2.9573e-02   1.2084e+01   4.9773e-01   0.0000e+00   0.0000e+00   2.5085e+02
20191128_10:00:00   2.9463e-02   1.2046e+01   4.9591e-01   0.0000e+00   0.0000e+00   2.4969e+02
20191128_11:00:00   2.8348e-02   1.1749e+01   4.6510e-01   0.0000e+00   0.0000e+00   2.4930e+02
20191128_12:00:00   2.9358e-02   1.2055e+01   4.8350e-01   0.0000e+00   0.0000e+00   2.5052e+02
20191128_13:00:00   3.0695e-02   1.2432e+01   5.1825e-01   0.0000e+00   0.0000e+00   2.5091e+02
20191128_14:00:00   3.5539e-02   1.3751e+01   6.4384e-01   0.0000e+00   0.0000e+00   2.5180e+02
20191128_15:00:00   4.2617e-02   1.5636e+01   8.2867e-01   0.0000e+00   2.9300e-05   2.5196e+02
20191128_16:00:00   5.0295e-02   1.7635e+01   1.0285e+00   0.0000e+00   0.0000e+00   2.5147e+02
20191128_17:00:00   5.5213e-02   1.8880e+01   1.1595e+00   0.0000e+00   9.9500e-05   2.5162e+02
20191128_18:00:00   5.2955e-02   1.8286e+01   1.1061e+00   0.0000e+00   3.2540e-04   2.5218e+02
20191128_19:00:00   5.0383e-02   1.7599e+01   1.0425e+00   0.0000e+00   1.0538e-03   2.5282e+02
20191128_20:00:00   6.3387e-02   2.0903e+01   1.3728e+00   0.0000e+00   1.2420e-03   2.5286e+02
20191128_21:00:00   9.5015e-02   2.8680e+01   2.1525e+00   0.0000e+00   7.2040e-04   2.5220e+02
20191128_22:00:00   1.2250e-01   3.5277e+01   2.7358e+00   0.0000e+00   5.0480e-05   2.5237e+02
20191128_23:00:00   1.0678e-01   3.1535e+01   2.3445e+00   0.0000e+00   7.2480e-04   2.5244e+02
20191129_00:00:00   9.3530e-02   2.8322e+01   2.0049e+00   0.0000e+00   2.0662e-03   2.5257e+02
20191129_01:00:00   9.2553e-02   2.8081e+01   1.9713e+00   0.0000e+00   1.5888e-03   2.5213e+02
20191129_02:00:00   8.8940e-02   2.7221e+01   1.8969e+00   0.0000e+00   2.0761e-05   2.5142e+02
20191129_03:00:00   8.5657e-02   2.6432e+01   1.8237e+00   0.0000e+00   0.0000e+00   2.5101e+02
20191129_04:00:00   8.0273e-02   2.5100e+01   1.6977e+00   0.0000e+00   0.0000e+00   2.5036e+02
20191129_05:00:00   7.1469e-02   2.2897e+01   1.4982e+00   0.0000e+00   1.3842e-04   2.5026e+02
20191129_06:00:00   6.1776e-02   2.0434e+01   1.2853e+00   0.0000e+00   8.2990e-04   2.4921e+02
20191129_07:00:00   5.6218e-02   1.9022e+01   1.1526e+00   0.0000e+00   2.1161e-04   2.4940e+02
20191129_08:00:00   5.0946e-02   1.7674e+01   1.0260e+00   0.0000e+00   2.0717e-05   2.5041e+02
20191129_09:00:00   4.7522e-02   1.6770e+01   9.5301e-01   0.0000e+00   7.3260e-06   2.5133e+02
20191129_10:00:00   4.4245e-02   1.5917e+01   8.7230e-01   0.0000e+00   0.0000e+00   2.5205e+02
20191129_11:00:00   3.8895e-02   1.4494e+01   7.4645e-01   0.0000e+00   0.0000e+00   2.5320e+02
20191129_12:00:00   4.1430e-02   1.5162e+01   8.1088e-01   0.0000e+00   0.0000e+00   2.5376e+02
20191129_15:00:00   5.2112e-02   1.7981e+01   1.0843e+00   0.0000e+00   0.0000e+00   2.5342e+02
20191129_18:00:00   6.2610e-02   2.0662e+01   1.3461e+00   0.0000e+00   2.0740e-05   2.5444e+02
20191129_21:00:00   9.7590e-02   2.9256e+01   2.1870e+00   0.0000e+00   6.9739e-03   2.5475e+02
20191130_00:00:00   7.9532e-02   2.4907e+01   1.6868e+00   0.0000e+00   5.7869e-03   2.5329e+02
20191130_03:00:00   5.2834e-02   1.8222e+01   1.0710e+00   0.0000e+00   9.0840e-03   2.5367e+02
20191130_06:00:00   4.7578e-02   1.6826e+01   9.5956e-01   0.0000e+00   1.4092e-03   2.5383e+02
20191130_09:00:00   3.9375e-02   1.4681e+01   7.5863e-01   0.0000e+00   0.0000e+00   2.5285e+02
20191130_12:00:00   4.0416e-02   1.4952e+01   7.9005e-01   0.0000e+00   0.0000e+00   2.5380e+02
20191130_15:00:00   5.8027e-02   1.9524e+01   1.2555e+00   0.0000e+00   5.8499e-03   2.5168e+02
20191130_18:00:00   7.9999e-02   2.5055e+01   1.8261e+00   0.0000e+00   5.2899e-03   2.5051e+02
20191130_21:00:00   8.3019e-02   2.5751e+01   1.8921e+00   0.0000e+00   7.3180e-03   2.4797e+02
20191201_00:00:00   6.7470e-02   2.1949e+01   1.4626e+00   0.0000e+00   0.0000e+00   2.4815e+02
20191201_03:00:00   5.2541e-02   1.8117e+01   1.1273e+00   0.0000e+00   0.0000e+00   2.4822e+02
20191201_06:00:00   6.1653e-02   2.0422e+01   1.3614e+00   0.0000e+00   0.0000e+00   2.4929e+02
20191201_09:00:00   8.1264e-02   2.5202e+01   1.8808e+00   0.0000e+00   6.1480e-05   2.4843e+02
20191201_12:00:00   1.0234e-01   3.0279e+01   2.4254e+00   0.0000e+00   2.0559e-03   2.4949e+02
20191201_15:00:00   1.2163e-01   3.4883e+01   2.9462e+00   0.0000e+00   5.6048e-03   2.4674e+02
20191201_18:00:00   1.6466e-01   4.4461e+01   4.1041e+00   0.0000e+00   3.3121e-02   2.4614e+02
20191201_21:00:00   1.3918e-01   3.8746e+01   3.4590e+00   0.0000e+00   9.2915e-03   2.4737e+02
20191202_00:00:00   1.9087e-01   5.0108e+01   4.7458e+00   0.0000e+00   1.1541e-02   2.4807e+02
20191202_03:00:00   1.9237e-01   5.0504e+01   4.7485e+00   0.0000e+00   0.0000e+00   2.4932e+02
20191202_06:00:00   2.2137e-01   5.6349e+01   5.4913e+00   0.0000e+00   2.2173e-03   2.5182e+02
20191202_09:00:00   2.1744e-01   5.5506e+01   5.3262e+00   0.0000e+00   8.2848e-04   2.5141e+02
20191202_12:00:00   1.8084e-01   4.7787e+01   4.4299e+00   0.0000e+00   3.1197e-04   2.5172e+02
20191202_15:00:00   1.5526e-01   4.2268e+01   3.7928e+00   0.0000e+00   3.0302e-05   2.4853e+02
20191202_18:00:00   1.4461e-01   4.0149e+01   3.4311e+00   0.0000e+00   3.3700e-06   2.4871e+02
20191202_21:00:00   1.1609e-01   3.3604e+01   2.6814e+00   0.0000e+00   2.4880e-06   2.4905e+02
20191203_00:00:00   9.9430e-02   2.9667e+01   2.2080e+00   0.0000e+00   5.3520e-06   2.4882e+02
20191203_03:00:00   7.6965e-02   2.4274e+01   1.6232e+00   0.0000e+00   0.0000e+00   2.4826e+02
20191203_06:00:00   6.2166e-02   2.0556e+01   1.2712e+00   0.0000e+00   0.0000e+00   2.5061e+02
20191203_09:00:00   5.5085e-02   1.8724e+01   1.1136e+00   0.0000e+00   0.0000e+00   2.5198e+02
20191203_12:00:00   4.8767e-02   1.7119e+01   9.7766e-01   0.0000e+00   0.0000e+00   2.5218e+02
20191203_15:00:00   5.1071e-02   1.7766e+01   1.0517e+00   0.0000e+00   0.0000e+00   2.4934e+02
20191203_18:00:00   5.9805e-02   1.9937e+01   1.2937e+00   0.0000e+00   0.0000e+00   2.4681e+02
20191203_21:00:00   1.0192e-01   3.0254e+01   2.2964e+00   0.0000e+00   0.0000e+00   2.4818e+02
20191204_00:00:00   9.6548e-02   2.8943e+01   2.1056e+00   0.0000e+00   5.1140e-06   2.4968e+02
20191204_03:00:00   9.2435e-02   2.8021e+01   1.9643e+00   0.0000e+00   0.0000e+00   2.5230e+02
20191204_06:00:00   8.2293e-02   2.5541e+01   1.7677e+00   0.0000e+00   0.0000e+00   2.5432e+02
20191204_09:00:00   7.7143e-02   2.4286e+01   1.6520e+00   0.0000e+00   0.0000e+00   2.5791e+02
20191204_12:00:00   7.5152e-02   2.3793e+01   1.6003e+00   0.0000e+00   0.0000e+00   2.5653e+02
20191204_15:00:00   7.8336e-02   2.4614e+01   1.6961e+00   0.0000e+00   0.0000e+00   2.5675e+02
20191204_18:00:00   9.1389e-02   2.7836e+01   2.0127e+00   0.0000e+00   9.8362e-06   2.5721e+02
20191204_21:00:00   1.0271e-01   3.0422e+01   2.2945e+00   0.0000e+00   6.5700e-03   2.5539e+02
20191205_00:00:00   1.1308e-01   3.2920e+01   2.4221e+00   0.0000e+00   5.7584e-04   2.5850e+02
20191205_03:00:00   9.5796e-02   2.8806e+01   2.0408e+00   0.0000e+00   1.9076e-03   2.5777e+02
20191205_06:00:00   7.9717e-02   2.4884e+01   1.6889e+00   0.0000e+00   1.2254e-05   2.5853e+02
20191205_09:00:00   7.2296e-02   2.3037e+01   1.5157e+00   0.0000e+00   0.0000e+00   2.6013e+02
20191205_12:00:00   7.0109e-02   2.2498e+01   1.4615e+00   0.0000e+00   0.0000e+00   2.6134e+02
20191205_15:00:00   7.4434e-02   2.3569e+01   1.5835e+00   0.0000e+00   0.0000e+00   2.6059e+02
20191205_18:00:00   9.4263e-02   2.8400e+01   2.0526e+00   0.0000e+00   0.0000e+00   2.5926e+02
20191205_21:00:00   1.2826e-01   3.6240e+01   2.8560e+00   0.0000e+00   0.0000e+00   2.5942e+02
20191206_00:00:00   1.1595e-01   3.3433e+01   2.4088e+00   3.6620e-04   1.9277e-05   2.6211e+02
20191206_03:00:00   6.9681e-02   2.2398e+01   1.4069e+00   0.0000e+00   0.0000e+00   2.6402e+02
20191206_06:00:00   5.3050e-02   1.8162e+01   1.0503e+00   0.0000e+00   0.0000e+00   2.6466e+02
20191206_09:00:00   5.0235e-02   1.7418e+01   9.8690e-01   0.0000e+00   5.0272e-05   2.6777e+02
20191206_12:00:00   5.0804e-02   1.7551e+01   9.9076e-01   0.0000e+00   0.0000e+00   2.6803e+02
20191206_15:00:00   5.7087e-02   1.9151e+01   1.1560e+00   0.0000e+00   0.0000e+00   2.6746e+02
20191206_18:00:00   8.0204e-02   2.4899e+01   1.7136e+00   0.0000e+00   0.0000e+00   2.6827e+02
20191206_21:00:00   1.1647e-01   3.3381e+01   2.5890e+00   0.0000e+00   0.0000e+00   2.7387e+02
20191207_00:00:00   1.1431e-01   3.2889e+01   2.4348e+00   0.0000e+00   0.0000e+00   2.7681e+02
20191207_03:00:00   7.4829e-02   2.3552e+01   1.5492e+00   0.0000e+00   0.0000e+00   2.7422e+02
20191207_06:00:00   6.5655e-02   2.1219e+01   1.3572e+00   0.0000e+00   0.0000e+00   2.7197e+02
20191207_09:00:00   5.8171e-02   1.9306e+01   1.1846e+00   0.0000e+00   0.0000e+00   2.7365e+02
20191207_12:00:00   6.4262e-02   2.0746e+01   1.3396e+00   0.0000e+00   0.0000e+00   2.7355e+02
20191207_15:00:00   7.2974e-02   2.3008e+01   1.5506e+00   0.0000e+00   0.0000e+00   2.7459e+02
20191207_18:00:00   7.6471e-02   2.3916e+01   1.6416e+00   0.0000e+00   0.0000e+00   2.7635e+02
20191207_21:00:00   1.0384e-01   3.0443e+01   2.2896e+00   0.0000e+00   0.0000e+00   2.7818e+02
20191208_00:00:00   7.8808e-02   2.4570e+01   1.6116e+00   0.0000e+00   0.0000e+00   2.8133e+02
20191208_03:00:00   6.5362e-02   2.1291e+01   1.3047e+00   0.0000e+00   0.0000e+00   2.7895e+02
20191208_06:00:00   6.9631e-02   2.2287e+01   1.4388e+00   0.0000e+00   0.0000e+00   2.7927e+02
20191208_09:00:00   6.9853e-02   2.2342e+01   1.4502e+00   0.0000e+00   0.0000e+00   2.7610e+02
20191208_12:00:00   6.8695e-02   2.2088e+01   1.4333e+00   0.0000e+00   0.0000e+00   2.7689e+02
20191208_15:00:00   8.4372e-02   2.5961e+01   1.8590e+00   0.0000e+00   0.0000e+00   2.7713e+02
20191208_18:00:00   1.1939e-01   3.4251e+01   2.7698e+00   0.0000e+00   0.0000e+00   2.7273e+02
20191208_21:00:00   1.3076e-01   3.6735e+01   3.0572e+00   0.0000e+00   8.8100e-06   2.7319e+02
20191209_00:00:00   1.1354e-01   3.2814e+01   2.6013e+00   0.0000e+00   0.0000e+00   2.7112e+02
20191209_03:00:00   1.3637e-01   3.8005e+01   3.1750e+00   0.0000e+00   2.2920e-05   2.6765e+02
20191209_06:00:00   1.5086e-01   4.1249e+01   3.5237e+00   0.0000e+00   0.0000e+00   2.6716e+02
20191209_09:00:00   1.6507e-01   4.4401e+01   3.8668e+00   0.0000e+00   1.5238e-04   2.6239e+02
20191209_12:00:00   1.7386e-01   4.6387e+01   4.0630e+00   0.0000e+00   0.0000e+00   2.6239e+02
20191209_15:00:00   2.2253e-01   5.6688e+01   4.8332e+00   9.6540e-03   1.2560e-02   2.5912e+02
20191209_18:00:00   2.1785e-01   5.5997e+01   5.0532e+00   1.6501e-03   7.6794e-02   2.6048e+02
20191209_21:00:00   2.5096e-01   6.1902e+01   5.9497e+00   0.0000e+00   2.7837e-01   2.5971e+02
20191210_00:00:00   1.9209e-01   4.9876e+01   4.6402e+00   0.0000e+00   5.0221e-02   2.5867e+02
20191210_03:00:00   1.5745e-01   4.2409e+01   3.8229e+00   0.0000e+00   7.9234e-04   2.5849e+02
20191210_06:00:00   2.1695e-01   5.5177e+01   5.1863e+00   0.0000e+00   2.5467e-02   2.5807e+02
20191210_09:00:00   1.8199e-01   4.8118e+01   4.2859e+00   0.0000e+00   3.1040e-04   2.5776e+02
20191210_12:00:00   1.6329e-01   4.4303e+01   3.7628e+00   0.0000e+00   0.0000e+00   2.5752e+02
