#            date       tau225        Tb[K]      pwv[mm] lwp[kg*m^-2] iwp[kg*m^-2]       o3[DU]
20191116_18:00:00   2.4188e-01   6.0305e+01   5.7622e+00   0.0000e+00   2.5876e-01   2.6125e+02
20191116_19:00:00   2.0140e-01   5.2212e+01   4.8512e+00   0.0000e+00   5.8168e-02   2.6035e+02
20191116_20:00:00   1.9412e-01   5.0494e+01   4.5561e+00   3.0660e-03   1.7480e-02   2.5984e+02
20191116_21:00:00   1.8528e-01   4.8567e+01   4.5112e+00   0.0000e+00   2.6663e-02   2.6059e+02
20191116_22:00:00   2.1241e-01   5.4237e+01   5.2084e+00   0.0000e+00   2.4135e-02   2.5930e+02
20191116_23:00:00   2.2893e-01   5.7619e+01   5.5517e+00   0.0000e+00   9.1466e-02   2.6075e+02
20191117_00:00:00   2.2806e-01   5.7467e+01   5.5670e+00   0.0000e+00   9.5735e-03   2.6063e+02
20191117_01:00:00   2.3246e-01   5.8286e+01   5.6433e+00   0.0000e+00   4.8274e-02   2.5857e+02
20191117_02:00:00   2.3613e-01   5.9043e+01   5.7221e+00   0.0000e+00   4.0157e-02   2.5838e+02
20191117_03:00:00   2.3071e-01   5.8066e+01   5.5752e+00   0.0000e+00   1.8834e-02   2.5898e+02
20191117_04:00:00   2.4269e-01   6.0476e+01   5.8090e+00   0.0000e+00   5.6032e-02   2.5827e+02
20191117_05:00:00   2.4512e-01   6.0986e+01   5.8582e+00   0.0000e+00   4.5386e-02   2.5990e+02
20191117_06:00:00   2.4056e-01   6.0040e+01   5.7557e+00   0.0000e+00   5.2526e-02   2.6130e+02
20191117_07:00:00   2.4639e-01   6.1207e+01   5.8854e+00   0.0000e+00   4.9004e-02   2.6064e+02
20191117_08:00:00   2.4622e-01   6.1173e+01   5.8673e+00   0.0000e+00   5.8317e-02   2.5977e+02
20191117_09:00:00   2.4548e-01   6.1037e+01   5.8437e+00   0.0000e+00   5.4943e-02   2.5957e+02
20191117_10:00:00   2.3112e-01   5.8158e+01   5.5392e+00   0.0000e+00   1.6447e-02   2.6050e+02
20191117_11:00:00   2.2433e-01   5.6788e+01   5.3766e+00   0.0000e+00   1.2956e-02   2.6152e+02
20191117_12:00:00   2.2142e-01   5.6234e+01   5.2973e+00   0.0000e+00   2.2720e-02   2.6167e+02
20191117_13:00:00   2.2132e-01   5.6234e+01   5.2854e+00   0.0000e+00   5.3285e-02   2.6293e+02
20191117_14:00:00   2.2376e-01   5.6713e+01   5.3575e+00   0.0000e+00   7.2409e-02   2.6228e+02
20191117_15:00:00   2.4854e-01   6.1772e+01   5.8469e+00   0.0000e+00   2.2264e-01   2.6007e+02
20191117_16:00:00   2.7230e-01   6.6593e+01   6.3397e+00   0.0000e+00   2.5894e-01   2.5924e+02
20191117_17:00:00   2.9215e-01   7.0323e+01   6.7354e+00   0.0000e+00   4.0746e-01   2.5873e+02
20191117_18:00:00   2.8420e-01   6.8662e+01   6.6368e+00   0.0000e+00   3.3887e-01   2.5761e+02
20191117_19:00:00   2.6810e-01   6.5508e+01   6.3359e+00   0.0000e+00   2.7431e-01   2.5717e+02
20191117_20:00:00   2.5607e-01   6.3140e+01   6.1145e+00   0.0000e+00   1.7038e-01   2.5648e+02
20191117_21:00:00   2.3641e-01   5.9295e+01   5.7029e+00   0.0000e+00   2.4041e-02   2.5680e+02
20191117_22:00:00   2.2940e-01   5.7722e+01   5.5029e+00   1.5870e-03   1.6041e-02   2.5694e+02
20191117_23:00:00   2.1224e-01   5.4205e+01   5.1702e+00   0.0000e+00   3.6074e-02   2.5671e+02
20191118_00:00:00   2.0756e-01   5.3266e+01   5.0101e+00   0.0000e+00   5.5246e-02   2.5711e+02
20191118_01:00:00   2.1225e-01   5.4250e+01   5.0837e+00   0.0000e+00   6.4677e-02   2.5543e+02
20191118_02:00:00   2.1095e-01   5.4068e+01   5.0317e+00   0.0000e+00   3.4893e-02   2.5384e+02
20191118_03:00:00   2.0480e-01   5.2770e+01   4.9258e+00   0.0000e+00   8.1103e-03   2.5348e+02
20191118_04:00:00   2.0800e-01   5.3427e+01   5.0005e+00   0.0000e+00   5.0631e-03   2.5423e+02
20191118_05:00:00   2.3088e-01   5.8271e+01   5.4778e+00   0.0000e+00   1.3624e-03   2.5439e+02
20191118_06:00:00   2.5942e-01   6.4067e+01   6.0455e+00   5.1100e-04   1.3588e-02   2.5526e+02
20191118_07:00:00   2.4975e-01   6.2068e+01   5.8590e+00   0.0000e+00   3.2722e-02   2.5406e+02
20191118_08:00:00   1.9646e-01   5.0952e+01   4.7213e+00   0.0000e+00   5.2549e-03   2.5294e+02
20191118_09:00:00   1.6849e-01   4.4890e+01   4.0732e+00   0.0000e+00   6.3201e-03   2.5383e+02
20191118_10:00:00   1.7453e-01   4.6232e+01   4.1769e+00   0.0000e+00   1.7318e-02   2.5463e+02
20191118_11:00:00   1.7242e-01   4.5802e+01   4.1159e+00   0.0000e+00   1.1312e-02   2.5632e+02
20191118_12:00:00   1.8035e-01   4.7587e+01   4.2911e+00   0.0000e+00   2.8718e-03   2.5483e+02
20191118_13:00:00   2.1750e-01   5.5570e+01   5.1213e+00   0.0000e+00   1.2209e-03   2.5293e+02
20191118_14:00:00   3.2441e-01   7.6631e+01   5.8395e+00   3.4262e-02   3.0224e-02   2.5365e+02
20191118_15:00:00   2.4619e-01   6.1604e+01   5.7102e+00   0.0000e+00   6.5110e-02   2.5343e+02
20191118_16:00:00   2.3557e-01   5.9435e+01   5.5490e+00   0.0000e+00   5.5811e-02   2.5386e+02
20191118_17:00:00   2.5937e-01   6.4232e+01   5.9805e+00   1.6722e-03   2.0380e-01   2.5293e+02
20191118_18:00:00   2.9748e-01   7.1779e+01   6.7475e+00   1.3848e-03   4.6575e-01   2.5167e+02
20191118_19:00:00   2.9921e-01   7.2186e+01   6.9242e+00   2.7180e-06   2.0045e-01   2.5113e+02
20191118_20:00:00   3.1029e-01   7.4360e+01   7.1908e+00   0.0000e+00   9.7318e-02   2.5091e+02
20191118_21:00:00   3.0706e-01   7.3761e+01   6.8979e+00   1.5114e-06   3.1876e-01   2.5124e+02
20191118_22:00:00   2.0928e-01   5.4208e+01   4.8187e+00   3.8860e-05   1.6809e-02   2.5039e+02
20191118_23:00:00   2.0601e-01   5.3422e+01   4.7897e+00   3.5410e-04   3.3395e-04   2.4863e+02
20191119_00:00:00   2.4591e-01   6.1537e+01   5.6920e+00   1.8221e-03   2.6052e-02   2.4812e+02
20191119_01:00:00   2.7397e-01   6.7154e+01   6.3334e+00   0.0000e+00   8.1566e-02   2.4803e+02
20191119_02:00:00   2.8861e-01   7.0029e+01   6.6808e+00   0.0000e+00   5.4981e-02   2.5006e+02
20191119_03:00:00   2.9339e-01   7.1079e+01   6.7171e+00   0.0000e+00   5.3530e-02   2.5104e+02
20191119_04:00:00   2.7499e-01   6.7602e+01   6.2713e+00   0.0000e+00   3.9748e-03   2.5090e+02
20191119_05:00:00   2.8909e-01   7.0405e+01   6.3338e+00   4.1726e-03   6.0998e-03   2.5107e+02
20191119_06:00:00   2.8331e-01   6.9183e+01   6.3238e+00   1.6023e-03   3.4517e-03   2.5247e+02
20191119_07:00:00   2.6572e-01   6.5745e+01   5.9970e+00   1.1352e-04   8.8882e-04   2.5212e+02
20191119_08:00:00   2.5627e-01   6.3882e+01   5.7769e+00   0.0000e+00   1.1659e-03   2.5219e+02
20191119_09:00:00   2.4559e-01   6.1765e+01   5.4757e+00   9.2900e-04   9.0361e-04   2.5325e+02
20191119_10:00:00   2.4477e-01   6.1615e+01   5.2872e+00   4.1340e-03   6.3872e-04   2.5386e+02
20191119_11:00:00   2.2673e-01   5.7878e+01   5.0781e+00   4.6440e-04   5.5402e-04   2.5306e+02
20191119_12:00:00   2.1759e-01   5.6017e+01   4.9021e+00   0.0000e+00   8.7406e-04   2.5131e+02
20191119_13:00:00   2.1685e-01   5.5905e+01   4.9041e+00   0.0000e+00   2.0482e-03   2.5049e+02
20191119_14:00:00   2.3519e-01   5.9736e+01   5.3468e+00   0.0000e+00   2.0825e-03   2.4941e+02
20191119_15:00:00   3.2084e-01   7.6531e+01   5.7277e+00   3.2222e-02   2.6281e-02   2.4970e+02
20191119_16:00:00   2.9775e-01   7.2280e+01   6.4926e+00   3.2520e-03   2.2716e-01   2.5014e+02
20191119_17:00:00   3.1507e-01   7.5574e+01   7.0201e+00   6.0220e-07   2.3739e-01   2.4928e+02
20191119_18:00:00   3.5277e-01   8.2612e+01   7.0720e+00   1.6458e-02   2.4002e-01   2.4905e+02
20191119_19:00:00   3.0456e-01   7.3641e+01   6.8604e+00   2.1100e-05   1.1093e-01   2.5009e+02
20191119_20:00:00   2.9183e-01   7.1133e+01   6.6207e+00   1.9428e-04   1.0950e-01   2.5050e+02
20191119_21:00:00   2.2544e-01   5.7661e+01   5.1467e+00   0.0000e+00   5.4842e-02   2.5054e+02
20191119_22:00:00   1.5993e-01   4.3634e+01   3.6593e+00   0.0000e+00   0.0000e+00   2.4961e+02
20191119_23:00:00   1.4336e-01   3.9851e+01   3.2687e+00   0.0000e+00   0.0000e+00   2.4908e+02
20191120_00:00:00   1.5489e-01   4.2390e+01   3.6057e+00   0.0000e+00   0.0000e+00   2.4900e+02
20191120_01:00:00   1.8634e-01   4.9202e+01   4.3688e+00   0.0000e+00   1.9272e-07   2.4789e+02
20191120_02:00:00   2.0452e-01   5.3031e+01   4.7894e+00   0.0000e+00   5.7477e-03   2.4840e+02
20191120_03:00:00   2.0137e-01   5.2448e+01   4.7035e+00   0.0000e+00   1.9188e-05   2.4894e+02
20191120_04:00:00   1.9693e-01   5.1572e+01   4.5851e+00   0.0000e+00   4.8180e-07   2.4886e+02
20191120_05:00:00   1.8644e-01   4.9443e+01   4.2919e+00   0.0000e+00   0.0000e+00   2.4986e+02
20191120_06:00:00   1.7396e-01   4.6786e+01   3.9843e+00   0.0000e+00   0.0000e+00   2.4832e+02
20191120_07:00:00   1.6871e-01   4.5626e+01   3.8535e+00   0.0000e+00   0.0000e+00   2.4930e+02
20191120_08:00:00   1.6845e-01   4.5537e+01   3.8440e+00   0.0000e+00   0.0000e+00   2.4962e+02
20191120_09:00:00   1.6450e-01   4.4646e+01   3.7416e+00   0.0000e+00   0.0000e+00   2.5144e+02
20191120_10:00:00   1.5617e-01   4.2803e+01   3.5318e+00   0.0000e+00   0.0000e+00   2.5205e+02
20191120_11:00:00   1.4487e-01   4.0281e+01   3.2523e+00   0.0000e+00   0.0000e+00   2.5253e+02
20191120_12:00:00   1.4216e-01   3.9705e+01   3.1765e+00   0.0000e+00   0.0000e+00   2.5282e+02
20191120_13:00:00   1.4225e-01   3.9768e+01   3.1987e+00   0.0000e+00   0.0000e+00   2.5266e+02
20191120_14:00:00   1.4596e-01   4.0662e+01   3.3057e+00   0.0000e+00   0.0000e+00   2.5240e+02
20191120_15:00:00   1.6268e-01   4.4380e+01   3.7511e+00   0.0000e+00   0.0000e+00   2.5286e+02
20191120_16:00:00   1.7084e-01   4.6192e+01   3.9673e+00   0.0000e+00   4.0260e-04   2.5145e+02
20191120_17:00:00   1.7712e-01   4.7575e+01   4.1373e+00   0.0000e+00   3.4200e-03   2.5046e+02
20191120_18:00:00   1.8673e-01   4.9614e+01   4.3737e+00   0.0000e+00   2.4824e-03   2.5143e+02
20191120_19:00:00   1.9935e-01   5.2218e+01   4.7303e+00   0.0000e+00   1.9323e-04   2.5279e+02
20191120_20:00:00   1.9569e-01   5.1382e+01   4.6526e+00   0.0000e+00   5.2020e-05   2.5349e+02
20191120_21:00:00   1.5456e-01   4.2485e+01   3.6194e+00   0.0000e+00   0.0000e+00   2.5475e+02
20191120_22:00:00   1.2961e-01   3.6874e+01   2.9565e+00   0.0000e+00   0.0000e+00   2.5460e+02
20191120_23:00:00   1.1482e-01   3.3411e+01   2.5966e+00   0.0000e+00   0.0000e+00   2.5395e+02
20191121_00:00:00   1.1157e-01   3.2613e+01   2.5248e+00   0.0000e+00   0.0000e+00   2.5250e+02
20191121_01:00:00   9.7758e-02   2.9333e+01   2.1940e+00   0.0000e+00   0.0000e+00   2.5303e+02
20191121_02:00:00   8.1088e-02   2.5274e+01   1.8023e+00   0.0000e+00   0.0000e+00   2.5387e+02
20191121_03:00:00   7.9909e-02   2.4971e+01   1.7748e+00   0.0000e+00   0.0000e+00   2.5329e+02
20191121_04:00:00   7.7663e-02   2.4424e+01   1.7186e+00   0.0000e+00   0.0000e+00   2.5338e+02
20191121_05:00:00   7.7267e-02   2.4317e+01   1.7076e+00   0.0000e+00   0.0000e+00   2.5259e+02
20191121_06:00:00   7.9967e-02   2.4960e+01   1.7742e+00   0.0000e+00   0.0000e+00   2.5151e+02
20191121_07:00:00   8.2210e-02   2.5507e+01   1.8288e+00   0.0000e+00   0.0000e+00   2.5208e+02
20191121_08:00:00   8.0556e-02   2.5111e+01   1.7836e+00   0.0000e+00   0.0000e+00   2.5252e+02
20191121_09:00:00   7.5396e-02   2.3850e+01   1.6545e+00   0.0000e+00   0.0000e+00   2.5134e+02
20191121_10:00:00   7.2540e-02   2.3140e+01   1.5852e+00   0.0000e+00   0.0000e+00   2.5195e+02
20191121_11:00:00   7.3325e-02   2.3337e+01   1.6055e+00   0.0000e+00   0.0000e+00   2.5432e+02
20191121_12:00:00   7.6866e-02   2.4211e+01   1.6968e+00   0.0000e+00   0.0000e+00   2.5337e+02
20191121_13:00:00   8.5663e-02   2.6364e+01   1.9202e+00   0.0000e+00   0.0000e+00   2.5149e+02
20191121_14:00:00   9.7025e-02   2.9124e+01   2.2080e+00   0.0000e+00   0.0000e+00   2.5139e+02
20191121_15:00:00   1.1082e-01   3.2403e+01   2.5593e+00   0.0000e+00   0.0000e+00   2.4984e+02
20191121_16:00:00   1.2430e-01   3.5561e+01   2.8939e+00   0.0000e+00   0.0000e+00   2.5098e+02
20191121_17:00:00   1.3215e-01   3.7383e+01   3.0934e+00   0.0000e+00   0.0000e+00   2.5170e+02
20191121_18:00:00   1.3865e-01   3.8877e+01   3.2548e+00   0.0000e+00   0.0000e+00   2.5225e+02
20191121_21:00:00   1.6585e-01   4.4973e+01   3.8688e+00   0.0000e+00   1.9272e-07   2.5095e+02
20191122_00:00:00   1.3938e-01   3.9136e+01   3.1233e+00   0.0000e+00   0.0000e+00   2.5074e+02
20191122_03:00:00   1.0890e-01   3.1997e+01   2.4399e+00   0.0000e+00   0.0000e+00   2.4894e+02
20191122_06:00:00   9.3485e-02   2.8235e+01   2.0775e+00   0.0000e+00   1.1552e-04   2.5194e+02
20191122_09:00:00   6.7992e-02   2.1998e+01   1.4520e+00   0.0000e+00   0.0000e+00   2.5408e+02
20191122_12:00:00   4.5658e-02   1.6364e+01   8.9616e-01   0.0000e+00   0.0000e+00   2.5286e+02
20191122_15:00:00   7.4906e-02   2.3819e+01   1.6198e+00   0.0000e+00   0.0000e+00   2.5490e+02
20191122_18:00:00   9.0046e-02   2.7535e+01   2.0029e+00   0.0000e+00   0.0000e+00   2.5610e+02
20191122_21:00:00   8.3579e-02   2.5893e+01   1.8586e+00   0.0000e+00   0.0000e+00   2.5504e+02
20191123_00:00:00   6.1239e-02   2.0400e+01   1.2711e+00   0.0000e+00   0.0000e+00   2.5563e+02
20191123_03:00:00   4.5848e-02   1.6473e+01   9.0990e-01   0.0000e+00   0.0000e+00   2.5544e+02
20191123_06:00:00   5.9307e-02   1.9852e+01   1.2679e+00   0.0000e+00   0.0000e+00   2.5723e+02
20191123_09:00:00   4.8430e-02   1.7102e+01   9.7849e-01   0.0000e+00   0.0000e+00   2.5826e+02
20191123_12:00:00   5.7261e-02   1.9392e+01   1.1820e+00   0.0000e+00   0.0000e+00   2.6059e+02
20191123_15:00:00   9.4056e-02   2.8498e+01   2.1191e+00   0.0000e+00   0.0000e+00   2.6019e+02
20191123_18:00:00   1.3531e-01   3.8052e+01   3.1961e+00   0.0000e+00   2.9720e-05   2.5755e+02
20191123_21:00:00   1.1570e-01   3.3416e+01   2.7279e+00   0.0000e+00   1.1890e-04   2.5418e+02
20191124_00:00:00   1.1173e-01   3.2607e+01   2.5881e+00   0.0000e+00   0.0000e+00   2.5780e+02
20191124_03:00:00   1.2319e-01   3.5165e+01   2.9149e+00   0.0000e+00   0.0000e+00   2.5663e+02
20191124_06:00:00   1.2846e-01   3.6251e+01   3.0370e+00   0.0000e+00   0.0000e+00   2.5617e+02
20191124_09:00:00   1.1382e-01   3.3007e+01   2.6369e+00   0.0000e+00   0.0000e+00   2.5936e+02
20191124_12:00:00   1.0200e-01   3.0342e+01   2.3186e+00   0.0000e+00   0.0000e+00   2.5790e+02
20191124_15:00:00   1.0022e-01   2.9962e+01   2.2931e+00   0.0000e+00   0.0000e+00   2.5769e+02
20191124_18:00:00   1.0517e-01   3.1048e+01   2.4517e+00   0.0000e+00   0.0000e+00   2.5470e+02
20191124_21:00:00   9.6446e-02   2.8860e+01   2.2488e+00   0.0000e+00   0.0000e+00   2.5657e+02
20191125_00:00:00   6.7678e-02   2.1976e+01   1.4927e+00   0.0000e+00   0.0000e+00   2.5537e+02
20191125_03:00:00   4.4701e-02   1.6081e+01   9.2194e-01   0.0000e+00   0.0000e+00   2.5505e+02
20191125_06:00:00   3.1380e-02   1.2586e+01   5.5565e-01   0.0000e+00   0.0000e+00   2.5527e+02
20191125_09:00:00   3.1260e-02   1.2562e+01   5.4550e-01   0.0000e+00   0.0000e+00   2.5799e+02
20191125_12:00:00   3.1338e-02   1.2566e+01   5.4917e-01   0.0000e+00   0.0000e+00   2.5960e+02
20191125_15:00:00   4.0581e-02   1.5033e+01   7.8766e-01   0.0000e+00   0.0000e+00   2.5884e+02
20191125_18:00:00   4.3980e-02   1.5931e+01   8.7024e-01   0.0000e+00   0.0000e+00   2.5614e+02
20191125_21:00:00   7.1093e-02   2.2810e+01   1.5222e+00   0.0000e+00   0.0000e+00   2.5628e+02
20191126_00:00:00   5.8047e-02   1.9566e+01   1.1768e+00   0.0000e+00   0.0000e+00   2.5521e+02
20191126_03:00:00   4.3993e-02   1.5958e+01   8.5482e-01   0.0000e+00   0.0000e+00   2.5508e+02
20191126_06:00:00   4.1921e-02   1.5374e+01   8.1025e-01   0.0000e+00   0.0000e+00   2.5533e+02
20191126_09:00:00   4.3103e-02   1.5669e+01   8.3937e-01   0.0000e+00   1.7856e-06   2.5461e+02
20191126_12:00:00   3.9527e-02   1.4741e+01   7.4634e-01   0.0000e+00   2.5008e-05   2.5802e+02
20191126_15:00:00   4.7281e-02   1.6763e+01   9.4516e-01   0.0000e+00   1.3383e-05   2.5769e+02
20191126_18:00:00   5.0851e-02   1.7719e+01   1.0359e+00   0.0000e+00   0.0000e+00   2.5510e+02
20191126_21:00:00   7.9707e-02   2.4916e+01   1.7479e+00   0.0000e+00   0.0000e+00   2.5178e+02
20191127_00:00:00   4.7258e-02   1.6800e+01   9.2556e-01   0.0000e+00   0.0000e+00   2.5064e+02
20191127_03:00:00   3.7685e-02   1.4315e+01   6.9625e-01   0.0000e+00   0.0000e+00   2.5109e+02
20191127_06:00:00   2.9022e-02   1.1948e+01   4.8685e-01   0.0000e+00   0.0000e+00   2.5054e+02
20191127_09:00:00   2.8442e-02   1.1766e+01   4.7206e-01   0.0000e+00   3.5120e-06   2.5221e+02
20191127_12:00:00   2.6449e-02   1.1223e+01   4.2243e-01   0.0000e+00   6.5200e-06   2.5198e+02
20191127_15:00:00   3.2919e-02   1.2966e+01   5.9806e-01   0.0000e+00   0.0000e+00   2.5299e+02
20191127_18:00:00   3.8876e-02   1.4573e+01   7.4736e-01   0.0000e+00   0.0000e+00   2.5389e+02
20191127_21:00:00   6.8413e-02   2.2073e+01   1.4908e+00   0.0000e+00   0.0000e+00   2.4936e+02
20191128_00:00:00   4.9137e-02   1.7214e+01   9.8728e-01   0.0000e+00   0.0000e+00   2.4770e+02
20191128_03:00:00   3.3558e-02   1.3141e+01   6.1381e-01   0.0000e+00   0.0000e+00   2.4828e+02
20191128_06:00:00   2.9108e-02   1.1895e+01   5.1202e-01   0.0000e+00   0.0000e+00   2.4961e+02
20191128_09:00:00   2.6449e-02   1.1141e+01   4.4770e-01   0.0000e+00   0.0000e+00   2.5066e+02
20191128_12:00:00   2.3816e-02   1.0436e+01   3.7363e-01   0.0000e+00   0.0000e+00   2.5261e+02
20191128_15:00:00   2.8591e-02   1.1807e+01   4.8935e-01   0.0000e+00   0.0000e+00   2.5183e+02
20191128_18:00:00   3.4955e-02   1.3526e+01   6.6024e-01   0.0000e+00   0.0000e+00   2.5058e+02
20191128_21:00:00   4.1342e-02   1.5178e+01   8.2961e-01   0.0000e+00   0.0000e+00   2.5094e+02
20191129_00:00:00   5.2771e-02   1.8161e+01   1.1019e+00   0.0000e+00   0.0000e+00   2.5104e+02
20191129_03:00:00   3.9200e-02   1.4566e+01   7.9840e-01   0.0000e+00   0.0000e+00   2.5098e+02
20191129_06:00:00   3.4507e-02   1.3264e+01   6.8542e-01   0.0000e+00   7.2596e-05   2.4813e+02
20191129_09:00:00   3.3680e-02   1.3052e+01   6.6024e-01   0.0000e+00   3.0740e-04   2.4844e+02
20191129_12:00:00   3.1508e-02   1.2468e+01   6.0564e-01   0.0000e+00   1.1604e-04   2.4968e+02
20191129_15:00:00   3.9128e-02   1.4530e+01   8.0856e-01   0.0000e+00   9.3219e-04   2.4826e+02
20191129_18:00:00   4.3868e-02   1.5794e+01   9.3044e-01   0.0000e+00   8.2662e-04   2.5058e+02
20191129_21:00:00   4.8075e-02   1.6907e+01   1.0306e+00   0.0000e+00   8.0255e-03   2.4949e+02
20191130_00:00:00   4.3312e-02   1.5689e+01   9.0707e-01   0.0000e+00   4.8168e-03   2.4658e+02
20191130_03:00:00   3.4882e-02   1.3408e+01   7.0317e-01   0.0000e+00   2.3776e-03   2.4818e+02
20191130_06:00:00   3.2863e-02   1.2833e+01   6.5443e-01   0.0000e+00   3.3200e-04   2.4793e+02
20191130_09:00:00   3.2937e-02   1.2837e+01   6.6283e-01   0.0000e+00   1.8830e-05   2.5237e+02
20191130_12:00:00   4.4300e-02   1.5837e+01   9.7482e-01   0.0000e+00   2.9759e-04   2.4977e+02
20191130_15:00:00   5.8696e-02   1.9598e+01   1.3520e+00   0.0000e+00   9.7405e-03   2.5282e+02
20191130_18:00:00   6.3102e-02   2.0625e+01   1.4900e+00   0.0000e+00   9.1984e-03   2.5201e+02
20191130_21:00:00   6.0860e-02   2.0065e+01   1.4376e+00   0.0000e+00   6.6062e-04   2.5168e+02
20191201_00:00:00   5.0686e-02   1.7479e+01   1.1594e+00   0.0000e+00   6.0220e-06   2.5072e+02
20191201_03:00:00   7.2871e-02   2.2857e+01   1.7932e+00   0.0000e+00   5.8340e-05   2.5149e+02
20191201_06:00:00   1.0539e-01   3.0638e+01   2.6720e+00   0.0000e+00   1.3440e-04   2.5251e+02
20191201_09:00:00   1.0650e-01   3.1119e+01   2.6593e+00   0.0000e+00   2.7119e-04   2.5341e+02
20191201_12:00:00   1.2628e-01   3.5759e+01   3.1869e+00   0.0000e+00   4.4378e-04   2.5442e+02
20191201_15:00:00   1.4735e-01   4.0541e+01   3.7544e+00   0.0000e+00   8.4240e-05   2.5311e+02
20191201_18:00:00   1.6199e-01   4.3704e+01   4.1574e+00   0.0000e+00   1.3313e-02   2.5448e+02
20191201_21:00:00   1.5329e-01   4.1859e+01   3.8952e+00   0.0000e+00   0.0000e+00   2.5457e+02
20191202_00:00:00   1.4790e-01   4.0743e+01   3.7328e+00   0.0000e+00   6.1484e-05   2.5279e+02
20191202_03:00:00   1.7158e-01   4.6018e+01   4.3375e+00   0.0000e+00   0.0000e+00   2.5335e+02
20191202_06:00:00   1.8985e-01   4.9798e+01   4.7837e+00   0.0000e+00   0.0000e+00   2.5230e+02
20191202_09:00:00   1.8614e-01   4.9055e+01   4.6582e+00   0.0000e+00   0.0000e+00   2.5108e+02
20191202_12:00:00   1.9232e-01   5.0455e+01   4.7866e+00   0.0000e+00   0.0000e+00   2.4810e+02
20191202_15:00:00   1.7592e-01   4.7135e+01   4.3460e+00   0.0000e+00   0.0000e+00   2.4937e+02
20191202_18:00:00   1.7666e-01   4.7219e+01   4.3894e+00   0.0000e+00   0.0000e+00   2.5003e+02
