#            date       tau225        Tb[K]      pwv[mm] lwp[kg*m^-2] iwp[kg*m^-2]       o3[DU]
20191106_06:00:00   3.9679e-02   1.4666e+01   7.7977e-01   0.0000e+00   1.0300e-03   2.5869e+02
20191106_07:00:00   3.7027e-02   1.3937e+01   7.2240e-01   0.0000e+00   2.8714e-03   2.5856e+02
20191106_08:00:00   3.5209e-02   1.3441e+01   6.7945e-01   0.0000e+00   3.0455e-03   2.6039e+02
20191106_09:00:00   3.3219e-02   1.2928e+01   6.2546e-01   0.0000e+00   7.6017e-04   2.6117e+02
20191106_10:00:00   3.2222e-02   1.2658e+01   6.0035e-01   0.0000e+00   2.3721e-04   2.5988e+02
20191106_11:00:00   3.0670e-02   1.2224e+01   5.6534e-01   0.0000e+00   1.2136e-04   2.5818e+02
20191106_12:00:00   3.2771e-02   1.2796e+01   6.1596e-01   0.0000e+00   2.3858e-04   2.5762e+02
20191106_13:00:00   3.4411e-02   1.3237e+01   6.5855e-01   0.0000e+00   1.0847e-03   2.5825e+02
20191106_14:00:00   3.5620e-02   1.3543e+01   6.9470e-01   0.0000e+00   3.3299e-03   2.5761e+02
20191106_15:00:00   4.1974e-02   1.5220e+01   8.5725e-01   0.0000e+00   4.7382e-03   2.5572e+02
20191106_16:00:00   4.9042e-02   1.7041e+01   1.0334e+00   0.0000e+00   2.2135e-02   2.5531e+02
20191106_17:00:00   5.3557e-02   1.8165e+01   1.1530e+00   0.0000e+00   2.9147e-02   2.5492e+02
20191106_18:00:00   5.6524e-02   1.8893e+01   1.2462e+00   0.0000e+00   1.5752e-02   2.5499e+02
20191106_19:00:00   5.8793e-02   1.9424e+01   1.3014e+00   0.0000e+00   3.9034e-02   2.5482e+02
20191106_20:00:00   6.6202e-02   2.1303e+01   1.4845e+00   0.0000e+00   3.8289e-02   2.5485e+02
20191106_21:00:00   8.1474e-02   2.5127e+01   1.8650e+00   0.0000e+00   9.8797e-03   2.5494e+02
20191106_22:00:00   9.3774e-02   2.8082e+01   2.1689e+00   0.0000e+00   4.0671e-03   2.5478e+02
20191106_23:00:00   8.1622e-02   2.5116e+01   1.8676e+00   0.0000e+00   2.9785e-02   2.5342e+02
20191107_00:00:00   6.5767e-02   2.1239e+01   1.4830e+00   0.0000e+00   4.4201e-03   2.5214e+02
20191107_01:00:00   5.5588e-02   1.8702e+01   1.2221e+00   0.0000e+00   7.1491e-03   2.5107e+02
20191107_02:00:00   4.8867e-02   1.7016e+01   1.0470e+00   0.0000e+00   9.0078e-03   2.5208e+02
20191107_03:00:00   4.6590e-02   1.6427e+01   9.8695e-01   0.0000e+00   1.1312e-02   2.5131e+02
20191107_04:00:00   4.6100e-02   1.6268e+01   9.8244e-01   0.0000e+00   1.0176e-02   2.5192e+02
20191107_05:00:00   4.5681e-02   1.6170e+01   9.6976e-01   0.0000e+00   8.4802e-03   2.5112e+02
20191107_06:00:00   4.6909e-02   1.6518e+01   9.9825e-01   0.0000e+00   1.3647e-03   2.5218e+02
20191107_07:00:00   4.8496e-02   1.6952e+01   1.0322e+00   0.0000e+00   4.2802e-04   2.5386e+02
20191107_08:00:00   4.9022e-02   1.7141e+01   1.0320e+00   0.0000e+00   1.4258e-04   2.5276e+02
20191107_09:00:00   5.2026e-02   1.7901e+01   1.1100e+00   0.0000e+00   2.8808e-04   2.5176e+02
20191107_10:00:00   5.8600e-02   1.9535e+01   1.2880e+00   0.0000e+00   2.8884e-03   2.5197e+02
20191107_11:00:00   6.1433e-02   2.0295e+01   1.3515e+00   0.0000e+00   2.6281e-03   2.5358e+02
20191107_12:00:00   6.5880e-02   2.1428e+01   1.4594e+00   0.0000e+00   4.0439e-03   2.5302e+02
20191107_13:00:00   6.4476e-02   2.1104e+01   1.4195e+00   0.0000e+00   9.1260e-03   2.5256e+02
20191107_14:00:00   7.1445e-02   2.2892e+01   1.5913e+00   0.0000e+00   4.8283e-03   2.5157e+02
20191107_15:00:00   9.2589e-02   2.8056e+01   2.1340e+00   0.0000e+00   3.8661e-03   2.5179e+02
20191107_16:00:00   1.1268e-01   3.2782e+01   2.6584e+00   0.0000e+00   4.5769e-03   2.5166e+02
20191107_17:00:00   1.2211e-01   3.4965e+01   2.9035e+00   0.0000e+00   7.2566e-03   2.5106e+02
20191107_18:00:00   1.1973e-01   3.4422e+01   2.8469e+00   0.0000e+00   4.9650e-03   2.5086e+02
20191107_19:00:00   1.1593e-01   3.3511e+01   2.7589e+00   0.0000e+00   6.3736e-03   2.5071e+02
20191107_20:00:00   9.5732e-02   2.8717e+01   2.2444e+00   0.0000e+00   5.5555e-03   2.5042e+02
20191107_21:00:00   7.9229e-02   2.4725e+01   1.8169e+00   0.0000e+00   7.1120e-03   2.4901e+02
20191107_22:00:00   7.8474e-02   2.4539e+01   1.7856e+00   0.0000e+00   1.1851e-02   2.4896e+02
20191107_23:00:00   8.5872e-02   2.6369e+01   1.9689e+00   0.0000e+00   8.1030e-03   2.4926e+02
20191108_00:00:00   6.9180e-02   2.2234e+01   1.5482e+00   0.0000e+00   1.5430e-02   2.4935e+02
20191108_01:00:00   6.0788e-02   2.0127e+01   1.3512e+00   0.0000e+00   1.4130e-02   2.4624e+02
20191108_02:00:00   6.4287e-02   2.1024e+01   1.4427e+00   0.0000e+00   6.9280e-03   2.4762e+02
20191108_03:00:00   7.3757e-02   2.3347e+01   1.6801e+00   0.0000e+00   6.4300e-03   2.4733e+02
20191108_04:00:00   7.6497e-02   2.4006e+01   1.7387e+00   0.0000e+00   1.0746e-03   2.4684e+02
20191108_05:00:00   7.8829e-02   2.4517e+01   1.8142e+00   0.0000e+00   8.6980e-04   2.4773e+02
20191108_06:00:00   8.5730e-02   2.6176e+01   1.9895e+00   0.0000e+00   1.3580e-03   2.4921e+02
20191108_07:00:00   9.5323e-02   2.8514e+01   2.2084e+00   0.0000e+00   8.0290e-03   2.5078e+02
20191108_08:00:00   9.3890e-02   2.8185e+01   2.1636e+00   0.0000e+00   1.0118e-02   2.5084e+02
20191108_09:00:00   8.5125e-02   2.6096e+01   1.9370e+00   0.0000e+00   1.2214e-02   2.5060e+02
20191108_10:00:00   7.8534e-02   2.4526e+01   1.7569e+00   0.0000e+00   1.3586e-02   2.5120e+02
20191108_11:00:00   7.6457e-02   2.4057e+01   1.6948e+00   0.0000e+00   7.1580e-03   2.5283e+02
20191108_12:00:00   7.9917e-02   2.4895e+01   1.7765e+00   0.0000e+00   1.2418e-02   2.5258e+02
20191108_13:00:00   8.0084e-02   2.4992e+01   1.7756e+00   0.0000e+00   6.7534e-03   2.5172e+02
20191108_14:00:00   9.0180e-02   2.7517e+01   2.0168e+00   0.0000e+00   1.2274e-03   2.5209e+02
20191108_15:00:00   1.0173e-01   3.0302e+01   2.3101e+00   0.0000e+00   2.7864e-05   2.5275e+02
20191108_16:00:00   1.0692e-01   3.1546e+01   2.4439e+00   0.0000e+00   0.0000e+00   2.5251e+02
20191108_17:00:00   1.1258e-01   3.2896e+01   2.5707e+00   0.0000e+00   0.0000e+00   2.5194e+02
20191108_18:00:00   1.0497e-01   3.1158e+01   2.3783e+00   0.0000e+00   0.0000e+00   2.5290e+02
20191108_19:00:00   9.1342e-02   2.7910e+01   2.0325e+00   0.0000e+00   0.0000e+00   2.5251e+02
20191108_20:00:00   7.8272e-02   2.4667e+01   1.7231e+00   0.0000e+00   0.0000e+00   2.5178e+02
20191108_21:00:00   8.9488e-02   2.7346e+01   1.9977e+00   0.0000e+00   0.0000e+00   2.5201e+02
20191108_22:00:00   7.2367e-02   2.3114e+01   1.5644e+00   0.0000e+00   0.0000e+00   2.5113e+02
20191108_23:00:00   5.8119e-02   1.9560e+01   1.2023e+00   0.0000e+00   0.0000e+00   2.5180e+02
20191109_00:00:00   5.4542e-02   1.8670e+01   1.1060e+00   0.0000e+00   0.0000e+00   2.5099e+02
20191109_01:00:00   5.3978e-02   1.8533e+01   1.0925e+00   0.0000e+00   5.5740e-05   2.5073e+02
20191109_02:00:00   5.3154e-02   1.8290e+01   1.0869e+00   0.0000e+00   1.0156e-03   2.4918e+02
20191109_03:00:00   4.9821e-02   1.7479e+01   9.9566e-01   0.0000e+00   0.0000e+00   2.4873e+02
20191109_04:00:00   4.7372e-02   1.6849e+01   9.3620e-01   0.0000e+00   0.0000e+00   2.4928e+02
20191109_05:00:00   4.6229e-02   1.6535e+01   9.1051e-01   0.0000e+00   0.0000e+00   2.5184e+02
20191109_06:00:00   4.5531e-02   1.6339e+01   8.9612e-01   0.0000e+00   0.0000e+00   2.5378e+02
20191109_07:00:00   4.5684e-02   1.6361e+01   9.0291e-01   0.0000e+00   0.0000e+00   2.5513e+02
20191109_08:00:00   4.4675e-02   1.6098e+01   8.8024e-01   0.0000e+00   0.0000e+00   2.5636e+02
20191109_09:00:00   4.3191e-02   1.5699e+01   8.4655e-01   0.0000e+00   0.0000e+00   2.5723e+02
20191109_10:00:00   4.2259e-02   1.5445e+01   8.2669e-01   0.0000e+00   0.0000e+00   2.5802e+02
20191109_11:00:00   4.1408e-02   1.5226e+01   8.0563e-01   0.0000e+00   0.0000e+00   2.5903e+02
20191109_12:00:00   4.6872e-02   1.6659e+01   9.4517e-01   0.0000e+00   1.0076e-08   2.5871e+02
20191109_13:00:00   5.3005e-02   1.8258e+01   1.1019e+00   0.0000e+00   1.8578e-05   2.5829e+02
20191109_14:00:00   5.6606e-02   1.9198e+01   1.1947e+00   0.0000e+00   1.8258e-04   2.5825e+02
20191109_15:00:00   6.9861e-02   2.2536e+01   1.5397e+00   0.0000e+00   5.7560e-05   2.5752e+02
20191109_16:00:00   8.6615e-02   2.6620e+01   1.9811e+00   0.0000e+00   0.0000e+00   2.5657e+02
20191109_17:00:00   1.0710e-01   3.1426e+01   2.5191e+00   0.0000e+00   1.2552e-04   2.5597e+02
20191109_18:00:00   1.1541e-01   3.3362e+01   2.7332e+00   0.0000e+00   5.6760e-05   2.5536e+02
20191109_19:00:00   1.2041e-01   3.4492e+01   2.8676e+00   0.0000e+00   4.8500e-05   2.5537e+02
20191109_20:00:00   1.1653e-01   3.3571e+01   2.7696e+00   0.0000e+00   7.8720e-07   2.5506e+02
20191109_21:00:00   1.0945e-01   3.1914e+01   2.5809e+00   0.0000e+00   1.1148e-04   2.5473e+02
20191109_22:00:00   1.0142e-01   3.0062e+01   2.3541e+00   0.0000e+00   1.1148e-04   2.5422e+02
20191109_23:00:00   1.0377e-01   3.0610e+01   2.4432e+00   0.0000e+00   1.4896e-04   2.5364e+02
20191110_00:00:00   1.1728e-01   3.3639e+01   2.8314e+00   0.0000e+00   8.8540e-05   2.5330e+02
20191110_01:00:00   1.2664e-01   3.5756e+01   3.0823e+00   0.0000e+00   1.0254e-04   2.5329e+02
20191110_02:00:00   1.3097e-01   3.6819e+01   3.1590e+00   0.0000e+00   4.8000e-05   2.5420e+02
20191110_03:00:00   1.3329e-01   3.7412e+01   3.1827e+00   0.0000e+00   2.4420e-06   2.5530e+02
20191110_04:00:00   1.3844e-01   3.8592e+01   3.3084e+00   0.0000e+00   8.8792e-04   2.5700e+02
20191110_05:00:00   1.4368e-01   3.9681e+01   3.4554e+00   0.0000e+00   1.9078e-03   2.5564e+02
20191110_06:00:00   1.4381e-01   3.9647e+01   3.4622e+00   0.0000e+00   1.2086e-03   2.5700e+02
20191110_07:00:00   1.3537e-01   3.7769e+01   3.2483e+00   0.0000e+00   2.9645e-03   2.5841e+02
20191110_08:00:00   1.2881e-01   3.6335e+01   3.0784e+00   0.0000e+00   5.0258e-03   2.5859e+02
20191110_09:00:00   1.3177e-01   3.7022e+01   3.1391e+00   0.0000e+00   3.5598e-03   2.5702e+02
20191110_10:00:00   1.3311e-01   3.7378e+01   3.1483e+00   0.0000e+00   2.8482e-03   2.5716e+02
20191110_11:00:00   1.4364e-01   3.9797e+01   3.3904e+00   0.0000e+00   3.2502e-03   2.5808e+02
20191110_12:00:00   1.6228e-01   4.3981e+01   3.8266e+00   0.0000e+00   3.6923e-03   2.5937e+02
20191110_13:00:00   1.7208e-01   4.6233e+01   4.0423e+00   0.0000e+00   2.6598e-03   2.5736e+02
20191110_14:00:00   1.8394e-01   4.8874e+01   4.3201e+00   0.0000e+00   3.1298e-03   2.5659e+02
20191110_15:00:00   1.9318e-01   5.0859e+01   4.5724e+00   0.0000e+00   4.2984e-03   2.5658e+02
20191110_16:00:00   1.9396e-01   5.0891e+01   4.6081e+00   1.1148e-03   1.2743e-02   2.5572e+02
20191110_17:00:00   1.9488e-01   5.1019e+01   4.7168e+00   0.0000e+00   9.6287e-03   2.5524e+02
20191110_18:00:00   2.0322e-01   5.2728e+01   4.9420e+00   0.0000e+00   2.4230e-02   2.5440e+02
20191110_19:00:00   1.5815e-01   4.3055e+01   3.8036e+00   0.0000e+00   3.0675e-02   2.5472e+02
20191110_20:00:00   1.4946e-01   4.0952e+01   3.6204e+00   0.0000e+00   2.8625e-02   2.5436e+02
20191110_21:00:00   1.3976e-01   3.8660e+01   3.3904e+00   0.0000e+00   4.3285e-02   2.5460e+02
20191110_22:00:00   1.2609e-01   3.5569e+01   3.0461e+00   0.0000e+00   6.2375e-03   2.5467e+02
20191110_23:00:00   9.9980e-02   2.9579e+01   2.3722e+00   0.0000e+00   3.0140e-06   2.5458e+02
20191111_00:00:00   1.0956e-01   3.1853e+01   2.6330e+00   0.0000e+00   1.0124e-05   2.5177e+02
20191111_01:00:00   1.2411e-01   3.5175e+01   3.0100e+00   0.0000e+00   0.0000e+00   2.5182e+02
20191111_02:00:00   1.4392e-01   3.9628e+01   3.4826e+00   0.0000e+00   9.6360e-08   2.5146e+02
20191111_03:00:00   1.4608e-01   4.0140e+01   3.5201e+00   0.0000e+00   2.8460e-05   2.5185e+02
20191111_04:00:00   1.6411e-01   4.4106e+01   3.9751e+00   0.0000e+00   3.9621e-04   2.5156e+02
20191111_05:00:00   1.9135e-01   4.9979e+01   4.6311e+00   0.0000e+00   8.4864e-04   2.5125e+02
20191111_06:00:00   2.0891e-01   5.3632e+01   5.0563e+00   0.0000e+00   4.2203e-03   2.4942e+02
20191111_09:00:00   2.2222e-01   5.6301e+01   5.3587e+00   0.0000e+00   1.0297e-01   2.4916e+02
20191111_12:00:00   2.1743e-01   5.5330e+01   5.2925e+00   0.0000e+00   8.0138e-02   2.4859e+02
20191111_15:00:00   2.6590e-01   6.5252e+01   6.0887e+00   6.2900e-03   9.2933e-02   2.4796e+02
20191111_18:00:00   2.2323e-01   5.6715e+01   5.4472e+00   0.0000e+00   6.2736e-03   2.4535e+02
20191111_21:00:00   1.8656e-01   4.8693e+01   4.5851e+00   0.0000e+00   7.5567e-02   2.4641e+02
20191112_00:00:00   1.4994e-01   4.0666e+01   3.6858e+00   0.0000e+00   1.1153e-01   2.4442e+02
20191112_03:00:00   1.3322e-01   3.7002e+01   3.2756e+00   0.0000e+00   4.1034e-02   2.4161e+02
20191112_06:00:00   1.3477e-01   3.7419e+01   3.3085e+00   0.0000e+00   3.5297e-05   2.4378e+02
20191112_09:00:00   1.3006e-01   3.6393e+01   3.1587e+00   0.0000e+00   0.0000e+00   2.4469e+02
20191112_12:00:00   1.2573e-01   3.5297e+01   3.0658e+00   0.0000e+00   2.4787e-03   2.4805e+02
20191112_15:00:00   1.1864e-01   3.3770e+01   2.8683e+00   0.0000e+00   3.1375e-03   2.4768e+02
20191112_18:00:00   1.2639e-01   3.5560e+01   3.0737e+00   0.0000e+00   1.1951e-02   2.4717e+02
20191112_21:00:00   1.2810e-01   3.5866e+01   3.1203e+00   0.0000e+00   3.5138e-02   2.4589e+02
20191113_00:00:00   1.0209e-01   2.9923e+01   2.4330e+00   0.0000e+00   2.9339e-02   2.4715e+02
20191113_03:00:00   8.8368e-02   2.6664e+01   2.0996e+00   0.0000e+00   4.4128e-03   2.4597e+02
20191113_06:00:00   9.0861e-02   2.7051e+01   2.2131e+00   0.0000e+00   1.3452e-02   2.4646e+02
20191113_09:00:00   8.5532e-02   2.5910e+01   2.0131e+00   0.0000e+00   6.2180e-07   2.4897e+02
20191113_12:00:00   7.3256e-02   2.3133e+01   1.6304e+00   0.0000e+00   0.0000e+00   2.5132e+02
20191113_15:00:00   6.2776e-02   2.0575e+01   1.3664e+00   0.0000e+00   7.6381e-06   2.4934e+02
20191113_18:00:00   6.2353e-02   2.0496e+01   1.3401e+00   0.0000e+00   5.5802e-04   2.4886e+02
20191113_21:00:00   7.1874e-02   2.2805e+01   1.5796e+00   0.0000e+00   0.0000e+00   2.4934e+02
20191114_00:00:00   6.5396e-02   2.1057e+01   1.4436e+00   0.0000e+00   5.5373e-04   2.4807e+02
20191114_03:00:00   3.8875e-02   1.4486e+01   7.4257e-01   0.0000e+00   0.0000e+00   2.4951e+02
20191114_06:00:00   3.0607e-02   1.2319e+01   5.2734e-01   0.0000e+00   0.0000e+00   2.5400e+02
20191114_09:00:00   2.6527e-02   1.1235e+01   4.1736e-01   0.0000e+00   1.5056e-06   2.5494e+02
20191114_12:00:00   2.4585e-02   1.0727e+01   3.6176e-01   0.0000e+00   1.5056e-06   2.5510e+02
20191114_15:00:00   3.0855e-02   1.2472e+01   5.2428e-01   0.0000e+00   6.0220e-06   2.5709e+02
20191114_18:00:00   6.0170e-02   2.0053e+01   1.2940e+00   0.0000e+00   0.0000e+00   2.5634e+02
20191114_21:00:00   6.9282e-02   2.2228e+01   1.5430e+00   0.0000e+00   0.0000e+00   2.5457e+02
20191115_00:00:00   6.0607e-02   2.0149e+01   1.3097e+00   0.0000e+00   0.0000e+00   2.5492e+02
20191115_03:00:00   5.8073e-02   1.9552e+01   1.2397e+00   0.0000e+00   0.0000e+00   2.5772e+02
20191115_06:00:00   6.9502e-02   2.2476e+01   1.4971e+00   0.0000e+00   0.0000e+00   2.5953e+02
20191115_09:00:00   6.2846e-02   2.0842e+01   1.3025e+00   0.0000e+00   8.9550e-05   2.5759e+02
20191115_12:00:00   5.6477e-02   1.9225e+01   1.1524e+00   0.0000e+00   5.9100e-05   2.5736e+02
20191115_15:00:00   8.2313e-02   2.5596e+01   1.8605e+00   0.0000e+00   3.8800e-05   2.5859e+02
20191115_18:00:00   1.0301e-01   3.0252e+01   2.4954e+00   0.0000e+00   2.7686e-04   2.5979e+02
20191115_21:00:00   1.1609e-01   3.3307e+01   2.7761e+00   0.0000e+00   8.3540e-08   2.6308e+02
20191116_00:00:00   1.2719e-01   3.5709e+01   3.1076e+00   0.0000e+00   8.0584e-03   2.6251e+02
20191116_03:00:00   1.1771e-01   3.3845e+01   2.7985e+00   0.0000e+00   8.9950e-06   2.6088e+02
20191116_06:00:00   1.1181e-01   3.2438e+01   2.6297e+00   0.0000e+00   7.9590e-05   2.6103e+02
20191116_09:00:00   1.0555e-01   3.0980e+01   2.4523e+00   0.0000e+00   1.0088e-04   2.6376e+02
20191116_12:00:00   1.1135e-01   3.2434e+01   2.5708e+00   0.0000e+00   1.1741e-04   2.6446e+02
20191116_15:00:00   1.2706e-01   3.6047e+01   3.0038e+00   0.0000e+00   3.5510e-05   2.6150e+02
20191116_18:00:00   1.7619e-01   4.6620e+01   4.2661e+00   0.0000e+00   1.0431e-01   2.5820e+02
20191116_21:00:00   2.0415e-01   5.2365e+01   4.9494e+00   0.0000e+00   5.6156e-02   2.6230e+02
20191117_00:00:00   2.7992e-01   6.7809e+01   6.5153e+00   0.0000e+00   2.3554e-01   2.6537e+02
20191117_03:00:00   2.5671e-01   6.3650e+01   6.0330e+00   0.0000e+00   1.2216e-02   2.6332e+02
20191117_06:00:00   2.4497e-01   6.1292e+01   5.6783e+00   0.0000e+00   3.8202e-04   2.6257e+02
20191117_09:00:00   2.1743e-01   5.5774e+01   4.9390e+00   0.0000e+00   4.6736e-05   2.6278e+02
20191117_12:00:00   1.9074e-01   5.0259e+01   4.2994e+00   0.0000e+00   6.0290e-06   2.6513e+02
20191117_15:00:00   2.0198e-01   5.2685e+01   4.4033e+00   4.3940e-03   3.5510e-03   2.6704e+02
20191117_18:00:00   1.1429e-01   3.3268e+01   2.5749e+00   0.0000e+00   0.0000e+00   2.6306e+02
20191117_21:00:00   1.1314e-01   3.2871e+01   2.5386e+00   0.0000e+00   0.0000e+00   2.6348e+02
20191118_00:00:00   8.7472e-02   2.6712e+01   1.9122e+00   0.0000e+00   0.0000e+00   2.6529e+02
20191118_03:00:00   1.0520e-01   3.0924e+01   2.3355e+00   0.0000e+00   0.0000e+00   2.6224e+02
20191118_06:00:00   8.6909e-02   2.6541e+01   1.8933e+00   0.0000e+00   0.0000e+00   2.6324e+02
20191118_09:00:00   7.5867e-02   2.3777e+01   1.6301e+00   0.0000e+00   0.0000e+00   2.6384e+02
20191118_12:00:00   6.5750e-02   2.1314e+01   1.3682e+00   0.0000e+00   0.0000e+00   2.6667e+02
20191118_15:00:00   6.2587e-02   2.0552e+01   1.3008e+00   0.0000e+00   0.0000e+00   2.6611e+02
20191118_18:00:00   6.3277e-02   2.0757e+01   1.3183e+00   0.0000e+00   0.0000e+00   2.6602e+02
20191118_21:00:00   1.1007e-01   3.1914e+01   2.4417e+00   0.0000e+00   0.0000e+00   2.6182e+02
20191119_00:00:00   8.9387e-02   2.7046e+01   1.9599e+00   0.0000e+00   0.0000e+00   2.6157e+02
20191119_03:00:00   6.8936e-02   2.2102e+01   1.4881e+00   0.0000e+00   0.0000e+00   2.6016e+02
20191119_06:00:00   6.4389e-02   2.0992e+01   1.3794e+00   0.0000e+00   0.0000e+00   2.6016e+02
20191119_09:00:00   6.8914e-02   2.2094e+01   1.5000e+00   0.0000e+00   0.0000e+00   2.5983e+02
20191119_12:00:00   7.0351e-02   2.2495e+01   1.5190e+00   0.0000e+00   0.0000e+00   2.6022e+02
20191119_15:00:00   7.5040e-02   2.3720e+01   1.6453e+00   0.0000e+00   0.0000e+00   2.6121e+02
20191119_18:00:00   1.0344e-01   3.0495e+01   2.3907e+00   0.0000e+00   0.0000e+00   2.5933e+02
20191119_21:00:00   1.1196e-01   3.2364e+01   2.6193e+00   0.0000e+00   0.0000e+00   2.5854e+02
20191120_00:00:00   1.1214e-01   3.2391e+01   2.6537e+00   0.0000e+00   0.0000e+00   2.5672e+02
20191120_03:00:00   1.0957e-01   3.1893e+01   2.5639e+00   0.0000e+00   0.0000e+00   2.5701e+02
20191120_06:00:00   1.0393e-01   3.0571e+01   2.4007e+00   0.0000e+00   0.0000e+00   2.5779e+02
20191120_09:00:00   8.7362e-02   2.6656e+01   1.9567e+00   0.0000e+00   0.0000e+00   2.5685e+02
20191120_12:00:00   6.3767e-02   2.0935e+01   1.3561e+00   0.0000e+00   0.0000e+00   2.5687e+02
20191120_15:00:00   6.2793e-02   2.0689e+01   1.3581e+00   0.0000e+00   0.0000e+00   2.5775e+02
20191120_18:00:00   7.0771e-02   2.2611e+01   1.5907e+00   0.0000e+00   0.0000e+00   2.5793e+02
20191120_21:00:00   5.7305e-02   1.9291e+01   1.2291e+00   0.0000e+00   0.0000e+00   2.5492e+02
20191121_00:00:00   5.8998e-02   1.9764e+01   1.2550e+00   0.0000e+00   0.0000e+00   2.5525e+02
20191121_03:00:00   6.0428e-02   2.0065e+01   1.3118e+00   0.0000e+00   0.0000e+00   2.5680e+02
20191121_06:00:00   5.8357e-02   1.9503e+01   1.2510e+00   0.0000e+00   0.0000e+00   2.5600e+02
20191121_09:00:00   4.8424e-02   1.7046e+01   9.7407e-01   0.0000e+00   0.0000e+00   2.5956e+02
20191121_12:00:00   4.9402e-02   1.7306e+01   9.9232e-01   0.0000e+00   0.0000e+00   2.5783e+02
20191121_15:00:00   6.4319e-02   2.1114e+01   1.3835e+00   0.0000e+00   0.0000e+00   2.5723e+02
20191121_18:00:00   1.0376e-01   3.0553e+01   2.4339e+00   0.0000e+00   0.0000e+00   2.5807e+02
20191121_21:00:00   1.0058e-01   2.9723e+01   2.3558e+00   0.0000e+00   0.0000e+00   2.6023e+02
20191122_00:00:00   1.0190e-01   3.0103e+01   2.3834e+00   0.0000e+00   0.0000e+00   2.5823e+02
20191122_03:00:00   1.0437e-01   3.0669e+01   2.4246e+00   0.0000e+00   0.0000e+00   2.5824e+02
20191122_06:00:00   1.5225e-01   4.1708e+01   3.5398e+00   0.0000e+00   0.0000e+00   2.5630e+02
