#            date       tau225        Tb[K]      pwv[mm] lwp[kg*m^-2] iwp[kg*m^-2]       o3[DU]
20191103_06:00:00   1.9790e-01   5.1818e+01   4.6340e+00   0.0000e+00   0.0000e+00   2.5514e+02
20191103_07:00:00   1.8949e-01   5.0013e+01   4.4036e+00   0.0000e+00   0.0000e+00   2.5428e+02
20191103_08:00:00   1.8809e-01   4.9642e+01   4.4000e+00   0.0000e+00   0.0000e+00   2.5484e+02
20191103_09:00:00   1.8788e-01   4.9595e+01   4.3928e+00   0.0000e+00   0.0000e+00   2.5502e+02
20191103_10:00:00   1.9589e-01   5.1327e+01   4.5503e+00   0.0000e+00   0.0000e+00   2.5560e+02
20191103_11:00:00   1.9962e-01   5.2107e+01   4.6367e+00   0.0000e+00   3.9220e-05   2.5589e+02
20191103_12:00:00   1.9458e-01   5.1068e+01   4.5137e+00   0.0000e+00   0.0000e+00   2.5521e+02
20191103_13:00:00   2.0004e-01   5.2267e+01   4.6373e+00   0.0000e+00   1.1890e-04   2.5461e+02
20191103_14:00:00   2.0052e-01   5.2381e+01   4.6512e+00   0.0000e+00   5.9460e-05   2.5421e+02
20191103_15:00:00   2.0303e-01   5.2872e+01   4.7299e+00   0.0000e+00   1.7092e-04   2.5389e+02
20191103_16:00:00   2.0069e-01   5.2400e+01   4.6890e+00   0.0000e+00   0.0000e+00   2.5442e+02
20191103_17:00:00   1.9248e-01   5.0628e+01   4.5126e+00   0.0000e+00   0.0000e+00   2.5474e+02
20191103_18:00:00   1.8051e-01   4.7968e+01   4.2426e+00   0.0000e+00   1.3973e-04   2.5548e+02
20191103_19:00:00   1.8026e-01   4.7821e+01   4.2301e+00   0.0000e+00   4.0180e-04   2.5513e+02
20191103_20:00:00   1.9687e-01   5.1389e+01   4.6005e+00   0.0000e+00   2.8538e-03   2.5425e+02
20191103_21:00:00   2.0448e-01   5.3044e+01   4.7230e+00   0.0000e+00   5.9930e-03   2.5403e+02
20191103_22:00:00   2.0567e-01   5.3309e+01   4.6749e+00   0.0000e+00   1.7410e-03   2.5446e+02
20191103_23:00:00   2.0708e-01   5.3553e+01   4.6860e+00   0.0000e+00   7.4362e-04   2.5484e+02
20191104_00:00:00   2.0814e-01   5.3759e+01   4.6833e+00   0.0000e+00   5.7375e-05   2.5339e+02
20191104_01:00:00   2.0656e-01   5.3473e+01   4.6323e+00   0.0000e+00   3.7924e-05   2.5195e+02
20191104_02:00:00   2.0795e-01   5.3796e+01   4.6481e+00   0.0000e+00   2.7526e-06   2.5162e+02
20191104_03:00:00   1.8840e-01   4.9641e+01   4.2105e+00   0.0000e+00   0.0000e+00   2.5196e+02
20191104_04:00:00   1.7564e-01   4.6856e+01   3.9243e+00   0.0000e+00   0.0000e+00   2.5309e+02
20191104_05:00:00   1.6491e-01   4.4448e+01   3.6674e+00   0.0000e+00   9.2590e-06   2.5444e+02
20191104_06:00:00   1.6560e-01   4.4563e+01   3.6504e+00   0.0000e+00   1.6623e-04   2.5586e+02
20191104_07:00:00   1.5912e-01   4.3113e+01   3.4750e+00   0.0000e+00   2.1278e-04   2.5599e+02
20191104_08:00:00   1.4703e-01   4.0436e+01   3.1719e+00   0.0000e+00   4.4580e-05   2.5608e+02
20191104_09:00:00   1.3420e-01   3.7529e+01   2.8876e+00   0.0000e+00   1.3737e-05   2.5539e+02
20191104_10:00:00   1.2079e-01   3.4454e+01   2.5908e+00   0.0000e+00   1.6088e-05   2.5556e+02
20191104_11:00:00   1.1169e-01   3.2349e+01   2.3857e+00   0.0000e+00   5.7618e-05   2.5631e+02
20191104_12:00:00   9.6652e-02   2.8834e+01   2.0562e+00   0.0000e+00   2.1880e-06   2.5652e+02
20191104_13:00:00   8.1924e-02   2.5333e+01   1.7327e+00   0.0000e+00   5.0192e-07   2.5698e+02
20191104_14:00:00   8.7356e-02   2.6642e+01   1.8655e+00   0.0000e+00   4.6260e-07   2.5716e+02
20191104_15:00:00   8.5459e-02   2.6186e+01   1.8349e+00   0.0000e+00   5.6500e-05   2.5735e+02
20191104_16:00:00   9.4609e-02   2.8399e+01   2.0524e+00   0.0000e+00   2.2905e-03   2.5804e+02
20191104_17:00:00   1.1989e-01   3.4379e+01   2.6331e+00   0.0000e+00   3.2290e-03   2.5837e+02
20191104_18:00:00   1.4257e-01   3.9569e+01   3.1658e+00   0.0000e+00   3.0381e-03   2.5790e+02
20191104_19:00:00   1.4997e-01   4.1232e+01   3.3469e+00   0.0000e+00   3.0735e-03   2.5797e+02
20191104_20:00:00   1.4902e-01   4.1027e+01   3.3128e+00   3.5260e-06   1.1602e-03   2.5854e+02
20191104_21:00:00   1.4369e-01   3.9803e+01   3.1976e+00   1.1084e-05   8.3723e-05   2.5861e+02
20191104_22:00:00   1.4210e-01   3.9410e+01   3.1233e+00   5.4557e-04   3.3404e-03   2.5788e+02
20191104_23:00:00   1.1761e-01   3.3788e+01   2.5739e+00   0.0000e+00   5.8868e-04   2.5794e+02
20191105_00:00:00   9.1249e-02   2.7558e+01   1.9734e+00   0.0000e+00   3.2245e-04   2.5704e+02
20191105_01:00:00   7.2813e-02   2.3096e+01   1.5491e+00   0.0000e+00   1.8680e-04   2.5722e+02
20191105_02:00:00   6.3962e-02   2.0897e+01   1.3488e+00   0.0000e+00   2.9239e-03   2.5693e+02
20191105_03:00:00   5.5946e-02   1.8881e+01   1.1773e+00   0.0000e+00   1.1908e-03   2.5714e+02
20191105_04:00:00   5.2510e-02   1.8017e+01   1.0938e+00   0.0000e+00   1.0219e-04   2.5767e+02
20191105_05:00:00   5.0657e-02   1.7526e+01   1.0511e+00   0.0000e+00   1.0513e-04   2.5884e+02
20191105_06:00:00   4.6586e-02   1.6481e+01   9.4485e-01   0.0000e+00   1.5562e-05   2.5836e+02
20191105_07:00:00   4.2575e-02   1.5416e+01   8.4898e-01   0.0000e+00   8.6980e-04   2.5695e+02
20191105_08:00:00   3.8726e-02   1.4403e+01   7.5380e-01   0.0000e+00   1.2097e-03   2.5701e+02
20191105_09:00:00   3.3939e-02   1.3126e+01   6.3592e-01   0.0000e+00   6.1325e-04   2.5772e+02
20191105_10:00:00   2.9761e-02   1.2001e+01   5.3088e-01   0.0000e+00   6.4052e-04   2.5833e+02
20191105_11:00:00   2.8051e-02   1.1564e+01   4.7975e-01   0.0000e+00   3.4220e-07   2.5980e+02
20191105_12:00:00   3.0504e-02   1.2220e+01   5.4535e-01   0.0000e+00   3.2459e-05   2.5964e+02
20191105_13:00:00   3.1643e-02   1.2553e+01   5.6948e-01   0.0000e+00   1.0076e-08   2.5829e+02
20191105_14:00:00   3.4609e-02   1.3356e+01   6.4607e-01   0.0000e+00   0.0000e+00   2.5724e+02
20191105_15:00:00   4.3969e-02   1.5833e+01   8.8653e-01   0.0000e+00   0.0000e+00   2.5526e+02
20191105_16:00:00   5.2165e-02   1.7981e+01   1.0906e+00   0.0000e+00   3.7520e-05   2.5423e+02
20191105_17:00:00   6.2634e-02   2.0640e+01   1.3486e+00   0.0000e+00   5.5980e-05   2.5449e+02
20191105_18:00:00   7.2755e-02   2.3189e+01   1.5897e+00   0.0000e+00   5.3222e-04   2.5532e+02
20191105_19:00:00   7.7735e-02   2.4389e+01   1.7155e+00   0.0000e+00   6.4620e-03   2.5584e+02
20191105_20:00:00   7.8887e-02   2.4657e+01   1.7454e+00   0.0000e+00   6.2658e-03   2.5629e+02
20191105_21:00:00   8.0519e-02   2.5045e+01   1.7853e+00   0.0000e+00   4.6485e-03   2.5689e+02
20191105_22:00:00   8.5095e-02   2.6168e+01   1.8816e+00   0.0000e+00   4.0868e-03   2.5802e+02
20191105_23:00:00   7.7851e-02   2.4437e+01   1.6841e+00   0.0000e+00   1.0954e-03   2.5922e+02
20191106_00:00:00   6.0188e-02   2.0054e+01   1.2555e+00   0.0000e+00   1.9158e-03   2.5785e+02
20191106_01:00:00   4.7433e-02   1.6802e+01   9.4980e-01   0.0000e+00   3.3380e-03   2.5561e+02
20191106_02:00:00   3.4850e-02   1.3506e+01   6.3989e-01   0.0000e+00   6.5480e-03   2.5550e+02
20191106_03:00:00   2.9875e-02   1.2139e+01   5.1775e-01   0.0000e+00   1.1234e-02   2.5817e+02
20191106_04:00:00   2.7972e-02   1.1615e+01   4.7143e-01   0.0000e+00   7.0616e-03   2.5745e+02
20191106_05:00:00   2.9148e-02   1.1911e+01   5.0224e-01   0.0000e+00   1.3858e-02   2.5683e+02
20191106_06:00:00   3.0366e-02   1.2240e+01   5.3623e-01   0.0000e+00   7.9998e-03   2.5664e+02
20191106_07:00:00   3.1659e-02   1.2581e+01   5.7094e-01   0.0000e+00   4.9357e-03   2.5785e+02
20191106_08:00:00   3.0482e-02   1.2271e+01   5.3878e-01   0.0000e+00   3.1459e-03   2.5991e+02
20191106_09:00:00   3.0083e-02   1.2145e+01   5.3365e-01   0.0000e+00   1.4404e-03   2.5992e+02
20191106_10:00:00   2.9451e-02   1.1972e+01   5.1943e-01   0.0000e+00   1.0323e-04   2.5939e+02
20191106_11:00:00   2.7620e-02   1.1491e+01   4.6780e-01   0.0000e+00   1.4912e-04   2.5884e+02
20191106_12:00:00   2.9377e-02   1.1934e+01   5.1917e-01   0.0000e+00   5.0284e-03   2.5736e+02
20191106_13:00:00   3.3089e-02   1.2917e+01   6.2195e-01   0.0000e+00   4.9989e-03   2.5655e+02
20191106_14:00:00   3.5467e-02   1.3563e+01   6.8217e-01   0.0000e+00   6.3341e-03   2.5768e+02
20191106_15:00:00   4.1697e-02   1.5211e+01   8.4536e-01   0.0000e+00   5.6937e-03   2.5718e+02
20191106_16:00:00   4.4468e-02   1.5952e+01   9.1255e-01   0.0000e+00   9.6946e-03   2.5648e+02
20191106_17:00:00   4.7639e-02   1.6744e+01   9.9842e-01   0.0000e+00   1.9950e-02   2.5633e+02
20191106_18:00:00   4.9407e-02   1.7181e+01   1.0497e+00   0.0000e+00   1.8677e-02   2.5654e+02
20191106_19:00:00   4.9862e-02   1.7275e+01   1.0609e+00   0.0000e+00   2.8541e-02   2.5614e+02
20191106_20:00:00   5.0207e-02   1.7335e+01   1.0838e+00   0.0000e+00   1.5918e-02   2.5663e+02
20191106_21:00:00   5.9849e-02   1.9755e+01   1.3330e+00   0.0000e+00   2.3684e-02   2.5685e+02
20191106_22:00:00   6.6528e-02   2.1437e+01   1.5046e+00   0.0000e+00   1.4150e-02   2.5689e+02
20191106_23:00:00   5.6828e-02   1.9030e+01   1.2495e+00   0.0000e+00   1.8946e-02   2.5519e+02
20191107_00:00:00   4.9073e-02   1.7096e+01   1.0443e+00   0.0000e+00   9.7711e-03   2.5363e+02
20191107_01:00:00   4.0296e-02   1.4798e+01   8.2303e-01   0.0000e+00   1.3355e-02   2.5330e+02
20191107_02:00:00   3.5417e-02   1.3494e+01   6.9520e-01   0.0000e+00   1.9955e-02   2.5361e+02
20191107_03:00:00   3.2456e-02   1.2706e+01   6.1385e-01   0.0000e+00   2.0402e-02   2.5291e+02
20191107_04:00:00   3.3040e-02   1.2870e+01   6.3299e-01   0.0000e+00   8.9625e-03   2.5153e+02
20191107_05:00:00   3.9369e-02   1.4560e+01   8.0016e-01   0.0000e+00   2.4272e-03   2.5245e+02
20191107_06:00:00   6.4326e-02   2.1002e+01   1.4319e+00   0.0000e+00   5.1020e-03   2.5332e+02
20191107_07:00:00   7.7871e-02   2.4391e+01   1.7571e+00   0.0000e+00   4.1834e-03   2.5529e+02
20191107_08:00:00   7.8256e-02   2.4508e+01   1.7619e+00   0.0000e+00   3.6041e-03   2.5609e+02
20191107_09:00:00   7.8123e-02   2.4448e+01   1.7667e+00   0.0000e+00   1.5340e-02   2.5467e+02
20191107_10:00:00   8.3941e-02   2.5908e+01   1.9061e+00   0.0000e+00   9.0804e-03   2.5438e+02
20191107_11:00:00   8.7854e-02   2.6900e+01   1.9860e+00   0.0000e+00   1.4552e-02   2.5386e+02
20191107_12:00:00   9.1302e-02   2.7762e+01   2.0637e+00   0.0000e+00   1.2014e-02   2.5424e+02
20191107_13:00:00   9.9471e-02   2.9785e+01   2.2564e+00   0.0000e+00   7.5882e-03   2.5219e+02
20191107_14:00:00   1.1992e-01   3.4701e+01   2.7339e+00   0.0000e+00   5.4297e-03   2.5187e+02
20191107_15:00:00   1.4851e-01   4.1184e+01   3.4678e+00   0.0000e+00   3.5820e-03   2.5211e+02
20191107_16:00:00   1.4990e-01   4.1469e+01   3.5376e+00   0.0000e+00   8.2900e-04   2.5283e+02
20191107_17:00:00   1.3753e-01   3.8691e+01   3.2380e+00   0.0000e+00   6.4232e-04   2.5226e+02
20191107_18:00:00   1.3455e-01   3.7933e+01   3.2006e+00   0.0000e+00   4.1149e-03   2.5120e+02
20191107_19:00:00   1.3157e-01   3.7208e+01   3.1288e+00   0.0000e+00   5.7389e-03   2.5045e+02
20191107_20:00:00   1.0593e-01   3.1245e+01   2.4669e+00   0.0000e+00   1.3890e-02   2.4974e+02
20191107_21:00:00   8.4945e-02   2.6114e+01   1.9428e+00   0.0000e+00   3.3853e-02   2.4869e+02
20191107_22:00:00   7.2018e-02   2.2881e+01   1.6275e+00   0.0000e+00   4.5688e-02   2.4850e+02
20191107_23:00:00   5.9725e-02   1.9776e+01   1.3313e+00   0.0000e+00   3.5142e-02   2.4843e+02
20191108_00:00:00   5.0553e-02   1.7428e+01   1.1050e+00   0.0000e+00   1.5437e-02   2.4786e+02
20191108_01:00:00   4.3421e-02   1.5573e+01   9.3284e-01   0.0000e+00   7.4093e-03   2.4734e+02
20191108_02:00:00   4.8835e-02   1.6898e+01   1.0942e+00   0.0000e+00   2.6532e-03   2.4683e+02
20191108_03:00:00   4.5095e-02   1.6034e+01   9.7433e-01   0.0000e+00   4.4114e-05   2.4763e+02
20191108_04:00:00   4.5977e-02   1.6268e+01   9.9557e-01   0.0000e+00   1.4563e-06   2.4832e+02
20191108_05:00:00   5.2325e-02   1.7901e+01   1.1614e+00   0.0000e+00   3.0228e-08   2.4996e+02
20191108_06:00:00   5.9807e-02   1.9781e+01   1.3583e+00   0.0000e+00   5.8520e-05   2.5036e+02
20191108_09:00:00   8.2020e-02   2.5208e+01   1.9353e+00   0.0000e+00   7.8095e-03   2.5005e+02
20191108_12:00:00   1.0426e-01   3.0649e+01   2.4661e+00   0.0000e+00   2.3823e-03   2.5231e+02
20191108_15:00:00   1.4952e-01   4.1190e+01   3.5896e+00   0.0000e+00   6.3385e-03   2.4748e+02
20191108_18:00:00   1.6114e-01   4.3642e+01   3.9446e+00   0.0000e+00   2.3482e-02   2.4705e+02
20191108_21:00:00   1.2729e-01   3.5804e+01   3.0923e+00   0.0000e+00   8.9655e-02   2.4740e+02
20191109_00:00:00   1.0886e-01   3.1453e+01   2.6765e+00   0.0000e+00   2.4396e-02   2.4754e+02
20191109_03:00:00   1.1032e-01   3.2099e+01   2.6194e+00   0.0000e+00   9.1360e-04   2.4701e+02
20191109_06:00:00   1.6201e-01   4.4159e+01   3.7663e+00   0.0000e+00   9.5640e-05   2.4789e+02
20191109_09:00:00   1.5125e-01   4.1904e+01   3.4439e+00   0.0000e+00   0.0000e+00   2.5245e+02
20191109_12:00:00   1.4918e-01   4.1428e+01   3.3992e+00   0.0000e+00   2.4438e-03   2.5665e+02
20191109_15:00:00   1.8448e-01   4.9296e+01   4.2989e+00   0.0000e+00   4.0522e-03   2.5296e+02
20191109_18:00:00   2.1559e-01   5.5676e+01   5.1559e+00   0.0000e+00   4.1387e-02   2.5133e+02
20191109_21:00:00   1.9738e-01   5.1546e+01   4.7960e+00   0.0000e+00   1.7569e-02   2.4960e+02
20191110_00:00:00   1.3491e-01   3.7892e+01   3.2252e+00   0.0000e+00   1.5649e-02   2.5121e+02
20191110_03:00:00   1.4684e-01   4.0570e+01   3.5178e+00   0.0000e+00   7.8640e-03   2.4985e+02
20191110_06:00:00   1.6169e-01   4.3803e+01   3.8794e+00   0.0000e+00   1.4140e-03   2.5043e+02
20191110_09:00:00   1.6557e-01   4.4586e+01   3.9857e+00   0.0000e+00   5.1101e-03   2.5430e+02
20191110_12:00:00   1.9230e-01   5.0252e+01   4.6566e+00   0.0000e+00   5.5178e-03   2.5512e+02
20191110_15:00:00   2.1047e-01   5.4267e+01   5.0618e+00   0.0000e+00   9.9500e-03   2.5177e+02
20191110_18:00:00   2.1084e-01   5.4267e+01   5.1435e+00   0.0000e+00   1.9513e-02   2.5045e+02
20191110_21:00:00   1.8606e-01   4.9010e+01   4.5210e+00   0.0000e+00   1.7261e-02   2.5112e+02
20191111_00:00:00   1.4598e-01   4.0212e+01   3.5429e+00   0.0000e+00   1.3966e-03   2.5040e+02
20191111_03:00:00   1.1981e-01   3.4265e+01   2.8792e+00   0.0000e+00   2.6340e-03   2.4860e+02
20191111_06:00:00   1.0807e-01   3.1455e+01   2.5694e+00   0.0000e+00   1.8541e-03   2.4826e+02
20191111_09:00:00   9.2533e-02   2.7810e+01   2.1566e+00   0.0000e+00   3.9839e-04   2.4811e+02
20191111_12:00:00   8.8194e-02   2.6773e+01   2.0347e+00   0.0000e+00   4.5839e-03   2.4945e+02
20191111_15:00:00   8.6707e-02   2.6453e+01   1.9909e+00   0.0000e+00   1.2767e-02   2.4653e+02
20191111_18:00:00   9.0552e-02   2.7426e+01   2.0730e+00   0.0000e+00   9.5300e-03   2.4651e+02
20191111_21:00:00   1.1696e-01   3.3649e+01   2.7026e+00   0.0000e+00   4.9898e-03   2.4660e+02
20191112_00:00:00   7.0505e-02   2.2438e+01   1.5737e+00   0.0000e+00   1.3219e-03   2.4777e+02
20191112_03:00:00   6.8208e-02   2.1905e+01   1.5108e+00   0.0000e+00   1.9052e-03   2.4612e+02
20191112_06:00:00   5.7751e-02   1.9239e+01   1.2530e+00   0.0000e+00   4.6644e-03   2.4500e+02
20191112_09:00:00   5.4448e-02   1.8387e+01   1.1731e+00   0.0000e+00   1.7823e-04   2.4570e+02
20191112_12:00:00   4.7892e-02   1.6748e+01   9.8879e-01   0.0000e+00   1.6708e-03   2.4874e+02
20191112_15:00:00   5.3237e-02   1.8113e+01   1.1295e+00   0.0000e+00   3.2123e-04   2.4730e+02
20191112_18:00:00   5.8019e-02   1.9413e+01   1.2298e+00   0.0000e+00   4.5696e-06   2.4861e+02
20191112_21:00:00   1.1543e-01   3.3157e+01   2.6144e+00   0.0000e+00   3.3785e-03   2.4626e+02
20191113_00:00:00   7.8652e-02   2.4446e+01   1.6912e+00   0.0000e+00   1.0648e-03   2.4981e+02
20191113_03:00:00   4.6245e-02   1.6450e+01   9.1541e-01   0.0000e+00   2.6695e-03   2.4916e+02
20191113_06:00:00   3.3289e-02   1.2983e+01   6.1448e-01   0.0000e+00   1.4824e-03   2.5103e+02
20191113_09:00:00   2.6606e-02   1.1203e+01   4.3980e-01   0.0000e+00   0.0000e+00   2.5023e+02
20191113_12:00:00   2.5467e-02   1.0949e+01   3.9541e-01   0.0000e+00   0.0000e+00   2.5156e+02
20191113_15:00:00   3.1806e-02   1.2687e+01   5.5488e-01   0.0000e+00   0.0000e+00   2.5191e+02
20191113_18:00:00   3.8638e-02   1.4528e+01   7.2810e-01   0.0000e+00   0.0000e+00   2.4876e+02
20191113_21:00:00   4.0142e-02   1.4924e+01   7.6481e-01   0.0000e+00   0.0000e+00   2.5050e+02
20191114_00:00:00   4.1984e-02   1.5466e+01   7.9976e-01   0.0000e+00   0.0000e+00   2.5062e+02
20191114_03:00:00   3.0255e-02   1.2343e+01   5.1000e-01   0.0000e+00   0.0000e+00   2.5122e+02
20191114_06:00:00   2.8114e-02   1.1741e+01   4.5572e-01   0.0000e+00   0.0000e+00   2.5039e+02
20191114_09:00:00   3.0680e-02   1.2426e+01   5.2003e-01   0.0000e+00   0.0000e+00   2.5292e+02
20191114_12:00:00   3.1432e-02   1.2631e+01   5.3858e-01   0.0000e+00   0.0000e+00   2.5292e+02
20191114_15:00:00   4.5870e-02   1.6433e+01   9.2017e-01   0.0000e+00   0.0000e+00   2.5212e+02
20191114_18:00:00   5.6145e-02   1.9046e+01   1.1997e+00   0.0000e+00   0.0000e+00   2.5057e+02
20191114_21:00:00   6.2258e-02   2.0521e+01   1.3680e+00   0.0000e+00   0.0000e+00   2.5109e+02
20191115_00:00:00   6.2311e-02   2.0569e+01   1.3749e+00   0.0000e+00   0.0000e+00   2.4957e+02
20191115_03:00:00   6.0259e-02   2.0024e+01   1.3394e+00   0.0000e+00   0.0000e+00   2.4971e+02
20191115_06:00:00   6.4979e-02   2.1160e+01   1.4535e+00   0.0000e+00   8.5880e-06   2.5011e+02
20191115_09:00:00   6.0085e-02   1.9958e+01   1.3211e+00   0.0000e+00   0.0000e+00   2.5243e+02
20191115_12:00:00   5.9844e-02   1.9883e+01   1.3171e+00   0.0000e+00   0.0000e+00   2.5175e+02
20191115_15:00:00   8.5138e-02   2.6244e+01   1.9498e+00   0.0000e+00   0.0000e+00   2.4839e+02
20191115_18:00:00   1.4845e-01   4.0855e+01   3.5823e+00   0.0000e+00   8.3238e-04   2.4972e+02
20191115_21:00:00   1.2433e-01   3.5277e+01   2.9772e+00   0.0000e+00   1.9244e-05   2.5076e+02
20191116_00:00:00   9.7291e-02   2.8924e+01   2.2961e+00   0.0000e+00   1.2476e-03   2.5407e+02
20191116_03:00:00   9.9760e-02   2.9386e+01   2.4023e+00   0.0000e+00   3.0340e-05   2.5335e+02
20191116_06:00:00   1.0861e-01   3.1408e+01   2.6106e+00   0.0000e+00   0.0000e+00   2.5409e+02
20191116_09:00:00   8.7891e-02   2.6534e+01   2.0697e+00   0.0000e+00   0.0000e+00   2.5443e+02
20191116_12:00:00   6.4599e-02   2.0931e+01   1.4552e+00   0.0000e+00   0.0000e+00   2.5485e+02
20191116_15:00:00   6.9423e-02   2.2128e+01   1.5876e+00   0.0000e+00   0.0000e+00   2.5399e+02
20191116_18:00:00   8.0811e-02   2.4882e+01   1.8904e+00   0.0000e+00   3.1520e-04   2.5532e+02
20191116_21:00:00   9.0714e-02   2.7153e+01   2.1638e+00   0.0000e+00   2.8121e-03   2.5617e+02
20191117_00:00:00   8.6629e-02   2.6052e+01   2.0634e+00   1.2820e-04   1.9157e-02   2.5679e+02
20191117_03:00:00   6.3690e-02   2.0514e+01   1.4598e+00   0.0000e+00   3.3554e-02   2.5766e+02
20191117_06:00:00   6.0060e-02   1.9617e+01   1.3784e+00   0.0000e+00   2.0498e-03   2.5530e+02
20191117_09:00:00   5.0948e-02   1.7601e+01   1.0585e+00   0.0000e+00   0.0000e+00   2.5434e+02
20191117_12:00:00   6.5458e-02   2.1288e+01   1.4093e+00   0.0000e+00   0.0000e+00   2.5706e+02
20191117_15:00:00   7.7047e-02   2.4181e+01   1.7137e+00   0.0000e+00   0.0000e+00   2.5390e+02
20191117_18:00:00   9.6562e-02   2.8867e+01   2.2159e+00   0.0000e+00   0.0000e+00   2.5418e+02
20191117_21:00:00   8.2555e-02   2.5483e+01   1.8445e+00   0.0000e+00   0.0000e+00   2.5485e+02
20191118_00:00:00   9.8445e-02   2.9223e+01   2.2592e+00   0.0000e+00   0.0000e+00   2.5465e+02
20191118_03:00:00   1.2368e-01   3.4971e+01   2.9246e+00   0.0000e+00   0.0000e+00   2.5557e+02
20191118_06:00:00   1.1033e-01   3.1799e+01   2.5987e+00   0.0000e+00   0.0000e+00   2.5379e+02
20191118_09:00:00   9.2169e-02   2.7550e+01   2.1261e+00   0.0000e+00   0.0000e+00   2.5165e+02
20191118_12:00:00   6.9107e-02   2.2081e+01   1.5074e+00   0.0000e+00   0.0000e+00   2.5248e+02
20191118_15:00:00   6.0367e-02   1.9962e+01   1.2840e+00   0.0000e+00   0.0000e+00   2.5174e+02
20191118_18:00:00   6.3940e-02   2.0861e+01   1.3825e+00   0.0000e+00   0.0000e+00   2.5323e+02
20191118_21:00:00   9.2563e-02   2.7762e+01   2.0739e+00   0.0000e+00   0.0000e+00   2.5422e+02
20191119_00:00:00   8.4195e-02   2.5777e+01   1.8196e+00   0.0000e+00   0.0000e+00   2.5072e+02
20191119_03:00:00   5.3105e-02   1.8153e+01   1.0894e+00   0.0000e+00   0.0000e+00   2.5160e+02
20191119_06:00:00   4.1824e-02   1.5230e+01   8.1656e-01   0.0000e+00   0.0000e+00   2.5282e+02
