#            date       tau225        Tb[K]      pwv[mm] lwp[kg*m^-2] iwp[kg*m^-2]       o3[DU]
20191030_00:00:00   2.2622e-01   5.8308e+01   4.5865e+00   6.9960e-03   0.0000e+00   2.5651e+02
20191030_01:00:00   2.4637e-01   6.2593e+01   4.8419e+00   1.0045e-02   0.0000e+00   2.5382e+02
20191030_02:00:00   1.9739e-01   5.2011e+01   4.3610e+00   0.0000e+00   0.0000e+00   2.5351e+02
20191030_03:00:00   1.9457e-01   5.1405e+01   4.2766e+00   0.0000e+00   0.0000e+00   2.5470e+02
20191030_04:00:00   1.9117e-01   5.0706e+01   4.1692e+00   0.0000e+00   0.0000e+00   2.5521e+02
20191030_05:00:00   1.9957e-01   5.2493e+01   4.3646e+00   0.0000e+00   0.0000e+00   2.5574e+02
20191030_06:00:00   2.2308e-01   5.7407e+01   4.9102e+00   0.0000e+00   0.0000e+00   2.5716e+02
20191030_07:00:00   2.3155e-01   5.9128e+01   5.1156e+00   0.0000e+00   0.0000e+00   2.5727e+02
20191030_08:00:00   2.4258e-01   6.1324e+01   5.3752e+00   0.0000e+00   0.0000e+00   2.5691e+02
20191030_09:00:00   2.5741e-01   6.4344e+01   5.6821e+00   7.6890e-06   0.0000e+00   2.5640e+02
20191030_10:00:00   2.7227e-01   6.7428e+01   5.9584e+00   3.9810e-05   0.0000e+00   2.5669e+02
20191030_11:00:00   2.8706e-01   7.0385e+01   6.2218e+00   2.2150e-05   0.0000e+00   2.5606e+02
20191030_12:00:00   2.6550e-01   6.6272e+01   5.6400e+00   4.4914e-04   0.0000e+00   2.5582e+02
20191030_13:00:00   2.4005e-01   6.1151e+01   5.0799e+00   1.2090e-05   8.0860e-06   2.5690e+02
20191030_14:00:00   2.1760e-01   5.6547e+01   4.5687e+00   0.0000e+00   1.2635e-06   2.5709e+02
20191030_15:00:00   1.9563e-01   5.1943e+01   4.0573e+00   0.0000e+00   0.0000e+00   2.5753e+02
20191030_16:00:00   1.7525e-01   4.7521e+01   3.6312e+00   0.0000e+00   0.0000e+00   2.5762e+02
20191030_17:00:00   1.6122e-01   4.4424e+01   3.3194e+00   0.0000e+00   0.0000e+00   2.5698e+02
20191030_18:00:00   1.4727e-01   4.1271e+01   3.0175e+00   0.0000e+00   0.0000e+00   2.5762e+02
20191030_19:00:00   1.5538e-01   4.2966e+01   3.2539e+00   0.0000e+00   0.0000e+00   2.5883e+02
20191030_20:00:00   1.6161e-01   4.4268e+01   3.4445e+00   0.0000e+00   0.0000e+00   2.5915e+02
20191030_21:00:00   1.8222e-01   4.8757e+01   3.9441e+00   0.0000e+00   0.0000e+00   2.5979e+02
20191030_22:00:00   1.9448e-01   5.1432e+01   4.2157e+00   0.0000e+00   0.0000e+00   2.6069e+02
20191030_23:00:00   1.7819e-01   4.8003e+01   3.8140e+00   0.0000e+00   0.0000e+00   2.6130e+02
20191031_00:00:00   1.8409e-01   4.9289e+01   3.8017e+00   3.4057e-03   2.4260e-22   2.6168e+02
20191031_01:00:00   1.6263e-01   4.4543e+01   3.4985e+00   0.0000e+00   0.0000e+00   2.6127e+02
20191031_02:00:00   1.4928e-01   4.1453e+01   3.2292e+00   7.3460e-05   0.0000e+00   2.5958e+02
20191031_03:00:00   1.2957e-01   3.7043e+01   2.5829e+00   3.0630e-03   0.0000e+00   2.5747e+02
20191031_04:00:00   1.0400e-01   3.0965e+01   2.1618e+00   1.5770e-04   0.0000e+00   2.5646e+02
20191031_05:00:00   9.2041e-02   2.8043e+01   1.9067e+00   0.0000e+00   0.0000e+00   2.5675e+02
20191031_06:00:00   9.7007e-02   2.9165e+01   2.0513e+00   0.0000e+00   0.0000e+00   2.5789e+02
20191031_07:00:00   9.3555e-02   2.8293e+01   1.9779e+00   2.3280e-04   0.0000e+00   2.5944e+02
20191031_08:00:00   1.0410e-01   3.0764e+01   2.2724e+00   0.0000e+00   0.0000e+00   2.6007e+02
20191031_09:00:00   1.1310e-01   3.2986e+01   2.4631e+00   0.0000e+00   2.0943e-04   2.6038e+02
20191031_10:00:00   1.2876e-01   3.6766e+01   2.7888e+00   0.0000e+00   1.1669e-03   2.5974e+02
20191031_11:00:00   1.3057e-01   3.7191e+01   2.8316e+00   0.0000e+00   2.8355e-03   2.5896e+02
20191031_12:00:00   1.0388e-01   3.0878e+01   2.2133e+00   0.0000e+00   4.0761e-03   2.5796e+02
20191031_13:00:00   7.9307e-02   2.4859e+01   1.6419e+00   0.0000e+00   2.3222e-03   2.5857e+02
20191031_14:00:00   6.4616e-02   2.1180e+01   1.2964e+00   0.0000e+00   3.1725e-03   2.5828e+02
20191031_15:00:00   6.2107e-02   2.0511e+01   1.2408e+00   0.0000e+00   1.3186e-02   2.5804e+02
20191031_16:00:00   6.2671e-02   2.0658e+01   1.2615e+00   0.0000e+00   2.6608e-03   2.5924e+02
20191031_17:00:00   6.5894e-02   2.1459e+01   1.3421e+00   0.0000e+00   3.1618e-03   2.5980e+02
20191031_18:00:00   7.4680e-02   2.3645e+01   1.5491e+00   0.0000e+00   1.7676e-02   2.5947e+02
20191031_19:00:00   9.3764e-02   2.8293e+01   1.9915e+00   0.0000e+00   4.3612e-02   2.5877e+02
20191031_20:00:00   1.0546e-01   3.1079e+01   2.2618e+00   0.0000e+00   6.0877e-02   2.5904e+02
20191031_21:00:00   1.2113e-01   3.4736e+01   2.6382e+00   0.0000e+00   5.5941e-02   2.5919e+02
20191031_22:00:00   1.2730e-01   3.6189e+01   2.7741e+00   0.0000e+00   4.5032e-02   2.5897e+02
20191031_23:00:00   1.2897e-01   3.6704e+01   2.7596e+00   0.0000e+00   1.5370e-02   2.5697e+02
20191101_00:00:00   1.1888e-01   3.4284e+01   2.5480e+00   0.0000e+00   4.4866e-02   2.5657e+02
20191101_01:00:00   1.3294e-01   3.7554e+01   2.8709e+00   0.0000e+00   4.4402e-02   2.5645e+02
20191101_02:00:00   1.3453e-01   3.7943e+01   2.9077e+00   0.0000e+00   4.6093e-02   2.5698e+02
20191101_03:00:00   1.3732e-01   3.8622e+01   2.9564e+00   0.0000e+00   3.2232e-02   2.5709e+02
20191101_04:00:00   1.4107e-01   3.9450e+01   3.0338e+00   0.0000e+00   3.3122e-02   2.5654e+02
20191101_05:00:00   1.3627e-01   3.8356e+01   2.9260e+00   0.0000e+00   1.4235e-02   2.5762e+02
20191101_06:00:00   1.2516e-01   3.5818e+01   2.6515e+00   0.0000e+00   8.1729e-04   2.6024e+02
20191101_07:00:00   1.1516e-01   3.3505e+01   2.4022e+00   0.0000e+00   1.4030e-04   2.6211e+02
20191101_08:00:00   1.0637e-01   3.1421e+01   2.1954e+00   0.0000e+00   1.8005e-03   2.6234e+02
20191101_09:00:00   1.0300e-01   3.0616e+01   2.1110e+00   0.0000e+00   5.2744e-03   2.6092e+02
20191101_10:00:00   1.0101e-01   3.0114e+01   2.0706e+00   0.0000e+00   4.0992e-03   2.5994e+02
20191101_11:00:00   8.9354e-02   2.7277e+01   1.8211e+00   0.0000e+00   2.2360e-03   2.5952e+02
20191101_12:00:00   8.2707e-02   2.5625e+01   1.6851e+00   0.0000e+00   1.6136e-03   2.5923e+02
20191101_13:00:00   8.8014e-02   2.6894e+01   1.8249e+00   0.0000e+00   5.2920e-04   2.5946e+02
20191101_14:00:00   9.0139e-02   2.7362e+01   1.8983e+00   0.0000e+00   6.3180e-07   2.6024e+02
20191101_15:00:00   9.7757e-02   2.9104e+01   2.1070e+00   0.0000e+00   0.0000e+00   2.6034e+02
20191101_16:00:00   1.0335e-01   3.0383e+01   2.2562e+00   0.0000e+00   0.0000e+00   2.5980e+02
20191101_17:00:00   1.0027e-01   2.9653e+01   2.1923e+00   0.0000e+00   0.0000e+00   2.5999e+02
20191101_18:00:00   9.7176e-02   2.9024e+01   2.0984e+00   0.0000e+00   0.0000e+00   2.6180e+02
20191101_19:00:00   9.7451e-02   2.9167e+01   2.0879e+00   0.0000e+00   0.0000e+00   2.6171e+02
20191101_20:00:00   9.9301e-02   2.9629e+01   2.1282e+00   0.0000e+00   0.0000e+00   2.6161e+02
20191101_21:00:00   9.7471e-02   2.9207e+01   2.0890e+00   0.0000e+00   0.0000e+00   2.6119e+02
20191101_22:00:00   9.9850e-02   2.9748e+01   2.1632e+00   0.0000e+00   0.0000e+00   2.5972e+02
20191101_23:00:00   1.0246e-01   3.0364e+01   2.2342e+00   0.0000e+00   0.0000e+00   2.5932e+02
20191102_00:00:00   1.0386e-01   3.0689e+01   2.2818e+00   0.0000e+00   0.0000e+00   2.5912e+02
20191102_01:00:00   1.0244e-01   3.0316e+01   2.2684e+00   0.0000e+00   0.0000e+00   2.5972e+02
20191102_02:00:00   1.0411e-01   3.0682e+01   2.3068e+00   2.9010e-04   0.0000e+00   2.6050e+02
20191102_03:00:00   1.0147e-01   3.0061e+01   2.2582e+00   0.0000e+00   0.0000e+00   2.5911e+02
20191102_04:00:00   1.0402e-01   3.0704e+01   2.3134e+00   0.0000e+00   0.0000e+00   2.5828e+02
20191102_05:00:00   1.0805e-01   3.1676e+01   2.4062e+00   0.0000e+00   3.0280e-05   2.5814e+02
20191102_06:00:00   1.0807e-01   3.1693e+01   2.4076e+00   0.0000e+00   3.9056e-04   2.5855e+02
20191102_07:00:00   1.0801e-01   3.1660e+01   2.4161e+00   0.0000e+00   2.3144e-05   2.5884e+02
20191102_08:00:00   1.1016e-01   3.2158e+01   2.4751e+00   0.0000e+00   0.0000e+00   2.5878e+02
20191102_09:00:00   1.1296e-01   3.2878e+01   2.5346e+00   0.0000e+00   0.0000e+00   2.5882e+02
20191102_10:00:00   1.1695e-01   3.3856e+01   2.6197e+00   0.0000e+00   0.0000e+00   2.5870e+02
20191102_11:00:00   1.1783e-01   3.4091e+01   2.6337e+00   0.0000e+00   0.0000e+00   2.5804e+02
20191102_12:00:00   1.1652e-01   3.3792e+01   2.6043e+00   0.0000e+00   0.0000e+00   2.5713e+02
20191102_13:00:00   1.1432e-01   3.3288e+01   2.5482e+00   0.0000e+00   0.0000e+00   2.5603e+02
20191102_14:00:00   1.1350e-01   3.3085e+01   2.5328e+00   0.0000e+00   0.0000e+00   2.5422e+02
20191102_15:00:00   1.1261e-01   3.2886e+01   2.5046e+00   0.0000e+00   0.0000e+00   2.5377e+02
20191102_16:00:00   1.1135e-01   3.2594e+01   2.4727e+00   0.0000e+00   0.0000e+00   2.5386e+02
20191102_17:00:00   1.0916e-01   3.2084e+01   2.4200e+00   0.0000e+00   0.0000e+00   2.5419e+02
20191102_18:00:00   1.0616e-01   3.1379e+01   2.3456e+00   0.0000e+00   0.0000e+00   2.5502e+02
20191102_19:00:00   1.0224e-01   3.0449e+01   2.2510e+00   0.0000e+00   0.0000e+00   2.5517e+02
20191102_20:00:00   9.8875e-02   2.9639e+01   2.1716e+00   0.0000e+00   0.0000e+00   2.5579e+02
20191102_21:00:00   9.6023e-02   2.8963e+01   2.0982e+00   0.0000e+00   0.0000e+00   2.5602e+02
20191102_22:00:00   9.2662e-02   2.8159e+01   2.0116e+00   0.0000e+00   0.0000e+00   2.5631e+02
20191102_23:00:00   8.9572e-02   2.7402e+01   1.9395e+00   0.0000e+00   0.0000e+00   2.5595e+02
20191103_00:00:00   8.6525e-02   2.6657e+01   1.8689e+00   0.0000e+00   0.0000e+00   2.5555e+02
20191103_01:00:00   8.2119e-02   2.5589e+01   1.7572e+00   0.0000e+00   0.0000e+00   2.5471e+02
20191103_02:00:00   7.6396e-02   2.4195e+01   1.6135e+00   0.0000e+00   0.0000e+00   2.5506e+02
20191103_03:00:00   7.2934e-02   2.3349e+01   1.5223e+00   0.0000e+00   0.0000e+00   2.5548e+02
20191103_04:00:00   7.1259e-02   2.2916e+01   1.4833e+00   0.0000e+00   0.0000e+00   2.5598e+02
20191103_05:00:00   7.2972e-02   2.3332e+01   1.5268e+00   0.0000e+00   0.0000e+00   2.5538e+02
20191103_06:00:00   7.6137e-02   2.4142e+01   1.5959e+00   0.0000e+00   0.0000e+00   2.5503e+02
20191103_07:00:00   7.7556e-02   2.4499e+01   1.6260e+00   0.0000e+00   0.0000e+00   2.5570e+02
20191103_08:00:00   7.9800e-02   2.5037e+01   1.6831e+00   0.0000e+00   0.0000e+00   2.5598e+02
20191103_09:00:00   8.1753e-02   2.5507e+01   1.7325e+00   0.0000e+00   0.0000e+00   2.5550e+02
20191103_10:00:00   8.0992e-02   2.5309e+01   1.7150e+00   0.0000e+00   0.0000e+00   2.5461e+02
20191103_11:00:00   8.0791e-02   2.5255e+01   1.7089e+00   0.0000e+00   0.0000e+00   2.5372e+02
20191103_12:00:00   8.1767e-02   2.5496e+01   1.7323e+00   0.0000e+00   0.0000e+00   2.5293e+02
20191103_13:00:00   8.2361e-02   2.5642e+01   1.7454e+00   0.0000e+00   0.0000e+00   2.5218e+02
20191103_14:00:00   8.3022e-02   2.5806e+01   1.7577e+00   0.0000e+00   0.0000e+00   2.5182e+02
20191103_15:00:00   8.2378e-02   2.5652e+01   1.7399e+00   0.0000e+00   0.0000e+00   2.5220e+02
20191103_16:00:00   8.1021e-02   2.5328e+01   1.7025e+00   0.0000e+00   0.0000e+00   2.5239e+02
20191103_17:00:00   7.9290e-02   2.4929e+01   1.6531e+00   0.0000e+00   0.0000e+00   2.5243e+02
20191103_18:00:00   7.7275e-02   2.4453e+01   1.5967e+00   0.0000e+00   0.0000e+00   2.5261e+02
20191103_19:00:00   7.5195e-02   2.3954e+01   1.5431e+00   0.0000e+00   0.0000e+00   2.5350e+02
20191103_20:00:00   7.3112e-02   2.3446e+01   1.4920e+00   0.0000e+00   0.0000e+00   2.5444e+02
20191103_21:00:00   7.1862e-02   2.3133e+01   1.4641e+00   0.0000e+00   0.0000e+00   2.5464e+02
20191103_22:00:00   7.1336e-02   2.3000e+01   1.4506e+00   0.0000e+00   0.0000e+00   2.5418e+02
20191103_23:00:00   7.2138e-02   2.3203e+01   1.4668e+00   0.0000e+00   0.0000e+00   2.5369e+02
20191104_00:00:00   7.3378e-02   2.3526e+01   1.4908e+00   0.0000e+00   0.0000e+00   2.5310e+02
20191104_03:00:00   9.0591e-02   2.7833e+01   1.8876e+00   0.0000e+00   0.0000e+00   2.5374e+02
20191104_06:00:00   8.4721e-02   2.6429e+01   1.6512e+00   1.3830e-03   0.0000e+00   2.5122e+02
20191104_09:00:00   8.1771e-02   2.5701e+01   1.5881e+00   1.1410e-03   0.0000e+00   2.5114e+02
20191104_12:00:00   7.6648e-02   2.4367e+01   1.5450e+00   0.0000e+00   0.0000e+00   2.5082e+02
20191104_15:00:00   7.2656e-02   2.3319e+01   1.4654e+00   0.0000e+00   0.0000e+00   2.4944e+02
20191104_18:00:00   7.1979e-02   2.3086e+01   1.4684e+00   0.0000e+00   0.0000e+00   2.4988e+02
20191104_21:00:00   8.3990e-02   2.5960e+01   1.7958e+00   0.0000e+00   0.0000e+00   2.5215e+02
20191105_00:00:00   1.7607e-01   4.7953e+01   2.4607e+00   2.5077e-02   8.7420e-22   2.5058e+02
20191105_03:00:00   4.8846e-01   1.0861e+02   4.2813e+00   1.1610e-01   5.3050e-05   2.4645e+02
20191105_06:00:00   8.7965e-01   1.6216e+02   4.5842e+00   2.6651e-01   2.3380e-04   2.4663e+02
20191105_09:00:00   1.9084e-01   5.1116e+01   3.7826e+00   3.9137e-03   9.8439e-04   2.4632e+02
20191105_12:00:00   1.6370e-01   4.4828e+01   3.4109e+00   2.2310e-03   4.0988e-03   2.4359e+02
20191105_15:00:00   1.4878e-01   4.1233e+01   3.2490e+00   5.4820e-04   8.4334e-03   2.4293e+02
20191105_18:00:00   1.5512e-01   4.2556e+01   3.4113e+00   1.3210e-03   5.5369e-03   2.4512e+02
20191105_21:00:00   1.7269e-01   4.6206e+01   3.9995e+00   0.0000e+00   3.6400e-02   2.4464e+02
20191106_00:00:00   2.2234e-01   5.6861e+01   4.9421e+00   5.0470e-03   2.7512e-02   2.4195e+02
20191106_03:00:00   2.9018e-01   7.0867e+01   6.3222e+00   6.1470e-03   1.9621e-03   2.4143e+02
20191106_06:00:00   2.8884e-01   7.0549e+01   6.5944e+00   0.0000e+00   1.3726e-02   2.4163e+02
20191106_09:00:00   2.7171e-01   6.7043e+01   6.2616e+00   0.0000e+00   5.2742e-02   2.4405e+02
20191106_12:00:00   2.2390e-01   5.7047e+01   5.2733e+00   0.0000e+00   6.5311e-02   2.4319e+02
20191106_15:00:00   2.2836e-01   5.7951e+01   5.4146e+00   0.0000e+00   5.1021e-02   2.4179e+02
20191106_18:00:00   2.0144e-01   5.2258e+01   4.7969e+00   0.0000e+00   1.0308e-01   2.4261e+02
20191106_21:00:00   1.8477e-01   4.8684e+01   4.4117e+00   0.0000e+00   9.8374e-02   2.4515e+02
20191107_00:00:00   1.8568e-01   4.9183e+01   4.4040e+00   0.0000e+00   1.6728e-03   2.4570e+02
20191107_03:00:00   2.2057e-01   5.6893e+01   4.9504e+00   4.3950e-03   4.9237e-03   2.4551e+02
20191107_06:00:00   1.6445e-01   4.4794e+01   3.7941e+00   0.0000e+00   9.7197e-03   2.4923e+02
20191107_09:00:00   1.3639e-01   3.8139e+01   3.1715e+00   0.0000e+00   2.6868e-02   2.5295e+02
20191107_12:00:00   9.7263e-02   2.9101e+01   2.1800e+00   0.0000e+00   1.0806e-02   2.5346e+02
20191107_15:00:00   6.9916e-02   2.2317e+01   1.5230e+00   0.0000e+00   2.3607e-02   2.5131e+02
20191107_18:00:00   5.3638e-02   1.8268e+01   1.1028e+00   0.0000e+00   1.5664e-02   2.5363e+02
20191107_21:00:00   5.5856e-02   1.8922e+01   1.1414e+00   0.0000e+00   1.0549e-02   2.5241e+02
20191108_00:00:00   6.5098e-02   2.1370e+01   1.3546e+00   0.0000e+00   1.4771e-02   2.5084e+02
20191108_03:00:00   7.2293e-02   2.3191e+01   1.5431e+00   0.0000e+00   2.8873e-03   2.5033e+02
20191108_06:00:00   7.4119e-02   2.3873e+01   1.5357e+00   0.0000e+00   4.0981e-03   2.5114e+02
20191108_09:00:00   8.6773e-02   2.7121e+01   1.8061e+00   0.0000e+00   1.5740e-03   2.5217e+02
20191108_12:00:00   9.1438e-02   2.8325e+01   1.9019e+00   0.0000e+00   0.0000e+00   2.5182e+02
20191108_15:00:00   8.8171e-02   2.7498e+01   1.8238e+00   0.0000e+00   0.0000e+00   2.5040e+02
20191108_18:00:00   8.1116e-02   2.5683e+01   1.6754e+00   0.0000e+00   0.0000e+00   2.4945e+02
20191108_21:00:00   7.2456e-02   2.3374e+01   1.5121e+00   0.0000e+00   0.0000e+00   2.4634e+02
20191109_00:00:00   7.0541e-02   2.2816e+01   1.4924e+00   0.0000e+00   0.0000e+00   2.4671e+02
20191109_03:00:00   6.2764e-02   2.0761e+01   1.3236e+00   0.0000e+00   0.0000e+00   2.4583e+02
20191109_06:00:00   6.7168e-02   2.1686e+01   1.4838e+00   0.0000e+00   0.0000e+00   2.4620e+02
20191109_09:00:00   1.0625e-01   3.1276e+01   2.4767e+00   0.0000e+00   0.0000e+00   2.4665e+02
20191109_12:00:00   1.3063e-01   3.7062e+01   3.0726e+00   0.0000e+00   0.0000e+00   2.4387e+02
20191109_15:00:00   1.4901e-01   4.1245e+01   3.5484e+00   0.0000e+00   0.0000e+00   2.4251e+02
20191109_18:00:00   1.8092e-01   4.8576e+01   4.2810e+00   0.0000e+00   0.0000e+00   2.4228e+02
20191109_21:00:00   2.0150e-01   5.3345e+01   4.7151e+00   0.0000e+00   0.0000e+00   2.4201e+02
20191110_00:00:00   2.6358e-01   6.6927e+01   4.9063e+00   2.0980e-02   0.0000e+00   2.4430e+02
20191110_03:00:00   2.2756e-01   5.9371e+01   4.7101e+00   8.4430e-03   3.6170e-05   2.4433e+02
20191110_06:00:00   1.8355e-01   4.9779e+01   4.0836e+00   5.3380e-04   5.2380e-07   2.4452e+02
20191110_09:00:00   1.7338e-01   4.7438e+01   3.8916e+00   0.0000e+00   0.0000e+00   2.4384e+02
20191110_12:00:00   1.5664e-01   4.3607e+01   3.4974e+00   0.0000e+00   0.0000e+00   2.4325e+02
20191110_15:00:00   1.4381e-01   4.0660e+01   3.2021e+00   1.2330e-04   0.0000e+00   2.4548e+02
20191110_18:00:00   1.3890e-01   3.9513e+01   3.1002e+00   0.0000e+00   0.0000e+00   2.4468e+02
20191110_21:00:00   1.2196e-01   3.5502e+01   2.7104e+00   0.0000e+00   0.0000e+00   2.4223e+02
20191111_00:00:00   1.1634e-01   3.4133e+01   2.5847e+00   2.2010e-04   0.0000e+00   2.4184e+02
20191111_03:00:00   1.1432e-01   3.3648e+01   2.5483e+00   0.0000e+00   0.0000e+00   2.4316e+02
20191111_06:00:00   1.1583e-01   3.3987e+01   2.5773e+00   0.0000e+00   0.0000e+00   2.4448e+02
20191111_09:00:00   1.1944e-01   3.4858e+01   2.6531e+00   0.0000e+00   0.0000e+00   2.4555e+02
20191111_12:00:00   1.2300e-01   3.5669e+01   2.7344e+00   0.0000e+00   0.0000e+00   2.4417e+02
20191111_15:00:00   1.1917e-01   3.4754e+01   2.6315e+00   0.0000e+00   1.3443e-05   2.4561e+02
20191111_18:00:00   1.1623e-01   3.4066e+01   2.5566e+00   0.0000e+00   0.0000e+00   2.4426e+02
20191111_21:00:00   1.1903e-01   3.4735e+01   2.6174e+00   0.0000e+00   0.0000e+00   2.4368e+02
20191112_00:00:00   1.2032e-01   3.5012e+01   2.6443e+00   0.0000e+00   0.0000e+00   2.4322e+02
20191112_03:00:00   1.2428e-01   3.5951e+01   2.7284e+00   0.0000e+00   0.0000e+00   2.4362e+02
20191112_06:00:00   1.3392e-01   3.8212e+01   2.9377e+00   0.0000e+00   0.0000e+00   2.4318e+02
20191112_09:00:00   1.3227e-01   3.7799e+01   2.9077e+00   0.0000e+00   0.0000e+00   2.4319e+02
20191112_12:00:00   1.3359e-01   3.8080e+01   2.9340e+00   0.0000e+00   0.0000e+00   2.4158e+02
20191112_15:00:00   1.0172e-01   3.0446e+01   2.1903e+00   0.0000e+00   0.0000e+00   2.4412e+02
20191112_18:00:00   8.1393e-02   2.5495e+01   1.6939e+00   0.0000e+00   0.0000e+00   2.4454e+02
20191112_21:00:00   9.6471e-02   2.8975e+01   2.1300e+00   0.0000e+00   0.0000e+00   2.4384e+02
20191113_00:00:00   1.1844e-01   3.4147e+01   2.6865e+00   0.0000e+00   6.1882e-04   2.4538e+02
20191113_03:00:00   1.1460e-01   3.3170e+01   2.6146e+00   0.0000e+00   7.3906e-04   2.4577e+02
20191113_06:00:00   1.2918e-01   3.6580e+01   2.9532e+00   0.0000e+00   1.2375e-03   2.4453e+02
20191113_09:00:00   1.5255e-01   4.1824e+01   3.5458e+00   0.0000e+00   6.2592e-03   2.4651e+02
20191113_12:00:00   1.8068e-01   4.8152e+01   4.1668e+00   0.0000e+00   6.5480e-06   2.4634e+02
20191113_15:00:00   2.0713e-01   5.3621e+01   4.8615e+00   0.0000e+00   4.0868e-03   2.4407e+02
20191113_18:00:00   2.7829e-01   6.8222e+01   6.4767e+00   0.0000e+00   6.3963e-03   2.4236e+02
20191113_21:00:00   3.0217e-01   7.3050e+01   6.9530e+00   0.0000e+00   9.9693e-04   2.4565e+02
20191114_00:00:00   3.5968e-01   8.3860e+01   8.1860e+00   0.0000e+00   6.6240e-03   2.4706e+02
20191114_03:00:00   4.3037e-01   9.6205e+01   9.5958e+00   3.2740e-04   5.1344e-02   2.4717e+02
20191114_06:00:00   4.5956e-01   1.0109e+02   1.0117e+01   0.0000e+00   1.0375e-01   2.4682e+02
20191114_09:00:00   5.0184e-01   1.0808e+02   1.0847e+01   0.0000e+00   1.6468e-01   2.4939e+02
20191114_12:00:00   4.8244e-01   1.0503e+02   1.0556e+01   0.0000e+00   2.6374e-02   2.4848e+02
20191114_15:00:00   4.4955e-01   9.9792e+01   9.8444e+00   0.0000e+00   8.9840e-03   2.4761e+02
20191114_18:00:00   3.6849e-01   8.5907e+01   8.1413e+00   0.0000e+00   8.3068e-04   2.4789e+02
20191114_21:00:00   2.6976e-01   6.7709e+01   5.6075e+00   0.0000e+00   1.7846e-04   2.4922e+02
20191115_00:00:00   2.3572e-01   6.0761e+01   4.8793e+00   0.0000e+00   1.2857e-02   2.4702e+02
