#            date       tau225        Tb[K]      pwv[mm] lwp[kg*m^-2] iwp[kg*m^-2]       o3[DU]
20191114_00:00:00   1.0515e-01   3.1410e+01   2.3195e+00   0.0000e+00   2.2975e-05   2.4550e+02
20191114_01:00:00   1.0547e-01   3.1494e+01   2.3223e+00   0.0000e+00   0.0000e+00   2.4479e+02
20191114_02:00:00   1.0615e-01   3.1648e+01   2.3393e+00   0.0000e+00   0.0000e+00   2.4384e+02
20191114_03:00:00   1.0517e-01   3.1400e+01   2.3175e+00   0.0000e+00   0.0000e+00   2.4370e+02
20191114_04:00:00   1.0631e-01   3.1649e+01   2.3506e+00   0.0000e+00   0.0000e+00   2.4346e+02
20191114_05:00:00   1.0726e-01   3.1844e+01   2.3751e+00   0.0000e+00   0.0000e+00   2.4389e+02
20191114_06:00:00   1.0812e-01   3.2020e+01   2.3988e+00   0.0000e+00   0.0000e+00   2.4476e+02
20191114_07:00:00   1.0995e-01   3.2431e+01   2.4446e+00   0.0000e+00   0.0000e+00   2.4513e+02
20191114_08:00:00   1.1047e-01   3.2539e+01   2.4581e+00   0.0000e+00   0.0000e+00   2.4441e+02
20191114_09:00:00   1.0981e-01   3.2375e+01   2.4404e+00   0.0000e+00   0.0000e+00   2.4437e+02
20191114_10:00:00   1.0795e-01   3.1925e+01   2.3975e+00   0.0000e+00   0.0000e+00   2.4517e+02
20191114_11:00:00   1.0625e-01   3.1504e+01   2.3644e+00   0.0000e+00   0.0000e+00   2.4533e+02
20191114_12:00:00   1.0569e-01   3.1361e+01   2.3557e+00   0.0000e+00   0.0000e+00   2.4464e+02
20191114_13:00:00   1.0644e-01   3.1542e+01   2.3741e+00   0.0000e+00   0.0000e+00   2.4448e+02
20191114_14:00:00   1.0570e-01   3.1366e+01   2.3573e+00   0.0000e+00   0.0000e+00   2.4474e+02
20191114_15:00:00   1.0552e-01   3.1319e+01   2.3539e+00   0.0000e+00   0.0000e+00   2.4484e+02
20191114_16:00:00   1.0468e-01   3.1125e+01   2.3357e+00   0.0000e+00   0.0000e+00   2.4429e+02
20191114_17:00:00   1.0383e-01   3.0927e+01   2.3129e+00   0.0000e+00   0.0000e+00   2.4356e+02
20191114_18:00:00   1.0162e-01   3.0410e+01   2.2556e+00   0.0000e+00   0.0000e+00   2.4335e+02
20191114_19:00:00   1.0062e-01   3.0183e+01   2.2319e+00   0.0000e+00   0.0000e+00   2.4300e+02
20191114_20:00:00   9.9460e-02   2.9903e+01   2.2042e+00   0.0000e+00   0.0000e+00   2.4364e+02
20191114_21:00:00   9.9618e-02   2.9935e+01   2.2059e+00   0.0000e+00   0.0000e+00   2.4530e+02
20191114_22:00:00   9.9139e-02   2.9823e+01   2.1953e+00   0.0000e+00   0.0000e+00   2.4628e+02
20191114_23:00:00   9.7937e-02   2.9520e+01   2.1689e+00   0.0000e+00   0.0000e+00   2.4606e+02
20191115_00:00:00   9.7779e-02   2.9485e+01   2.1655e+00   0.0000e+00   0.0000e+00   2.4593e+02
20191115_01:00:00   9.7563e-02   2.9426e+01   2.1635e+00   0.0000e+00   0.0000e+00   2.4588e+02
20191115_02:00:00   9.8781e-02   2.9715e+01   2.1928e+00   0.0000e+00   0.0000e+00   2.4577e+02
20191115_03:00:00   9.8308e-02   2.9594e+01   2.1828e+00   0.0000e+00   0.0000e+00   2.4571e+02
20191115_04:00:00   9.8086e-02   2.9536e+01   2.1760e+00   0.0000e+00   0.0000e+00   2.4573e+02
20191115_05:00:00   9.9729e-02   2.9931e+01   2.2159e+00   0.0000e+00   0.0000e+00   2.4594e+02
20191115_06:00:00   1.0079e-01   3.0190e+01   2.2391e+00   0.0000e+00   0.0000e+00   2.4640e+02
20191115_07:00:00   1.0068e-01   3.0179e+01   2.2266e+00   0.0000e+00   0.0000e+00   2.4717e+02
20191115_08:00:00   9.7989e-02   2.9534e+01   2.1564e+00   0.0000e+00   0.0000e+00   2.4736e+02
20191115_09:00:00   9.5974e-02   2.9030e+01   2.1064e+00   0.0000e+00   0.0000e+00   2.4727e+02
20191115_10:00:00   9.4279e-02   2.8611e+01   2.0649e+00   0.0000e+00   0.0000e+00   2.4646e+02
20191115_11:00:00   9.2360e-02   2.8134e+01   2.0174e+00   0.0000e+00   0.0000e+00   2.4571e+02
20191115_12:00:00   8.8817e-02   2.7257e+01   1.9327e+00   0.0000e+00   0.0000e+00   2.4499e+02
20191115_13:00:00   8.3649e-02   2.5991e+01   1.8061e+00   0.0000e+00   0.0000e+00   2.4464e+02
20191115_14:00:00   7.8737e-02   2.4776e+01   1.6828e+00   0.0000e+00   0.0000e+00   2.4411e+02
20191115_15:00:00   7.7337e-02   2.4423e+01   1.6460e+00   0.0000e+00   0.0000e+00   2.4413e+02
20191115_16:00:00   7.9380e-02   2.4953e+01   1.6865e+00   0.0000e+00   4.5180e-04   2.4422e+02
20191115_17:00:00   8.2725e-02   2.5776e+01   1.7710e+00   0.0000e+00   1.1804e-03   2.4429e+02
20191115_18:00:00   9.0335e-02   2.7634e+01   1.9544e+00   0.0000e+00   3.8120e-03   2.4467e+02
20191115_19:00:00   1.0492e-01   3.1191e+01   2.2948e+00   0.0000e+00   2.1909e-03   2.4474e+02
20191115_20:00:00   1.2646e-01   3.6288e+01   2.7968e+00   0.0000e+00   1.9298e-03   2.4485e+02
20191115_21:00:00   1.4700e-01   4.1125e+01   3.2324e+00   0.0000e+00   8.5610e-04   2.4538e+02
20191115_22:00:00   1.6665e-01   4.5555e+01   3.6879e+00   0.0000e+00   6.3677e-03   2.4479e+02
20191115_23:00:00   2.0191e-01   5.3253e+01   4.5083e+00   0.0000e+00   3.7932e-03   2.4402e+02
20191116_00:00:00   2.4045e-01   6.1388e+01   5.3620e+00   0.0000e+00   8.7997e-03   2.4262e+02
20191116_01:00:00   2.9447e-01   7.2198e+01   6.5970e+00   0.0000e+00   2.6646e-03   2.4195e+02
20191116_02:00:00   3.1471e-01   7.6156e+01   7.0057e+00   3.4090e-04   5.3745e-04   2.4128e+02
20191116_03:00:00   3.1709e-01   7.6542e+01   7.0836e+00   8.6620e-04   3.2808e-03   2.4118e+02
20191116_04:00:00   3.0679e-01   7.4388e+01   6.9686e+00   0.0000e+00   1.1810e-02   2.4221e+02
20191116_05:00:00   2.9441e-01   7.1861e+01   6.7309e+00   0.0000e+00   1.7486e-02   2.4308e+02
20191116_06:00:00   2.8065e-01   6.9044e+01   6.4621e+00   0.0000e+00   1.6818e-02   2.4404e+02
20191116_07:00:00   2.7234e-01   6.7355e+01   6.2876e+00   0.0000e+00   4.1311e-03   2.4488e+02
20191116_08:00:00   2.7595e-01   6.8094e+01   6.3412e+00   0.0000e+00   2.7755e-03   2.4562e+02
20191116_09:00:00   2.8549e-01   6.9953e+01   6.5379e+00   0.0000e+00   3.2523e-03   2.4558e+02
20191116_10:00:00   2.8847e-01   7.0475e+01   6.6303e+00   0.0000e+00   2.8450e-03   2.4476e+02
20191116_11:00:00   2.9969e-01   7.2518e+01   6.9305e+00   0.0000e+00   2.2268e-02   2.4275e+02
20191116_12:00:00   3.1803e-01   7.5907e+01   7.3583e+00   0.0000e+00   6.5504e-02   2.4143e+02
20191116_13:00:00   3.3287e-01   7.8584e+01   7.6905e+00   0.0000e+00   1.0262e-01   2.4043e+02
20191116_14:00:00   3.3644e-01   7.9205e+01   7.7707e+00   0.0000e+00   9.6761e-02   2.4054e+02
20191116_15:00:00   3.4699e-01   8.1169e+01   8.0102e+00   0.0000e+00   4.6408e-02   2.4114e+02
20191116_16:00:00   3.5305e-01   8.2310e+01   8.1207e+00   0.0000e+00   5.3317e-02   2.4235e+02
20191116_17:00:00   3.4755e-01   8.1387e+01   7.9795e+00   0.0000e+00   1.6079e-02   2.4386e+02
20191116_18:00:00   3.7254e-01   8.5867e+01   8.4472e+00   0.0000e+00   1.6587e-01   2.4400e+02
20191116_19:00:00   3.7850e-01   8.7018e+01   8.5922e+00   0.0000e+00   1.0465e-01   2.4388e+02
20191116_20:00:00   3.9736e-01   9.0393e+01   8.9437e+00   0.0000e+00   1.4918e-01   2.4328e+02
20191116_21:00:00   4.2754e-01   9.5676e+01   9.5310e+00   0.0000e+00   1.3113e-01   2.4277e+02
20191116_22:00:00   4.3913e-01   9.7769e+01   9.7596e+00   0.0000e+00   6.2855e-02   2.4344e+02
20191116_23:00:00   4.2465e-01   9.5288e+01   9.4771e+00   0.0000e+00   6.3695e-02   2.4362e+02
20191117_00:00:00   4.2061e-01   9.4568e+01   9.3789e+00   2.8376e-05   8.8238e-02   2.4475e+02
20191117_01:00:00   4.0546e-01   9.2034e+01   9.0645e+00   0.0000e+00   2.2768e-02   2.4572e+02
20191117_02:00:00   3.9100e-01   8.9576e+01   8.6965e+00   0.0000e+00   8.0771e-03   2.4645e+02
20191117_03:00:00   3.9174e-01   8.9810e+01   8.6511e+00   0.0000e+00   5.2158e-03   2.4663e+02
20191117_04:00:00   3.7611e-01   8.7260e+01   8.2032e+00   0.0000e+00   9.0102e-06   2.4735e+02
20191117_05:00:00   3.6628e-01   8.5631e+01   7.8916e+00   0.0000e+00   3.7435e-05   2.4921e+02
20191117_06:00:00   3.9580e-01   9.0855e+01   8.4613e+00   0.0000e+00   8.1205e-04   2.5052e+02
20191117_07:00:00   4.0102e-01   9.1827e+01   8.5146e+00   0.0000e+00   1.1207e-03   2.5113e+02
20191117_08:00:00   3.9134e-01   9.0101e+01   8.3122e+00   0.0000e+00   8.3601e-04   2.5161e+02
20191117_09:00:00   3.7669e-01   8.7502e+01   7.9952e+00   0.0000e+00   6.7589e-04   2.5158e+02
20191117_10:00:00   3.7277e-01   8.6719e+01   7.9437e+00   0.0000e+00   1.0826e-04   2.5164e+02
20191117_11:00:00   3.5978e-01   8.4431e+01   7.6104e+00   0.0000e+00   5.9940e-05   2.5169e+02
20191117_12:00:00   3.6072e-01   8.4501e+01   7.6306e+00   0.0000e+00   3.6632e-04   2.5044e+02
20191117_13:00:00   3.6257e-01   8.4635e+01   7.7952e+00   0.0000e+00   5.3530e-03   2.5027e+02
20191117_14:00:00   3.9614e-01   9.0429e+01   8.5502e+00   0.0000e+00   2.8857e-02   2.5045e+02
20191117_15:00:00   4.1463e-01   9.3724e+01   8.7372e+00   1.9642e-03   1.5668e-02   2.5167e+02
20191117_16:00:00   4.5674e-01   1.0103e+02   8.6309e+00   2.0300e-02   2.7425e-02   2.5285e+02
20191117_17:00:00   3.9042e-01   8.9556e+01   8.2854e+00   0.0000e+00   1.1131e-02   2.5450e+02
20191117_18:00:00   3.4397e-01   8.1123e+01   7.3816e+00   0.0000e+00   5.3082e-03   2.5587e+02
20191117_19:00:00   3.1084e-01   7.4936e+01   6.6689e+00   0.0000e+00   3.6241e-03   2.5741e+02
20191117_20:00:00   3.0198e-01   7.3319e+01   6.4291e+00   0.0000e+00   3.8398e-03   2.5602e+02
20191117_21:00:00   3.0783e-01   7.4571e+01   6.4599e+00   0.0000e+00   2.8939e-03   2.5518e+02
20191117_22:00:00   2.8235e-01   6.9641e+01   5.9255e+00   0.0000e+00   1.8358e-03   2.5855e+02
20191117_23:00:00   2.5362e-01   6.3954e+01   5.2878e+00   0.0000e+00   3.0931e-04   2.6083e+02
20191118_00:00:00   2.2193e-01   5.7336e+01   4.6620e+00   0.0000e+00   1.5886e-05   2.6256e+02
20191118_01:00:00   2.0793e-01   5.4237e+01   4.4022e+00   0.0000e+00   0.0000e+00   2.6217e+02
20191118_02:00:00   1.8675e-01   4.9634e+01   3.9623e+00   0.0000e+00   0.0000e+00   2.5948e+02
20191118_03:00:00   1.6703e-01   4.5183e+01   3.5744e+00   0.0000e+00   0.0000e+00   2.5881e+02
20191118_04:00:00   1.4485e-01   4.0094e+01   3.1242e+00   0.0000e+00   6.5480e-06   2.5894e+02
20191118_05:00:00   1.3127e-01   3.6951e+01   2.8270e+00   0.0000e+00   0.0000e+00   2.5839e+02
20191118_06:00:00   1.2244e-01   3.4960e+01   2.6021e+00   0.0000e+00   0.0000e+00   2.5839e+02
20191118_07:00:00   1.1755e-01   3.3754e+01   2.5102e+00   0.0000e+00   7.9680e-07   2.5699e+02
20191118_08:00:00   1.1911e-01   3.3999e+01   2.5772e+00   0.0000e+00   0.0000e+00   2.5657e+02
20191118_09:00:00   1.2100e-01   3.4421e+01   2.6217e+00   0.0000e+00   0.0000e+00   2.5612e+02
20191118_10:00:00   1.2315e-01   3.4962e+01   2.6707e+00   0.0000e+00   0.0000e+00   2.5751e+02
20191118_11:00:00   1.2019e-01   3.4319e+01   2.5869e+00   0.0000e+00   0.0000e+00   2.5884e+02
20191118_12:00:00   1.1596e-01   3.3267e+01   2.5056e+00   0.0000e+00   0.0000e+00   2.5765e+02
20191118_13:00:00   1.1185e-01   3.2313e+01   2.4129e+00   0.0000e+00   0.0000e+00   2.5560e+02
20191118_14:00:00   1.1665e-01   3.3361e+01   2.5500e+00   0.0000e+00   0.0000e+00   2.5602e+02
20191118_15:00:00   1.2970e-01   3.6327e+01   2.8684e+00   0.0000e+00   3.8342e-04   2.5717e+02
20191118_16:00:00   1.4463e-01   3.9718e+01   3.2137e+00   0.0000e+00   2.6007e-05   2.5773e+02
20191118_17:00:00   1.7441e-01   4.6355e+01   3.8922e+00   0.0000e+00   6.5728e-05   2.5843e+02
20191118_18:00:00   1.8356e-01   4.8566e+01   4.0435e+00   0.0000e+00   0.0000e+00   2.5943e+02
20191118_19:00:00   1.9096e-01   5.0195e+01   4.1889e+00   0.0000e+00   3.6329e-04   2.5837e+02
20191118_20:00:00   1.8868e-01   4.9732e+01   4.1096e+00   0.0000e+00   6.0967e-04   2.5732e+02
20191118_21:00:00   1.8653e-01   4.9235e+01   4.0645e+00   0.0000e+00   1.1102e-03   2.5858e+02
20191118_22:00:00   1.9975e-01   5.2129e+01   4.3352e+00   0.0000e+00   5.8340e-05   2.5899e+02
20191118_23:00:00   2.1338e-01   5.5058e+01   4.6066e+00   0.0000e+00   0.0000e+00   2.5852e+02
20191119_00:00:00   2.2058e-01   5.6507e+01   4.7839e+00   0.0000e+00   0.0000e+00   2.5779e+02
20191119_03:00:00   2.2099e-01   5.6903e+01   4.1892e+00   1.0260e-02   0.0000e+00   2.5429e+02
20191119_06:00:00   1.2288e-01   3.5058e+01   2.5873e+00   0.0000e+00   0.0000e+00   2.5141e+02
20191119_09:00:00   8.9146e-02   2.7053e+01   1.8243e+00   0.0000e+00   0.0000e+00   2.5158e+02
20191119_12:00:00   8.5548e-02   2.6083e+01   1.7829e+00   0.0000e+00   0.0000e+00   2.5097e+02
20191119_15:00:00   1.2123e-01   3.4550e+01   2.6144e+00   0.0000e+00   0.0000e+00   2.4677e+02
20191119_18:00:00   1.6169e-01   4.3921e+01   3.4854e+00   0.0000e+00   0.0000e+00   2.4753e+02
20191119_21:00:00   1.9563e-01   5.1447e+01   4.2125e+00   0.0000e+00   0.0000e+00   2.4611e+02
20191120_00:00:00   2.2274e-01   5.7312e+01   4.7976e+00   0.0000e+00   0.0000e+00   2.4486e+02
20191120_03:00:00   2.0760e-01   5.4249e+01   4.4531e+00   0.0000e+00   0.0000e+00   2.4195e+02
20191120_06:00:00   2.1681e-01   5.6236e+01   4.6487e+00   0.0000e+00   0.0000e+00   2.4166e+02
20191120_09:00:00   2.0340e-01   5.3315e+01   4.4052e+00   0.0000e+00   0.0000e+00   2.4324e+02
20191120_12:00:00   1.8833e-01   5.0061e+01   4.1101e+00   0.0000e+00   0.0000e+00   2.4490e+02
20191120_15:00:00   1.7702e-01   4.7612e+01   3.8571e+00   0.0000e+00   0.0000e+00   2.4192e+02
20191120_18:00:00   1.8847e-01   5.0176e+01   4.0824e+00   0.0000e+00   0.0000e+00   2.4391e+02
20191120_21:00:00   2.0208e-01   5.3206e+01   4.3526e+00   0.0000e+00   0.0000e+00   2.4403e+02
20191121_00:00:00   2.2905e-01   5.8956e+01   4.8658e+00   2.0007e-04   0.0000e+00   2.4521e+02
20191121_03:00:00   2.4250e-01   6.1719e+01   5.1578e+00   0.0000e+00   0.0000e+00   2.4671e+02
20191121_06:00:00   2.3384e-01   5.9919e+01   4.9804e+00   0.0000e+00   0.0000e+00   2.4786e+02
20191121_09:00:00   2.2666e-01   5.8407e+01   4.8304e+00   0.0000e+00   4.7810e-07   2.4847e+02
20191121_12:00:00   2.2716e-01   5.8430e+01   4.8257e+00   0.0000e+00   0.0000e+00   2.4770e+02
20191121_15:00:00   2.3592e-01   6.0181e+01   5.0377e+00   0.0000e+00   5.5505e-05   2.4670e+02
20191121_18:00:00   2.6028e-01   6.5214e+01   5.5049e+00   0.0000e+00   6.1060e-04   2.4789e+02
20191121_21:00:00   2.5614e-01   6.4431e+01   5.4403e+00   0.0000e+00   6.6237e-04   2.4930e+02
20191122_00:00:00   2.7037e-01   6.7236e+01   5.7736e+00   3.1410e-04   1.5026e-02   2.5013e+02
20191122_03:00:00   2.8857e-01   7.0811e+01   6.2151e+00   0.0000e+00   1.3060e-02   2.4528e+02
20191122_06:00:00   3.1672e-01   7.6214e+01   6.8111e+00   0.0000e+00   3.3292e-02   2.4843e+02
20191122_09:00:00   3.1716e-01   7.6009e+01   6.9720e+00   0.0000e+00   6.4142e-02   2.5134e+02
20191122_12:00:00   2.8576e-01   6.9505e+01   6.4865e+00   0.0000e+00   5.9319e-02   2.5185e+02
20191122_15:00:00   2.7448e-01   6.7089e+01   6.3102e+00   0.0000e+00   3.8379e-02   2.5247e+02
20191122_18:00:00   2.7009e-01   6.6387e+01   6.2152e+00   0.0000e+00   1.7460e-02   2.5495e+02
20191122_21:00:00   2.4420e-01   6.1055e+01   5.6977e+00   0.0000e+00   2.3722e-02   2.5561e+02
20191123_00:00:00   2.3503e-01   5.9144e+01   5.5063e+00   0.0000e+00   2.5286e-02   2.5557e+02
20191123_03:00:00   1.5005e-01   4.0482e+01   3.5989e+00   0.0000e+00   2.0897e-02   2.5533e+02
20191123_06:00:00   8.8441e-02   2.6106e+01   2.0978e+00   0.0000e+00   7.7718e-03   2.5527e+02
20191123_09:00:00   7.9354e-02   2.4031e+01   1.8567e+00   0.0000e+00   1.4160e-02   2.5375e+02
20191123_12:00:00   6.8130e-02   2.1532e+01   1.5298e+00   0.0000e+00   1.6582e-03   2.5324e+02
20191123_15:00:00   6.4884e-02   2.0816e+01   1.4307e+00   0.0000e+00   4.4741e-03   2.5121e+02
20191123_18:00:00   6.5591e-02   2.1077e+01   1.4330e+00   0.0000e+00   5.2302e-03   2.5268e+02
20191123_21:00:00   6.5086e-02   2.0959e+01   1.4225e+00   0.0000e+00   7.2843e-03   2.5044e+02
20191124_00:00:00   5.8354e-02   1.9309e+01   1.2438e+00   0.0000e+00   3.6546e-03   2.4936e+02
20191124_03:00:00   5.5183e-02   1.8533e+01   1.1561e+00   0.0000e+00   1.0960e-03   2.4818e+02
20191124_06:00:00   5.1009e-02   1.7601e+01   1.0173e+00   0.0000e+00   4.0501e-04   2.4975e+02
20191124_09:00:00   4.9887e-02   1.7333e+01   9.8407e-01   0.0000e+00   1.7166e-03   2.4880e+02
20191124_12:00:00   4.3729e-02   1.5743e+01   8.2562e-01   0.0000e+00   1.2807e-03   2.4875e+02
20191124_15:00:00   4.0899e-02   1.5017e+01   7.5302e-01   0.0000e+00   1.3708e-03   2.4777e+02
20191124_18:00:00   4.4596e-02   1.5998e+01   8.4378e-01   0.0000e+00   2.5137e-04   2.4629e+02
20191124_21:00:00   5.2885e-02   1.8116e+01   1.0653e+00   0.0000e+00   2.4942e-04   2.4914e+02
20191125_00:00:00   5.8256e-02   1.9513e+01   1.1996e+00   0.0000e+00   2.6872e-03   2.4640e+02
20191125_03:00:00   6.3304e-02   2.0850e+01   1.3226e+00   0.0000e+00   1.5515e-03   2.4452e+02
20191125_06:00:00   6.8440e-02   2.2250e+01   1.4277e+00   0.0000e+00   9.4160e-04   2.4682e+02
20191125_09:00:00   7.0617e-02   2.2821e+01   1.4742e+00   0.0000e+00   2.2320e-05   2.4713e+02
20191125_12:00:00   5.7379e-02   1.9469e+01   1.1311e+00   0.0000e+00   8.1060e-04   2.4648e+02
20191125_15:00:00   5.4329e-02   1.8672e+01   1.0609e+00   0.0000e+00   2.2400e-05   2.4568e+02
20191125_18:00:00   4.9693e-02   1.7480e+01   9.4753e-01   0.0000e+00   0.0000e+00   2.4445e+02
20191125_21:00:00   1.1575e-01   3.3994e+01   2.5419e+00   0.0000e+00   0.0000e+00   2.4358e+02
20191126_00:00:00   1.2452e-01   3.6192e+01   2.7313e+00   0.0000e+00   0.0000e+00   2.4422e+02
20191126_03:00:00   1.2073e-01   3.5382e+01   2.5839e+00   0.0000e+00   0.0000e+00   2.4271e+02
20191126_06:00:00   1.1439e-01   3.3923e+01   2.4004e+00   0.0000e+00   0.0000e+00   2.4349e+02
20191126_09:00:00   1.3828e-01   3.9606e+01   2.9191e+00   0.0000e+00   0.0000e+00   2.4468e+02
20191126_12:00:00   1.5271e-01   4.2900e+01   3.1972e+00   0.0000e+00   0.0000e+00   2.4516e+02
20191126_15:00:00   1.4681e-01   4.1537e+01   3.0267e+00   0.0000e+00   0.0000e+00   2.4194e+02
20191126_18:00:00   1.5251e-01   4.2801e+01   3.1189e+00   0.0000e+00   0.0000e+00   2.3961e+02
20191126_21:00:00   1.9303e-01   5.1883e+01   3.8589e+00   1.7420e-03   0.0000e+00   2.4418e+02
20191127_00:00:00   2.3724e-01   6.1352e+01   4.6705e+00   3.4437e-03   0.0000e+00   2.4439e+02
20191127_03:00:00   5.3465e-01   1.1584e+02   5.0029e+00   1.1801e-01   2.7370e-05   2.4302e+02
20191127_06:00:00   3.8325e-01   8.9763e+01   5.0311e+00   5.6977e-02   2.0660e-05   2.4098e+02
20191127_09:00:00   3.5652e-01   8.4855e+01   5.0666e+00   4.4545e-02   2.2199e-05   2.4257e+02
20191127_12:00:00   2.2773e-01   5.9055e+01   4.6247e+00   0.0000e+00   0.0000e+00   2.4443e+02
20191127_15:00:00   2.1171e-01   5.5646e+01   4.3320e+00   0.0000e+00   0.0000e+00   2.4338e+02
20191127_18:00:00   2.0455e-01   5.4018e+01   4.2273e+00   0.0000e+00   0.0000e+00   2.4283e+02
20191127_21:00:00   1.8432e-01   4.9644e+01   3.8285e+00   0.0000e+00   0.0000e+00   2.4593e+02
20191128_00:00:00   1.6649e-01   4.5679e+01   3.4691e+00   0.0000e+00   0.0000e+00   2.4552e+02
20191128_03:00:00   1.5886e-01   4.3937e+01   3.3032e+00   1.5860e-04   0.0000e+00   2.4213e+02
20191128_06:00:00   2.1731e-01   5.6901e+01   4.3713e+00   5.7260e-04   0.0000e+00   2.4351e+02
20191128_09:00:00   1.9297e-01   5.1671e+01   3.9569e+00   0.0000e+00   0.0000e+00   2.4476e+02
20191128_12:00:00   2.1403e-01   5.6236e+01   4.3669e+00   0.0000e+00   0.0000e+00   2.4517e+02
20191128_15:00:00   2.2223e-01   5.7988e+01   4.5475e+00   0.0000e+00   0.0000e+00   2.4481e+02
20191128_18:00:00   2.3268e-01   6.0221e+01   4.7609e+00   1.6200e-04   0.0000e+00   2.4264e+02
20191128_21:00:00   2.3958e-01   6.1543e+01   4.9692e+00   0.0000e+00   0.0000e+00   2.4424e+02
20191129_00:00:00   7.1690e-02   2.2958e+01   1.4766e+00   0.0000e+00   9.3520e-05   2.4568e+02
20191129_03:00:00   8.4157e-02   2.6054e+01   1.7635e+00   0.0000e+00   5.0540e-07   2.4383e+02
20191129_06:00:00   5.4503e-02   1.8519e+01   1.0819e+00   0.0000e+00   0.0000e+00   2.4244e+02
20191129_09:00:00   1.2374e-01   3.5462e+01   2.7114e+00   0.0000e+00   1.6622e-04   2.4188e+02
20191129_12:00:00   1.8176e-01   4.8147e+01   4.1825e+00   0.0000e+00   0.0000e+00   2.4193e+02
20191129_15:00:00   1.1300e-01   3.2055e+01   2.6793e+00   0.0000e+00   6.2633e-04   2.4335e+02
20191129_18:00:00   5.4622e-02   1.8074e+01   1.1734e+00   0.0000e+00   1.9920e-04   2.4585e+02
20191129_21:00:00   3.3952e-02   1.3119e+01   5.5337e-01   0.0000e+00   1.5916e-04   2.4909e+02
20191130_00:00:00   3.7845e-02   1.4301e+01   6.0611e-01   0.0000e+00   0.0000e+00   2.5230e+02
