#            date       tau225        Tb[K]      pwv[mm] lwp[kg*m^-2] iwp[kg*m^-2]       o3[DU]
20191114_06:00:00   1.0150e-01   3.0394e+01   2.2564e+00   0.0000e+00   0.0000e+00   2.4394e+02
20191114_07:00:00   1.0275e-01   3.0673e+01   2.2893e+00   0.0000e+00   0.0000e+00   2.4424e+02
20191114_08:00:00   1.0332e-01   3.0821e+01   2.3001e+00   0.0000e+00   0.0000e+00   2.4344e+02
20191114_09:00:00   1.0336e-01   3.0831e+01   2.2928e+00   0.0000e+00   0.0000e+00   2.4347e+02
20191114_10:00:00   1.0304e-01   3.0760e+01   2.2844e+00   0.0000e+00   0.0000e+00   2.4439e+02
20191114_11:00:00   1.0403e-01   3.0995e+01   2.3110e+00   0.0000e+00   0.0000e+00   2.4443e+02
20191114_12:00:00   1.0638e-01   3.1537e+01   2.3728e+00   0.0000e+00   0.0000e+00   2.4357e+02
20191114_13:00:00   1.0943e-01   3.2247e+01   2.4505e+00   0.0000e+00   0.0000e+00   2.4321e+02
20191114_14:00:00   1.1073e-01   3.2560e+01   2.4791e+00   0.0000e+00   0.0000e+00   2.4367e+02
20191114_15:00:00   1.1203e-01   3.2875e+01   2.5048e+00   0.0000e+00   0.0000e+00   2.4365e+02
20191114_16:00:00   1.1040e-01   3.2499e+01   2.4658e+00   0.0000e+00   0.0000e+00   2.4284e+02
20191114_17:00:00   1.0775e-01   3.1874e+01   2.4025e+00   0.0000e+00   0.0000e+00   2.4220e+02
20191114_18:00:00   1.0391e-01   3.0971e+01   2.3089e+00   0.0000e+00   0.0000e+00   2.4244e+02
20191114_19:00:00   1.0204e-01   3.0521e+01   2.2657e+00   0.0000e+00   0.0000e+00   2.4262e+02
20191114_20:00:00   1.0189e-01   3.0478e+01   2.2658e+00   0.0000e+00   0.0000e+00   2.4352e+02
20191114_21:00:00   1.0312e-01   3.0771e+01   2.2976e+00   0.0000e+00   0.0000e+00   2.4495e+02
20191114_22:00:00   1.0257e-01   3.0634e+01   2.2844e+00   0.0000e+00   0.0000e+00   2.4602e+02
20191114_23:00:00   1.0199e-01   3.0486e+01   2.2732e+00   0.0000e+00   0.0000e+00   2.4583e+02
20191115_00:00:00   1.0280e-01   3.0690e+01   2.2949e+00   0.0000e+00   0.0000e+00   2.4540e+02
20191115_01:00:00   1.0390e-01   3.0965e+01   2.3214e+00   0.0000e+00   0.0000e+00   2.4502e+02
20191115_02:00:00   1.0456e-01   3.1118e+01   2.3374e+00   0.0000e+00   0.0000e+00   2.4486e+02
20191115_03:00:00   1.0195e-01   3.0474e+01   2.2768e+00   0.0000e+00   0.0000e+00   2.4487e+02
20191115_04:00:00   1.0098e-01   3.0232e+01   2.2548e+00   0.0000e+00   0.0000e+00   2.4453e+02
20191115_05:00:00   1.0117e-01   3.0247e+01   2.2622e+00   0.0000e+00   0.0000e+00   2.4428e+02
20191115_06:00:00   1.0085e-01   3.0163e+01   2.2498e+00   0.0000e+00   0.0000e+00   2.4441e+02
20191115_07:00:00   9.9813e-02   2.9934e+01   2.2150e+00   0.0000e+00   0.0000e+00   2.4495e+02
20191115_08:00:00   9.8442e-02   2.9612e+01   2.1771e+00   0.0000e+00   0.0000e+00   2.4565e+02
20191115_09:00:00   9.7488e-02   2.9376e+01   2.1509e+00   0.0000e+00   0.0000e+00   2.4573e+02
20191115_10:00:00   9.6323e-02   2.9102e+01   2.1182e+00   0.0000e+00   0.0000e+00   2.4497e+02
20191115_11:00:00   9.5993e-02   2.9027e+01   2.1050e+00   0.0000e+00   0.0000e+00   2.4434e+02
20191115_12:00:00   9.4360e-02   2.8626e+01   2.0627e+00   0.0000e+00   0.0000e+00   2.4327e+02
20191115_13:00:00   9.1467e-02   2.7927e+01   1.9916e+00   0.0000e+00   0.0000e+00   2.4304e+02
20191115_14:00:00   8.7427e-02   2.6948e+01   1.8910e+00   0.0000e+00   0.0000e+00   2.4322e+02
20191115_15:00:00   8.4003e-02   2.6109e+01   1.8019e+00   0.0000e+00   0.0000e+00   2.4373e+02
20191115_16:00:00   8.1953e-02   2.5632e+01   1.7421e+00   0.0000e+00   0.0000e+00   2.4373e+02
20191115_17:00:00   8.1752e-02   2.5618e+01   1.7231e+00   0.0000e+00   0.0000e+00   2.4370e+02
20191115_18:00:00   8.4576e-02   2.6352e+01   1.7797e+00   0.0000e+00   0.0000e+00   2.4373e+02
20191115_19:00:00   9.8206e-02   2.9726e+01   2.0844e+00   0.0000e+00   0.0000e+00   2.4392e+02
20191115_20:00:00   1.1599e-01   3.4000e+01   2.4885e+00   0.0000e+00   0.0000e+00   2.4435e+02
20191115_21:00:00   1.2821e-01   3.6848e+01   2.7860e+00   0.0000e+00   0.0000e+00   2.4434e+02
20191115_22:00:00   1.4660e-01   4.1023e+01   3.2417e+00   0.0000e+00   0.0000e+00   2.4329e+02
20191115_23:00:00   1.6145e-01   4.4313e+01   3.6123e+00   0.0000e+00   5.2560e-05   2.4319e+02
20191116_00:00:00   1.6883e-01   4.5913e+01   3.7983e+00   0.0000e+00   2.2916e-05   2.4324e+02
20191116_01:00:00   1.8680e-01   4.9844e+01   4.2103e+00   8.4980e-05   8.5040e-04   2.4218e+02
20191116_02:00:00   2.1612e-01   5.6132e+01   4.8783e+00   0.0000e+00   3.2535e-03   2.4064e+02
20191116_03:00:00   2.5413e-01   6.3961e+01   5.7744e+00   0.0000e+00   8.8836e-03   2.4065e+02
20191116_04:00:00   2.8075e-01   6.9331e+01   6.3676e+00   0.0000e+00   3.3928e-03   2.4191e+02
20191116_05:00:00   3.0422e-01   7.3926e+01   6.8762e+00   0.0000e+00   1.9505e-02   2.4279e+02
20191116_06:00:00   3.2742e-01   7.8335e+01   7.3709e+00   0.0000e+00   1.4502e-02   2.4324e+02
20191116_07:00:00   3.6053e-01   8.4424e+01   8.1163e+00   0.0000e+00   1.0139e-02   2.4336e+02
20191116_08:00:00   3.9183e-01   8.9994e+01   8.8048e+00   0.0000e+00   7.2661e-03   2.4357e+02
20191116_09:00:00   4.0343e-01   9.1991e+01   9.0322e+00   0.0000e+00   7.5733e-03   2.4360e+02
20191116_10:00:00   4.0217e-01   9.1759e+01   8.9922e+00   0.0000e+00   1.0897e-02   2.4364e+02
20191116_11:00:00   3.9570e-01   9.0593e+01   8.8557e+00   0.0000e+00   1.4134e-02   2.4347e+02
20191116_12:00:00   3.9230e-01   8.9901e+01   8.8182e+00   0.0000e+00   2.1731e-02   2.4145e+02
20191116_13:00:00   3.8059e-01   8.7733e+01   8.5885e+00   0.0000e+00   3.6848e-02   2.4062e+02
20191116_14:00:00   3.6778e-01   8.5352e+01   8.3457e+00   0.0000e+00   3.5724e-02   2.4108e+02
20191116_15:00:00   3.7471e-01   8.6490e+01   8.5173e+00   0.0000e+00   6.3957e-02   2.4236e+02
20191116_16:00:00   3.7946e-01   8.7297e+01   8.5920e+00   0.0000e+00   8.6233e-02   2.4321e+02
20191116_17:00:00   3.8234e-01   8.7783e+01   8.6728e+00   0.0000e+00   5.7078e-02   2.4337e+02
20191116_18:00:00   3.8943e-01   8.9039e+01   8.8040e+00   0.0000e+00   4.6637e-02   2.4344e+02
20191116_19:00:00   3.9500e-01   9.0041e+01   8.8850e+00   0.0000e+00   8.5040e-02   2.4486e+02
20191116_20:00:00   4.0301e-01   9.1463e+01   9.0054e+00   0.0000e+00   1.5439e-01   2.4630e+02
20191116_21:00:00   3.9767e-01   9.0590e+01   8.9161e+00   0.0000e+00   8.4568e-02   2.4638e+02
20191116_22:00:00   3.9494e-01   9.0167e+01   8.8559e+00   0.0000e+00   3.6448e-02   2.4615e+02
20191116_23:00:00   4.1146e-01   9.3155e+01   9.1532e+00   3.5502e-05   1.3187e-02   2.4545e+02
20191117_00:00:00   4.2371e-01   9.5331e+01   9.3762e+00   0.0000e+00   1.0593e-02   2.4560e+02
20191117_01:00:00   4.3089e-01   9.6673e+01   9.4339e+00   0.0000e+00   3.2910e-03   2.4601e+02
20191117_02:00:00   4.2505e-01   9.5754e+01   9.2443e+00   0.0000e+00   1.3329e-03   2.4632e+02
20191117_03:00:00   4.1454e-01   9.4003e+01   8.9772e+00   2.6560e-05   1.6092e-04   2.4707e+02
20191117_04:00:00   4.1420e-01   9.3921e+01   8.9588e+00   0.0000e+00   4.7522e-03   2.4739e+02
20191117_05:00:00   4.3554e-01   9.7406e+01   9.3737e+00   0.0000e+00   1.1609e-01   2.4842e+02
20191117_06:00:00   4.3824e-01   9.7985e+01   9.3987e+00   0.0000e+00   4.4873e-02   2.4951e+02
20191117_07:00:00   4.0771e-01   9.2846e+01   8.7679e+00   0.0000e+00   4.1326e-03   2.5022e+02
20191117_08:00:00   3.9559e-01   9.0654e+01   8.5434e+00   0.0000e+00   6.2036e-04   2.5055e+02
20191117_09:00:00   3.6740e-01   8.5628e+01   7.9656e+00   0.0000e+00   1.3086e-03   2.4996e+02
20191117_10:00:00   3.4963e-01   8.2383e+01   7.5576e+00   0.0000e+00   1.6223e-03   2.4907e+02
20191117_11:00:00   3.5946e-01   8.4168e+01   7.7361e+00   0.0000e+00   8.1821e-04   2.4860e+02
20191117_12:00:00   3.7678e-01   8.7229e+01   8.0552e+00   0.0000e+00   2.1717e-03   2.5026e+02
20191117_13:00:00   3.6084e-01   8.4343e+01   7.7601e+00   0.0000e+00   3.6371e-03   2.5092e+02
20191117_14:00:00   3.6225e-01   8.4551e+01   7.7875e+00   0.0000e+00   3.6887e-03   2.5064e+02
20191117_15:00:00   3.3694e-01   8.0026e+01   7.1651e+00   0.0000e+00   3.8292e-03   2.5148e+02
20191117_16:00:00   3.4024e-01   8.0595e+01   7.1953e+00   0.0000e+00   2.3748e-03   2.5312e+02
20191117_17:00:00   3.1587e-01   7.6034e+01   6.6888e+00   0.0000e+00   3.4891e-03   2.5309e+02
20191117_18:00:00   3.2253e-01   7.7249e+01   6.7961e+00   0.0000e+00   3.0589e-03   2.5443e+02
20191117_19:00:00   3.4253e-01   8.1050e+01   7.1508e+00   0.0000e+00   1.4283e-03   2.5528e+02
20191117_20:00:00   3.2566e-01   7.7899e+01   6.8096e+00   0.0000e+00   3.2399e-03   2.5669e+02
20191117_21:00:00   3.2434e-01   7.7650e+01   6.7543e+00   0.0000e+00   1.1749e-03   2.5706e+02
20191117_22:00:00   3.0501e-01   7.3906e+01   6.4031e+00   0.0000e+00   1.5910e-03   2.5789e+02
20191117_23:00:00   2.9678e-01   7.2324e+01   6.2340e+00   0.0000e+00   3.8387e-04   2.6041e+02
20191118_00:00:00   2.9389e-01   7.1579e+01   6.2517e+00   0.0000e+00   1.3779e-04   2.5930e+02
20191118_01:00:00   2.7790e-01   6.8287e+01   5.9956e+00   0.0000e+00   8.0561e-04   2.5747e+02
20191118_02:00:00   2.9086e-01   7.0642e+01   6.3443e+00   0.0000e+00   4.0481e-03   2.5627e+02
20191118_03:00:00   2.4952e-01   6.2522e+01   5.4129e+00   0.0000e+00   5.3643e-04   2.5730e+02
20191118_04:00:00   2.4315e-01   6.1063e+01   5.3404e+00   0.0000e+00   5.5537e-04   2.5754e+02
20191118_05:00:00   2.4859e-01   6.2468e+01   5.3213e+00   0.0000e+00   2.5264e-06   2.5770e+02
20191118_06:00:00   2.3308e-01   5.9447e+01   4.8855e+00   0.0000e+00   0.0000e+00   2.5766e+02
20191118_07:00:00   2.0761e-01   5.4108e+01   4.3276e+00   0.0000e+00   0.0000e+00   2.6101e+02
20191118_08:00:00   1.8395e-01   4.9058e+01   3.7831e+00   0.0000e+00   0.0000e+00   2.6158e+02
20191118_09:00:00   1.6850e-01   4.5685e+01   3.4227e+00   1.9560e-05   0.0000e+00   2.6109e+02
20191118_10:00:00   1.6389e-01   4.4623e+01   3.2680e+00   7.7060e-04   2.4322e-06   2.6036e+02
20191118_11:00:00   1.6528e-01   4.4903e+01   3.2532e+00   1.4759e-03   3.5680e-06   2.6098e+02
20191118_12:00:00   1.7091e-01   4.6146e+01   3.2336e+00   4.0040e-03   3.7080e-05   2.6258e+02
20191118_13:00:00   1.6526e-01   4.4847e+01   3.2860e+00   4.8070e-04   1.5518e-05   2.6392e+02
20191118_14:00:00   1.4137e-01   3.9389e+01   2.8500e+00   0.0000e+00   3.4540e-06   2.6470e+02
20191118_15:00:00   1.1346e-01   3.2811e+01   2.2967e+00   0.0000e+00   8.8618e-06   2.6406e+02
20191118_16:00:00   9.5706e-02   2.8474e+01   1.9559e+00   0.0000e+00   0.0000e+00   2.6394e+02
20191118_17:00:00   1.1457e-01   3.2734e+01   2.4443e+00   0.0000e+00   1.5164e-05   2.6359e+02
20191118_18:00:00   1.2945e-01   3.5992e+01   2.8379e+00   0.0000e+00   9.4278e-04   2.6241e+02
20191118_19:00:00   1.4028e-01   3.8300e+01   3.1439e+00   0.0000e+00   4.3653e-03   2.6187e+02
20191118_20:00:00   1.7558e-01   4.6117e+01   3.9540e+00   0.0000e+00   1.7721e-03   2.6367e+02
20191118_21:00:00   1.8104e-01   4.7527e+01   4.0119e+00   0.0000e+00   2.6274e-05   2.6430e+02
20191118_22:00:00   2.0515e-01   5.2785e+01   4.5023e+00   0.0000e+00   6.3180e-07   2.6366e+02
20191118_23:00:00   2.0941e-01   5.3738e+01   4.5015e+00   1.6867e-03   8.9670e-06   2.6223e+02
20191119_00:00:00   2.1050e-01   5.3908e+01   4.6211e+00   0.0000e+00   1.0950e-06   2.6126e+02
20191119_01:00:00   2.1403e-01   5.4702e+01   4.6926e+00   0.0000e+00   1.0850e-06   2.5977e+02
20191119_02:00:00   2.2060e-01   5.6287e+01   4.7463e+00   1.6520e-05   0.0000e+00   2.5899e+02
20191119_03:00:00   2.1039e-01   5.4356e+01   4.3907e+00   1.3065e-03   2.0276e-05   2.5749e+02
20191119_04:00:00   2.0313e-01   5.2776e+01   4.3068e+00   6.7380e-06   0.0000e+00   2.5703e+02
20191119_05:00:00   2.0573e-01   5.3295e+01   4.3531e+00   0.0000e+00   0.0000e+00   2.5724e+02
20191119_06:00:00   2.0430e-01   5.2981e+01   4.3218e+00   0.0000e+00   0.0000e+00   2.5782e+02
20191119_09:00:00   1.8966e-01   4.9862e+01   4.0112e+00   0.0000e+00   0.0000e+00   2.5717e+02
20191119_12:00:00   1.6845e-01   4.5392e+01   3.4763e+00   0.0000e+00   0.0000e+00   2.5330e+02
20191119_15:00:00   1.6652e-01   4.4846e+01   3.5515e+00   0.0000e+00   0.0000e+00   2.5005e+02
20191119_18:00:00   1.4208e-01   3.9471e+01   3.0272e+00   0.0000e+00   0.0000e+00   2.4893e+02
20191119_21:00:00   1.4191e-01   3.9516e+01   3.0248e+00   7.2870e-05   2.3320e-06   2.4647e+02
20191120_00:00:00   1.8299e-01   4.8817e+01   3.8997e+00   2.7660e-04   0.0000e+00   2.4431e+02
20191120_03:00:00   1.6532e-01   4.4977e+01   3.5277e+00   0.0000e+00   0.0000e+00   2.4177e+02
20191120_06:00:00   1.6126e-01   4.4022e+01   3.4784e+00   0.0000e+00   0.0000e+00   2.4136e+02
20191120_09:00:00   1.5724e-01   4.3149e+01   3.3864e+00   0.0000e+00   0.0000e+00   2.4255e+02
20191120_12:00:00   1.4849e-01   4.1142e+01   3.2347e+00   0.0000e+00   0.0000e+00   2.4197e+02
20191120_15:00:00   1.5043e-01   4.1600e+01   3.2903e+00   0.0000e+00   0.0000e+00   2.4042e+02
20191120_18:00:00   1.4796e-01   4.1110e+01   3.2258e+00   0.0000e+00   0.0000e+00   2.4367e+02
20191120_21:00:00   1.5696e-01   4.3160e+01   3.4186e+00   0.0000e+00   0.0000e+00   2.4481e+02
20191121_00:00:00   1.9986e-01   5.2745e+01   4.2475e+00   9.8890e-04   2.2020e-06   2.4618e+02
20191121_03:00:00   3.0522e-01   7.4520e+01   5.6689e+00   1.4932e-02   1.1669e-04   2.4622e+02
20191121_06:00:00   3.1675e-01   7.6734e+01   6.3798e+00   4.6860e-03   1.1227e-03   2.4814e+02
20191121_09:00:00   2.6542e-01   6.6396e+01   5.6015e+00   7.4320e-04   5.2380e-06   2.4962e+02
20191121_12:00:00   2.9270e-01   7.1775e+01   5.6364e+00   1.1242e-02   2.5983e-05   2.4797e+02
20191121_15:00:00   1.7436e+00   2.2476e+02   7.3664e+00   5.8096e-01   3.2433e-02   2.4819e+02
20191121_18:00:00   9.0711e-01   1.6245e+02   8.9674e+00   2.0053e-01   1.5016e-01   2.4887e+02
20191121_21:00:00   1.0405e+00   1.7639e+02   9.8524e+00   2.3801e-01   1.8776e-01   2.4979e+02
20191122_00:00:00   1.5830e+00   2.1625e+02   9.8610e+00   4.6643e-01   1.2102e-01   2.4705e+02
20191122_03:00:00   9.5527e-01   1.6809e+02   8.3896e+00   2.3136e-01   3.2480e-02   2.4512e+02
20191122_06:00:00   4.4794e-01   1.0014e+02   7.5993e+00   3.4644e-02   1.0855e-02   2.4814e+02
20191122_09:00:00   3.4915e-01   8.2372e+01   7.3874e+00   0.0000e+00   1.9636e-02   2.5055e+02
20191122_12:00:00   3.4759e-01   8.2105e+01   7.3821e+00   0.0000e+00   3.6461e-02   2.5117e+02
20191122_15:00:00   3.5250e-01   8.2922e+01   7.5450e+00   0.0000e+00   7.2510e-02   2.4987e+02
20191122_18:00:00   3.3953e-01   8.0552e+01   7.3612e+00   0.0000e+00   5.0117e-02   2.5067e+02
20191122_21:00:00   3.4204e-01   8.0999e+01   7.4494e+00   0.0000e+00   3.3283e-02   2.5234e+02
20191123_00:00:00   3.5635e-01   8.3426e+01   7.9157e+00   0.0000e+00   1.3450e-01   2.5068e+02
20191123_03:00:00   4.0875e-01   9.2808e+01   9.0517e+00   0.0000e+00   1.2547e-01   2.5013e+02
20191123_06:00:00   3.2536e-01   7.7382e+01   7.4036e+00   0.0000e+00   1.0389e-01   2.5255e+02
20191123_09:00:00   2.8010e-01   6.8327e+01   6.5341e+00   0.0000e+00   8.2714e-02   2.5270e+02
20191123_12:00:00   2.3855e-01   5.9933e+01   5.6503e+00   0.0000e+00   2.3437e-02   2.4995e+02
20191123_15:00:00   2.0494e-01   5.2927e+01   4.8817e+00   0.0000e+00   2.6264e-02   2.4743e+02
20191123_18:00:00   1.4741e-01   3.9981e+01   3.5885e+00   0.0000e+00   6.3087e-03   2.4580e+02
20191123_21:00:00   1.1717e-01   3.2771e+01   2.8662e+00   0.0000e+00   3.4342e-02   2.4895e+02
20191124_00:00:00   1.2210e-01   3.3855e+01   2.9859e+00   0.0000e+00   5.7862e-02   2.4827e+02
20191124_03:00:00   1.2328e-01   3.4208e+01   3.0292e+00   0.0000e+00   1.1217e-02   2.4788e+02
20191124_06:00:00   1.1813e-01   3.3061e+01   2.8783e+00   0.0000e+00   3.3070e-02   2.4917e+02
20191124_09:00:00   1.2519e-01   3.4645e+01   2.9760e+00   0.0000e+00   1.8515e-01   2.4743e+02
20191124_12:00:00   1.1413e-01   3.2340e+01   2.7589e+00   0.0000e+00   1.4236e-02   2.4738e+02
20191124_15:00:00   1.1697e-01   3.3209e+01   2.7986e+00   0.0000e+00   2.1097e-03   2.4494e+02
20191124_18:00:00   1.3629e-01   3.7940e+01   3.2289e+00   0.0000e+00   3.2402e-03   2.4569e+02
20191124_21:00:00   1.3508e-01   3.7853e+01   3.1525e+00   0.0000e+00   2.4507e-03   2.4729e+02
20191125_00:00:00   1.2376e-01   3.5330e+01   2.8515e+00   0.0000e+00   7.0231e-04   2.4739e+02
20191125_03:00:00   1.2778e-01   3.6290e+01   2.9440e+00   0.0000e+00   3.4708e-03   2.4566e+02
20191125_06:00:00   1.1856e-01   3.4159e+01   2.7073e+00   0.0000e+00   1.0817e-03   2.4764e+02
20191125_09:00:00   1.1349e-01   3.2901e+01   2.5915e+00   0.0000e+00   5.8601e-04   2.5024e+02
20191125_12:00:00   1.0726e-01   3.1412e+01   2.4495e+00   0.0000e+00   2.9534e-04   2.4838e+02
20191125_15:00:00   9.4736e-02   2.8413e+01   2.1439e+00   0.0000e+00   1.2193e-03   2.4710e+02
20191125_18:00:00   8.6750e-02   2.6385e+01   1.9696e+00   0.0000e+00   7.0920e-03   2.4681e+02
20191125_21:00:00   8.3500e-02   2.5562e+01   1.8968e+00   0.0000e+00   3.3445e-03   2.4923e+02
20191126_00:00:00   8.4318e-02   2.5748e+01   1.9097e+00   0.0000e+00   2.7814e-02   2.4793e+02
20191126_03:00:00   8.3224e-02   2.5472e+01   1.8836e+00   0.0000e+00   2.4439e-02   2.4440e+02
20191126_06:00:00   7.6513e-02   2.3817e+01   1.7198e+00   0.0000e+00   1.1683e-02   2.4603e+02
20191126_09:00:00   7.3097e-02   2.2986e+01   1.6249e+00   0.0000e+00   1.2801e-02   2.4763e+02
20191126_12:00:00   7.2766e-02   2.2857e+01   1.6266e+00   0.0000e+00   7.9541e-03   2.4778e+02
20191126_15:00:00   7.2335e-02   2.2705e+01   1.6226e+00   0.0000e+00   6.4759e-03   2.4383e+02
20191126_18:00:00   6.9885e-02   2.2076e+01   1.5651e+00   0.0000e+00   5.1724e-03   2.4301e+02
20191126_21:00:00   6.5410e-02   2.0948e+01   1.4533e+00   0.0000e+00   3.7401e-03   2.4478e+02
20191127_00:00:00   6.0543e-02   1.9709e+01   1.3285e+00   0.0000e+00   6.8846e-03   2.4467e+02
20191127_03:00:00   6.0001e-02   1.9539e+01   1.3206e+00   0.0000e+00   3.9655e-03   2.4275e+02
20191127_06:00:00   5.8989e-02   1.9328e+01   1.2832e+00   0.0000e+00   6.4598e-04   2.4497e+02
20191127_09:00:00   5.9849e-02   1.9619e+01   1.2896e+00   0.0000e+00   1.6654e-05   2.4689e+02
20191127_12:00:00   6.2308e-02   2.0270e+01   1.3449e+00   0.0000e+00   0.0000e+00   2.4650e+02
20191127_15:00:00   6.5464e-02   2.1118e+01   1.4131e+00   0.0000e+00   0.0000e+00   2.4420e+02
20191127_18:00:00   6.7698e-02   2.1775e+01   1.4483e+00   0.0000e+00   0.0000e+00   2.4265e+02
20191127_21:00:00   6.9285e-02   2.2230e+01   1.4778e+00   0.0000e+00   0.0000e+00   2.4247e+02
20191128_00:00:00   5.9102e-02   1.9841e+01   1.1847e+00   0.0000e+00   0.0000e+00   2.4338e+02
20191128_03:00:00   5.0266e-02   1.7640e+01   9.4777e-01   0.0000e+00   0.0000e+00   2.4068e+02
20191128_06:00:00   5.5169e-02   1.8946e+01   1.0617e+00   0.0000e+00   0.0000e+00   2.4036e+02
20191128_09:00:00   6.2135e-02   2.0773e+01   1.2253e+00   0.0000e+00   0.0000e+00   2.4237e+02
20191128_12:00:00   6.6794e-02   2.2005e+01   1.3221e+00   1.9710e-05   0.0000e+00   2.4087e+02
20191128_15:00:00   6.2439e-02   2.0871e+01   1.2246e+00   0.0000e+00   0.0000e+00   2.3931e+02
20191128_18:00:00   6.2466e-02   2.0886e+01   1.2212e+00   0.0000e+00   0.0000e+00   2.3860e+02
20191128_21:00:00   6.8500e-02   2.2436e+01   1.3607e+00   0.0000e+00   0.0000e+00   2.4062e+02
20191129_00:00:00   6.8316e-02   2.2390e+01   1.3566e+00   0.0000e+00   0.0000e+00   2.4069e+02
20191129_03:00:00   6.5781e-02   2.1724e+01   1.3043e+00   0.0000e+00   0.0000e+00   2.4036e+02
20191129_06:00:00   7.1391e-02   2.3127e+01   1.4401e+00   0.0000e+00   0.0000e+00   2.4071e+02
20191129_09:00:00   7.8142e-02   2.4784e+01   1.5947e+00   0.0000e+00   0.0000e+00   2.4127e+02
20191129_12:00:00   7.8589e-02   2.4873e+01   1.6054e+00   0.0000e+00   0.0000e+00   2.4034e+02
20191129_15:00:00   8.0476e-02   2.5347e+01   1.6426e+00   0.0000e+00   0.0000e+00   2.3962e+02
20191129_18:00:00   7.5582e-02   2.4130e+01   1.5192e+00   0.0000e+00   0.0000e+00   2.3942e+02
20191129_21:00:00   7.8139e-02   2.4772e+01   1.5689e+00   0.0000e+00   0.0000e+00   2.4107e+02
20191130_00:00:00   7.7228e-02   2.4532e+01   1.5492e+00   0.0000e+00   0.0000e+00   2.4152e+02
20191130_03:00:00   7.5950e-02   2.4216e+01   1.5145e+00   0.0000e+00   0.0000e+00   2.3962e+02
20191130_06:00:00   7.2593e-02   2.3355e+01   1.4363e+00   0.0000e+00   0.0000e+00   2.3890e+02
