#            date       tau225        Tb[K]      pwv[mm] lwp[kg*m^-2] iwp[kg*m^-2]       o3[DU]
20191111_06:00:00   9.0152e-02   2.7278e+01   1.9776e+00   0.0000e+00   4.0430e-08   2.5552e+02
20191111_07:00:00   9.7717e-02   2.9120e+01   2.1552e+00   0.0000e+00   0.0000e+00   2.5558e+02
20191111_08:00:00   1.0142e-01   3.0064e+01   2.2328e+00   0.0000e+00   0.0000e+00   2.5287e+02
20191111_09:00:00   1.0145e-01   3.0108e+01   2.2380e+00   0.0000e+00   0.0000e+00   2.5021e+02
20191111_10:00:00   1.0036e-01   2.9899e+01   2.2067e+00   0.0000e+00   0.0000e+00   2.4925e+02
20191111_11:00:00   1.0220e-01   3.0414e+01   2.2405e+00   0.0000e+00   0.0000e+00   2.4785e+02
20191111_12:00:00   1.0953e-01   3.2199e+01   2.4092e+00   0.0000e+00   0.0000e+00   2.4724e+02
20191111_13:00:00   1.1279e-01   3.2994e+01   2.4744e+00   0.0000e+00   0.0000e+00   2.4722e+02
20191111_14:00:00   1.0742e-01   3.1762e+01   2.3358e+00   0.0000e+00   0.0000e+00   2.4816e+02
20191111_15:00:00   1.0645e-01   3.1522e+01   2.3152e+00   0.0000e+00   0.0000e+00   2.4758e+02
20191111_16:00:00   1.1484e-01   3.3504e+01   2.5148e+00   0.0000e+00   0.0000e+00   2.4602e+02
20191111_17:00:00   1.1940e-01   3.4616e+01   2.6182e+00   0.0000e+00   0.0000e+00   2.4625e+02
20191111_18:00:00   1.2574e-01   3.6115e+01   2.7626e+00   0.0000e+00   0.0000e+00   2.4721e+02
20191111_19:00:00   1.2738e-01   3.6522e+01   2.8007e+00   0.0000e+00   0.0000e+00   2.4846e+02
20191111_20:00:00   1.2435e-01   3.5829e+01   2.7356e+00   0.0000e+00   0.0000e+00   2.4933e+02
20191111_21:00:00   1.2324e-01   3.5588e+01   2.7090e+00   0.0000e+00   0.0000e+00   2.5046e+02
20191111_22:00:00   1.2619e-01   3.6291e+01   2.7713e+00   0.0000e+00   0.0000e+00   2.5096e+02
20191111_23:00:00   1.3227e-01   3.7697e+01   2.9218e+00   0.0000e+00   0.0000e+00   2.5126e+02
20191112_00:00:00   1.3875e-01   3.9207e+01   3.0746e+00   0.0000e+00   0.0000e+00   2.5133e+02
20191112_01:00:00   1.4056e-01   3.9659e+01   3.1088e+00   0.0000e+00   0.0000e+00   2.4865e+02
20191112_02:00:00   1.4219e-01   4.0076e+01   3.1321e+00   0.0000e+00   0.0000e+00   2.4662e+02
20191112_03:00:00   1.5368e-01   4.2781e+01   3.3068e+00   1.2780e-03   0.0000e+00   2.4625e+02
20191112_04:00:00   1.6153e-01   4.4610e+01   3.5259e+00   0.0000e+00   0.0000e+00   2.4555e+02
20191112_05:00:00   1.7893e-01   4.8540e+01   3.8900e+00   0.0000e+00   0.0000e+00   2.4580e+02
20191112_06:00:00   1.7806e-01   4.8343e+01   3.8900e+00   0.0000e+00   0.0000e+00   2.4591e+02
20191112_07:00:00   1.7724e-01   4.8143e+01   3.8918e+00   0.0000e+00   1.6095e-05   2.4536e+02
20191112_08:00:00   1.7232e-01   4.7001e+01   3.8018e+00   0.0000e+00   2.6730e-05   2.4565e+02
20191112_09:00:00   1.6543e-01   4.5420e+01   3.6650e+00   0.0000e+00   2.9150e-05   2.4509e+02
20191112_10:00:00   1.5924e-01   4.3971e+01   3.5401e+00   0.0000e+00   2.5329e-05   2.4413e+02
20191112_11:00:00   1.5547e-01   4.3087e+01   3.4609e+00   0.0000e+00   2.8450e-05   2.4260e+02
20191112_12:00:00   1.5239e-01   4.2397e+01   3.3832e+00   0.0000e+00   2.4339e-05   2.4183e+02
20191112_13:00:00   1.5158e-01   4.2226e+01   3.3581e+00   0.0000e+00   2.2043e-05   2.4216e+02
20191112_14:00:00   1.4859e-01   4.1518e+01   3.2981e+00   0.0000e+00   1.4135e-05   2.4239e+02
20191112_15:00:00   1.4391e-01   4.0419e+01   3.2060e+00   0.0000e+00   1.1799e-05   2.4289e+02
20191112_16:00:00   1.3840e-01   3.9122e+01   3.1027e+00   0.0000e+00   1.0597e-05   2.4364e+02
20191112_17:00:00   1.3630e-01   3.8613e+01   3.0609e+00   0.0000e+00   1.0198e-05   2.4426e+02
20191112_18:00:00   1.3441e-01   3.8181e+01   3.0224e+00   0.0000e+00   2.9200e-06   2.4461e+02
20191112_19:00:00   1.3151e-01   3.7513e+01   2.9656e+00   0.0000e+00   3.2953e-06   2.4481e+02
20191112_20:00:00   1.2870e-01   3.6858e+01   2.9076e+00   0.0000e+00   2.4140e-06   2.4500e+02
20191112_21:00:00   1.2606e-01   3.6248e+01   2.8515e+00   0.0000e+00   2.4140e-06   2.4463e+02
20191112_22:00:00   1.2479e-01   3.5952e+01   2.8235e+00   0.0000e+00   3.0180e-06   2.4436e+02
20191112_23:00:00   1.2561e-01   3.6153e+01   2.8380e+00   0.0000e+00   5.0420e-06   2.4366e+02
20191113_00:00:00   1.2716e-01   3.6511e+01   2.8683e+00   0.0000e+00   4.6160e-06   2.4175e+02
20191113_01:00:00   1.2801e-01   3.6726e+01   2.8821e+00   0.0000e+00   0.0000e+00   2.4025e+02
20191113_02:00:00   1.2821e-01   3.6794e+01   2.8844e+00   0.0000e+00   0.0000e+00   2.4012e+02
20191113_03:00:00   1.2626e-01   3.6349e+01   2.8347e+00   0.0000e+00   0.0000e+00   2.4144e+02
20191113_04:00:00   1.2415e-01   3.5844e+01   2.7829e+00   0.0000e+00   0.0000e+00   2.4201e+02
20191113_05:00:00   1.2422e-01   3.5844e+01   2.7876e+00   8.3600e-06   0.0000e+00   2.4296e+02
20191113_06:00:00   1.2508e-01   3.6013e+01   2.8133e+00   0.0000e+00   0.0000e+00   2.4369e+02
20191113_07:00:00   1.2389e-01   3.5728e+01   2.7781e+00   0.0000e+00   0.0000e+00   2.4397e+02
20191113_08:00:00   1.2263e-01   3.5430e+01   2.7525e+00   0.0000e+00   0.0000e+00   2.4473e+02
20191113_09:00:00   1.2290e-01   3.5473e+01   2.7639e+00   0.0000e+00   0.0000e+00   2.4411e+02
20191113_10:00:00   1.2355e-01   3.5624e+01   2.7761e+00   0.0000e+00   0.0000e+00   2.4319e+02
20191113_11:00:00   1.2291e-01   3.5476e+01   2.7592e+00   0.0000e+00   0.0000e+00   2.4178e+02
20191113_12:00:00   1.2190e-01   3.5237e+01   2.7386e+00   0.0000e+00   0.0000e+00   2.4098e+02
20191113_13:00:00   1.2098e-01   3.5030e+01   2.7198e+00   0.0000e+00   0.0000e+00   2.4041e+02
20191113_14:00:00   1.1916e-01   3.4586e+01   2.6881e+00   0.0000e+00   0.0000e+00   2.3960e+02
20191113_15:00:00   1.1870e-01   3.4483e+01   2.6800e+00   0.0000e+00   0.0000e+00   2.3932e+02
20191113_16:00:00   1.1825e-01   3.4381e+01   2.6675e+00   0.0000e+00   0.0000e+00   2.3958e+02
20191113_17:00:00   1.1643e-01   3.3963e+01   2.6251e+00   0.0000e+00   0.0000e+00   2.3990e+02
20191113_18:00:00   1.1494e-01   3.3626e+01   2.5846e+00   0.0000e+00   0.0000e+00   2.4014e+02
20191113_19:00:00   1.1348e-01   3.3285e+01   2.5482e+00   0.0000e+00   0.0000e+00   2.4106e+02
20191113_20:00:00   1.1285e-01   3.3139e+01   2.5307e+00   0.0000e+00   0.0000e+00   2.4213e+02
20191113_21:00:00   1.1248e-01   3.3052e+01   2.5225e+00   0.0000e+00   0.0000e+00   2.4253e+02
20191113_22:00:00   1.1031e-01   3.2533e+01   2.4742e+00   0.0000e+00   0.0000e+00   2.4241e+02
20191113_23:00:00   1.0929e-01   3.2285e+01   2.4505e+00   0.0000e+00   0.0000e+00   2.4149e+02
20191114_00:00:00   1.0863e-01   3.2127e+01   2.4300e+00   0.0000e+00   0.0000e+00   2.4150e+02
20191114_01:00:00   1.0784e-01   3.1946e+01   2.4106e+00   0.0000e+00   4.4050e-07   2.4121e+02
20191114_02:00:00   1.0683e-01   3.1713e+01   2.3874e+00   0.0000e+00   0.0000e+00   2.4040e+02
20191114_03:00:00   1.0493e-01   3.1263e+01   2.3399e+00   0.0000e+00   0.0000e+00   2.3965e+02
20191114_04:00:00   1.0419e-01   3.1098e+01   2.3153e+00   0.0000e+00   0.0000e+00   2.3877e+02
20191114_05:00:00   1.0364e-01   3.0971e+01   2.2976e+00   0.0000e+00   0.0000e+00   2.3890e+02
20191114_06:00:00   1.0362e-01   3.0968e+01   2.2949e+00   0.0000e+00   1.6318e-06   2.3997e+02
20191114_07:00:00   1.0336e-01   3.0905e+01   2.2863e+00   0.0000e+00   0.0000e+00   2.4121e+02
20191114_08:00:00   1.0370e-01   3.0982e+01   2.2908e+00   0.0000e+00   0.0000e+00   2.4170e+02
20191114_09:00:00   1.0445e-01   3.1160e+01   2.3037e+00   0.0000e+00   0.0000e+00   2.4107e+02
20191114_10:00:00   1.0516e-01   3.1331e+01   2.3173e+00   0.0000e+00   0.0000e+00   2.4007e+02
20191114_11:00:00   1.0598e-01   3.1519e+01   2.3349e+00   0.0000e+00   0.0000e+00   2.3934e+02
20191114_12:00:00   1.0620e-01   3.1568e+01   2.3391e+00   0.0000e+00   0.0000e+00   2.3944e+02
20191114_13:00:00   1.0668e-01   3.1682e+01   2.3501e+00   0.0000e+00   0.0000e+00   2.3918e+02
20191114_14:00:00   1.0786e-01   3.1971e+01   2.3767e+00   0.0000e+00   0.0000e+00   2.3875e+02
20191114_15:00:00   1.0683e-01   3.1729e+01   2.3517e+00   0.0000e+00   0.0000e+00   2.3950e+02
20191114_16:00:00   1.0601e-01   3.1530e+01   2.3316e+00   0.0000e+00   0.0000e+00   2.4028e+02
20191114_17:00:00   1.0424e-01   3.1097e+01   2.2910e+00   0.0000e+00   0.0000e+00   2.4114e+02
20191114_18:00:00   1.0302e-01   3.0803e+01   2.2629e+00   0.0000e+00   0.0000e+00   2.4211e+02
20191114_19:00:00   1.0117e-01   3.0356e+01   2.2204e+00   0.0000e+00   0.0000e+00   2.4274e+02
20191114_20:00:00   9.9228e-02   2.9886e+01   2.1774e+00   0.0000e+00   0.0000e+00   2.4259e+02
20191114_21:00:00   9.7793e-02   2.9540e+01   2.1464e+00   0.0000e+00   0.0000e+00   2.4263e+02
20191114_22:00:00   9.6104e-02   2.9141e+01   2.1055e+00   0.0000e+00   0.0000e+00   2.4320e+02
20191114_23:00:00   9.3656e-02   2.8553e+01   2.0422e+00   0.0000e+00   0.0000e+00   2.4312e+02
20191115_00:00:00   9.3502e-02   2.8527e+01   2.0317e+00   0.0000e+00   0.0000e+00   2.4356e+02
20191115_01:00:00   9.2447e-02   2.8281e+01   1.9997e+00   0.0000e+00   0.0000e+00   2.4296e+02
20191115_02:00:00   9.2516e-02   2.8293e+01   1.9997e+00   0.0000e+00   0.0000e+00   2.4203e+02
20191115_03:00:00   9.0630e-02   2.7821e+01   1.9558e+00   0.0000e+00   0.0000e+00   2.4198e+02
20191115_04:00:00   8.9501e-02   2.7556e+01   1.9231e+00   0.0000e+00   0.0000e+00   2.4237e+02
20191115_05:00:00   8.7402e-02   2.7031e+01   1.8704e+00   0.0000e+00   0.0000e+00   2.4381e+02
20191115_06:00:00   8.3132e-02   2.5962e+01   1.7691e+00   0.0000e+00   4.4585e-04   2.4558e+02
20191115_07:00:00   8.0523e-02   2.5305e+01   1.7063e+00   0.0000e+00   3.2240e-06   2.4695e+02
20191115_08:00:00   8.0523e-02   2.5276e+01   1.7122e+00   0.0000e+00   3.3360e-05   2.4797e+02
20191115_09:00:00   8.1290e-02   2.5472e+01   1.7241e+00   0.0000e+00   1.5886e-05   2.4831e+02
20191115_10:00:00   8.2108e-02   2.5689e+01   1.7369e+00   0.0000e+00   0.0000e+00   2.4851e+02
20191115_11:00:00   8.5621e-02   2.6560e+01   1.8151e+00   0.0000e+00   0.0000e+00   2.4801e+02
20191115_12:00:00   9.6713e-02   2.9220e+01   2.0949e+00   0.0000e+00   1.3094e-05   2.4675e+02
20191115_13:00:00   1.1097e-01   3.2535e+01   2.4759e+00   0.0000e+00   1.5206e-04   2.4506e+02
20191115_14:00:00   1.2495e-01   3.5795e+01   2.8224e+00   0.0000e+00   0.0000e+00   2.4451e+02
20191115_15:00:00   1.4228e-01   3.9795e+01   3.2405e+00   0.0000e+00   0.0000e+00   2.4468e+02
20191115_16:00:00   1.6577e-01   4.5096e+01   3.8057e+00   0.0000e+00   0.0000e+00   2.4455e+02
20191115_17:00:00   1.9132e-01   5.0714e+01   4.4195e+00   0.0000e+00   0.0000e+00   2.4497e+02
20191115_18:00:00   2.1626e-01   5.6010e+01   5.0370e+00   0.0000e+00   0.0000e+00   2.4608e+02
20191115_19:00:00   2.3723e-01   6.0395e+01   5.5344e+00   0.0000e+00   0.0000e+00   2.4674e+02
20191115_20:00:00   2.4602e-01   6.2220e+01   5.7312e+00   0.0000e+00   0.0000e+00   2.4681e+02
20191115_21:00:00   2.5063e-01   6.3174e+01   5.8363e+00   0.0000e+00   0.0000e+00   2.4606e+02
20191115_22:00:00   2.5281e-01   6.3646e+01   5.8845e+00   0.0000e+00   0.0000e+00   2.4575e+02
20191115_23:00:00   2.5542e-01   6.4224e+01   5.9338e+00   0.0000e+00   6.3840e-05   2.4536e+02
20191116_00:00:00   2.5993e-01   6.5214e+01   6.0119e+00   0.0000e+00   1.2420e-04   2.4438e+02
20191116_01:00:00   2.7837e-01   6.9054e+01   6.3535e+00   3.1600e-04   3.9090e-04   2.4366e+02
20191116_02:00:00   2.8910e-01   7.1201e+01   6.5319e+00   1.4420e-03   1.2866e-03   2.4351e+02
20191116_03:00:00   2.9766e-01   7.2794e+01   6.8044e+00   6.0560e-04   2.4762e-03   2.4373e+02
20191116_04:00:00   3.4481e-01   8.1902e+01   7.8051e+00   7.2200e-05   6.2159e-04   2.4377e+02
20191116_05:00:00   3.8563e-01   8.9495e+01   8.6137e+00   0.0000e+00   1.6694e-04   2.4326e+02
20191116_06:00:00   3.9907e-01   9.1836e+01   8.9030e+00   0.0000e+00   3.6913e-05   2.4317e+02
20191116_09:00:00   3.8208e-01   8.8623e+01   8.5104e+00   5.2310e-04   6.0567e-04   2.4274e+02
20191116_12:00:00   3.6877e-01   8.6007e+01   8.3152e+00   0.0000e+00   2.6242e-03   2.4107e+02
20191116_15:00:00   4.3631e-01   9.8034e+01   9.6179e+00   0.0000e+00   6.6376e-03   2.4189e+02
20191116_18:00:00   4.1786e-01   9.4832e+01   9.2835e+00   0.0000e+00   1.3108e-03   2.4135e+02
20191116_21:00:00   4.1424e-01   9.4238e+01   9.1877e+00   0.0000e+00   1.5294e-03   2.4356e+02
20191117_00:00:00   5.4922e-01   1.1622e+02   1.1062e+01   1.5831e-02   8.5493e-03   2.4246e+02
20191117_03:00:00   2.5468e+00   2.5187e+02   1.2146e+01   8.2203e-01   2.2068e-01   2.4312e+02
20191117_06:00:00   7.1450e-01   1.3964e+02   1.2236e+01   5.7848e-02   3.9306e-01   2.4315e+02
20191117_09:00:00   9.4097e-01   1.6674e+02   1.2190e+01   1.5222e-01   2.2384e-01   2.4440e+02
20191117_12:00:00   1.1598e+00   1.8712e+02   1.2310e+01   2.4240e-01   2.8200e-01   2.4430e+02
20191117_15:00:00   1.2385e+00   1.9376e+02   1.2181e+01   2.7086e-01   7.9369e-01   2.4412e+02
20191117_18:00:00   9.4296e-01   1.6658e+02   1.1976e+01   1.5233e-01   7.6964e-01   2.4346e+02
20191117_21:00:00   5.1963e-01   1.1112e+02   1.1190e+01   0.0000e+00   4.3280e-01   2.4273e+02
20191118_00:00:00   4.2282e-01   9.5180e+01   9.4425e+00   0.0000e+00   1.1141e-01   2.4122e+02
20191118_03:00:00   3.7264e-01   8.6208e+01   8.4405e+00   1.5590e-03   4.3950e-02   2.3835e+02
20191118_06:00:00   3.3943e-01   8.0125e+01   7.8059e+00   1.8710e-05   1.4908e-02   2.3923e+02
20191118_09:00:00   2.7820e-01   6.8175e+01   6.5581e+00   0.0000e+00   3.0555e-04   2.4348e+02
20191118_12:00:00   2.0450e-01   5.2769e+01   4.9642e+00   0.0000e+00   3.2734e-05   2.4286e+02
20191118_15:00:00   1.8314e-01   4.8285e+01   4.4441e+00   0.0000e+00   0.0000e+00   2.3847e+02
20191118_18:00:00   1.7250e-01   4.6021e+01   4.1835e+00   0.0000e+00   0.0000e+00   2.3867e+02
20191118_21:00:00   1.9240e-01   5.0462e+01   4.6437e+00   0.0000e+00   2.8720e-06   2.3862e+02
20191119_00:00:00   1.9607e-01   5.1367e+01   4.6901e+00   7.6810e-05   1.0624e-06   2.3887e+02
20191119_03:00:00   1.6895e-01   4.5401e+01   4.0526e+00   0.0000e+00   4.9640e-05   2.3687e+02
20191119_06:00:00   1.4982e-01   4.1085e+01   3.5835e+00   0.0000e+00   0.0000e+00   2.3788e+02
20191119_09:00:00   1.3817e-01   3.8464e+01   3.2742e+00   0.0000e+00   2.4720e-05   2.4238e+02
20191119_12:00:00   1.4369e-01   3.9810e+01   3.3826e+00   0.0000e+00   1.4036e-04   2.4049e+02
20191119_15:00:00   2.0954e-01   5.4372e+01   4.9197e+00   0.0000e+00   3.1540e-04   2.3639e+02
20191119_18:00:00   2.2708e-01   5.8183e+01   5.3055e+00   0.0000e+00   3.1753e-04   2.3883e+02
20191119_21:00:00   2.1619e-01   5.5739e+01   5.0736e+00   0.0000e+00   4.8240e-04   2.3988e+02
20191120_00:00:00   1.8988e-01   4.9929e+01   4.4842e+00   0.0000e+00   1.1896e-04   2.4169e+02
20191120_03:00:00   1.2782e-01   3.5994e+01   3.0052e+00   0.0000e+00   2.4255e-03   2.4069e+02
20191120_06:00:00   8.6947e-02   2.6424e+01   1.9684e+00   0.0000e+00   4.2341e-03   2.4054e+02
20191120_09:00:00   5.6811e-02   1.9170e+01   1.1472e+00   0.0000e+00   2.0766e-03   2.4199e+02
20191120_12:00:00   4.8893e-02   1.7143e+01   9.4272e-01   0.0000e+00   1.4652e-03   2.4074e+02
20191120_15:00:00   5.1979e-02   1.7820e+01   1.0517e+00   0.0000e+00   8.0033e-03   2.4102e+02
20191120_18:00:00   5.5152e-02   1.8592e+01   1.1440e+00   0.0000e+00   1.4501e-03   2.4077e+02
20191120_21:00:00   5.4206e-02   1.8368e+01   1.1151e+00   0.0000e+00   3.0979e-04   2.4260e+02
20191121_00:00:00   5.3277e-02   1.8127e+01   1.0940e+00   0.0000e+00   3.9435e-04   2.4195e+02
20191121_03:00:00   4.9755e-02   1.7185e+01   1.0164e+00   0.0000e+00   1.0690e-04   2.3992e+02
20191121_06:00:00   5.2542e-02   1.7909e+01   1.0802e+00   0.0000e+00   9.6424e-05   2.4242e+02
20191121_09:00:00   5.9900e-02   1.9829e+01   1.2526e+00   0.0000e+00   3.7480e-05   2.4688e+02
20191121_12:00:00   5.7336e-02   1.9038e+01   1.2259e+00   0.0000e+00   2.8940e-04   2.4589e+02
20191121_15:00:00   6.3158e-02   2.0424e+01   1.3910e+00   0.0000e+00   3.5881e-04   2.4436e+02
20191121_18:00:00   8.1702e-02   2.5191e+01   1.8025e+00   0.0000e+00   0.0000e+00   2.4430e+02
20191121_21:00:00   1.0960e-01   3.2020e+01   2.4349e+00   3.3660e-04   0.0000e+00   2.4676e+02
20191122_00:00:00   9.6092e-02   2.8574e+01   2.1731e+00   2.5900e-04   0.0000e+00   2.4749e+02
20191122_03:00:00   1.4054e-01   3.8999e+01   3.2428e+00   9.6880e-06   3.5586e-03   2.4561e+02
20191122_06:00:00   1.6027e-01   4.3325e+01   3.7103e+00   1.6568e-04   1.6730e-03   2.4524e+02
20191122_09:00:00   2.0942e-01   5.4185e+01   4.7623e+00   7.6190e-05   2.3126e-03   2.4655e+02
20191122_12:00:00   3.6804e-01   8.6043e+01   6.1229e+00   3.8051e-02   3.1035e-02   2.4638e+02
20191122_15:00:00   1.3426e+00   2.0204e+02   7.2833e+00   4.1650e-01   4.6172e-02   2.4730e+02
20191122_18:00:00   1.2921e+00   1.9828e+02   7.5220e+00   3.9291e-01   3.6741e-03   2.4689e+02
20191122_21:00:00   3.6336e-01   8.4947e+01   5.9770e+00   4.0340e-02   1.4358e-05   2.4919e+02
20191123_00:00:00   2.3506e-01   5.9762e+01   4.5303e+00   1.3800e-02   6.5480e-06   2.4955e+02
20191123_03:00:00   1.7341e-01   4.6267e+01   3.9063e+00   0.0000e+00   6.9360e-05   2.4931e+02
20191123_06:00:00   1.9582e-01   5.1252e+01   4.3757e+00   9.7260e-06   7.8560e-05   2.5112e+02
20191123_09:00:00   2.2172e-01   5.6932e+01   4.8518e+00   3.6150e-05   1.1578e-04   2.5047e+02
20191123_12:00:00   2.7403e-01   6.7836e+01   5.2213e+00   1.3738e-02   1.2294e-03   2.5062e+02
20191123_15:00:00   2.8342e-01   6.9733e+01   5.5389e+00   1.1138e-02   2.4011e-05   2.4888e+02
20191123_18:00:00   2.8922e-01   7.0798e+01   6.1345e+00   3.5988e-04   4.8546e-05   2.4774e+02
20191123_21:00:00   3.0926e-01   7.4793e+01   6.4618e+00   6.3770e-06   1.2554e-05   2.4970e+02
20191124_00:00:00   3.0685e-01   7.4302e+01   6.3874e+00   6.8460e-04   3.2053e-04   2.4949e+02
20191124_03:00:00   2.8452e-01   6.9901e+01   5.9720e+00   1.8312e-03   5.1581e-06   2.4599e+02
20191124_06:00:00   2.8834e-01   7.0581e+01   6.1211e+00   5.7984e-04   3.3557e-04   2.4835e+02
20191124_09:00:00   2.9445e-01   7.1744e+01   6.2391e+00   0.0000e+00   1.2855e-04   2.4869e+02
20191124_12:00:00   2.6825e-01   6.6564e+01   5.7031e+00   8.3670e-05   3.9640e-05   2.4798e+02
20191124_15:00:00   2.2647e-01   5.8067e+01   4.8323e+00   4.7110e-05   0.0000e+00   2.4474e+02
20191124_18:00:00   1.4050e-01   3.9268e+01   2.9959e+00   0.0000e+00   0.0000e+00   2.4533e+02
20191124_21:00:00   6.2246e-02   2.0421e+01   1.2366e+00   0.0000e+00   0.0000e+00   2.4656e+02
20191125_00:00:00   4.7417e-02   1.6629e+01   8.8278e-01   0.0000e+00   6.6400e-04   2.4507e+02
20191125_03:00:00   5.2364e-02   1.7828e+01   1.0232e+00   0.0000e+00   2.0376e-03   2.4406e+02
20191125_06:00:00   6.3757e-02   2.0674e+01   1.3089e+00   0.0000e+00   6.1700e-03   2.4472e+02
20191125_09:00:00   9.2637e-02   2.7790e+01   1.7928e+00   3.8660e-03   1.4662e-02   2.4663e+02
20191125_12:00:00   9.2521e-02   2.7541e+01   2.0424e+00   0.0000e+00   2.8987e-02   2.4539e+02
20191125_15:00:00   7.2078e-02   2.2435e+01   1.5877e+00   0.0000e+00   3.3377e-02   2.4377e+02
20191125_18:00:00   7.7382e-02   2.3547e+01   1.7819e+00   0.0000e+00   2.1658e-02   2.4330e+02
20191125_21:00:00   9.2686e-02   2.7185e+01   2.1981e+00   0.0000e+00   4.5750e-03   2.4313e+02
20191126_00:00:00   1.0880e-01   3.1031e+01   2.6036e+00   0.0000e+00   4.1001e-03   2.4068e+02
20191126_03:00:00   1.3493e-01   3.7129e+01   3.2425e+00   0.0000e+00   6.4276e-03   2.3899e+02
20191126_06:00:00   1.5468e-01   4.1538e+01   3.7207e+00   0.0000e+00   2.1943e-03   2.4068e+02
20191126_09:00:00   2.0938e-01   5.3379e+01   5.0284e+00   0.0000e+00   3.8490e-03   2.4254e+02
20191126_12:00:00   2.4090e-01   5.9975e+01   5.7247e+00   0.0000e+00   4.1900e-02   2.4218e+02
20191126_15:00:00   2.8302e-01   6.8483e+01   6.6583e+00   0.0000e+00   2.4439e-02   2.3958e+02
20191126_18:00:00   3.3257e-01   7.8173e+01   7.6966e+00   0.0000e+00   1.6797e-02   2.3891e+02
20191126_21:00:00   3.6495e-01   8.4321e+01   8.3147e+00   0.0000e+00   1.1789e-02   2.4074e+02
20191127_00:00:00   4.0144e-01   9.1048e+01   8.8391e+00   4.6750e-03   1.3730e-02   2.4083e+02
20191127_03:00:00   4.3346e-01   9.6792e+01   9.6094e+00   3.1090e-05   1.2694e-02   2.4039e+02
20191127_06:00:00   4.8026e-01   1.0472e+02   1.0088e+01   8.1725e-03   1.2010e-02   2.4181e+02
