#            date       tau225        Tb[K]      pwv[mm] lwp[kg*m^-2] iwp[kg*m^-2]       o3[DU]
20191024_12:00:00   1.4753e-01   4.0604e+01   3.4997e+00   0.0000e+00   1.5363e-03   2.4461e+02
20191024_13:00:00   1.5414e-01   4.2087e+01   3.6572e+00   0.0000e+00   5.7894e-03   2.4490e+02
20191024_14:00:00   1.6139e-01   4.3727e+01   3.8299e+00   0.0000e+00   8.0121e-03   2.4416e+02
20191024_15:00:00   1.6542e-01   4.4727e+01   3.9097e+00   0.0000e+00   1.1411e-03   2.4424e+02
20191024_16:00:00   1.6516e-01   4.4743e+01   3.8824e+00   0.0000e+00   1.1881e-04   2.4474e+02
20191024_17:00:00   1.6088e-01   4.3830e+01   3.7684e+00   0.0000e+00   2.1240e-07   2.4546e+02
20191024_18:00:00   1.5807e-01   4.3211e+01   3.6917e+00   0.0000e+00   0.0000e+00   2.4685e+02
20191024_19:00:00   1.5618e-01   4.2773e+01   3.6452e+00   0.0000e+00   0.0000e+00   2.4730e+02
20191024_20:00:00   1.5253e-01   4.1936e+01   3.5606e+00   0.0000e+00   0.0000e+00   2.4760e+02
20191024_21:00:00   1.5090e-01   4.1538e+01   3.5245e+00   0.0000e+00   0.0000e+00   2.4694e+02
20191024_22:00:00   1.4806e-01   4.0836e+01   3.4715e+00   0.0000e+00   1.3094e-05   2.4784e+02
20191024_23:00:00   1.4644e-01   4.0404e+01   3.4528e+00   0.0000e+00   1.2949e-03   2.4778e+02
20191025_00:00:00   1.4742e-01   4.0592e+01   3.4719e+00   1.6000e-04   4.1636e-03   2.4829e+02
20191025_01:00:00   1.5070e-01   4.1277e+01   3.5690e+00   0.0000e+00   1.4757e-02   2.4811e+02
20191025_02:00:00   1.8660e-01   4.9537e+01   3.7369e+00   1.1670e-02   6.8146e-03   2.4804e+02
20191025_03:00:00   1.6084e-01   4.3512e+01   3.8274e+00   0.0000e+00   1.5114e-03   2.4825e+02
20191025_04:00:00   1.6370e-01   4.4167e+01   3.8915e+00   0.0000e+00   1.1722e-03   2.4815e+02
20191025_05:00:00   1.6795e-01   4.5129e+01   3.9921e+00   0.0000e+00   2.1743e-03   2.4854e+02
20191025_06:00:00   1.6989e-01   4.5596e+01   4.0258e+00   0.0000e+00   1.3179e-03   2.4879e+02
20191025_07:00:00   1.7199e-01   4.6096e+01   4.0617e+00   0.0000e+00   2.3118e-04   2.4881e+02
20191025_08:00:00   1.7302e-01   4.6331e+01   4.0763e+00   0.0000e+00   8.9620e-06   2.4880e+02
20191025_09:00:00   1.7329e-01   4.6408e+01   4.0746e+00   0.0000e+00   1.3095e-05   2.4852e+02
20191025_10:00:00   1.7399e-01   4.6502e+01   4.1085e+00   0.0000e+00   5.1331e-04   2.4877e+02
20191025_11:00:00   1.7175e-01   4.5992e+01   4.0596e+00   0.0000e+00   8.1973e-04   2.5024e+02
20191025_12:00:00   1.6969e-01   4.5534e+01   4.0111e+00   0.0000e+00   1.1540e-04   2.5023e+02
20191025_13:00:00   1.7215e-01   4.6006e+01   4.0896e+00   0.0000e+00   5.2380e-06   2.4954e+02
20191025_14:00:00   1.7254e-01   4.6046e+01   4.1071e+00   0.0000e+00   1.1486e-05   2.4922e+02
20191025_15:00:00   1.7010e-01   4.5491e+01   4.0465e+00   0.0000e+00   0.0000e+00   2.4961e+02
20191025_16:00:00   1.6402e-01   4.4182e+01   3.8899e+00   0.0000e+00   4.4040e-06   2.5049e+02
20191025_17:00:00   1.6056e-01   4.3425e+01   3.8019e+00   0.0000e+00   0.0000e+00   2.5140e+02
20191025_18:00:00   1.6238e-01   4.3771e+01   3.8567e+00   0.0000e+00   2.9346e-05   2.5216e+02
20191025_19:00:00   1.6234e-01   4.3757e+01   3.8593e+00   0.0000e+00   8.4420e-06   2.5270e+02
20191025_20:00:00   1.6136e-01   4.3528e+01   3.8364e+00   0.0000e+00   4.9107e-05   2.5113e+02
20191025_21:00:00   1.6068e-01   4.3359e+01   3.8242e+00   0.0000e+00   1.5872e-04   2.5117e+02
20191025_22:00:00   1.5944e-01   4.3068e+01   3.7980e+00   0.0000e+00   4.3460e-06   2.5236e+02
20191025_23:00:00   1.5825e-01   4.2784e+01   3.7721e+00   0.0000e+00   0.0000e+00   2.5374e+02
20191026_00:00:00   1.5758e-01   4.2644e+01   3.7474e+00   0.0000e+00   0.0000e+00   2.5430e+02
20191026_01:00:00   1.5676e-01   4.2544e+01   3.7162e+00   0.0000e+00   8.7077e-06   2.5348e+02
20191026_02:00:00   1.5632e-01   4.2495e+01   3.6917e+00   0.0000e+00   1.0745e-04   2.5309e+02
20191026_03:00:00   1.6134e-01   4.3662e+01   3.7946e+00   2.4830e-04   9.2300e-05   2.5268e+02
20191026_04:00:00   1.6886e-01   4.5366e+01   3.9871e+00   0.0000e+00   9.7606e-04   2.5152e+02
20191026_05:00:00   1.7007e-01   4.5703e+01   3.9980e+00   0.0000e+00   9.4200e-04   2.5197e+02
20191026_06:00:00   1.7500e-01   4.6857e+01   4.0828e+00   0.0000e+00   1.9637e-04   2.5387e+02
20191026_07:00:00   1.7366e-01   4.6577e+01   4.0461e+00   0.0000e+00   6.7863e-04   2.5432e+02
20191026_08:00:00   1.7292e-01   4.6469e+01   4.0186e+00   0.0000e+00   1.9068e-03   2.5466e+02
20191026_09:00:00   1.7331e-01   4.6514e+01   4.0290e+00   0.0000e+00   9.3268e-03   2.5523e+02
20191026_10:00:00   1.7195e-01   4.6197e+01   3.9983e+00   0.0000e+00   1.0713e-02   2.5494e+02
20191026_11:00:00   1.7033e-01   4.5810e+01   3.9625e+00   0.0000e+00   1.5036e-02   2.5313e+02
20191026_12:00:00   1.6774e-01   4.5202e+01   3.9066e+00   0.0000e+00   1.2860e-02   2.5064e+02
20191026_13:00:00   1.6517e-01   4.4579e+01   3.8443e+00   0.0000e+00   3.6661e-02   2.4980e+02
20191026_14:00:00   1.6487e-01   4.4456e+01   3.8574e+00   0.0000e+00   4.3513e-02   2.4976e+02
20191026_15:00:00   1.6682e-01   4.4798e+01   3.9277e+00   0.0000e+00   4.6548e-02   2.5104e+02
20191026_16:00:00   1.6990e-01   4.5413e+01   4.0214e+00   0.0000e+00   3.7638e-02   2.5228e+02
20191026_17:00:00   1.7957e-01   4.7368e+01   4.2357e+00   0.0000e+00   1.4870e-01   2.5214e+02
20191026_18:00:00   1.9136e-01   4.9929e+01   4.5614e+00   0.0000e+00   8.4281e-02   2.5325e+02
20191026_19:00:00   2.0303e-01   5.2413e+01   4.8508e+00   0.0000e+00   5.6840e-02   2.5371e+02
20191026_20:00:00   2.0566e-01   5.2974e+01   4.9302e+00   0.0000e+00   2.6702e-02   2.5535e+02
20191026_21:00:00   2.0004e-01   5.1839e+01   4.7889e+00   0.0000e+00   2.3021e-02   2.5665e+02
20191026_22:00:00   1.9559e-01   5.0871e+01   4.6714e+00   0.0000e+00   4.4600e-02   2.5637e+02
20191026_23:00:00   1.9645e-01   5.0998e+01   4.6849e+00   0.0000e+00   7.8127e-02   2.5700e+02
20191027_00:00:00   2.0093e-01   5.1911e+01   4.8015e+00   0.0000e+00   7.6009e-02   2.5805e+02
20191027_01:00:00   2.1255e-01   5.4370e+01   5.0824e+00   0.0000e+00   6.8240e-02   2.5711e+02
20191027_02:00:00   2.2406e-01   5.6773e+01   5.3393e+00   0.0000e+00   7.6878e-02   2.5654e+02
20191027_03:00:00   2.3341e-01   5.8769e+01   5.5493e+00   0.0000e+00   6.1920e-02   2.5643e+02
20191027_04:00:00   2.3297e-01   5.8759e+01   5.5199e+00   0.0000e+00   4.7773e-02   2.5690e+02
20191027_05:00:00   2.3253e-01   5.8695e+01   5.4644e+00   0.0000e+00   1.0458e-01   2.5689e+02
20191027_06:00:00   2.3433e-01   5.9050e+01   5.4960e+00   0.0000e+00   9.4022e-02   2.5840e+02
20191027_07:00:00   2.2733e-01   5.7656e+01   5.3266e+00   0.0000e+00   7.5227e-02   2.5993e+02
20191027_08:00:00   2.1726e-01   5.5636e+01   5.0550e+00   0.0000e+00   7.2904e-02   2.6192e+02
20191027_09:00:00   2.0708e-01   5.3636e+01   4.7999e+00   0.0000e+00   1.5765e-02   2.6388e+02
20191027_10:00:00   1.9405e-01   5.1056e+01   4.4294e+00   0.0000e+00   2.3684e-04   2.6525e+02
20191027_11:00:00   1.8926e-01   5.0058e+01   4.3036e+00   0.0000e+00   0.0000e+00   2.6621e+02
20191027_12:00:00   1.8264e-01   4.8613e+01   4.1472e+00   0.0000e+00   0.0000e+00   2.6755e+02
20191027_13:00:00   1.7557e-01   4.7069e+01   3.9766e+00   0.0000e+00   0.0000e+00   2.6782e+02
20191027_14:00:00   1.6469e-01   4.4687e+01   3.7187e+00   0.0000e+00   0.0000e+00   2.6485e+02
20191027_15:00:00   1.5495e-01   4.2506e+01   3.4958e+00   0.0000e+00   0.0000e+00   2.6218e+02
20191027_16:00:00   1.4612e-01   4.0512e+01   3.2901e+00   0.0000e+00   0.0000e+00   2.5990e+02
20191027_17:00:00   1.3710e-01   3.8449e+01   3.0782e+00   0.0000e+00   0.0000e+00   2.5860e+02
20191027_18:00:00   1.2658e-01   3.6041e+01   2.8280e+00   0.0000e+00   0.0000e+00   2.5843e+02
20191027_19:00:00   1.1875e-01   3.4220e+01   2.6445e+00   0.0000e+00   0.0000e+00   2.5843e+02
20191027_20:00:00   1.1483e-01   3.3313e+01   2.5522e+00   0.0000e+00   0.0000e+00   2.5854e+02
20191027_21:00:00   1.0886e-01   3.1933e+01   2.4051e+00   0.0000e+00   0.0000e+00   2.5868e+02
20191027_22:00:00   9.9466e-02   2.9738e+01   2.1700e+00   0.0000e+00   3.7200e-05   2.5793e+02
20191027_23:00:00   9.0108e-02   2.7508e+01   1.9376e+00   0.0000e+00   3.2760e-04   2.5714e+02
20191028_00:00:00   8.4911e-02   2.6256e+01   1.8067e+00   0.0000e+00   3.0360e-04   2.5665e+02
20191028_01:00:00   8.2041e-02   2.5575e+01   1.7293e+00   0.0000e+00   1.5430e-04   2.5636e+02
20191028_02:00:00   8.2271e-02   2.5651e+01   1.7318e+00   0.0000e+00   7.7783e-05   2.5633e+02
20191028_03:00:00   8.5412e-02   2.6426e+01   1.8085e+00   0.0000e+00   1.3524e-05   2.5686e+02
20191028_04:00:00   9.0318e-02   2.7629e+01   1.9247e+00   0.0000e+00   1.4254e-06   2.5774e+02
20191028_05:00:00   9.4137e-02   2.8549e+01   2.0036e+00   2.3550e-04   0.0000e+00   2.5783e+02
20191028_06:00:00   9.5577e-02   2.8862e+01   2.0499e+00   1.5950e-04   0.0000e+00   2.5758e+02
20191028_07:00:00   9.6712e-02   2.9110e+01   2.0770e+00   3.2080e-04   0.0000e+00   2.5605e+02
20191028_08:00:00   9.5467e-02   2.8775e+01   2.0758e+00   0.0000e+00   3.7280e-05   2.5525e+02
20191028_09:00:00   9.5156e-02   2.8683e+01   2.0759e+00   0.0000e+00   6.0320e-05   2.5512e+02
20191028_10:00:00   9.4931e-02   2.8628e+01   2.0719e+00   0.0000e+00   2.3020e-05   2.5622e+02
20191028_11:00:00   9.4680e-02   2.8561e+01   2.0675e+00   0.0000e+00   5.7120e-06   2.5618e+02
20191028_12:00:00   9.3098e-02   2.8173e+01   2.0271e+00   0.0000e+00   1.5162e-06   2.5495e+02
20191028_13:00:00   9.1931e-02   2.7893e+01   1.9944e+00   0.0000e+00   9.3000e-06   2.5471e+02
20191028_14:00:00   9.1707e-02   2.7844e+01   1.9860e+00   0.0000e+00   8.1580e-06   2.5528e+02
20191028_15:00:00   9.1902e-02   2.7896e+01   1.9917e+00   0.0000e+00   2.6560e-07   2.5600e+02
20191028_16:00:00   9.1584e-02   2.7829e+01   1.9848e+00   0.0000e+00   0.0000e+00   2.5516e+02
20191028_17:00:00   9.1563e-02   2.7823e+01   1.9826e+00   0.0000e+00   0.0000e+00   2.5465e+02
20191028_18:00:00   9.2848e-02   2.8146e+01   2.0106e+00   0.0000e+00   0.0000e+00   2.5476e+02
20191028_19:00:00   9.4513e-02   2.8554e+01   2.0491e+00   0.0000e+00   0.0000e+00   2.5467e+02
20191028_20:00:00   9.6131e-02   2.8943e+01   2.0903e+00   0.0000e+00   0.0000e+00   2.5512e+02
20191028_21:00:00   9.6821e-02   2.9101e+01   2.1096e+00   0.0000e+00   0.0000e+00   2.5544e+02
20191028_22:00:00   9.7941e-02   2.9360e+01   2.1395e+00   0.0000e+00   0.0000e+00   2.5590e+02
20191028_23:00:00   9.9874e-02   2.9791e+01   2.1980e+00   0.0000e+00   0.0000e+00   2.5590e+02
20191029_00:00:00   1.0260e-01   3.0428e+01   2.2701e+00   0.0000e+00   0.0000e+00   2.5509e+02
20191029_01:00:00   1.0451e-01   3.0885e+01   2.3160e+00   0.0000e+00   0.0000e+00   2.5424e+02
20191029_02:00:00   1.0625e-01   3.1307e+01   2.3541e+00   0.0000e+00   0.0000e+00   2.5374e+02
20191029_03:00:00   1.0696e-01   3.1474e+01   2.3721e+00   0.0000e+00   0.0000e+00   2.5376e+02
20191029_04:00:00   1.0586e-01   3.1216e+01   2.3435e+00   0.0000e+00   0.0000e+00   2.5371e+02
20191029_05:00:00   1.0600e-01   3.1249e+01   2.3415e+00   0.0000e+00   0.0000e+00   2.5370e+02
20191029_06:00:00   1.0838e-01   3.1795e+01   2.4043e+00   0.0000e+00   0.0000e+00   2.5443e+02
20191029_07:00:00   1.0983e-01   3.2139e+01   2.4362e+00   0.0000e+00   0.0000e+00   2.5450e+02
20191029_08:00:00   1.1039e-01   3.2299e+01   2.4439e+00   0.0000e+00   0.0000e+00   2.5435e+02
20191029_09:00:00   1.1220e-01   3.2714e+01   2.4871e+00   3.3130e-05   0.0000e+00   2.5379e+02
20191029_10:00:00   1.1219e-01   3.2686e+01   2.4942e+00   0.0000e+00   0.0000e+00   2.5409e+02
20191029_11:00:00   1.1053e-01   3.2297e+01   2.4470e+00   0.0000e+00   0.0000e+00   2.5445e+02
20191029_12:00:00   1.0851e-01   3.1832e+01   2.3918e+00   0.0000e+00   0.0000e+00   2.5376e+02
20191029_15:00:00   1.1212e-01   3.2551e+01   2.5129e+00   0.0000e+00   0.0000e+00   2.5220e+02
20191029_18:00:00   1.1595e-01   3.3328e+01   2.6400e+00   0.0000e+00   0.0000e+00   2.5300e+02
20191029_21:00:00   1.0887e-01   3.1631e+01   2.4692e+00   0.0000e+00   0.0000e+00   2.5399e+02
20191030_00:00:00   1.2755e-01   3.5980e+01   2.7763e+00   2.6020e-03   0.0000e+00   2.5592e+02
20191030_03:00:00   1.4788e-01   4.0632e+01   3.3980e+00   0.0000e+00   0.0000e+00   2.5412e+02
20191030_06:00:00   1.5735e-01   4.2825e+01   3.5953e+00   0.0000e+00   0.0000e+00   2.5330e+02
20191030_09:00:00   1.5011e-01   4.1088e+01   3.4431e+00   0.0000e+00   0.0000e+00   2.5419e+02
20191030_12:00:00   1.6138e-01   4.3432e+01   3.7460e+00   0.0000e+00   2.0280e-05   2.5237e+02
20191030_15:00:00   1.6805e-01   4.4852e+01   3.9045e+00   0.0000e+00   5.7126e-04   2.5206e+02
20191030_18:00:00   1.8600e-01   4.8785e+01   4.3039e+00   0.0000e+00   1.8291e-03   2.5297e+02
20191030_21:00:00   1.9389e-01   5.0431e+01   4.4976e+00   0.0000e+00   3.6405e-04   2.5420e+02
20191031_00:00:00   2.0424e-01   5.2533e+01   4.7607e+00   0.0000e+00   4.8025e-03   2.5520e+02
20191031_03:00:00   2.1465e-01   5.4894e+01   4.9321e+00   0.0000e+00   7.6923e-03   2.5588e+02
20191031_06:00:00   1.8937e-01   4.9789e+01   4.2428e+00   0.0000e+00   2.4027e-03   2.5809e+02
20191031_09:00:00   1.5945e-01   4.3534e+01   3.4643e+00   0.0000e+00   0.0000e+00   2.5843e+02
20191031_12:00:00   1.2873e-01   3.6787e+01   2.6956e+00   0.0000e+00   0.0000e+00   2.5491e+02
20191031_15:00:00   1.0216e-01   3.0597e+01   2.0656e+00   0.0000e+00   0.0000e+00   2.5634e+02
20191031_18:00:00   9.0732e-02   2.7859e+01   1.8007e+00   0.0000e+00   0.0000e+00   2.5669e+02
20191031_21:00:00   8.8857e-02   2.7410e+01   1.7563e+00   0.0000e+00   0.0000e+00   2.5524e+02
20191101_00:00:00   8.2858e-02   2.5951e+01   1.6223e+00   0.0000e+00   0.0000e+00   2.5379e+02
20191101_03:00:00   1.0262e-01   3.0717e+01   2.0783e+00   5.4370e-04   0.0000e+00   2.5171e+02
20191101_06:00:00   1.0716e-01   3.1945e+01   2.1497e+00   0.0000e+00   0.0000e+00   2.5324e+02
20191101_09:00:00   1.0666e-01   3.1805e+01   2.1257e+00   0.0000e+00   0.0000e+00   2.5225e+02
20191101_12:00:00   9.1875e-02   2.8193e+01   1.8146e+00   0.0000e+00   0.0000e+00   2.4903e+02
20191101_15:00:00   8.1786e-02   2.5667e+01   1.6104e+00   0.0000e+00   0.0000e+00   2.4923e+02
20191101_18:00:00   7.9036e-02   2.4977e+01   1.5560e+00   0.0000e+00   0.0000e+00   2.4993e+02
20191101_21:00:00   7.7461e-02   2.4609e+01   1.5151e+00   0.0000e+00   0.0000e+00   2.5100e+02
20191102_00:00:00   3.8051e-01   8.9798e+01   3.2545e+00   9.1350e-02   6.5720e-06   2.4899e+02
20191102_03:00:00   1.3100e+00   2.0061e+02   6.2539e+00   4.1708e-01   8.9058e-02   2.4735e+02
20191102_06:00:00   1.3128e+00   2.0079e+02   6.3264e+00   4.1644e-01   6.0881e-03   2.4688e+02
20191102_09:00:00   3.0487e-01   7.4999e+01   5.2245e+00   2.0265e-02   5.2105e-04   2.4824e+02
20191102_12:00:00   1.8579e-01   4.9941e+01   3.8551e+00   1.3360e-03   5.5160e-04   2.4760e+02
20191102_15:00:00   1.7769e-01   4.8028e+01   3.7677e+00   0.0000e+00   2.5976e-04   2.4769e+02
20191102_18:00:00   1.7517e-01   4.7403e+01   3.7845e+00   0.0000e+00   4.3992e-05   2.4608e+02
20191102_21:00:00   1.7419e-01   4.7222e+01   3.7476e+00   0.0000e+00   7.0170e-04   2.4849e+02
20191103_00:00:00   2.3829e-01   6.1114e+01   4.7137e+00   7.7954e-03   5.4089e-04   2.4731e+02
20191103_03:00:00   1.6164e+00   2.1988e+02   7.2059e+00   5.2735e-01   6.0340e-02   2.4515e+02
20191103_06:00:00   8.9103e-01   1.6232e+02   7.4361e+00   2.2132e-01   7.1947e-02   2.4566e+02
20191103_09:00:00   3.6622e-01   8.6253e+01   6.7342e+00   1.9846e-02   6.7100e-04   2.4686e+02
20191103_12:00:00   3.0852e-01   7.5191e+01   6.1486e+00   7.7330e-03   1.0311e-04   2.4396e+02
20191103_15:00:00   2.2761e-01   5.8763e+01   4.8970e+00   0.0000e+00   0.0000e+00   2.4352e+02
20191103_18:00:00   1.8894e-01   5.0544e+01   4.0264e+00   0.0000e+00   0.0000e+00   2.4334e+02
20191103_21:00:00   1.7767e-01   4.8070e+01   3.7981e+00   0.0000e+00   0.0000e+00   2.4399e+02
20191104_00:00:00   2.1318e-01   5.5926e+01   4.3458e+00   3.0080e-03   0.0000e+00   2.4328e+02
20191104_03:00:00   2.3251e-01   6.0084e+01   4.8424e+00   0.0000e+00   0.0000e+00   2.4209e+02
20191104_06:00:00   1.8961e-01   5.0894e+01   3.9199e+00   0.0000e+00   0.0000e+00   2.4303e+02
20191104_09:00:00   1.6621e-01   4.5617e+01   3.4584e+00   0.0000e+00   0.0000e+00   2.4422e+02
20191104_12:00:00   1.4028e-01   3.9652e+01   2.9414e+00   0.0000e+00   0.0000e+00   2.4380e+02
20191104_15:00:00   1.1837e-01   3.4490e+01   2.4846e+00   0.0000e+00   0.0000e+00   2.4300e+02
20191104_18:00:00   1.0428e-01   3.1071e+01   2.2058e+00   0.0000e+00   0.0000e+00   2.4421e+02
20191104_21:00:00   1.0976e-01   3.2313e+01   2.3624e+00   0.0000e+00   0.0000e+00   2.4500e+02
20191105_00:00:00   1.3574e-01   3.8426e+01   2.9564e+00   0.0000e+00   9.4640e-05   2.4624e+02
20191105_03:00:00   1.9870e-01   5.2580e+01   4.3926e+00   0.0000e+00   6.1471e-04   2.4337e+02
20191105_06:00:00   2.6372e-01   6.6402e+01   5.6076e+00   0.0000e+00   1.0643e-04   2.4346e+02
20191105_09:00:00   2.5013e-01   6.3517e+01   5.2583e+00   0.0000e+00   8.7194e-03   2.4392e+02
20191105_12:00:00   1.8094e-01   4.8359e+01   4.0129e+00   0.0000e+00   4.0055e-03   2.4194e+02
20191105_15:00:00   2.0643e-01   5.3608e+01   4.7022e+00   0.0000e+00   7.2519e-03   2.4136e+02
20191105_18:00:00   2.6628e-01   6.5948e+01   6.0386e+00   0.0000e+00   3.7538e-02   2.4180e+02
20191105_21:00:00   3.9187e-01   8.9477e+01   8.7462e+00   0.0000e+00   2.4305e-01   2.4369e+02
20191106_00:00:00   6.0844e-01   1.2433e+02   1.0548e+01   5.2974e-02   2.6364e-01   2.4312e+02
20191106_03:00:00   7.3094e-01   1.4142e+02   1.0667e+01   9.9750e-02   1.2947e-01   2.4223e+02
20191106_06:00:00   5.4005e-01   1.1463e+02   9.5458e+00   4.0432e-02   3.9297e-02   2.4505e+02
20191106_09:00:00   4.8784e-01   1.0607e+02   1.0363e+01   4.5050e-03   1.7207e-02   2.4452e+02
20191106_12:00:00   5.6349e-01   1.1791e+02   1.1020e+01   2.0371e-02   1.8881e-01   2.4251e+02
20191106_15:00:00   5.4992e-01   1.1566e+02   1.1143e+01   1.3714e-02   1.3694e-01   2.4176e+02
20191106_18:00:00   5.1536e-01   1.0995e+02   1.0867e+01   3.8774e-03   2.5672e-01   2.4287e+02
20191106_21:00:00   4.6783e-01   1.0216e+02   9.9505e+00   2.8258e-03   2.1798e-01   2.4547e+02
20191107_00:00:00   2.7097e-01   6.6741e+01   6.0293e+00   0.0000e+00   1.0139e-02   2.4750e+02
20191107_03:00:00   1.7298e-01   4.6525e+01   3.7544e+00   0.0000e+00   5.4695e-04   2.4697e+02
20191107_06:00:00   1.8159e-01   4.8450e+01   3.9186e+00   0.0000e+00   8.5274e-04   2.4759e+02
20191107_09:00:00   1.6319e-01   4.4404e+01   3.4854e+00   0.0000e+00   6.1806e-03   2.4882e+02
20191107_12:00:00   1.5850e-01   4.3189e+01   3.4643e+00   0.0000e+00   6.9500e-06   2.4855e+02
20191107_15:00:00   1.2975e-01   3.6673e+01   2.7994e+00   0.0000e+00   7.9080e-04   2.4979e+02
20191107_18:00:00   1.3499e-01   3.7904e+01   2.8919e+00   0.0000e+00   7.3255e-03   2.5016e+02
20191107_21:00:00   1.4480e-01   4.0086e+01   3.1357e+00   0.0000e+00   3.3029e-02   2.5065e+02
20191108_00:00:00   2.0933e-01   5.4042e+01   4.6012e+00   7.0480e-05   1.0023e-01   2.5214e+02
20191108_03:00:00   2.5356e-01   6.3107e+01   5.5643e+00   0.0000e+00   1.7683e-01   2.5070e+02
20191108_06:00:00   2.8425e-01   6.9326e+01   6.2402e+00   0.0000e+00   6.5194e-02   2.5155e+02
20191108_09:00:00   3.2286e-01   7.6800e+01   7.0320e+00   0.0000e+00   2.7842e-02   2.5165e+02
20191108_12:00:00   3.2258e-01   7.6739e+01   7.0425e+00   0.0000e+00   4.5684e-03   2.5053e+02
20191108_15:00:00   3.1036e-01   7.4386e+01   6.8761e+00   0.0000e+00   3.0631e-03   2.5016e+02
20191108_18:00:00   3.3098e-01   7.8234e+01   7.3178e+00   0.0000e+00   2.9826e-03   2.5151e+02
20191108_21:00:00   2.9997e-01   7.2661e+01   6.4739e+00   0.0000e+00   3.5138e-03   2.5279e+02
20191109_00:00:00   2.7402e-01   6.7922e+01   5.8237e+00   0.0000e+00   6.9945e-03   2.5329e+02
20191109_03:00:00   2.8121e-01   6.9389e+01   5.9333e+00   8.6250e-04   8.4719e-03   2.4933e+02
20191109_06:00:00   2.0338e-01   5.3425e+01   4.3387e+00   0.0000e+00   1.7358e-02   2.4830e+02
20191109_09:00:00   1.6523e-01   4.5117e+01   3.5164e+00   0.0000e+00   1.1621e-02   2.4675e+02
20191109_12:00:00   1.5762e-01   4.3388e+01   3.3790e+00   0.0000e+00   1.0686e-02   2.4716e+02
