#            date       tau225        Tb[K]      pwv[mm] lwp[kg*m^-2] iwp[kg*m^-2]       o3[DU]
20191115_00:00:00   9.8096e-02   2.9575e+01   2.1823e+00   0.0000e+00   0.0000e+00   2.4712e+02
20191115_01:00:00   9.7869e-02   2.9521e+01   2.1806e+00   0.0000e+00   0.0000e+00   2.4679e+02
20191115_02:00:00   9.8569e-02   2.9686e+01   2.1913e+00   0.0000e+00   0.0000e+00   2.4631e+02
20191115_03:00:00   9.8563e-02   2.9692e+01   2.1876e+00   0.0000e+00   0.0000e+00   2.4595e+02
20191115_04:00:00   9.9788e-02   2.9975e+01   2.2170e+00   0.0000e+00   0.0000e+00   2.4583e+02
20191115_05:00:00   1.0192e-01   3.0476e+01   2.2672e+00   0.0000e+00   0.0000e+00   2.4594e+02
20191115_06:00:00   1.0315e-01   3.0770e+01   2.2948e+00   0.0000e+00   0.0000e+00   2.4690e+02
20191115_07:00:00   1.0377e-01   3.0922e+01   2.3055e+00   0.0000e+00   0.0000e+00   2.4774e+02
20191115_08:00:00   1.0297e-01   3.0736e+01   2.2828e+00   0.0000e+00   0.0000e+00   2.4790e+02
20191115_09:00:00   1.0242e-01   3.0606e+01   2.2659e+00   0.0000e+00   0.0000e+00   2.4740e+02
20191115_10:00:00   1.0132e-01   3.0328e+01   2.2375e+00   0.0000e+00   0.0000e+00   2.4645e+02
20191115_11:00:00   1.0134e-01   3.0333e+01   2.2358e+00   0.0000e+00   0.0000e+00   2.4519e+02
20191115_12:00:00   1.0186e-01   3.0446e+01   2.2497e+00   0.0000e+00   0.0000e+00   2.4468e+02
20191115_13:00:00   1.0108e-01   3.0237e+01   2.2353e+00   0.0000e+00   0.0000e+00   2.4401e+02
20191115_14:00:00   9.7247e-02   2.9294e+01   2.1421e+00   0.0000e+00   0.0000e+00   2.4430e+02
20191115_15:00:00   9.1753e-02   2.7954e+01   2.0060e+00   0.0000e+00   0.0000e+00   2.4527e+02
20191115_16:00:00   8.7689e-02   2.6982e+01   1.8963e+00   0.0000e+00   0.0000e+00   2.4524e+02
20191115_17:00:00   8.7804e-02   2.7062e+01   1.8857e+00   0.0000e+00   0.0000e+00   2.4420e+02
20191115_18:00:00   8.8921e-02   2.7373e+01   1.9009e+00   0.0000e+00   0.0000e+00   2.4383e+02
20191115_19:00:00   9.5828e-02   2.9074e+01   2.0626e+00   0.0000e+00   0.0000e+00   2.4377e+02
20191115_20:00:00   1.0506e-01   3.1318e+01   2.2792e+00   0.0000e+00   0.0000e+00   2.4400e+02
20191115_21:00:00   1.1221e-01   3.3036e+01   2.4386e+00   0.0000e+00   0.0000e+00   2.4374e+02
20191115_22:00:00   1.1814e-01   3.4454e+01   2.5755e+00   0.0000e+00   0.0000e+00   2.4314e+02
20191115_23:00:00   1.1948e-01   3.4667e+01   2.6385e+00   0.0000e+00   0.0000e+00   2.4289e+02
20191116_00:00:00   1.1815e-01   3.4195e+01   2.6559e+00   0.0000e+00   5.0760e-04   2.4269e+02
20191116_01:00:00   1.2507e-01   3.5732e+01   2.8443e+00   0.0000e+00   1.1446e-04   2.4101e+02
20191116_02:00:00   1.4049e-01   3.9211e+01   3.2308e+00   0.0000e+00   8.5383e-05   2.3957e+02
20191116_03:00:00   1.5368e-01   4.2162e+01   3.5475e+00   0.0000e+00   7.7920e-04   2.3947e+02
20191116_04:00:00   1.5662e-01   4.2734e+01   3.6369e+00   0.0000e+00   2.0287e-03   2.3955e+02
20191116_05:00:00   1.6336e-01   4.4187e+01   3.8093e+00   0.0000e+00   2.1584e-03   2.4017e+02
20191116_06:00:00   1.8070e-01   4.8048e+01   4.2017e+00   0.0000e+00   6.0213e-03   2.4127e+02
20191116_07:00:00   1.9866e-01   5.1963e+01   4.6211e+00   0.0000e+00   3.0511e-03   2.4267e+02
20191116_08:00:00   2.1275e-01   5.5069e+01   4.9067e+00   0.0000e+00   8.7418e-05   2.4396e+02
20191116_09:00:00   2.2631e-01   5.7982e+01   5.1815e+00   0.0000e+00   0.0000e+00   2.4423e+02
20191116_10:00:00   2.4121e-01   6.1149e+01   5.4742e+00   0.0000e+00   6.3180e-07   2.4470e+02
20191116_11:00:00   2.5323e-01   6.3602e+01   5.7358e+00   0.0000e+00   5.0222e-04   2.4465e+02
20191116_12:00:00   2.6118e-01   6.5154e+01   5.9435e+00   0.0000e+00   1.8952e-06   2.4401e+02
20191116_13:00:00   2.7411e-01   6.7719e+01   6.2561e+00   0.0000e+00   3.9445e-05   2.4174e+02
20191116_14:00:00   2.9445e-01   7.1638e+01   6.7472e+00   0.0000e+00   2.5582e-03   2.4078e+02
20191116_15:00:00   3.2437e-01   7.7318e+01   7.4200e+00   0.0000e+00   9.9851e-03   2.4046e+02
20191116_16:00:00   3.4923e-01   8.1953e+01   7.9465e+00   0.0000e+00   1.3551e-02   2.4107e+02
20191116_17:00:00   3.7512e-01   8.6639e+01   8.4876e+00   0.0000e+00   2.0608e-02   2.4241e+02
20191116_18:00:00   3.8837e-01   8.9005e+01   8.7511e+00   0.0000e+00   1.0921e-02   2.4269e+02
20191116_19:00:00   4.0440e-01   9.1843e+01   9.0755e+00   0.0000e+00   3.0397e-02   2.4381e+02
20191116_20:00:00   4.2634e-01   9.5629e+01   9.5003e+00   0.0000e+00   6.1472e-02   2.4417e+02
20191116_21:00:00   4.3823e-01   9.7693e+01   9.7091e+00   0.0000e+00   5.9325e-02   2.4386e+02
20191116_22:00:00   4.3907e-01   9.7833e+01   9.7057e+00   0.0000e+00   5.3164e-02   2.4369e+02
20191116_23:00:00   4.3484e-01   9.7089e+01   9.5967e+00   0.0000e+00   5.0064e-02   2.4404e+02
20191117_00:00:00   4.2463e-01   9.5296e+01   9.3744e+00   0.0000e+00   5.4681e-02   2.4446e+02
20191117_01:00:00   4.3226e-01   9.6379e+01   9.4323e+00   0.0000e+00   3.3738e-01   2.4524e+02
20191117_02:00:00   4.3061e-01   9.6150e+01   9.4724e+00   0.0000e+00   1.6667e-01   2.4571e+02
20191117_03:00:00   4.0440e-01   9.1845e+01   8.9290e+00   0.0000e+00   1.3490e-02   2.4724e+02
20191117_04:00:00   3.5802e-01   8.3852e+01   7.7757e+00   1.9470e-03   9.2653e-04   2.4916e+02
20191117_05:00:00   3.3172e-01   7.9126e+01   7.1254e+00   2.1340e-03   1.1609e-04   2.5075e+02
20191117_06:00:00   2.9808e-01   7.2747e+01   6.4530e+00   0.0000e+00   0.0000e+00   2.5174e+02
20191117_07:00:00   3.1108e-01   7.5200e+01   6.7086e+00   0.0000e+00   6.5480e-22   2.5284e+02
20191117_08:00:00   2.9336e-01   7.1840e+01   6.3056e+00   0.0000e+00   0.0000e+00   2.5305e+02
20191117_09:00:00   2.7948e-01   6.9183e+01   5.9432e+00   0.0000e+00   0.0000e+00   2.5297e+02
20191117_10:00:00   2.8731e-01   7.0607e+01   6.1432e+00   0.0000e+00   6.8260e-05   2.5333e+02
20191117_11:00:00   2.6231e-01   6.5598e+01   5.6187e+00   0.0000e+00   2.9520e-05   2.5426e+02
20191117_12:00:00   2.4739e-01   6.2448e+01   5.3539e+00   0.0000e+00   2.0280e-04   2.5352e+02
20191117_13:00:00   2.5863e-01   6.4592e+01   5.6534e+00   0.0000e+00   5.5895e-04   2.5343e+02
20191117_14:00:00   2.6401e-01   6.5551e+01   5.8020e+00   0.0000e+00   5.6235e-03   2.5387e+02
20191117_15:00:00   2.6145e-01   6.4983e+01   5.7721e+00   0.0000e+00   7.9882e-03   2.5321e+02
20191117_16:00:00   2.5304e-01   6.3305e+01   5.5697e+00   0.0000e+00   3.3607e-03   2.5223e+02
20191117_17:00:00   2.3722e-01   6.0140e+01   5.1858e+00   0.0000e+00   2.8476e-03   2.5404e+02
20191117_18:00:00   2.2576e-01   5.7671e+01   4.9790e+00   0.0000e+00   1.9278e-03   2.5330e+02
20191117_19:00:00   2.2721e-01   5.8029e+01   4.9890e+00   0.0000e+00   1.7453e-03   2.5349e+02
20191117_20:00:00   2.2952e-01   5.8547e+01   5.0250e+00   0.0000e+00   2.4444e-04   2.5534e+02
20191117_21:00:00   2.2759e-01   5.8122e+01   4.9883e+00   0.0000e+00   4.5385e-04   2.5784e+02
20191117_22:00:00   2.4215e-01   6.1105e+01   5.2697e+00   0.0000e+00   4.2605e-03   2.5928e+02
20191117_23:00:00   2.4730e-01   6.2058e+01   5.4006e+00   0.0000e+00   8.2449e-03   2.6009e+02
20191118_00:00:00   2.6116e-01   6.4785e+01   5.7162e+00   0.0000e+00   3.1204e-03   2.6061e+02
20191118_01:00:00   2.5617e-01   6.3864e+01   5.5425e+00   0.0000e+00   2.8843e-03   2.5759e+02
20191118_02:00:00   2.8020e-01   6.8618e+01   6.0361e+00   0.0000e+00   9.7754e-04   2.5522e+02
20191118_03:00:00   2.8049e-01   6.8774e+01   5.9685e+00   0.0000e+00   5.8600e-04   2.5628e+02
20191118_04:00:00   2.7510e-01   6.7629e+01   5.8650e+00   0.0000e+00   9.3280e-05   2.5511e+02
20191118_05:00:00   2.6308e-01   6.5235e+01   5.6069e+00   0.0000e+00   2.4931e-04   2.5722e+02
20191118_06:00:00   2.6429e-01   6.5382e+01   5.6380e+00   0.0000e+00   2.1356e-05   2.5761e+02
20191118_07:00:00   2.6813e-01   6.6078e+01   5.7037e+00   0.0000e+00   2.7560e-06   2.5897e+02
20191118_08:00:00   2.8221e-01   6.8627e+01   6.0806e+00   0.0000e+00   6.5278e-05   2.5935e+02
20191118_09:00:00   2.8517e-01   6.9129e+01   6.1348e+00   0.0000e+00   4.1939e-04   2.6019e+02
20191118_10:00:00   2.8120e-01   6.8338e+01   6.0376e+00   0.0000e+00   4.3680e-05   2.6383e+02
20191118_11:00:00   2.8631e-01   6.9345e+01   6.1084e+00   0.0000e+00   4.5976e-05   2.6330e+02
20191118_12:00:00   2.9411e-01   7.0782e+01   6.2894e+00   0.0000e+00   1.7787e-04   2.6423e+02
20191118_13:00:00   2.8625e-01   6.9236e+01   6.1237e+00   0.0000e+00   3.9642e-05   2.6645e+02
20191118_14:00:00   2.6668e-01   6.5495e+01   5.6687e+00   0.0000e+00   0.0000e+00   2.6819e+02
20191118_15:00:00   2.5014e-01   6.2289e+01   5.2992e+00   0.0000e+00   0.0000e+00   2.6873e+02
20191118_16:00:00   2.4452e-01   6.1210e+01   5.1651e+00   0.0000e+00   0.0000e+00   2.6862e+02
20191118_17:00:00   2.4248e-01   6.0849e+01   5.1083e+00   0.0000e+00   0.0000e+00   2.6991e+02
20191118_18:00:00   2.4936e-01   6.2221e+01   5.2580e+00   0.0000e+00   0.0000e+00   2.7079e+02
20191118_19:00:00   2.6494e-01   6.5283e+01   5.6157e+00   0.0000e+00   4.8220e-05   2.7034e+02
20191118_20:00:00   2.8993e-01   7.0082e+01   6.1754e+00   0.0000e+00   8.3860e-04   2.6974e+02
20191118_21:00:00   3.2789e-01   7.7112e+01   6.7273e+00   6.5641e-03   2.2721e-02   2.6803e+02
20191118_22:00:00   3.2979e-01   7.7586e+01   6.9969e+00   0.0000e+00   4.8718e-02   2.6656e+02
20191118_23:00:00   3.4940e-01   8.1215e+01   7.2898e+00   3.0468e-03   2.2821e-02   2.6559e+02
20191119_00:00:00   3.5846e-01   8.2916e+01   7.5187e+00   3.5766e-04   1.2779e-01   2.6426e+02
20191119_01:00:00   3.5833e-01   8.2962e+01   7.4274e+00   1.4199e-03   1.7814e-01   2.6308e+02
20191119_02:00:00   3.4224e-01   7.9979e+01   7.1729e+00   8.0380e-04   1.2343e-01   2.6167e+02
20191119_03:00:00   3.1601e-01   7.5012e+01   6.7461e+00   0.0000e+00   7.5685e-02   2.6170e+02
20191119_04:00:00   2.9186e-01   7.0382e+01   6.3296e+00   0.0000e+00   1.6570e-02   2.6179e+02
20191119_05:00:00   3.0066e-01   7.1979e+01   6.5321e+00   0.0000e+00   2.5419e-02   2.6261e+02
20191119_06:00:00   3.0581e-01   7.2946e+01   6.6544e+00   0.0000e+00   3.2826e-02   2.6366e+02
20191119_07:00:00   2.9431e-01   7.0641e+01   6.4674e+00   0.0000e+00   3.4140e-02   2.6412e+02
20191119_08:00:00   2.6816e-01   6.5394e+01   5.9509e+00   0.0000e+00   4.8376e-02   2.6418e+02
20191119_09:00:00   2.5003e-01   6.1691e+01   5.5975e+00   0.0000e+00   1.6844e-02   2.6290e+02
20191119_10:00:00   2.6360e-01   6.4499e+01   5.8802e+00   0.0000e+00   2.6730e-03   2.6241e+02
20191119_11:00:00   2.8487e-01   6.8798e+01   6.3041e+00   0.0000e+00   2.9173e-03   2.6239e+02
20191119_12:00:00   3.2169e-01   7.5883e+01   7.0355e+00   0.0000e+00   2.2787e-02   2.6193e+02
20191119_13:00:00   3.4971e-01   8.1102e+01   7.5799e+00   0.0000e+00   2.4320e-02   2.6215e+02
20191119_14:00:00   3.6565e-01   8.3994e+01   7.8652e+00   0.0000e+00   7.7860e-02   2.6252e+02
20191119_15:00:00   3.6708e-01   8.4303e+01   7.8583e+00   0.0000e+00   5.2944e-02   2.6103e+02
20191119_16:00:00   3.6548e-01   8.4122e+01   7.7615e+00   0.0000e+00   5.1155e-02   2.5978e+02
20191119_17:00:00   3.6984e-01   8.4860e+01   7.8739e+00   0.0000e+00   5.1555e-02   2.6159e+02
20191119_18:00:00   3.7944e-01   8.6495e+01   8.0901e+00   0.0000e+00   1.1350e-01   2.6297e+02
20191119_19:00:00   3.8453e-01   8.7449e+01   8.1524e+00   0.0000e+00   1.3881e-01   2.6555e+02
20191119_20:00:00   3.8430e-01   8.7474e+01   8.1450e+00   0.0000e+00   8.4653e-02   2.6620e+02
20191119_21:00:00   3.9349e-01   8.9216e+01   8.0991e+00   4.7890e-03   4.7384e-02   2.6546e+02
20191119_22:00:00   3.7665e-01   8.6337e+01   7.9808e+00   0.0000e+00   1.6214e-02   2.6501e+02
20191119_23:00:00   5.0071e-01   1.0740e+02   8.4199e+00   4.5380e-02   3.4985e-02   2.6329e+02
20191120_00:00:00   5.7203e-01   1.1849e+02   8.8311e+00   6.2679e-02   3.9707e-01   2.6135e+02
20191120_03:00:00   4.1908e-01   9.3787e+01   8.6383e+00   9.8210e-04   2.8222e-01   2.5659e+02
20191120_06:00:00   3.4472e-01   8.0775e+01   7.3599e+00   0.0000e+00   7.7844e-04   2.4896e+02
20191120_09:00:00   2.8874e-01   7.0377e+01   6.1423e+00   0.0000e+00   2.1240e-07   2.4722e+02
20191120_12:00:00   2.5217e-01   6.3210e+01   5.3898e+00   0.0000e+00   0.0000e+00   2.4580e+02
20191120_15:00:00   2.2705e-01   5.8073e+01   4.8933e+00   0.0000e+00   0.0000e+00   2.4319e+02
20191120_18:00:00   2.2295e-01   5.7249e+01   4.8337e+00   0.0000e+00   0.0000e+00   2.4309e+02
20191120_21:00:00   2.0588e-01   5.3788e+01   4.4577e+00   0.0000e+00   0.0000e+00   2.4291e+02
20191121_00:00:00   2.2481e-01   5.7894e+01   4.8494e+00   0.0000e+00   0.0000e+00   2.4401e+02
20191121_03:00:00   2.3711e-01   6.0521e+01   5.1283e+00   0.0000e+00   0.0000e+00   2.4593e+02
20191121_06:00:00   2.1390e-01   5.5613e+01   4.6293e+00   0.0000e+00   0.0000e+00   2.4612e+02
20191121_09:00:00   2.0145e-01   5.2937e+01   4.4027e+00   0.0000e+00   0.0000e+00   2.4852e+02
20191121_12:00:00   2.1221e-01   5.5238e+01   4.6165e+00   0.0000e+00   0.0000e+00   2.4585e+02
20191121_15:00:00   2.0871e-01   5.4454e+01   4.5760e+00   0.0000e+00   0.0000e+00   2.4769e+02
20191121_18:00:00   2.1996e-01   5.6761e+01   4.8707e+00   0.0000e+00   0.0000e+00   2.4653e+02
20191121_21:00:00   2.2677e-01   5.8105e+01   5.0997e+00   0.0000e+00   1.7710e-04   2.4908e+02
20191122_00:00:00   2.5649e-01   6.4141e+01   5.7088e+00   0.0000e+00   8.3530e-03   2.4832e+02
20191122_03:00:00   2.0416e-01   5.3158e+01   4.5451e+00   0.0000e+00   1.9067e-02   2.4791e+02
20191122_06:00:00   1.4317e-01   3.9534e+01   3.2301e+00   0.0000e+00   1.7008e-02   2.5045e+02
20191122_09:00:00   7.9138e-02   2.4524e+01   1.6902e+00   0.0000e+00   3.1669e-03   2.5775e+02
20191122_12:00:00   5.7868e-02   1.9331e+01   1.1471e+00   0.0000e+00   8.3221e-04   2.5800e+02
20191122_15:00:00   5.0946e-02   1.7671e+01   9.4828e-01   0.0000e+00   3.8219e-04   2.5854e+02
20191122_18:00:00   5.0270e-02   1.7537e+01   9.3289e-01   0.0000e+00   9.2920e-05   2.5903e+02
20191122_21:00:00   5.5538e-02   1.8927e+01   1.0563e+00   0.0000e+00   0.0000e+00   2.5893e+02
20191123_00:00:00   5.5382e-02   1.8903e+01   1.0559e+00   0.0000e+00   0.0000e+00   2.5572e+02
20191123_03:00:00   5.9446e-02   1.9971e+01   1.1517e+00   0.0000e+00   0.0000e+00   2.5178e+02
20191123_06:00:00   6.3336e-02   2.0941e+01   1.2534e+00   0.0000e+00   0.0000e+00   2.5248e+02
20191123_09:00:00   6.5374e-02   2.1445e+01   1.3050e+00   0.0000e+00   0.0000e+00   2.5379e+02
20191123_12:00:00   6.5405e-02   2.1440e+01   1.3096e+00   0.0000e+00   0.0000e+00   2.4909e+02
20191123_15:00:00   6.4460e-02   2.1200e+01   1.2945e+00   0.0000e+00   0.0000e+00   2.4610e+02
20191123_18:00:00   6.6832e-02   2.1805e+01   1.3527e+00   0.0000e+00   0.0000e+00   2.4586e+02
20191123_21:00:00   6.8504e-02   2.2255e+01   1.3932e+00   0.0000e+00   0.0000e+00   2.4721e+02
20191124_00:00:00   6.9539e-02   2.2512e+01   1.4189e+00   0.0000e+00   0.0000e+00   2.4697e+02
20191124_03:00:00   7.2114e-02   2.3146e+01   1.4850e+00   0.0000e+00   0.0000e+00   2.4677e+02
20191124_06:00:00   7.6837e-02   2.4286e+01   1.6039e+00   0.0000e+00   2.9162e-05   2.4768e+02
20191124_09:00:00   7.6967e-02   2.4291e+01   1.6128e+00   0.0000e+00   1.7526e-03   2.4901e+02
20191124_12:00:00   8.2870e-02   2.5571e+01   1.7974e+00   0.0000e+00   4.5171e-03   2.4790e+02
20191124_15:00:00   8.6940e-02   2.6492e+01   1.9130e+00   5.9400e-06   6.4660e-03   2.4674e+02
20191124_18:00:00   8.7047e-02   2.6508e+01   1.9115e+00   2.7890e-04   3.5542e-03   2.4710e+02
20191124_21:00:00   1.1704e-01   3.3816e+01   2.1229e+00   8.9970e-03   1.0649e-02   2.4872e+02
20191125_00:00:00   8.9439e-02   2.7099e+01   1.9695e+00   3.4850e-04   3.4395e-05   2.4454e+02
20191125_03:00:00   9.9410e-02   2.9533e+01   2.0647e+00   2.9750e-03   2.6765e-04   2.4359e+02
20191125_06:00:00   8.9210e-02   2.7071e+01   1.9604e+00   2.6880e-04   0.0000e+00   2.4505e+02
20191125_09:00:00   8.6550e-02   2.6474e+01   1.8926e+00   0.0000e+00   0.0000e+00   2.4757e+02
20191125_12:00:00   8.2600e-02   2.5557e+01   1.7866e+00   0.0000e+00   0.0000e+00   2.4543e+02
20191125_15:00:00   7.3324e-02   2.3334e+01   1.5452e+00   0.0000e+00   0.0000e+00   2.4484e+02
20191125_18:00:00   7.0039e-02   2.2523e+01   1.4702e+00   0.0000e+00   0.0000e+00   2.4385e+02
20191125_21:00:00   6.5341e-02   2.1263e+01   1.3794e+00   0.0000e+00   8.4115e-03   2.4421e+02
20191126_00:00:00   6.7971e-02   2.1844e+01   1.4773e+00   0.0000e+00   1.1588e-02   2.4277e+02
20191126_03:00:00   6.9817e-02   2.2290e+01   1.5326e+00   0.0000e+00   9.3752e-03   2.4130e+02
20191126_06:00:00   7.4186e-02   2.3424e+01   1.6318e+00   0.0000e+00   2.1396e-05   2.4007e+02
20191126_09:00:00   7.6788e-02   2.3972e+01   1.7206e+00   0.0000e+00   6.0217e-04   2.4235e+02
20191126_12:00:00   8.2451e-02   2.5380e+01   1.8582e+00   0.0000e+00   0.0000e+00   2.4156e+02
20191126_15:00:00   9.2417e-02   2.7717e+01   2.1347e+00   0.0000e+00   4.4006e-03   2.3972e+02
20191126_18:00:00   9.9190e-02   2.9326e+01   2.3043e+00   0.0000e+00   9.0576e-03   2.3879e+02
20191126_21:00:00   1.1451e-01   3.2897e+01   2.7112e+00   0.0000e+00   3.5293e-03   2.3880e+02
20191127_00:00:00   1.3684e-01   3.8092e+01   3.2053e+00   7.8470e-04   5.5593e-04   2.3777e+02
20191127_03:00:00   1.5817e-01   4.2724e+01   3.7868e+00   2.3250e-04   9.1273e-03   2.3700e+02
20191127_06:00:00   1.8231e-01   4.7848e+01   4.4322e+00   2.3990e-04   8.8705e-03   2.3927e+02
20191127_09:00:00   2.2183e-01   5.6196e+01   5.3283e+00   6.7290e-05   8.8642e-02   2.4035e+02
20191127_12:00:00   2.7453e-01   6.7016e+01   6.5318e+00   0.0000e+00   5.6143e-02   2.4062e+02
20191127_15:00:00   2.4131e-01   6.0759e+01   5.6070e+00   0.0000e+00   7.2279e-02   2.4030e+02
20191127_18:00:00   2.2146e-01   5.7100e+01   4.9927e+00   0.0000e+00   1.6654e-02   2.4012e+02
20191127_21:00:00   2.2995e-01   5.9095e+01   5.1019e+00   0.0000e+00   1.0090e-02   2.4208e+02
20191128_00:00:00   2.4602e-01   6.2481e+01   5.2677e+00   2.6820e-03   2.0979e-02   2.4106e+02
20191128_03:00:00   2.5741e-01   6.5097e+01   5.0221e+00   9.9080e-03   4.1804e-02   2.3931e+02
20191128_06:00:00   2.3777e-01   6.0973e+01   5.0630e+00   0.0000e+00   2.1446e-02   2.4008e+02
20191128_09:00:00   3.0120e-01   7.3677e+01   6.3645e+00   0.0000e+00   2.3263e-02   2.4207e+02
20191128_12:00:00   3.3322e-01   7.9763e+01   6.9506e+00   1.8564e-04   5.4276e-02   2.4407e+02
20191128_15:00:00   3.3517e-01   8.0048e+01   7.0427e+00   0.0000e+00   2.4801e-03   2.4320e+02
20191128_18:00:00   3.3378e-01   7.9782e+01   7.0603e+00   4.1140e-04   2.2484e-03   2.4342e+02
20191128_21:00:00   3.2055e-01   7.7272e+01   6.8489e+00   0.0000e+00   1.9550e-04   2.4472e+02
20191129_00:00:00   3.3361e-01   7.9855e+01   6.6476e+00   1.0369e-02   1.4512e-03   2.4579e+02
20191129_03:00:00   3.6401e-01   8.5456e+01   7.0959e+00   1.5582e-02   4.2343e-05   2.4514e+02
20191129_06:00:00   3.1870e-01   7.6632e+01   6.9825e+00   0.0000e+00   1.9862e-03   2.4748e+02
20191129_09:00:00   3.1906e-01   7.6585e+01   7.0454e+00   0.0000e+00   1.0422e-02   2.4953e+02
20191129_12:00:00   3.0852e-01   7.4424e+01   6.9013e+00   0.0000e+00   7.6004e-03   2.5131e+02
20191129_15:00:00   2.9241e-01   7.1313e+01   6.5821e+00   0.0000e+00   1.1291e-03   2.5083e+02
20191129_18:00:00   3.0411e-01   7.3638e+01   6.8425e+00   0.0000e+00   5.0494e-04   2.5110e+02
20191129_21:00:00   3.5016e-01   8.2251e+01   7.8305e+00   2.4300e-05   3.7260e-02   2.5251e+02
20191130_00:00:00   3.7372e-01   8.6752e+01   7.8915e+00   7.8854e-03   5.2979e-02   2.5339e+02
20191130_03:00:00   5.3580e-01   1.1416e+02   9.2993e+00   4.7232e-02   2.2694e-02   2.5223e+02
20191130_06:00:00   7.1022e-01   1.3954e+02   9.4681e+00   1.1319e-01   8.9650e-03   2.5678e+02
20191130_09:00:00   4.2108e-01   9.5028e+01   9.0231e+00   3.6654e-03   1.7419e-03   2.5823e+02
20191130_12:00:00   3.9162e-01   8.9715e+01   8.5589e+00   3.4110e-03   3.3847e-03   2.5844e+02
20191130_15:00:00   3.7131e-01   8.5858e+01   8.3645e+00   0.0000e+00   1.1847e-02   2.5487e+02
20191130_18:00:00   3.8265e-01   8.7873e+01   8.6262e+00   0.0000e+00   6.2325e-03   2.5232e+02
20191130_21:00:00   3.7287e-01   8.6151e+01   8.4072e+00   1.0560e-04   4.5100e-03   2.5388e+02
20191201_00:00:00   3.6807e-01   8.5482e+01   7.9066e+00   6.7101e-03   1.9944e-04   2.5271e+02
