#            date       tau225        Tb[K]      pwv[mm] lwp[kg*m^-2] iwp[kg*m^-2]       o3[DU]
20191101_18:00:00   9.7159e-02   2.8771e+01   2.1580e+00   0.0000e+00   0.0000e+00   2.6095e+02
20191101_19:00:00   9.7409e-02   2.9012e+01   2.1311e+00   0.0000e+00   0.0000e+00   2.5874e+02
20191101_20:00:00   9.2002e-02   2.7780e+01   1.9959e+00   0.0000e+00   0.0000e+00   2.5988e+02
20191101_21:00:00   8.9746e-02   2.7248e+01   1.9470e+00   0.0000e+00   0.0000e+00   2.6141e+02
20191101_22:00:00   8.9501e-02   2.7201e+01   1.9438e+00   0.0000e+00   0.0000e+00   2.6134e+02
20191101_23:00:00   9.3894e-02   2.8230e+01   2.0613e+00   0.0000e+00   6.3180e-23   2.6121e+02
20191102_00:00:00   9.8527e-02   2.9363e+01   2.1711e+00   0.0000e+00   0.0000e+00   2.5954e+02
20191102_01:00:00   1.0372e-01   3.0629e+01   2.2966e+00   0.0000e+00   9.4760e-23   2.5794e+02
20191102_02:00:00   1.0928e-01   3.1981e+01   2.4329e+00   0.0000e+00   0.0000e+00   2.5688e+02
20191102_03:00:00   1.1073e-01   3.2344e+01   2.4691e+00   0.0000e+00   0.0000e+00   2.5670e+02
20191102_04:00:00   1.0745e-01   3.1589e+01   2.3870e+00   0.0000e+00   0.0000e+00   2.5618e+02
20191102_05:00:00   1.0711e-01   3.1557e+01   2.3692e+00   0.0000e+00   0.0000e+00   2.5596e+02
20191102_06:00:00   1.0736e-01   3.1664e+01   2.3679e+00   0.0000e+00   0.0000e+00   2.5580e+02
20191102_07:00:00   1.0946e-01   3.2166e+01   2.4220e+00   0.0000e+00   0.0000e+00   2.5677e+02
20191102_08:00:00   1.0736e-01   3.1682e+01   2.3693e+00   0.0000e+00   0.0000e+00   2.5753e+02
20191102_09:00:00   1.0443e-01   3.1004e+01   2.2947e+00   0.0000e+00   0.0000e+00   2.5766e+02
20191102_10:00:00   9.9081e-02   2.9741e+01   2.1601e+00   0.0000e+00   0.0000e+00   2.5786e+02
20191102_11:00:00   9.4436e-02   2.8629e+01   2.0463e+00   0.0000e+00   0.0000e+00   2.5656e+02
20191102_12:00:00   9.1146e-02   2.7819e+01   1.9677e+00   0.0000e+00   0.0000e+00   2.5605e+02
20191102_13:00:00   8.8873e-02   2.7264e+01   1.9119e+00   0.0000e+00   0.0000e+00   2.5516e+02
20191102_14:00:00   8.7417e-02   2.6915e+01   1.8712e+00   0.0000e+00   0.0000e+00   2.5448e+02
20191102_15:00:00   8.6210e-02   2.6601e+01   1.8495e+00   0.0000e+00   0.0000e+00   2.5379e+02
20191102_16:00:00   8.4288e-02   2.6130e+01   1.8068e+00   0.0000e+00   0.0000e+00   2.5362e+02
20191102_17:00:00   8.2184e-02   2.5611e+01   1.7569e+00   0.0000e+00   0.0000e+00   2.5403e+02
20191102_18:00:00   8.0189e-02   2.5135e+01   1.7083e+00   0.0000e+00   0.0000e+00   2.5508e+02
20191102_19:00:00   7.8467e-02   2.4725e+01   1.6665e+00   0.0000e+00   0.0000e+00   2.5591e+02
20191102_20:00:00   7.7437e-02   2.4479e+01   1.6419e+00   0.0000e+00   0.0000e+00   2.5651e+02
20191102_21:00:00   7.6581e-02   2.4269e+01   1.6189e+00   0.0000e+00   0.0000e+00   2.5652e+02
20191102_22:00:00   7.6214e-02   2.4183e+01   1.6050e+00   0.0000e+00   0.0000e+00   2.5707e+02
20191102_23:00:00   7.4392e-02   2.3742e+01   1.5562e+00   0.0000e+00   0.0000e+00   2.5649e+02
20191103_00:00:00   7.3071e-02   2.3425e+01   1.5193e+00   0.0000e+00   0.0000e+00   2.5566e+02
20191103_01:00:00   7.2289e-02   2.3247e+01   1.4959e+00   0.0000e+00   0.0000e+00   2.5610e+02
20191103_02:00:00   7.1968e-02   2.3161e+01   1.4881e+00   0.0000e+00   0.0000e+00   2.5598e+02
20191103_03:00:00   7.2368e-02   2.3269e+01   1.4924e+00   0.0000e+00   0.0000e+00   2.5581e+02
20191103_04:00:00   7.2169e-02   2.3227e+01   1.4836e+00   0.0000e+00   0.0000e+00   2.5525e+02
20191103_05:00:00   7.1453e-02   2.3044e+01   1.4643e+00   0.0000e+00   0.0000e+00   2.5521e+02
20191103_06:00:00   6.9317e-02   2.2498e+01   1.4146e+00   0.0000e+00   0.0000e+00   2.5561e+02
20191103_07:00:00   6.9261e-02   2.2469e+01   1.4137e+00   0.0000e+00   0.0000e+00   2.5571e+02
20191103_08:00:00   6.9320e-02   2.2480e+01   1.4181e+00   0.0000e+00   0.0000e+00   2.5622e+02
20191103_09:00:00   6.9271e-02   2.2468e+01   1.4170e+00   0.0000e+00   0.0000e+00   2.5585e+02
20191103_10:00:00   6.6686e-02   2.1819e+01   1.3536e+00   0.0000e+00   0.0000e+00   2.5585e+02
20191103_11:00:00   6.5907e-02   2.1621e+01   1.3345e+00   0.0000e+00   0.0000e+00   2.5624e+02
20191103_12:00:00   6.6170e-02   2.1681e+01   1.3411e+00   0.0000e+00   0.0000e+00   2.5604e+02
20191103_13:00:00   6.5302e-02   2.1464e+01   1.3206e+00   0.0000e+00   8.7840e-06   2.5529e+02
20191103_14:00:00   6.3970e-02   2.1129e+01   1.2872e+00   0.0000e+00   0.0000e+00   2.5400e+02
20191103_15:00:00   6.3312e-02   2.0960e+01   1.2709e+00   0.0000e+00   2.0946e-06   2.5275e+02
20191103_16:00:00   6.2034e-02   2.0651e+01   1.2373e+00   0.0000e+00   0.0000e+00   2.5236e+02
20191103_17:00:00   6.0288e-02   2.0230e+01   1.1900e+00   0.0000e+00   0.0000e+00   2.5196e+02
20191103_18:00:00   5.9800e-02   2.0111e+01   1.1748e+00   0.0000e+00   0.0000e+00   2.5232e+02
20191103_19:00:00   6.0270e-02   2.0238e+01   1.1846e+00   0.0000e+00   0.0000e+00   2.5312e+02
20191103_20:00:00   6.0612e-02   2.0340e+01   1.1883e+00   0.0000e+00   0.0000e+00   2.5442e+02
20191103_21:00:00   5.9710e-02   2.0123e+01   1.1617e+00   0.0000e+00   0.0000e+00   2.5538e+02
20191103_22:00:00   5.8651e-02   1.9857e+01   1.1324e+00   0.0000e+00   0.0000e+00   2.5567e+02
20191103_23:00:00   5.7965e-02   1.9682e+01   1.1148e+00   0.0000e+00   0.0000e+00   2.5518e+02
20191104_00:00:00   5.7985e-02   1.9692e+01   1.1127e+00   0.0000e+00   0.0000e+00   2.5373e+02
20191104_01:00:00   5.9145e-02   1.9993e+01   1.1364e+00   0.0000e+00   0.0000e+00   2.5231e+02
20191104_02:00:00   6.0642e-02   2.0377e+01   1.1704e+00   0.0000e+00   0.0000e+00   2.5152e+02
20191104_03:00:00   6.0803e-02   2.0414e+01   1.1766e+00   0.0000e+00   0.0000e+00   2.5211e+02
20191104_04:00:00   6.0874e-02   2.0435e+01   1.1787e+00   0.0000e+00   0.0000e+00   2.5310e+02
20191104_05:00:00   6.0793e-02   2.0404e+01   1.1787e+00   0.0000e+00   0.0000e+00   2.5406e+02
20191104_06:00:00   6.2502e-02   2.0821e+01   1.2229e+00   0.0000e+00   0.0000e+00   2.5442e+02
20191104_07:00:00   6.2469e-02   2.0804e+01   1.2222e+00   0.0000e+00   0.0000e+00   2.5264e+02
20191104_08:00:00   6.1487e-02   2.0547e+01   1.2019e+00   0.0000e+00   0.0000e+00   2.5136e+02
20191104_09:00:00   6.1772e-02   2.0613e+01   1.2093e+00   0.0000e+00   0.0000e+00   2.5162e+02
20191104_10:00:00   6.1197e-02   2.0447e+01   1.2017e+00   0.0000e+00   5.0540e-07   2.5124e+02
20191104_11:00:00   6.1268e-02   2.0448e+01   1.2060e+00   0.0000e+00   0.0000e+00   2.5095e+02
20191104_12:00:00   6.0676e-02   2.0275e+01   1.1959e+00   0.0000e+00   0.0000e+00   2.5089e+02
20191104_13:00:00   6.0029e-02   2.0112e+01   1.1804e+00   0.0000e+00   0.0000e+00   2.5008e+02
20191104_14:00:00   5.9299e-02   1.9926e+01   1.1623e+00   0.0000e+00   0.0000e+00   2.4988e+02
20191104_15:00:00   5.9879e-02   2.0045e+01   1.1872e+00   0.0000e+00   0.0000e+00   2.4982e+02
20191104_16:00:00   6.0102e-02   2.0096e+01   1.1940e+00   0.0000e+00   0.0000e+00   2.4985e+02
20191104_17:00:00   6.1258e-02   2.0368e+01   1.2288e+00   0.0000e+00   6.1611e-04   2.4972e+02
20191104_18:00:00   6.2640e-02   2.0712e+01   1.2633e+00   0.0000e+00   7.6880e-04   2.4912e+02
20191104_19:00:00   6.3488e-02   2.0920e+01   1.2867e+00   0.0000e+00   2.7117e-04   2.4900e+02
20191104_20:00:00   6.3794e-02   2.1002e+01   1.2932e+00   0.0000e+00   1.6152e-05   2.4964e+02
20191104_21:00:00   6.3760e-02   2.0957e+01   1.3048e+00   0.0000e+00   9.9734e-05   2.4905e+02
20191104_22:00:00   6.3953e-02   2.1030e+01   1.3017e+00   0.0000e+00   9.8580e-05   2.4799e+02
20191104_23:00:00   6.8046e-02   2.2007e+01   1.4169e+00   0.0000e+00   1.5065e-03   2.4786e+02
20191105_00:00:00   6.9525e-02   2.2308e+01   1.4761e+00   0.0000e+00   1.5574e-03   2.4706e+02
20191105_01:00:00   7.2294e-02   2.2982e+01   1.5465e+00   0.0000e+00   2.9867e-03   2.4551e+02
20191105_02:00:00   7.6836e-02   2.4044e+01   1.6783e+00   0.0000e+00   4.6740e-03   2.4514e+02
20191105_03:00:00   8.6121e-02   2.6294e+01   1.9097e+00   0.0000e+00   9.0838e-03   2.4561e+02
20191105_04:00:00   9.7205e-02   2.9006e+01   2.1725e+00   0.0000e+00   2.5678e-03   2.4542e+02
20191105_05:00:00   1.0077e-01   2.9896e+01   2.2492e+00   0.0000e+00   2.0504e-03   2.4487e+02
20191105_06:00:00   9.7171e-02   2.8946e+01   2.1922e+00   0.0000e+00   3.6016e-03   2.4348e+02
20191105_07:00:00   9.5574e-02   2.8524e+01   2.1658e+00   0.0000e+00   2.5629e-03   2.4314e+02
20191105_08:00:00   9.5962e-02   2.8614e+01   2.1741e+00   0.0000e+00   8.8656e-06   2.4429e+02
20191105_09:00:00   9.7621e-02   2.8951e+01   2.2287e+00   0.0000e+00   3.7602e-04   2.4441e+02
20191105_10:00:00   1.0118e-01   2.9733e+01   2.3358e+00   0.0000e+00   2.1489e-03   2.4372e+02
20191105_11:00:00   9.9564e-02   2.9376e+01   2.2893e+00   0.0000e+00   2.3360e-04   2.4278e+02
20191105_12:00:00   9.8664e-02   2.9150e+01   2.2687e+00   0.0000e+00   2.1762e-03   2.4190e+02
20191105_13:00:00   9.5963e-02   2.8500e+01   2.2040e+00   0.0000e+00   4.5011e-03   2.4060e+02
20191105_14:00:00   1.0104e-01   2.9588e+01   2.3638e+00   0.0000e+00   7.1613e-03   2.3974e+02
20191105_15:00:00   1.0581e-01   3.0643e+01   2.5007e+00   0.0000e+00   8.6729e-03   2.3948e+02
20191105_16:00:00   1.0832e-01   3.1215e+01   2.5738e+00   0.0000e+00   5.4576e-03   2.3998e+02
20191105_17:00:00   1.1475e-01   3.2687e+01   2.7439e+00   0.0000e+00   1.5974e-03   2.4011e+02
20191105_18:00:00   1.2196e-01   3.4318e+01   2.9337e+00   0.0000e+00   1.3771e-03   2.4061e+02
20191105_19:00:00   1.2960e-01   3.6075e+01   3.1285e+00   0.0000e+00   2.4948e-04   2.4032e+02
20191105_20:00:00   1.3864e-01   3.8099e+01   3.3655e+00   0.0000e+00   1.0487e-03   2.3998e+02
20191105_21:00:00   1.4604e-01   3.9785e+01   3.5387e+00   0.0000e+00   1.5658e-02   2.4055e+02
20191105_22:00:00   1.5546e-01   4.1889e+01   3.7789e+00   0.0000e+00   1.0072e-02   2.4156e+02
20191105_23:00:00   1.6819e-01   4.4887e+01   4.0395e+00   1.6570e-04   4.7549e-04   2.4202e+02
20191106_00:00:00   1.7818e-01   4.7053e+01   4.1729e+00   2.1200e-03   1.7130e-02   2.4193e+02
20191106_01:00:00   1.8329e-01   4.8094e+01   4.4401e+00   0.0000e+00   5.4124e-03   2.4176e+02
20191106_02:00:00   1.9602e-01   5.0849e+01   4.7447e+00   0.0000e+00   8.7236e-03   2.4144e+02
20191106_03:00:00   2.1089e-01   5.3996e+01   5.0824e+00   0.0000e+00   3.4846e-02   2.4191e+02
20191106_04:00:00   2.2186e-01   5.6210e+01   5.3191e+00   0.0000e+00   1.1266e-01   2.4228e+02
20191106_05:00:00   2.3193e-01   5.8251e+01   5.5753e+00   0.0000e+00   7.4371e-02   2.4214e+02
20191106_06:00:00   2.3070e-01   5.7950e+01   5.5603e+00   0.0000e+00   6.2896e-02   2.4229e+02
20191106_07:00:00   2.3800e-01   5.9402e+01   5.7126e+00   0.0000e+00   1.0932e-01   2.4243e+02
20191106_08:00:00   2.3399e-01   5.8662e+01   5.6521e+00   0.0000e+00   1.8277e-02   2.4294e+02
20191106_09:00:00   2.3805e-01   5.9499e+01   5.7423e+00   0.0000e+00   3.2435e-02   2.4327e+02
20191106_10:00:00   2.5391e-01   6.2692e+01   6.1081e+00   0.0000e+00   6.0460e-02   2.4312e+02
20191106_11:00:00   2.8919e-01   6.9661e+01   6.8198e+00   0.0000e+00   2.1187e-01   2.4286e+02
20191106_12:00:00   3.2452e-01   7.6532e+01   7.5942e+00   0.0000e+00   1.9476e-01   2.4275e+02
20191106_13:00:00   3.5760e-01   8.2842e+01   8.2902e+00   0.0000e+00   1.4685e-01   2.4260e+02
20191106_14:00:00   3.7197e-01   8.5507e+01   8.5846e+00   0.0000e+00   1.5264e-01   2.4273e+02
20191106_15:00:00   3.8161e-01   8.7288e+01   8.8125e+00   0.0000e+00   1.3153e-01   2.4272e+02
20191106_16:00:00   3.9383e-01   8.9506e+01   9.0443e+00   0.0000e+00   1.4858e-01   2.4237e+02
20191106_17:00:00   4.1066e-01   9.2534e+01   9.3685e+00   0.0000e+00   1.8644e-01   2.4161e+02
20191106_18:00:00   4.1102e-01   9.2621e+01   9.4296e+00   0.0000e+00   6.1013e-02   2.4289e+02
20191106_21:00:00   4.3267e-01   9.6440e+01   9.8686e+00   0.0000e+00   7.2516e-02   2.4669e+02
20191107_00:00:00   4.8853e-01   1.0547e+02   1.0722e+01   0.0000e+00   6.3711e-01   2.4745e+02
20191107_03:00:00   4.9115e-01   1.0616e+02   1.0860e+01   0.0000e+00   1.9618e-01   2.4536e+02
20191107_06:00:00   4.2607e-01   9.5201e+01   9.6743e+00   0.0000e+00   1.7134e-01   2.4518e+02
20191107_09:00:00   4.3398e-01   9.6576e+01   9.8016e+00   0.0000e+00   2.3421e-01   2.4658e+02
20191107_12:00:00   3.8144e-01   8.7335e+01   8.7141e+00   0.0000e+00   2.5007e-01   2.4778e+02
20191107_15:00:00   3.1136e-01   7.4427e+01   7.2978e+00   3.3584e-04   1.6310e-01   2.5035e+02
20191107_18:00:00   2.6800e-01   6.6073e+01   6.2977e+00   0.0000e+00   8.7354e-02   2.5253e+02
20191107_21:00:00   2.5566e-01   6.3754e+01   5.8862e+00   0.0000e+00   1.6750e-01   2.5152e+02
20191108_00:00:00   2.4229e-01   6.1418e+01   5.4769e+00   0.0000e+00   1.6701e-01   2.5279e+02
20191108_03:00:00   1.8178e-01   4.8970e+01   3.9750e+00   0.0000e+00   7.8574e-02   2.5205e+02
20191108_06:00:00   1.5098e-01   4.2322e+01   3.2166e+00   0.0000e+00   7.9958e-03   2.5412e+02
20191108_09:00:00   1.4549e-01   4.1138e+01   3.0615e+00   0.0000e+00   1.2290e-04   2.5431e+02
20191108_12:00:00   1.5607e-01   4.3446e+01   3.3224e+00   0.0000e+00   7.7640e-06   2.5379e+02
20191108_15:00:00   1.4235e-01   4.0321e+01   3.0358e+00   0.0000e+00   1.4358e-05   2.5173e+02
20191108_18:00:00   1.3900e-01   3.9601e+01   2.9754e+00   0.0000e+00   0.0000e+00   2.5275e+02
20191108_21:00:00   1.3398e-01   3.8437e+01   2.8770e+00   0.0000e+00   0.0000e+00   2.5307e+02
20191109_00:00:00   1.4143e-01   4.0108e+01   3.0410e+00   0.0000e+00   0.0000e+00   2.5170e+02
20191109_03:00:00   1.4389e-01   4.0640e+01   3.1167e+00   0.0000e+00   0.0000e+00   2.5079e+02
20191109_06:00:00   1.4899e-01   4.1755e+01   3.2343e+00   0.0000e+00   0.0000e+00   2.5017e+02
20191109_09:00:00   1.3392e-01   3.8236e+01   2.8900e+00   0.0000e+00   0.0000e+00   2.5095e+02
20191109_12:00:00   1.1518e-01   3.3709e+01   2.4822e+00   0.0000e+00   4.9615e-03   2.5014e+02
20191109_15:00:00   1.0646e-01   3.1279e+01   2.3849e+00   0.0000e+00   4.0023e-02   2.4812e+02
20191109_18:00:00   1.2605e-01   3.5482e+01   3.0140e+00   0.0000e+00   3.1874e-02   2.4952e+02
20191109_21:00:00   1.7392e-01   4.5680e+01   4.1771e+00   0.0000e+00   2.9861e-01   2.5093e+02
20191110_00:00:00   1.9055e-01   4.9349e+01   4.6458e+00   0.0000e+00   1.4223e-01   2.4917e+02
20191110_03:00:00   2.5104e-01   6.2171e+01   6.0287e+00   0.0000e+00   1.2357e-01   2.4711e+02
20191110_06:00:00   2.9339e-01   7.0658e+01   7.0526e+00   0.0000e+00   6.2272e-02   2.4633e+02
20191110_09:00:00   3.0178e-01   7.2256e+01   7.2190e+00   0.0000e+00   8.6805e-02   2.4598e+02
20191110_12:00:00   3.5102e-01   8.1639e+01   8.2059e+00   0.0000e+00   6.3733e-02   2.4547e+02
20191110_15:00:00   3.0811e-01   7.4058e+01   7.0223e+00   0.0000e+00   1.2770e-02   2.4545e+02
20191110_18:00:00   2.5131e-01   6.3266e+01   5.5860e+00   0.0000e+00   5.2380e-06   2.4704e+02
20191110_21:00:00   2.3357e-01   5.9787e+01   5.1480e+00   0.0000e+00   0.0000e+00   2.4823e+02
20191111_00:00:00   2.2953e-01   5.9053e+01   5.0288e+00   0.0000e+00   0.0000e+00   2.4868e+02
20191111_03:00:00   2.0100e-01   5.3123e+01   4.3588e+00   0.0000e+00   0.0000e+00   2.4765e+02
20191111_06:00:00   1.9442e-01   5.1608e+01   4.2594e+00   0.0000e+00   0.0000e+00   2.4637e+02
20191111_09:00:00   1.6817e-01   4.5781e+01   3.6716e+00   0.0000e+00   0.0000e+00   2.4734e+02
20191111_12:00:00   1.3885e-01   3.9165e+01   3.0109e+00   0.0000e+00   0.0000e+00   2.4465e+02
20191111_15:00:00   1.1626e-01   3.3911e+01   2.5072e+00   0.0000e+00   0.0000e+00   2.4419e+02
20191111_18:00:00   1.0951e-01   3.2140e+01   2.4334e+00   0.0000e+00   0.0000e+00   2.4350e+02
20191111_21:00:00   1.0930e-01   3.2101e+01   2.4429e+00   0.0000e+00   0.0000e+00   2.4448e+02
20191112_00:00:00   1.2337e-01   3.5342e+01   2.8258e+00   0.0000e+00   0.0000e+00   2.4407e+02
20191112_03:00:00   1.3688e-01   3.8467e+01   3.1538e+00   0.0000e+00   0.0000e+00   2.4179e+02
20191112_06:00:00   1.3710e-01   3.8570e+01   3.1349e+00   8.2960e-05   0.0000e+00   2.4161e+02
20191112_09:00:00   1.3671e-01   3.8471e+01   3.1292e+00   0.0000e+00   0.0000e+00   2.4227e+02
20191112_12:00:00   1.3755e-01   3.8678e+01   3.1316e+00   0.0000e+00   0.0000e+00   2.4161e+02
20191112_15:00:00   1.3238e-01   3.7491e+01   3.0066e+00   0.0000e+00   0.0000e+00   2.4056e+02
20191112_18:00:00   1.3284e-01   3.7548e+01   3.0351e+00   0.0000e+00   0.0000e+00   2.4176e+02
20191112_21:00:00   1.3135e-01   3.7166e+01   3.0111e+00   0.0000e+00   0.0000e+00   2.4101e+02
20191113_00:00:00   1.4423e-01   4.0132e+01   3.2922e+00   0.0000e+00   6.1881e-05   2.4247e+02
20191113_03:00:00   1.5211e-01   4.1971e+01   3.4284e+00   9.4770e-04   0.0000e+00   2.3920e+02
20191113_06:00:00   1.5536e-01   4.2722e+01   3.5563e+00   0.0000e+00   0.0000e+00   2.3890e+02
20191113_09:00:00   1.3087e-01   3.7433e+01   2.8000e+00   0.0000e+00   9.0210e-06   2.4013e+02
20191113_12:00:00   1.4786e-01   4.1125e+01   3.2452e+00   0.0000e+00   0.0000e+00   2.4046e+02
20191113_15:00:00   1.5446e-01   4.2660e+01   3.3841e+00   0.0000e+00   0.0000e+00   2.4311e+02
20191113_18:00:00   1.4800e-01   4.1173e+01   3.2703e+00   0.0000e+00   0.0000e+00   2.4432e+02
20191113_21:00:00   1.6049e-01   4.3820e+01   3.6562e+00   0.0000e+00   2.7200e-05   2.4440e+02
20191114_00:00:00   1.8309e-01   4.8797e+01   4.2270e+00   0.0000e+00   1.1525e-04   2.4451e+02
20191114_03:00:00   2.1461e-01   5.5738e+01   4.9301e+00   5.5050e-04   7.7881e-04   2.4520e+02
20191114_06:00:00   2.1615e-01   5.5929e+01   5.0472e+00   0.0000e+00   1.3052e-04   2.4752e+02
20191114_09:00:00   2.2211e-01   5.6871e+01   5.2917e+00   0.0000e+00   6.2629e-03   2.4714e+02
20191114_12:00:00   2.2068e-01   5.6447e+01   5.2891e+00   0.0000e+00   1.3664e-03   2.4307e+02
20191114_15:00:00   2.0196e-01   5.2598e+01   4.8222e+00   0.0000e+00   7.7346e-05   2.3985e+02
20191114_18:00:00   2.1033e-01   5.4622e+01   4.9713e+00   0.0000e+00   0.0000e+00   2.4084e+02
20191114_21:00:00   2.0899e-01   5.4365e+01   4.9455e+00   0.0000e+00   0.0000e+00   2.4273e+02
20191115_00:00:00   2.0343e-01   5.3236e+01   4.8145e+00   0.0000e+00   0.0000e+00   2.4350e+02
20191115_03:00:00   2.3938e-01   6.0985e+01   5.4059e+00   4.3250e-03   1.4874e-04   2.4235e+02
20191115_06:00:00   2.3206e-01   5.9423e+01   5.4271e+00   0.0000e+00   4.8211e-05   2.4233e+02
20191115_09:00:00   2.1773e-01   5.6454e+01   5.0798e+00   0.0000e+00   0.0000e+00   2.4296e+02
20191115_12:00:00   2.1799e-01   5.6579e+01   5.0630e+00   0.0000e+00   4.4050e-07   2.4329e+02
20191115_15:00:00   2.1977e-01   5.7014e+01   5.0997e+00   0.0000e+00   3.5940e-05   2.3882e+02
20191115_18:00:00   2.0677e-01   5.4343e+01   4.8370e+00   0.0000e+00   1.0043e-05   2.3991e+02
20191115_21:00:00   2.0126e-01   5.3163e+01   4.7277e+00   0.0000e+00   4.4022e-06   2.4155e+02
20191116_00:00:00   2.1091e-01   5.5220e+01   4.9501e+00   0.0000e+00   0.0000e+00   2.3988e+02
20191116_03:00:00   2.3352e-01   6.0176e+01   5.1669e+00   4.6320e-03   0.0000e+00   2.3612e+02
20191116_06:00:00   2.2242e-01   5.7760e+01   5.1532e+00   0.0000e+00   5.0420e-06   2.3887e+02
20191116_09:00:00   2.4739e-01   6.3127e+01   5.6083e+00   0.0000e+00   9.3260e-06   2.3951e+02
20191116_12:00:00   2.6162e-01   6.6034e+01   5.8112e+00   0.0000e+00   5.8492e-05   2.4079e+02
20191116_15:00:00   2.5097e-01   6.3858e+01   5.5683e+00   0.0000e+00   4.6311e-05   2.3971e+02
20191116_18:00:00   2.4321e-01   6.2234e+01   5.4964e+00   0.0000e+00   8.7280e-06   2.3918e+02
20191116_21:00:00   2.9907e-01   7.3453e+01   6.8267e+00   0.0000e+00   6.5260e-06   2.3953e+02
20191117_00:00:00   4.2211e-01   9.6525e+01   8.2034e+00   2.0784e-02   0.0000e+00   2.4009e+02
20191117_03:00:00   3.0206e-01   7.4067e+01   6.7306e+00   2.3780e-04   3.7690e-04   2.3881e+02
20191117_06:00:00   3.2857e-01   7.8988e+01   7.3952e+00   0.0000e+00   4.9555e-05   2.3808e+02
20191117_09:00:00   2.5705e-01   6.4669e+01   5.9151e+00   0.0000e+00   1.4070e-04   2.4057e+02
20191117_12:00:00   3.0957e-01   7.4573e+01   7.2672e+00   0.0000e+00   5.1990e-04   2.3910e+02
20191117_15:00:00   2.6035e-01   6.5086e+01   6.0426e+00   0.0000e+00   9.0421e-05   2.4055e+02
20191117_18:00:00   2.6731e-01   6.6819e+01   6.0580e+00   0.0000e+00   3.2741e-06   2.4244e+02
