#            date       tau225        Tb[K]      pwv[mm] lwp[kg*m^-2] iwp[kg*m^-2]       o3[DU]
20191113_18:00:00   1.0410e-01   3.1114e+01   2.3079e+00   0.0000e+00   0.0000e+00   2.4146e+02
20191113_19:00:00   1.0399e-01   3.1109e+01   2.2974e+00   0.0000e+00   0.0000e+00   2.4237e+02
20191113_20:00:00   1.0458e-01   3.1258e+01   2.3144e+00   0.0000e+00   0.0000e+00   2.4379e+02
20191113_21:00:00   1.0674e-01   3.1760e+01   2.3727e+00   0.0000e+00   0.0000e+00   2.4420e+02
20191113_22:00:00   1.0988e-01   3.2517e+01   2.4459e+00   0.0000e+00   0.0000e+00   2.4319e+02
20191113_23:00:00   1.1506e-01   3.3774e+01   2.5568e+00   0.0000e+00   0.0000e+00   2.4356e+02
20191114_00:00:00   1.1730e-01   3.4322e+01   2.6032e+00   0.0000e+00   0.0000e+00   2.4270e+02
20191114_01:00:00   1.1680e-01   3.4207e+01   2.5666e+00   4.2090e-04   0.0000e+00   2.4165e+02
20191114_02:00:00   1.1638e-01   3.4093e+01   2.5709e+00   1.7020e-04   0.0000e+00   2.4101e+02
20191114_03:00:00   1.1516e-01   3.3787e+01   2.5518e+00   0.0000e+00   0.0000e+00   2.4088e+02
20191114_04:00:00   1.1369e-01   3.3415e+01   2.5207e+00   0.0000e+00   0.0000e+00   2.4101e+02
20191114_05:00:00   1.1447e-01   3.3575e+01   2.5436e+00   0.0000e+00   0.0000e+00   2.4152e+02
20191114_06:00:00   1.1554e-01   3.3814e+01   2.5682e+00   0.0000e+00   0.0000e+00   2.4236e+02
20191114_07:00:00   1.1663e-01   3.4066e+01   2.5922e+00   0.0000e+00   0.0000e+00   2.4229e+02
20191114_08:00:00   1.1722e-01   3.4197e+01   2.6051e+00   0.0000e+00   0.0000e+00   2.4125e+02
20191114_09:00:00   1.1717e-01   3.4169e+01   2.6030e+00   0.0000e+00   0.0000e+00   2.4138e+02
20191114_10:00:00   1.1555e-01   3.3767e+01   2.5713e+00   0.0000e+00   0.0000e+00   2.4200e+02
20191114_11:00:00   1.1412e-01   3.3400e+01   2.5458e+00   0.0000e+00   0.0000e+00   2.4250e+02
20191114_12:00:00   1.1472e-01   3.3512e+01   2.5709e+00   0.0000e+00   0.0000e+00   2.4200e+02
20191114_13:00:00   1.1434e-01   3.3404e+01   2.5678e+00   0.0000e+00   0.0000e+00   2.4143e+02
20191114_14:00:00   1.1265e-01   3.3006e+01   2.5282e+00   0.0000e+00   0.0000e+00   2.4132e+02
20191114_15:00:00   1.1023e-01   3.2437e+01   2.4707e+00   0.0000e+00   0.0000e+00   2.4116e+02
20191114_16:00:00   1.0723e-01   3.1724e+01   2.3999e+00   0.0000e+00   0.0000e+00   2.4062e+02
20191114_17:00:00   1.0609e-01   3.1446e+01   2.3727e+00   0.0000e+00   0.0000e+00   2.4017e+02
20191114_18:00:00   1.0572e-01   3.1367e+01   2.3647e+00   0.0000e+00   0.0000e+00   2.4019e+02
20191114_19:00:00   1.0553e-01   3.1319e+01   2.3631e+00   0.0000e+00   0.0000e+00   2.3990e+02
20191114_20:00:00   1.0535e-01   3.1271e+01   2.3596e+00   0.0000e+00   0.0000e+00   2.4025e+02
20191114_21:00:00   1.0579e-01   3.1378e+01   2.3688e+00   0.0000e+00   0.0000e+00   2.4183e+02
20191114_22:00:00   1.0575e-01   3.1360e+01   2.3659e+00   0.0000e+00   0.0000e+00   2.4311e+02
20191114_23:00:00   1.0508e-01   3.1190e+01   2.3529e+00   0.0000e+00   0.0000e+00   2.4314e+02
20191115_00:00:00   1.0409e-01   3.0944e+01   2.3304e+00   0.0000e+00   0.0000e+00   2.4240e+02
20191115_01:00:00   1.0315e-01   3.0721e+01   2.3066e+00   0.0000e+00   0.0000e+00   2.4211e+02
20191115_02:00:00   1.0384e-01   3.0885e+01   2.3239e+00   0.0000e+00   0.0000e+00   2.4227e+02
20191115_03:00:00   1.0341e-01   3.0783e+01   2.3163e+00   0.0000e+00   0.0000e+00   2.4220e+02
20191115_04:00:00   1.0409e-01   3.0939e+01   2.3349e+00   0.0000e+00   0.0000e+00   2.4208e+02
20191115_05:00:00   1.0494e-01   3.1136e+01   2.3552e+00   0.0000e+00   0.0000e+00   2.4267e+02
20191115_06:00:00   1.0450e-01   3.1032e+01   2.3380e+00   0.0000e+00   0.0000e+00   2.4344e+02
20191115_07:00:00   1.0339e-01   3.0769e+01   2.3085e+00   0.0000e+00   0.0000e+00   2.4495e+02
20191115_08:00:00   1.0294e-01   3.0657e+01   2.2929e+00   0.0000e+00   0.0000e+00   2.4536e+02
20191115_09:00:00   1.0257e-01   3.0570e+01   2.2792e+00   0.0000e+00   0.0000e+00   2.4495e+02
20191115_10:00:00   1.0149e-01   3.0308e+01   2.2475e+00   0.0000e+00   0.0000e+00   2.4405e+02
20191115_11:00:00   9.7414e-02   2.9345e+01   2.1391e+00   0.0000e+00   0.0000e+00   2.4339e+02
20191115_12:00:00   9.3873e-02   2.8507e+01   2.0468e+00   0.0000e+00   0.0000e+00   2.4256e+02
20191115_13:00:00   9.0021e-02   2.7575e+01   1.9480e+00   0.0000e+00   0.0000e+00   2.4227e+02
20191115_14:00:00   8.6140e-02   2.6615e+01   1.8569e+00   0.0000e+00   5.3680e-04   2.4194e+02
20191115_15:00:00   8.4323e-02   2.6148e+01   1.8173e+00   0.0000e+00   1.1646e-04   2.4219e+02
20191115_16:00:00   8.4228e-02   2.6086e+01   1.8259e+00   0.0000e+00   6.8620e-04   2.4225e+02
20191115_17:00:00   8.8883e-02   2.7198e+01   1.9470e+00   0.0000e+00   2.4725e-03   2.4250e+02
20191115_18:00:00   9.6297e-02   2.8924e+01   2.1460e+00   0.0000e+00   6.0933e-03   2.4280e+02
20191115_19:00:00   1.0798e-01   3.1639e+01   2.4538e+00   0.0000e+00   8.8936e-03   2.4275e+02
20191115_20:00:00   1.3556e-01   3.8008e+01   3.1505e+00   0.0000e+00   3.7272e-03   2.4260e+02
20191115_21:00:00   1.7010e-01   4.5870e+01   3.9658e+00   0.0000e+00   5.2750e-03   2.4264e+02
20191115_22:00:00   2.0310e-01   5.3148e+01   4.7221e+00   0.0000e+00   9.0533e-04   2.4135e+02
20191115_23:00:00   2.4826e-01   6.2620e+01   5.7595e+00   0.0000e+00   1.6543e-03   2.4046e+02
20191116_00:00:00   2.5094e-01   6.3223e+01   5.7750e+00   0.0000e+00   4.5938e-03   2.3991e+02
20191116_01:00:00   2.6237e-01   6.5538e+01   6.0050e+00   1.6910e-04   1.2222e-02   2.3973e+02
20191116_02:00:00   3.0772e-01   7.4473e+01   6.9775e+00   9.3350e-04   1.9124e-02   2.3851e+02
20191116_03:00:00   3.4015e-01   8.0708e+01   7.6968e+00   1.7260e-04   3.3860e-03   2.3803e+02
20191116_04:00:00   3.6667e-01   8.5631e+01   8.2372e+00   0.0000e+00   8.4475e-03   2.3903e+02
20191116_05:00:00   3.8281e-01   8.8466e+01   8.5783e+00   0.0000e+00   2.1237e-02   2.4065e+02
20191116_06:00:00   3.9362e-01   9.0348e+01   8.7948e+00   0.0000e+00   6.1987e-02   2.4206e+02
20191116_07:00:00   3.9164e-01   8.9953e+01   8.7857e+00   0.0000e+00   2.2648e-02   2.4331e+02
20191116_08:00:00   4.0480e-01   9.2191e+01   9.0787e+00   0.0000e+00   5.2999e-02   2.4367e+02
20191116_09:00:00   4.0873e-01   9.2767e+01   9.1938e+00   0.0000e+00   3.7175e-02   2.4430e+02
20191116_10:00:00   4.0886e-01   9.2725e+01   9.1851e+00   0.0000e+00   8.4412e-02   2.4395e+02
20191116_11:00:00   4.0123e-01   9.1367e+01   9.0664e+00   0.0000e+00   2.4384e-02   2.4232e+02
20191116_12:00:00   3.9677e-01   9.0562e+01   8.9866e+00   0.0000e+00   1.1834e-02   2.4090e+02
20191116_13:00:00   3.8454e-01   8.8356e+01   8.7368e+00   0.0000e+00   1.6887e-02   2.4031e+02
20191116_14:00:00   3.8541e-01   8.8410e+01   8.7629e+00   0.0000e+00   8.7550e-02   2.4057e+02
20191116_15:00:00   3.8715e-01   8.8635e+01   8.8070e+00   0.0000e+00   8.1579e-02   2.4134e+02
20191116_16:00:00   3.9877e-01   9.0720e+01   9.0426e+00   0.0000e+00   4.7191e-02   2.4188e+02
20191116_17:00:00   4.2436e-01   9.5210e+01   9.5275e+00   0.0000e+00   5.4217e-02   2.4268e+02
20191116_18:00:00   4.4410e-01   9.8674e+01   9.8920e+00   0.0000e+00   4.5357e-02   2.4189e+02
20191116_19:00:00   4.3705e-01   9.7470e+01   9.7620e+00   0.0000e+00   2.5566e-02   2.4142e+02
20191116_20:00:00   4.5064e-01   9.9724e+01   1.0006e+01   0.0000e+00   5.7381e-02   2.4214e+02
20191116_21:00:00   4.6370e-01   1.0184e+02   1.0182e+01   0.0000e+00   2.3447e-01   2.4263e+02
20191116_22:00:00   4.5056e-01   9.9579e+01   9.7634e+00   4.6160e-03   2.4852e-01   2.4244e+02
20191116_23:00:00   4.4513e-01   9.8622e+01   9.7989e+00   0.0000e+00   3.2457e-01   2.4253e+02
20191117_00:00:00   4.2300e-01   9.4999e+01   9.4242e+00   0.0000e+00   7.8058e-02   2.4277e+02
20191117_01:00:00   3.8366e-01   8.8217e+01   8.5844e+00   4.8350e-04   3.4681e-03   2.4359e+02
20191117_02:00:00   4.1542e-01   9.3791e+01   9.0796e+00   3.9780e-03   2.3807e-02   2.4456e+02
20191117_03:00:00   4.1638e-01   9.3874e+01   9.2407e+00   2.4650e-04   9.6413e-02   2.4476e+02
20191117_04:00:00   4.3875e-01   9.7589e+01   9.6377e+00   0.0000e+00   1.9829e-01   2.4452e+02
20191117_05:00:00   4.6617e-01   1.0219e+02   1.0131e+01   2.7520e-04   1.6424e-01   2.4478e+02
20191117_06:00:00   4.6843e-01   1.0257e+02   1.0177e+01   3.0180e-04   1.0478e-01   2.4617e+02
20191117_07:00:00   4.7056e-01   1.0286e+02   1.0165e+01   0.0000e+00   1.9942e-01   2.4729e+02
20191117_08:00:00   4.7096e-01   1.0295e+02   1.0158e+01   2.9460e-04   1.8214e-01   2.4827e+02
20191117_09:00:00   4.5207e-01   9.9866e+01   9.8667e+00   0.0000e+00   4.7554e-02   2.4922e+02
20191117_10:00:00   4.4073e-01   9.8007e+01   9.5425e+00   0.0000e+00   1.5118e-01   2.4954e+02
20191117_11:00:00   4.2764e-01   9.5933e+01   9.1781e+00   4.1000e-04   4.6521e-02   2.4997e+02
20191117_12:00:00   3.7234e-01   8.6510e+01   7.9179e+00   1.1912e-04   4.9946e-03   2.4908e+02
20191117_13:00:00   3.6716e-01   8.5541e+01   7.7578e+00   8.8760e-04   3.3703e-03   2.4882e+02
20191117_14:00:00   3.7142e-01   8.6074e+01   8.0034e+00   1.5951e-04   2.3349e-02   2.4990e+02
20191117_15:00:00   3.7151e-01   8.6074e+01   7.9559e+00   1.5920e-04   6.1123e-02   2.4974e+02
20191117_16:00:00   3.6571e-01   8.5120e+01   7.7689e+00   7.9340e-05   2.6159e-02   2.5097e+02
20191117_17:00:00   3.5335e-01   8.2887e+01   7.5157e+00   0.0000e+00   1.3363e-02   2.5064e+02
20191117_18:00:00   3.4026e-01   8.0427e+01   7.2869e+00   0.0000e+00   2.0643e-02   2.4906e+02
20191117_19:00:00   3.4184e-01   8.0626e+01   7.3445e+00   0.0000e+00   1.8163e-02   2.4927e+02
20191117_20:00:00   3.3683e-01   7.9692e+01   7.2429e+00   0.0000e+00   1.6158e-02   2.5034e+02
20191117_21:00:00   3.4007e-01   8.0405e+01   7.2226e+00   0.0000e+00   6.2223e-03   2.5203e+02
20191117_22:00:00   3.6266e-01   8.4413e+01   7.7486e+00   0.0000e+00   1.1913e-02   2.5373e+02
20191117_23:00:00   3.8960e-01   8.9142e+01   8.3066e+00   6.3180e-05   7.6189e-03   2.5575e+02
20191118_00:00:00   3.7576e-01   8.6636e+01   8.0301e+00   0.0000e+00   4.8582e-02   2.5580e+02
20191118_01:00:00   3.6337e-01   8.4491e+01   7.7341e+00   3.1580e-05   3.0179e-02   2.5726e+02
20191118_02:00:00   3.6361e-01   8.4599e+01   7.6380e+00   1.5690e-03   3.5755e-03   2.5545e+02
20191118_03:00:00   3.6066e-01   8.4115e+01   7.5735e+00   0.0000e+00   1.9530e-03   2.5398e+02
20191118_04:00:00   3.5339e-01   8.2789e+01   7.4295e+00   0.0000e+00   3.8091e-04   2.5310e+02
20191118_05:00:00   3.4063e-01   8.0460e+01   7.1391e+00   6.6120e-05   2.1346e-04   2.5340e+02
20191118_06:00:00   3.4172e-01   8.0772e+01   6.9130e+00   4.1596e-03   3.8683e-04   2.5401e+02
20191118_07:00:00   3.0884e-01   7.4710e+01   6.1595e+00   4.0890e-03   9.1662e-05   2.5446e+02
20191118_08:00:00   2.6867e-01   6.6666e+01   5.5710e+00   0.0000e+00   1.6655e-05   2.5518e+02
20191118_09:00:00   2.5666e-01   6.4134e+01   5.3784e+00   7.6550e-05   8.9918e-06   2.5720e+02
20191118_10:00:00   2.1861e-01   5.6445e+01   4.4694e+00   5.0170e-04   1.6865e-05   2.5711e+02
20191118_11:00:00   1.8066e-01   4.8334e+01   3.6448e+00   3.2940e-04   2.0888e-06   2.5878e+02
20191118_12:00:00   1.5540e-01   4.2687e+01   3.1445e+00   0.0000e+00   0.0000e+00   2.5971e+02
20191118_13:00:00   1.7260e-01   4.6311e+01   3.5877e+00   0.0000e+00   0.0000e+00   2.5877e+02
20191118_14:00:00   1.6229e-01   4.4073e+01   3.3481e+00   0.0000e+00   1.4148e-05   2.5744e+02
20191118_15:00:00   1.6896e-01   4.5423e+01   3.5464e+00   0.0000e+00   8.6920e-06   2.5940e+02
20191118_16:00:00   1.4773e-01   4.0739e+01   3.0646e+00   0.0000e+00   8.2342e-06   2.6068e+02
20191118_17:00:00   1.2516e-01   3.5604e+01   2.5593e+00   0.0000e+00   0.0000e+00   2.6081e+02
20191118_18:00:00   1.3271e-01   3.7284e+01   2.7271e+00   3.6110e-05   0.0000e+00   2.6164e+02
20191118_21:00:00   1.9371e-01   5.0553e+01   4.1070e+00   6.3600e-05   6.9500e-06   2.6429e+02
20191119_00:00:00   2.3170e-01   5.8570e+01   4.8907e+00   0.0000e+00   7.2211e-06   2.6612e+02
20191119_03:00:00   1.9268e-01   5.0432e+01   4.0566e+00   0.0000e+00   3.4117e-06   2.6046e+02
20191119_06:00:00   1.9104e-01   4.9988e+01   4.0250e+00   0.0000e+00   0.0000e+00   2.6128e+02
20191119_09:00:00   1.6199e-01   4.3558e+01   3.4424e+00   0.0000e+00   0.0000e+00   2.6007e+02
20191119_12:00:00   1.8769e-01   4.9228e+01   3.9814e+00   0.0000e+00   0.0000e+00   2.5675e+02
20191119_15:00:00   1.9476e-01   5.0908e+01   4.1518e+00   0.0000e+00   0.0000e+00   2.5136e+02
20191119_18:00:00   1.7669e-01   4.7201e+01   3.7510e+00   0.0000e+00   0.0000e+00   2.4910e+02
20191119_21:00:00   1.8068e-01   4.8207e+01   3.8722e+00   0.0000e+00   0.0000e+00   2.4528e+02
20191120_00:00:00   2.2050e-01   5.6919e+01   4.7028e+00   0.0000e+00   0.0000e+00   2.4382e+02
20191120_03:00:00   2.5450e-01   6.4180e+01   5.3562e+00   3.2740e-04   1.1668e-04   2.4023e+02
20191120_06:00:00   2.1384e-01   5.5739e+01   4.5378e+00   4.1420e-04   1.3254e-05   2.4057e+02
20191120_09:00:00   1.8874e-01   5.0277e+01   4.0923e+00   0.0000e+00   0.0000e+00   2.4130e+02
20191120_12:00:00   1.6466e-01   4.4808e+01   3.6438e+00   0.0000e+00   0.0000e+00   2.4222e+02
20191120_15:00:00   1.5891e-01   4.3514e+01   3.5178e+00   0.0000e+00   0.0000e+00   2.4194e+02
20191120_18:00:00   1.6348e-01   4.4585e+01   3.6248e+00   0.0000e+00   0.0000e+00   2.4086e+02
20191120_21:00:00   1.6439e-01   4.4925e+01   3.5914e+00   0.0000e+00   0.0000e+00   2.3993e+02
20191121_00:00:00   1.9893e-01   5.2672e+01   4.2750e+00   0.0000e+00   0.0000e+00   2.4630e+02
20191121_03:00:00   2.1192e-01   5.5546e+01   4.5211e+00   0.0000e+00   0.0000e+00   2.4286e+02
20191121_06:00:00   3.0225e-01   7.4247e+01   5.3022e+00   1.9304e-02   2.1491e-04   2.4375e+02
20191121_09:00:00   2.5289e-01   6.4115e+01   5.2939e+00   0.0000e+00   0.0000e+00   2.4598e+02
20191121_12:00:00   2.3724e-01   6.0779e+01   4.9870e+00   0.0000e+00   2.8880e-05   2.4453e+02
20191121_15:00:00   2.2311e-01   5.7694e+01   4.7699e+00   0.0000e+00   3.4620e-05   2.4592e+02
20191121_18:00:00   2.0964e-01   5.4781e+01   4.5166e+00   0.0000e+00   7.5220e-04   2.4806e+02
20191121_21:00:00   2.1040e-01   5.4932e+01   4.5681e+00   0.0000e+00   5.0682e-03   2.4804e+02
20191122_00:00:00   2.5538e-01   6.4323e+01   5.5232e+00   4.6520e-04   4.0431e-03   2.4866e+02
20191122_03:00:00   3.1934e-01   7.7024e+01   6.2093e+00   1.4188e-02   7.3517e-03   2.4789e+02
20191122_06:00:00   2.9224e-01   7.1640e+01   6.3809e+00   0.0000e+00   4.8661e-03   2.4901e+02
20191122_09:00:00   2.9854e-01   7.2757e+01   6.5648e+00   0.0000e+00   1.6471e-02   2.5147e+02
20191122_12:00:00   2.7262e-01   6.7527e+01   6.0981e+00   0.0000e+00   2.3671e-02   2.5140e+02
20191122_15:00:00   2.8581e-01   7.0158e+01   6.3837e+00   0.0000e+00   2.3674e-02   2.5105e+02
20191122_18:00:00   2.7090e-01   6.7216e+01   6.1340e+00   0.0000e+00   5.4594e-04   2.5092e+02
20191122_21:00:00   2.1879e-01   5.6480e+01   5.0087e+00   0.0000e+00   3.4581e-03   2.5411e+02
20191123_00:00:00   1.7827e-01   4.7787e+01   4.0665e+00   0.0000e+00   3.2175e-03   2.5303e+02
20191123_03:00:00   7.6677e-02   2.3975e+01   1.6754e+00   0.0000e+00   3.0762e-03   2.5056e+02
20191123_06:00:00   5.8251e-02   1.9376e+01   1.2122e+00   0.0000e+00   2.4652e-03   2.5187e+02
20191123_09:00:00   6.0554e-02   2.0008e+01   1.2649e+00   0.0000e+00   8.2406e-04   2.5473e+02
20191123_12:00:00   6.2131e-02   2.0438e+01   1.2949e+00   0.0000e+00   4.7589e-04   2.5153e+02
20191123_15:00:00   6.2529e-02   2.0582e+01   1.2949e+00   0.0000e+00   3.6316e-05   2.4831e+02
20191123_18:00:00   5.3753e-02   1.8380e+01   1.0717e+00   0.0000e+00   0.0000e+00   2.4720e+02
20191123_21:00:00   4.2794e-02   1.5561e+01   7.9968e-01   0.0000e+00   0.0000e+00   2.4705e+02
20191124_00:00:00   3.8594e-02   1.4476e+01   6.8685e-01   0.0000e+00   0.0000e+00   2.4754e+02
20191124_03:00:00   3.9909e-02   1.4862e+01   7.1325e-01   0.0000e+00   4.2680e-05   2.4627e+02
20191124_06:00:00   4.5197e-02   1.6263e+01   8.4305e-01   0.0000e+00   4.5420e-04   2.4545e+02
20191124_09:00:00   4.4759e-02   1.6149e+01   8.3549e-01   0.0000e+00   5.0480e-04   2.4698e+02
20191124_12:00:00   5.0544e-02   1.7673e+01   9.7774e-01   0.0000e+00   3.0520e-04   2.4672e+02
20191124_15:00:00   4.9068e-02   1.7302e+01   9.4233e-01   0.0000e+00   1.8052e-04   2.4840e+02
20191124_18:00:00   4.5645e-02   1.6405e+01   8.5380e-01   0.0000e+00   2.4720e-04   2.4778e+02
20191124_21:00:00   4.8094e-02   1.7078e+01   9.0362e-01   0.0000e+00   6.5480e-06   2.4978e+02
20191125_00:00:00   7.1873e-02   2.3242e+01   1.4408e+00   0.0000e+00   0.0000e+00   2.4847e+02
20191125_03:00:00   1.2898e-01   3.7239e+01   2.6337e+00   3.2309e-04   0.0000e+00   2.4569e+02
20191125_06:00:00   3.1380e-01   7.7252e+01   3.1370e+00   6.4501e-02   0.0000e+00   2.4625e+02
20191125_09:00:00   1.3266e-01   3.8080e+01   2.7302e+00   0.0000e+00   0.0000e+00   2.4845e+02
20191125_12:00:00   8.4690e-02   2.6372e+01   1.7099e+00   0.0000e+00   0.0000e+00   2.4851e+02
20191125_15:00:00   7.3580e-02   2.3495e+01   1.4956e+00   0.0000e+00   0.0000e+00   2.4647e+02
20191125_18:00:00   1.1906e-01   3.4525e+01   2.5624e+00   0.0000e+00   0.0000e+00   2.4535e+02
20191125_21:00:00   1.4230e-01   3.9959e+01   3.0999e+00   0.0000e+00   0.0000e+00   2.4825e+02
20191126_00:00:00   1.2538e-01   3.5920e+01   2.7507e+00   0.0000e+00   0.0000e+00   2.4788e+02
20191126_03:00:00   2.5938e-01   6.5411e+01   5.5565e+00   5.4470e-04   0.0000e+00   2.4740e+02
20191126_06:00:00   3.0183e-01   7.3935e+01   6.3672e+00   0.0000e+00   0.0000e+00   2.4635e+02
20191126_09:00:00   2.8862e-01   7.1196e+01   6.1344e+00   0.0000e+00   0.0000e+00   2.4912e+02
20191126_12:00:00   3.0421e-01   7.4144e+01   6.4462e+00   1.0721e-04   4.5500e-06   2.4869e+02
20191126_15:00:00   3.0126e-01   7.3619e+01   6.4096e+00   9.1850e-05   2.2676e-05   2.4734e+02
20191126_18:00:00   3.3125e-01   7.9707e+01   6.0294e+00   1.8852e-02   1.0564e-05   2.4657e+02
20191126_21:00:00   2.8058e-01   6.9818e+01   5.7514e+00   2.8880e-03   3.3000e-06   2.4832e+02
20191127_00:00:00   2.9104e-01   7.2008e+01   5.5169e+00   1.1214e-02   0.0000e+00   2.5102e+02
20191127_03:00:00   3.0208e-01   7.4015e+01   6.2139e+00   1.5706e-03   4.7510e-06   2.4907e+02
20191127_06:00:00   3.5042e-01   8.3290e+01   6.7795e+00   8.4911e-03   1.4508e-03   2.4902e+02
20191127_09:00:00   3.6735e-01   8.6266e+01   7.1886e+00   6.6380e-03   9.5668e-03   2.4915e+02
20191127_12:00:00   3.5325e-01   8.3685e+01   6.9418e+00   6.0480e-03   7.3319e-04   2.5076e+02
20191127_15:00:00   4.0310e-01   9.2886e+01   6.4823e+00   3.6881e-02   5.0264e-03   2.5263e+02
20191127_18:00:00   3.2654e-01   7.8803e+01   6.4537e+00   4.3099e-03   8.9414e-04   2.5370e+02
20191127_21:00:00   3.3800e-01   8.1176e+01   6.2901e+00   1.1736e-02   3.3910e-05   2.5169e+02
20191128_00:00:00   6.2183e-01   1.2858e+02   6.9861e+00   1.1652e-01   3.4222e-05   2.5070e+02
20191128_03:00:00   9.0689e-01   1.6443e+02   7.0564e+00   2.3113e-01   2.0356e-02   2.4897e+02
20191128_06:00:00   3.2888e-01   7.9292e+01   6.3172e+00   9.1386e-03   7.0547e-03   2.4809e+02
20191128_09:00:00   3.0840e-01   7.5106e+01   6.4443e+00   8.2222e-04   5.8550e-06   2.4862e+02
20191128_12:00:00   2.9416e-01   7.2085e+01   6.2872e+00   0.0000e+00   0.0000e+00   2.4952e+02
20191128_15:00:00   2.9874e-01   7.2885e+01   6.3658e+00   0.0000e+00   0.0000e+00   2.4664e+02
20191128_18:00:00   3.4507e-01   8.1670e+01   7.3249e+00   0.0000e+00   3.1390e-04   2.4537e+02
20191128_21:00:00   4.2045e-01   9.5243e+01   8.6356e+00   3.0673e-03   4.1964e-02   2.4672e+02
20191129_00:00:00   7.9408e-01   1.4982e+02   1.0417e+01   1.2338e-01   2.2694e-01   2.4784e+02
20191129_03:00:00   8.3530e-01   1.5450e+02   1.0619e+01   1.3508e-01   4.6238e-01   2.4609e+02
20191129_06:00:00   7.0942e-01   1.3859e+02   1.0592e+01   8.6239e-02   2.8272e-01   2.4520e+02
20191129_09:00:00   6.0880e-01   1.2430e+02   1.0608e+01   3.7987e-02   8.6313e-01   2.4754e+02
20191129_12:00:00   7.3328e-01   1.4153e+02   1.0043e+01   1.0784e-01   2.9703e-01   2.4981e+02
20191129_15:00:00   4.3565e-01   9.6623e+01   9.1995e+00   6.2780e-04   4.0146e-01   2.5162e+02
20191129_18:00:00   3.4851e-01   8.1278e+01   7.6263e+00   0.0000e+00   1.1039e-01   2.5299e+02
